0	83
0	122
0	300
0	395
0	417
0	575
1	213
1	687
2	76
2	1270
3	178
3	625
3	1324
4	403
4	1144
4	1244
5	183
5	439
6	878
7	183
7	462
8	368
8	380
8	489
8	609
8	953
8	1099
8	1151
9	96
9	171
9	217
10	112
10	614
11	225
11	1039
11	1177
11	1363
12	96
12	730
12	1125
12	1335
13	120
13	524
13	845
14	190
14	779
14	979
15	181
15	503
15	608
15	946
15	1076
15	1247
16	130
16	633
16	748
16	1022
16	1053
17	824
18	449
18	666
18	848
18	869
18	1242
18	1312
19	45
19	556
19	711
19	955
19	1052
19	1249
19	1294
20	415
20	590
21	899
21	960
21	1091
21	1296
22	278
22	439
22	474
22	886
22	1203
23	215
23	775
23	828
24	101
24	615
24	672
24	1080
24	1325
25	116
25	279
25	658
25	727
25	1388
26	105
26	365
26	426
26	453
26	853
26	859
27	108
27	299
27	764
27	851
27	1135
27	1195
28	421
28	603
28	978
28	1056
29	112
29	282
29	545
29	557
29	1044
29	1111
29	1328
30	1197
30	1263
31	394
31	823
32	591
32	1267
33	118
33	532
33	943
34	250
34	301
34	404
34	912
34	1078
34	1317
34	1365
35	638
35	873
35	909
35	940
35	1341
36	220
36	331
36	939
36	1048
36	1363
37	303
38	596
38	894
38	1199
39	307
39	900
39	992
40	146
40	439
40	587
40	807
40	1195
40	1285
41	209
41	503
41	734
41	807
41	1365
42	384
42	488
42	778
43	140
43	285
43	708
44	213
45	183
45	260
46	830
46	1044
46	1195
47	666
47	938
47	992
47	1045
48	223
49	194
49	322
49	505
49	528
49	705
49	959
49	1180
49	1239
50	115
50	259
50	903
50	1033
51	508
51	894
51	1225
52	161
52	434
52	712
52	1061
52	1199
52	1267
53	656
53	841
54	316
54	943
54	1029
54	1215
54	1369
55	151
55	170
56	150
56	263
56	490
56	679
56	905
56	1020
57	70
57	90
57	179
57	241
57	309
57	728
58	1120
58	1374
59	225
59	319
59	545
59	845
59	1126
60	440
60	650
61	336
61	498
61	601
61	746
61	1086
61	1282
62	241
62	248
62	1311
63	126
63	519
63	658
64	234
64	419
64	996
65	648
65	938
65	1031
65	1176
66	660
66	791
66	983
66	1033
67	712
67	774
67	797
68	290
68	438
68	876
68	927
68	1168
68	1370
69	79
69	220
69	593
69	597
69	1181
69	1337
70	194
70	354
70	506
70	507
70	957
71	254
71	465
71	725
71	732
71	1121
71	1175
72	88
72	168
72	298
72	794
72	852
72	1072
73	80
73	196
73	355
73	390
73	618
73	623
73	961
73	1187
73	1335
74	109
74	417
74	769
74	1043
74	1163
74	1226
74	1267
75	95
75	1006
76	114
76	181
76	317
76	804
76	996
77	177
77	966
77	1100
77	1361
78	210
78	628
78	783
78	1206
79	572
79	839
79	846
80	427
80	1118
80	1138
81	98
81	99
82	851
82	1090
83	610
83	948
83	956
84	369
84	622
84	987
84	1335
85	107
85	206
86	547
86	849
86	850
86	1235
86	1329
87	224
87	348
87	609
87	809
87	993
87	1194
87	1302
88	313
88	920
88	1075
88	1271
88	1292
89	451
89	506
89	545
89	666
89	675
89	884
89	1073
89	1115
89	1216
90	334
90	466
90	674
90	1074
90	1261
91	440
91	552
91	673
91	979
91	985
91	989
92	1367
93	461
93	614
93	1048
93	1200
94	109
94	870
94	1082
95	559
95	718
96	598
97	155
97	233
97	407
97	594
97	1364
98	1287
99	749
99	1033
99	1282
100	1340
101	104
102	650
102	679
102	1353
103	582
103	656
103	693
104	255
104	596
104	852
105	1035
106	401
106	866
106	1046
106	1381
106	1395
107	135
107	142
107	535
108	773
108	973
108	982
108	1275
109	1239
110	812
110	894
111	165
111	239
111	368
111	1047
112	347
112	446
112	1018
112	1091
113	1218
114	165
114	556
114	716
114	802
114	813
115	878
116	484
116	522
116	569
116	584
116	1063
116	1199
116	1212
117	392
117	456
117	869
117	954
118	176
118	180
118	735
118	868
118	981
118	1188
118	1275
119	291
119	454
119	1347
119	1393
120	426
120	767
121	290
121	1174
121	1379
122	313
122	984
122	1065
122	1071
122	1227
123	935
123	1130
124	280
124	308
124	1093
124	1271
124	1276
124	1311
124	1349
125	826
126	198
126	342
126	860
127	154
127	238
127	374
127	409
127	991
128	321
128	666
128	1091
128	1114
128	1344
128	1365
128	1378
129	646
129	723
129	978
130	344
130	484
130	838
130	1153
131	814
131	1010
132	548
132	758
132	1087
133	170
133	836
133	1051
134	147
134	628
134	709
134	1001
134	1020
134	1064
134	1174
135	169
135	1101
136	676
136	828
136	1035
136	1188
137	498
137	1049
137	1057
137	1330
138	1058
139	166
139	647
139	912
139	943
139	1081
140	198
140	784
140	922
140	1093
140	1105
140	1321
140	1351
141	735
141	775
141	1067
142	639
143	582
143	716
143	1163
143	1363
144	982
145	273
145	543
145	850
145	1048
145	1055
145	1269
146	353
146	546
146	692
146	744
146	1251
146	1378
147	305
147	590
147	637
147	693
147	829
147	1132
147	1394
148	175
148	208
148	525
148	773
148	808
148	1200
148	1373
149	692
150	792
150	1134
151	1119
152	458
152	677
152	1176
152	1239
152	1300
153	301
153	504
153	596
153	748
153	863
153	1021
153	1300
154	1285
155	246
155	629
155	795
155	1175
155	1372
156	702
156	720
156	758
156	801
156	935
156	1260
156	1338
157	466
157	725
158	578
158	622
158	1210
159	1080
160	571
160	592
160	634
160	635
160	1324
160	1366
161	929
161	930
161	1252
162	419
162	692
162	755
162	881
162	930
163	476
163	641
163	718
164	1067
164	1346
165	250
165	921
165	1001
165	1023
165	1039
165	1332
166	170
166	842
166	846
166	936
167	168
167	686
167	712
167	1356
168	934
168	1051
169	640
169	877
169	903
169	1059
169	1159
170	430
170	773
170	818
170	1086
171	344
171	557
171	873
171	1171
172	327
173	602
173	694
173	718
173	859
173	1004
173	1013
174	385
174	582
174	623
174	695
174	990
174	1071
175	381
175	412
175	476
175	906
176	588
176	643
176	689
176	909
176	1350
178	377
178	486
178	534
178	708
178	748
178	927
178	1025
179	628
179	975
179	1047
179	1072
179	1286
180	597
180	1004
181	432
181	1327
181	1397
182	959
183	378
183	474
183	836
183	1262
184	705
184	1008
184	1143
184	1281
185	330
185	599
185	615
185	658
185	781
185	1013
186	443
186	1349
187	198
187	1237
187	1317
188	621
188	919
188	1029
189	340
189	1314
189	1344
190	545
190	736
190	746
190	753
190	1020
191	222
191	236
191	591
192	507
192	525
192	866
192	1012
192	1113
193	224
193	482
193	690
193	760
193	1017
194	532
194	566
195	293
195	299
195	828
195	929
195	1081
195	1217
196	479
196	1009
196	1092
196	1389
197	800
198	260
198	263
198	350
199	401
199	710
199	1127
199	1335
200	887
200	1091
200	1241
201	577
201	801
201	1292
202	351
202	721
202	824
202	1057
203	893
203	1325
204	521
204	642
205	518
206	535
206	572
206	1254
206	1262
206	1325
206	1380
207	395
207	755
207	1199
208	210
208	755
208	805
208	1075
209	364
209	477
209	1025
209	1066
209	1216
210	260
210	506
210	513
210	1000
211	644
211	961
212	245
212	304
212	539
212	1020
212	1324
213	511
213	1116
213	1197
213	1307
214	986
214	1377
215	1026
215	1349
215	1391
216	511
216	742
216	1262
217	524
217	878
218	446
218	1080
219	864
221	531
221	719
221	757
221	1112
221	1157
222	569
222	896
222	922
223	426
223	1167
223	1350
224	268
224	448
224	523
224	1370
225	304
225	1072
225	1156
225	1307
226	1228
226	1364
227	481
227	825
227	873
227	948
227	1307
228	981
228	1286
229	818
229	921
229	969
229	973
229	1248
230	430
230	582
230	593
230	869
230	1023
230	1194
230	1280
231	507
231	681
231	815
231	935
231	1009
231	1301
231	1365
232	1231
233	569
233	571
234	671
235	873
235	1085
235	1181
236	1181
236	1302
237	497
237	629
237	688
237	779
237	1126
237	1162
238	675
238	895
239	294
239	424
239	452
239	1251
240	728
240	901
240	1395
241	314
241	966
241	1049
241	1088
242	346
242	657
243	314
243	547
244	811
244	1200
244	1240
245	292
245	400
245	625
245	1197
245	1393
246	372
246	1215
247	804
248	559
248	597
248	933
248	1338
248	1374
249	350
249	873
249	1034
250	973
250	1032
250	1051
250	1272
251	359
251	803
251	1097
252	470
252	881
252	1074
252	1190
252	1220
253	421
253	627
253	775
253	1024
253	1126
253	1176
254	330
254	614
254	721
254	797
254	868
254	903
255	341
255	489
255	775
255	1333
256	521
256	786
256	795
256	819
256	1012
256	1222
257	1293
258	463
259	944
259	1079
260	669
260	727
260	1339
261	783
261	947
261	1257
262	271
263	484
263	1075
263	1152
264	1053
265	649
265	697
265	1050
265	1368
266	499
266	736
266	1304
267	589
267	1385
268	418
268	611
268	657
268	683
268	1187
268	1248
268	1252
269	302
269	1155
269	1388
270	712
270	1249
271	921
271	968
271	1221
271	1339
272	786
272	797
272	1128
272	1166
273	348
273	756
273	805
273	898
273	900
273	1066
273	1236
274	526
274	973
274	1156
274	1247
274	1262
275	586
275	904
275	914
275	1145
275	1222
276	308
276	403
276	471
276	541
276	1356
277	677
277	910
277	926
277	1133
277	1143
278	432
278	458
278	820
278	915
279	442
279	445
279	630
279	760
279	1057
280	1190
280	1200
281	287
281	407
281	751
281	1293
282	1254
283	415
283	1028
283	1052
283	1167
284	611
285	1243
286	1169
287	601
287	790
287	833
287	946
287	997
288	302
289	375
289	383
290	403
290	482
290	683
291	1169
292	295
292	365
292	1299
292	1320
293	1044
293	1101
293	1251
294	1241
295	347
296	812
296	1178
297	482
297	754
297	944
297	1024
297	1202
298	513
298	653
298	981
298	1284
299	332
299	381
300	571
300	860
300	976
300	1148
300	1290
301	999
302	414
302	1181
302	1311
303	648
303	766
303	1208
304	1141
305	983
305	1356
306	859
306	1170
306	1182
306	1251
306	1258
307	954
307	1004
308	919
308	1368
309	367
309	477
309	662
309	754
309	1090
310	976
311	327
311	378
311	381
311	704
311	755
311	864
311	898
312	408
312	409
312	847
312	1309
313	748
313	809
313	987
313	1118
313	1128
313	1158
314	419
314	565
314	610
314	713
314	862
314	1245
315	360
316	385
316	648
316	835
316	991
317	688
317	751
317	930
318	508
318	661
318	1173
318	1339
318	1376
319	457
319	556
319	928
320	736
321	985
322	819
323	375
323	942
323	1089
324	357
324	1063
324	1074
325	537
325	753
325	933
325	1154
325	1184
325	1201
325	1348
326	408
326	487
326	1066
326	1221
327	1142
328	553
328	1361
329	697
329	732
329	942
329	1153
329	1296
330	391
330	800
330	857
330	1167
330	1193
331	527
331	953
331	1264
332	632
333	470
333	1238
333	1389
334	529
334	717
334	884
334	1265
334	1389
335	1106
335	1303
336	737
336	890
337	425
337	543
338	373
338	535
338	558
338	665
338	900
339	565
339	660
339	726
339	747
339	1231
340	463
340	542
340	668
340	676
340	1342
340	1365
340	1371
341	618
341	706
341	943
341	1240
341	1282
341	1377
342	728
342	1348
343	708
343	740
343	1285
343	1345
344	915
344	1122
345	446
345	818
345	1086
345	1339
345	1372
346	563
347	398
347	963
347	1090
347	1145
347	1381
347	1387
348	710
348	1365
349	468
349	850
349	1215
350	404
351	369
351	572
352	746
353	443
353	808
353	961
353	981
354	610
354	1088
354	1147
354	1364
355	647
355	884
355	1205
355	1318
356	670
356	904
356	1195
357	504
357	1013
357	1360
358	541
358	550
358	821
359	1285
359	1362
360	460
360	749
361	612
361	909
361	1263
361	1392
362	691
362	903
362	1390
363	510
363	524
363	553
363	907
363	965
363	977
363	1304
364	454
364	509
364	718
364	1178
365	1003
366	438
366	787
366	1148
366	1271
367	1051
369	611
369	725
369	1296
370	1268
371	462
371	761
371	821
372	624
372	1174
372	1227
373	583
373	1043
373	1364
373	1365
374	1186
374	1251
374	1309
375	378
375	805
375	902
375	993
376	476
376	524
376	871
377	1290
377	1312
378	976
378	1047
378	1074
379	1131
380	442
380	473
380	624
380	914
381	955
381	1100
381	1222
381	1397
382	481
382	592
382	1195
383	837
383	1084
384	466
384	1181
385	504
385	528
385	660
385	805
385	946
385	1093
385	1355
386	417
386	617
387	390
387	397
387	559
387	594
387	922
387	1172
388	1362
389	415
389	1379
389	1394
390	544
390	667
390	730
390	1126
390	1163
391	667
391	1341
392	778
392	950
392	960
392	1237
392	1296
393	636
394	854
394	1004
394	1043
394	1117
394	1300
394	1391
395	578
395	901
396	676
396	770
396	870
397	461
397	574
397	734
398	690
398	749
398	1276
398	1279
399	665
399	792
399	1288
399	1329
400	480
400	521
400	1239
401	591
401	602
401	649
401	707
401	750
401	1298
402	575
402	752
402	831
402	988
402	1364
403	451
403	874
403	927
403	1059
403	1105
403	1269
403	1299
404	451
404	596
404	1245
404	1258
405	553
405	978
405	1224
406	475
406	581
406	657
406	897
406	952
406	1237
407	428
408	993
408	1199
409	682
409	888
410	915
410	1018
411	576
411	953
412	652
412	744
412	752
412	917
412	1061
413	829
413	1081
413	1298
415	585
415	698
415	818
415	855
415	968
415	1158
415	1361
416	625
416	1357
417	847
417	971
417	1228
417	1396
418	567
419	586
420	584
420	773
420	1112
420	1252
420	1361
421	549
421	669
421	1023
421	1346
422	1386
423	739
423	918
423	972
424	618
424	719
424	1239
425	629
425	854
425	1149
425	1318
426	458
426	1135
426	1166
427	454
427	726
427	765
427	852
428	759
428	1143
428	1204
428	1336
429	1332
429	1349
430	1317
430	1392
430	1399
431	438
431	446
431	1082
431	1099
432	472
432	750
432	916
432	1343
433	563
433	1031
433	1382
434	768
434	880
435	799
435	847
435	1076
435	1192
435	1265
435	1271
436	896
436	980
436	1045
437	759
438	521
438	876
438	954
439	1055
439	1136
440	640
440	706
441	524
441	568
441	868
441	928
441	1095
441	1343
442	752
443	611
443	697
443	703
443	1272
444	652
444	1293
444	1375
445	864
446	794
446	1210
446	1284
447	865
447	1025
447	1254
448	493
449	1181
450	603
450	729
450	947
450	1187
451	1235
452	800
452	818
453	470
453	931
453	951
453	1026
454	791
454	1041
454	1090
454	1126
455	485
455	857
455	1246
456	572
456	654
456	738
456	780
456	1107
456	1373
457	928
457	1385
458	640
458	1158
459	1021
459	1260
459	1300
459	1314
460	1037
461	483
461	555
461	710
461	1015
464	731
464	1165
465	819
465	1029
467	989
468	537
468	541
468	603
468	667
469	899
469	1096
470	493
470	1131
471	1267
472	482
472	1138
472	1341
473	852
474	482
474	541
474	579
474	876
474	1364
475	781
475	1069
475	1307
476	537
478	510
478	771
478	876
478	1005
478	1042
478	1363
479	587
479	1177
480	690
480	771
480	1213
480	1262
481	607
481	750
481	756
481	1389
482	903
482	951
482	1398
483	952
483	1163
484	601
484	1021
484	1082
484	1381
485	510
485	666
485	1139
486	1322
487	796
487	1127
487	1183
488	940
488	1009
489	567
489	1353
489	1379
490	943
491	1057
491	1374
492	534
492	625
493	809
494	602
495	1288
496	924
496	1040
496	1117
496	1140
497	504
497	1021
497	1163
498	949
498	1028
498	1145
498	1232
499	794
499	1238
500	1076
501	561
501	636
501	638
501	660
501	973
501	1222
501	1277
502	563
502	1151
503	1156
503	1260
504	836
504	1163
505	779
505	1281
506	540
506	1109
506	1181
506	1252
506	1273
507	734
507	900
507	1078
508	884
508	1100
508	1155
508	1347
509	593
510	586
510	1269
511	884
511	1060
511	1277
512	1040
512	1214
512	1283
513	543
513	935
514	1023
514	1250
515	807
515	877
515	1117
515	1262
516	1082
516	1243
516	1308
517	655
517	787
517	1301
518	797
518	875
518	1148
519	1044
520	563
520	622
520	919
520	981
521	552
521	672
521	953
521	1107
522	928
522	1398
523	636
523	669
523	925
523	950
524	629
524	1182
525	1209
526	808
526	853
526	874
526	931
526	1241
527	541
527	763
528	553
528	679
528	946
530	854
531	566
531	877
531	1010
532	753
532	771
532	1076
532	1313
533	761
533	1092
533	1130
533	1355
534	538
534	549
534	820
534	1122
535	673
535	1070
536	727
536	1202
537	633
537	824
538	1032
539	818
539	901
539	1004
539	1317
539	1351
540	752
540	914
541	1005
541	1171
541	1294
541	1338
543	569
543	688
543	832
543	1328
544	984
544	1390
545	557
546	1217
547	1346
548	1194
548	1313
548	1334
549	566
549	1103
550	1394
551	712
551	1009
551	1109
553	1049
554	919
554	1044
555	690
555	1006
555	1142
555	1266
555	1371
556	678
557	606
557	756
557	1317
558	745
558	1032
558	1221
559	819
559	829
559	834
559	1054
560	938
560	1225
561	950
562	1026
562	1038
563	1278
564	727
565	645
565	775
565	1347
566	777
566	944
566	1089
566	1162
566	1241
566	1370
567	1069
567	1299
569	745
569	973
569	1065
570	786
570	828
570	891
570	1054
570	1252
571	996
571	1180
573	1283
574	932
576	609
576	1035
576	1385
577	640
577	805
578	689
578	1346
578	1398
579	698
579	956
579	960
580	625
580	628
580	739
580	875
580	1113
580	1201
581	719
581	734
581	951
582	1282
582	1386
582	1395
583	600
583	780
583	834
584	1143
585	754
585	943
586	1013
586	1218
586	1296
586	1333
588	966
589	739
589	777
590	777
590	1031
590	1039
590	1240
592	841
592	878
592	1307
593	985
593	1243
594	620
594	630
594	804
594	1182
594	1345
595	613
595	948
595	950
595	1242
597	604
597	693
597	723
597	1101
598	705
598	1021
598	1238
600	824
600	1054
600	1132
600	1337
600	1391
601	870
602	954
603	794
603	1032
603	1239
603	1384
604	851
604	923
604	1181
604	1218
605	784
605	987
605	1127
606	624
606	675
606	726
606	763
607	634
607	708
608	892
608	1088
608	1320
608	1359
608	1375
610	883
610	1253
610	1258
611	1118
612	722
612	727
612	860
612	986
612	1080
612	1335
613	751
613	1128
613	1383
615	709
616	880
616	996
617	1197
617	1286
618	1029
618	1082
619	676
619	707
619	1298
620	645
620	646
620	689
620	873
620	1096
620	1167
620	1187
620	1251
620	1328
621	962
622	1103
623	651
623	952
623	1112
624	625
624	1144
625	766
626	720
626	752
626	1031
626	1225
627	833
627	959
627	1291
627	1370
628	1071
629	787
629	819
629	952
630	757
630	1349
631	667
632	637
632	1226
633	907
634	658
634	674
634	725
634	941
635	772
635	1023
635	1117
635	1346
636	1369
638	1010
638	1148
638	1177
639	688
640	744
642	934
642	947
643	1038
643	1078
644	1080
644	1195
644	1212
645	689
645	1131
646	1046
647	818
647	841
647	918
647	1112
647	1306
648	994
648	1052
648	1246
648	1294
648	1364
649	860
649	1188
649	1357
651	922
651	937
651	1263
652	775
652	1083
654	1055
654	1269
655	776
655	1034
655	1084
656	661
656	707
656	804
656	1206
657	902
657	1351
658	1164
659	1018
659	1249
659	1338
660	744
660	824
661	786
661	1009
661	1094
661	1279
661	1369
662	725
662	926
662	1102
662	1151
663	695
663	950
663	970
664	692
664	950
665	725
665	1324
666	954
669	948
669	1088
669	1278
670	842
671	698
672	1228
672	1269
673	1323
674	857
674	882
674	1086
675	874
675	1307
676	701
676	1271
677	895
677	1123
677	1209
677	1220
677	1254
677	1264
677	1367
678	829
678	1176
678	1378
680	698
680	903
680	1291
680	1385
681	742
681	935
681	990
681	1275
682	767
682	811
682	1218
683	689
684	742
684	844
684	974
684	1114
684	1200
684	1365
684	1377
685	1045
685	1309
686	709
686	726
686	738
686	825
686	895
686	899
686	1024
686	1036
686	1287
687	1166
687	1212
687	1223
688	1147
688	1184
690	1140
691	865
692	774
692	1390
693	729
693	1012
693	1017
693	1130
694	932
694	1259
694	1336
695	794
695	845
695	906
695	1071
695	1096
696	1234
697	762
697	1017
697	1094
698	839
698	840
698	906
698	958
699	938
700	861
701	1150
701	1231
702	1026
703	777
703	1091
703	1150
704	956
704	1271
704	1277
705	1082
705	1326
706	873
706	948
706	1309
708	1296
708	1327
709	1107
710	816
710	893
712	870
712	1328
713	797
713	898
713	1091
714	851
714	1366
715	745
715	862
715	907
715	1260
716	1160
716	1291
717	1030
717	1212
718	825
718	1357
721	1396
723	900
724	896
724	1028
724	1051
725	957
726	744
726	1060
726	1097
727	1328
728	950
728	1024
728	1195
728	1257
729	981
730	734
731	1259
732	993
732	1035
733	1230
733	1334
734	813
734	1398
735	842
735	1037
736	743
736	1302
737	1038
737	1082
737	1168
738	1157
738	1165
738	1378
740	1037
740	1072
740	1333
740	1377
741	985
741	1115
742	819
742	1022
742	1352
743	1256
744	1052
744	1084
744	1093
744	1133
745	1276
746	1066
747	773
747	879
747	1224
748	818
748	822
748	869
748	893
749	842
749	1111
749	1174
749	1358
750	935
750	1350
751	1166
751	1236
751	1363
752	1095
752	1260
753	829
754	1179
756	1048
758	842
758	1016
759	1047
759	1053
760	844
760	991
762	836
763	780
763	897
763	1282
764	789
764	897
764	1104
764	1191
765	1028
765	1081
765	1107
765	1328
766	928
766	1393
767	1139
767	1284
769	987
769	1057
770	1126
770	1319
770	1345
771	917
771	1270
771	1391
772	799
772	945
772	1238
772	1276
773	940
773	1231
774	1006
775	787
775	794
775	1011
776	782
776	925
776	1149
778	824
778	1146
778	1279
779	968
780	1185
780	1338
780	1396
781	945
782	978
782	1184
783	830
783	1206
784	844
785	858
785	1043
786	1012
787	1062
787	1107
787	1352
788	820
789	823
789	958
789	1047
789	1064
790	936
792	1086
793	806
793	1222
793	1386
794	1117
794	1318
795	953
797	905
797	1391
798	858
798	1233
798	1355
799	1366
801	824
801	1264
802	814
803	1056
803	1315
804	1004
804	1149
804	1223
804	1346
805	986
806	1194
806	1286
806	1391
807	1012
808	1196
808	1302
809	933
810	1063
812	1026
813	1084
813	1223
814	949
815	1143
816	916
816	1130
816	1156
817	1086
818	1259
819	1067
820	1277
821	838
821	1012
821	1320
823	961
824	906
824	1277
824	1341
825	1188
826	1393
827	855
827	1022
827	1080
827	1235
828	1149
829	1104
829	1228
831	906
831	1370
832	1137
832	1372
833	1051
833	1090
833	1223
833	1238
834	933
834	1175
836	959
836	995
836	1357
837	1010
837	1213
837	1371
839	1215
839	1240
840	876
840	1330
841	848
841	1148
842	904
842	1244
842	1346
843	1319
843	1320
845	902
845	930
845	1353
846	1083
846	1280
846	1310
848	1004
849	973
849	1058
849	1272
851	872
852	1038
853	956
853	1022
853	1038
854	1106
854	1270
855	865
855	1082
855	1281
856	948
856	1102
856	1317
857	1021
857	1136
857	1175
858	1113
858	1371
859	919
859	1004
861	1131
864	1111
864	1269
865	1037
865	1255
866	997
866	1372
867	913
867	1304
867	1353
868	1177
870	933
870	1155
870	1200
872	1094
873	1108
876	1111
877	919
877	1021
878	1245
879	959
879	1152
879	1305
879	1367
881	1395
883	1351
884	1188
885	1200
885	1238
886	1018
886	1156
888	1287
888	1328
889	1078
891	1221
892	958
892	1110
894	1136
896	1094
896	1251
898	1006
898	1165
898	1166
899	1173
899	1224
901	1213
902	958
904	1095
904	1173
905	1209
905	1348
906	1089
908	1070
908	1173
908	1193
909	1188
911	1018
912	1025
912	1276
912	1366
914	1299
915	1199
915	1396
916	930
916	955
916	1383
917	992
918	1001
918	1045
919	1264
921	1073
921	1395
924	1221
924	1270
924	1399
925	1203
926	1278
927	1191
927	1201
928	995
928	1025
928	1134
928	1205
929	1226
929	1262
929	1309
930	1101
931	1077
932	1399
933	951
933	989
933	1282
934	1323
935	1277
935	1363
936	1000
936	1119
937	1296
938	982
938	1087
938	1284
944	1215
946	996
946	1290
947	1011
947	1033
949	1101
949	1388
951	1220
951	1322
951	1354
952	993
953	1161
953	1210
953	1345
956	1388
957	1107
957	1244
958	1134
958	1169
958	1229
959	978
959	1209
959	1301
960	1001
960	1029
964	1303
966	1126
967	1058
968	1377
970	1398
971	980
973	1035
974	983
974	1272
974	1355
975	1035
975	1129
976	1345
978	1005
978	1195
978	1313
978	1316
979	1194
980	1260
980	1321
982	1086
983	1286
983	1322
984	1178
986	1383
987	1097
987	1191
988	1104
988	1129
988	1242
989	1071
991	1125
995	1162
996	1134
998	1318
998	1347
999	1063
1000	1263
1001	1234
1002	1348
1003	1009
1003	1218
1004	1051
1004	1284
1005	1069
1006	1166
1007	1107
1007	1222
1007	1270
1009	1176
1009	1182
1009	1336
1010	1131
1011	1194
1011	1196
1012	1047
1012	1339
1012	1346
1013	1192
1014	1148
1014	1326
1015	1028
1015	1104
1017	1213
1017	1346
1019	1136
1021	1251
1022	1290
1024	1373
1025	1182
1025	1193
1026	1349
1026	1392
1027	1061
1027	1387
1031	1335
1031	1338
1032	1131
1034	1267
1037	1231
1039	1203
1039	1373
1042	1068
1043	1094
1043	1395
1046	1047
1047	1301
1048	1230
1048	1322
1049	1163
1049	1276
1050	1075
1051	1382
1055	1118
1059	1184
1060	1074
1061	1113
1062	1374
1064	1359
1067	1272
1068	1349
1069	1236
1072	1214
1075	1318
1075	1354
1076	1317
1078	1249
1081	1385
1082	1189
1084	1137
1086	1317
1086	1357
1087	1090
1088	1101
1088	1179
1089	1090
1095	1198
1098	1298
1098	1361
1099	1311
1099	1321
1100	1126
1101	1246
1102	1217
1102	1253
1102	1354
1103	1111
1103	1164
1105	1346
1106	1172
1106	1177
1107	1217
1108	1219
1109	1218
1109	1321
1110	1348
1111	1339
1111	1349
1113	1133
1114	1157
1114	1382
1118	1313
1119	1183
1119	1249
1121	1290
1121	1373
1122	1364
1123	1334
1124	1287
1126	1313
1130	1299
1131	1197
1131	1216
1134	1205
1134	1399
1135	1302
1135	1377
1136	1175
1141	1297
1141	1333
1143	1276
1143	1351
1144	1384
1145	1388
1146	1264
1150	1185
1151	1258
1151	1323
1151	1364
1153	1345
1154	1328
1154	1376
1155	1361
1157	1236
1157	1256
1159	1169
1161	1271
1163	1230
1164	1298
1165	1205
1171	1321
1171	1376
1172	1304
1177	1396
1178	1191
1178	1290
1182	1219
1183	1295
1184	1303
1184	1375
1185	1237
1187	1244
1188	1328
1193	1387
1194	1372
1198	1218
1199	1336
1200	1223
1200	1290
1204	1266
1207	1361
1210	1252
1211	1217
1211	1326
1214	1370
1215	1325
1216	1326
1217	1238
1219	1228
1221	1374
1223	1332
1224	1298
1225	1331
1227	1292
1227	1330
1227	1395
1227	1399
1230	1250
1230	1320
1232	1378
1233	1379
1237	1334
1238	1324
1245	1310
1245	1352
1251	1304
1253	1279
1254	1376
1258	1359
1270	1372
1274	1328
1275	1294
1275	1347
1283	1371
1289	1317
1293	1341
1294	1342
1296	1309
1306	1314
1312	1377
1322	1358
1329	1388
1333	1335
1336	1367
1336	1390
1338	1369
1338	1389
1350	1370
1356	1388
1360	1375
1364	1385
1365	1385
1369	1384
1378	1396
1392	1394