0	74
0	102
0	220
0	909
0	959
1	957
2	519
2	963
2	1206
3	49
3	155
3	191
3	349
3	620
3	948
3	1036
3	1130
3	1304
4	178
4	666
4	821
4	994
5	946
5	1008
5	1016
6	30
6	119
6	306
6	535
6	1214
7	34
7	390
7	576
7	608
7	1067
8	334
8	470
8	569
8	828
8	943
8	1000
8	1063
8	1281
8	1338
8	1346
9	450
9	552
9	1114
9	1307
10	325
10	607
10	1231
10	1275
11	117
11	220
11	672
11	803
11	1253
12	785
12	791
13	849
13	1385
14	285
14	346
14	716
14	1393
15	319
15	715
15	740
15	1021
15	1144
15	1385
16	150
16	163
16	476
16	1012
16	1371
17	259
17	683
17	919
17	1067
18	311
18	433
18	726
18	887
19	76
19	951
19	1287
20	580
20	1280
21	1191
22	635
22	804
22	847
22	1156
22	1179
23	241
23	352
23	824
24	223
24	547
24	619
24	1023
24	1184
25	1061
25	1206
25	1214
25	1278
26	318
26	883
27	476
27	915
27	1101
28	123
28	453
28	611
28	775
28	898
28	943
28	1090
28	1332
29	112
29	576
29	677
29	945
30	369
30	477
30	484
30	592
30	740
30	993
30	1057
30	1234
30	1345
31	485
31	1382
32	383
32	472
33	62
33	490
33	1215
34	175
35	40
35	227
36	88
36	292
36	475
36	637
36	696
36	877
37	256
37	261
37	533
38	539
38	671
38	1067
39	512
39	726
39	831
40	420
40	554
40	762
40	1357
41	248
41	990
41	1139
41	1179
42	1365
43	97
43	120
43	770
43	869
43	931
43	1093
43	1141
43	1381
44	557
44	866
44	1211
44	1241
44	1257
44	1267
45	231
45	481
45	889
45	1320
46	156
46	905
47	206
47	383
47	459
47	587
47	591
47	694
47	927
47	1170
48	156
48	158
48	579
48	1085
48	1378
49	117
49	211
49	428
49	1045
50	591
50	963
51	416
51	878
52	57
52	784
52	1038
52	1059
53	503
53	878
53	1053
53	1217
54	384
54	440
54	452
54	476
54	866
54	1292
55	352
55	690
55	835
55	1007
56	86
56	115
56	494
56	647
57	199
57	341
57	903
57	1198
57	1287
58	506
58	690
58	839
58	872
59	131
59	510
59	590
59	630
59	1385
60	217
60	264
60	319
60	365
60	679
60	724
61	278
61	396
61	961
61	1155
61	1240
62	259
62	432
62	927
63	225
63	375
63	1289
64	192
64	685
65	472
65	610
65	764
65	1058
66	207
66	542
66	738
66	1151
66	1204
66	1241
67	83
67	93
67	399
67	448
67	1232
67	1274
68	370
68	567
68	686
68	714
68	1380
69	358
70	636
70	694
70	730
70	830
70	846
70	1166
70	1225
71	132
71	207
71	411
71	494
71	1121
72	163
72	726
72	777
72	787
72	1240
72	1387
73	107
73	865
74	105
74	181
74	993
75	677
76	101
76	644
76	1137
77	663
77	747
77	997
77	1094
78	443
78	1051
78	1120
79	140
79	168
79	980
80	238
80	1126
80	1290
80	1377
81	279
81	360
81	517
81	1176
81	1345
82	236
82	351
82	1156
83	98
83	706
83	1007
83	1151
84	1344
85	233
85	280
85	448
85	464
85	702
85	1037
85	1244
85	1277
86	274
86	382
86	962
86	1091
87	646
87	1205
88	745
88	768
89	936
89	1174
89	1323
90	171
90	1393
91	501
91	960
91	1130
92	796
92	928
92	1281
92	1352
93	282
93	511
93	973
93	1107
93	1262
94	697
94	1143
95	600
95	1005
95	1075
95	1106
96	477
96	862
96	1062
97	727
97	830
97	918
97	1377
98	131
98	308
98	557
98	599
98	602
98	807
98	1222
98	1229
99	133
99	778
99	967
100	254
100	344
100	418
100	651
100	1318
101	254
101	442
101	536
101	598
101	676
102	351
102	424
102	749
102	760
102	1314
103	477
103	824
103	1162
103	1176
104	223
104	321
104	375
104	455
104	907
104	1103
105	245
105	312
105	1294
106	391
106	397
106	711
106	1164
107	642
107	1289
108	165
108	592
108	610
108	643
109	376
109	426
109	464
109	1124
110	460
110	470
110	645
110	666
110	1105
111	462
111	468
112	241
113	701
113	775
113	893
113	1234
113	1298
114	192
114	363
114	579
114	737
114	1315
115	984
115	1123
115	1247
115	1352
116	184
116	215
116	1264
117	353
117	736
117	1374
118	920
118	1073
118	1108
118	1266
119	221
119	552
119	867
119	949
119	1068
120	154
120	308
120	537
120	559
120	881
120	1155
120	1187
121	211
121	292
121	912
121	1046
122	131
122	191
122	325
122	446
122	725
122	806
122	1057
123	175
123	1018
124	706
124	991
124	1279
125	341
125	763
125	1316
126	1373
127	173
127	582
127	1139
127	1304
128	965
128	1018
128	1184
129	720
129	1265
130	491
130	518
130	723
130	851
130	1391
131	237
131	673
131	1120
131	1392
132	261
132	448
132	1296
133	289
133	417
133	609
133	704
133	932
133	1040
133	1298
134	247
134	567
134	585
134	808
134	921
135	966
135	986
136	492
136	739
136	1309
137	722
137	1062
137	1295
138	305
138	478
138	801
138	900
139	487
139	836
139	970
139	1068
139	1236
139	1340
140	480
140	539
140	669
140	675
141	217
141	331
141	347
141	729
142	468
142	574
142	808
143	809
143	1059
143	1081
143	1095
144	309
144	1099
145	619
145	966
146	204
146	499
146	589
147	973
147	1358
148	330
148	481
148	661
149	1243
150	614
150	958
150	982
150	1001
150	1199
150	1364
151	215
151	600
151	811
152	395
153	199
153	649
153	700
153	943
153	956
154	834
154	931
154	959
154	1020
154	1140
154	1182
155	306
155	516
155	966
156	229
156	469
156	908
156	937
156	988
157	438
157	856
157	1078
158	525
159	324
159	927
159	1155
159	1301
160	333
160	558
160	935
160	938
160	1031
160	1234
161	288
161	365
161	759
162	258
162	1006
163	303
163	883
163	1017
163	1172
163	1311
164	386
164	666
164	1050
164	1392
164	1393
165	1061
166	485
166	612
166	690
166	1161
166	1335
167	235
167	256
167	712
168	908
169	815
169	832
169	906
170	409
170	844
170	1130
171	774
171	1021
172	408
172	1174
172	1238
173	773
173	862
173	1008
174	203
174	285
174	976
174	988
175	231
175	899
175	913
175	942
175	1002
175	1004
175	1155
175	1192
175	1300
176	459
176	461
176	468
176	979
176	1137
177	202
177	304
177	445
177	556
177	783
177	1177
177	1256
178	209
178	1168
178	1330
179	946
179	1248
180	373
180	896
180	1090
180	1229
181	316
181	440
182	865
182	1110
183	1087
183	1169
183	1324
184	192
184	791
184	936
184	1142
185	555
185	904
185	953
185	1129
186	808
186	1388
187	436
187	1059
187	1279
187	1353
188	383
188	1255
189	344
189	517
189	545
189	1054
189	1109
190	279
190	387
190	428
190	1115
190	1158
191	469
191	538
191	557
191	796
191	1029
191	1085
192	293
192	392
193	211
193	560
193	828
193	953
194	556
194	995
195	338
195	641
195	685
196	214
196	415
196	473
196	535
196	1322
197	882
197	1108
197	1266
198	284
198	1170
198	1263
198	1305
198	1392
199	687
199	842
199	1318
199	1331
199	1358
200	201
200	234
200	296
200	604
200	938
200	1021
201	393
201	618
201	1096
201	1200
202	386
202	492
202	1300
203	413
203	672
203	1023
203	1230
204	306
204	831
204	1059
205	489
205	635
205	731
206	540
206	786
206	1016
206	1361
207	261
207	663
207	667
207	877
207	1119
208	327
208	345
208	967
209	807
209	1344
210	552
210	655
210	800
211	296
211	389
211	578
211	1247
212	586
212	993
212	1296
213	345
213	539
213	1192
214	315
214	944
214	1017
214	1177
214	1200
214	1316
214	1391
215	598
215	1236
216	1370
217	317
217	554
217	797
217	1365
218	823
218	1196
219	413
220	318
221	655
221	798
222	306
222	627
222	636
222	848
222	1314
223	1226
223	1319
224	318
224	442
224	520
224	1346
225	964
226	748
226	888
226	1139
226	1267
226	1295
227	248
227	404
227	449
227	860
227	1316
228	372
228	853
229	319
229	821
230	954
230	1018
230	1036
230	1090
231	393
231	488
231	529
231	608
232	375
232	566
232	1141
233	308
233	392
234	368
234	492
234	647
234	957
234	1062
234	1303
235	351
235	413
235	796
235	1071
236	288
236	567
236	827
236	1127
237	416
237	454
237	1035
237	1068
237	1140
238	550
238	961
239	1296
240	372
240	873
241	325
241	938
241	1129
241	1311
242	326
242	443
242	643
242	1263
243	374
243	952
243	1177
243	1258
244	805
244	1047
245	1195
245	1279
246	854
246	1294
248	584
248	1178
248	1333
249	383
249	718
249	850
249	872
249	949
250	269
250	422
250	687
251	292
251	450
251	571
251	1016
252	841
252	986
253	568
253	671
254	470
254	936
254	1246
254	1288
254	1298
254	1320
255	831
255	1084
255	1139
255	1360
255	1399
256	293
256	327
256	879
256	1310
257	418
257	484
257	785
258	683
258	1008
258	1045
259	1100
259	1284
260	661
260	761
260	845
261	417
261	695
261	778
262	676
263	348
263	352
263	600
263	781
263	1343
264	368
264	771
264	996
264	1032
265	757
265	1057
265	1129
266	330
266	682
266	1045
267	732
267	921
267	1086
267	1183
267	1220
268	581
268	793
268	821
269	361
270	472
270	540
270	1099
270	1332
271	634
271	696
271	906
271	1249
271	1266
272	374
272	796
272	1381
273	341
273	633
273	788
273	961
274	424
274	795
274	1051
274	1115
275	1331
276	289
276	303
276	947
276	1125
277	602
277	903
278	914
278	976
279	673
279	1138
280	297
280	431
280	1031
280	1058
280	1098
280	1133
281	836
282	476
282	497
282	565
282	638
283	1100
283	1248
284	1258
285	432
285	754
285	1024
285	1106
286	399
286	673
287	601
287	628
287	872
287	1034
287	1307
288	1161
289	454
289	1059
290	292
290	1204
291	304
291	1014
291	1323
292	475
292	597
292	984
292	1329
293	700
293	1399
294	726
294	897
295	920
295	1079
295	1190
296	351
297	892
298	798
298	855
299	575
299	716
299	1026
300	667
300	1058
301	330
301	1057
301	1247
302	507
302	615
302	712
302	916
303	771
303	863
304	418
304	1096
304	1288
305	1301
305	1378
306	353
306	409
306	461
306	711
306	858
306	1074
307	631
307	1112
308	397
308	776
309	360
309	650
309	680
309	700
309	1212
309	1368
310	1032
312	356
312	376
313	465
313	725
313	779
313	855
313	1299
314	926
315	492
315	662
315	763
315	1095
315	1260
315	1319
316	457
316	748
316	772
316	876
316	1277
317	337
317	796
317	1054
317	1079
317	1127
317	1178
317	1362
318	463
318	821
318	1061
318	1195
318	1356
319	1322
320	701
320	881
321	381
321	1000
321	1111
321	1252
322	349
322	421
322	447
322	893
322	1096
322	1143
322	1333
322	1355
322	1361
323	593
323	763
324	490
324	922
324	1097
324	1252
325	1147
325	1170
325	1353
325	1374
327	446
327	937
327	1000
328	423
328	463
328	613
328	750
328	1074
328	1196
328	1280
328	1285
329	392
329	453
329	1202
330	428
330	595
330	696
330	757
330	993
330	1139
331	494
331	501
331	502
331	604
331	986
331	1149
331	1156
332	918
332	1092
333	476
333	578
333	1087
334	597
334	703
334	716
334	753
334	998
334	1090
335	401
335	484
336	1367
337	381
337	522
337	639
337	946
337	1307
338	805
338	1135
338	1227
339	363
339	788
339	1180
339	1185
340	370
340	615
340	1025
340	1035
340	1104
341	582
341	685
341	995
342	841
342	844
342	869
342	878
343	1362
345	663
345	1066
346	374
346	795
346	1089
346	1122
347	420
347	500
347	859
347	924
347	1104
347	1271
348	690
349	598
349	953
349	1050
350	545
350	608
350	678
350	1338
351	1303
352	625
352	988
353	951
353	1237
353	1334
354	598
355	527
355	681
355	991
355	1245
355	1285
356	623
357	761
357	1035
357	1064
358	778
358	839
358	1051
359	362
359	1044
359	1334
360	390
360	963
360	1171
361	743
361	844
361	994
361	1252
361	1279
362	777
364	446
364	617
364	774
364	1384
365	528
365	721
365	1114
366	963
366	971
366	979
366	1021
366	1271
367	490
367	733
367	958
367	1365
368	403
368	474
368	633
368	815
368	1000
368	1100
369	374
369	625
369	812
369	1009
370	572
370	937
370	1209
371	423
371	623
371	629
371	692
371	694
372	766
372	1083
372	1300
373	919
373	1190
373	1333
374	594
374	1200
375	456
375	620
376	655
376	782
376	874
376	1072
376	1084
376	1181
377	713
377	881
377	1045
377	1274
378	654
379	388
379	520
379	590
379	756
379	1045
379	1216
380	1122
381	519
382	1156
383	494
383	720
383	809
383	945
383	979
384	403
384	430
384	679
384	1014
384	1190
385	464
385	721
385	782
385	935
386	524
386	547
386	691
386	931
386	1042
387	819
387	869
387	1028
387	1266
388	705
388	837
388	1236
389	906
389	1124
391	1064
391	1325
392	800
393	506
394	475
394	590
394	628
394	948
394	1116
395	890
395	1099
396	558
396	865
396	1096
396	1111
398	429
398	570
398	873
398	1347
399	721
400	719
400	1138
400	1302
401	715
401	1070
402	574
402	876
402	1209
402	1322
403	669
403	1042
403	1278
404	407
404	659
405	711
405	1241
406	829
406	1037
407	585
408	607
408	1089
408	1119
409	713
409	891
409	1040
409	1054
409	1135
409	1151
410	617
410	1232
410	1397
411	487
411	677
411	690
411	795
411	877
411	1031
412	1150
412	1208
413	1158
413	1367
414	439
414	882
414	1003
414	1294
415	445
415	514
415	635
415	786
415	1104
415	1380
416	508
417	666
417	1124
418	881
418	1080
419	432
419	801
419	969
419	1356
420	1279
421	433
421	758
421	1150
422	858
422	997
422	1351
423	469
423	645
423	741
423	1080
424	528
424	601
424	1325
425	1302
426	551
426	839
426	953
426	1378
427	685
427	723
427	958
428	851
428	1186
430	556
430	624
430	1347
431	1140
431	1184
431	1213
432	1142
433	641
433	945
433	1052
433	1230
434	628
434	727
434	1027
435	453
435	475
436	551
436	791
437	624
437	856
437	880
437	1081
438	973
438	1035
438	1058
439	774
439	1042
439	1339
440	476
440	1264
440	1296
441	552
441	1064
441	1165
442	475
442	833
442	840
442	907
442	917
443	1048
443	1115
443	1215
444	593
445	446
445	708
445	714
445	833
446	596
446	714
446	1151
446	1291
447	627
447	883
447	955
447	1273
447	1276
448	529
448	542
448	552
448	710
448	1298
449	477
449	584
449	763
449	782
450	925
450	996
450	1036
450	1319
451	482
451	643
451	870
452	1161
452	1374
454	539
454	578
454	616
455	803
455	1056
455	1299
456	920
456	931
456	1018
456	1165
456	1237
457	492
457	604
458	525
458	641
458	866
458	969
458	1204
458	1340
459	710
459	1064
459	1215
459	1299
459	1303
460	826
460	1059
460	1161
460	1361
461	500
461	970
462	1119
462	1183
463	517
463	689
463	850
464	825
464	1096
464	1097
465	666
465	738
465	1156
465	1366
465	1397
466	591
466	1123
466	1223
467	968
467	985
468	1170
468	1372
469	891
470	798
470	802
470	819
470	1298
470	1362
471	533
471	1126
472	847
472	871
472	1305
472	1396
473	504
473	795
473	1113
473	1150
474	859
474	987
474	1167
475	480
475	581
475	1104
475	1122
475	1223
476	872
476	922
477	520
477	579
478	683
478	712
478	789
478	795
478	799
478	1061
478	1077
478	1277
479	794
479	1298
480	730
480	1122
480	1386
481	511
481	520
481	565
481	716
481	837
481	1240
482	617
482	1019
482	1116
482	1383
483	788
483	1067
483	1166
484	734
484	886
484	893
485	648
485	795
485	1191
486	574
486	647
486	1129
486	1171
486	1264
487	1360
488	876
488	935
488	1072
488	1298
489	613
489	765
489	927
489	1115
490	746
490	811
490	1242
490	1373
491	610
491	775
491	802
492	516
492	741
492	930
492	1224
493	1105
493	1229
493	1394
494	1019
494	1038
494	1307
495	592
495	965
495	1382
496	699
497	857
497	963
497	1200
498	1307
498	1325
500	586
500	789
500	1194
500	1318
501	725
502	832
502	957
503	549
503	873
503	876
503	1042
504	1079
504	1158
504	1254
504	1378
504	1392
505	580
505	1034
505	1341
506	512
506	635
506	747
506	953
507	661
507	849
507	1238
508	938
508	1359
509	816
509	823
510	828
510	1348
511	1289
511	1342
513	534
513	798
513	1359
515	773
515	978
515	1099
516	884
516	1178
516	1302
517	625
517	795
517	817
517	879
518	547
518	714
518	945
519	531
519	590
519	803
519	1270
520	649
520	956
520	992
520	1328
521	922
521	1350
521	1388
522	565
522	836
522	843
522	869
522	1056
523	779
523	808
523	1033
523	1227
525	1305
525	1316
526	937
527	627
527	1132
527	1354
528	661
528	893
529	952
529	1222
529	1303
530	832
530	837
531	650
531	841
531	863
531	954
531	1065
532	856
532	1223
533	659
533	889
533	1106
534	975
535	564
535	701
535	765
535	894
535	897
535	1319
536	568
537	1119
537	1190
537	1213
538	589
538	694
538	1305
539	677
540	610
540	1195
541	680
541	891
542	610
542	826
542	1351
543	1349
544	1193
546	863
546	1378
547	808
547	993
547	1311
548	852
548	1026
549	569
549	576
550	665
551	839
551	1251
551	1321
552	803
552	1010
552	1120
552	1294
553	1201
554	823
554	983
554	1348
555	643
555	1087
556	773
558	937
558	1054
558	1245
559	735
559	801
560	770
560	1327
561	591
562	809
562	1029
562	1082
563	1221
563	1233
563	1324
564	688
564	740
564	1133
564	1257
565	650
565	893
565	897
565	955
565	1199
566	585
566	649
566	1052
566	1081
567	569
568	681
568	1334
569	796
569	1174
569	1237
569	1269
569	1279
570	571
570	1060
570	1253
570	1307
570	1371
571	1383
572	1335
573	602
573	738
573	821
573	835
573	1202
574	792
574	1028
575	915
575	1180
576	679
576	879
577	767
578	731
578	1263
579	1189
579	1271
580	926
580	1034
580	1388
581	1015
581	1219
582	669
582	897
583	651
584	1100
584	1316
586	755
586	1105
587	752
588	1162
589	794
589	850
590	1329
591	1293
592	760
592	940
592	1001
592	1092
592	1363
593	756
593	1245
594	1054
594	1379
594	1383
596	796
597	945
597	1000
597	1358
598	634
598	833
598	979
598	1125
598	1333
599	1204
599	1267
599	1272
600	883
600	1025
601	958
601	1056
602	677
602	826
602	851
602	984
602	1324
602	1362
603	806
603	1157
603	1339
605	829
605	1376
606	746
606	784
606	929
607	639
607	1321
608	1372
610	756
610	1228
610	1309
610	1324
611	822
611	1185
611	1194
612	993
612	1178
613	783
613	1167
613	1297
614	769
614	780
616	634
616	804
616	860
616	874
616	1064
616	1303
617	680
617	730
619	863
620	919
621	1150
621	1227
621	1386
622	835
622	843
622	1370
623	838
623	901
623	1191
623	1372
625	918
625	1005
625	1039
625	1170
626	841
626	1059
627	712
627	989
627	1057
627	1399
628	1037
628	1110
628	1145
628	1191
628	1323
629	1259
629	1279
630	765
630	850
630	1033
631	770
631	845
631	1154
632	664
632	865
633	848
633	1093
634	900
634	1326
634	1379
635	695
635	972
635	1070
635	1246
635	1365
636	916
636	918
636	1047
636	1337
636	1359
637	798
637	969
637	997
637	1074
637	1240
637	1356
638	842
638	909
638	1094
638	1174
639	678
639	806
639	810
639	867
639	923
639	1057
639	1148
640	677
640	933
641	767
641	813
642	824
642	976
642	1104
642	1141
643	695
643	1109
644	1161
644	1168
644	1323
645	669
645	1104
645	1372
646	655
646	759
646	1085
646	1154
646	1180
647	1314
648	691
648	839
648	1132
648	1215
649	996
649	1086
649	1274
649	1339
649	1349
650	1154
651	781
651	810
651	1026
652	1146
652	1275
653	720
653	1088
653	1311
654	754
654	772
655	662
656	831
656	963
656	1077
656	1211
656	1213
656	1234
657	1135
657	1217
657	1258
657	1307
658	893
660	922
660	1268
661	791
661	823
661	858
661	865
662	955
662	1327
663	747
663	844
663	1007
663	1012
665	729
665	747
665	791
666	874
666	997
666	1039
666	1050
666	1065
666	1374
667	837
667	1022
667	1117
668	1236
669	1079
669	1091
669	1112
670	717
670	1350
671	1111
671	1360
672	885
672	1389
673	817
673	831
673	1159
673	1181
674	1370
675	961
675	1112
675	1128
675	1206
675	1317
676	955
676	1008
676	1108
676	1171
676	1289
677	978
677	1059
678	771
678	817
678	1078
679	1115
679	1170
680	1033
681	1257
682	915
682	1169
682	1311
683	863
684	819
684	1141
684	1203
685	759
685	1023
686	863
686	878
687	1115
688	844
689	1316
690	1311
690	1365
691	1232
693	1008
693	1239
694	1106
695	848
695	1185
697	1094
698	1153
699	875
699	1355
700	1040
700	1371
700	1394
701	711
701	947
701	1237
702	1155
702	1252
702	1257
702	1333
702	1350
702	1375
703	742
703	948
703	1363
704	821
704	954
704	1358
706	1272
706	1327
707	1235
707	1239
708	792
708	1045
708	1046
709	1299
710	864
710	969
711	765
711	870
711	1250
711	1351
712	782
712	843
712	1034
712	1161
713	1332
715	859
715	967
715	987
715	1031
715	1307
715	1393
716	1169
717	824
717	1059
717	1280
718	934
718	988
718	1093
718	1126
719	768
719	1144
723	1346
724	1251
725	787
727	1323
728	909
729	827
729	1300
730	900
730	1308
730	1309
731	1162
732	907
732	964
735	917
735	972
735	1116
735	1271
735	1362
738	865
738	914
738	1080
738	1322
740	907
740	1069
741	937
741	1087
742	1133
743	1067
743	1278
743	1307
744	854
744	1033
745	898
745	905
745	1122
746	758
746	767
746	1007
747	1196
747	1340
748	926
748	1084
748	1183
749	923
749	1183
749	1250
749	1332
751	989
751	1071
751	1329
752	903
752	912
752	1353
753	778
753	1089
754	957
755	782
755	843
755	995
756	787
756	1173
756	1214
757	1362
759	1130
760	1005
761	887
761	1208
762	799
763	957
764	912
764	1366
765	1170
766	1309
766	1384
767	997
767	1197
767	1336
768	871
768	887
768	948
768	1098
768	1121
768	1309
769	1285
770	1009
770	1197
770	1253
771	1111
772	1265
773	1069
774	991
777	919
777	1110
778	843
778	921
778	1189
779	1218
780	1125
780	1205
780	1284
781	1157
781	1164
782	884
782	1114
782	1270
783	957
784	804
784	1020
784	1206
784	1262
784	1314
785	896
785	1027
785	1040
785	1145
785	1379
786	1126
786	1149
787	910
789	1069
789	1270
790	954
790	1347
791	1168
792	1092
792	1149
792	1181
793	1391
795	944
795	1188
796	1091
796	1181
796	1397
797	919
797	927
797	1035
797	1075
798	1133
799	1036
801	986
801	1034
801	1242
801	1398
802	1014
803	892
803	964
803	1317
804	1031
804	1303
804	1381
806	1373
807	884
807	1051
808	1268
809	940
810	1299
811	958
813	867
813	930
813	1261
813	1383
814	1028
814	1188
816	819
816	1025
816	1140
817	889
817	1225
818	1092
819	1124
819	1190
820	1394
821	890
822	970
822	1061
822	1150
822	1163
823	1114
823	1356
824	842
824	1023
824	1295
825	1117
825	1152
825	1305
825	1357
825	1387
825	1399
826	871
826	1051
826	1119
826	1210
827	853
827	1012
829	990
829	1129
829	1201
830	1185
830	1348
830	1394
831	893
831	1266
831	1283
832	960
832	974
832	1133
833	1244
834	1145
835	1280
835	1303
836	1088
837	930
837	943
837	1301
837	1372
838	1288
839	995
839	1138
839	1327
840	1000
840	1294
840	1388
841	1221
842	868
842	1336
844	1324
846	1346
847	1097
847	1118
847	1131
848	1126
848	1167
849	882
850	898
850	933
850	1338
852	871
852	1060
852	1269
853	883
853	1161
853	1195
853	1268
855	1019
855	1351
855	1375
856	1398
856	1399
857	1299
857	1380
858	974
858	1306
859	1024
859	1084
860	1088
861	1176
861	1297
862	1042
863	942
863	1010
866	1033
868	1130
870	992
870	993
870	1045
870	1340
871	1195
873	912
873	945
873	1187
873	1223
874	988
874	1086
876	959
877	1316
878	1177
878	1301
881	975
882	1063
882	1116
883	944
883	1108
884	1284
885	1182
886	935
887	889
887	1096
887	1356
889	1000
890	1032
890	1235
891	1257
894	936
894	1271
895	1039
895	1283
897	970
898	1341
900	930
900	937
902	1321
903	1263
904	1111
904	1322
905	1151
905	1259
907	909
907	1087
907	1275
909	934
909	1134
911	948
911	1254
911	1277
912	968
912	1136
912	1197
912	1260
913	958
914	1044
914	1071
914	1076
914	1146
914	1171
915	1028
915	1144
916	948
917	955
917	992
917	1147
918	1187
918	1302
920	975
921	1202
921	1209
922	1116
922	1357
925	1207
927	1159
928	1296
928	1366
929	989
930	1387
931	1352
933	963
933	1172
934	1013
936	1152
937	1371
938	1133
939	1102
940	1346
941	942
941	974
944	1264
945	1092
946	1083
947	1226
947	1243
947	1307
947	1350
949	1072
950	1110
950	1248
951	1275
951	1353
953	1036
953	1074
953	1128
953	1386
954	1111
954	1165
954	1300
954	1363
957	1008
957	1252
957	1263
957	1264
960	1271
961	1295
962	1141
962	1177
962	1275
962	1371
963	1014
963	1019
963	1346
966	1076
968	1011
968	1248
968	1280
968	1373
969	1293
969	1370
970	1087
970	1250
972	1085
972	1270
972	1312
973	986
973	1010
973	1016
973	1053
974	1055
974	1074
975	1381
977	1304
977	1306
977	1340
978	1022
981	1057
981	1150
982	1378
984	1222
985	1087
986	1214
987	1372
988	1042
988	1104
990	1180
990	1309
992	1198
995	1293
996	1279
997	1052
997	1124
997	1162
997	1183
997	1385
998	1009
998	1104
998	1129
998	1187
999	1112
999	1390
1001	1248
1001	1298
1005	1069
1006	1116
1006	1339
1008	1146
1008	1151
1009	1016
1009	1139
1009	1303
1010	1051
1011	1086
1011	1206
1011	1275
1012	1378
1014	1254
1016	1260
1017	1297
1021	1059
1022	1188
1023	1024
1023	1065
1024	1063
1025	1155
1026	1218
1027	1377
1029	1031
1029	1076
1029	1126
1029	1147
1030	1215
1031	1183
1031	1187
1031	1322
1031	1334
1032	1057
1033	1152
1035	1365
1036	1091
1036	1119
1036	1336
1040	1385
1041	1103
1043	1375
1045	1249
1046	1097
1047	1201
1049	1052
1049	1132
1050	1382
1051	1173
1052	1062
1052	1157
1052	1294
1053	1269
1053	1314
1053	1330
1054	1057
1057	1101
1057	1361
1057	1362
1060	1256
1060	1331
1062	1154
1063	1299
1066	1242
1066	1339
1070	1169
1071	1207
1071	1298
1073	1214
1074	1191
1075	1209
1076	1196
1076	1304
1078	1220
1083	1215
1083	1351
1084	1281
1085	1250
1087	1109
1087	1149
1088	1167
1090	1367
1091	1264
1091	1293
1093	1196
1094	1108
1096	1258
1097	1386
1098	1204
1099	1237
1099	1380
1102	1172
1102	1310
1104	1158
1105	1320
1107	1139
1107	1245
1109	1161
1110	1218
1111	1206
1113	1209
1115	1153
1116	1160
1117	1200
1120	1333
1120	1361
1121	1220
1122	1212
1122	1356
1123	1368
1124	1141
1126	1196
1127	1169
1130	1335
1131	1183
1131	1217
1132	1211
1132	1294
1134	1223
1135	1181
1135	1337
1135	1384
1137	1157
1137	1266
1137	1351
1138	1237
1138	1313
1138	1377
1139	1195
1140	1224
1140	1258
1140	1343
1141	1159
1141	1187
1142	1266
1142	1313
1142	1363
1143	1193
1143	1279
1145	1168
1150	1178
1152	1202
1155	1208
1158	1214
1158	1328
1159	1386
1164	1395
1165	1285
1166	1334
1167	1179
1167	1348
1168	1259
1169	1228
1170	1232
1171	1195
1172	1197
1172	1327
1175	1369
1176	1299
1178	1361
1179	1210
1184	1365
1191	1208
1191	1245
1191	1305
1191	1320
1193	1342
1195	1285
1195	1304
1196	1228
1196	1230
1196	1319
1199	1391
1200	1394
1201	1338
1203	1312
1204	1233
1204	1240
1205	1235
1206	1394
1211	1289
1213	1382
1214	1350
1216	1252
1216	1386
1217	1280
1219	1342
1220	1226
1220	1302
1223	1287
1230	1383
1233	1367
1237	1272
1238	1334
1241	1335
1241	1382
1245	1330
1247	1288
1261	1290
1261	1319
1262	1328
1264	1289
1265	1270
1265	1362
1266	1393
1269	1353
1270	1294
1282	1374
1286	1335
1288	1337
1292	1301
1300	1317
1304	1305
1313	1381
1315	1359
1318	1330
1321	1377
1322	1325
1327	1335
1330	1360
1348	1370
1359	1395