0	431
0	503
0	952
0	1236
1	85
2	867
2	994
2	1023
2	1338
3	591
3	647
3	1160
3	1203
4	464
4	1071
4	1114
4	1371
5	777
5	848
5	1269
6	251
6	741
6	1399
7	420
8	40
8	71
8	162
8	434
8	768
9	64
9	408
9	571
9	849
9	952
9	1091
9	1351
10	113
10	559
10	723
10	766
10	1007
11	177
11	226
11	633
11	1042
11	1143
11	1261
11	1388
12	223
12	718
12	1038
12	1309
13	126
13	308
13	578
13	915
14	206
14	532
14	1112
14	1152
14	1160
14	1190
15	38
15	511
15	621
15	851
15	1214
16	79
16	316
17	445
17	679
17	705
17	724
18	204
18	1384
19	111
19	135
19	563
19	752
19	827
19	1062
19	1169
19	1285
20	322
20	339
20	770
20	1308
21	1228
22	62
22	770
22	902
22	1044
22	1300
23	434
23	1174
24	235
24	472
24	530
24	609
24	679
24	903
24	1001
24	1155
25	95
25	118
25	1222
26	127
26	1207
27	254
27	798
27	1054
28	120
28	606
28	854
28	990
28	1136
29	313
29	837
29	1361
30	52
30	224
30	270
30	1211
30	1287
30	1293
31	114
31	875
32	1145
32	1167
32	1217
33	643
33	942
33	1125
34	57
34	89
34	199
34	755
34	1002
34	1268
34	1287
34	1313
35	248
35	600
35	753
35	1152
35	1229
36	306
36	826
36	850
36	871
36	972
36	1024
36	1055
37	101
37	316
37	323
37	1374
38	184
38	315
38	830
38	1210
39	130
39	611
39	730
39	908
39	977
39	1019
39	1354
40	378
40	387
40	431
40	726
40	961
40	1303
41	230
41	330
41	657
41	1090
41	1123
42	141
42	433
43	597
43	723
44	520
44	1209
45	532
45	881
45	1083
45	1269
45	1271
46	338
46	435
46	624
47	166
47	198
47	478
47	486
47	606
48	262
48	559
48	1160
49	303
50	332
50	847
50	959
50	1017
50	1040
50	1154
50	1183
51	136
51	202
51	501
51	532
51	977
51	985
51	988
51	1070
51	1092
52	152
52	1322
53	353
53	575
53	1134
54	168
55	84
55	615
55	1312
55	1377
56	251
56	540
56	1325
56	1355
57	455
57	745
57	1005
58	335
58	688
58	689
58	1137
58	1236
58	1362
59	365
59	922
60	743
60	960
61	1164
62	372
63	392
63	883
63	1151
63	1220
63	1388
64	117
64	458
64	678
64	804
64	923
64	1026
64	1385
65	88
66	379
66	779
66	1197
66	1224
67	175
67	351
67	786
67	808
67	1108
68	340
68	1065
68	1149
68	1223
68	1297
68	1381
69	866
69	1079
70	121
70	125
70	440
70	497
70	675
70	695
70	849
70	867
70	911
70	1254
70	1395
71	266
71	376
71	491
71	516
71	1049
71	1098
71	1126
71	1334
72	834
72	1122
73	373
73	516
73	538
73	728
73	868
74	405
74	561
74	570
74	742
74	986
74	1219
74	1238
74	1397
75	265
76	448
76	645
76	902
77	116
77	137
77	196
78	383
78	559
78	756
79	720
79	838
79	1316
79	1376
80	256
80	563
80	1285
81	451
82	213
82	280
82	483
83	189
84	350
84	573
84	1375
85	185
85	274
85	697
85	782
85	1227
85	1240
86	236
87	965
87	1176
88	138
88	146
88	330
88	376
88	1082
89	1233
89	1279
90	239
90	300
90	530
90	535
90	1328
90	1343
90	1365
91	950
92	376
92	1331
92	1385
93	246
93	332
93	338
93	944
93	1092
94	498
94	855
94	1210
94	1287
95	127
95	186
95	467
95	486
95	667
95	722
95	788
95	833
95	1143
96	211
96	274
96	880
96	1031
96	1249
97	449
97	568
97	750
97	1130
97	1394
98	101
98	271
98	366
98	840
98	845
98	1281
99	348
99	608
99	837
99	1221
100	613
100	631
100	972
100	1370
101	183
101	320
101	425
101	764
101	958
101	1302
102	1240
103	123
103	986
103	1226
104	455
104	606
104	956
104	1090
105	107
105	321
105	501
105	505
105	692
105	1197
105	1306
106	119
106	354
106	647
106	884
106	912
108	615
108	658
108	901
108	1015
109	290
109	509
109	896
110	1146
111	686
111	827
111	1147
111	1198
112	368
112	1391
113	324
113	352
113	815
114	624
114	763
114	813
114	891
115	1278
116	520
116	1311
117	290
117	337
117	463
117	740
117	1330
118	364
118	597
118	804
118	875
118	1119
119	1298
120	280
120	306
120	750
120	880
121	1025
122	771
122	1111
122	1259
123	219
123	474
123	616
123	916
123	1332
124	623
124	630
124	862
125	142
125	203
125	213
125	283
125	315
125	347
125	401
125	494
125	495
125	542
125	554
125	609
125	727
126	189
126	433
126	1383
127	211
127	507
127	545
127	557
127	674
127	1069
128	156
128	446
129	252
129	1057
129	1076
130	217
130	748
130	1015
130	1250
131	325
131	449
131	814
131	1092
131	1323
132	328
132	439
132	719
132	1034
132	1218
132	1271
132	1295
133	402
133	926
133	979
133	1105
134	508
134	912
134	1045
134	1051
135	198
135	821
135	937
136	155
136	262
136	595
136	598
136	756
136	798
136	1067
136	1163
136	1336
137	222
137	266
137	345
137	417
137	862
137	881
137	1152
137	1349
137	1369
138	418
138	633
139	1038
139	1312
140	1300
141	302
141	968
142	804
142	950
142	1179
143	215
143	523
143	541
143	739
143	1029
144	787
144	1273
145	684
145	977
145	1355
146	250
146	602
146	856
146	1245
147	327
147	469
147	483
147	968
147	1385
148	330
148	836
148	1028
148	1094
149	399
149	486
149	699
149	1161
150	889
151	209
151	350
151	647
151	749
151	841
151	903
151	1078
152	516
152	850
152	910
152	922
152	1136
153	496
153	591
153	816
153	936
153	1320
154	173
154	731
154	1152
154	1326
155	385
155	533
155	911
155	914
155	1173
156	465
156	610
156	817
156	902
156	907
156	1154
157	703
157	766
157	824
157	873
158	852
158	1041
158	1130
158	1177
159	608
159	672
159	1204
160	179
160	495
160	628
160	1152
160	1326
160	1372
160	1387
161	392
162	366
162	772
163	339
163	562
163	907
163	945
163	1250
164	939
164	1098
164	1314
165	208
165	309
165	473
165	542
165	610
165	1180
166	298
166	572
166	1033
167	377
167	382
167	455
167	585
167	718
168	548
168	1281
169	845
169	1369
170	891
170	948
170	994
171	919
171	1254
172	332
172	912
172	1295
173	373
173	393
173	586
173	676
173	917
174	712
174	727
174	1053
174	1324
174	1342
175	397
175	1083
176	220
176	691
176	943
176	1255
177	179
177	449
177	745
177	821
177	990
177	1001
178	641
178	1109
179	582
179	913
179	1162
179	1282
180	654
180	1025
181	909
181	933
181	1247
182	407
182	530
182	745
182	926
183	693
183	732
183	1296
184	407
184	890
184	1057
184	1342
185	220
185	251
185	645
185	1193
186	702
186	809
186	828
186	1056
186	1082
186	1106
187	223
187	765
187	896
187	909
188	569
188	790
188	894
188	986
188	1005
188	1300
189	792
190	254
190	541
190	610
190	1031
190	1037
190	1177
191	667
191	903
192	850
193	706
193	975
193	1033
194	398
194	529
194	772
195	443
195	797
195	1337
195	1368
196	294
196	1095
196	1316
196	1375
197	345
197	726
197	755
197	1056
198	325
198	445
198	513
198	1214
198	1306
199	635
200	313
200	609
200	652
201	494
201	694
201	910
201	1257
202	495
202	604
202	665
202	1061
202	1159
203	420
203	589
203	1024
203	1256
203	1360
203	1386
204	426
204	621
204	877
205	684
205	783
205	885
205	1191
206	242
206	383
206	1027
206	1335
207	353
207	1005
207	1031
207	1156
208	256
208	364
208	765
209	419
209	754
209	1266
209	1361
210	295
210	997
211	238
211	610
211	831
211	950
211	1143
211	1191
211	1390
212	1391
213	884
213	967
213	1142
213	1383
214	267
214	1155
215	391
215	928
215	1194
216	578
217	598
217	1266
217	1383
218	449
218	951
218	1352
219	1393
221	913
221	946
221	1149
222	273
222	517
222	756
222	1276
223	750
224	489
224	805
224	824
225	561
225	748
225	882
225	977
225	1075
225	1226
225	1393
227	963
228	1102
229	765
230	260
230	714
230	736
230	815
230	842
230	1184
231	594
232	357
232	395
232	573
232	997
232	999
232	1014
233	363
233	393
233	775
234	401
234	1133
236	1363
237	891
237	1162
238	1008
239	248
239	289
239	503
239	885
239	1185
240	676
240	1238
241	313
241	1105
241	1238
241	1323
242	454
242	813
243	1140
243	1305
244	492
244	510
244	571
245	357
245	409
245	481
245	606
245	699
245	1069
245	1307
246	483
246	749
246	798
246	1036
246	1143
247	484
247	501
247	506
247	715
247	1199
248	374
248	549
249	550
249	709
249	880
249	975
249	1321
250	771
250	832
250	1008
250	1041
250	1205
250	1259
250	1260
251	608
251	933
251	1225
252	664
252	779
253	1257
254	701
254	977
254	1184
254	1375
255	338
255	520
255	574
255	595
256	306
256	436
256	498
256	1052
256	1095
256	1114
256	1120
257	369
257	420
257	783
258	750
258	863
259	269
259	512
259	543
259	940
259	1157
259	1232
260	927
261	262
261	657
261	874
261	875
262	718
262	1085
263	334
263	902
264	565
265	466
265	1187
265	1229
266	867
266	945
267	709
267	955
267	1069
267	1174
268	356
268	739
268	814
268	1236
269	293
269	680
269	988
269	1332
270	501
270	517
270	719
270	1031
270	1124
270	1328
271	405
271	514
271	785
271	865
271	967
271	1129
272	373
272	1363
273	358
273	870
273	1102
274	985
274	1387
275	905
275	1175
275	1218
276	407
276	457
276	493
277	457
277	464
277	1019
278	563
278	1204
279	403
279	659
279	912
279	1213
280	799
280	866
281	952
282	737
282	752
283	858
283	916
284	357
284	1185
285	1071
285	1397
286	749
286	754
286	1112
287	690
288	613
288	1326
288	1330
289	576
289	1111
289	1198
290	648
290	995
290	1073
290	1178
290	1330
291	1153
292	939
293	535
293	613
293	704
293	1320
294	776
294	1295
295	1246
296	344
296	735
296	776
296	909
296	959
296	995
296	1198
297	609
297	817
297	1253
298	860
298	1216
299	540
299	648
299	925
299	1022
299	1175
300	822
300	1362
301	923
301	1390
302	514
302	708
302	718
304	443
305	808
305	1340
306	391
306	1022
306	1261
307	319
307	326
307	342
307	864
307	1349
308	346
308	694
308	1251
309	724
309	761
309	980
309	1191
309	1398
310	363
310	1360
311	589
311	1100
311	1305
312	452
314	601
315	542
315	949
315	1336
316	586
316	1380
317	791
317	1016
317	1088
318	1206
318	1209
318	1340
318	1372
319	461
319	710
319	1202
319	1290
319	1352
320	524
320	787
321	445
321	645
322	461
322	1029
322	1051
323	344
323	825
324	549
324	772
324	1232
324	1267
325	634
325	781
325	1223
326	907
326	1123
327	344
327	405
327	581
327	600
327	1084
327	1093
327	1282
328	400
328	570
328	786
328	1171
328	1259
328	1279
329	356
329	361
329	441
329	1099
329	1142
330	354
330	1240
331	466
331	847
332	368
332	549
333	882
333	1063
333	1146
334	555
334	705
334	1061
334	1170
335	378
335	591
335	831
335	1064
336	545
336	558
336	727
336	1103
337	457
337	548
337	748
337	842
337	899
337	1071
337	1096
338	866
338	924
338	1029
338	1057
338	1063
338	1334
339	781
340	360
340	433
340	785
341	694
341	780
341	874
341	885
341	1302
342	879
342	894
342	916
342	1052
342	1071
342	1178
343	837
343	869
344	522
344	798
344	1130
344	1250
345	630
345	959
345	1263
345	1389
346	676
346	791
346	1035
346	1315
347	435
347	472
347	526
347	1280
348	458
348	724
348	838
348	973
348	1028
348	1076
349	355
349	803
349	1339
350	486
350	593
350	1241
351	584
351	675
351	752
351	1340
352	650
352	1038
352	1215
352	1300
353	1111
353	1321
354	361
354	512
354	1252
355	672
355	1065
356	380
356	870
357	589
357	609
358	459
359	382
359	491
359	539
359	898
359	960
360	386
360	429
360	718
360	796
360	1274
361	476
361	958
361	1253
362	634
362	865
363	499
363	605
363	862
363	1146
364	549
364	592
364	648
364	873
364	1138
365	705
365	1005
366	773
366	1012
366	1117
366	1397
367	416
368	468
368	1017
368	1108
369	1252
370	562
370	673
370	1027
370	1177
370	1191
370	1361
371	424
371	550
371	794
371	1135
371	1206
372	547
372	889
373	504
373	1054
373	1123
373	1332
374	551
375	692
375	1299
375	1374
376	742
376	926
376	1393
377	503
378	558
378	1147
378	1180
378	1364
379	766
379	1287
380	423
380	462
380	707
380	821
380	1281
381	523
381	749
381	1132
382	419
382	776
382	1282
383	469
383	525
383	528
383	1191
384	533
384	1077
384	1234
384	1308
384	1373
384	1396
385	761
385	1239
386	741
386	1295
387	568
387	615
387	850
387	1186
387	1226
387	1264
388	428
388	638
388	684
388	892
388	1010
388	1129
388	1342
389	704
390	887
391	881
391	1033
391	1315
391	1379
392	545
392	1089
392	1314
393	508
393	954
393	1365
394	807
395	793
395	1082
396	488
396	1038
396	1145
396	1299
397	936
397	1263
398	574
398	1258
398	1351
399	691
399	720
399	761
399	929
399	954
399	1060
400	555
400	699
400	884
400	1028
400	1085
400	1121
401	942
401	1055
401	1273
402	637
402	1221
402	1334
403	1060
403	1288
403	1304
404	641
404	1260
405	516
405	523
406	413
406	958
407	466
407	538
407	802
407	1018
407	1331
408	469
408	599
408	734
409	491
409	541
409	581
409	964
410	688
410	709
410	1289
411	522
411	694
411	1029
411	1096
411	1297
412	917
413	737
413	1106
413	1276
414	696
414	701
414	748
414	1022
415	633
415	1303
416	636
419	459
419	675
419	1299
420	899
420	1092
421	1052
422	632
422	646
422	757
422	1031
423	434
423	459
423	862
424	1196
424	1274
425	661
425	1117
425	1257
425	1292
426	672
426	698
426	904
426	1274
426	1301
427	1199
428	447
428	508
428	974
429	605
429	621
429	1125
430	657
430	812
430	1040
430	1049
431	568
431	709
431	787
431	1109
431	1280
431	1324
432	512
432	1134
433	752
433	772
433	1122
434	725
434	826
434	1105
435	778
435	1132
436	764
436	785
436	1352
437	1160
437	1226
438	674
438	1135
439	959
439	1011
440	806
440	1005
440	1214
440	1349
440	1384
441	607
441	886
441	968
441	985
441	1030
441	1179
441	1322
442	685
442	730
442	776
442	1399
443	895
443	1211
443	1308
444	1101
445	911
445	928
445	1244
446	816
446	830
446	1105
446	1127
447	757
447	1152
447	1238
447	1361
448	1316
448	1317
449	511
449	749
449	959
449	1183
450	727
450	1102
451	728
451	740
451	828
451	831
451	1071
451	1166
452	568
452	614
453	497
453	651
454	646
454	704
454	991
454	1358
454	1389
455	818
456	669
456	761
456	1036
456	1368
457	684
457	1029
457	1312
458	665
458	856
458	1247
459	643
459	923
460	585
460	761
460	1036
460	1184
460	1225
461	1112
462	1076
462	1141
463	512
463	1060
463	1208
463	1248
463	1299
464	1018
464	1276
464	1284
465	712
465	739
465	964
465	1337
466	582
466	685
466	814
466	1021
466	1085
466	1395
467	786
467	1147
467	1154
467	1305
468	657
468	813
468	868
468	998
469	673
469	821
469	1142
469	1359
470	1330
471	1060
472	475
472	703
472	760
472	847
472	991
473	618
473	1242
474	751
474	1217
475	797
475	1361
476	576
476	1017
476	1296
477	767
477	822
477	981
478	709
478	917
478	1013
479	507
479	531
480	494
480	533
480	652
480	1175
481	870
481	874
481	936
481	1177
482	1242
482	1327
483	698
483	1037
484	939
484	1279
485	595
485	807
485	1034
485	1116
485	1349
486	576
486	783
486	944
486	1120
486	1387
487	587
487	780
487	945
487	1272
488	1188
489	873
489	1182
489	1367
490	547
490	781
490	916
490	1216
490	1256
490	1352
491	538
491	575
491	909
491	1081
491	1305
492	1279
493	590
493	1119
493	1292
494	713
494	1246
495	539
495	830
495	930
496	685
496	1171
497	540
497	1034
498	613
498	1029
498	1113
498	1186
499	729
500	536
501	577
501	803
501	966
502	803
502	1012
502	1389
503	746
503	1002
504	736
504	1056
505	1135
506	992
506	1199
506	1252
507	780
508	955
510	529
510	661
510	814
511	587
511	686
511	918
511	1047
511	1112
513	773
514	603
514	720
514	963
514	1335
515	1297
515	1302
516	807
516	981
516	1079
517	676
518	592
518	598
518	1126
519	746
519	750
519	916
520	1076
520	1300
520	1317
521	842
521	873
521	1121
521	1235
521	1268
522	689
522	708
522	1197
522	1273
522	1323
523	781
523	886
524	717
524	775
524	1058
525	784
525	1004
525	1056
525	1283
526	823
527	563
527	1040
528	551
528	655
528	1026
529	571
529	579
529	681
529	774
529	1058
530	803
530	872
530	1257
530	1294
530	1365
531	806
531	838
531	1002
531	1361
533	550
533	654
533	801
534	622
534	966
534	987
534	1085
535	774
535	861
535	926
535	1072
536	842
536	872
536	1393
537	1129
537	1354
538	1242
539	757
539	971
541	1154
541	1184
542	773
543	670
543	1000
543	1336
544	582
544	1051
544	1133
544	1186
544	1387
545	897
545	1257
546	595
546	854
547	879
547	936
548	561
548	716
548	1020
548	1384
549	849
550	1285
551	872
552	1131
553	582
553	811
553	1075
553	1304
555	629
555	938
555	939
555	1214
556	1079
556	1350
557	1190
558	563
558	739
558	907
558	1138
558	1172
559	620
559	980
559	985
559	1171
560	835
560	1266
561	825
562	1367
564	571
564	1040
565	700
565	1062
566	607
566	688
566	800
566	1294
567	768
567	880
567	926
567	1386
568	881
568	894
568	1397
569	605
569	1048
569	1091
570	1343
570	1373
571	1012
571	1057
571	1071
571	1305
571	1357
572	885
572	1058
573	822
573	1126
574	788
574	1022
575	756
575	759
576	718
576	1239
576	1391
577	637
577	664
577	868
577	1036
578	687
578	946
578	1315
578	1394
579	834
580	587
580	733
580	1078
580	1125
582	651
582	1290
583	855
583	1291
584	698
584	736
584	737
584	827
584	1113
585	707
586	882
586	891
586	1188
586	1309
586	1320
586	1389
587	634
588	828
588	836
588	844
588	1042
589	981
589	1234
589	1240
591	845
591	976
591	1107
591	1137
593	775
593	1219
593	1268
593	1309
593	1398
594	602
594	694
594	777
595	631
596	1028
597	891
597	1054
597	1380
598	1144
598	1198
598	1201
599	632
599	674
599	749
599	1125
599	1283
600	657
600	908
601	781
602	1081
602	1156
604	778
604	937
604	990
606	746
606	827
607	709
608	761
608	1019
608	1262
609	998
609	1350
610	1072
611	1211
612	645
612	1254
614	719
614	806
614	907
614	956
615	739
616	738
616	739
616	1210
616	1234
617	636
617	683
617	1054
618	1192
619	802
621	750
621	762
621	915
621	1110
622	1103
622	1141
622	1192
623	880
624	1092
625	627
625	801
625	1217
626	1182
626	1289
627	852
627	896
627	1039
627	1251
628	797
628	1295
629	713
631	1118
631	1327
632	876
632	1000
634	1040
634	1165
635	733
635	819
635	856
635	1111
636	826
637	832
637	1117
637	1384
638	797
638	1147
638	1301
639	717
639	765
639	908
639	949
640	856
641	745
641	1091
641	1279
642	674
642	720
642	1046
643	688
643	937
643	1132
644	820
645	1219
646	809
647	1199
648	887
649	685
649	1088
651	723
651	772
653	1399
655	770
656	1223
657	1033
657	1056
658	746
658	1213
658	1283
659	887
659	1239
659	1338
660	691
660	1161
661	958
661	1034
661	1231
662	1337
663	813
663	1030
664	1193
664	1322
665	868
665	1205
665	1285
666	898
667	676
667	745
667	863
667	1278
668	814
668	1131
668	1373
669	703
669	916
669	978
669	1078
670	890
670	1039
671	1016
671	1132
671	1223
672	726
672	1047
673	754
673	929
673	969
673	1223
674	750
674	980
674	1005
675	677
675	941
675	1113
675	1326
676	1319
677	693
677	1034
677	1053
677	1209
677	1325
678	923
678	1342
679	1135
679	1145
679	1264
680	1234
680	1326
681	757
681	885
681	1328
682	817
683	928
684	811
684	901
684	1185
684	1267
685	847
686	946
686	1399
687	954
688	1137
689	735
689	804
689	1043
689	1392
690	732
690	1210
691	1143
691	1265
693	698
693	1310
693	1374
694	902
694	1243
695	1271
695	1307
696	1012
696	1170
697	1002
697	1094
697	1241
697	1353
697	1357
698	700
698	757
698	1156
698	1331
699	950
699	1280
699	1338
700	1058
700	1224
701	802
701	924
702	866
702	1144
702	1229
702	1372
702	1384
703	793
703	926
704	1168
704	1177
704	1239
704	1348
705	1241
706	944
707	1160
707	1226
708	959
708	1046
708	1302
709	733
709	962
709	1235
710	856
711	766
711	881
712	897
714	738
715	1139
717	854
717	1253
718	836
719	839
719	950
719	1055
720	915
720	987
721	821
721	860
721	966
721	1005
721	1361
722	968
722	1233
722	1307
724	966
725	971
725	974
727	1342
729	943
729	1397
730	859
730	971
730	1138
730	1292
732	924
732	1077
733	1092
733	1226
733	1237
736	786
736	1192
736	1389
737	1046
738	1079
739	868
739	880
739	1265
739	1320
740	761
741	790
741	1087
742	747
742	754
742	874
743	1083
743	1178
744	1122
745	1164
746	929
746	1304
746	1397
747	1178
749	936
749	951
749	1345
750	973
750	1006
750	1051
750	1283
751	1308
752	874
753	959
754	1059
754	1166
754	1170
755	1093
755	1146
756	925
756	940
756	1252
757	874
757	1121
757	1224
758	936
758	1303
759	1057
759	1082
759	1211
760	815
760	1180
761	1351
762	820
762	880
762	973
762	1010
762	1248
763	997
763	1228
764	1263
764	1357
765	846
765	1389
766	990
766	1105
767	1014
768	942
768	1074
769	815
769	1284
770	1029
770	1115
770	1286
770	1375
772	1252
772	1372
773	1210
774	1295
774	1347
775	830
776	907
777	902
777	1001
777	1362
778	994
780	1103
780	1170
780	1382
781	1064
781	1113
781	1119
781	1134
783	1069
783	1118
783	1129
783	1362
785	829
785	1030
785	1214
787	986
787	1172
788	1010
789	1151
789	1322
790	1177
791	858
791	1037
791	1071
791	1343
791	1368
792	1394
794	847
794	931
795	877
795	1058
795	1303
797	1301
798	979
798	1093
798	1313
799	1353
800	818
800	891
801	852
801	1316
802	1215
802	1361
803	1254
803	1261
803	1386
804	868
804	1145
804	1281
806	880
807	1288
808	1225
808	1325
809	986
809	1012
809	1123
810	1054
811	1035
813	815
813	1037
813	1177
813	1208
814	888
814	1026
814	1063
814	1305
815	1035
816	906
816	1178
816	1306
817	1387
818	1080
818	1290
818	1368
819	860
820	940
822	849
823	1241
823	1345
824	999
824	1097
824	1194
825	961
825	1047
825	1102
826	902
826	1340
826	1346
827	1073
827	1135
827	1177
828	1038
828	1039
830	1050
830	1056
830	1122
831	1326
831	1332
834	899
834	951
834	1047
834	1191
835	1113
835	1214
837	860
837	1044
837	1139
837	1275
839	1164
841	844
843	1373
844	1278
846	1303
847	990
847	1173
848	927
849	1093
850	911
852	1037
853	1066
853	1277
854	1185
855	1009
856	1075
857	1396
858	1116
860	989
860	1395
861	927
861	1333
862	988
862	1035
863	1129
863	1227
865	877
865	887
866	1000
866	1172
866	1360
867	893
868	967
868	1292
869	1053
869	1057
869	1189
869	1348
869	1376
870	1014
870	1074
871	935
871	1126
871	1398
872	1329
874	1084
874	1090
875	1306
875	1328
875	1329
876	916
876	951
876	1020
876	1362
877	921
878	1050
878	1261
879	1087
881	1362
882	1357
882	1368
883	921
883	1181
884	1104
884	1240
885	1183
885	1342
886	1247
887	922
887	1224
887	1338
888	1024
888	1292
889	1264
890	1161
890	1292
891	1036
893	908
894	1007
895	1255
896	1214
897	1247
898	911
898	1201
898	1331
900	958
901	966
901	1090
901	1265
901	1353
902	988
904	926
904	932
904	1134
905	1118
906	1043
908	909
909	1148
911	945
914	1138
914	1371
915	1026
915	1283
915	1334
916	1208
917	1316
917	1340
918	1098
920	974
920	1229
921	1236
924	987
926	1207
926	1296
927	1048
927	1094
927	1251
929	1346
930	1053
931	1003
932	1179
933	1030
934	992
936	1003
936	1038
936	1144
938	1214
938	1297
940	1205
940	1319
941	1004
942	1196
942	1356
943	1179
944	977
944	1190
945	1062
947	1087
949	1272
949	1343
949	1365
950	1216
953	1115
955	1298
956	1182
956	1191
956	1373
957	1053
957	1103
957	1390
958	1007
958	1150
960	1163
960	1257
960	1277
960	1330
961	1013
961	1076
963	1288
967	985
967	1059
968	1298
969	1236
970	1137
971	1044
971	1227
971	1301
971	1332
972	1165
973	982
973	1075
973	1130
973	1186
973	1277
973	1293
973	1386
974	1317
974	1323
975	1015
975	1137
975	1347
975	1380
978	1219
978	1391
979	1079
979	1142
979	1214
980	990
980	1288
980	1313
981	1128
981	1202
983	1229
984	1281
985	1196
988	1292
989	1041
990	1348
991	1008
993	999
994	1189
996	1148
996	1233
997	1378
998	1013
999	1086
1001	1383
1002	1023
1002	1107
1004	1227
1005	1129
1006	1024
1007	1318
1007	1333
1009	1333
1010	1069
1010	1242
1010	1290
1011	1143
1012	1046
1013	1021
1013	1218
1014	1046
1014	1164
1015	1086
1015	1181
1016	1080
1016	1246
1017	1304
1018	1042
1018	1113
1018	1131
1018	1376
1019	1136
1019	1171
1020	1232
1022	1089
1022	1337
1022	1392
1024	1074
1024	1137
1025	1076
1025	1101
1026	1271
1026	1396
1027	1098
1027	1281
1029	1079
1032	1207
1032	1242
1032	1283
1034	1148
1034	1350
1035	1074
1036	1383
1037	1185
1037	1203
1039	1078
1039	1218
1040	1223
1040	1361
1041	1325
1042	1256
1044	1074
1044	1244
1046	1360
1048	1074
1048	1075
1051	1129
1053	1119
1053	1388
1055	1323
1056	1084
1057	1178
1058	1293
1059	1086
1059	1108
1060	1179
1060	1284
1061	1174
1061	1180
1061	1230
1062	1324
1063	1320
1064	1323
1064	1341
1064	1348
1066	1221
1068	1245
1068	1390
1070	1137
1071	1284
1071	1343
1072	1229
1073	1148
1073	1186
1076	1276
1077	1190
1077	1250
1079	1102
1080	1137
1081	1172
1081	1307
1083	1384
1087	1335
1088	1150
1089	1123
1089	1348
1091	1182
1091	1335
1095	1228
1095	1342
1096	1180
1099	1120
1099	1141
1099	1367
1100	1351
1101	1342
1105	1233
1105	1238
1106	1282
1106	1290
1108	1121
1108	1367
1109	1163
1109	1310
1114	1316
1115	1244
1115	1321
1116	1367
1119	1133
1120	1234
1122	1160
1122	1213
1122	1313
1124	1195
1124	1209
1124	1378
1126	1177
1128	1147
1129	1287
1130	1308
1131	1234
1132	1308
1133	1285
1134	1144
1134	1265
1139	1209
1140	1230
1141	1296
1143	1212
1144	1357
1145	1371
1146	1349
1147	1384
1148	1353
1151	1270
1151	1331
1151	1347
1152	1155
1152	1266
1153	1167
1156	1242
1158	1221
1158	1288
1158	1305
1160	1335
1161	1232
1161	1288
1163	1373
1164	1247
1165	1275
1166	1215
1167	1338
1167	1354
1168	1246
1168	1362
1169	1280
1170	1193
1171	1351
1172	1346
1173	1176
1175	1200
1177	1189
1178	1274
1178	1361
1179	1238
1179	1382
1180	1310
1181	1352
1183	1355
1185	1380
1187	1378
1188	1282
1189	1233
1190	1371
1191	1240
1193	1224
1194	1256
1196	1349
1198	1204
1201	1220
1202	1397
1203	1317
1206	1274
1207	1311
1208	1273
1208	1353
1209	1254
1209	1283
1211	1220
1211	1300
1212	1259
1212	1388
1213	1239
1217	1306
1218	1307
1223	1361
1224	1296
1225	1310
1226	1383
1228	1396
1229	1354
1239	1362
1240	1252
1240	1277
1245	1275
1247	1320
1247	1344
1249	1363
1251	1317
1254	1266
1254	1268
1254	1277
1254	1297
1259	1293
1261	1331
1268	1291
1269	1361
1272	1378
1277	1358
1279	1302
1281	1286
1291	1310
1293	1385
1296	1365
1300	1308
1300	1346
1300	1366
1318	1373
1319	1377
1321	1362
1324	1349
1325	1338
1342	1352
1351	1398
1372	1376
1374	1379
1393	1398