0	10
1	910
1	1209
2	1208
3	15
3	198
3	541
3	639
3	937
3	1164
4	321
4	751
4	1336
5	102
6	240
6	506
6	1130
7	185
7	293
7	657
7	729
7	770
7	828
7	926
8	561
8	819
8	871
8	881
9	191
10	330
10	415
10	631
11	71
11	250
11	504
11	962
11	1278
11	1377
12	25
12	106
12	545
12	780
12	1056
13	89
13	240
13	366
13	759
13	1326
14	573
14	857
14	914
14	1171
15	78
15	672
16	64
16	321
16	351
16	627
16	1010
17	474
18	634
18	990
18	1102
19	254
19	373
19	631
19	940
19	1135
19	1266
20	505
20	629
21	53
21	238
21	909
21	978
21	1122
22	323
23	550
23	1217
24	466
24	560
24	757
24	851
24	927
25	125
25	176
25	627
25	1206
26	124
26	262
27	293
27	299
27	318
27	373
27	778
27	1230
28	713
28	741
28	842
28	856
29	104
29	234
29	297
29	359
29	637
29	822
29	901
29	1033
29	1049
29	1372
30	864
30	1327
31	349
31	784
31	816
31	888
32	313
32	355
32	796
33	266
33	273
33	415
33	516
33	1047
33	1110
33	1392
34	278
34	1087
35	89
35	236
35	1257
36	652
36	782
36	1166
37	216
37	232
37	1013
37	1134
37	1246
38	39
38	237
38	799
38	1279
39	74
39	386
39	507
39	801
40	220
40	479
40	505
40	990
40	1075
40	1268
40	1293
41	80
41	360
41	515
42	690
43	360
43	562
43	817
43	1103
44	524
44	882
44	884
45	676
45	770
45	849
45	1123
45	1271
45	1292
46	245
46	394
46	813
46	963
46	1071
47	168
47	492
47	1019
48	91
48	603
49	464
50	288
50	332
50	585
50	654
50	1387
51	100
51	244
51	339
51	789
52	180
52	975
52	1178
53	491
53	1209
53	1336
54	94
54	122
54	563
54	1030
54	1123
54	1173
55	264
55	1029
55	1282
56	165
56	540
56	1269
57	304
57	551
58	207
58	650
58	1071
58	1136
59	589
59	1046
59	1157
60	116
60	391
60	477
60	513
61	91
61	443
61	704
61	741
61	864
61	1016
61	1240
62	528
62	557
63	423
63	680
63	690
63	1009
64	186
64	285
64	1054
64	1166
64	1231
64	1372
65	906
65	1000
66	520
66	1365
67	163
67	845
67	880
67	1232
68	155
69	503
69	522
69	527
69	847
69	991
69	1288
69	1387
70	80
70	261
70	293
70	712
70	1031
70	1306
70	1385
71	262
71	1035
71	1322
71	1344
72	165
72	332
72	514
72	1326
72	1365
73	90
73	302
73	808
73	1007
73	1050
74	110
74	562
74	995
74	1080
74	1171
75	119
75	169
75	220
75	232
76	437
76	959
77	702
77	848
77	883
77	1166
78	1097
79	572
79	909
79	935
79	946
80	600
80	737
80	742
81	443
81	878
81	1082
82	441
83	170
83	531
83	572
83	738
83	763
83	1069
83	1249
84	175
84	621
84	780
84	905
84	985
84	995
84	1299
84	1327
84	1361
85	240
85	424
85	528
85	933
85	1097
85	1114
85	1150
86	495
86	657
86	709
86	924
86	1088
87	346
87	621
87	848
88	220
88	254
88	542
88	809
88	1371
89	231
89	533
89	937
89	994
89	1160
90	933
91	221
92	585
92	686
92	840
92	1103
92	1110
92	1138
92	1161
93	251
93	920
94	136
94	188
94	1182
94	1216
94	1282
95	328
95	451
95	482
95	582
95	834
95	1258
96	545
96	1081
96	1102
97	115
97	119
97	127
97	176
97	332
97	380
97	565
97	630
97	902
97	1134
98	1033
99	226
99	483
99	855
99	1058
101	183
101	764
101	791
101	893
101	901
101	1101
102	1056
102	1147
103	145
103	358
103	584
103	613
103	711
103	1115
104	388
104	1141
104	1383
105	179
105	807
105	1018
105	1052
105	1058
105	1154
106	315
106	397
106	614
106	918
107	229
107	909
107	1333
108	324
108	421
108	836
108	1201
109	110
109	760
109	762
109	1022
109	1078
110	325
110	465
110	606
110	1284
111	313
111	323
111	347
111	761
111	1399
112	204
112	214
112	421
112	627
112	722
112	1053
112	1142
112	1144
113	681
113	1156
113	1392
114	286
114	510
114	576
114	668
115	135
115	416
115	640
115	739
115	878
115	891
115	913
115	1154
116	223
116	447
116	800
116	810
116	819
116	900
116	901
116	1025
116	1342
117	346
117	474
117	626
117	875
117	909
117	1342
118	536
118	734
118	883
120	389
120	422
120	988
121	478
121	616
121	1137
122	570
122	615
122	1091
122	1373
122	1375
122	1393
123	515
124	127
124	753
124	947
124	1121
125	165
125	344
125	399
125	594
126	209
126	353
127	147
127	486
127	574
127	800
127	883
127	1098
128	975
129	400
129	479
129	570
129	823
129	1286
130	354
130	779
130	879
130	1087
130	1240
130	1369
131	209
131	342
131	361
131	480
131	756
131	1007
132	365
132	840
132	919
132	1060
132	1242
132	1335
132	1343
133	827
133	1166
133	1183
134	456
134	473
134	607
135	209
135	398
135	414
135	794
135	1012
135	1343
136	213
136	363
136	405
136	738
136	1245
136	1325
137	169
137	384
137	858
138	379
138	906
138	1194
138	1232
139	818
139	1361
140	392
140	474
140	535
140	611
140	789
141	481
141	1279
142	276
142	316
142	400
142	501
142	596
142	1125
143	151
143	353
143	433
143	762
143	1212
143	1340
144	318
144	953
144	974
145	492
145	624
145	903
145	1330
146	470
146	780
146	881
146	906
146	1068
147	224
147	1380
148	460
149	198
149	246
149	539
149	550
149	945
150	181
150	452
150	499
150	647
150	684
150	1016
150	1034
150	1126
151	597
151	646
151	752
151	943
152	356
152	375
152	631
152	667
152	1293
153	452
153	638
153	818
153	1167
153	1169
154	461
154	524
154	598
154	1040
154	1201
155	1069
156	190
156	948
156	1221
157	716
157	820
157	825
157	1003
157	1340
157	1399
158	621
158	717
158	742
158	828
158	935
159	519
159	600
159	684
159	1253
159	1289
159	1376
160	207
160	247
160	376
160	1024
160	1176
161	427
161	845
162	195
162	273
162	300
162	324
162	479
162	702
163	488
163	1175
163	1260
164	272
164	305
164	625
164	1376
165	673
165	1217
165	1330
166	324
166	960
166	970
167	264
167	283
167	691
167	940
168	183
168	657
168	776
168	853
168	1075
169	485
169	623
169	909
169	1145
169	1218
170	647
171	194
171	239
171	399
171	1342
172	716
172	729
172	884
172	1231
173	387
173	571
173	705
173	844
173	853
173	923
173	1129
173	1150
174	200
174	381
174	687
174	1044
175	691
175	932
175	936
175	971
175	1223
175	1368
176	216
176	315
176	930
177	296
177	1013
178	396
178	575
178	1262
178	1390
179	200
179	652
179	694
179	756
179	811
179	1148
180	1060
181	674
182	459
182	1007
182	1144
184	1311
185	432
185	1137
185	1142
185	1201
186	583
186	1398
187	340
188	255
188	847
188	1168
189	264
189	442
189	809
189	1054
189	1302
190	436
191	611
191	1126
192	857
193	260
193	266
193	666
193	1386
194	273
194	815
194	844
194	1187
195	728
196	486
196	961
196	963
196	1032
196	1162
196	1366
196	1396
197	393
197	966
197	1365
198	469
198	585
198	946
199	246
199	635
199	687
199	1112
200	773
200	936
201	273
201	323
201	467
201	1219
202	304
202	467
202	1023
202	1214
202	1277
203	1159
204	1221
204	1353
205	466
205	1042
205	1156
205	1166
206	274
206	839
206	912
206	1079
207	343
207	495
207	597
207	1080
207	1135
207	1332
207	1369
208	276
208	613
208	785
209	696
209	1062
210	223
210	451
210	1209
211	251
211	407
211	439
211	767
211	859
212	487
212	974
213	248
213	397
213	808
214	846
214	1119
214	1219
215	481
215	1003
215	1013
215	1367
216	250
216	514
216	695
216	749
217	735
217	808
218	332
218	349
218	350
218	771
219	407
219	1104
220	264
220	516
220	639
221	310
221	495
221	669
221	1072
222	401
223	335
223	1067
223	1359
224	1060
224	1193
225	439
225	1231
225	1315
226	1185
226	1314
227	724
227	759
228	703
228	714
229	828
229	1008
229	1014
229	1269
229	1361
230	770
230	858
230	1158
231	300
231	1176
231	1259
232	251
232	909
232	916
232	971
232	1278
232	1357
233	407
233	626
233	1159
234	334
234	1042
234	1241
235	728
235	811
235	843
235	908
235	1001
235	1226
236	998
236	1022
237	267
237	679
237	897
237	1031
237	1098
237	1207
237	1259
238	384
238	652
239	767
239	934
240	571
240	1027
240	1255
241	290
241	609
241	731
242	490
242	749
242	1197
243	800
243	916
243	1078
244	431
245	736
245	951
246	260
246	655
246	656
246	739
246	758
246	937
246	993
246	1008
246	1206
246	1390
247	1175
248	1151
248	1226
249	319
249	489
249	958
249	1222
250	556
250	690
250	717
251	487
251	1111
251	1313
252	322
252	446
252	614
252	756
252	1126
253	560
253	607
253	1308
254	533
254	833
254	1088
255	567
255	657
255	815
255	1212
255	1235
256	612
256	664
256	906
256	1367
257	933
257	953
257	1094
258	930
259	323
259	1252
260	462
260	613
260	1221
261	298
261	901
261	1233
262	384
262	475
262	775
262	962
262	1068
262	1248
263	305
263	1074
263	1284
263	1384
264	407
264	478
264	937
264	1257
264	1261
265	594
265	793
265	893
266	472
267	389
267	1050
267	1233
268	902
268	1052
268	1138
268	1340
269	1144
270	912
270	1289
270	1310
270	1329
271	1083
273	426
273	682
273	747
273	1087
274	504
274	1090
275	394
275	597
275	607
275	1137
275	1388
276	1042
276	1217
277	555
277	672
277	782
278	724
278	886
278	1398
279	638
280	1123
280	1381
281	715
281	1135
281	1194
281	1265
282	490
282	635
282	1024
282	1222
283	682
283	894
283	939
284	314
284	435
285	350
285	429
285	1148
285	1153
285	1157
286	404
286	691
287	344
288	385
288	535
289	812
289	853
289	1211
290	427
290	663
290	664
291	306
291	416
291	497
291	670
291	854
292	457
292	601
292	867
292	1092
292	1103
293	421
294	919
295	333
295	681
295	1011
296	1072
296	1227
296	1266
297	472
297	779
297	872
297	1254
298	477
298	1097
298	1181
298	1254
299	321
299	373
300	319
300	640
300	714
300	884
301	441
301	480
301	692
301	923
301	939
301	1268
302	324
302	345
302	691
303	413
303	474
303	600
303	742
303	841
303	1034
303	1226
303	1372
304	305
304	956
304	1025
304	1227
304	1324
305	317
305	670
305	1210
305	1232
305	1280
306	358
306	460
306	723
306	839
306	1217
306	1314
307	807
308	494
308	1368
309	401
309	457
309	540
310	491
310	963
310	1300
311	388
311	667
311	746
311	934
311	1106
312	814
312	889
313	696
313	829
313	1041
313	1111
313	1127
314	377
314	602
314	816
314	1173
314	1243
315	507
315	1127
315	1371
316	395
316	1314
317	693
317	805
318	365
318	757
318	1247
318	1368
319	1224
320	619
321	752
321	966
321	1026
321	1110
321	1236
321	1248
321	1380
322	357
322	476
322	759
322	1221
322	1242
323	1193
324	351
324	1226
325	1105
325	1151
325	1210
326	934
326	959
326	1123
326	1331
327	662
327	713
327	768
327	890
329	944
330	812
330	813
330	975
331	479
331	528
331	1329
332	493
332	723
332	821
332	964
334	641
334	1041
334	1065
335	548
335	1188
336	558
336	1211
337	385
337	837
337	1143
337	1285
338	365
338	420
338	467
338	693
338	1320
339	428
339	431
339	799
339	1149
339	1163
339	1301
340	808
341	573
341	662
341	742
341	749
341	975
341	1292
341	1373
342	673
342	755
342	1024
342	1209
343	458
343	912
343	1394
344	429
344	960
344	972
344	1330
345	1131
345	1363
345	1390
346	394
346	727
346	737
346	1113
346	1324
346	1384
347	1072
348	581
348	656
348	1272
349	383
349	804
349	1003
349	1296
350	358
350	395
350	1038
350	1147
351	398
351	593
351	757
351	917
351	1140
352	378
352	720
353	674
353	1260
354	518
354	634
354	867
355	937
355	1201
356	829
356	964
356	1108
357	736
357	972
357	1223
358	521
358	1123
358	1196
358	1226
358	1238
359	481
359	666
359	1108
360	722
360	875
360	882
360	952
360	1361
361	414
361	640
361	764
361	1126
361	1344
362	426
363	1175
364	703
364	769
364	992
365	470
365	548
365	879
366	1206
367	437
367	951
367	1351
367	1394
368	416
368	562
368	910
368	1090
368	1239
368	1308
369	1018
369	1306
370	526
370	1170
370	1359
370	1389
371	1020
372	411
372	742
372	976
372	1073
372	1294
373	511
373	579
373	1079
373	1192
374	1023
375	1341
376	1091
377	414
377	729
377	929
377	1354
378	696
378	814
378	841
378	848
378	1099
378	1160
379	455
379	695
379	945
379	1192
380	707
380	1233
381	555
382	475
382	689
382	1024
383	470
383	784
383	1013
383	1040
383	1076
383	1082
385	695
385	785
386	401
386	1082
386	1173
387	394
387	487
387	637
387	844
387	1101
387	1117
387	1394
388	677
388	1154
388	1199
389	418
390	567
390	699
390	1317
391	1297
391	1380
392	448
392	659
393	426
393	449
393	588
394	573
394	1147
394	1266
394	1303
395	835
395	957
395	1173
395	1331
396	760
396	808
396	813
397	429
398	658
398	902
398	1085
398	1127
398	1194
398	1202
398	1384
399	948
399	994
399	1282
400	729
400	768
400	1109
400	1237
401	676
402	882
402	1006
402	1133
403	413
403	419
403	517
403	571
403	837
403	1167
404	831
404	1053
405	859
406	609
406	1111
407	435
407	438
407	1205
408	434
408	869
408	1107
408	1132
409	1172
410	1336
410	1398
411	814
411	947
411	1314
412	664
412	725
412	1184
413	901
413	1069
414	603
414	893
414	1237
415	744
415	915
415	1248
416	425
416	1251
417	1052
418	732
419	746
419	786
419	1061
419	1365
420	567
420	754
420	963
420	1351
421	1068
422	827
422	1132
422	1341
423	458
423	1076
423	1111
424	1044
424	1244
425	426
425	632
425	1098
426	893
426	938
426	1182
426	1325
426	1330
426	1359
427	642
427	1164
427	1330
428	800
428	1358
428	1362
429	1269
430	444
430	669
430	670
430	725
430	859
430	1095
430	1152
431	491
431	532
431	556
432	955
432	1159
433	465
433	1100
433	1157
433	1228
434	1337
435	446
435	525
435	1183
435	1383
436	1191
437	803
437	993
437	1095
437	1189
437	1235
438	570
438	1200
438	1251
438	1332
439	711
439	886
439	1325
439	1326
440	1193
441	546
441	636
442	841
442	1056
442	1224
442	1309
443	735
444	542
445	1323
446	797
446	997
447	514
449	563
449	794
449	836
449	979
449	980
450	692
451	719
452	650
452	656
452	796
452	1184
452	1312
452	1356
453	528
453	550
453	1191
454	1019
455	479
455	606
455	1224
456	884
456	1067
457	538
457	894
457	1067
458	536
458	676
458	999
458	1243
459	1034
460	598
460	674
460	887
460	1166
461	575
461	591
461	807
461	876
462	726
462	985
462	1228
463	773
463	798
463	1351
464	616
464	624
464	833
464	919
464	1182
464	1246
465	658
465	1252
466	513
466	625
466	633
466	674
466	1131
466	1260
466	1264
467	1074
467	1264
467	1376
468	574
468	836
468	1243
468	1276
469	601
469	1176
469	1270
469	1393
471	1068
472	838
472	874
472	1169
473	1349
473	1391
473	1393
474	512
474	714
474	911
474	1024
474	1336
475	948
476	529
477	527
477	654
477	925
478	652
478	811
478	943
479	588
479	1324
479	1394
480	1041
481	774
481	1167
482	561
482	1357
483	912
483	1117
483	1328
484	491
484	891
484	920
484	975
484	1239
485	701
485	783
485	1194
485	1220
485	1321
486	515
486	563
486	1285
486	1386
487	499
487	604
487	1034
488	1084
488	1332
489	569
489	937
490	586
490	820
490	1103
490	1365
492	590
492	964
492	1388
493	943
493	1042
493	1258
494	709
494	873
494	1165
494	1236
495	547
496	620
496	1208
497	631
497	830
498	525
498	695
498	937
498	1137
499	641
499	779
499	1125
499	1225
499	1234
499	1398
500	885
501	694
502	1013
503	627
503	849
503	930
503	1002
503	1257
503	1357
504	734
504	981
504	1241
505	540
506	1107
506	1394
507	510
507	900
507	1026
508	740
509	1053
509	1177
510	1309
511	682
511	894
511	933
511	972
511	993
511	1173
511	1188
512	695
512	1040
512	1188
513	528
513	848
513	911
513	1268
514	842
516	721
516	741
516	778
516	1334
517	562
517	823
517	935
517	1185
518	754
518	941
518	1205
518	1352
519	831
519	1164
519	1214
519	1274
520	837
520	1019
520	1282
520	1364
521	690
521	769
521	776
522	690
522	934
522	1286
523	630
523	660
523	695
523	701
523	1318
524	848
524	1083
524	1387
525	535
525	909
525	1077
525	1111
526	1027
526	1157
527	617
530	621
530	1147
530	1188
531	796
531	1030
531	1134
531	1174
532	549
532	894
533	1365
534	888
534	1238
535	537
535	668
535	1227
536	1094
536	1254
536	1309
536	1335
537	568
537	1141
537	1332
538	939
538	1068
538	1246
539	1261
539	1353
540	737
540	1009
542	627
542	729
542	1109
543	627
544	625
544	765
544	1040
544	1169
545	686
545	759
546	925
546	1110
546	1144
546	1209
547	708
547	1073
547	1176
548	1033
548	1063
548	1274
548	1329
548	1367
549	569
549	972
549	976
549	1057
549	1304
550	648
550	1098
551	1071
551	1345
552	781
552	807
552	1030
552	1334
553	769
553	1312
554	705
554	757
554	884
554	1039
554	1063
554	1111
554	1195
554	1246
554	1262
554	1347
555	838
555	853
555	867
556	1114
557	708
557	725
557	1356
558	1244
559	770
560	570
560	844
560	1124
560	1170
560	1290
561	1183
561	1234
561	1398
562	1306
562	1389
563	635
563	765
564	794
564	977
565	752
565	941
565	1188
565	1312
566	567
568	1360
569	598
569	1048
570	1128
570	1295
571	1376
573	864
573	1175
574	1211
574	1243
575	724
575	801
575	1013
575	1215
575	1372
576	848
576	967
576	1052
576	1152
577	595
577	653
577	1012
577	1079
578	1138
579	1230
580	1298
581	633
581	899
582	607
582	987
582	1074
583	682
583	898
583	1165
584	689
584	1313
585	704
585	917
586	803
586	853
587	608
587	753
588	855
588	1210
589	1101
591	973
591	1005
591	1118
591	1119
592	911
593	674
593	937
593	952
593	975
593	982
593	1216
594	1010
594	1048
594	1098
595	1055
595	1082
595	1098
595	1358
596	645
596	660
596	1118
596	1287
596	1339
597	680
598	845
598	920
598	996
598	1008
598	1234
599	1296
600	659
600	954
600	1253
601	1032
601	1260
603	816
603	842
603	1112
603	1116
603	1200
604	839
604	846
604	871
604	1128
605	745
606	737
606	783
606	1002
606	1331
607	774
607	953
608	670
609	1062
609	1103
609	1225
609	1320
610	1139
611	650
611	716
611	770
612	1175
612	1277
612	1281
612	1331
613	808
614	649
614	786
614	861
614	1167
615	677
617	896
618	737
619	635
619	803
619	988
619	1140
620	838
620	1024
620	1385
620	1386
621	1227
621	1385
622	797
622	798
622	1058
622	1095
622	1146
623	988
623	1007
623	1168
623	1177
623	1292
624	880
624	1078
625	654
625	655
625	859
625	1030
626	1009
626	1386
627	628
627	780
627	1157
628	795
628	963
628	1249
629	1318
629	1367
631	740
631	837
631	1370
633	742
633	1063
633	1290
634	683
634	971
634	1014
635	731
635	1339
636	901
636	966
636	1105
637	732
638	927
638	1113
638	1285
639	926
639	1020
639	1217
639	1349
641	673
641	725
641	961
641	1312
642	753
643	1198
643	1390
644	865
644	913
645	1131
646	1196
647	742
647	1213
647	1373
648	693
648	1125
649	778
650	1079
650	1386
651	734
651	1209
652	1178
652	1265
652	1275
653	926
653	995
653	1080
654	784
654	866
655	747
656	662
656	1003
656	1309
657	1268
658	693
658	1196
658	1332
659	1268
660	822
660	1272
661	778
663	830
663	850
663	921
663	923
663	970
663	1298
663	1395
664	854
664	1194
665	1186
665	1219
666	1217
666	1272
667	732
668	897
669	781
669	1254
669	1331
669	1380
670	742
671	715
672	1068
672	1113
672	1356
672	1393
673	1220
673	1259
673	1303
674	730
674	869
674	1010
674	1051
675	943
675	1249
675	1305
676	717
676	802
677	864
677	1137
678	788
678	1074
678	1206
678	1244
678	1354
679	1385
680	1034
681	821
681	1230
682	888
682	1178
683	759
685	845
685	1045
685	1214
685	1235
685	1356
685	1374
686	928
687	1108
688	857
688	960
688	1066
688	1160
689	759
689	1111
689	1225
690	723
690	1140
690	1370
691	745
691	1355
692	1113
692	1268
693	1296
694	769
694	1032
694	1193
694	1255
694	1314
694	1317
695	696
695	720
695	927
695	1044
695	1064
695	1393
696	729
696	1080
696	1162
697	1095
697	1317
698	757
698	849
698	851
698	1213
699	812
699	1286
700	1306
700	1333
701	796
702	862
702	1299
702	1317
703	1065
704	856
704	914
704	1342
704	1379
704	1390
705	858
705	899
705	1042
706	742
706	808
706	1119
708	1313
709	1059
710	731
710	938
711	892
712	721
713	880
713	953
713	1010
713	1127
714	995
714	1258
715	1197
715	1352
716	745
716	1119
716	1350
717	745
717	821
717	1286
718	1158
718	1314
719	771
719	790
720	853
720	1096
720	1150
720	1300
722	786
722	919
722	1118
722	1209
722	1255
723	957
723	1004
723	1343
724	1278
725	1109
725	1252
726	847
726	854
727	768
727	985
728	929
728	1028
729	843
729	1362
731	924
731	1058
731	1071
731	1218
731	1219
731	1278
733	1117
734	808
735	809
735	984
735	1194
735	1306
736	803
736	1041
737	940
737	1030
737	1325
738	1151
738	1232
738	1342
739	1179
739	1341
740	957
740	1042
741	936
741	1313
742	797
742	1074
742	1112
742	1223
743	1366
744	785
744	1269
745	767
745	937
746	994
746	997
746	1002
746	1237
746	1266
747	1009
747	1058
747	1168
747	1354
748	1084
748	1171
748	1255
748	1297
749	1059
749	1138
749	1345
750	869
750	1173
752	862
753	846
753	1273
755	1052
755	1070
756	1144
756	1146
757	1071
757	1089
758	928
758	1267
759	798
759	979
761	1101
761	1116
762	763
762	1264
763	880
763	940
763	1151
765	1265
766	1305
767	927
769	1251
770	1228
771	1227
772	817
772	880
772	1046
772	1093
772	1111
772	1390
773	1080
774	834
774	1096
774	1276
775	898
775	1045
777	780
777	869
777	935
777	1001
777	1060
777	1353
778	797
778	955
778	1033
779	1051
779	1164
780	797
780	1273
781	1049
782	1286
783	785
783	791
783	1308
784	1097
785	798
786	1032
786	1105
786	1195
787	1238
787	1380
788	839
789	802
789	890
789	1291
791	872
792	1004
793	905
793	1256
794	1118
794	1227
795	1008
795	1263
795	1359
796	1386
798	864
799	1225
799	1229
802	1271
803	1297
804	1179
806	1048
806	1082
808	1366
809	1265
809	1380
810	944
811	1378
813	1378
813	1382
813	1386
814	957
814	999
815	1166
816	892
817	950
817	1360
818	830
818	1132
819	1118
820	1080
821	1081
821	1200
822	969
824	928
824	935
824	941
825	1238
826	831
826	1052
827	1103
828	1174
828	1310
829	964
829	1128
831	869
831	1106
831	1369
832	891
833	943
833	1014
833	1123
833	1285
834	868
834	1303
835	1029
835	1160
836	1213
837	1318
837	1371
839	1282
840	1159
841	1258
842	844
842	1049
842	1224
843	1178
843	1367
844	1217
845	1020
846	1013
846	1086
846	1098
846	1102
846	1317
847	936
848	850
848	1154
849	864
849	1031
849	1290
849	1354
850	1325
851	975
851	1076
852	1324
853	1070
854	1193
856	1071
856	1259
856	1338
857	889
857	1166
859	918
859	1179
859	1275
859	1371
859	1397
860	1277
860	1382
861	882
861	1010
863	875
863	1028
863	1361
864	1074
865	946
865	1117
868	1341
869	906
869	1102
869	1127
869	1195
869	1245
870	936
870	942
870	1039
870	1194
870	1392
871	1150
872	1294
874	1041
874	1085
875	947
875	1192
877	1299
879	1205
879	1333
879	1352
880	926
880	1207
880	1374
881	1186
881	1257
882	1300
883	905
884	1017
884	1035
885	1250
886	891
888	905
888	1190
890	910
890	1389
891	1148
893	916
893	917
893	1003
893	1150
893	1288
894	1048
894	1198
894	1296
895	1213
896	945
896	1029
896	1318
898	1018
898	1164
898	1226
898	1286
901	1008
902	1077
903	1045
903	1276
904	995
904	1040
905	1024
905	1223
906	1072
907	986
909	1065
909	1133
909	1162
911	924
911	974
912	1204
912	1253
913	917
913	1231
913	1340
914	1367
914	1398
915	1003
915	1341
916	1136
917	1083
917	1150
918	1396
921	1017
922	1266
922	1327
924	1290
924	1393
925	928
925	936
925	1051
925	1328
926	964
926	1014
926	1035
928	1135
929	1028
929	1228
929	1328
930	1072
930	1233
931	1188
932	1004
932	1006
933	1017
934	1106
935	1364
937	1289
938	1196
938	1212
939	1023
939	1102
939	1230
939	1333
940	1034
941	1109
942	1277
944	1132
944	1231
945	1356
949	995
949	1140
949	1177
951	1050
951	1115
951	1184
951	1380
953	1217
954	1185
954	1213
954	1363
954	1369
956	1172
956	1248
957	1025
959	1312
960	1098
960	1226
961	1278
962	993
963	976
963	1082
963	1116
963	1350
964	1380
965	1280
967	988
967	1256
968	1053
968	1155
969	1115
971	1349
974	992
974	1023
975	984
975	1028
975	1179
975	1311
977	1047
977	1190
978	1170
982	1118
982	1259
983	1317
985	1290
986	1006
986	1337
987	1019
987	1188
988	1194
988	1235
989	1099
990	1108
992	1038
992	1157
992	1371
994	1015
994	1058
995	1295
997	1017
997	1047
997	1303
998	1180
998	1334
999	1269
1000	1023
1000	1034
1001	1077
1002	1139
1002	1324
1002	1328
1003	1120
1004	1095
1004	1354
1005	1210
1005	1374
1006	1198
1006	1236
1006	1346
1007	1223
1007	1330
1007	1362
1008	1070
1009	1130
1009	1148
1010	1330
1011	1081
1012	1305
1015	1162
1015	1319
1016	1068
1016	1258
1016	1279
1017	1366
1019	1279
1020	1049
1021	1059
1021	1146
1021	1381
1022	1087
1022	1345
1023	1376
1024	1293
1025	1029
1026	1140
1026	1228
1026	1254
1026	1373
1029	1042
1030	1049
1030	1176
1031	1116
1031	1335
1032	1348
1033	1292
1034	1115
1034	1340
1034	1367
1035	1293
1036	1195
1036	1278
1036	1358
1037	1093
1039	1212
1039	1367
1041	1181
1043	1283
1043	1331
1043	1345
1044	1298
1045	1086
1045	1129
1045	1370
1046	1076
1046	1107
1046	1282
1046	1392
1049	1154
1049	1193
1049	1238
1051	1355
1052	1147
1055	1123
1056	1160
1057	1079
1057	1189
1062	1278
1063	1345
1064	1186
1064	1203
1065	1091
1068	1076
1068	1380
1069	1177
1071	1151
1071	1222
1073	1207
1074	1303
1074	1315
1074	1352
1077	1092
1077	1182
1078	1089
1081	1137
1083	1220
1084	1308
1084	1388
1088	1106
1091	1328
1092	1373
1093	1300
1093	1379
1095	1304
1097	1146
1097	1394
1098	1303
1099	1269
1100	1160
1104	1133
1104	1197
1106	1235
1107	1212
1111	1122
1111	1293
1112	1198
1112	1218
1113	1134
1113	1297
1114	1116
1114	1146
1115	1146
1115	1355
1118	1200
1118	1238
1119	1250
1124	1162
1125	1216
1126	1206
1128	1393
1129	1218
1129	1324
1130	1335
1131	1234
1131	1322
1133	1281
1134	1158
1134	1209
1134	1365
1135	1248
1138	1227
1138	1328
1138	1371
1139	1236
1140	1363
1141	1269
1145	1307
1147	1361
1147	1372
1150	1220
1150	1321
1152	1235
1152	1361
1153	1228
1154	1170
1154	1386
1155	1298
1155	1299
1156	1339
1156	1381
1158	1224
1161	1373
1162	1226
1162	1343
1163	1269
1164	1167
1165	1274
1165	1371
1168	1169
1170	1260
1171	1270
1172	1292
1173	1320
1179	1227
1181	1336
1182	1240
1182	1387
1183	1304
1184	1188
1184	1219
1185	1227
1185	1284
1185	1384
1188	1364
1189	1220
1190	1361
1194	1370
1195	1326
1196	1399
1197	1294
1198	1220
1204	1355
1206	1306
1209	1300
1209	1371
1210	1339
1214	1373
1215	1397
1217	1307
1223	1371
1224	1248
1225	1320
1227	1276
1229	1316
1229	1365
1231	1369
1232	1253
1234	1250
1238	1311
1241	1297
1243	1248
1243	1369
1244	1275
1244	1322
1253	1375
1254	1399
1256	1340
1259	1338
1260	1297
1266	1290
1279	1303
1285	1314
1286	1321
1286	1353
1286	1371
1290	1294
1294	1365
1294	1368
1308	1312
1312	1344
1319	1392
1321	1347
1321	1391
1333	1347
1339	1370
1340	1354
1340	1369
1346	1384
1368	1380
1372	1386
1374	1380
1375	1393
1386	1398