0	332
0	721
0	975
0	977
0	1004
0	1080
0	1393
1	121
1	588
1	966
2	168
2	849
2	877
2	950
3	151
3	423
3	680
3	730
4	615
4	953
5	656
5	911
5	1262
6	51
6	544
6	694
6	1320
7	138
7	232
7	326
7	645
7	1125
7	1182
8	309
8	619
8	807
8	864
8	1367
9	12
9	392
9	739
9	917
9	1151
9	1155
9	1234
10	77
10	312
10	623
10	855
11	25
11	676
11	1012
11	1087
11	1168
11	1248
12	74
12	106
12	130
12	194
12	731
12	1179
13	42
13	972
14	567
14	883
14	962
14	997
15	783
16	278
16	743
16	1060
17	37
17	786
17	1009
17	1063
17	1324
18	89
18	313
18	519
18	1040
18	1176
19	29
19	694
19	882
20	84
20	186
20	355
20	682
20	1017
20	1131
21	377
21	385
21	401
21	919
21	1248
22	332
22	702
22	730
22	803
22	830
22	849
22	882
22	929
23	136
23	277
23	414
24	564
24	639
24	959
25	122
25	879
25	927
25	1155
26	278
26	1213
27	210
27	551
27	1022
27	1289
28	165
28	1165
28	1243
28	1288
29	716
29	847
30	237
30	268
30	458
30	972
31	262
31	493
31	515
31	702
31	928
31	1077
32	51
32	531
32	545
32	752
32	918
32	1152
33	754
33	823
33	1244
33	1261
33	1330
34	128
34	497
34	726
34	1214
34	1223
34	1365
35	79
35	92
35	572
35	835
35	890
36	337
36	445
36	487
36	962
36	1393
38	401
38	460
38	1368
39	293
39	951
39	1208
39	1268
40	249
40	627
40	1069
40	1366
41	472
41	571
41	582
41	661
41	663
41	1254
42	495
42	510
42	911
43	233
43	545
43	1142
44	196
44	436
44	863
44	885
44	983
44	1065
44	1268
44	1366
44	1392
45	200
45	424
45	1349
46	420
46	633
47	183
47	559
47	583
47	964
47	991
47	1377
48	387
48	425
48	878
48	1058
48	1085
49	205
49	719
49	1301
50	509
50	556
50	714
50	725
50	1010
51	214
51	314
51	685
51	1250
51	1327
52	70
52	320
52	471
52	750
52	899
52	1217
52	1233
52	1325
53	273
53	1115
54	71
54	303
54	329
54	354
54	709
54	915
54	962
54	1153
54	1219
54	1393
55	196
55	581
55	788
55	977
55	1011
55	1022
55	1186
56	1260
57	686
57	933
57	978
57	1244
58	282
58	311
58	329
58	852
58	1328
58	1384
59	494
59	627
59	638
59	824
59	1313
60	540
60	818
60	964
60	1114
61	388
61	937
62	512
62	758
62	883
62	910
63	681
63	703
63	1288
64	627
64	901
65	360
65	487
65	913
65	1034
65	1067
65	1161
65	1338
66	310
66	987
66	1282
66	1290
66	1306
66	1358
66	1362
67	403
67	692
67	925
68	736
68	892
68	918
68	1035
69	216
69	437
69	855
69	1013
69	1202
70	86
70	219
70	311
70	322
70	734
70	851
70	949
70	1218
71	281
71	453
71	641
71	736
71	1056
71	1156
71	1303
71	1334
72	366
72	466
72	633
72	744
72	775
72	1340
73	134
73	518
74	538
74	974
74	1341
74	1354
75	344
75	539
75	783
75	841
75	934
75	1061
75	1171
75	1229
76	370
76	391
76	926
76	1030
76	1316
77	258
77	853
77	1108
77	1180
77	1319
78	386
78	521
78	608
78	863
78	886
80	107
80	454
80	938
80	1026
81	1227
82	86
82	330
82	350
82	495
82	559
82	560
82	758
82	1201
83	355
83	537
83	716
84	337
84	614
84	688
84	785
84	797
84	908
84	1393
85	533
85	695
85	720
85	938
86	111
86	527
86	715
86	865
86	904
86	1299
87	112
87	341
87	647
87	679
87	1082
87	1170
88	97
88	249
88	697
88	820
88	965
88	1047
89	244
89	895
89	901
89	962
89	1153
90	465
90	472
90	1013
90	1146
91	215
91	502
91	759
91	1269
92	482
92	535
92	939
93	120
93	742
93	751
93	844
93	1015
93	1125
94	278
94	782
94	837
94	1032
94	1094
95	261
95	404
95	506
95	777
95	945
96	193
96	349
96	452
96	511
96	674
97	315
97	596
97	714
98	189
98	768
98	1027
98	1068
99	1147
99	1275
99	1352
100	857
100	946
100	1398
101	138
101	756
101	785
101	1058
102	903
102	1365
103	628
103	712
103	968
103	1117
103	1334
104	364
104	540
104	851
105	154
105	890
105	1330
105	1397
106	227
106	903
107	785
107	1273
108	259
108	358
108	704
108	937
109	250
109	543
109	1104
110	277
110	713
110	1032
110	1186
110	1187
111	131
111	237
111	310
111	915
111	998
111	1091
111	1226
112	137
112	869
112	910
113	403
113	1205
114	337
114	648
114	1248
115	435
115	1058
116	397
116	680
116	946
117	697
117	1064
117	1260
118	155
118	700
119	543
119	935
119	1377
120	137
120	308
120	505
120	664
120	734
120	757
121	348
121	641
121	770
121	892
122	918
122	1044
122	1073
122	1096
123	365
123	368
123	779
123	810
123	1181
123	1224
123	1298
124	147
124	240
124	548
124	635
124	832
124	1399
125	138
125	263
125	507
125	731
125	1337
126	396
126	850
126	1130
126	1258
127	308
127	326
128	274
128	371
128	1007
128	1134
128	1227
129	385
129	398
129	464
129	958
129	1301
129	1370
129	1373
130	979
131	261
131	287
131	533
132	336
132	338
132	383
132	1070
133	1080
133	1307
134	178
134	635
134	741
134	865
134	885
134	894
135	395
135	725
135	728
135	1127
136	500
136	706
136	886
136	963
136	1218
137	528
137	671
137	863
137	1139
138	1197
139	207
139	534
139	548
139	702
139	732
139	757
139	975
139	1139
140	534
140	858
140	976
141	600
141	643
141	1103
142	269
142	703
142	759
142	830
142	836
142	902
142	1120
143	742
143	1021
143	1337
144	472
144	1259
145	974
145	1181
146	238
146	382
146	446
146	1183
147	225
147	249
147	331
148	448
148	494
148	674
148	1049
148	1151
149	677
149	887
149	964
149	1299
150	394
150	538
150	822
150	884
150	901
151	607
151	716
151	1082
151	1243
152	252
152	254
152	340
152	505
152	531
152	780
152	854
152	1141
152	1183
153	273
153	641
153	741
153	862
153	970
154	184
154	727
154	1215
154	1237
155	835
155	1340
155	1382
156	217
156	478
156	752
156	899
156	1061
157	451
157	654
157	714
157	844
157	980
157	1058
157	1333
158	991
158	1176
159	210
159	338
159	349
159	368
159	410
159	653
159	699
160	678
160	687
160	910
160	1213
161	191
161	751
161	772
161	933
161	1046
162	289
162	638
162	743
162	950
162	1289
162	1337
163	392
163	475
163	613
163	1360
164	377
164	495
164	852
165	233
165	481
165	1023
165	1289
166	292
166	326
166	411
166	606
166	945
167	300
167	490
167	822
167	907
167	947
167	995
167	1267
168	229
168	513
168	747
168	797
168	914
168	1325
169	289
169	321
169	376
169	798
170	409
170	514
170	635
170	778
170	933
170	1088
170	1101
170	1393
171	666
171	817
172	414
172	421
172	1006
172	1010
172	1188
173	345
173	444
173	1064
174	505
175	419
175	511
175	846
176	348
177	535
177	1000
177	1251
177	1323
178	747
179	657
179	816
180	487
180	702
180	958
180	1093
180	1267
181	453
181	520
181	747
181	1030
181	1086
181	1298
182	521
182	620
183	252
183	298
183	355
183	787
183	982
183	1337
184	724
184	824
184	1317
185	606
185	883
185	1324
186	566
186	585
187	401
187	784
188	797
188	901
188	1011
188	1254
189	192
189	238
189	407
189	862
189	1220
189	1345
190	394
190	591
190	890
190	898
190	953
191	1292
192	981
192	1102
192	1135
193	861
193	909
193	1290
193	1294
193	1303
194	197
194	912
194	1114
194	1178
194	1371
195	506
195	961
195	1067
196	209
197	696
197	745
198	297
198	366
198	388
198	547
198	1349
199	407
199	489
200	306
200	1190
201	1181
201	1286
202	415
202	439
202	565
202	631
203	1283
204	636
204	780
204	1109
204	1348
205	871
205	1160
206	261
206	301
206	388
206	437
206	726
207	296
207	438
207	683
207	1239
208	217
208	1323
209	1020
210	287
210	327
210	368
210	459
210	505
210	668
210	734
210	756
210	1017
211	997
212	487
212	560
212	785
212	955
212	1001
212	1263
212	1288
213	631
213	920
213	1047
214	752
214	1203
215	380
215	1353
216	737
216	980
217	741
217	1280
218	460
218	808
218	843
218	1084
218	1237
218	1295
220	982
220	1209
220	1212
220	1314
221	261
221	566
221	577
221	813
221	1107
221	1239
222	333
222	882
222	972
222	1029
222	1124
222	1127
222	1186
222	1315
222	1335
223	407
223	812
223	881
223	1157
223	1187
224	431
224	535
224	1271
225	609
225	675
225	689
225	940
225	1061
226	256
226	322
226	349
226	527
226	801
226	834
226	996
227	1379
228	250
228	648
228	886
228	904
229	268
229	595
229	1288
230	233
230	866
230	969
230	1277
231	302
231	808
231	1098
232	555
232	1071
232	1176
233	271
233	320
233	764
233	1182
234	364
234	559
234	841
234	1273
235	623
235	637
235	970
235	1247
235	1318
236	631
236	643
236	722
236	1059
236	1151
236	1216
237	394
237	395
237	705
237	776
237	1108
237	1379
238	406
238	512
238	598
238	935
238	1302
239	800
239	904
239	998
239	1396
240	758
240	1135
240	1240
241	307
241	955
241	1207
241	1287
242	274
242	415
242	604
242	992
243	331
243	342
244	291
244	335
244	392
244	643
245	842
245	991
245	1089
246	525
246	1020
246	1397
246	1399
247	594
247	673
247	783
248	389
248	660
248	1382
249	319
249	1030
250	628
251	509
251	749
251	874
251	879
251	1052
251	1386
252	343
253	472
254	379
254	420
254	1063
254	1117
254	1395
255	371
255	1193
256	662
256	724
256	1067
256	1326
257	654
257	1091
257	1199
257	1281
259	314
259	873
259	879
259	992
259	1106
259	1292
260	446
260	979
260	1044
261	491
261	671
262	456
263	409
263	725
263	1384
264	311
264	359
264	1033
264	1131
264	1359
265	360
265	703
265	769
265	1200
265	1386
266	473
267	616
268	873
268	1080
269	505
269	725
269	1188
269	1365
270	317
270	403
271	569
271	587
271	769
271	906
271	1050
271	1105
271	1307
272	359
272	475
272	565
272	786
272	932
272	1072
272	1168
272	1278
273	322
273	545
274	735
274	1015
274	1338
275	471
276	411
276	510
276	1063
276	1122
276	1149
277	567
277	884
277	1176
277	1261
278	878
278	1198
279	396
279	634
279	1197
280	465
280	1111
280	1250
281	330
281	337
281	1355
283	442
283	767
283	1152
284	589
284	731
285	375
285	771
285	777
286	455
286	809
286	1031
286	1359
287	630
287	802
287	841
287	877
288	611
288	679
288	1182
289	337
289	851
290	312
290	757
290	1341
290	1347
291	649
293	365
293	701
293	836
293	1085
293	1115
294	324
294	1091
295	896
297	598
297	1182
298	351
298	673
298	828
298	1070
299	494
299	686
299	862
299	981
300	610
300	793
300	1131
301	605
301	1007
301	1098
302	461
302	1275
303	461
303	767
303	797
303	1234
304	849
304	862
304	952
304	1335
305	585
305	828
306	981
306	1005
306	1018
307	475
307	670
308	531
308	651
308	928
308	939
309	539
309	666
309	1383
310	610
310	984
310	1125
311	553
311	858
311	871
311	917
311	1265
312	445
312	1046
312	1121
313	737
313	1116
314	396
315	696
315	992
315	1130
316	477
316	496
316	608
316	1278
317	441
317	907
317	1031
317	1155
317	1272
318	463
318	509
318	517
318	662
318	737
318	743
318	1024
318	1035
318	1390
319	562
319	609
319	1392
320	836
320	865
321	493
321	1305
322	1378
323	642
324	495
324	807
324	1180
325	937
326	1004
326	1019
326	1058
327	762
327	862
327	1008
327	1240
328	884
329	366
329	552
329	967
329	1080
329	1198
329	1296
330	632
330	885
330	1124
331	590
331	692
331	1078
331	1099
332	470
332	625
333	364
334	653
334	663
334	792
334	928
334	958
335	1224
336	630
336	788
337	930
337	1218
338	457
338	947
339	513
339	622
339	1370
340	536
340	557
340	812
340	874
340	1309
341	700
341	880
341	1359
342	633
342	940
342	1106
342	1216
343	360
343	459
343	485
343	560
343	1088
344	674
344	773
344	783
344	826
344	886
344	1389
345	1342
346	1049
346	1085
347	1268
347	1285
347	1362
347	1365
348	539
348	600
348	914
349	575
349	1121
349	1157
350	819
350	976
351	534
351	676
351	945
351	1036
352	855
353	609
353	1085
354	528
354	554
354	1044
354	1063
354	1189
354	1380
355	474
355	1105
355	1317
356	1196
357	378
357	430
357	584
357	736
358	770
358	984
358	1174
358	1217
358	1226
358	1267
359	490
359	546
359	1292
360	893
360	903
360	954
360	1093
360	1310
361	468
361	615
361	747
361	1073
361	1140
362	436
362	590
362	1125
362	1191
363	556
363	1176
364	466
364	648
364	755
364	1351
365	762
365	986
366	585
366	667
366	692
366	944
366	1148
366	1188
367	507
367	1245
368	455
368	636
368	642
369	382
369	617
369	883
369	1019
369	1120
369	1165
369	1190
369	1321
369	1362
370	503
370	602
370	738
370	1057
370	1061
370	1065
371	868
371	989
372	379
373	767
373	877
374	703
374	1149
375	637
375	1233
376	589
376	666
376	1041
376	1067
377	1112
378	491
378	784
379	397
379	542
379	1090
379	1180
380	819
380	1067
380	1245
381	678
381	734
381	899
381	926
381	984
382	821
382	876
382	943
382	1216
382	1238
383	433
383	464
383	1117
383	1119
384	536
384	548
384	1103
384	1154
385	516
385	749
386	898
386	1259
386	1302
386	1350
387	488
387	700
387	904
387	1014
387	1017
387	1019
388	494
388	520
388	882
388	1039
388	1273
389	663
389	866
390	1367
391	1036
392	561
392	827
392	840
392	1207
392	1242
393	1327
393	1397
394	600
394	763
394	1027
397	435
397	670
397	791
397	993
397	1103
397	1376
398	476
398	879
398	932
398	1395
399	810
400	618
400	1071
400	1331
401	444
401	582
401	963
401	1026
401	1123
401	1185
402	597
402	645
402	1348
403	1068
403	1179
404	414
404	1392
405	591
405	802
405	842
405	1238
405	1344
406	531
406	1068
406	1116
407	1212
408	456
408	747
408	809
408	811
409	1070
410	632
410	1029
410	1100
411	645
411	654
411	1143
412	927
412	1159
412	1310
412	1354
413	523
414	1249
415	493
415	515
415	603
415	759
415	1352
416	709
416	765
416	1085
417	854
417	902
417	1137
418	1001
418	1057
418	1185
419	714
419	1197
420	1029
420	1233
421	660
421	1354
421	1369
422	992
422	1280
423	868
424	438
425	591
426	866
427	481
428	878
428	888
429	703
429	951
429	1016
430	580
430	832
431	551
431	784
431	980
432	741
432	922
432	935
433	641
433	873
434	848
434	1164
434	1223
434	1236
434	1252
435	970
435	1040
435	1169
435	1284
436	497
436	733
437	764
437	792
437	937
437	1180
437	1388
438	922
438	963
439	702
439	769
439	948
439	1067
439	1115
439	1232
440	550
440	915
440	1154
441	498
441	722
441	1359
442	534
442	1176
443	620
443	898
444	972
444	1317
445	558
445	1277
446	792
446	970
446	1172
446	1225
446	1310
447	694
447	760
447	1148
447	1333
448	598
448	790
448	948
449	741
450	576
450	896
451	673
452	567
452	743
452	1272
453	880
453	1160
453	1392
454	512
454	749
455	577
455	667
455	959
455	1005
455	1123
456	706
456	766
456	1001
456	1024
456	1246
457	499
458	533
458	671
459	1110
459	1276
460	673
460	769
460	1178
460	1199
460	1227
460	1280
460	1298
460	1370
461	838
461	952
461	1096
461	1371
462	605
462	1249
463	718
463	1094
463	1324
464	1020
464	1237
465	497
465	547
465	694
465	699
465	1378
466	976
467	538
467	750
467	1173
467	1249
467	1323
468	651
468	801
468	1209
469	471
469	626
469	782
469	966
469	1343
470	581
470	755
470	789
471	758
471	1208
472	591
472	1061
472	1181
473	562
473	848
473	1153
473	1170
474	1240
475	692
475	1179
475	1226
475	1312
476	662
476	776
476	1396
477	552
477	940
477	1257
478	785
478	1193
479	599
480	788
481	729
481	823
481	896
482	650
482	1135
483	900
484	853
484	860
484	1036
485	564
485	1055
485	1128
486	621
486	973
486	1272
486	1297
486	1334
486	1353
487	566
487	850
487	1266
488	545
488	741
488	845
488	873
489	1164
490	1333
491	1249
492	538
492	1051
492	1103
492	1128
492	1371
493	1139
493	1239
494	996
494	1032
494	1045
494	1047
494	1198
495	628
495	665
495	697
495	892
495	903
495	1094
495	1146
496	866
497	636
497	855
497	1173
497	1188
497	1252
498	499
498	919
498	954
498	1250
499	730
499	878
499	1285
500	624
500	694
500	700
500	1384
501	681
501	1381
502	989
503	1100
503	1223
503	1391
504	765
504	1387
505	567
506	791
506	870
506	1142
507	607
507	1151
508	693
509	538
509	869
509	1186
510	1000
510	1300
510	1308
512	1374
513	1251
514	1229
514	1388
515	1353
516	1044
516	1264
517	690
517	877
517	1114
519	866
519	1303
519	1358
520	783
520	1263
521	874
521	934
521	1114
522	646
522	997
522	1194
523	746
523	1057
524	1039
524	1120
524	1244
525	579
525	621
525	833
526	935
526	1006
527	1155
527	1244
528	697
528	926
528	1031
529	1224
530	578
530	1014
530	1298
531	807
531	935
532	614
532	1379
533	1138
534	975
534	1112
536	648
537	702
537	916
537	988
537	1109
538	816
538	923
538	1304
539	717
539	836
539	1085
540	641
540	962
540	1114
541	550
541	590
541	1305
542	599
542	990
542	1121
543	1111
543	1305
544	907
545	748
545	757
546	647
546	1034
546	1363
547	671
547	849
547	900
548	1187
548	1209
548	1369
549	730
549	823
549	1026
549	1176
550	789
550	1157
550	1354
551	628
551	1045
552	1264
553	610
553	939
553	1067
553	1098
554	786
555	598
555	943
555	1043
555	1379
556	706
556	1077
556	1164
557	1077
558	562
559	611
559	808
559	1087
560	964
560	1132
561	1044
561	1306
563	664
563	822
563	1149
564	576
565	1046
565	1051
565	1240
565	1314
566	578
566	620
566	1097
567	607
567	1382
568	1376
568	1385
569	709
570	933
570	1064
570	1105
571	939
571	1392
573	1194
574	718
574	1359
575	859
575	1134
576	1080
576	1115
576	1167
576	1182
576	1283
577	1046
577	1154
578	772
578	926
578	1140
578	1236
579	837
581	1087
581	1279
583	1036
584	640
584	734
585	1020
585	1054
586	608
586	796
586	992
586	1079
587	645
587	805
587	822
587	1105
588	825
588	1060
588	1268
588	1297
589	776
589	826
589	937
589	1131
589	1175
589	1217
590	1299
590	1381
591	1038
592	645
593	764
593	1068
593	1269
594	1105
594	1272
595	941
595	1145
595	1303
595	1357
596	1217
597	623
597	1238
598	820
598	1094
598	1320
599	737
599	949
599	1124
599	1386
600	985
600	1204
601	756
601	1223
601	1228
601	1390
602	797
602	1384
603	708
603	731
603	1067
603	1112
603	1145
603	1176
604	678
604	694
604	843
604	1299
605	1290
606	1235
606	1323
606	1347
606	1385
607	1296
607	1363
608	884
608	991
609	1237
611	741
611	1032
612	975
612	1132
612	1163
613	1024
616	623
616	1046
616	1100
617	622
618	1077
618	1120
619	672
620	1194
621	733
621	1234
621	1261
621	1365
623	776
623	1283
624	869
624	1032
624	1132
625	834
625	1122
625	1141
626	771
626	861
626	1115
627	1036
627	1073
627	1215
629	1348
630	949
630	950
630	1020
630	1104
631	847
631	948
632	1318
633	900
633	1265
634	1082
634	1103
634	1229
635	1148
636	1052
637	829
637	841
637	860
637	952
637	1062
637	1192
637	1304
638	757
638	1084
638	1163
638	1317
638	1319
639	707
640	837
640	999
641	706
641	859
641	1032
642	835
642	870
643	933
644	774
645	913
645	1153
647	669
648	848
649	1312
650	1159
651	1248
652	1308
653	867
653	986
653	1130
654	817
655	1167
655	1266
655	1361
656	698
656	717
656	879
657	664
657	1002
658	1094
659	661
659	864
659	888
659	995
660	743
660	780
662	838
662	1022
662	1352
663	1299
664	700
664	713
664	1070
665	982
665	1048
665	1375
666	893
666	934
667	763
667	1352
667	1358
670	1182
670	1269
671	834
671	992
671	1360
672	1125
673	853
673	866
673	1065
674	1245
675	922
675	960
675	1225
677	954
677	1334
677	1369
678	1192
678	1273
681	989
682	1159
683	831
683	998
683	1174
684	865
684	1091
684	1175
684	1353
685	813
685	1043
686	883
686	1131
686	1382
687	692
687	706
687	1375
688	695
688	748
688	834
688	1109
689	824
689	891
689	925
689	1097
690	746
690	1068
690	1120
690	1320
691	844
691	1159
691	1275
691	1395
692	857
694	805
694	841
694	848
694	990
694	1152
694	1236
694	1241
695	880
695	1035
695	1386
696	917
696	1136
697	1168
697	1338
697	1353
699	1187
699	1352
700	1243
701	940
702	789
703	871
705	822
705	970
706	1049
706	1176
707	929
707	1101
707	1118
707	1126
707	1184
707	1199
707	1372
708	947
709	964
710	1012
711	777
711	829
711	1133
711	1216
711	1345
712	937
713	795
713	931
715	1092
715	1354
716	838
716	962
716	1234
717	812
717	819
717	834
718	1035
719	979
719	1260
720	1347
720	1387
721	1229
721	1247
722	1017
722	1027
722	1346
723	795
723	813
723	955
723	1129
724	1290
725	1236
727	731
727	916
727	1112
727	1322
728	743
728	750
728	837
728	858
728	888
728	1172
728	1186
728	1322
728	1394
729	951
729	1252
730	868
730	1219
730	1284
731	865
731	1192
731	1378
732	1182
736	955
736	1231
739	958
739	1285
740	1245
741	846
742	1009
742	1230
743	1008
744	1280
745	1184
745	1209
746	1110
746	1257
746	1366
747	1382
748	1061
749	1342
750	897
750	950
750	956
750	1176
750	1274
751	806
751	899
751	1092
751	1355
752	1121
753	1196
753	1371
754	1264
755	768
755	840
756	1234
757	1165
758	1045
758	1186
759	1299
760	764
760	804
760	850
760	1116
760	1235
761	1133
762	948
762	1096
762	1287
763	914
763	1300
765	898
765	1042
765	1323
766	873
766	1156
766	1167
767	894
767	1318
767	1353
768	1158
769	1220
769	1309
770	1196
770	1378
771	922
771	1112
771	1337
771	1394
772	862
772	1017
772	1055
772	1310
774	776
774	843
774	1109
774	1114
775	969
775	1287
775	1309
776	1346
777	1259
778	1339
778	1385
779	1188
780	1000
780	1008
780	1311
781	925
782	815
783	826
784	948
786	1344
787	1185
787	1225
787	1339
788	1179
789	819
789	1218
790	841
790	899
790	933
790	1330
791	1263
792	817
792	878
792	1281
792	1317
793	992
794	1200
795	923
795	1397
796	1340
797	1230
799	882
799	1342
800	1398
801	937
801	1337
802	828
804	1318
804	1369
805	825
805	1055
805	1220
806	1358
807	905
807	959
807	1221
808	876
808	941
809	926
809	1206
810	1013
810	1028
810	1255
811	1101
812	906
814	1119
814	1154
815	935
815	1120
816	955
817	877
818	906
818	1113
818	1169
819	989
819	1011
819	1211
820	883
820	946
820	976
820	1134
822	828
822	899
824	872
824	1226
824	1245
826	879
826	976
827	866
827	1047
827	1098
827	1179
828	1021
828	1345
829	1267
829	1322
830	929
830	998
830	1007
830	1250
831	909
832	901
832	1230
833	1117
833	1216
833	1280
834	1236
835	1051
835	1381
836	865
836	1091
837	1056
837	1356
838	1112
839	1074
839	1127
839	1226
840	1196
841	861
841	1255
841	1257
841	1268
843	1141
844	921
844	1230
845	1079
845	1344
846	978
846	1210
847	990
847	1239
848	928
848	1163
848	1225
850	1305
851	971
851	1332
852	894
852	953
852	1060
853	1126
854	1048
856	1329
857	1045
857	1174
858	1131
858	1141
858	1197
858	1256
860	1307
861	1353
862	1205
863	927
863	1242
864	1219
865	939
866	1064
869	945
870	939
871	885
872	1101
873	1344
873	1367
874	980
874	986
875	1074
876	938
878	1168
878	1379
879	1126
881	1030
881	1206
882	1376
884	1090
884	1390
885	1107
885	1324
886	930
886	1326
886	1384
888	929
888	1211
889	1303
890	1009
890	1067
890	1371
891	985
891	1120
891	1184
892	1022
892	1104
893	1038
893	1250
893	1307
895	960
895	1274
896	1392
897	1017
897	1140
897	1163
897	1200
898	1112
898	1351
899	1105
899	1218
899	1235
900	1059
900	1288
901	965
901	985
901	1089
902	908
902	1125
902	1353
904	1013
904	1018
905	1227
905	1390
906	1001
906	1031
906	1164
907	1267
908	1188
908	1295
910	1144
910	1260
912	1328
912	1338
914	1161
916	1006
916	1334
918	1288
918	1378
919	1042
921	1169
922	1105
922	1193
922	1254
923	1022
923	1375
924	1035
926	929
926	1376
928	1182
928	1370
929	994
929	1167
930	1255
931	986
931	1044
931	1397
933	1164
933	1169
934	1355
935	1010
935	1142
935	1318
936	1271
937	962
937	1175
937	1351
939	1353
942	1310
943	1085
943	1211
945	1276
945	1338
947	1375
949	1135
950	1158
951	991
951	1125
953	1365
954	1065
955	1238
957	1188
957	1231
957	1323
957	1385
959	1060
959	1077
959	1079
960	1055
960	1240
960	1349
961	1292
963	970
963	1334
964	966
964	970
964	1170
965	1083
965	1095
969	970
969	1238
971	1073
971	1250
973	1145
974	1035
974	1041
975	1039
976	1052
976	1330
976	1352
977	1157
979	1185
979	1281
980	1253
981	1049
981	1145
982	1232
982	1358
982	1368
987	1350
988	1384
989	1225
990	1039
991	1049
994	1056
994	1204
995	1032
995	1223
995	1239
996	1306
997	1192
998	1259
999	1062
1000	1218
1001	1151
1001	1260
1002	1348
1003	1239
1004	1137
1005	1248
1009	1194
1009	1250
1009	1309
1010	1034
1010	1180
1012	1386
1013	1351
1014	1141
1014	1306
1014	1343
1015	1115
1015	1159
1015	1344
1016	1213
1018	1337
1021	1047
1021	1112
1022	1065
1022	1138
1023	1249
1023	1335
1025	1032
1025	1265
1026	1057
1026	1206
1027	1152
1027	1281
1027	1332
1030	1203
1032	1105
1033	1361
1034	1154
1034	1195
1037	1211
1039	1041
1042	1063
1043	1085
1046	1125
1046	1132
1047	1079
1048	1127
1051	1220
1053	1308
1054	1290
1055	1280
1056	1169
1056	1239
1056	1306
1057	1381
1061	1282
1061	1346
1065	1220
1065	1368
1066	1168
1066	1366
1067	1153
1067	1339
1068	1151
1070	1320
1070	1343
1072	1095
1072	1239
1075	1294
1076	1324
1076	1366
1077	1098
1077	1149
1077	1287
1080	1263
1081	1088
1084	1243
1086	1194
1086	1312
1087	1123
1087	1136
1088	1265
1089	1324
1090	1162
1090	1238
1092	1222
1092	1342
1093	1145
1094	1168
1095	1121
1096	1141
1097	1123
1097	1132
1098	1338
1099	1209
1100	1238
1102	1291
1103	1124
1103	1177
1105	1181
1106	1389
1109	1292
1109	1360
1110	1134
1110	1283
1113	1153
1114	1370
1116	1169
1121	1206
1121	1293
1123	1175
1124	1207
1125	1204
1125	1225
1130	1390
1133	1231
1133	1399
1134	1252
1135	1290
1137	1216
1138	1308
1138	1377
1139	1195
1139	1356
1140	1193
1142	1256
1142	1312
1145	1232
1150	1242
1151	1355
1152	1242
1153	1239
1156	1279
1159	1351
1160	1328
1163	1318
1164	1387
1165	1231
1166	1380
1168	1348
1171	1177
1171	1296
1175	1304
1176	1177
1177	1223
1178	1242
1179	1261
1179	1341
1180	1206
1180	1278
1180	1343
1181	1226
1182	1202
1183	1258
1183	1280
1185	1366
1190	1227
1193	1322
1194	1265
1194	1307
1197	1346
1198	1243
1198	1322
1199	1201
1199	1249
1200	1333
1203	1206
1204	1283
1207	1219
1209	1324
1211	1213
1214	1323
1217	1360
1224	1325
1227	1251
1231	1257
1232	1290
1235	1366
1238	1255
1238	1268
1238	1395
1240	1349
1241	1270
1246	1313
1246	1332
1248	1278
1252	1268
1252	1301
1256	1300
1258	1329
1259	1318
1261	1312
1263	1277
1265	1336
1266	1352
1271	1289
1274	1318
1274	1324
1277	1316
1280	1286
1281	1364
1281	1375
1282	1397
1289	1302
1289	1339
1290	1297
1297	1340
1302	1345
1309	1391
1311	1366
1311	1395
1313	1361
1316	1363
1317	1395
1320	1322
1323	1350
1324	1393
1325	1380
1329	1393
1336	1399
1343	1367
1358	1392
1360	1378
1362	1363
1389	1397