0	52
0	341
0	773
0	1044
0	1067
1	60
1	68
1	796
1	1279
1	1320
2	21
2	324
2	756
2	836
2	920
2	1376
3	35
3	213
3	334
3	497
4	621
5	28
5	180
5	991
5	1167
6	164
6	193
6	370
6	699
7	14
7	41
7	458
7	624
7	1387
8	77
8	429
8	1367
9	374
9	780
9	1087
9	1109
10	578
10	980
10	998
10	1054
11	150
11	334
12	113
12	842
12	1243
13	390
13	540
13	547
13	660
13	1014
13	1174
14	346
14	539
14	697
14	1125
15	28
15	340
15	354
15	469
15	488
15	585
15	856
15	1080
16	235
16	791
16	1132
17	195
17	410
17	733
17	959
17	1227
17	1229
17	1240
17	1270
18	101
18	591
18	718
18	1081
18	1109
19	511
19	612
19	944
20	228
20	823
20	1059
21	204
21	1150
21	1217
22	61
22	411
22	458
22	584
22	622
22	623
22	927
23	803
23	1145
23	1180
24	1062
24	1070
25	312
25	521
25	539
25	777
25	846
25	1053
25	1384
26	48
26	493
26	694
26	919
26	955
27	616
27	622
27	707
27	768
27	859
27	869
28	64
28	114
28	712
28	737
28	862
28	863
28	1131
29	658
29	1169
30	197
30	378
30	755
30	955
30	1036
30	1067
30	1374
31	1030
32	569
32	822
32	839
32	1104
32	1366
33	253
33	1049
33	1080
34	320
34	588
34	855
34	1110
34	1144
34	1218
34	1227
35	131
35	413
35	489
35	626
35	946
35	1160
35	1279
35	1350
36	780
36	908
37	718
38	423
38	626
38	768
38	845
39	279
39	989
40	215
40	304
40	397
40	535
40	685
40	977
40	1126
40	1393
41	414
41	456
41	696
41	947
41	1199
41	1206
42	525
42	656
42	792
42	857
43	736
43	778
43	1324
44	247
44	593
44	855
44	1284
45	166
45	412
45	766
45	1312
46	115
46	137
46	159
46	639
46	721
46	862
46	983
46	1292
46	1339
47	257
47	432
47	440
47	1106
47	1282
48	296
48	319
48	363
48	480
48	730
48	872
48	1319
49	270
49	404
49	728
49	863
49	1273
50	259
50	521
50	785
51	168
51	218
51	801
51	1031
51	1313
52	569
52	919
52	1003
52	1197
53	131
53	288
53	494
54	287
54	1291
55	568
55	697
55	753
55	990
55	1168
56	340
56	791
56	944
57	101
57	384
57	447
57	944
57	957
57	1123
57	1125
57	1235
58	478
59	281
59	1098
59	1282
60	535
60	778
60	1007
60	1148
61	155
61	964
61	1310
62	307
63	1040
63	1047
63	1288
64	175
64	295
64	821
64	947
64	1088
64	1223
64	1354
65	94
65	176
65	1165
65	1220
66	217
66	871
66	1270
66	1324
67	559
67	655
67	856
67	1088
68	187
68	558
68	589
68	661
68	702
68	1322
69	502
69	811
69	962
69	1231
70	278
70	735
71	603
71	978
72	424
72	786
72	1274
73	84
73	145
73	686
73	942
73	1001
73	1349
74	115
74	340
74	906
74	967
74	1094
74	1302
75	135
75	1043
75	1183
76	286
76	1076
77	164
77	478
77	572
77	585
77	832
77	872
77	912
77	1222
77	1321
78	205
78	494
78	934
78	1043
78	1312
79	613
79	768
79	986
79	1186
80	136
80	617
80	733
80	747
80	830
80	1180
80	1345
81	456
81	584
81	933
82	402
82	410
82	518
82	628
82	936
83	535
83	684
84	351
84	393
84	876
84	1098
85	341
85	744
85	902
85	1129
85	1361
86	344
86	1006
87	302
87	1198
88	507
88	640
88	909
88	1036
88	1336
89	584
89	670
89	1068
90	789
91	289
91	1330
91	1370
92	331
93	527
93	882
93	1174
93	1225
94	494
94	805
94	857
94	953
95	159
95	309
95	455
95	465
95	704
95	738
95	1084
96	459
96	539
96	750
96	753
96	852
97	782
97	1306
98	327
98	1222
98	1336
99	857
99	1321
100	110
100	310
100	478
100	546
100	716
100	973
100	1013
100	1076
101	307
101	317
101	322
101	782
101	843
101	1050
101	1181
102	435
102	457
102	786
102	1308
102	1348
103	248
103	341
103	404
103	999
103	1157
104	187
104	297
104	623
104	956
104	969
105	425
105	1130
106	947
106	1091
106	1365
107	233
107	362
107	1217
108	286
108	566
108	868
108	1051
108	1175
109	641
109	918
109	1115
109	1231
109	1365
110	211
110	327
110	1062
111	308
111	442
111	1055
112	223
112	450
113	121
113	248
113	412
113	458
113	520
113	537
113	972
113	994
114	597
114	870
114	1330
115	400
115	873
116	240
116	406
116	410
116	545
116	916
116	1360
117	856
117	913
117	1047
117	1279
118	1159
119	588
119	1243
119	1363
120	313
120	793
121	328
121	712
121	718
121	1285
122	159
122	172
122	471
122	699
122	1194
122	1301
123	309
123	1066
124	637
124	649
124	687
124	1233
125	149
125	438
125	1120
126	676
127	128
127	539
127	610
127	661
127	861
127	1307
127	1388
128	191
128	249
128	1279
129	446
129	719
129	1334
130	753
130	871
130	977
131	479
131	909
131	1141
132	477
132	525
132	595
132	910
132	990
132	1281
133	770
133	1359
134	144
134	458
134	1112
134	1171
135	243
135	497
135	1041
135	1086
136	691
136	880
136	1022
137	957
137	1125
137	1352
138	923
138	1234
139	299
140	488
140	805
140	972
140	1002
141	700
141	914
141	934
141	1226
142	389
142	477
143	772
143	959
143	1310
144	226
144	436
144	747
144	860
144	912
144	1072
144	1117
145	967
145	1067
145	1327
146	165
146	490
146	635
146	704
147	568
147	762
147	983
147	1095
147	1107
147	1180
148	388
149	755
150	166
150	202
150	313
150	708
150	782
150	1185
150	1196
150	1228
151	1008
151	1178
151	1382
152	427
152	534
152	656
152	1333
153	257
153	871
154	1279
155	636
156	217
157	694
157	1339
158	1044
159	308
159	583
159	621
160	461
160	1114
160	1323
161	301
161	624
161	1202
162	209
162	221
162	421
162	555
162	682
162	1004
162	1072
162	1244
162	1350
163	356
163	1035
164	239
164	557
164	753
164	1102
164	1313
165	197
165	233
165	316
165	759
166	335
166	810
166	817
166	1093
166	1356
167	692
167	1238
168	327
168	419
168	631
169	171
169	716
169	755
169	1136
170	294
170	298
170	407
170	627
170	917
170	1005
170	1273
170	1309
170	1365
171	647
171	712
171	1097
172	487
172	966
172	970
172	1025
172	1184
173	315
173	347
173	353
173	986
173	1088
173	1107
174	352
174	746
174	1333
175	512
176	557
176	748
176	767
176	1011
177	270
177	495
177	542
177	798
177	876
177	1151
177	1375
178	744
178	972
178	1073
178	1079
178	1226
178	1263
179	738
179	1138
179	1355
180	824
180	866
180	876
180	1225
181	274
181	695
181	1277
182	318
182	778
182	824
182	1102
183	190
183	561
183	713
183	716
183	835
183	996
184	197
184	586
184	627
184	811
184	837
184	1005
184	1210
185	276
185	319
185	529
185	1063
185	1314
186	238
186	948
186	988
186	1311
187	228
187	352
187	418
187	437
187	654
187	913
187	972
187	1127
188	779
188	1283
189	197
189	403
190	925
191	571
191	682
191	839
191	1039
192	763
192	1119
193	215
193	813
193	1079
194	649
194	1247
195	660
195	735
195	774
196	555
196	1245
196	1280
197	459
197	461
197	1044
197	1060
197	1283
197	1308
198	962
199	335
199	536
199	766
199	888
200	313
200	432
200	1099
200	1123
201	209
201	220
201	274
201	1004
201	1285
202	341
202	384
202	407
202	414
202	596
202	969
203	439
203	631
203	835
203	1039
203	1277
203	1303
204	364
204	572
204	874
204	921
206	287
206	476
207	352
208	1106
208	1204
208	1312
209	937
209	997
209	1015
209	1050
209	1084
209	1114
209	1119
210	351
210	807
210	970
210	1328
211	465
211	1105
211	1237
212	1077
212	1192
212	1368
213	283
213	367
213	1022
213	1212
213	1391
214	374
214	869
214	952
215	465
216	570
216	717
216	918
217	258
217	549
217	999
218	266
218	1012
218	1098
218	1100
219	397
219	649
219	709
219	816
220	397
220	680
220	714
220	886
220	928
220	1174
221	281
221	309
221	608
221	622
221	1234
222	276
222	914
222	1074
222	1098
222	1316
222	1346
222	1359
222	1380
223	619
223	794
223	922
224	693
224	1380
225	311
225	656
225	1125
225	1297
226	411
226	849
226	1083
227	533
227	870
227	950
227	970
227	1037
227	1157
227	1317
227	1367
228	803
228	1250
228	1266
229	599
229	727
229	825
230	381
230	386
230	668
230	800
230	857
230	1398
231	365
231	395
231	639
231	663
232	282
232	1130
233	426
233	581
233	692
233	908
233	1267
234	371
234	452
234	523
234	619
234	743
234	1110
234	1115
235	681
235	1106
236	486
236	607
236	668
236	873
236	1062
237	253
237	832
237	1184
238	396
238	559
238	748
238	1047
238	1088
238	1315
239	308
239	698
239	1296
240	485
240	875
240	897
240	898
240	1377
241	335
241	391
241	805
241	1285
241	1362
242	296
243	420
243	678
243	948
243	968
243	1131
243	1282
244	603
244	988
245	1227
246	1082
247	353
247	567
247	632
247	669
247	1370
248	938
248	1180
249	709
249	730
249	1352
250	1118
250	1271
250	1316
250	1375
251	805
251	1294
252	878
252	1132
252	1208
252	1306
253	448
253	992
254	284
254	356
254	1337
255	1112
255	1366
256	512
256	754
257	785
258	358
258	1035
259	395
259	496
259	799
260	694
261	489
261	583
261	786
262	940
262	943
262	1006
262	1143
262	1364
263	720
263	790
264	743
265	428
265	644
265	724
265	873
266	514
266	516
266	704
266	997
266	1087
267	282
267	638
267	969
267	1126
267	1151
268	344
268	784
268	991
268	1192
268	1388
269	380
269	968
269	1347
270	407
270	690
270	1080
270	1163
270	1338
271	341
271	667
271	1151
271	1160
271	1388
272	907
273	486
274	671
274	793
274	970
274	1022
274	1397
275	842
275	961
275	1073
275	1206
276	569
276	765
276	907
276	1032
277	386
277	449
278	378
278	626
279	441
280	410
280	853
280	1332
281	459
281	573
281	691
281	697
281	926
281	976
282	497
282	749
282	1151
283	531
283	718
283	837
283	1028
283	1176
284	756
285	414
285	1140
286	390
286	731
286	797
286	798
286	965
287	757
287	1183
288	964
288	1297
289	525
289	880
289	1355
290	559
290	656
290	845
290	905
290	919
290	1202
291	298
291	807
291	853
292	718
293	488
294	416
294	864
295	359
295	366
295	1052
295	1398
296	421
296	605
296	771
297	741
297	804
297	888
297	1300
297	1338
298	1011
299	337
299	1227
300	432
301	586
302	350
302	650
302	802
302	1322
303	819
303	956
303	1164
303	1387
304	505
304	1015
304	1176
305	634
306	933
306	970
306	1263
307	722
307	1258
308	677
308	1354
309	320
310	926
311	696
311	811
312	361
312	796
312	842
312	901
312	926
312	941
312	1147
312	1160
312	1225
312	1243
312	1245
312	1351
313	362
313	1294
314	648
314	938
315	330
315	481
315	522
315	627
315	1085
316	414
316	567
316	1170
317	509
317	1296
318	387
318	404
318	779
319	873
319	911
319	1323
320	358
320	550
320	851
321	1380
322	837
322	924
322	1359
323	538
323	668
324	1026
324	1142
324	1385
325	433
325	608
325	787
325	828
325	1129
325	1196
326	533
326	652
326	840
326	1032
327	636
327	954
328	1021
328	1237
328	1243
328	1272
329	824
329	1208
329	1390
330	490
331	489
331	849
332	375
332	455
333	631
333	762
334	343
334	379
334	748
334	882
335	878
335	1078
335	1329
336	531
336	625
336	818
336	1286
337	644
337	760
337	1062
337	1338
338	878
338	1266
339	535
339	1064
340	1342
341	377
341	697
341	890
341	959
341	1095
341	1351
342	521
342	723
343	568
343	1256
344	369
344	465
344	754
344	1005
344	1153
344	1159
344	1268
345	611
345	815
346	1297
347	713
347	900
347	1081
348	511
348	735
348	1277
349	754
350	571
350	575
350	961
350	1172
350	1218
351	538
351	805
351	1069
352	1225
352	1277
353	542
353	705
353	1034
353	1223
354	929
354	973
354	1211
354	1257
355	809
355	898
357	524
357	834
357	1167
358	886
358	1122
358	1215
358	1230
359	492
359	862
359	1055
359	1394
360	1207
361	418
361	586
361	655
361	678
361	695
361	708
361	781
361	1143
362	701
364	726
364	1246
365	372
365	616
365	714
365	1315
366	517
366	531
366	593
366	694
366	1074
367	1211
368	393
368	931
368	986
368	1071
369	401
369	434
371	1269
371	1278
372	535
372	714
372	1146
372	1168
373	605
373	688
373	701
373	1244
374	431
374	1398
375	461
375	497
375	676
375	866
375	990
375	1332
376	532
376	790
376	1261
377	761
377	1129
377	1164
378	394
378	764
378	881
378	949
378	1126
378	1199
378	1374
379	1047
380	442
380	447
380	1059
381	791
382	539
383	469
383	611
383	701
383	874
384	795
384	843
384	949
385	612
385	908
385	1380
386	457
386	935
386	976
386	1398
387	1291
388	660
388	674
389	772
389	811
389	1176
389	1248
390	635
390	846
390	1134
391	698
391	1373
392	650
392	1010
392	1142
393	418
393	715
393	1214
395	407
395	1048
396	562
396	644
396	893
396	920
396	1140
396	1220
396	1262
396	1298
396	1345
398	496
398	1096
399	428
399	475
400	941
400	1186
401	406
401	451
401	876
402	580
402	1107
403	712
403	732
403	751
403	928
403	1134
404	887
404	892
404	911
404	990
404	1167
405	995
406	927
407	1100
407	1215
408	771
408	772
408	1286
409	1031
409	1318
409	1396
410	637
410	1222
411	414
411	983
411	1029
411	1056
412	882
413	502
413	550
413	761
413	840
413	905
413	964
413	1381
414	537
414	944
414	1307
415	474
415	521
415	691
415	911
415	1118
417	1103
417	1171
418	547
418	1110
419	429
419	1191
420	448
420	856
420	1073
421	704
421	1177
422	580
422	1315
423	435
423	509
423	871
423	1323
424	831
424	1047
424	1136
424	1194
424	1198
425	540
425	552
425	982
426	695
426	768
427	447
427	743
427	896
428	680
428	701
429	1157
430	493
431	464
431	1020
431	1140
431	1169
431	1187
431	1298
431	1329
432	531
432	923
432	1396
433	499
433	521
433	1199
434	708
434	862
435	723
435	877
435	992
435	1069
435	1091
435	1206
435	1286
436	1079
436	1130
436	1203
437	1213
438	640
438	918
438	1357
439	598
439	891
439	926
440	1198
441	866
441	982
441	1295
442	641
442	1175
442	1350
442	1361
443	870
443	1030
443	1305
443	1361
444	852
444	929
445	524
445	596
445	598
446	549
446	878
446	1109
446	1111
446	1198
446	1320
447	1102
447	1213
448	541
448	650
448	1168
449	658
449	873
449	972
450	498
450	692
450	738
451	847
451	1012
451	1222
452	503
452	722
452	746
452	1393
453	835
453	1119
454	1007
455	572
455	783
455	808
455	994
455	1001
455	1222
455	1334
456	510
457	754
457	764
457	1350
459	650
460	960
460	1170
461	597
461	994
461	1039
461	1279
462	529
462	1053
462	1352
462	1390
463	546
463	1370
464	1136
465	912
466	523
466	668
466	1032
467	582
467	990
467	1129
468	689
468	963
468	1079
468	1215
468	1260
469	848
469	892
470	568
470	1093
471	534
471	1147
471	1206
471	1267
472	491
472	937
473	862
473	1005
473	1073
474	696
474	964
474	1040
474	1196
475	874
475	1312
475	1395
476	532
476	566
476	755
476	902
476	1249
476	1278
477	585
477	1316
478	807
478	992
478	1120
479	737
480	994
481	570
481	1311
482	694
482	946
483	746
483	777
483	965
483	1012
483	1044
483	1125
484	1023
484	1079
484	1367
485	509
485	822
485	828
485	1138
485	1140
486	811
486	820
487	703
488	939
488	1122
489	786
489	1167
490	752
490	772
490	1017
491	598
491	1356
491	1392
492	833
492	925
492	1035
492	1047
492	1189
493	945
493	1122
494	1190
494	1249
494	1361
494	1364
495	561
495	599
495	965
495	1230
496	540
496	1215
497	1056
497	1102
497	1229
498	1194
499	662
499	802
499	849
499	1387
500	912
501	784
501	1331
502	1078
502	1120
502	1336
503	1025
503	1063
504	1031
505	843
505	855
505	939
505	961
505	1144
505	1260
506	608
506	1215
506	1267
507	599
507	692
507	861
508	679
508	816
508	916
508	1284
509	662
509	810
509	1061
509	1297
509	1335
510	700
510	769
510	900
510	962
510	1315
511	677
511	817
511	1179
511	1369
512	605
512	814
512	837
512	1292
512	1390
513	768
513	817
513	925
513	1067
514	651
514	1104
514	1146
514	1341
515	982
516	595
517	574
517	1337
518	573
518	865
518	1197
519	777
519	1214
519	1300
519	1357
520	922
520	1123
521	618
521	873
522	530
522	899
522	994
522	1081
522	1087
523	573
525	657
525	842
525	921
525	922
525	944
525	1171
525	1321
525	1328
526	719
526	977
526	1133
526	1152
526	1327
527	776
527	1075
527	1191
527	1199
527	1399
528	1214
529	694
529	1166
529	1199
529	1372
530	630
530	1055
530	1352
531	561
531	886
531	945
531	1029
532	831
533	551
533	576
533	644
533	1132
533	1220
536	812
536	1128
536	1135
536	1214
537	951
537	1041
538	1061
538	1305
540	849
540	1042
541	1001
541	1117
541	1269
542	716
542	1110
542	1386
543	1011
543	1040
543	1238
544	877
545	1082
545	1089
545	1192
546	925
546	929
546	1046
546	1398
547	1029
548	885
549	666
550	595
550	608
550	920
550	1161
551	1013
551	1255
551	1355
552	1216
553	639
554	564
554	682
555	976
556	1171
556	1259
556	1364
557	796
558	862
558	1340
558	1385
560	769
560	1305
561	1046
561	1310
562	721
562	834
562	1332
563	870
563	1099
563	1382
564	677
564	809
564	1162
565	891
566	705
566	735
566	912
567	818
567	1227
568	588
568	728
568	736
568	821
568	932
569	721
569	933
569	1195
570	626
570	672
570	774
570	1179
571	600
571	655
571	1354
572	894
573	719
573	938
573	981
573	1290
573	1340
574	576
574	973
574	1096
575	1186
576	744
577	1040
577	1084
577	1281
578	710
578	1110
578	1150
579	801
579	1304
579	1378
580	682
580	1199
580	1392
581	1219
581	1283
581	1304
583	944
583	1377
584	1198
584	1212
585	612
585	688
585	1012
585	1040
585	1085
585	1096
586	1185
586	1326
586	1333
587	1060
588	864
588	1050
589	619
589	733
589	821
589	1205
590	788
590	1378
591	772
591	999
591	1148
592	981
593	620
594	722
594	776
594	1055
595	795
595	1096
595	1334
597	1273
597	1302
598	1045
598	1242
599	855
600	1276
601	1110
601	1343
601	1366
602	799
602	954
602	1016
602	1194
602	1289
603	1282
603	1382
604	701
604	704
605	819
605	867
605	875
605	1246
605	1254
606	1032
607	1087
607	1125
607	1348
608	1148
608	1167
608	1184
609	1017
610	648
610	881
610	1081
611	643
611	714
611	802
611	1345
612	825
613	870
613	1210
613	1295
613	1376
614	866
615	713
615	879
615	1191
616	971
616	1317
617	797
617	886
617	894
617	1346
618	686
618	1275
620	1026
620	1116
620	1127
620	1191
620	1281
620	1335
621	1156
622	962
622	1391
623	740
624	1093
625	632
625	1017
625	1027
625	1121
625	1389
626	1104
626	1121
626	1177
626	1284
626	1327
628	920
629	714
630	1275
630	1347
630	1348
631	1000
631	1383
632	1120
633	812
633	1153
633	1184
634	637
634	1291
635	815
635	1218
635	1265
635	1307
636	863
636	905
637	991
637	1246
637	1322
639	963
639	968
639	1037
640	785
640	1185
640	1214
641	1348
641	1379
642	675
642	1150
642	1167
645	1165
646	1014
646	1335
647	802
647	1073
648	757
648	1276
649	664
650	840
650	959
650	1331
650	1366
651	711
651	1034
651	1121
651	1130
653	1215
655	1018
656	691
656	1120
656	1216
656	1315
656	1329
657	1241
658	919
658	1080
658	1127
658	1135
659	795
659	1031
659	1088
659	1371
660	743
660	1107
660	1224
660	1327
661	1056
662	1040
662	1279
663	770
663	877
663	1037
663	1078
663	1156
664	801
664	1302
664	1342
665	787
665	1076
666	830
666	840
666	933
666	948
666	1277
668	1181
668	1358
669	980
669	1287
670	699
670	940
670	1089
671	676
671	723
671	1270
672	1095
672	1300
672	1391
673	725
673	936
673	969
673	1123
674	924
675	929
675	1075
676	734
676	1056
676	1388
677	1092
677	1333
678	816
678	1114
678	1261
679	954
679	965
679	985
680	776
681	953
682	768
682	876
682	1088
682	1162
683	908
683	1043
683	1083
683	1141
683	1202
686	857
687	1353
688	764
688	891
689	713
689	924
690	810
690	1076
690	1114
691	1350
693	742
693	1186
693	1216
694	1202
695	1005
696	930
697	829
697	912
697	1037
697	1061
697	1260
698	791
698	1391
699	775
700	749
700	893
700	1354
701	805
701	997
701	1299
701	1314
702	844
702	921
702	1358
703	738
703	1010
703	1023
703	1142
704	1215
704	1301
705	969
705	1138
706	838
707	715
707	985
708	745
708	1125
708	1272
708	1349
709	750
709	1166
709	1219
710	783
710	890
710	1039
710	1115
710	1232
710	1306
711	1134
712	860
713	1037
715	1040
715	1103
716	852
716	924
716	1110
716	1341
717	918
717	1108
717	1154
717	1350
718	1276
719	935
719	992
719	1059
720	1108
720	1110
720	1115
720	1291
720	1342
721	1254
723	996
724	1309
725	1124
726	793
726	1390
727	818
727	888
728	786
728	821
728	1168
728	1314
728	1321
728	1352
729	739
729	1268
730	1067
732	1267
736	1002
737	767
737	1189
737	1247
737	1333
738	882
738	928
738	1172
739	876
739	986
739	1211
740	930
741	830
742	1308
742	1325
742	1364
743	859
743	1179
743	1251
743	1348
744	1173
744	1175
744	1381
745	837
745	1166
745	1397
747	1124
748	1184
748	1362
749	806
749	811
749	897
749	1008
749	1308
750	803
750	1324
751	768
751	963
751	1024
751	1113
751	1273
752	807
752	1160
753	907
753	997
754	1079
754	1172
757	1110
757	1185
758	1381
759	827
759	1068
759	1102
759	1233
761	774
762	1152
766	797
766	1282
767	1008
767	1009
767	1191
768	901
768	938
768	1186
768	1236
769	781
769	791
769	824
769	915
769	967
769	1169
770	928
770	1284
770	1294
771	1209
772	964
772	1253
772	1275
772	1288
772	1323
772	1326
772	1329
775	926
775	1130
776	1172
776	1398
777	1320
778	1005
780	1393
781	1230
782	1318
783	1381
783	1385
784	1258
785	826
786	798
786	1196
787	948
787	1320
787	1363
789	917
789	1064
790	1242
791	915
791	1039
791	1056
793	1362
793	1398
794	1214
794	1226
794	1385
794	1391
796	1157
796	1236
796	1257
797	1139
797	1271
798	988
798	1375
799	829
799	1188
800	961
800	982
800	1344
801	1298
802	1176
802	1214
802	1311
802	1377
803	1389
804	1037
804	1327
806	886
806	1182
807	936
808	942
808	1069
809	1058
809	1066
809	1125
809	1334
811	1160
811	1245
811	1357
812	895
812	1254
813	1194
813	1199
814	962
814	980
816	1031
816	1190
817	890
817	1183
817	1212
818	945
819	1130
820	905
820	971
820	1148
821	1108
821	1302
822	1246
823	1189
824	850
824	960
826	1119
828	830
828	1303
829	998
829	1298
830	1065
830	1088
830	1326
830	1350
830	1370
830	1376
832	847
833	856
833	926
833	1024
833	1240
833	1330
835	904
835	1233
837	992
839	1127
839	1399
840	1316
841	906
842	929
842	1164
843	1154
844	1204
845	1165
846	940
847	937
847	1161
847	1302
848	990
848	1108
848	1143
848	1187
848	1244
850	987
851	1345
852	930
854	907
854	1066
854	1345
855	939
855	1106
855	1189
855	1241
856	1312
858	1359
860	869
860	955
860	963
860	973
860	987
860	1006
861	1243
862	1267
863	1148
863	1157
865	938
865	1149
865	1170
865	1220
866	1070
866	1184
866	1334
869	1105
869	1260
871	872
871	959
871	975
871	1108
871	1175
871	1187
871	1313
873	1273
873	1396
874	959
874	1268
874	1336
875	995
876	884
876	1047
876	1232
878	990
878	1219
879	1338
879	1377
880	1076
881	1081
881	1300
882	1385
883	1219
883	1331
884	928
884	937
884	1397
886	1023
886	1283
886	1351
887	1257
888	1100
888	1221
888	1318
888	1327
889	1002
891	909
891	1002
891	1012
892	1341
893	926
896	927
896	1089
896	1386
897	916
897	1114
898	986
899	931
900	999
901	1077
901	1093
902	940
903	1051
903	1184
904	1079
906	935
906	1142
906	1257
909	1116
909	1253
910	1004
911	1395
912	1387
912	1395
913	1050
913	1292
915	1082
916	1396
917	941
918	1250
919	1123
921	1359
922	1052
924	1125
925	1321
925	1340
925	1395
927	965
927	1391
928	931
929	963
929	1125
930	1264
931	1368
936	1028
938	1045
938	1215
938	1361
939	1189
940	949
940	1262
941	1048
944	1229
944	1395
945	1082
945	1310
946	966
947	1124
948	993
949	1099
949	1264
951	956
951	1162
952	1395
953	1058
953	1185
955	1026
955	1031
955	1059
955	1177
955	1307
956	1020
956	1179
956	1252
956	1291
957	1078
957	1091
957	1104
957	1154
957	1176
958	1057
958	1240
959	1190
959	1299
960	1106
960	1117
962	1203
963	1246
966	1219
968	1106
968	1282
969	1336
970	1154
972	997
972	1268
972	1289
973	1379
974	1312
974	1397
975	1047
975	1070
976	1361
978	1160
979	1125
979	1387
981	1017
981	1286
981	1385
982	1145
982	1259
983	1032
983	1135
983	1239
984	1386
985	1332
986	1096
986	1316
986	1390
987	1041
987	1199
987	1202
987	1374
988	1105
988	1143
988	1290
989	1114
989	1215
989	1235
989	1238
991	1133
991	1143
991	1341
995	1012
996	1287
996	1356
997	1127
997	1360
999	1068
999	1110
999	1124
1000	1238
1001	1186
1002	1012
1002	1072
1002	1090
1002	1213
1004	1038
1004	1066
1006	1267
1007	1029
1008	1355
1009	1231
1011	1150
1011	1265
1011	1354
1013	1018
1013	1361
1019	1060
1019	1067
1019	1121
1021	1233
1021	1330
1021	1331
1021	1392
1022	1044
1022	1150
1022	1226
1023	1175
1024	1210
1024	1336
1026	1387
1028	1076
1028	1201
1031	1264
1032	1177
1032	1251
1033	1110
1033	1164
1039	1309
1040	1144
1040	1168
1040	1234
1040	1246
1040	1252
1040	1284
1041	1120
1043	1233
1045	1181
1045	1378
1046	1237
1047	1271
1048	1058
1048	1262
1049	1279
1050	1122
1056	1218
1056	1338
1057	1249
1058	1149
1058	1211
1059	1198
1061	1076
1063	1184
1064	1208
1066	1195
1066	1253
1068	1271
1068	1364
1068	1376
1070	1216
1070	1261
1070	1266
1073	1237
1075	1238
1075	1270
1075	1326
1076	1379
1076	1383
1077	1359
1078	1229
1078	1235
1078	1276
1080	1384
1081	1102
1081	1239
1082	1278
1082	1279
1083	1230
1083	1240
1085	1159
1087	1348
1088	1118
1088	1219
1089	1185
1089	1373
1090	1110
1091	1126
1091	1359
1096	1188
1097	1194
1097	1340
1097	1350
1098	1160
1099	1202
1099	1396
1101	1320
1102	1182
1103	1269
1105	1274
1106	1151
1107	1308
1108	1183
1108	1262
1109	1202
1110	1285
1111	1341
1111	1379
1112	1214
1114	1231
1116	1262
1119	1393
1120	1131
1120	1172
1120	1245
1120	1294
1125	1181
1126	1248
1130	1165
1130	1249
1131	1214
1131	1350
1134	1294
1137	1248
1137	1381
1141	1215
1143	1272
1145	1310
1146	1333
1148	1152
1149	1272
1151	1299
1152	1200
1152	1309
1155	1191
1155	1215
1156	1392
1158	1212
1158	1235
1160	1370
1163	1233
1166	1257
1168	1310
1172	1225
1173	1300
1174	1181
1175	1332
1177	1225
1179	1335
1179	1381
1180	1195
1181	1190
1181	1236
1184	1301
1185	1193
1185	1378
1188	1218
1192	1382
1194	1357
1195	1301
1198	1231
1198	1365
1201	1281
1205	1251
1206	1349
1207	1220
1208	1338
1212	1372
1214	1374
1215	1264
1218	1324
1220	1369
1222	1241
1222	1323
1228	1241
1231	1269
1236	1323
1238	1248
1242	1313
1243	1261
1245	1359
1250	1292
1252	1293
1252	1342
1252	1394
1256	1263
1260	1336
1264	1342
1265	1360
1271	1283
1271	1378
1278	1360
1278	1392
1281	1310
1284	1338
1285	1320
1287	1294
1288	1380
1289	1388
1292	1305
1293	1360
1294	1363
1295	1342
1295	1357
1296	1325
1307	1357
1310	1372
1312	1340
1314	1319
1319	1368
1320	1390
1323	1385
1334	1377
1348	1361
1361	1381
1367	1393
1367	1399
1374	1381
1380	1381