0	485
0	519
0	661
0	719
0	989
0	1301
0	1313
1	224
1	502
1	1221
2	188
2	314
2	432
2	1335
3	564
3	569
3	985
4	117
4	433
4	445
4	611
4	1089
5	53
5	97
5	142
5	226
5	537
5	618
5	662
5	663
5	870
5	1290
6	680
6	728
6	1321
7	405
7	431
7	482
7	635
7	779
7	990
7	1210
8	164
8	189
8	388
8	536
8	657
8	1115
8	1380
9	54
9	103
9	499
9	512
10	491
10	545
10	654
10	712
10	1086
11	952
11	1232
12	371
12	625
12	728
13	128
13	326
13	358
13	462
13	890
14	46
14	109
14	167
14	309
14	855
14	1118
15	354
15	445
15	822
15	1240
16	334
16	409
16	1081
17	321
17	579
17	993
17	1146
18	177
18	1126
18	1146
19	196
19	594
19	687
19	793
20	1042
21	801
22	299
22	404
22	795
22	809
22	833
22	887
22	939
22	1104
23	195
23	595
23	871
24	180
24	229
24	572
25	73
25	223
25	356
25	630
25	637
25	1048
25	1346
26	147
26	313
26	849
26	934
26	1004
26	1010
27	50
27	348
27	865
27	1057
27	1143
28	214
28	517
28	773
28	798
29	65
29	274
29	1215
30	83
30	937
30	1387
31	929
31	1171
32	692
32	977
32	994
32	1127
33	148
33	157
33	558
33	701
34	102
34	515
35	104
35	263
35	624
35	1113
36	478
36	1084
36	1212
37	73
37	438
37	625
37	820
37	987
37	1124
37	1271
37	1318
37	1392
38	138
38	919
38	955
38	999
38	1038
39	339
39	351
39	378
39	1370
40	158
40	336
40	817
40	1060
40	1150
40	1282
41	147
41	523
41	812
41	927
41	1027
42	1132
43	59
43	263
44	444
44	509
44	1029
44	1113
44	1146
45	864
45	1203
45	1245
46	304
46	411
46	466
46	486
46	502
46	863
46	1000
46	1381
47	407
47	587
47	768
47	1271
48	419
48	654
48	693
48	728
48	811
48	1061
48	1283
49	199
49	575
49	924
50	143
50	805
50	1222
51	629
51	825
52	873
52	914
52	1190
53	280
53	327
53	720
53	1057
54	285
54	513
54	1054
54	1191
55	670
55	792
55	1053
56	611
56	908
57	549
57	655
57	784
57	839
57	931
57	1128
58	106
58	143
58	458
58	596
58	715
59	209
59	947
59	1011
60	744
60	900
60	1141
61	249
61	532
61	574
61	1046
61	1163
61	1299
62	203
62	584
62	1153
63	654
63	694
63	1053
63	1098
63	1266
63	1282
64	322
64	362
64	518
65	352
65	1149
65	1164
65	1335
66	177
66	565
66	726
66	1176
66	1190
67	493
67	733
67	1149
67	1155
68	329
68	791
68	1262
68	1379
69	574
69	701
69	1286
70	118
70	162
70	357
70	437
70	848
70	1302
70	1383
71	124
71	624
71	869
71	1190
72	518
72	642
72	926
72	1058
72	1222
73	205
73	623
73	906
73	1367
74	166
74	421
74	714
75	353
75	387
75	720
75	849
75	1309
76	384
76	508
76	701
76	776
76	795
77	274
77	596
77	611
77	827
77	996
77	1065
77	1397
78	628
78	632
78	741
78	801
78	1191
79	348
79	1003
79	1069
79	1219
79	1386
80	89
80	110
80	147
80	257
80	433
80	536
80	555
80	706
80	912
80	1316
81	242
81	481
81	1076
81	1113
82	744
82	753
82	1139
83	637
83	929
83	1085
84	686
84	1160
84	1222
84	1314
85	124
85	175
85	224
85	426
86	138
86	192
86	500
86	640
86	1348
86	1391
87	179
87	484
87	671
87	809
88	118
88	244
88	285
88	682
88	724
88	1253
89	569
89	671
89	808
89	1012
89	1148
90	564
90	616
90	642
90	985
90	1182
91	780
92	174
92	1275
92	1292
93	426
93	483
93	780
93	1137
93	1162
93	1213
94	151
94	682
94	1002
95	223
95	425
95	716
95	1102
96	130
96	1254
96	1396
97	287
97	851
97	1339
98	889
99	278
99	680
99	767
99	1072
100	524
100	754
100	810
100	1267
101	591
101	1186
102	781
102	1162
103	182
103	832
103	893
103	1011
103	1397
104	166
104	502
104	823
104	930
104	1063
104	1320
105	577
105	1282
105	1293
105	1311
106	485
106	659
106	1016
106	1102
106	1332
107	113
107	225
107	508
107	686
107	1047
107	1223
108	122
108	384
108	857
108	1131
109	434
109	895
109	994
110	131
110	160
110	296
110	539
110	594
110	648
110	1022
110	1262
111	296
111	482
111	930
111	1034
111	1191
112	160
112	276
112	714
112	1142
113	558
113	1221
114	870
114	941
115	304
115	742
115	1067
115	1165
115	1174
116	194
116	618
116	717
116	759
116	1139
116	1293
117	522
117	660
117	673
117	679
117	1072
118	184
118	279
118	1016
119	735
119	942
120	301
120	488
120	720
120	1346
121	157
121	275
121	1204
121	1366
122	224
122	329
122	651
122	913
123	228
123	327
123	647
123	661
123	684
123	822
123	1013
124	343
124	363
124	582
124	983
124	1142
125	163
125	245
125	504
125	510
125	524
125	942
125	1248
126	605
126	1146
127	295
127	535
127	813
127	838
127	953
128	1127
128	1171
128	1380
129	946
129	1136
129	1207
130	346
130	865
130	912
131	492
131	546
131	814
131	1366
132	656
132	869
133	686
133	804
133	1023
133	1264
134	932
134	1338
135	860
135	864
135	964
135	1036
135	1297
136	697
136	999
136	1200
137	233
137	335
137	441
137	513
138	451
138	858
138	1145
139	469
139	597
139	992
140	544
140	1193
141	617
141	993
141	1231
143	196
143	313
143	595
143	866
143	1002
144	382
144	1152
144	1168
144	1336
145	252
146	922
147	204
147	371
147	1313
147	1359
148	174
148	360
148	382
148	701
149	359
149	675
149	1063
149	1373
150	553
150	1019
150	1055
150	1349
151	264
151	459
151	505
151	908
151	917
151	930
151	1171
152	500
152	629
153	191
153	197
153	330
153	468
153	896
153	1031
154	155
154	630
154	1194
155	392
155	501
156	490
156	492
156	748
156	1152
157	766
157	942
157	1290
158	271
158	345
158	951
158	1357
159	495
159	846
159	1313
160	176
160	612
160	896
160	971
161	264
161	496
161	1077
161	1150
161	1181
162	199
162	308
162	339
162	824
162	915
163	230
163	898
163	1041
164	301
164	1057
164	1101
164	1123
165	324
165	538
165	969
166	262
166	596
166	823
166	1060
167	296
167	374
167	877
167	1005
168	389
168	796
168	1206
169	710
169	951
169	1232
170	1036
170	1049
171	214
171	652
171	667
171	816
171	1077
171	1255
172	324
172	363
172	867
172	1106
172	1165
172	1262
173	182
173	183
173	388
173	1398
174	763
175	1008
175	1010
176	290
176	301
176	528
176	563
176	946
176	989
176	1379
177	691
177	787
177	888
178	496
178	695
178	850
178	883
178	959
178	1181
178	1270
179	234
179	361
179	743
179	834
179	1057
179	1117
179	1126
179	1324
180	1035
181	575
181	622
181	1025
181	1169
181	1201
182	1351
183	399
183	501
183	629
183	1167
183	1261
184	234
184	549
184	614
184	873
184	1261
185	187
185	635
185	1081
185	1257
185	1315
186	720
186	1288
186	1360
187	218
187	227
187	295
187	779
187	1139
187	1154
187	1198
188	566
188	1085
189	644
189	1048
189	1114
189	1126
190	409
190	666
191	267
191	689
191	1198
191	1353
191	1354
191	1360
192	437
192	831
192	1184
192	1186
192	1360
193	455
193	877
194	886
194	1044
194	1063
195	296
195	551
195	1285
196	530
196	736
196	903
196	1049
196	1173
197	594
198	628
198	756
198	774
198	812
198	1283
199	552
200	584
200	955
200	1251
200	1367
200	1395
201	257
201	278
201	1335
202	1281
203	259
203	430
203	689
203	694
203	1019
203	1049
203	1271
203	1374
204	426
204	1134
204	1148
205	531
205	824
205	1097
205	1369
206	220
206	395
206	561
206	806
206	811
206	1082
207	432
207	725
207	1099
207	1120
208	817
208	881
208	1167
208	1174
209	373
209	514
209	863
209	869
210	279
210	297
210	562
210	667
210	766
210	1239
210	1290
210	1389
211	1279
212	531
212	838
213	567
213	679
213	831
213	948
213	1371
214	220
214	338
214	910
214	1038
214	1302
215	823
215	910
215	1289
216	366
216	446
216	755
217	399
217	686
217	1142
217	1367
218	439
218	599
218	816
218	844
218	1034
218	1107
219	337
219	1275
219	1382
220	527
220	969
220	1168
220	1311
221	761
221	1083
222	266
222	276
222	327
222	394
222	814
223	703
223	765
223	1348
224	303
224	1102
224	1186
224	1296
225	861
225	1258
225	1391
226	347
226	416
226	843
226	855
227	312
227	399
227	413
227	512
227	767
227	977
228	535
228	619
228	781
228	1225
228	1331
229	233
229	303
229	392
229	528
229	702
229	739
229	872
230	405
230	452
230	506
230	773
230	1089
231	737
231	913
231	1070
231	1167
232	251
232	303
232	847
233	333
233	480
233	1115
233	1343
234	625
234	897
234	1096
235	578
236	397
236	1239
237	286
238	328
238	450
238	585
238	870
238	871
239	248
239	250
239	490
239	735
239	921
239	953
239	965
240	311
240	453
240	854
240	1230
241	311
241	864
241	911
241	1089
242	731
242	777
243	268
243	330
243	485
243	876
243	937
243	1301
244	405
244	601
245	789
246	1320
247	643
247	1382
248	878
249	485
249	499
249	998
249	1076
249	1116
250	416
250	549
250	987
251	316
251	328
251	512
251	839
251	1004
251	1058
251	1313
252	548
252	1107
253	585
254	885
254	1238
255	588
256	282
256	500
256	872
256	1075
256	1319
257	310
257	663
257	739
257	747
257	1239
257	1393
258	730
258	736
259	590
259	713
259	846
259	1042
260	624
260	683
261	1154
261	1240
262	287
262	1036
262	1061
263	685
263	1256
263	1276
263	1311
263	1362
263	1370
264	656
264	676
264	828
265	523
265	1168
265	1205
265	1322
266	269
266	658
266	1090
266	1147
266	1299
267	660
267	991
267	1019
268	385
268	834
268	1136
270	431
270	476
270	905
270	1040
270	1324
270	1349
271	406
271	689
271	915
271	1280
271	1308
272	356
272	642
272	1274
272	1396
273	622
273	804
273	845
274	525
274	835
274	858
274	973
275	593
275	884
276	663
276	1034
276	1146
277	1133
277	1149
277	1248
278	491
278	875
279	559
279	723
279	943
280	400
280	527
280	1120
280	1316
281	1303
282	574
282	1045
282	1100
282	1156
282	1198
283	871
283	1027
284	389
284	652
285	505
285	524
286	612
286	683
286	725
286	940
286	1146
287	343
287	397
287	425
287	449
287	878
288	668
288	687
288	913
288	959
288	1097
288	1211
289	840
290	533
290	1221
291	685
292	458
292	801
293	651
293	809
293	1272
294	322
294	444
294	609
294	681
294	1030
294	1092
294	1155
295	471
295	814
295	955
295	1015
297	350
297	513
297	562
297	1357
298	627
298	1104
299	877
299	1038
299	1099
300	373
300	458
300	650
300	670
300	770
300	1012
300	1083
300	1210
301	1004
301	1172
302	381
302	996
303	334
303	1015
303	1255
304	367
304	932
304	965
304	1321
305	597
305	906
306	457
306	985
306	1153
307	345
307	878
307	1014
307	1155
308	407
308	847
308	1065
309	328
309	576
309	909
309	1046
309	1121
310	323
310	671
310	1027
310	1072
312	727
312	759
312	784
312	975
312	1206
313	577
313	1285
314	512
314	916
314	1387
314	1393
315	839
315	920
316	432
316	464
316	1168
317	771
317	988
317	1019
317	1335
318	885
318	1399
319	832
319	866
320	822
320	1134
320	1307
321	466
321	1036
322	428
322	659
322	890
322	969
322	980
323	486
323	597
323	1380
324	532
324	568
324	796
324	859
325	835
325	1098
325	1372
326	662
326	791
326	869
326	926
326	1273
327	336
327	341
327	512
327	863
327	912
327	1108
327	1398
328	460
328	702
328	948
328	1007
328	1051
329	576
329	705
329	1131
329	1161
329	1355
330	683
330	831
330	934
331	404
332	1115
333	403
333	418
333	448
333	773
333	903
333	1235
333	1372
334	404
334	567
334	1230
334	1295
335	735
336	895
336	924
337	412
337	685
337	1193
338	524
338	591
338	1116
339	605
339	619
339	962
339	1258
339	1268
340	409
340	493
340	684
340	799
340	1120
341	354
341	590
341	630
341	770
341	974
342	738
342	859
342	1116
343	479
343	513
343	585
343	904
344	642
344	1279
345	981
345	1058
345	1123
345	1273
346	517
346	1126
347	645
347	799
347	824
347	1144
347	1220
347	1306
348	457
348	521
348	991
348	1024
348	1194
348	1224
349	1316
350	534
350	1015
350	1021
350	1238
350	1304
350	1364
351	421
351	529
353	530
353	1018
353	1313
354	516
354	753
354	999
354	1212
355	781
356	510
356	1064
357	548
357	610
357	785
358	368
358	587
359	396
359	822
359	1090
359	1239
360	820
360	961
360	1334
361	378
361	730
361	1174
362	491
362	728
362	754
362	832
363	464
364	537
365	553
365	615
365	839
365	1054
366	378
366	613
366	1073
366	1358
367	472
367	848
367	1173
367	1246
368	488
368	564
368	1068
368	1109
368	1238
369	541
369	667
369	956
369	1090
370	497
371	386
371	553
371	561
372	978
372	1027
372	1250
372	1362
373	482
373	581
373	604
373	1125
374	529
374	667
374	881
374	1254
375	478
375	825
375	983
375	1062
375	1297
375	1389
375	1394
376	437
377	1388
378	862
378	1356
378	1387
379	810
379	1195
380	892
381	688
381	763
382	818
382	961
382	1317
383	474
383	636
383	734
383	1293
383	1358
384	516
384	944
384	1089
385	657
385	904
386	856
386	906
386	947
387	1351
389	747
389	778
389	820
389	1361
390	713
390	976
390	1153
390	1248
391	443
391	495
391	668
391	1289
391	1318
392	533
392	544
392	959
392	991
393	572
393	1025
393	1147
394	707
394	709
394	782
394	789
395	746
396	681
397	452
397	956
397	1210
398	482
398	651
398	939
399	416
399	526
399	592
399	624
399	1130
400	1280
401	521
401	733
401	760
401	967
401	1399
402	1038
403	450
403	1141
404	485
404	1298
405	425
405	657
405	1070
406	449
406	532
406	784
406	831
406	1190
406	1391
407	636
407	1197
407	1318
408	699
408	945
408	1010
409	1179
409	1250
409	1253
410	711
410	761
410	772
410	865
410	1028
410	1280
411	878
411	1051
411	1321
411	1362
412	514
412	795
412	1299
413	460
413	745
413	1069
413	1396
414	682
414	699
414	992
415	437
415	455
415	562
415	930
415	1323
416	618
416	801
417	894
417	1066
417	1288
417	1393
418	1007
418	1013
418	1143
418	1369
419	710
420	671
421	545
421	678
421	713
421	825
421	1149
421	1347
422	863
422	1161
422	1360
423	1154
424	680
425	1158
425	1341
426	628
426	1033
426	1038
426	1247
427	800
427	1046
427	1263
428	661
428	865
428	1347
429	613
429	634
429	687
430	992
430	1380
431	952
432	575
432	757
432	847
433	900
433	1092
434	599
434	1057
434	1365
435	564
435	646
435	856
435	1190
435	1214
435	1302
435	1332
436	538
436	1032
436	1090
436	1309
436	1352
436	1359
437	1088
437	1230
438	705
438	796
439	479
439	981
439	1236
440	806
442	1062
442	1169
442	1279
443	502
443	588
444	811
444	1034
444	1299
445	725
445	830
445	1125
446	530
447	1028
448	531
448	856
448	1233
448	1391
449	660
449	916
449	1396
450	475
450	576
450	593
450	898
450	984
451	624
451	659
451	854
451	891
452	998
452	1357
453	583
453	732
453	858
453	980
453	1114
453	1136
454	919
455	514
455	1008
455	1171
456	691
456	750
456	1060
456	1366
457	1095
458	803
459	989
459	1023
459	1285
460	624
460	689
460	1036
460	1057
460	1384
461	868
462	664
462	875
463	631
463	812
463	820
463	1194
464	569
464	838
464	896
464	1142
465	648
465	888
465	1022
466	988
467	597
468	498
468	901
468	978
468	1057
468	1103
469	995
469	1035
469	1143
469	1172
469	1332
470	724
471	835
472	637
472	1331
473	502
473	651
473	675
473	1319
474	954
474	1301
475	551
475	1110
476	526
476	666
476	978
477	1175
477	1176
478	916
479	590
480	572
480	662
480	783
480	1390
481	646
481	1105
482	582
482	630
482	702
483	1333
484	863
484	1290
485	811
485	865
485	908
485	1164
486	810
486	1063
486	1199
487	812
487	950
487	1109
487	1399
488	710
488	1237
489	571
489	632
489	645
489	828
490	733
490	1051
491	567
491	853
491	1347
492	1037
492	1090
492	1291
493	642
493	814
493	1029
493	1067
494	529
494	944
495	584
495	887
495	970
495	1274
496	504
496	522
496	609
497	539
498	782
498	810
499	1120
499	1336
500	784
500	800
500	1037
501	953
501	996
501	1112
502	1168
503	703
503	734
503	858
503	1185
503	1213
504	1078
504	1188
504	1370
505	707
505	782
505	1146
505	1172
505	1302
506	518
506	884
506	1282
507	1106
508	786
508	1083
508	1110
508	1161
508	1196
508	1273
508	1329
509	531
509	532
510	525
510	1002
511	1092
511	1343
512	1005
512	1328
513	1019
513	1230
513	1366
514	656
514	1282
514	1299
515	1342
516	1270
516	1349
517	774
517	1066
517	1235
518	1041
519	936
519	1110
519	1262
520	616
520	832
521	737
521	1359
522	710
522	1266
522	1304
523	604
525	633
525	811
525	1096
526	539
526	788
527	539
527	636
527	709
527	754
527	1353
528	562
528	873
528	1311
528	1377
529	755
530	829
530	892
530	1047
531	622
531	1015
531	1353
531	1384
532	831
532	1050
533	848
533	863
534	828
534	1388
535	542
535	682
535	1141
535	1334
536	766
536	1044
536	1235
537	853
537	1021
537	1396
538	1085
539	1296
540	571
540	1359
541	1000
542	714
542	1012
542	1032
543	1282
544	1055
544	1164
544	1378
545	677
545	1167
545	1169
546	571
546	1238
546	1375
547	996
547	1004
547	1063
547	1350
548	576
548	784
548	1193
548	1287
549	635
549	711
549	898
549	936
549	1313
550	1156
551	827
551	921
553	1186
553	1342
554	1107
555	620
555	993
556	1023
557	881
557	1257
557	1296
557	1364
558	756
559	704
559	712
559	753
559	1185
560	732
560	754
561	1044
561	1090
561	1199
563	812
563	1332
564	863
564	982
564	1366
565	949
566	622
566	856
566	1322
567	579
567	1320
568	836
568	1145
569	815
569	968
569	1343
570	739
570	906
570	1268
571	1055
571	1087
571	1266
572	721
572	1008
572	1248
572	1365
573	1001
573	1384
574	1069
575	742
576	945
576	1213
576	1357
577	767
577	816
577	1035
577	1362
578	603
578	928
578	997
579	946
580	1186
581	1239
582	617
582	740
582	975
582	1027
582	1371
583	680
585	743
585	887
585	1264
586	1231
587	814
587	1074
587	1301
587	1305
588	1239
589	1008
589	1078
590	874
591	678
591	983
591	1039
591	1208
591	1223
592	1259
593	1010
593	1254
593	1289
594	729
594	1200
594	1271
594	1368
595	713
595	1326
596	721
596	1301
597	767
598	658
600	680
600	998
600	1046
600	1183
600	1193
600	1230
600	1356
602	1202
603	661
603	1307
603	1396
605	643
606	826
606	932
607	1216
608	638
608	954
608	1178
609	984
609	991
610	941
610	1167
611	925
611	963
612	889
613	743
613	995
613	1294
614	795
614	827
614	932
614	1103
614	1221
615	963
615	1122
615	1125
616	880
616	984
616	1156
616	1202
616	1213
617	853
617	872
617	1188
618	829
618	906
618	1035
619	762
619	950
619	1373
620	860
620	887
620	1310
620	1332
621	1026
621	1312
622	631
622	761
622	928
622	930
622	997
622	1361
622	1372
624	960
625	1076
626	673
626	822
627	937
628	775
628	803
628	849
628	870
628	1153
628	1294
629	685
629	804
629	1253
631	955
631	1130
632	833
632	892
632	1085
633	923
634	1386
635	747
635	760
636	662
636	1376
638	822
638	1015
638	1068
638	1089
638	1109
638	1283
639	818
639	1001
639	1127
640	672
640	1359
640	1379
641	1371
642	658
642	735
642	927
642	1221
643	846
643	1249
643	1297
644	1178
644	1294
645	676
645	939
645	971
645	1128
645	1264
645	1265
646	1282
647	654
647	968
647	1062
647	1372
648	884
648	1007
648	1315
649	1021
650	847
650	1269
651	754
651	790
652	802
652	1390
653	732
653	945
654	1012
654	1218
655	1318
656	811
656	948
656	1223
657	670
657	1051
657	1057
658	1346
659	1132
659	1257
659	1303
660	878
660	1137
660	1384
661	1179
662	753
662	877
662	901
662	961
662	1048
662	1133
663	774
663	829
663	950
663	988
663	1256
664	722
664	844
664	982
664	1259
664	1357
665	1248
665	1348
666	1172
667	865
667	1336
667	1382
668	695
668	1303
669	1000
669	1047
669	1123
670	698
670	708
670	840
670	931
670	1183
671	1348
672	1268
673	1103
674	970
674	1010
674	1061
674	1102
674	1109
676	777
676	1286
677	1235
679	1013
679	1078
679	1268
680	1075
680	1188
682	767
682	844
682	1149
682	1206
682	1305
683	784
683	860
683	1160
684	1165
685	698
685	1023
686	691
686	802
686	961
686	1147
687	1149
688	796
688	1240
689	917
689	1149
689	1267
689	1325
690	976
690	1298
691	759
691	1311
692	817
692	958
693	1032
693	1068
693	1108
694	821
694	949
694	1136
695	969
695	1140
696	1132
696	1227
697	711
697	892
698	940
699	812
699	982
699	1187
700	1339
701	960
701	972
702	1351
703	736
703	769
703	793
703	1006
704	790
704	848
704	1051
704	1119
704	1356
705	797
705	828
705	1158
707	1018
708	770
708	1195
708	1221
708	1256
709	1291
710	1053
712	724
712	1076
713	1086
714	825
714	1099
715	759
716	1114
717	1120
717	1143
718	1090
720	1127
720	1385
721	1251
721	1382
722	1238
722	1295
724	1019
724	1131
725	1086
726	735
726	861
727	808
727	1106
728	876
728	1076
728	1255
728	1268
729	982
729	1021
730	918
731	844
731	1119
732	899
733	1023
733	1283
734	858
734	1110
735	957
735	1116
737	746
739	1011
739	1186
739	1297
740	1216
740	1272
740	1374
742	1093
743	828
744	873
744	927
744	1223
745	928
745	1014
745	1330
746	789
747	1146
747	1160
748	852
748	906
748	941
748	1120
748	1166
748	1261
749	798
749	856
749	1023
749	1106
749	1145
750	973
750	1315
751	781
751	867
751	1015
751	1261
751	1375
752	959
752	1068
752	1323
753	964
753	974
753	1153
753	1221
753	1313
754	1197
755	863
755	1188
756	758
756	1041
756	1256
757	964
757	1177
759	860
759	935
759	974
759	1319
760	1103
760	1325
761	1080
761	1264
762	896
762	1193
763	981
763	1107
764	1047
764	1226
765	806
766	967
766	1192
766	1363
767	1197
768	1387
769	886
770	897
770	965
771	820
771	903
771	1061
772	836
772	1386
773	803
775	786
775	929
775	1246
775	1395
776	795
776	995
777	1066
777	1200
778	867
779	1256
780	908
782	975
782	1080
782	1339
783	810
783	1004
784	1336
785	1133
785	1190
785	1366
786	1255
787	1008
787	1044
787	1140
787	1397
788	1096
788	1190
789	969
790	1043
791	995
791	1157
793	1211
794	847
794	1319
795	1225
796	904
796	945
796	1145
796	1275
798	1246
799	1149
800	1094
801	995
801	1114
801	1253
802	1021
802	1093
802	1369
804	1274
804	1382
805	886
807	1058
808	949
809	822
809	908
809	1003
809	1153
809	1303
809	1369
811	910
811	1109
812	977
812	1031
813	926
813	1134
814	897
814	1217
815	1055
815	1225
816	1005
816	1247
817	1154
817	1200
817	1312
818	1334
818	1345
819	1129
820	1056
820	1365
821	848
821	1006
822	886
822	995
822	1050
823	1380
824	1021
824	1304
825	1326
827	1370
828	882
830	1308
831	1088
831	1153
831	1179
834	872
834	947
834	1034
835	847
837	1337
839	1083
839	1355
840	1333
841	1009
841	1114
842	1346
843	856
843	887
843	1264
844	1270
844	1352
845	1011
845	1178
845	1230
845	1280
845	1315
846	1172
846	1249
847	848
847	979
847	1180
849	937
850	1236
850	1368
851	910
851	1175
852	1178
853	876
853	937
853	1067
855	1044
855	1284
858	1393
859	1391
860	1021
863	1255
864	1153
864	1352
865	942
865	1157
865	1351
866	1134
866	1282
867	946
869	1060
870	1016
870	1065
870	1330
871	1000
872	1347
873	1191
874	1000
874	1094
875	913
876	1034
876	1098
876	1308
877	1078
877	1336
879	1092
880	1265
881	1192
882	1082
882	1182
884	1021
884	1030
886	1023
888	1248
889	966
889	1136
890	1009
892	1069
893	1248
893	1289
896	999
896	1247
896	1390
897	921
897	1048
897	1106
897	1281
897	1322
898	1302
899	929
900	1123
901	1213
902	1288
902	1305
903	1041
903	1289
905	1098
905	1182
907	1248
907	1292
907	1343
907	1364
908	1061
908	1326
911	933
911	1286
913	950
914	1028
914	1071
915	1138
916	1106
916	1378
917	1368
918	938
918	1174
919	1059
919	1119
919	1321
921	1028
921	1329
922	1339
923	1135
923	1273
925	931
925	1204
925	1322
926	1396
927	1184
927	1288
927	1341
928	1027
928	1276
929	1030
930	1037
931	1004
931	1059
931	1136
931	1372
932	1243
933	943
934	1064
934	1209
935	1243
935	1325
937	1104
937	1161
940	1113
940	1340
942	1000
942	1055
942	1103
942	1263
942	1316
943	1180
945	1078
945	1265
945	1388
946	948
946	1327
946	1398
948	1387
949	1296
950	1047
951	959
951	986
951	1235
952	1136
953	1175
953	1224
954	1224
954	1335
955	1260
956	1185
957	1082
957	1158
957	1378
958	1344
959	1069
961	1098
961	1355
962	1054
962	1330
963	965
964	1007
964	1126
965	1088
966	1355
967	1357
968	976
968	1112
968	1212
969	1155
969	1192
970	1067
970	1326
971	1136
971	1222
972	974
972	1160
973	982
973	1234
973	1280
975	1228
975	1237
976	1055
976	1302
977	1121
977	1131
977	1372
978	1052
979	1391
980	1093
981	1314
982	1154
983	1360
984	1396
986	1082
986	1218
987	1091
989	1069
990	1381
991	1293
992	1005
992	1030
993	1268
995	1339
997	1251
997	1309
997	1316
998	1103
998	1253
999	1151
999	1271
1000	1149
1000	1254
1000	1384
1001	1152
1001	1228
1002	1036
1003	1241
1004	1078
1004	1324
1004	1392
1009	1018
1009	1172
1009	1304
1010	1371
1011	1270
1013	1247
1015	1101
1016	1155
1017	1183
1019	1382
1020	1047
1020	1164
1020	1224
1020	1352
1020	1397
1020	1398
1021	1281
1021	1385
1021	1394
1023	1175
1025	1274
1026	1106
1027	1221
1028	1380
1029	1072
1031	1039
1031	1224
1034	1172
1034	1210
1034	1315
1036	1188
1036	1355
1036	1359
1036	1361
1037	1207
1037	1219
1038	1350
1040	1378
1041	1070
1042	1181
1042	1285
1043	1187
1045	1393
1046	1284
1047	1050
1047	1082
1047	1181
1047	1197
1048	1278
1048	1297
1049	1248
1049	1368
1050	1067
1050	1087
1050	1181
1051	1177
1054	1115
1054	1166
1054	1344
1055	1093
1055	1177
1056	1211
1056	1231
1056	1300
1058	1105
1058	1154
1058	1263
1058	1279
1061	1340
1064	1288
1066	1242
1067	1267
1067	1318
1068	1254
1070	1130
1071	1387
1072	1197
1072	1277
1075	1208
1075	1252
1077	1239
1078	1235
1079	1112
1079	1339
1080	1193
1082	1127
1082	1194
1083	1268
1084	1198
1085	1276
1085	1380
1087	1229
1088	1206
1089	1267
1089	1314
1092	1212
1095	1156
1098	1300
1098	1364
1099	1386
1100	1218
1102	1259
1102	1374
1104	1261
1104	1268
1105	1189
1106	1241
1106	1281
1108	1292
1109	1228
1109	1288
1110	1178
1111	1394
1113	1218
1114	1226
1115	1395
1116	1307
1117	1277
1119	1158
1121	1159
1121	1222
1123	1297
1123	1356
1125	1349
1128	1130
1128	1209
1129	1186
1130	1141
1132	1258
1132	1270
1133	1293
1133	1295
1134	1202
1137	1379
1138	1155
1138	1261
1138	1397
1139	1344
1141	1182
1142	1261
1148	1285
1150	1248
1150	1313
1151	1389
1154	1389
1155	1168
1157	1357
1157	1358
1158	1283
1159	1210
1160	1329
1161	1231
1162	1266
1162	1396
1163	1218
1163	1345
1166	1177
1168	1301
1168	1333
1168	1367
1170	1380
1171	1314
1174	1225
1174	1351
1180	1184
1180	1226
1181	1338
1187	1340
1188	1301
1191	1250
1195	1303
1197	1248
1198	1268
1199	1318
1203	1249
1209	1295
1209	1334
1219	1301
1222	1272
1222	1311
1228	1378
1228	1388
1234	1314
1236	1342
1238	1348
1244	1347
1244	1399
1248	1254
1248	1308
1248	1343
1250	1306
1251	1280
1251	1307
1257	1338
1260	1393
1263	1373
1264	1314
1265	1351
1265	1392
1266	1394
1272	1336
1272	1355
1273	1374
1277	1380
1283	1331
1284	1383
1288	1355
1290	1384
1296	1309
1297	1395
1298	1351
1303	1311
1307	1335
1307	1386
1310	1381
1314	1316
1317	1353
1325	1340
1327	1360
1334	1339
1341	1383
1344	1367
1346	1399
1352	1368
1355	1360
1358	1380
1365	1382