0	13
0	209
0	1233
1	307
1	756
2	38
2	351
2	864
2	896
2	1229
3	45
3	203
3	492
3	504
3	872
3	1127
4	108
4	581
5	206
5	858
5	1278
6	102
6	494
6	510
6	529
6	631
6	1186
7	756
7	960
8	666
8	1075
9	16
9	68
9	505
9	748
9	773
9	866
9	1034
9	1284
10	488
10	1022
10	1243
11	420
11	540
11	593
11	870
11	1089
11	1234
12	501
12	551
12	919
12	1007
13	169
13	248
13	509
13	576
13	743
13	955
14	65
14	287
14	612
14	762
14	1002
14	1104
14	1275
15	123
15	178
15	355
15	585
15	658
16	276
16	461
16	905
16	1288
17	998
17	1082
17	1128
17	1257
18	504
18	512
18	582
18	654
18	848
18	865
18	984
18	1200
19	306
19	347
19	422
19	1091
19	1192
20	914
21	155
21	177
21	243
21	586
21	903
21	1144
22	940
22	1153
22	1232
23	1201
24	37
24	1192
24	1220
25	565
25	936
25	962
25	1049
25	1337
26	284
26	1091
27	132
27	254
27	282
27	315
27	429
27	748
27	933
28	364
28	1081
29	483
29	543
29	638
29	648
29	654
29	1108
29	1227
29	1262
30	177
30	190
30	297
30	298
30	322
30	700
30	849
30	1368
31	39
31	375
31	430
31	615
31	1173
31	1257
32	188
32	234
32	1359
33	129
33	394
34	88
34	592
34	881
34	1179
35	322
35	665
35	872
36	369
36	989
37	827
37	1080
37	1159
38	719
38	876
38	886
38	909
38	1079
39	290
39	952
39	998
39	1081
39	1255
39	1355
40	946
40	1014
40	1173
41	519
41	735
41	1035
42	739
42	1180
43	602
43	879
43	1020
44	816
44	931
44	1121
45	47
45	219
46	291
46	529
46	704
46	707
46	800
46	1398
47	465
47	712
47	882
47	1319
47	1329
48	364
48	386
48	534
48	632
49	765
49	1223
50	312
50	371
51	275
51	712
51	741
51	1152
51	1163
52	56
52	375
52	529
52	662
52	729
53	285
53	348
53	706
53	865
53	1242
54	336
54	1169
54	1287
55	566
55	976
55	1060
55	1398
56	141
57	71
57	133
57	169
57	338
57	411
57	580
57	874
57	953
57	996
58	507
58	607
58	667
58	990
58	1183
58	1216
58	1315
59	98
59	527
59	1273
59	1338
60	430
60	570
60	724
60	1054
60	1090
61	584
61	679
61	1093
62	106
62	806
62	1201
62	1226
62	1254
63	74
63	276
63	885
63	1267
64	271
64	353
64	474
64	617
64	690
64	1121
64	1389
65	94
65	139
65	1240
66	1040
66	1253
66	1382
67	509
67	553
67	600
68	538
68	1109
68	1284
68	1296
68	1354
69	249
69	433
69	636
69	827
69	1306
70	181
70	208
70	243
70	584
70	900
71	232
71	265
71	712
71	860
71	1061
71	1303
72	188
72	1018
72	1111
72	1360
73	154
73	728
74	541
74	609
75	682
75	871
75	908
75	1122
75	1190
76	810
76	868
76	1066
76	1110
77	87
77	269
77	458
77	1347
78	525
79	633
80	1292
81	120
81	545
81	580
81	738
81	786
81	887
81	922
82	693
82	865
82	1283
82	1399
83	104
83	262
83	984
83	1359
84	431
84	1325
85	753
85	754
85	927
85	1111
86	250
86	584
86	592
86	781
86	875
86	1154
87	240
87	307
87	424
87	1335
88	504
88	859
88	966
89	415
89	441
89	726
89	1140
90	504
90	1165
91	338
91	575
91	960
92	457
92	479
92	730
92	1125
92	1177
93	463
93	883
93	986
93	1070
93	1321
94	275
94	378
94	755
94	857
95	111
95	654
96	599
96	948
96	1135
97	175
97	544
97	1138
97	1150
98	287
98	365
98	383
98	640
98	648
98	1352
99	701
99	736
99	787
99	1095
99	1249
100	161
100	579
101	307
101	867
101	1041
101	1196
101	1366
102	215
102	236
102	471
102	795
103	764
103	902
103	1038
104	204
104	494
104	835
104	1186
105	156
105	410
105	794
106	421
106	1376
107	765
107	768
107	857
107	1042
108	351
108	373
108	614
108	1186
108	1277
109	695
109	942
109	1235
110	917
111	1277
112	639
113	326
113	679
113	831
113	1384
114	338
114	474
114	542
114	1162
114	1390
115	469
115	526
115	1254
116	171
116	353
116	475
116	740
117	369
117	498
117	531
117	600
117	1131
118	1095
119	423
119	550
119	900
120	770
120	866
120	1183
121	966
121	1211
121	1379
122	720
122	1095
123	1226
123	1330
123	1393
124	303
124	436
124	507
124	1326
124	1362
125	146
125	269
125	698
126	513
126	1085
126	1179
126	1371
127	298
127	371
127	745
127	920
128	1189
130	227
130	372
130	736
130	1073
131	879
131	1115
132	638
132	851
132	955
133	207
134	1025
134	1311
135	394
135	1008
135	1070
135	1326
136	303
136	355
136	407
136	790
136	893
136	1119
136	1153
137	453
137	727
137	937
137	1023
137	1190
138	733
138	980
139	231
139	701
139	1279
140	337
140	401
140	427
140	828
140	1089
140	1206
141	500
141	665
141	812
142	309
142	479
142	511
142	636
142	859
142	1150
142	1223
143	506
143	1272
144	346
144	837
144	1112
145	428
145	713
146	166
146	341
146	1220
146	1223
146	1363
147	584
147	666
147	737
147	1029
147	1228
148	174
148	262
149	400
149	418
149	769
149	983
150	453
150	672
150	1368
151	651
151	803
151	972
152	493
152	1082
153	169
153	335
153	430
153	737
153	941
153	984
154	251
154	668
154	1027
154	1075
155	963
155	1350
155	1390
156	415
156	561
156	1375
157	537
157	1396
158	330
158	932
158	983
158	1004
158	1270
158	1335
159	581
159	854
159	1030
160	733
160	1056
160	1351
160	1356
161	185
161	314
161	364
161	406
161	461
161	746
161	1186
162	828
162	945
162	1034
162	1110
162	1366
163	1333
164	183
164	217
164	354
164	693
164	1086
164	1217
165	442
165	524
165	1066
166	348
166	824
166	927
166	1314
166	1364
167	587
167	763
167	801
167	859
167	863
167	1325
168	993
168	1141
169	422
169	444
169	624
169	862
169	1075
170	432
170	653
170	782
170	959
170	1189
170	1220
171	172
171	194
171	226
171	320
171	354
171	397
171	812
171	1032
171	1112
172	346
172	521
172	669
172	1053
172	1072
172	1304
173	407
173	1179
173	1334
174	399
174	780
175	405
175	949
175	1130
175	1244
176	982
176	1205
177	581
177	1258
177	1352
178	702
178	738
178	752
178	769
178	855
178	1357
179	430
179	1383
180	665
180	1262
181	1111
181	1216
181	1383
182	525
182	608
182	612
182	911
182	1124
184	267
184	472
184	530
184	610
184	776
184	813
184	1359
185	434
185	596
185	605
185	1145
186	241
186	334
186	447
186	532
186	655
186	958
186	1155
187	269
187	388
187	876
188	892
188	1104
188	1113
188	1132
189	261
189	678
189	1137
189	1298
189	1325
190	813
190	860
190	870
190	1242
190	1243
191	378
191	515
191	570
192	277
192	436
192	883
193	948
193	1196
194	286
194	333
194	540
194	691
194	727
194	1034
194	1212
195	795
195	1140
196	559
196	561
196	593
196	880
196	1012
197	435
197	1102
197	1374
198	993
198	1165
199	218
199	386
199	751
199	1060
199	1329
200	1022
200	1287
201	695
201	773
201	983
201	1289
202	354
202	768
202	839
203	412
203	658
203	780
204	381
204	536
204	919
204	971
205	580
205	830
205	1096
205	1399
206	409
206	674
206	990
206	1234
207	374
207	552
207	783
207	1027
207	1102
207	1222
208	377
208	686
208	699
208	878
208	982
209	243
209	459
209	560
209	587
209	716
209	797
209	823
209	1160
210	219
210	532
210	615
210	627
210	958
210	1382
211	346
211	459
211	1197
212	305
212	695
212	968
212	1072
212	1375
213	539
213	574
213	671
213	1024
213	1213
214	586
214	873
214	1115
214	1262
215	340
215	407
215	677
215	716
215	998
215	1191
215	1267
216	328
216	661
217	295
217	669
217	762
217	967
217	1062
217	1379
217	1396
218	352
218	356
218	591
218	769
218	925
218	1210
219	273
219	502
219	794
219	981
219	1032
219	1058
220	370
220	1030
220	1181
220	1244
221	921
222	415
222	812
222	1145
222	1388
223	446
223	569
223	603
223	1029
223	1109
223	1110
224	683
224	1018
224	1108
224	1112
225	523
225	970
225	1034
225	1327
226	555
226	571
226	945
226	990
226	1038
227	264
227	921
227	929
228	329
228	436
228	1319
229	953
230	462
230	1164
230	1393
231	360
231	811
231	824
231	1176
231	1205
231	1393
232	461
232	704
233	575
233	705
233	1351
233	1396
234	742
234	796
234	1030
235	589
235	597
235	850
235	1027
236	469
236	886
236	1183
236	1314
237	372
237	559
237	682
237	691
237	882
237	996
237	1091
237	1292
238	1008
239	544
239	968
239	1099
239	1297
240	483
240	733
240	864
241	687
241	853
241	1034
241	1215
242	535
242	634
242	763
243	350
243	789
243	904
244	322
244	622
244	985
244	1138
244	1282
244	1337
245	296
245	488
245	613
246	646
246	647
246	904
246	1211
247	657
248	327
248	533
248	572
248	844
249	531
249	656
249	862
249	1245
250	304
250	484
250	726
250	759
250	967
250	1026
251	397
251	614
251	1075
251	1240
252	752
252	1070
252	1103
253	256
253	321
253	846
253	863
253	1113
253	1332
254	980
254	1196
254	1362
255	307
255	627
255	1122
255	1225
255	1342
256	1163
257	463
257	482
257	1004
257	1220
258	408
258	544
258	677
258	709
258	1073
258	1124
258	1246
259	545
260	954
261	294
261	829
261	837
261	917
261	1069
261	1126
261	1140
261	1297
261	1366
262	591
263	859
263	876
263	1286
264	738
264	1057
265	343
265	529
265	629
265	1064
266	659
266	792
266	1365
267	979
268	375
268	698
268	1226
269	534
269	824
269	1209
270	996
271	451
271	1152
272	379
272	574
272	1364
273	803
273	1144
273	1170
274	398
274	750
275	792
275	961
276	708
276	974
276	1082
276	1097
276	1211
276	1267
277	683
277	691
277	1052
277	1130
277	1312
278	539
278	750
278	850
278	1042
278	1298
278	1329
279	513
279	659
279	727
280	489
280	814
280	987
281	612
281	1083
281	1106
282	962
282	1028
282	1283
283	355
283	455
283	565
283	810
283	1307
284	401
284	586
284	728
284	750
284	794
284	982
284	1305
285	447
285	568
285	764
285	1308
286	632
286	668
286	1152
287	552
287	707
287	917
287	978
287	980
287	1251
288	525
288	713
288	1135
289	601
289	792
289	1291
290	657
290	793
291	704
291	737
291	1043
292	683
292	1313
292	1352
293	762
294	1066
294	1392
295	1282
295	1310
296	740
296	851
297	711
297	884
297	931
297	958
297	1123
297	1397
298	1045
299	799
299	1182
299	1241
300	791
300	1063
300	1159
301	439
302	342
302	512
302	663
302	776
302	1141
303	890
303	1185
303	1199
304	511
304	1301
305	384
305	659
306	917
306	976
306	1227
307	364
307	672
307	955
308	1094
308	1146
309	752
309	979
309	1122
310	685
310	1013
310	1108
311	353
311	683
311	742
311	1143
311	1214
312	334
312	947
312	1020
312	1144
312	1292
312	1306
313	506
313	542
315	430
315	603
315	1253
315	1353
316	538
316	948
316	1272
316	1319
317	348
317	512
317	643
317	1240
318	401
318	551
318	777
319	981
319	1058
320	422
320	741
320	828
320	969
321	566
321	975
321	1341
321	1399
322	341
322	660
322	920
322	1367
323	363
323	396
323	559
323	876
324	447
324	695
324	1239
324	1243
325	467
325	922
326	481
327	765
327	996
327	1118
327	1324
328	438
328	873
328	997
328	998
329	380
329	525
329	923
329	1001
330	429
330	803
330	1091
330	1141
330	1194
331	1303
332	442
332	687
332	843
332	1074
333	344
333	422
334	406
334	905
334	1090
334	1175
334	1201
334	1348
335	481
335	819
336	602
337	524
337	530
337	697
337	803
337	810
337	985
337	1210
338	857
339	650
339	1018
339	1224
340	512
340	601
340	675
340	1303
341	1006
341	1266
342	688
342	942
342	1248
342	1316
343	632
343	881
343	1255
343	1296
343	1379
344	799
344	825
344	887
344	1243
344	1331
345	392
345	966
345	974
345	1016
345	1109
345	1324
346	604
346	607
346	743
346	912
346	1212
346	1372
347	462
347	1391
348	974
348	998
349	1267
350	578
350	814
350	908
350	1156
351	696
351	859
351	979
351	1374
352	584
352	826
352	886
352	1277
353	502
353	608
353	1140
353	1222
353	1379
354	574
354	850
354	1179
354	1222
354	1243
354	1342
355	860
355	1087
357	662
357	787
358	483
358	512
358	665
358	668
358	757
358	837
358	924
359	510
359	640
359	1115
360	609
360	795
360	1071
360	1122
360	1307
360	1334
361	706
361	1189
362	1051
362	1169
362	1254
363	926
363	1298
364	1297
365	408
365	795
365	1131
366	754
366	1351
367	1007
368	532
368	923
368	1229
369	652
369	1242
369	1358
370	1029
370	1108
371	490
371	573
371	737
371	1315
372	540
372	1396
373	499
373	554
373	925
374	692
374	964
374	1191
374	1291
374	1315
375	399
375	408
375	726
375	778
375	888
375	918
375	1023
375	1224
376	482
376	590
376	1140
378	440
379	1049
381	711
381	1129
382	529
382	758
382	791
382	1094
383	502
383	1201
384	600
385	1369
385	1374
386	459
386	915
386	1205
386	1213
386	1379
387	1137
387	1278
387	1286
388	408
388	1087
388	1160
388	1185
389	510
390	543
390	849
390	1146
391	768
391	922
391	1057
391	1096
391	1324
392	568
392	628
392	696
392	837
392	1228
392	1332
393	438
393	494
393	895
393	953
394	952
394	1206
395	455
395	469
396	1061
396	1206
397	449
397	628
397	656
397	940
397	1224
397	1250
398	798
399	427
399	934
399	1055
399	1171
400	573
400	1343
401	873
402	641
402	945
403	738
403	994
403	1132
404	488
404	530
404	731
405	914
406	519
406	740
406	826
406	833
406	1152
407	870
407	1289
408	541
408	1002
408	1200
409	827
409	1211
409	1324
410	429
410	702
410	960
410	1322
411	1044
411	1169
412	1081
412	1161
413	703
413	743
413	914
413	1087
413	1108
413	1150
413	1167
413	1180
414	893
414	1114
414	1259
415	522
415	1016
416	653
417	1221
418	484
418	778
418	863
418	1271
418	1370
419	497
419	778
420	463
420	810
421	944
422	485
422	652
422	1376
423	619
423	1139
423	1364
424	724
424	1318
425	469
425	522
426	1192
427	518
427	656
428	635
428	679
428	807
428	899
428	913
428	987
428	1351
429	541
429	542
429	1189
430	750
430	1089
431	809
431	1240
432	1053
432	1331
433	1036
433	1084
433	1319
435	703
435	910
436	601
436	899
436	1128
436	1369
437	484
437	488
437	937
437	1068
437	1366
438	723
438	1303
439	764
439	1019
439	1329
439	1381
440	513
440	609
440	651
440	915
440	1059
441	803
441	857
441	1069
441	1229
442	919
442	1321
443	727
443	792
443	836
444	892
445	592
445	614
445	676
446	693
446	928
446	945
446	1250
446	1344
447	883
447	895
447	1126
447	1150
448	885
449	667
449	783
449	1148
450	471
450	488
450	1258
451	678
451	893
451	923
451	973
451	1003
452	555
452	572
452	803
452	888
453	1025
454	611
454	783
454	1169
455	785
455	1393
456	498
456	1053
456	1176
456	1202
456	1252
457	679
458	743
458	822
458	1025
458	1188
458	1202
459	889
459	1036
459	1232
460	758
461	884
461	1366
462	1180
463	658
463	661
463	753
463	990
463	1142
464	988
465	476
465	503
465	707
466	703
466	807
467	472
467	526
467	670
467	704
467	1190
467	1216
468	881
468	986
469	832
470	1357
471	1251
471	1311
472	656
472	750
472	994
473	1001
473	1028
473	1291
474	676
475	850
475	913
475	1026
475	1210
476	707
476	879
476	1143
476	1398
476	1399
477	713
477	1379
478	625
478	653
478	914
479	558
479	596
479	842
480	521
480	833
481	911
481	1279
482	640
484	487
484	625
484	1377
485	500
485	624
485	627
485	725
485	803
485	1248
486	592
486	600
486	1164
487	619
487	875
488	502
488	692
488	1213
489	596
489	964
489	1079
489	1133
489	1380
490	1083
490	1344
491	546
491	1037
491	1321
492	835
493	558
493	1225
494	651
495	849
495	1278
495	1285
496	513
496	796
496	1290
497	538
497	806
497	1051
497	1353
498	530
498	585
498	794
498	1070
499	706
500	1289
501	645
501	747
501	1123
501	1292
501	1363
502	875
502	1017
502	1077
503	658
504	638
505	513
505	971
505	1149
506	509
506	714
506	1133
506	1366
507	1368
508	685
508	752
508	1049
508	1229
509	560
510	694
511	928
511	1004
511	1028
511	1231
512	765
513	763
513	944
513	1242
514	574
514	779
514	921
515	882
515	1276
516	1281
517	746
517	778
518	1022
519	930
519	1165
520	1222
520	1314
521	1250
521	1301
522	764
522	1393
523	688
523	803
523	823
523	1009
523	1119
524	891
524	1216
524	1391
525	746
525	1026
526	968
526	1060
526	1362
528	619
528	1038
529	1161
530	1079
530	1185
531	544
531	637
531	1338
532	1055
532	1118
532	1211
533	865
533	1183
534	629
534	1006
534	1016
535	536
535	1217
535	1375
536	906
536	983
536	986
536	1057
536	1171
536	1261
537	664
537	779
538	1126
539	605
539	675
539	700
539	1038
540	599
540	648
540	946
540	1134
541	791
541	918
542	950
542	1136
543	609
543	1043
544	768
544	991
544	1141
545	939
545	961
545	1247
546	716
547	624
547	673
548	665
548	1157
549	689
549	892
550	1287
551	561
551	1157
551	1276
551	1305
551	1358
551	1370
552	744
552	861
552	1178
552	1274
553	897
553	1173
553	1234
554	653
554	822
554	875
554	925
554	1357
554	1380
555	936
555	1186
555	1251
556	823
556	1363
557	850
557	1010
558	1108
558	1173
558	1247
559	990
559	1127
560	605
560	964
560	1110
561	809
561	1372
562	752
562	1267
563	572
563	575
563	1025
563	1385
564	743
564	797
564	840
564	1382
564	1393
566	802
566	933
567	1006
567	1185
568	1071
568	1151
569	586
569	765
569	1349
570	641
570	698
570	729
570	1376
571	728
572	986
572	1123
573	633
573	647
573	993
573	1129
574	878
575	862
575	972
577	661
577	667
577	972
577	1325
577	1343
578	614
578	811
579	727
579	1061
580	623
581	738
581	1049
582	1127
582	1231
582	1377
583	598
583	650
583	696
584	870
584	890
585	1119
585	1346
586	592
586	969
586	1318
587	1082
588	722
588	1079
588	1202
589	834
589	841
589	910
589	1070
589	1363
590	816
590	1241
590	1398
591	730
592	720
593	1033
594	677
594	1043
594	1057
594	1166
595	798
595	1193
595	1314
596	898
596	1009
597	828
597	947
598	1129
599	651
599	887
599	1268
599	1340
600	682
600	765
600	1274
602	1048
603	1032
603	1068
603	1081
603	1106
604	669
604	736
604	1163
605	875
605	946
605	1022
605	1100
605	1152
605	1381
606	997
606	1018
606	1105
606	1171
607	627
607	861
608	782
608	1310
609	732
609	1002
609	1226
610	885
610	1019
610	1068
611	1237
613	634
613	768
613	905
613	1049
613	1268
614	790
614	915
614	932
614	1306
616	1014
616	1339
616	1361
617	714
617	965
617	1153
617	1323
618	1002
619	841
619	900
619	1236
620	902
620	960
620	1051
621	805
621	855
621	1302
622	661
622	1132
622	1396
623	785
623	1277
626	768
626	1182
626	1265
627	1134
627	1189
628	1266
630	697
630	716
631	638
631	720
631	1052
631	1371
632	765
632	873
632	960
632	1184
633	945
633	1149
635	669
635	904
635	951
636	957
637	1368
638	802
638	810
638	953
639	1373
640	656
640	715
640	1300
641	968
642	1054
643	750
643	901
643	936
644	1092
644	1381
645	684
645	926
645	976
646	790
647	715
647	1244
647	1264
649	885
649	1025
649	1260
649	1366
650	917
650	1016
650	1249
653	1253
653	1283
653	1290
653	1326
654	845
654	1271
654	1287
655	1366
656	728
656	1326
656	1386
657	1036
658	823
658	993
658	1007
658	1041
659	733
659	780
659	884
659	951
661	856
661	858
661	1210
662	986
662	1319
662	1326
662	1374
663	1050
664	1083
664	1193
665	1228
667	683
667	876
667	1069
667	1073
667	1305
668	952
668	1115
669	868
669	1048
670	711
670	1010
671	1276
672	717
672	851
672	869
672	877
672	1192
672	1328
673	1209
674	724
674	1072
674	1173
675	710
675	776
675	1222
675	1331
676	698
676	973
676	1148
676	1276
676	1356
676	1358
677	728
677	1283
677	1326
678	890
678	913
678	1291
680	1091
681	807
681	857
681	1001
681	1158
682	1066
682	1139
683	705
683	791
683	838
683	987
683	1075
684	946
685	1045
686	1030
686	1168
686	1285
687	831
688	1169
689	1064
689	1295
689	1393
691	736
692	749
692	950
692	972
692	1018
692	1222
693	861
694	756
694	1110
695	1166
696	756
696	776
696	1198
697	956
697	961
697	1192
697	1263
698	774
698	1175
698	1194
698	1259
698	1265
699	716
699	765
699	767
700	847
700	1014
700	1281
701	1229
702	938
702	978
703	730
703	990
705	1007
706	835
707	771
707	1071
708	918
708	1013
708	1316
709	1387
711	936
711	1233
712	1040
712	1050
712	1095
712	1138
713	841
713	842
714	718
714	916
715	879
715	921
715	1165
716	902
716	1089
719	861
719	962
719	1062
720	731
721	763
721	1205
721	1241
722	862
722	1072
723	822
723	852
723	907
723	1046
723	1337
724	817
724	832
724	1255
725	1090
726	851
726	968
726	1326
727	938
727	1291
727	1348
729	731
730	995
730	1041
730	1279
731	887
732	1272
733	750
733	798
733	1028
733	1073
733	1107
733	1177
733	1257
734	1194
734	1382
734	1394
735	1038
736	753
736	1225
737	1004
737	1039
738	1391
740	757
740	1085
741	828
742	829
742	1308
742	1352
743	1004
743	1321
743	1394
744	810
746	849
746	1268
747	1036
747	1124
749	852
750	810
750	832
750	866
750	1172
750	1217
751	795
751	1099
751	1147
751	1170
751	1362
752	802
752	1208
754	986
754	1086
756	1307
756	1345
757	868
757	932
758	868
758	938
758	1022
759	878
759	1333
760	975
760	1270
760	1296
760	1297
761	1116
762	905
762	1013
762	1180
762	1259
763	951
763	1033
763	1350
763	1373
764	809
766	1098
767	822
767	918
767	1112
767	1266
767	1345
768	909
768	1131
768	1138
768	1178
768	1382
770	1196
771	849
771	961
772	799
773	1090
773	1112
774	950
774	1081
774	1231
774	1259
774	1395
775	835
775	915
775	1076
775	1097
775	1221
775	1256
776	1263
776	1381
778	1294
779	842
779	957
780	1094
782	1250
782	1325
783	801
783	871
783	890
784	1042
785	1104
786	899
786	1231
787	1334
788	843
788	963
788	1031
788	1186
789	1021
789	1324
790	975
791	1361
792	1078
793	891
793	915
795	1216
795	1333
795	1336
795	1377
796	1033
796	1039
796	1086
796	1302
797	804
797	815
797	988
797	999
797	1048
800	1202
801	1094
802	1013
803	941
803	1066
803	1074
803	1294
804	1158
804	1337
806	982
807	1287
808	1033
809	821
809	919
809	1024
809	1173
809	1228
809	1392
810	826
810	1110
810	1123
810	1238
812	1243
814	1188
814	1197
815	1199
816	833
816	858
816	978
817	1087
818	1014
819	1266
820	1072
820	1320
821	889
824	833
824	1117
825	906
825	1040
825	1074
825	1333
827	1357
828	1189
829	967
829	1008
829	1168
829	1387
831	966
832	992
833	1078
833	1261
833	1309
835	1012
835	1257
836	988
837	922
837	1264
837	1301
838	1076
839	919
840	1127
841	1106
841	1204
842	930
842	1310
844	855
844	898
844	963
845	847
845	1089
847	1032
847	1254
847	1309
848	1230
849	1072
849	1149
850	932
850	1196
852	1050
852	1138
852	1394
853	1350
854	1333
854	1376
855	917
855	1180
855	1236
856	891
856	1247
857	907
857	908
857	1056
857	1150
858	957
858	1170
859	1336
861	1271
862	1270
862	1318
863	876
863	1212
864	892
864	1101
864	1107
864	1215
865	996
865	1051
865	1290
866	880
867	950
868	1245
871	1151
871	1185
871	1330
872	1134
876	1361
877	1087
877	1180
877	1229
877	1238
877	1396
878	961
878	1048
878	1074
879	943
879	1299
882	883
883	1021
884	1210
885	1188
885	1240
885	1335
886	1117
886	1344
888	904
888	1065
888	1138
888	1339
889	894
889	1273
890	1119
890	1222
890	1232
892	1304
893	1007
896	1031
897	973
897	1259
897	1316
898	983
900	1380
901	1161
901	1310
901	1380
902	1049
903	1355
905	1299
906	1283
907	957
907	1307
907	1312
908	931
908	1014
909	1135
910	1369
913	1087
913	1171
915	944
915	1305
917	1002
917	1042
918	998
918	1262
919	933
920	1305
922	983
923	1017
923	1127
924	1135
924	1338
925	1292
926	1344
927	1013
928	1337
929	1040
929	1246
929	1302
929	1369
930	1083
931	1017
932	1248
932	1290
932	1322
935	1385
937	1016
937	1291
938	977
939	1045
940	1277
940	1281
941	1206
942	951
942	994
942	1206
942	1346
943	1068
943	1352
945	1168
946	1129
946	1368
947	1085
947	1388
948	1143
949	1334
950	1048
950	1330
951	1203
952	1059
952	1268
952	1316
953	1016
953	1294
953	1322
954	998
954	1292
956	1229
956	1302
957	1349
958	960
959	1374
961	1036
961	1241
961	1306
962	966
964	1377
965	1335
966	979
966	1075
966	1223
966	1230
966	1302
970	1338
971	1180
971	1190
972	1179
973	1282
974	1370
975	982
975	1161
975	1167
978	1014
979	1090
979	1396
980	1266
981	1247
983	1211
983	1289
984	985
984	1111
984	1245
985	1211
986	1103
987	1096
987	1161
988	1293
989	1155
989	1238
990	1376
991	1004
992	1207
992	1295
993	1032
994	1204
994	1271
996	1045
996	1242
997	1067
997	1162
997	1231
997	1311
997	1351
999	1294
1000	1084
1000	1354
1001	1387
1002	1146
1005	1382
1006	1120
1006	1122
1006	1327
1007	1018
1008	1111
1008	1311
1010	1274
1011	1094
1011	1327
1012	1184
1013	1083
1014	1139
1015	1178
1016	1108
1017	1065
1020	1317
1022	1071
1022	1301
1023	1131
1024	1222
1025	1223
1025	1382
1025	1392
1026	1247
1027	1050
1027	1249
1027	1321
1027	1346
1028	1080
1028	1324
1030	1156
1031	1123
1031	1318
1031	1368
1032	1165
1032	1344
1034	1271
1036	1263
1040	1137
1040	1193
1040	1275
1041	1064
1042	1373
1043	1181
1043	1196
1044	1060
1046	1047
1047	1221
1048	1061
1048	1217
1051	1123
1051	1210
1052	1290
1054	1193
1054	1332
1055	1089
1056	1172
1059	1161
1060	1214
1060	1341
1062	1296
1063	1294
1063	1380
1064	1073
1065	1332
1066	1344
1067	1200
1069	1211
1070	1085
1070	1167
1070	1276
1070	1309
1070	1341
1071	1317
1072	1310
1072	1339
1074	1250
1078	1187
1079	1207
1080	1175
1082	1379
1085	1124
1085	1382
1086	1390
1088	1141
1088	1225
1088	1341
1089	1245
1090	1388
1092	1346
1095	1250
1096	1187
1096	1292
1099	1204
1102	1110
1103	1169
1103	1208
1103	1215
1105	1130
1105	1297
1106	1116
1106	1271
1106	1332
1108	1210
1109	1176
1109	1270
1111	1275
1114	1294
1114	1397
1116	1300
1116	1305
1118	1156
1119	1209
1120	1317
1121	1193
1125	1196
1126	1232
1127	1177
1128	1200
1131	1193
1132	1211
1133	1262
1133	1361
1134	1243
1134	1262
1136	1370
1137	1150
1137	1210
1139	1169
1140	1147
1140	1265
1142	1296
1144	1311
1144	1382
1146	1334
1146	1396
1150	1182
1150	1195
1156	1244
1160	1194
1161	1272
1162	1352
1163	1282
1164	1260
1164	1370
1167	1266
1168	1175
1168	1321
1170	1182
1174	1329
1176	1191
1179	1366
1180	1227
1180	1306
1180	1373
1181	1280
1182	1333
1183	1273
1189	1373
1191	1363
1192	1215
1193	1243
1195	1373
1197	1296
1198	1289
1199	1269
1206	1236
1207	1376
1209	1398
1211	1246
1211	1328
1215	1298
1215	1388
1218	1263
1218	1310
1219	1223
1219	1352
1221	1318
1225	1250
1228	1305
1231	1390
1231	1395
1233	1359
1233	1387
1240	1281
1240	1350
1240	1381
1245	1347
1245	1373
1246	1263
1249	1363
1254	1263
1254	1340
1258	1376
1259	1376
1277	1282
1278	1294
1283	1356
1294	1316
1295	1328
1300	1398
1303	1373
1305	1376
1310	1327
1328	1342
1328	1370
1334	1355
1345	1362
1356	1372
1378	1398
1381	1389
1383	1394