0	777
0	1143
0	1260
1	36
1	73
2	494
3	341
4	21
4	154
4	464
5	215
5	753
5	1040
5	1314
6	246
6	268
6	462
6	614
7	270
7	610
7	677
7	838
7	1113
8	278
8	469
8	1099
8	1281
9	83
9	757
9	1349
10	704
10	890
11	268
11	276
11	522
11	574
11	781
11	799
11	1372
12	689
12	909
12	1002
13	377
13	633
13	639
13	968
13	969
14	330
14	433
14	529
14	557
14	623
14	670
14	742
14	846
14	878
14	902
14	1328
15	32
15	53
15	101
15	276
15	449
15	580
15	1069
15	1372
16	1112
16	1160
17	218
17	343
17	386
17	532
17	684
18	159
18	196
18	428
18	532
18	544
18	967
18	1069
18	1128
18	1226
18	1328
19	674
19	1033
20	1094
20	1291
21	506
21	573
21	663
21	849
21	962
21	1261
22	1187
23	197
23	342
23	585
23	625
23	758
23	924
23	1211
24	254
24	1196
24	1394
25	90
26	49
26	68
26	130
27	351
27	614
27	793
27	848
28	296
28	668
28	807
28	830
28	882
28	947
29	392
29	597
29	764
30	276
30	279
30	450
30	454
30	695
30	898
30	1067
31	677
31	798
31	862
31	1069
31	1215
31	1325
32	564
32	1087
32	1292
33	208
33	1340
33	1359
34	288
34	683
34	1222
34	1245
34	1329
34	1334
35	594
35	1296
36	61
36	107
36	575
36	1287
37	217
37	303
37	641
37	1017
38	205
39	311
39	367
39	670
39	869
39	1248
39	1297
40	822
41	166
41	433
41	467
41	802
41	1005
41	1036
42	173
42	461
42	529
42	1268
43	71
43	1288
44	305
44	415
44	654
44	1219
44	1237
45	210
45	286
45	432
45	884
46	238
46	363
46	478
46	775
46	996
46	1356
47	124
47	441
47	1347
48	201
48	517
48	915
48	1037
48	1319
48	1340
49	312
49	710
49	877
49	1328
50	59
50	190
50	253
50	285
50	411
50	426
50	791
50	897
50	1025
51	527
51	587
51	857
51	1192
52	541
52	672
52	768
52	778
52	790
52	1150
52	1205
53	65
53	180
53	625
53	635
53	659
53	904
54	183
54	579
54	851
55	1245
56	340
56	653
56	839
56	986
57	808
57	921
57	946
57	947
57	1216
58	69
58	245
58	339
58	947
58	1003
59	223
59	359
60	127
60	762
60	983
60	1392
61	127
61	941
61	1255
61	1322
61	1329
62	198
62	448
62	1249
63	162
63	259
63	539
63	649
63	934
63	1208
64	525
64	572
64	1208
65	135
65	739
65	813
65	1347
66	818
66	862
66	1287
67	294
67	598
67	733
67	812
67	1025
68	1019
68	1106
68	1174
69	504
69	940
69	1039
70	77
70	230
70	387
70	545
70	710
70	1001
72	274
72	876
72	945
73	97
73	247
74	649
74	768
74	1003
74	1304
75	96
75	941
75	1051
76	382
76	389
77	898
77	1186
77	1286
78	103
78	498
78	506
78	795
78	825
78	1068
78	1201
79	445
79	648
79	776
80	107
81	316
82	252
82	651
82	1081
82	1263
83	1386
84	109
84	383
84	584
84	898
84	1305
85	584
85	932
85	994
85	1359
86	457
86	765
86	1068
86	1096
86	1386
87	386
87	1170
87	1237
87	1317
87	1322
88	700
88	860
88	1122
89	371
89	1249
89	1271
89	1349
90	128
90	887
90	986
90	1002
90	1260
91	190
91	880
92	302
92	1048
93	1097
93	1382
94	491
94	520
94	773
94	1156
95	194
95	433
95	808
95	910
95	964
96	438
96	1268
97	362
97	389
97	820
97	840
97	900
97	915
97	1121
97	1145
98	222
98	1042
98	1066
99	213
99	500
99	710
99	1200
99	1226
100	317
100	1178
100	1242
100	1363
102	225
102	511
102	1016
103	359
103	609
103	1141
104	127
105	245
105	275
105	479
105	1179
106	148
106	360
106	545
106	801
106	913
106	999
107	359
107	516
107	730
107	848
107	1224
108	841
108	1288
109	486
109	515
109	1025
110	149
110	314
110	322
110	514
110	580
110	1023
110	1112
110	1161
111	203
111	238
111	318
111	319
111	407
111	916
111	966
111	1275
112	620
112	1105
112	1164
112	1194
112	1278
113	803
113	939
113	975
114	237
114	320
114	379
114	489
115	607
116	184
116	343
116	538
116	689
116	729
116	802
117	258
117	478
117	624
117	945
118	326
118	540
118	1071
118	1296
119	903
119	1290
119	1323
120	426
120	582
120	654
120	744
120	843
120	1067
120	1105
121	198
121	597
121	1289
121	1336
122	942
123	380
123	977
123	1008
123	1198
123	1239
124	410
124	710
124	793
125	426
125	660
125	695
126	269
126	479
127	178
127	520
127	826
127	962
127	1153
127	1257
127	1288
127	1341
128	330
128	442
128	1275
128	1304
129	136
129	303
129	492
129	621
129	676
129	1085
129	1180
129	1199
129	1233
130	318
130	1176
131	132
131	392
131	678
132	207
132	606
132	848
132	1038
132	1072
132	1264
133	473
133	765
133	825
133	947
133	1051
134	154
134	650
134	876
134	1357
135	365
135	452
135	668
135	1002
135	1108
136	1093
137	204
137	217
137	246
137	273
137	351
137	885
137	919
137	1036
137	1090
137	1177
138	490
138	519
138	599
138	606
138	917
138	928
138	1153
138	1355
138	1377
139	754
139	1366
139	1378
140	359
140	747
140	761
141	1089
142	404
142	707
142	724
142	1177
142	1357
143	719
144	254
144	704
144	1002
144	1134
145	149
145	199
145	340
145	468
145	663
145	745
145	1013
145	1154
145	1246
145	1257
146	203
146	359
146	820
147	186
147	251
147	1238
148	151
148	402
148	660
148	1140
148	1275
149	281
149	611
149	703
150	451
150	1320
151	817
152	253
152	291
153	184
153	1164
153	1300
154	551
155	371
155	836
155	1093
156	350
156	790
156	849
156	932
156	1158
156	1395
157	710
157	927
157	1012
157	1164
158	285
158	902
158	1127
158	1134
158	1344
159	299
159	1274
160	346
160	501
160	576
160	704
160	804
160	1194
161	220
161	469
161	918
161	1034
161	1101
161	1246
162	396
162	447
162	817
162	1283
163	946
164	415
164	881
165	182
165	230
165	294
165	1058
165	1168
166	304
166	425
166	966
166	1125
166	1229
166	1234
166	1260
167	328
167	1223
167	1234
168	700
168	870
168	1052
168	1308
168	1388
169	619
169	950
169	971
169	1238
170	655
170	1061
170	1245
171	481
172	315
172	465
172	644
172	1160
172	1320
173	529
173	583
173	592
173	600
173	712
173	872
173	899
174	329
174	713
174	748
174	849
175	393
175	1381
176	182
176	429
176	440
176	479
176	934
176	1117
176	1329
177	538
177	667
178	297
178	692
178	867
178	938
178	1138
178	1278
179	385
179	771
179	997
179	1093
180	420
180	698
181	1054
181	1072
182	198
182	421
182	575
182	823
182	948
182	1327
183	899
183	1086
183	1364
184	436
184	551
184	792
185	895
185	1162
185	1246
187	915
187	1043
187	1121
188	430
188	616
188	1090
188	1274
189	789
189	1190
189	1329
190	365
190	410
190	457
190	552
190	842
190	1046
190	1074
190	1348
191	1119
191	1150
192	290
192	638
192	1034
193	1004
194	251
194	445
194	508
194	721
194	1255
194	1382
195	384
195	531
195	562
195	957
196	255
196	908
196	953
196	1142
197	650
197	1254
197	1277
197	1356
198	278
198	572
198	798
198	813
199	1071
199	1159
200	395
200	517
200	644
200	1077
201	552
201	585
201	779
201	1259
202	273
202	532
202	1189
203	544
203	592
203	845
203	1105
204	561
204	600
204	752
204	1238
205	643
205	1249
206	331
206	1003
207	367
207	585
207	877
207	1287
208	216
208	465
208	495
208	679
209	825
209	1064
210	399
210	498
210	676
210	914
210	1127
211	430
211	701
211	1241
212	262
212	374
212	391
213	678
213	820
213	894
213	946
214	224
214	561
215	672
215	1324
216	560
216	802
216	1199
217	489
217	633
217	918
217	951
218	283
218	551
218	990
218	1173
219	226
219	297
219	588
219	591
219	669
219	1091
219	1268
219	1361
219	1398
220	368
220	1063
221	871
221	1022
221	1040
221	1093
221	1283
222	409
223	540
223	1342
224	261
224	839
224	1216
224	1273
225	252
225	522
225	558
225	940
225	1107
225	1109
225	1142
225	1273
225	1307
226	316
226	1106
226	1258
226	1321
227	900
227	986
228	466
228	836
228	895
228	1214
228	1387
229	442
229	1275
229	1283
230	261
230	546
230	804
230	1036
230	1091
230	1193
231	398
231	598
231	980
231	1167
232	238
232	1288
233	383
233	443
233	1003
234	256
234	274
234	301
234	538
234	621
235	325
235	1186
235	1249
236	1106
237	400
237	592
237	776
237	986
237	1067
237	1090
237	1171
237	1239
238	421
238	1281
239	929
239	1048
240	794
240	1011
240	1047
240	1106
241	370
241	459
241	578
241	1228
242	252
242	325
242	455
242	741
242	779
242	983
242	1329
243	354
243	483
243	1370
244	1059
244	1150
245	255
245	618
245	927
245	1047
245	1399
246	1037
246	1061
247	519
247	549
247	631
248	1389
249	804
249	1253
250	363
250	474
250	486
250	624
250	867
250	1034
250	1106
251	487
251	554
251	705
251	1081
251	1203
252	486
252	682
252	1305
253	982
253	1386
254	444
254	567
254	1077
255	559
255	1202
256	617
257	677
257	706
257	912
257	1017
257	1302
258	439
258	440
258	687
259	677
259	744
259	1174
260	1188
260	1244
260	1359
261	370
261	436
261	566
261	571
261	640
261	712
261	1008
261	1156
261	1310
262	301
262	801
262	1093
263	395
263	1191
264	536
264	1114
265	386
265	715
265	1022
265	1185
265	1228
265	1279
266	820
266	1347
266	1358
267	338
267	344
267	655
267	1279
267	1343
268	726
268	1104
268	1268
269	395
269	422
269	464
269	1158
269	1371
270	538
270	780
270	848
270	919
270	1228
271	652
271	775
271	1180
271	1237
271	1254
272	506
272	515
272	759
272	958
273	840
274	395
274	579
274	643
274	744
274	806
274	854
274	1199
275	1099
275	1277
276	294
276	493
276	682
276	857
277	853
277	1017
277	1141
277	1201
277	1398
278	709
278	949
279	749
279	895
280	339
280	508
280	884
281	497
281	1055
281	1094
281	1321
281	1390
282	580
282	725
283	999
283	1303
283	1310
283	1354
284	593
284	1002
284	1014
284	1311
285	289
285	599
285	676
285	801
285	805
285	1163
285	1219
285	1318
286	382
286	1269
286	1333
286	1341
287	370
287	391
287	959
287	1099
287	1356
288	321
288	443
288	1049
288	1128
288	1285
289	323
289	897
289	1321
289	1373
290	837
290	1223
291	596
291	880
291	1094
291	1232
292	368
292	608
292	1275
293	458
293	870
294	428
294	429
294	1234
295	566
295	654
295	661
295	962
295	1368
296	905
296	1105
297	349
297	464
297	707
297	811
298	590
298	1061
298	1094
299	785
299	1019
300	985
300	1216
301	664
301	842
301	1187
302	821
302	831
302	1016
302	1116
303	330
304	361
304	526
304	680
304	799
304	931
304	1170
304	1240
305	1068
305	1331
306	404
306	876
306	1139
306	1324
307	1210
308	1098
309	742
310	455
310	581
310	748
310	1351
311	473
311	610
311	694
311	718
311	786
311	822
311	910
311	1120
311	1352
312	807
313	693
313	797
313	937
314	393
314	775
314	866
315	455
315	646
315	665
315	712
315	779
316	645
316	810
317	614
317	946
318	459
318	950
318	1055
318	1176
318	1196
318	1269
318	1367
319	324
319	393
319	452
319	1148
320	440
320	678
320	713
320	870
321	499
321	520
322	374
322	878
322	894
322	1000
323	668
323	1027
323	1169
323	1352
324	962
324	1220
325	901
325	992
326	541
326	611
326	631
326	685
326	998
326	1098
326	1105
326	1119
326	1154
326	1390
327	830
327	955
327	1015
327	1289
328	707
328	893
328	940
329	368
329	771
329	852
329	859
330	501
330	547
330	707
331	364
331	578
331	621
331	855
331	1292
331	1373
332	392
332	545
332	608
332	898
332	951
332	1050
332	1106
333	523
333	896
334	1020
334	1201
334	1220
335	343
336	363
336	574
336	1089
336	1243
337	544
337	785
338	521
338	743
338	1383
339	584
339	586
339	1271
340	1097
340	1226
340	1369
341	548
341	844
341	988
341	1157
341	1273
342	713
342	890
343	1378
344	498
344	650
344	829
344	831
344	1281
345	539
345	595
345	948
346	472
346	509
346	652
347	356
347	552
347	706
347	1112
348	652
348	862
348	869
348	1360
349	430
349	552
349	1178
350	388
350	689
352	1028
352	1173
353	1070
354	362
354	382
354	730
354	936
355	376
355	647
355	1089
355	1105
356	368
356	547
356	804
356	1077
357	604
358	382
358	635
358	819
358	1219
359	909
359	965
360	552
360	553
360	632
360	1276
360	1334
361	378
361	397
361	564
361	582
361	996
362	514
362	1147
363	368
363	424
363	587
364	714
364	775
364	1016
364	1167
365	911
365	956
366	381
366	664
366	790
366	1060
367	454
367	639
367	703
367	1219
367	1274
367	1319
368	1031
369	397
369	1211
370	672
370	928
371	915
371	924
372	1334
372	1386
373	1212
373	1318
374	418
374	428
374	530
374	794
375	818
375	923
375	1016
375	1215
376	1204
377	463
378	579
378	1042
378	1296
379	784
379	933
380	486
380	1035
380	1136
381	646
381	674
381	1368
382	597
382	615
383	785
383	1004
384	732
385	854
386	809
386	973
386	1127
387	758
387	960
387	1000
387	1149
387	1293
388	749
388	901
388	1299
389	811
389	814
389	877
389	1068
389	1077
389	1087
389	1351
390	455
390	530
390	992
390	1138
390	1311
390	1343
391	849
391	1320
392	434
392	850
392	1179
393	877
393	1260
394	453
394	714
395	808
395	1266
395	1298
395	1359
396	589
396	735
396	873
397	576
397	1322
398	820
398	1131
398	1253
399	467
399	638
399	1306
400	777
400	963
400	997
401	1116
401	1129
401	1150
401	1345
402	466
402	990
402	1072
403	472
403	823
403	1110
403	1304
404	752
404	854
405	894
405	979
406	601
406	1023
407	727
407	1018
407	1074
407	1324
408	555
408	645
408	701
408	808
408	998
408	1361
409	677
409	795
409	1197
409	1206
410	479
410	676
410	734
410	1396
411	480
411	500
411	594
411	681
411	820
411	961
411	1145
412	553
412	653
412	713
412	1028
413	855
413	1125
413	1168
414	1126
414	1265
414	1286
415	470
415	572
415	658
415	896
416	773
417	622
417	630
417	690
417	1328
418	461
418	1121
418	1397
419	655
419	707
419	739
419	967
420	517
420	603
420	773
420	975
420	1207
420	1272
421	457
421	742
422	1058
422	1118
422	1355
423	624
423	832
423	1326
424	594
424	709
424	1197
425	437
425	646
425	809
427	445
427	892
427	953
427	1030
427	1359
428	482
428	1184
429	455
430	930
430	1396
431	651
431	675
431	931
432	460
432	1044
432	1328
432	1349
434	580
435	460
435	494
435	652
435	756
435	842
436	556
436	832
436	926
437	1274
438	911
438	921
438	1082
439	699
439	924
440	723
440	1323
441	617
441	742
441	794
441	1187
441	1386
442	1258
443	483
444	583
444	696
444	767
444	847
445	798
445	833
445	1326
446	542
446	1370
446	1373
446	1393
447	655
448	790
449	783
449	917
449	1117
449	1150
449	1327
450	529
450	1380
451	1107
452	964
452	970
453	835
453	1130
453	1132
454	515
454	682
455	509
455	591
455	614
455	1328
456	554
456	780
456	924
457	593
457	921
458	613
458	1083
458	1334
459	796
459	1067
460	526
461	878
462	905
462	1007
462	1108
463	711
463	1307
463	1313
464	684
464	895
465	546
465	627
465	1384
466	710
466	1019
467	867
467	1034
468	622
468	691
468	1102
468	1136
468	1145
468	1195
469	520
469	765
469	1053
469	1056
469	1282
469	1358
470	965
470	1164
470	1294
470	1339
471	479
471	917
472	873
472	1142
473	649
473	1126
474	888
474	1258
475	1074
475	1094
475	1098
475	1369
476	755
476	872
476	1374
477	852
478	892
478	960
479	956
479	1010
479	1014
479	1160
479	1255
479	1324
480	609
480	734
480	906
481	842
481	1040
481	1101
481	1228
481	1236
481	1398
483	599
483	942
483	1002
484	1306
485	491
485	596
485	776
485	816
485	1251
485	1294
486	704
486	783
487	517
488	547
488	610
489	837
489	1175
490	1032
490	1075
491	610
491	830
491	905
491	1331
492	895
492	1349
493	957
493	1224
494	862
494	878
494	1221
494	1289
495	784
495	818
496	695
496	1201
497	540
497	1007
497	1379
498	924
499	1326
499	1352
500	539
501	797
501	999
501	1096
502	696
502	954
503	737
504	527
504	581
504	847
504	965
504	1273
504	1309
505	532
505	721
506	759
506	792
506	1137
507	763
507	870
507	1079
508	749
510	701
510	907
510	930
510	942
511	716
511	833
511	1286
511	1294
512	850
512	862
512	878
512	949
512	1186
512	1358
513	890
514	551
515	1173
516	925
517	1091
518	640
518	744
518	901
518	1214
519	535
519	549
519	739
520	679
520	863
520	904
520	918
521	555
521	699
522	650
522	717
522	762
522	844
523	600
523	735
523	1183
523	1219
523	1277
524	1000
524	1333
525	816
525	827
525	890
526	646
526	910
526	953
527	861
527	1034
528	1248
529	1174
531	1007
532	540
532	566
532	859
532	1066
533	595
533	628
533	913
533	952
533	976
533	1090
534	1076
535	702
535	1254
535	1257
535	1279
536	924
536	1215
536	1284
537	1054
539	792
539	851
539	891
539	913
539	1371
540	1296
540	1391
541	635
541	685
541	689
541	1170
541	1186
543	578
543	1069
544	640
545	1096
546	709
546	1298
547	882
547	900
547	1162
547	1265
548	634
548	1325
549	711
549	731
549	1042
550	617
550	761
550	846
550	1086
550	1125
550	1146
550	1375
551	681
551	1335
551	1338
552	706
552	722
552	824
552	1243
552	1399
553	998
553	1259
554	701
554	1119
555	703
555	957
555	1039
555	1055
555	1174
556	762
556	781
556	997
558	642
558	809
558	835
558	1023
559	786
560	879
560	1379
561	1016
562	613
562	1013
562	1233
563	595
563	1181
564	1367
565	785
565	827
566	688
566	1089
567	620
567	890
567	937
567	1291
567	1388
568	698
568	724
568	1048
568	1269
569	700
569	902
569	1158
570	1152
572	836
572	984
573	809
573	849
573	1325
574	947
574	975
574	1273
574	1296
574	1375
575	605
575	1084
577	614
577	617
577	700
577	1085
577	1134
577	1155
578	794
579	605
579	607
579	715
579	915
579	1089
579	1092
580	691
580	758
581	834
581	958
581	1172
581	1173
582	623
582	964
582	1087
583	920
584	774
584	936
584	1078
585	674
585	788
586	861
586	1041
586	1226
587	891
587	1134
587	1227
587	1334
588	779
588	784
588	942
588	1010
588	1137
588	1387
589	625
589	774
589	858
590	911
590	1004
591	1122
591	1140
593	665
593	1119
593	1157
593	1198
594	605
594	1061
594	1073
594	1190
595	636
595	695
595	732
595	844
595	1173
595	1239
595	1264
596	1006
598	1235
598	1339
600	1330
600	1337
601	1205
602	744
603	739
603	851
603	1182
604	766
604	841
604	908
605	872
606	962
606	1145
606	1150
607	630
607	641
607	1029
607	1105
607	1330
608	675
609	720
609	772
609	1031
609	1284
610	1023
612	630
612	1019
612	1049
613	1249
614	659
615	1062
616	707
616	1067
617	826
618	634
618	1310
618	1360
619	896
619	1241
620	720
620	966
621	699
621	761
621	861
621	1278
622	745
622	755
623	657
623	763
626	790
628	828
628	857
628	931
628	949
628	1145
628	1397
629	798
629	848
629	906
630	1283
631	665
631	823
631	1035
631	1386
632	646
632	675
632	762
633	645
633	1211
633	1235
634	748
634	1326
635	694
635	749
635	1173
637	712
637	773
637	816
637	959
638	681
638	721
638	835
640	977
641	660
641	896
641	983
641	1187
642	959
642	1068
642	1071
642	1249
643	881
643	1258
644	648
644	747
644	858
644	1291
645	770
645	815
645	1166
646	655
646	704
646	888
646	1019
647	906
648	1247
648	1389
649	686
650	997
650	1116
651	699
651	738
651	849
651	1051
652	768
652	1374
653	721
653	1122
654	725
654	1022
654	1283
654	1388
655	947
656	660
656	1013
656	1037
656	1098
657	779
657	817
657	1005
657	1117
657	1151
658	717
659	793
659	1153
661	829
661	1246
661	1270
662	1174
663	1231
663	1346
664	989
665	896
665	996
666	704
666	970
666	1170
666	1265
666	1335
667	722
667	1216
668	676
668	1275
668	1297
668	1349
669	1265
671	794
671	1095
671	1321
672	675
672	1046
673	930
673	1000
673	1234
674	746
674	798
675	870
675	1367
676	872
677	698
677	1003
677	1022
679	756
679	1399
680	898
680	1040
680	1131
680	1138
680	1335
681	729
681	735
681	1061
681	1140
682	937
682	1258
683	1195
684	1086
685	821
685	1162
685	1202
685	1272
685	1303
686	736
686	1024
686	1360
687	1219
688	712
688	733
688	757
689	692
689	1033
690	734
690	1002
693	1231
694	772
695	821
695	1197
697	996
699	1338
700	1374
701	950
701	1117
701	1233
702	955
702	1024
702	1053
702	1242
702	1369
703	795
703	967
703	1181
705	1179
706	1083
706	1128
706	1375
707	744
707	752
707	753
707	898
707	1231
708	812
708	1389
709	1046
709	1132
709	1230
710	756
710	1214
711	1211
712	1074
712	1244
712	1251
713	865
713	916
713	977
714	870
714	901
714	949
714	1053
716	992
716	1156
716	1383
716	1385
717	1068
718	778
718	785
718	978
718	1346
719	1054
719	1292
720	1135
720	1158
720	1242
721	727
721	816
721	1019
721	1099
722	840
722	1136
722	1323
725	1290
727	864
727	1187
728	782
728	862
728	945
728	1222
728	1349
728	1368
729	834
729	1073
730	809
730	1275
731	1111
731	1130
731	1161
731	1278
731	1298
732	976
732	1182
732	1379
733	736
733	842
733	991
734	745
735	1335
736	737
736	1270
737	769
737	1051
737	1339
737	1396
738	1302
738	1338
739	829
740	861
740	1095
741	785
741	1071
742	836
743	824
744	778
744	794
745	905
746	778
746	1106
749	842
749	1223
750	1035
750	1337
750	1347
751	829
751	1034
751	1239
752	1097
752	1170
752	1217
752	1298
752	1372
753	861
753	1191
753	1379
754	1031
754	1095
754	1312
756	953
758	1315
758	1324
759	1236
759	1358
760	1250
761	1163
761	1369
763	1001
763	1082
764	788
764	1251
765	837
765	1108
765	1204
766	1204
767	827
767	1002
768	1292
770	1127
770	1338
771	798
772	798
773	1031
773	1080
774	847
774	1117
774	1350
775	855
775	1028
776	910
777	1009
778	1032
779	1352
780	908
781	1074
781	1396
782	1036
782	1121
782	1151
783	844
783	997
783	1099
783	1300
784	1157
785	1244
786	1009
786	1017
786	1351
786	1380
787	1041
790	853
790	1285
791	1051
791	1190
793	878
793	1214
794	924
794	1002
794	1088
794	1352
795	972
798	1246
798	1285
799	820
799	1260
800	1036
801	808
803	936
803	981
803	1048
803	1135
803	1352
804	962
805	851
805	1071
806	868
806	1105
808	1095
808	1325
808	1384
809	1124
810	869
811	876
811	980
812	1122
812	1193
812	1397
813	1274
814	1247
815	913
815	1097
816	1176
818	1389
820	867
822	933
823	1079
824	1069
825	1128
826	938
826	1204
827	1112
828	876
828	961
828	1093
828	1294
831	837
832	894
832	1042
832	1089
833	1078
835	873
835	1273
835	1302
836	1181
837	929
837	975
837	1311
838	1106
838	1238
840	1070
842	1326
842	1332
843	910
843	1067
843	1072
843	1280
844	885
845	1128
846	942
846	1098
847	1100
847	1170
847	1337
848	1081
848	1118
849	1211
849	1297
850	953
851	900
851	1189
852	1027
852	1275
852	1353
853	925
854	994
854	1142
854	1243
855	1129
855	1144
856	985
856	1088
856	1365
856	1371
857	974
857	1160
858	1399
861	921
861	1198
861	1278
861	1384
862	1397
863	1162
864	869
864	875
864	992
864	1253
867	947
867	1124
867	1189
867	1313
868	956
868	981
868	1218
868	1260
870	916
870	1204
871	883
871	1137
871	1243
871	1315
872	1122
873	922
873	930
873	1115
873	1391
874	1290
874	1310
874	1379
875	953
875	998
875	1021
875	1326
875	1352
876	894
876	1181
876	1295
877	1035
877	1279
878	952
878	1093
879	1209
879	1396
880	1058
881	925
881	1224
882	907
882	1196
882	1360
883	897
883	915
883	1158
883	1286
884	1008
886	1157
887	1239
887	1265
888	1051
888	1285
889	1121
889	1253
890	1213
891	975
891	1333
892	919
892	1148
892	1344
893	954
893	1219
893	1331
894	911
898	961
898	990
898	1310
899	933
899	1036
900	953
900	1173
900	1181
901	916
901	1274
902	1091
902	1121
902	1363
904	1012
904	1120
905	1086
905	1222
906	910
906	1372
907	970
907	1009
907	1128
907	1244
908	1013
909	964
909	1123
910	1232
911	1170
911	1346
912	988
913	1101
913	1392
915	919
915	921
917	1379
918	1062
918	1088
919	930
919	1204
920	980
922	1224
922	1283
923	940
924	1377
925	933
926	939
926	990
926	1391
927	1290
928	1024
928	1259
928	1381
929	1000
931	1149
931	1188
931	1308
932	976
932	1148
933	958
933	1301
934	949
934	1316
935	944
936	954
936	1041
936	1174
937	1398
938	1060
939	1177
940	949
940	1108
940	1269
940	1289
940	1341
942	1008
942	1163
942	1354
943	1157
944	1290
945	1046
946	1195
947	1056
947	1260
948	1008
948	1328
953	1071
953	1326
954	1294
954	1323
955	1114
955	1128
955	1181
957	1056
957	1273
959	1034
959	1045
959	1079
961	1330
962	1007
962	1268
964	1024
964	1226
964	1267
966	975
966	1315
967	988
967	1155
967	1299
967	1395
969	1008
969	1358
970	1041
970	1093
970	1212
971	1014
972	975
972	1085
972	1141
972	1202
973	1172
973	1328
974	1269
975	1176
975	1200
975	1344
976	1077
976	1167
976	1192
976	1302
978	993
980	1314
980	1350
981	1266
981	1378
982	1030
982	1133
982	1386
986	1009
987	1380
988	1099
989	1110
990	1388
991	1109
992	1359
995	1119
995	1370
997	1006
998	1003
998	1239
998	1335
999	1024
1000	1087
1001	1052
1001	1054
1005	1194
1005	1384
1006	1078
1007	1116
1008	1216
1009	1343
1012	1100
1012	1226
1013	1086
1013	1398
1014	1201
1015	1272
1016	1093
1016	1220
1017	1399
1018	1358
1019	1023
1019	1048
1020	1327
1021	1042
1022	1104
1023	1066
1024	1114
1024	1227
1024	1314
1024	1399
1026	1298
1026	1330
1028	1079
1028	1252
1029	1103
1029	1290
1030	1079
1030	1368
1031	1150
1031	1191
1031	1398
1033	1206
1034	1110
1034	1288
1034	1354
1035	1204
1037	1083
1037	1213
1038	1241
1039	1094
1041	1273
1042	1167
1042	1232
1043	1045
1044	1297
1045	1201
1047	1140
1047	1227
1047	1353
1048	1106
1048	1330
1049	1223
1050	1265
1050	1356
1050	1358
1051	1373
1053	1187
1053	1299
1053	1369
1054	1097
1055	1185
1056	1074
1056	1247
1056	1261
1056	1284
1056	1304
1056	1317
1057	1143
1057	1149
1057	1169
1057	1259
1058	1330
1059	1394
1060	1250
1060	1253
1060	1295
1060	1329
1061	1299
1062	1183
1062	1293
1065	1300
1065	1335
1066	1386
1067	1284
1068	1320
1070	1130
1070	1311
1071	1242
1073	1076
1073	1156
1073	1250
1073	1303
1076	1340
1078	1265
1082	1177
1084	1212
1085	1213
1089	1326
1091	1250
1094	1328
1095	1177
1095	1278
1098	1116
1099	1316
1100	1336
1103	1218
1103	1225
1104	1271
1104	1300
1105	1293
1105	1310
1109	1303
1109	1349
1110	1319
1110	1354
1111	1393
1112	1214
1112	1343
1113	1195
1113	1297
1114	1198
1116	1284
1119	1257
1119	1353
1120	1142
1121	1177
1121	1243
1123	1379
1123	1397
1124	1199
1125	1175
1125	1377
1125	1397
1129	1337
1131	1377
1135	1342
1138	1186
1138	1206
1139	1315
1139	1364
1140	1233
1143	1284
1144	1157
1144	1307
1145	1317
1146	1294
1147	1256
1150	1185
1151	1233
1152	1247
1152	1268
1154	1357
1158	1354
1159	1288
1161	1175
1163	1252
1164	1176
1164	1207
1165	1397
1167	1182
1167	1332
1169	1324
1170	1173
1170	1197
1171	1244
1173	1392
1174	1276
1175	1183
1176	1367
1177	1184
1180	1343
1181	1326
1184	1359
1186	1236
1187	1325
1190	1305
1190	1358
1191	1254
1194	1195
1194	1381
1199	1327
1204	1380
1205	1234
1205	1310
1208	1258
1208	1295
1209	1281
1210	1340
1212	1232
1212	1353
1213	1358
1214	1338
1215	1356
1221	1299
1221	1358
1221	1372
1223	1254
1226	1399
1227	1244
1227	1313
1228	1334
1229	1236
1234	1247
1243	1373
1243	1387
1246	1376
1247	1258
1247	1379
1249	1380
1254	1343
1258	1327
1258	1333
1261	1332
1262	1308
1264	1313
1269	1326
1269	1376
1270	1312
1272	1383
1273	1279
1278	1323
1280	1282
1284	1386
1289	1320
1293	1362
1293	1396
1295	1398
1300	1328
1300	1343
1325	1387
1336	1385
1337	1385
1339	1355
1340	1390
1347	1352
1350	1394
1371	1383
1379	1396
1385	1387