0	142
0	156
0	289
0	960
1	1320
2	37
2	183
2	273
2	319
2	1210
3	638
4	149
4	202
4	730
4	1156
4	1173
4	1268
5	326
5	1106
5	1185
5	1294
6	108
6	632
6	761
7	29
7	1061
7	1096
7	1304
7	1384
8	102
8	747
8	783
8	923
8	1280
9	126
9	325
10	88
10	327
10	548
10	605
10	1380
11	23
11	505
11	805
12	102
12	170
12	334
12	884
12	944
12	1013
12	1142
12	1262
12	1331
13	181
13	469
13	550
13	728
13	814
13	1060
13	1137
13	1362
14	244
14	1019
14	1215
14	1377
15	108
15	682
15	1021
16	47
16	50
16	93
16	176
16	1116
16	1377
17	19
17	1383
18	23
18	27
18	93
18	136
18	143
18	345
18	994
19	77
19	1140
19	1396
20	64
20	243
20	375
20	635
20	936
21	798
22	814
22	1020
22	1225
22	1297
23	97
23	1304
24	153
24	374
24	558
24	696
24	860
24	1028
25	76
25	236
25	1009
26	124
26	144
26	376
26	806
26	980
27	248
27	681
27	1135
27	1269
27	1283
28	609
28	858
28	952
28	1167
29	186
29	364
29	926
29	1076
29	1215
29	1266
29	1306
30	430
30	440
30	925
30	1399
31	337
31	384
31	1002
32	237
33	207
33	350
33	698
34	64
34	260
34	914
34	933
34	1348
34	1354
35	171
35	206
35	410
35	915
36	114
36	138
36	211
36	665
36	1231
37	697
37	1349
37	1377
38	538
38	556
38	643
39	1176
40	94
40	129
40	162
40	914
40	994
41	458
41	482
42	124
42	189
42	197
42	288
42	383
42	545
42	1135
43	372
43	384
43	585
43	950
43	1210
43	1273
43	1396
44	60
44	901
44	1287
45	517
45	752
45	940
45	1238
46	77
46	527
46	713
46	1276
46	1321
47	887
47	1162
47	1217
48	1332
49	156
49	289
49	1017
49	1069
49	1213
49	1331
50	174
50	180
50	252
50	639
51	112
51	722
51	920
51	933
51	953
52	150
52	887
52	1034
53	59
53	210
53	583
53	977
53	1203
53	1355
54	263
54	1133
54	1242
55	137
55	334
55	693
55	996
56	127
56	346
56	800
56	1091
56	1185
56	1262
57	122
57	516
57	1360
58	159
58	733
58	872
58	1188
58	1257
59	556
59	856
59	1099
60	354
60	792
60	911
60	1042
61	241
61	305
61	595
61	861
61	959
61	1085
61	1121
62	911
63	930
64	215
64	302
64	308
64	315
64	548
64	645
64	813
64	964
64	1388
65	814
65	838
65	1144
66	178
66	592
66	639
66	784
67	144
67	253
67	270
67	654
68	532
68	691
68	696
69	203
69	373
69	626
69	944
69	1209
69	1302
70	176
70	323
70	352
70	601
70	697
70	814
70	968
70	1099
71	99
71	142
71	493
71	819
72	228
72	787
72	1134
73	176
73	333
73	414
73	1237
73	1244
73	1321
73	1326
74	106
74	142
74	220
74	321
74	743
74	1025
74	1070
74	1079
75	704
75	893
75	1138
76	586
76	602
76	746
76	1311
77	180
77	368
77	827
77	1121
78	306
78	1141
78	1159
78	1202
78	1212
79	260
79	582
79	1228
80	883
80	1200
81	611
81	956
82	611
82	1316
83	84
83	429
83	755
83	1374
84	268
84	511
85	238
85	361
85	710
86	101
86	378
86	595
86	605
86	925
86	1180
86	1181
86	1310
86	1313
87	499
87	709
87	943
87	1199
87	1255
88	97
88	160
88	212
88	630
88	1262
89	205
89	545
89	707
89	800
90	504
90	760
90	878
90	923
90	1319
91	435
91	612
91	618
91	894
91	1326
91	1366
92	240
92	526
92	675
92	700
92	984
92	1255
93	252
93	465
93	874
93	897
93	1017
94	618
94	947
94	952
94	1214
94	1277
94	1314
95	101
95	947
96	914
96	1229
96	1399
97	395
97	487
97	900
97	955
97	1059
98	636
98	982
98	1229
98	1293
99	809
99	1070
100	140
100	142
100	498
100	515
100	570
100	629
100	903
100	1084
100	1357
101	398
101	545
102	125
102	393
102	706
102	1142
102	1163
102	1319
103	180
103	1091
103	1368
104	124
104	491
104	1083
105	539
105	660
105	670
105	688
105	750
106	246
106	955
106	1013
106	1282
107	1034
107	1310
108	365
108	640
108	822
108	901
108	952
108	984
108	1195
108	1223
108	1243
109	582
109	868
110	225
110	661
110	851
110	934
110	966
110	1014
110	1159
110	1311
111	250
111	400
111	420
111	576
111	968
112	508
112	851
112	1108
113	305
113	731
113	951
114	571
114	649
114	665
114	680
114	814
115	161
115	271
115	881
115	1060
115	1119
115	1183
115	1345
115	1390
116	434
116	471
116	498
116	664
116	710
117	1033
117	1105
117	1184
118	464
118	540
118	605
118	765
118	1278
119	335
119	651
119	1080
119	1095
120	149
120	211
120	713
120	916
120	1174
120	1259
121	438
122	206
122	823
122	1116
122	1195
123	428
123	925
123	970
123	992
123	1273
124	289
124	796
124	998
124	1173
125	323
125	1172
126	220
126	422
126	498
126	883
126	1277
127	356
127	632
127	1172
127	1272
128	441
128	862
128	1099
128	1357
129	168
129	189
129	503
130	328
130	599
130	841
130	1099
130	1351
131	173
131	382
131	745
131	789
131	858
131	927
131	1284
132	241
132	576
132	648
132	1165
132	1174
132	1286
133	259
133	293
133	354
133	359
133	505
133	735
133	933
134	775
134	1123
134	1209
134	1231
135	173
135	184
135	578
135	820
135	1125
136	732
136	771
136	951
137	251
137	851
137	1029
137	1137
138	754
138	1333
138	1399
139	234
140	296
140	299
140	326
140	425
140	516
140	910
140	1061
140	1233
141	152
141	509
141	706
141	721
141	829
141	891
142	718
142	831
142	852
142	1390
143	899
143	1195
144	215
144	573
144	607
144	616
144	863
145	1123
145	1163
145	1357
146	495
146	718
146	744
146	810
146	843
146	954
146	1116
147	255
147	466
147	920
148	599
148	668
148	843
148	991
148	1028
148	1274
149	289
149	378
149	582
149	649
149	652
149	791
149	1249
149	1336
150	167
150	412
150	1178
151	441
151	442
151	1291
152	935
152	1190
153	241
153	404
153	643
153	1002
153	1082
153	1385
154	1234
154	1285
154	1286
155	288
155	936
155	949
155	1015
155	1022
155	1098
156	267
156	483
156	628
157	787
157	1009
158	200
158	584
158	1016
159	340
159	437
159	614
159	708
161	662
161	771
161	858
161	1151
162	305
162	308
163	365
163	756
163	796
163	1056
164	192
164	220
164	668
164	1236
165	194
165	1031
165	1048
166	190
166	525
166	645
166	718
167	191
167	855
168	560
168	1036
168	1137
168	1240
168	1246
168	1319
169	187
169	374
169	846
169	897
170	315
170	847
170	1010
170	1070
171	255
171	996
171	1121
171	1276
171	1277
172	375
173	412
173	424
173	464
173	883
173	1358
174	726
175	607
175	1047
176	1360
177	450
177	968
177	1007
177	1157
178	398
178	671
178	1167
179	218
179	271
179	1099
179	1363
179	1369
180	644
180	669
180	1266
181	367
181	706
181	908
182	459
182	784
182	913
182	1011
182	1270
184	789
184	839
185	294
185	994
186	535
186	766
186	821
186	1030
186	1033
186	1065
187	326
187	713
187	762
187	999
187	1249
188	797
189	771
189	775
189	832
189	1002
189	1007
189	1010
190	712
190	816
190	976
190	1038
191	298
191	348
191	394
191	406
191	1241
191	1389
192	748
192	931
192	940
192	1134
192	1348
193	391
193	740
193	912
193	1186
193	1320
194	1010
195	250
195	339
195	501
195	519
195	913
196	653
196	991
197	751
197	863
197	1316
198	295
198	533
198	1252
199	421
199	512
199	665
199	853
200	569
200	937
200	955
201	226
201	271
201	346
201	1076
202	1060
202	1247
202	1334
202	1344
202	1359
204	308
204	589
204	757
204	878
205	247
206	386
206	948
207	553
207	559
207	885
207	1169
208	1149
208	1308
209	418
209	674
209	1005
209	1142
210	242
210	313
210	438
210	548
210	900
210	1124
210	1151
210	1321
211	516
211	619
211	841
211	854
211	1108
211	1267
211	1374
211	1399
212	546
212	635
212	961
213	278
213	363
213	610
213	756
213	1254
214	264
214	325
214	588
214	937
215	485
215	558
215	694
215	1086
215	1242
216	1299
217	956
217	1133
218	875
218	996
219	325
219	348
219	956
219	1064
219	1332
220	856
221	415
221	858
221	997
221	1014
221	1280
221	1305
222	288
222	421
222	536
223	1024
223	1085
224	419
224	467
224	683
224	750
224	1000
225	266
225	379
225	484
225	1030
227	863
227	931
227	1102
227	1298
227	1347
228	921
229	834
230	933
231	428
231	491
231	780
231	833
231	1186
232	664
232	811
232	1339
233	434
233	618
233	1189
233	1196
234	299
235	656
235	748
235	1043
236	310
236	396
236	636
236	685
236	1093
236	1102
236	1375
237	312
237	498
237	515
237	659
237	1186
237	1219
237	1356
238	295
239	987
239	1159
239	1225
240	417
240	744
240	765
240	949
240	981
241	1191
241	1275
241	1356
242	315
242	455
242	697
242	774
242	846
242	1037
242	1122
242	1167
243	300
243	314
243	327
244	867
244	1142
245	372
245	417
245	477
245	773
245	1373
246	358
246	477
246	628
246	797
247	365
247	597
248	1207
249	967
249	977
249	1351
250	346
250	431
250	538
250	1377
251	350
251	504
251	552
251	1111
252	639
253	905
253	1097
254	477
254	583
254	1360
255	350
255	397
255	607
255	917
255	1236
255	1399
256	486
256	532
256	746
256	841
256	1293
257	565
258	417
258	673
258	784
258	1033
258	1041
258	1127
258	1314
259	301
259	769
259	851
260	502
260	533
260	572
261	306
261	454
261	592
261	859
261	1232
262	352
264	396
264	546
264	662
264	671
264	1164
265	916
265	1382
266	620
266	787
266	1001
266	1398
267	534
267	581
267	704
267	1119
267	1387
268	313
268	471
268	673
268	707
268	1074
268	1148
269	485
269	803
269	965
269	1127
269	1128
270	365
270	476
270	604
270	708
270	842
270	1095
271	682
271	1191
272	355
272	507
272	827
272	1042
273	396
273	525
273	894
273	1128
273	1151
274	317
274	867
274	953
274	977
275	559
275	730
275	753
275	1248
275	1300
276	1022
277	578
277	1158
278	384
278	815
278	1135
278	1348
279	474
279	741
279	1392
280	1395
281	957
281	1082
281	1246
282	598
282	824
282	880
283	351
283	384
284	1025
285	304
285	338
285	566
285	626
285	861
285	909
285	916
286	390
286	751
287	373
287	848
287	1343
288	290
288	516
288	956
289	304
289	307
289	325
289	380
289	763
291	670
292	549
292	875
292	996
292	1017
292	1106
293	603
293	1040
294	1118
294	1119
294	1231
294	1241
295	473
295	617
295	667
296	1359
297	407
297	483
297	626
297	705
297	950
297	960
297	1196
298	463
298	755
298	981
298	1355
299	376
299	550
300	685
300	914
300	927
301	563
301	575
301	937
301	1023
301	1198
301	1249
301	1302
302	501
302	539
302	908
302	1263
303	828
303	1271
304	730
304	779
304	803
304	1337
305	471
305	631
305	898
305	985
306	394
306	940
306	1170
306	1213
307	1170
307	1385
308	406
308	763
308	867
308	882
309	453
309	544
309	944
309	1015
309	1048
310	936
310	1140
311	1347
312	634
312	905
312	1081
312	1305
313	694
313	807
313	918
313	1261
313	1344
314	457
314	955
315	771
315	819
316	327
316	1323
317	1075
318	854
318	1209
318	1230
318	1253
319	514
319	685
319	1241
320	1359
321	917
321	1080
322	1322
323	466
323	517
323	541
323	750
323	1060
323	1078
324	508
324	783
324	855
325	396
325	800
325	1100
325	1209
326	464
327	1275
328	359
328	634
329	769
329	1193
329	1264
329	1307
330	446
330	755
330	1008
330	1098
330	1230
331	374
331	668
331	1343
332	398
332	433
332	814
332	982
332	1369
333	539
333	1298
333	1315
334	826
334	917
334	919
334	1287
335	574
335	659
335	696
335	1130
336	866
336	921
338	657
338	1166
338	1275
339	620
339	672
339	1132
339	1345
340	532
340	748
340	860
340	872
341	1036
341	1070
342	379
342	639
342	702
342	732
342	1118
342	1175
343	1128
343	1312
344	607
344	689
344	770
345	939
345	1353
346	931
346	937
346	1066
347	445
347	491
348	358
348	1296
348	1385
349	835
349	1208
349	1396
350	716
350	782
350	802
350	807
350	1313
350	1391
351	422
351	836
351	1304
352	535
352	566
353	858
353	1037
353	1171
355	595
355	1058
355	1128
355	1345
356	620
356	872
356	1127
356	1337
356	1388
357	1034
357	1166
358	502
358	528
359	391
360	637
361	1212
361	1240
362	1239
364	647
364	875
365	561
365	823
365	852
365	1135
366	414
366	479
366	765
366	843
366	1208
367	705
367	739
367	1046
368	396
368	824
368	1059
369	630
369	1100
369	1292
369	1374
370	557
370	764
370	808
370	1067
371	719
371	752
371	989
371	1051
371	1155
372	705
372	945
372	970
373	427
373	600
374	942
374	1207
375	599
375	1068
375	1163
375	1230
376	972
377	1143
378	445
378	522
378	1208
379	712
380	712
380	803
381	808
381	843
381	924
381	1122
382	620
382	834
382	1048
382	1239
383	386
383	886
383	897
383	1121
384	392
384	1298
384	1376
385	620
385	837
385	847
385	1217
385	1386
386	1179
387	737
387	738
388	404
388	525
388	631
388	796
388	829
388	854
388	1305
389	1009
390	549
390	924
390	1030
391	768
392	781
392	794
392	995
392	1018
392	1135
392	1161
393	1049
393	1265
394	894
395	707
395	792
395	815
395	1258
395	1314
395	1316
396	597
396	635
396	651
396	693
396	934
396	1035
397	679
397	755
397	891
397	1247
399	714
399	798
399	954
399	967
400	418
400	532
401	947
401	1219
401	1267
402	672
402	679
402	753
403	518
403	672
403	682
404	426
404	804
405	464
405	478
405	913
405	1353
406	593
406	876
407	420
407	874
407	1196
408	609
408	615
408	670
408	699
408	871
408	983
408	1116
409	466
409	995
409	1369
410	420
410	854
410	1213
411	1040
411	1280
412	443
412	1193
413	444
413	555
413	730
413	833
413	1088
413	1184
413	1247
413	1369
414	492
414	1174
414	1222
415	877
415	1133
415	1353
416	437
417	632
417	787
417	984
417	1194
418	468
418	698
418	709
418	888
418	901
419	587
419	719
419	1076
420	684
420	721
420	1256
421	548
421	562
421	690
421	849
422	721
422	1242
423	449
423	862
424	997
424	1044
424	1064
424	1365
425	518
425	748
425	1080
426	475
426	725
429	615
429	735
429	1230
429	1338
430	607
430	710
430	838
430	1141
430	1382
431	449
431	781
431	845
432	614
432	748
432	890
432	912
432	1118
433	743
433	865
433	890
433	1037
434	554
434	819
434	1323
434	1391
435	1288
436	600
436	807
436	1165
438	1187
438	1242
439	1242
440	530
440	620
440	810
441	621
442	449
442	619
442	1237
442	1239
443	928
443	1319
444	681
444	816
444	892
444	943
445	745
445	864
446	506
446	808
446	836
446	1097
447	866
447	874
447	916
447	977
447	1294
448	720
448	754
448	769
448	842
450	983
450	1146
451	574
451	991
451	1358
452	606
452	637
452	932
452	1174
452	1212
453	553
453	937
453	994
453	1174
454	470
454	526
455	569
455	1042
456	1314
457	959
457	1147
458	756
458	980
459	600
459	626
459	955
459	962
459	1095
460	1183
461	650
461	820
462	719
462	1046
463	799
463	1072
463	1335
464	855
464	1287
464	1356
464	1381
465	1132
466	715
467	747
467	757
467	988
467	1199
467	1215
468	580
468	1077
468	1103
469	875
469	1226
469	1286
470	664
470	1167
471	512
472	1129
472	1395
473	585
473	931
473	1112
473	1359
474	565
474	599
474	1031
475	650
475	1035
475	1197
476	710
476	917
476	931
476	1159
476	1195
476	1347
477	1323
478	540
478	680
478	698
478	785
478	923
478	1123
478	1330
479	1062
480	892
480	1076
480	1090
481	694
482	637
482	1120
482	1197
483	848
483	907
483	988
483	1114
484	856
484	1000
484	1114
484	1165
484	1288
485	1087
485	1346
486	547
486	644
486	707
486	923
486	1031
486	1314
487	524
487	660
488	959
488	1157
489	591
489	890
489	1033
490	597
490	971
490	1399
491	527
491	724
491	740
491	966
491	1332
491	1377
492	515
492	709
492	1377
493	874
493	999
493	1094
493	1207
493	1213
493	1364
494	1257
495	822
495	898
496	897
496	907
496	933
497	673
497	953
497	966
497	1324
498	1188
499	1045
499	1146
499	1346
500	1314
500	1337
501	629
501	716
502	1368
503	642
504	544
504	564
504	1101
506	941
506	1384
507	872
507	908
507	1255
507	1265
508	564
508	595
508	975
509	1199
510	703
510	879
510	984
510	1057
510	1362
511	686
511	906
512	642
512	1066
512	1217
512	1351
513	1018
513	1063
513	1132
513	1292
513	1338
514	686
514	1371
514	1378
515	518
515	570
515	1082
515	1305
515	1364
516	1312
517	1269
517	1391
518	552
518	816
518	1384
519	1228
520	747
520	1365
521	806
522	663
522	807
522	1175
522	1261
523	580
523	582
523	798
523	857
523	1145
523	1389
524	1115
524	1259
525	678
525	834
525	1299
526	1076
526	1083
527	688
527	821
527	991
527	1075
527	1322
528	671
529	1027
529	1282
530	864
530	1159
530	1280
531	747
531	814
531	1159
531	1241
532	540
532	567
532	573
532	742
532	959
533	684
533	1106
534	796
534	1054
534	1379
534	1399
535	536
535	637
535	670
535	847
535	1106
535	1301
535	1393
536	1076
537	1322
538	741
538	916
538	1205
539	755
539	1241
539	1391
540	1169
540	1177
541	698
541	707
542	1316
543	646
543	1315
544	553
544	707
544	760
544	1250
545	730
545	780
545	1083
547	564
547	1161
547	1332
549	763
549	923
549	1315
550	780
550	782
550	1325
551	860
551	1233
551	1327
552	809
552	916
552	927
552	1086
552	1288
553	633
553	926
553	934
553	1058
553	1112
554	881
554	1112
554	1335
555	560
555	578
555	784
556	596
556	898
556	910
556	951
556	1145
557	586
557	971
557	986
557	1096
558	695
558	719
558	775
558	892
558	961
559	1178
559	1246
559	1329
559	1356
561	696
561	786
561	920
561	1000
561	1122
562	674
563	814
563	1056
563	1305
563	1319
564	859
564	1124
564	1131
564	1209
564	1223
565	618
565	1055
567	1013
567	1065
568	1072
568	1096
568	1273
569	1089
569	1167
570	903
570	1031
570	1192
571	961
572	970
573	1313
573	1341
574	727
574	1342
575	928
576	767
576	1380
577	608
577	898
578	944
579	601
579	602
579	609
579	1191
579	1278
580	724
580	768
580	953
581	863
582	618
582	1010
582	1023
583	728
585	728
585	1141
586	682
586	942
586	1080
588	766
588	1036
588	1043
588	1163
589	759
589	907
590	1101
591	796
591	1210
591	1220
592	1010
592	1351
593	1042
593	1049
593	1227
593	1285
594	1336
595	1244
596	840
597	912
598	803
598	1071
599	1088
600	655
600	1128
601	605
601	822
601	967
601	1123
601	1255
601	1380
602	764
602	950
603	869
603	1141
603	1162
604	978
604	1118
605	806
605	953
606	777
606	954
606	965
606	1088
607	872
607	927
607	977
607	987
608	625
608	722
609	760
609	776
610	1304
611	1077
611	1387
612	1337
613	939
613	1164
613	1363
614	1372
615	784
615	1134
615	1155
615	1313
616	807
616	1039
617	1200
617	1271
618	663
618	728
618	798
618	907
618	1166
619	705
619	713
619	761
619	843
620	1071
622	791
622	839
622	965
623	783
623	1168
623	1292
624	1072
624	1305
625	792
625	807
625	916
626	763
626	932
626	946
626	1095
627	1120
627	1150
627	1165
628	821
628	1237
628	1265
631	632
631	756
631	904
631	1103
632	840
632	978
632	1251
633	705
633	816
633	906
633	1011
634	645
634	825
634	1257
634	1370
635	1205
637	965
637	1367
638	976
638	1123
639	899
640	859
640	1151
640	1365
641	817
641	1265
641	1303
642	804
642	1091
643	780
643	803
643	810
644	740
644	1138
645	863
645	1004
645	1328
646	772
647	920
647	952
647	1015
647	1266
648	745
649	801
649	1156
649	1230
651	1135
651	1273
651	1376
652	685
652	1149
653	658
653	999
654	1036
655	870
655	1315
655	1321
656	955
656	1153
657	694
658	940
658	952
658	1397
659	691
659	765
659	936
659	963
659	1229
659	1256
659	1299
660	790
660	826
660	1348
661	868
661	980
663	692
663	926
663	929
663	942
663	1115
663	1164
663	1277
663	1387
664	794
664	862
664	1116
666	745
666	881
666	1167
666	1290
667	708
667	928
667	1262
667	1328
668	812
668	1275
669	1094
669	1190
669	1367
669	1399
670	767
670	984
670	1192
671	731
671	1027
672	847
672	910
672	1007
673	725
674	1215
675	936
675	1100
675	1369
676	970
677	940
677	1084
678	999
678	1327
679	892
679	1024
679	1341
680	822
681	741
681	1073
681	1153
681	1162
682	781
682	930
682	1042
683	833
683	1272
684	685
684	758
684	1163
684	1388
685	945
686	964
686	1254
687	974
687	1193
688	893
689	950
689	1365
690	898
690	1183
690	1317
691	1033
691	1040
692	1337
693	1034
694	1025
695	999
698	1280
699	819
699	1142
700	847
701	1398
702	1191
703	728
703	730
703	886
703	1218
704	749
704	1021
705	1085
705	1289
706	938
707	732
707	894
707	1104
707	1145
708	1010
708	1384
709	1013
709	1325
711	748
711	913
712	1267
713	1296
713	1300
713	1356
715	744
715	1248
715	1312
715	1376
716	1363
717	969
718	769
718	816
718	937
718	1151
719	1035
721	1137
721	1280
721	1382
722	778
722	864
722	939
722	1131
722	1241
723	1246
725	1139
725	1364
728	1256
729	835
729	1041
729	1116
729	1270
730	888
730	1219
731	1116
731	1399
732	1246
734	768
734	885
734	952
735	911
736	1197
736	1371
738	816
738	1000
738	1267
739	926
739	1037
739	1113
740	952
740	1313
741	952
741	1343
742	771
742	1347
743	1338
743	1375
744	961
744	1204
745	905
745	946
745	1053
745	1189
745	1329
746	997
746	1031
746	1057
747	819
747	1129
747	1370
747	1392
748	801
748	1036
748	1258
748	1308
750	789
751	1038
751	1231
752	780
752	1329
754	1201
754	1271
754	1365
755	897
755	1075
756	887
757	775
757	962
757	1028
757	1053
757	1117
757	1258
757	1277
759	1238
760	943
760	1029
760	1121
760	1266
761	1183
762	1026
762	1162
762	1356
762	1358
763	981
763	1030
763	1283
764	816
764	1333
765	832
765	1334
766	1020
767	772
767	1030
768	1026
768	1178
769	1070
769	1137
769	1227
769	1295
770	1399
771	1322
774	859
774	1041
774	1166
774	1232
775	801
775	905
775	1009
775	1151
775	1167
776	1252
777	1322
777	1378
778	932
778	1022
778	1156
778	1292
780	911
781	903
782	868
782	917
782	1189
782	1238
782	1291
783	1146
784	930
784	1115
784	1186
784	1203
785	912
785	956
785	1202
787	1297
788	803
788	866
788	999
789	952
789	1039
790	1317
791	1090
791	1214
791	1266
792	918
793	909
794	810
794	898
794	980
794	1137
795	1324
796	1045
799	832
799	1002
799	1123
799	1369
800	842
800	955
800	1374
801	808
802	906
802	1138
802	1235
803	804
804	1216
804	1236
806	881
806	1263
807	1008
807	1067
808	1359
808	1365
809	1116
809	1368
810	1206
811	958
811	1180
813	816
813	1299
815	1001
816	965
816	1036
817	1029
817	1119
817	1198
817	1221
817	1244
818	932
818	978
818	1355
819	841
819	962
819	1092
820	857
820	928
820	1027
820	1108
820	1167
821	861
821	867
821	883
822	848
823	874
823	934
823	1036
823	1099
824	1166
824	1344
824	1346
824	1392
825	1162
826	987
826	1015
829	918
830	837
831	870
831	874
831	1159
831	1220
833	864
833	934
833	1116
834	950
834	1014
834	1127
834	1137
834	1237
835	929
835	1160
835	1287
836	1228
837	992
839	1060
839	1314
840	1336
841	1137
843	1064
843	1086
843	1299
844	1312
845	885
846	1035
846	1348
848	1072
848	1085
848	1247
850	869
850	1000
851	886
852	875
852	1112
852	1272
853	1367
854	1030
854	1145
855	1145
855	1296
856	858
856	1295
856	1310
856	1316
857	990
857	1099
858	978
858	1113
858	1134
859	934
860	1266
860	1389
863	957
863	1013
863	1072
866	875
866	940
866	1145
867	873
867	1048
868	1043
868	1262
869	1288
869	1304
870	943
870	981
870	1241
870	1335
874	1193
874	1340
875	1271
877	960
878	969
879	982
880	986
880	1133
880	1217
881	1140
881	1329
883	1003
883	1114
884	1166
884	1270
885	945
885	996
885	1049
886	990
886	1272
886	1281
889	978
890	1240
891	901
891	904
892	1280
893	935
893	1011
894	912
894	983
894	1230
895	970
896	938
897	949
897	1395
898	1094
898	1173
898	1357
899	1011
900	1058
901	1199
902	1372
903	923
904	995
905	1295
906	949
906	1293
908	920
908	1133
909	1136
910	1023
910	1328
911	1011
911	1083
911	1110
911	1168
914	1059
914	1273
916	1149
916	1174
916	1207
916	1357
916	1361
917	1277
919	1158
921	1211
921	1229
922	1174
924	1046
924	1302
926	940
926	1151
928	938
929	1074
929	1310
930	1379
932	1036
932	1374
933	1120
934	1059
934	1158
934	1215
934	1299
936	1109
936	1189
936	1213
937	1262
940	1052
941	1126
941	1186
941	1252
941	1288
941	1347
942	1378
943	1189
944	1092
944	1394
945	1313
946	1196
946	1303
946	1327
947	978
947	1169
947	1280
947	1350
949	1242
950	1006
950	1188
951	1190
952	1295
953	1389
955	1013
955	1286
956	974
960	1071
960	1117
960	1274
963	1165
964	1274
964	1307
965	980
966	1204
966	1273
966	1297
967	1309
968	1396
969	1144
970	1266
971	1064
972	1047
972	1201
973	1273
973	1355
974	1140
974	1203
974	1375
975	1300
976	994
976	1134
976	1219
976	1386
979	1112
982	1166
983	1141
983	1241
984	1286
984	1362
985	1261
988	1315
988	1346
989	1366
990	994
990	1254
991	1220
992	1058
992	1302
993	1252
994	1019
994	1374
995	1039
995	1345
996	1058
996	1348
998	1371
999	1356
1001	1089
1004	1224
1005	1181
1006	1193
1006	1215
1007	1125
1007	1351
1008	1136
1008	1183
1010	1039
1010	1254
1011	1065
1011	1278
1011	1312
1012	1091
1013	1036
1013	1061
1014	1155
1015	1016
1015	1346
1015	1373
1016	1136
1018	1106
1019	1126
1020	1041
1020	1098
1020	1108
1020	1287
1020	1330
1021	1231
1021	1241
1024	1048
1024	1244
1024	1367
1025	1153
1027	1296
1028	1220
1028	1395
1029	1266
1030	1101
1031	1267
1032	1286
1034	1177
1035	1052
1035	1071
1036	1118
1036	1169
1037	1321
1038	1255
1040	1378
1041	1245
1042	1356
1043	1116
1044	1379
1047	1119
1048	1320
1049	1222
1050	1211
1054	1313
1056	1371
1057	1161
1058	1103
1058	1109
1058	1364
1059	1169
1062	1316
1063	1396
1064	1219
1064	1231
1064	1260
1066	1209
1067	1236
1068	1285
1069	1098
1069	1198
1069	1293
1070	1078
1071	1133
1071	1141
1073	1168
1076	1091
1076	1113
1079	1101
1080	1116
1081	1128
1082	1225
1082	1254
1082	1286
1082	1375
1083	1242
1083	1296
1085	1104
1086	1161
1087	1268
1089	1220
1091	1132
1091	1204
1091	1205
1092	1153
1092	1269
1093	1138
1093	1152
1095	1353
1096	1107
1097	1244
1100	1150
1102	1196
1103	1284
1105	1148
1105	1326
1106	1279
1107	1265
1108	1277
1108	1278
1108	1325
1109	1251
1109	1334
1109	1375
1110	1256
1111	1180
1115	1135
1116	1394
1117	1266
1122	1358
1124	1284
1129	1270
1129	1375
1130	1283
1133	1149
1133	1262
1136	1375
1137	1163
1138	1258
1141	1381
1142	1233
1143	1389
1144	1160
1144	1326
1145	1200
1146	1173
1148	1234
1151	1387
1154	1231
1158	1391
1160	1240
1162	1319
1162	1351
1164	1194
1165	1391
1167	1266
1168	1322
1172	1256
1175	1380
1182	1391
1186	1214
1186	1268
1190	1228
1191	1337
1191	1358
1192	1379
1194	1324
1194	1360
1195	1257
1197	1283
1197	1369
1199	1353
1200	1252
1201	1222
1201	1272
1206	1226
1206	1344
1207	1242
1207	1301
1212	1237
1215	1398
1218	1238
1222	1288
1223	1258
1223	1288
1224	1317
1225	1284
1228	1264
1228	1326
1231	1302
1235	1358
1235	1370
1239	1316
1240	1252
1242	1263
1243	1329
1245	1276
1248	1318
1250	1365
1252	1297
1255	1379
1257	1352
1265	1305
1267	1389
1273	1344
1278	1337
1293	1351
1302	1355
1310	1381
1312	1329
1312	1346
1315	1326
1324	1355
1335	1375
1337	1389
1346	1368
1346	1394
1347	1396
1361	1377
1363	1388