0	168
0	281
0	482
0	707
0	1080
0	1166
1	84
1	578
1	722
1	1161
1	1315
2	102
2	194
2	469
2	528
2	679
2	1159
3	960
3	1169
3	1393
4	431
4	1048
4	1222
4	1392
5	246
5	955
5	1039
5	1110
6	812
6	1326
7	222
7	300
7	449
8	550
8	746
8	1134
8	1399
9	641
9	989
9	1152
9	1285
10	29
10	172
10	272
10	934
10	1303
10	1371
11	357
11	579
11	755
11	963
12	45
12	935
12	1055
12	1057
13	942
13	1176
13	1256
14	198
14	730
14	1211
14	1247
15	252
15	994
15	997
15	1026
16	53
16	279
17	88
17	535
17	550
17	1339
18	278
18	515
18	671
18	732
19	478
19	963
19	1110
19	1209
20	214
20	1085
21	89
21	340
21	719
21	820
22	570
22	624
22	690
22	937
22	1366
23	435
23	576
23	582
23	776
23	1079
23	1209
23	1389
24	229
24	515
24	1063
25	271
25	784
25	954
25	1175
26	170
26	236
26	980
27	320
27	1039
27	1352
28	116
28	833
29	434
29	568
29	1308
30	240
30	424
30	932
30	948
31	226
31	328
31	938
32	202
33	978
34	612
34	969
35	353
35	427
35	708
35	1284
36	1104
36	1209
37	62
37	346
37	850
38	153
38	315
38	501
38	767
38	813
39	650
39	773
39	851
39	876
39	1136
39	1311
40	99
40	477
40	511
40	781
40	920
40	1014
40	1279
41	197
41	845
41	927
41	1288
42	1235
42	1236
43	80
43	702
43	1202
44	586
44	766
44	1001
44	1068
45	71
45	266
45	422
45	704
45	877
45	889
46	900
46	917
47	411
47	436
47	532
47	862
47	972
47	1053
47	1066
47	1218
48	194
48	507
48	935
48	1115
48	1274
49	195
49	506
49	593
49	1056
49	1142
50	234
50	1126
51	1302
52	525
52	880
52	1132
52	1145
52	1278
52	1381
53	224
53	268
53	291
53	995
53	1040
54	166
54	175
54	263
54	334
54	466
54	662
54	670
54	852
54	1362
55	364
55	975
55	1184
56	191
56	527
56	696
56	709
56	1148
57	702
57	761
57	957
58	237
58	309
58	446
58	451
58	1025
58	1109
59	79
59	507
59	647
59	662
60	622
60	637
60	878
60	898
60	1051
61	97
61	273
61	305
61	1097
61	1165
62	436
62	463
62	801
62	906
63	245
63	253
63	429
63	1023
63	1033
63	1248
64	857
64	991
64	1065
64	1106
65	748
65	916
66	269
66	1057
66	1177
67	273
67	955
68	73
68	769
68	975
68	1285
69	302
69	391
69	410
69	727
70	433
71	297
71	319
71	1116
71	1226
72	93
72	373
72	492
72	773
72	1165
72	1220
72	1279
72	1321
72	1345
73	99
73	400
73	938
74	443
74	718
74	734
74	769
74	821
74	853
74	975
74	1361
75	553
75	602
75	765
75	1034
75	1180
75	1259
76	577
76	906
77	251
77	478
77	985
77	1207
77	1237
77	1300
78	118
78	189
78	588
78	1066
78	1166
80	578
80	776
80	890
80	1084
80	1382
80	1396
81	581
81	699
81	760
81	854
81	1212
82	620
82	936
82	1192
83	160
83	1331
84	241
84	600
84	602
84	823
84	969
84	1009
84	1110
84	1339
85	501
85	745
85	1279
85	1304
86	445
86	1296
87	160
87	225
87	873
87	1050
87	1127
87	1163
87	1374
88	431
88	730
88	983
88	1056
88	1237
88	1342
88	1386
89	282
89	367
89	420
89	603
89	754
90	281
90	412
90	457
90	643
90	902
91	459
91	758
91	915
91	1331
92	105
92	457
92	511
92	714
92	715
92	934
93	254
93	585
93	651
94	477
95	297
95	681
95	802
96	153
96	1028
96	1079
96	1274
96	1327
97	119
97	218
97	695
97	1011
97	1039
98	369
98	374
98	955
98	1224
98	1344
99	189
99	614
100	152
100	860
100	992
100	1351
101	261
101	488
101	658
102	351
102	528
102	814
102	1120
102	1377
103	337
103	530
103	834
103	1084
103	1380
104	285
104	321
104	359
104	783
104	816
105	273
105	601
105	1269
106	108
106	228
106	248
106	976
107	330
107	959
108	176
108	415
108	928
108	1300
109	420
109	575
109	919
110	776
110	790
110	1264
110	1288
110	1338
111	163
111	364
111	867
112	531
112	1174
113	503
113	1128
114	277
114	389
114	534
114	656
114	709
114	742
114	1247
115	220
115	679
115	758
115	904
115	913
115	1221
116	1180
117	713
117	1219
118	486
118	835
119	309
119	317
119	998
119	1224
120	182
120	475
120	922
120	992
121	927
121	931
121	997
122	184
122	804
122	848
123	442
123	540
123	800
124	245
124	1336
125	146
125	163
125	265
125	1090
125	1363
126	307
126	838
126	1034
126	1098
126	1237
127	946
127	1113
128	160
128	684
128	1360
129	200
129	449
129	666
129	796
130	213
130	401
130	820
130	982
130	1030
130	1243
131	269
131	678
131	680
131	1298
131	1382
132	299
132	397
132	1085
132	1092
133	194
133	265
133	824
133	878
133	1081
133	1230
133	1293
134	287
134	493
134	1230
134	1314
135	1102
136	223
136	416
136	639
136	866
136	970
136	1003
136	1186
136	1199
136	1244
137	339
137	427
137	639
137	1148
137	1363
137	1387
138	803
138	971
138	1036
138	1091
139	1173
140	261
140	710
140	873
140	1040
140	1101
141	978
141	1176
141	1277
142	172
142	270
142	380
142	458
142	903
142	934
142	1091
142	1327
143	409
143	1065
143	1087
144	200
144	568
144	868
144	972
144	1208
145	218
145	221
145	751
145	912
145	977
146	998
146	1388
147	287
147	622
147	770
147	965
147	1120
148	324
148	1100
149	341
149	680
149	998
150	452
151	231
151	245
151	798
151	941
151	1212
152	295
152	386
152	448
152	480
152	904
152	923
152	942
152	1358
153	175
153	265
153	737
153	888
153	1066
154	165
154	1073
154	1368
155	324
155	1344
156	354
157	270
157	585
157	822
157	1079
157	1152
157	1181
157	1287
157	1384
158	451
159	356
159	558
159	977
159	1157
159	1160
161	492
161	869
162	317
162	612
162	668
162	678
162	816
162	1362
163	384
163	755
163	910
163	1177
164	421
164	966
164	1266
165	213
165	402
165	552
165	663
165	769
165	1058
166	500
166	1310
167	350
167	1277
167	1320
168	192
168	514
168	515
168	1054
168	1247
169	251
169	372
169	626
169	741
169	1198
169	1202
169	1314
169	1395
170	307
170	921
170	930
170	945
170	1259
170	1366
171	897
172	488
172	494
172	688
172	912
172	924
173	195
174	190
174	499
174	885
174	1123
177	233
177	901
177	1207
178	611
178	1178
178	1362
179	605
179	1064
180	293
180	460
180	544
180	601
180	806
180	1051
180	1080
181	415
181	1141
181	1394
182	415
182	619
182	630
182	1359
183	194
183	263
183	648
183	904
183	1037
183	1270
184	249
184	269
184	581
185	983
185	1223
185	1231
186	528
186	564
186	588
187	296
187	373
187	591
187	758
187	1059
187	1212
187	1247
187	1258
188	1114
188	1177
189	657
189	707
189	802
189	1097
189	1147
189	1226
190	367
190	566
190	1064
191	564
191	585
191	647
191	939
192	909
192	1221
192	1379
192	1385
193	692
193	782
193	1334
194	251
194	304
194	430
194	595
194	1259
195	234
195	442
195	671
195	678
195	679
195	817
195	1032
196	393
196	697
196	816
196	1216
197	228
197	322
198	269
198	673
198	676
198	836
198	1015
198	1328
198	1388
199	544
199	901
199	1296
199	1306
200	355
200	891
200	936
200	1009
200	1116
201	572
201	1013
201	1152
202	591
202	829
203	823
203	983
203	1019
203	1028
203	1234
204	280
204	1051
205	517
206	959
206	1050
206	1123
207	953
207	983
207	1252
208	310
208	830
208	910
209	550
209	1381
210	733
210	906
211	294
211	609
211	955
211	1154
212	255
212	301
212	1077
213	289
213	389
213	409
213	869
213	1002
214	256
214	308
214	1065
214	1220
215	567
215	698
215	955
216	293
216	537
217	302
217	460
217	622
217	1175
217	1374
217	1380
218	863
218	1009
218	1122
219	486
219	675
219	1262
220	546
220	920
221	910
221	1371
222	753
222	773
222	917
222	1239
222	1282
223	918
223	1397
224	1044
225	303
226	536
226	1127
227	1056
227	1224
227	1234
228	521
228	592
228	1121
228	1348
229	920
229	948
229	1258
230	816
231	694
232	310
232	410
233	664
233	766
234	668
234	852
234	906
234	1227
234	1276
235	310
236	310
236	948
236	1004
236	1095
237	367
237	496
237	538
237	1304
238	247
238	491
238	693
238	776
238	1002
239	587
239	958
239	1214
239	1264
239	1326
239	1336
240	305
240	416
240	529
240	646
240	928
240	941
240	1010
240	1395
241	316
241	333
241	394
241	1318
242	631
242	923
242	1133
242	1238
243	941
244	281
244	378
244	637
244	1215
244	1262
245	518
245	765
246	1152
247	433
247	873
247	1221
248	637
248	1041
248	1042
249	613
249	1135
249	1150
249	1152
250	794
250	820
250	999
250	1106
250	1161
250	1343
251	544
251	787
251	925
251	1399
252	414
252	421
252	496
252	889
252	1216
253	921
253	1161
253	1197
254	1064
255	1223
255	1247
256	578
256	722
257	321
257	664
257	874
257	903
258	610
259	443
259	862
259	1158
260	459
260	564
260	1193
261	640
261	1117
262	336
262	561
262	712
262	1309
262	1387
263	625
263	633
263	693
263	761
263	858
263	1058
263	1329
264	641
264	696
264	904
264	996
264	1040
264	1143
264	1362
265	495
265	775
265	1048
265	1072
266	512
266	637
266	853
267	541
267	894
267	1046
267	1244
267	1347
268	945
268	973
268	1336
269	545
269	675
269	732
269	906
269	978
269	1054
269	1156
270	855
271	295
271	530
271	696
271	799
271	984
272	557
272	842
273	590
273	845
274	676
274	730
274	1061
274	1074
274	1229
275	442
275	740
275	1280
276	672
276	762
276	933
276	1346
277	747
277	795
277	859
277	1322
277	1398
278	325
278	427
278	507
278	556
278	760
278	807
278	1110
279	459
279	632
279	931
279	1026
279	1305
280	302
280	411
280	488
280	1393
281	362
281	368
281	808
281	863
281	1250
281	1341
282	560
282	637
282	1014
282	1210
283	396
283	493
283	660
284	490
284	825
284	928
285	1192
286	397
286	521
286	690
286	792
286	1260
286	1327
287	892
288	446
288	623
288	1123
288	1335
289	489
289	748
289	1029
290	839
291	810
291	923
291	1105
291	1324
292	608
292	631
292	950
292	1296
293	343
293	494
293	935
293	1310
294	356
294	366
294	464
294	659
294	669
294	1107
294	1231
294	1286
295	763
295	1073
296	457
296	730
296	777
296	950
296	1083
296	1367
297	909
297	1100
297	1138
297	1263
298	504
298	513
298	720
298	1061
299	752
299	1145
299	1205
300	890
300	946
300	1116
300	1141
300	1241
301	417
301	1129
302	360
302	852
302	1378
303	682
304	320
304	640
304	692
304	1175
304	1243
305	1082
305	1313
305	1385
306	373
306	734
306	921
306	991
306	1067
306	1386
307	1343
308	835
308	1154
308	1155
309	946
309	947
309	1376
310	477
310	574
310	836
310	898
310	947
310	983
311	449
311	859
312	1253
313	483
313	901
314	643
314	1213
314	1268
315	469
315	683
315	1029
315	1059
316	459
316	924
317	642
317	760
317	1104
318	561
318	564
318	1337
319	455
319	647
319	1159
320	866
320	909
320	1036
320	1124
320	1182
320	1215
321	433
321	833
322	541
322	647
322	815
322	1058
322	1061
322	1102
322	1202
322	1354
323	1232
323	1377
324	615
324	643
324	929
324	1064
324	1072
325	931
325	1346
325	1395
326	477
326	682
326	854
326	1108
327	334
327	1142
327	1265
327	1327
328	474
328	497
328	653
328	781
328	803
328	1336
329	333
329	566
330	435
330	475
331	391
331	868
331	1158
331	1350
332	1141
332	1252
333	515
333	629
333	782
333	1386
334	530
334	1128
335	402
335	421
335	988
336	526
336	1097
336	1240
336	1251
336	1308
337	367
337	380
338	553
338	1020
339	622
339	953
339	978
340	549
340	566
340	707
340	858
340	959
340	1086
341	580
341	1233
341	1396
342	389
343	422
343	468
343	491
343	575
343	647
343	913
343	1005
343	1079
343	1221
343	1250
344	421
344	1398
345	426
345	771
345	1038
345	1125
345	1144
346	645
346	1126
346	1139
346	1174
346	1220
346	1282
347	430
347	873
347	970
347	1206
348	473
348	670
348	954
348	1115
348	1324
349	834
349	849
349	955
349	1335
350	435
350	770
350	804
350	1019
350	1044
350	1234
351	421
351	525
351	591
351	1061
351	1152
352	729
352	821
352	914
352	1294
353	605
353	874
354	788
354	884
355	1068
355	1080
355	1325
356	357
356	950
356	1286
357	619
357	622
357	844
357	924
357	1301
358	1376
359	619
359	666
359	970
361	444
361	740
361	800
361	1255
362	446
362	632
363	556
363	1079
364	396
364	974
364	1174
364	1221
365	1082
366	558
366	700
366	1275
366	1362
367	878
368	619
368	1349
369	679
369	1125
370	596
370	884
370	1342
371	494
371	1003
371	1009
371	1033
371	1370
372	754
372	1213
372	1252
373	645
373	707
373	1242
373	1318
374	529
374	715
374	843
374	1117
374	1318
375	903
375	979
375	1170
376	837
376	868
376	1185
376	1379
377	1290
377	1303
378	559
378	845
378	1027
378	1186
379	556
379	1278
379	1308
379	1363
380	617
380	703
380	893
380	896
381	467
381	552
381	640
381	1358
382	873
382	1045
382	1267
382	1299
383	596
383	1103
384	702
384	806
384	927
384	1188
385	423
385	909
385	916
385	937
385	1077
385	1322
385	1338
386	1253
387	613
387	729
387	797
387	818
387	1365
388	485
388	1131
389	504
389	1031
389	1198
389	1209
390	486
390	852
390	899
391	432
391	673
391	757
391	774
391	1022
391	1198
392	747
393	604
393	671
393	782
393	812
393	831
393	968
393	1066
394	664
394	766
395	1088
396	507
396	769
396	1357
397	415
398	633
398	1295
399	468
399	522
399	592
399	648
399	913
400	572
400	609
400	641
400	696
400	966
400	1033
400	1202
401	605
401	776
401	1070
401	1178
402	449
402	908
402	1243
403	894
403	1223
404	842
405	534
406	932
407	485
407	706
407	1187
408	573
408	770
408	819
410	779
410	794
411	664
412	461
412	970
412	1188
412	1307
412	1393
413	419
413	496
413	918
413	958
414	989
414	1243
414	1318
416	1006
416	1385
417	428
417	755
417	958
418	1087
418	1326
420	570
420	711
420	740
420	843
420	1105
421	945
421	1173
422	1180
422	1196
423	491
423	523
423	758
423	875
423	994
423	1302
424	587
424	597
424	1112
424	1190
424	1232
425	532
425	1099
425	1193
425	1244
425	1350
426	516
426	729
426	875
426	1168
426	1333
426	1389
427	802
428	771
428	1223
429	617
430	1168
431	500
431	911
431	920
431	1365
432	946
433	478
433	669
433	854
433	1201
435	617
436	573
436	608
436	638
436	671
436	758
436	1168
436	1292
437	469
437	560
437	903
437	967
437	1064
438	938
439	911
439	1095
440	555
440	574
440	996
440	1073
440	1147
440	1171
440	1369
441	664
442	1024
442	1165
443	633
443	846
443	1277
443	1394
444	927
445	535
445	677
445	714
445	758
445	1085
446	640
447	518
447	521
447	1275
448	488
448	710
448	959
448	1261
448	1293
449	466
449	614
449	1300
449	1398
450	465
450	567
450	1392
453	512
453	854
453	972
454	608
454	724
454	1148
454	1305
455	553
455	569
455	900
455	901
455	1345
456	867
456	997
456	1020
456	1089
456	1373
457	560
457	876
457	951
457	1067
457	1202
457	1334
457	1357
457	1393
458	669
458	1198
459	655
459	928
459	955
459	1162
460	501
460	601
461	585
461	788
461	936
462	503
462	544
462	641
462	1034
462	1106
463	998
463	1131
465	569
465	958
465	1187
466	685
466	963
466	1025
466	1034
466	1318
468	760
469	778
469	813
469	852
469	1008
469	1362
469	1375
470	486
470	681
470	878
471	545
471	905
472	926
472	1035
472	1113
473	891
473	939
473	1243
474	519
475	1369
476	886
476	1021
476	1032
477	776
478	642
478	734
478	1250
478	1261
479	785
479	842
480	951
480	982
480	1200
480	1239
480	1256
481	932
482	493
482	662
482	699
482	891
482	947
482	1173
482	1186
483	1147
484	601
484	933
484	987
485	1160
486	492
486	804
486	1258
487	550
487	589
487	848
487	988
487	1243
487	1324
487	1328
487	1351
488	600
488	1376
488	1383
489	558
489	1139
490	567
490	676
490	734
490	877
490	1168
491	852
491	1254
492	635
492	870
493	1167
494	782
494	1207
495	496
495	576
495	1251
497	1296
498	777
499	706
499	738
499	949
499	994
499	1076
499	1082
499	1284
500	644
500	715
500	1220
501	811
501	1013
501	1274
501	1381
502	747
502	988
502	1217
502	1232
503	1227
504	738
504	786
504	973
505	527
505	1019
505	1126
506	1316
506	1383
508	994
509	586
509	745
509	1139
509	1287
510	519
510	640
510	765
510	865
511	1272
513	675
513	1012
513	1251
513	1290
514	786
514	825
514	1083
515	809
515	1260
515	1305
515	1386
516	854
516	1340
517	526
517	608
517	988
520	638
520	1387
521	1377
522	1172
522	1355
522	1375
523	690
523	839
523	1191
524	644
524	738
524	1077
525	1258
526	850
526	1393
527	595
527	733
527	1000
527	1363
528	678
528	722
529	1185
529	1207
530	1070
530	1136
531	588
531	1015
531	1124
531	1272
531	1276
532	559
532	617
532	1010
532	1076
532	1094
532	1108
533	549
534	555
534	1169
534	1223
535	1345
536	1066
537	732
537	1257
538	796
538	1078
539	613
539	849
540	1005
541	664
541	755
542	915
543	666
543	752
543	1105
544	813
544	838
545	623
545	705
545	812
546	591
546	720
546	1175
547	617
548	999
549	591
549	611
549	1278
551	661
551	1050
551	1057
552	645
552	964
552	1266
553	745
553	895
553	990
553	1066
553	1183
553	1273
553	1294
554	757
554	765
554	935
555	625
555	818
555	867
556	758
556	876
556	878
556	1044
556	1339
557	577
557	694
557	992
557	1176
557	1370
557	1398
558	855
559	630
559	933
559	968
559	1381
560	1203
560	1299
561	921
561	955
561	957
562	691
562	847
562	943
562	1258
562	1280
563	1111
563	1263
564	594
564	1252
565	568
565	962
565	1204
566	702
566	952
566	1111
566	1146
566	1332
567	737
567	922
567	1298
567	1397
568	757
568	797
568	965
568	1043
568	1225
568	1233
569	870
569	955
570	931
570	1056
570	1305
571	888
572	1014
572	1129
572	1323
573	867
575	597
575	800
575	903
575	1320
576	1087
576	1165
578	615
578	650
578	1116
578	1310
579	1199
579	1258
580	863
580	1084
580	1302
580	1309
580	1394
581	1227
581	1313
582	1042
582	1136
582	1246
582	1267
583	828
583	905
583	1129
584	675
584	771
584	933
584	1006
584	1020
584	1047
584	1322
585	728
585	1328
587	678
587	1004
589	1225
590	739
590	770
590	896
590	1334
591	1017
591	1144
591	1225
592	647
592	1394
593	766
593	772
593	1299
594	698
594	1172
596	886
596	970
596	1378
597	635
597	1379
598	1208
598	1339
599	1138
599	1264
600	873
601	764
601	835
601	1182
602	993
603	687
603	1166
604	875
604	1106
605	640
605	827
605	874
606	677
606	763
606	800
606	1053
606	1155
606	1320
607	752
607	945
607	1238
608	722
608	1227
609	690
610	724
610	897
610	1367
612	924
612	1378
613	995
613	1211
614	804
614	1127
614	1367
615	811
615	890
615	1343
616	810
618	659
618	689
618	790
618	1114
619	918
619	986
619	1221
619	1359
620	678
620	1193
621	826
621	1083
621	1305
623	723
623	992
623	1024
624	829
624	953
624	1162
624	1295
624	1306
625	738
625	809
625	1174
627	869
627	1316
627	1344
628	783
628	785
628	1311
629	691
630	634
630	713
630	743
630	884
630	1123
631	654
631	721
632	637
632	1353
633	735
634	853
635	1084
636	1191
636	1308
636	1318
637	853
637	914
637	1120
637	1271
638	825
638	1322
639	757
639	828
640	1348
641	842
641	901
641	1014
641	1331
642	746
642	1387
643	758
643	1138
643	1230
644	696
644	948
645	709
645	760
645	967
645	1050
647	1343
649	1133
649	1193
649	1327
649	1336
650	1099
650	1219
650	1377
651	716
651	1108
652	1093
652	1273
654	1006
655	671
655	1032
655	1058
655	1208
656	680
656	1128
656	1340
657	681
657	1198
657	1212
657	1390
658	952
658	1013
658	1058
659	743
659	747
659	861
659	1216
660	673
660	675
660	796
660	1071
661	846
661	1211
661	1375
662	1215
663	1037
663	1074
663	1086
664	1039
665	985
665	1296
665	1347
667	840
667	972
668	1060
669	949
671	841
671	858
671	1311
672	1025
672	1035
673	1354
674	780
674	929
674	1292
675	1295
676	922
676	1051
676	1341
677	1247
679	718
679	925
679	1178
680	720
680	791
680	861
680	1004
680	1261
680	1329
682	733
682	891
682	979
683	1143
683	1271
684	1243
684	1310
685	816
685	843
685	1175
685	1382
686	874
686	917
687	695
687	769
687	920
688	730
688	874
689	1040
690	793
690	1217
692	867
692	896
692	1126
692	1136
694	724
695	919
695	1018
695	1234
696	1220
696	1262
697	909
698	1089
698	1102
698	1365
700	808
700	1314
701	721
701	819
701	1022
701	1106
702	928
702	1141
703	1266
705	820
705	1136
705	1360
706	895
706	1170
707	950
707	1075
707	1242
708	771
708	1075
708	1135
708	1372
709	756
709	1314
710	888
711	837
711	971
711	996
711	1115
712	909
712	1014
713	1243
714	849
714	893
714	1172
715	888
715	1001
715	1300
716	753
716	1279
717	1055
718	874
718	1356
718	1372
719	961
719	1340
720	942
721	919
723	754
723	945
723	965
723	989
724	900
724	1131
725	918
726	1201
727	1236
727	1355
728	959
728	1382
729	887
729	974
729	1160
730	1289
730	1303
730	1304
731	964
731	1042
731	1215
732	895
732	903
732	1048
732	1267
734	887
734	1010
734	1101
735	838
736	757
736	810
736	1027
737	844
737	1122
737	1236
739	1216
739	1221
740	818
740	1216
741	745
741	1133
741	1369
742	765
743	758
743	965
743	969
743	980
744	791
744	894
744	1111
744	1159
744	1242
745	1168
746	1089
746	1299
746	1323
747	833
749	1011
750	1223
751	1252
752	857
752	858
753	846
753	1303
754	984
754	1091
754	1329
755	980
755	1063
755	1203
758	763
758	777
759	931
759	1154
759	1347
760	1391
761	1233
761	1286
761	1333
761	1340
762	776
762	1002
762	1110
763	807
763	906
763	1225
764	806
764	913
764	1102
764	1172
768	1101
768	1281
769	1153
769	1389
770	877
770	941
770	970
770	1004
770	1129
771	801
771	1040
771	1245
771	1334
772	1004
772	1162
773	1295
774	979
775	989
775	1019
776	786
776	1087
777	1043
777	1060
778	1021
778	1094
779	929
779	1242
779	1269
779	1326
780	869
780	1018
781	825
781	1022
781	1311
783	863
783	1185
784	1047
784	1115
785	813
785	871
785	1303
787	791
787	918
787	1166
788	831
788	1138
789	954
789	1028
789	1244
789	1286
791	1028
791	1167
791	1382
792	959
792	1399
793	1097
793	1142
793	1181
793	1397
794	1054
794	1219
795	1095
796	881
797	1039
797	1251
798	1395
799	953
800	956
801	1089
801	1140
801	1351
802	1168
803	882
803	1094
803	1163
804	949
805	1082
806	1063
806	1189
806	1352
807	1273
807	1294
808	1189
808	1308
809	1257
812	900
812	1028
812	1263
812	1319
813	890
813	895
813	1273
814	1178
815	1175
815	1378
816	969
816	1155
817	834
817	846
818	1215
819	1191
820	877
821	918
821	923
821	1364
822	860
823	993
825	1010
826	886
826	923
827	1182
827	1335
827	1353
828	948
829	915
832	981
832	989
832	1165
833	1240
833	1380
835	1052
835	1077
836	959
836	1253
836	1288
836	1352
837	1151
837	1329
838	1041
838	1146
838	1243
838	1283
838	1370
839	1246
840	1095
842	1335
843	1241
844	1145
844	1233
845	866
845	1287
846	1035
846	1268
849	1144
851	1169
851	1253
852	1248
852	1316
854	1382
855	944
855	1174
856	1074
856	1291
856	1319
857	1017
857	1248
857	1312
857	1341
858	925
860	977
861	930
861	932
862	1000
862	1004
862	1170
863	1203
863	1228
863	1370
864	872
864	1208
866	1294
867	913
867	1051
867	1383
868	1031
869	1063
869	1317
869	1321
870	1064
871	1040
871	1399
873	911
874	1145
874	1185
874	1314
875	1035
875	1249
876	1131
876	1320
877	1142
877	1162
878	1239
878	1388
879	942
881	972
881	1090
881	1153
881	1267
882	1182
883	1006
884	938
885	1399
886	994
887	899
889	1189
890	966
891	929
892	972
892	1209
892	1211
892	1386
894	1016
894	1339
895	996
895	1090
895	1153
897	933
898	913
898	996
898	1059
899	1055
899	1112
899	1270
900	1028
900	1047
900	1266
900	1297
902	1282
902	1313
902	1319
903	955
903	1104
903	1260
903	1365
905	1386
906	912
906	1070
906	1210
907	1116
908	1027
909	1012
909	1378
910	953
910	1280
910	1362
911	1075
911	1164
912	1043
912	1062
912	1155
913	1177
914	1134
914	1274
915	1282
915	1310
916	1162
917	1070
917	1247
918	969
920	1162
922	1135
922	1231
922	1297
924	1031
924	1243
924	1357
925	984
925	1142
926	1156
926	1170
926	1181
926	1309
930	1232
931	1264
932	1379
935	1157
935	1212
935	1282
935	1352
936	1160
936	1224
938	1300
939	1332
940	1064
940	1068
941	1397
943	1076
946	1169
946	1346
947	989
947	1051
948	992
949	1241
949	1290
949	1317
950	968
951	1175
953	1350
954	965
955	967
958	1313
959	998
959	1163
959	1228
960	984
961	1091
961	1261
961	1330
963	1080
964	1212
965	1285
967	1180
968	1027
969	1380
970	1059
970	1146
970	1166
973	1157
973	1234
973	1332
973	1339
974	1008
975	991
978	1063
978	1205
978	1386
979	1229
979	1233
981	1335
982	1147
984	986
984	1139
985	1164
986	1348
987	1166
987	1215
988	1038
988	1131
988	1133
989	1154
989	1198
990	1269
990	1353
992	1254
994	1025
994	1053
994	1161
994	1163
996	1095
997	1022
997	1054
998	1026
998	1167
998	1237
998	1384
999	1030
1000	1208
1003	1047
1003	1234
1003	1399
1004	1297
1004	1314
1004	1315
1006	1265
1006	1275
1007	1314
1009	1182
1009	1199
1011	1182
1013	1120
1013	1129
1014	1170
1014	1268
1014	1348
1015	1250
1015	1382
1017	1053
1018	1265
1018	1334
1022	1158
1023	1191
1023	1281
1023	1338
1025	1348
1026	1098
1026	1238
1026	1379
1027	1070
1028	1219
1028	1297
1029	1360
1031	1298
1032	1344
1033	1213
1034	1123
1034	1220
1035	1050
1035	1053
1035	1344
1035	1381
1038	1066
1038	1100
1038	1345
1039	1107
1039	1243
1039	1382
1040	1205
1041	1154
1041	1293
1041	1315
1043	1071
1043	1322
1046	1150
1046	1165
1046	1213
1046	1340
1047	1061
1048	1194
1049	1161
1049	1226
1050	1257
1055	1082
1055	1340
1056	1119
1058	1101
1058	1234
1059	1148
1060	1206
1061	1164
1061	1357
1062	1389
1063	1171
1063	1237
1064	1269
1067	1096
1067	1166
1067	1202
1069	1152
1069	1180
1069	1348
1071	1221
1072	1124
1072	1375
1075	1150
1076	1222
1079	1238
1079	1398
1080	1108
1083	1304
1085	1282
1085	1315
1088	1186
1089	1122
1089	1156
1089	1168
1089	1207
1089	1377
1093	1306
1095	1164
1096	1098
1096	1236
1098	1103
1098	1336
1099	1115
1103	1276
1104	1221
1105	1292
1105	1331
1108	1111
1110	1257
1112	1158
1112	1165
1112	1250
1113	1296
1113	1348
1115	1138
1116	1161
1118	1326
1118	1354
1119	1122
1119	1167
1122	1181
1122	1395
1124	1269
1124	1279
1124	1364
1127	1238
1127	1363
1129	1370
1130	1326
1131	1364
1132	1181
1135	1313
1136	1398
1137	1219
1137	1312
1141	1265
1142	1356
1143	1188
1144	1176
1145	1369
1146	1242
1146	1352
1148	1191
1148	1212
1149	1364
1151	1182
1155	1325
1155	1338
1156	1394
1157	1331
1158	1215
1158	1261
1160	1171
1160	1280
1164	1305
1165	1168
1165	1322
1166	1387
1169	1185
1170	1298
1170	1348
1172	1312
1173	1285
1175	1265
1176	1272
1176	1347
1177	1183
1177	1343
1179	1238
1180	1235
1183	1282
1183	1388
1185	1315
1187	1353
1190	1307
1190	1362
1192	1215
1194	1266
1195	1246
1196	1393
1197	1348
1197	1386
1199	1291
1199	1360
1205	1231
1208	1210
1209	1326
1215	1385
1216	1243
1216	1377
1218	1231
1218	1320
1222	1304
1223	1273
1225	1238
1226	1245
1228	1343
1229	1334
1231	1379
1234	1290
1238	1349
1243	1362
1243	1378
1244	1316
1248	1384
1257	1270
1257	1326
1257	1373
1259	1341
1262	1314
1264	1343
1267	1290
1269	1356
1274	1367
1276	1359
1276	1387
1281	1365
1284	1305
1288	1303
1289	1298
1289	1362
1297	1328
1300	1307
1301	1354
1310	1311
1311	1348
1322	1380
1322	1386
1326	1339
1328	1371
1331	1355
1345	1361
1346	1348
1347	1378
1347	1385
1352	1375
1353	1374
1364	1375
1367	1368
1371	1384
1391	1394