0	156
0	288
0	360
0	504
0	902
0	1091
0	1143
1	53
1	211
1	307
1	334
1	405
1	781
1	1163
2	86
3	486
4	1199
5	273
5	1095
6	63
6	170
6	1178
7	364
7	812
7	979
7	1210
8	1011
8	1018
8	1044
8	1102
8	1160
9	177
9	935
9	1103
10	440
11	187
11	293
12	59
12	332
12	491
12	855
12	1018
12	1286
13	168
13	305
13	846
14	107
15	99
15	169
15	342
15	974
16	260
16	553
16	773
16	878
16	1156
17	155
17	319
17	716
17	862
17	1170
17	1286
18	945
19	437
19	899
19	1246
20	50
20	751
21	539
21	675
22	69
22	130
22	897
22	1015
23	1167
23	1193
24	195
24	777
24	1303
25	219
25	573
25	754
26	161
26	231
26	495
27	235
27	1144
28	1301
28	1371
29	371
29	590
29	615
29	980
29	1130
29	1272
30	205
30	477
30	647
30	911
30	1095
30	1186
31	261
31	841
31	976
31	1128
32	33
32	93
32	188
32	895
32	926
32	1272
33	185
33	322
33	1069
33	1281
34	450
34	624
34	906
34	1122
34	1233
34	1368
34	1388
35	257
35	557
35	668
35	819
35	951
35	992
35	1178
36	145
36	319
36	361
36	693
36	819
36	1187
37	56
37	338
37	746
37	790
37	1069
37	1288
38	470
38	918
39	51
39	360
39	420
39	567
39	1312
40	464
40	715
40	761
40	815
40	1183
41	784
41	1082
41	1382
42	467
42	515
42	681
42	1106
42	1112
43	526
43	611
43	630
43	781
43	916
43	1087
43	1122
43	1260
44	92
44	291
44	398
44	421
44	707
44	730
44	1358
45	105
45	967
45	1040
46	179
46	341
46	428
46	661
46	747
47	270
47	307
47	325
47	520
47	672
47	1250
47	1284
48	127
48	673
49	136
49	592
49	746
49	807
49	1005
50	688
50	829
50	847
50	1035
51	279
51	1194
52	306
52	573
53	114
53	536
53	557
53	664
54	156
54	764
54	832
55	232
55	474
55	654
55	966
56	234
56	982
57	427
57	947
57	1013
58	550
58	674
58	991
59	230
59	399
59	586
59	728
59	1176
60	130
60	332
60	905
60	923
61	503
61	566
61	668
61	701
61	740
61	887
61	1295
62	295
62	551
62	769
63	236
63	404
63	1050
63	1168
64	176
64	478
64	1334
65	200
65	230
65	483
65	715
65	1374
66	712
66	988
66	1370
67	362
67	987
67	1347
68	431
69	540
69	563
70	105
71	234
71	742
71	958
71	1391
72	610
72	1071
72	1176
73	132
73	1005
74	290
74	505
74	736
74	1264
75	720
75	836
76	193
76	796
76	841
76	1364
77	224
78	422
78	432
78	1277
78	1284
79	199
80	157
80	417
80	1091
80	1162
81	415
81	1269
81	1339
81	1373
82	168
82	219
83	896
83	1273
84	819
84	1015
84	1193
85	1030
85	1247
86	565
87	673
87	807
87	889
87	1041
87	1111
87	1159
87	1253
88	262
88	289
88	934
88	986
88	1268
88	1306
89	156
89	279
89	340
89	478
89	508
89	896
89	1080
90	850
91	155
91	765
91	921
92	190
92	534
92	577
92	600
92	1008
92	1066
92	1166
93	260
93	399
93	972
93	1006
93	1105
94	120
94	662
94	1206
94	1399
95	98
95	1034
96	176
96	864
96	1105
97	497
97	538
97	637
97	1031
97	1269
98	386
98	441
98	700
98	859
98	1167
98	1323
98	1326
99	178
99	300
99	367
99	740
99	1265
100	190
100	846
101	878
101	881
101	1062
102	127
102	1005
102	1378
103	198
103	254
103	595
103	645
103	811
103	860
103	1027
103	1093
104	794
104	839
104	1126
105	686
105	889
105	1263
105	1305
106	227
106	263
106	622
106	746
106	1023
106	1283
107	120
107	664
107	1107
107	1154
108	283
108	595
108	1013
109	520
110	312
110	461
110	500
110	1025
110	1035
110	1049
110	1344
110	1361
111	208
111	433
111	498
112	284
112	479
112	617
112	766
112	947
112	956
113	449
113	998
113	1154
115	763
115	937
115	976
116	572
116	609
116	1101
117	422
117	734
117	1006
117	1116
117	1382
118	537
118	782
118	1144
118	1152
118	1274
118	1298
118	1310
119	488
119	936
119	1002
119	1172
120	393
120	532
120	546
120	601
120	809
120	918
120	1010
120	1399
121	509
122	533
122	729
122	1161
122	1241
122	1287
123	652
123	664
123	676
123	1029
123	1269
124	206
124	405
124	418
124	468
124	641
125	362
125	412
125	503
126	724
126	1136
126	1330
127	317
127	404
127	653
128	165
128	1122
129	711
129	1170
130	146
130	1082
130	1239
130	1245
130	1319
131	300
131	652
131	855
131	879
131	947
131	1110
132	488
132	811
132	817
132	878
132	1204
133	209
133	688
133	854
134	277
134	827
134	979
135	913
136	368
136	766
136	1245
137	311
138	392
138	460
138	494
138	794
138	1278
139	147
139	155
139	171
139	855
140	156
140	400
140	742
140	972
141	454
141	464
141	1222
141	1341
141	1347
142	659
142	962
143	299
143	446
143	473
143	807
143	880
143	1168
144	389
144	394
144	1067
145	412
145	493
145	529
145	947
145	1384
146	305
146	650
146	1025
146	1210
146	1308
147	738
147	778
148	262
148	374
148	610
148	701
148	1366
149	239
149	388
149	400
149	1166
149	1251
150	252
150	626
150	801
150	915
150	1149
151	405
151	797
151	1026
151	1052
151	1100
152	1159
152	1238
153	831
153	944
153	1295
154	218
154	424
154	499
154	1028
155	844
155	1192
155	1329
156	431
156	771
156	1158
157	701
157	852
157	996
158	936
159	568
159	912
159	1026
159	1327
159	1344
160	177
160	684
160	960
160	1029
160	1031
161	593
161	1058
161	1068
162	525
162	890
162	966
162	994
162	1287
163	607
164	660
164	667
165	518
165	1037
165	1385
166	643
166	843
166	1014
166	1087
167	755
167	1004
167	1051
168	673
169	199
169	457
169	558
169	716
169	733
169	1175
169	1236
169	1282
169	1377
170	420
170	647
170	771
171	899
171	1107
172	1032
173	527
174	463
174	671
174	845
175	649
175	1183
176	687
176	796
176	1033
176	1059
176	1128
177	772
177	901
177	905
178	819
179	575
179	580
179	691
179	780
179	955
179	1248
179	1266
179	1304
180	191
180	1264
181	997
181	1022
181	1254
181	1321
182	357
182	382
182	417
182	708
182	1150
182	1180
182	1239
182	1247
183	672
184	406
184	460
184	832
184	1177
185	298
185	786
185	860
186	218
186	267
186	600
187	360
187	1167
188	245
189	483
189	998
190	397
190	879
190	916
191	741
191	1038
191	1060
192	201
192	460
192	607
192	722
192	947
192	1269
192	1380
193	457
193	487
193	900
193	1210
194	279
194	998
194	1192
194	1213
195	360
195	628
195	743
196	520
196	1021
196	1041
197	558
197	1044
197	1071
197	1165
197	1181
197	1234
197	1285
198	444
198	596
199	307
199	882
199	1281
200	633
200	770
200	1023
200	1212
201	256
201	360
201	688
201	700
201	750
201	1189
201	1269
201	1283
202	309
202	435
202	515
202	603
202	1299
203	747
203	948
203	1084
204	456
204	922
204	984
205	317
205	721
205	941
205	1013
206	558
206	699
206	786
207	256
207	438
207	576
207	619
207	652
207	662
207	717
207	722
207	744
207	1290
208	665
208	830
208	965
208	1114
208	1173
209	620
209	1003
209	1080
209	1115
210	481
210	851
210	997
210	1356
211	224
211	261
211	802
211	905
211	1209
212	550
212	799
212	936
212	1099
213	562
213	592
213	681
213	1081
213	1147
213	1183
214	249
214	647
214	795
214	1016
214	1164
215	471
215	578
215	686
215	895
215	1072
216	288
216	649
216	973
216	983
216	1009
216	1398
217	439
217	1189
218	640
219	353
219	606
219	646
219	1150
220	325
220	341
220	438
220	800
220	1187
221	501
221	864
221	1331
222	572
222	928
222	1040
222	1344
222	1347
223	573
224	242
224	552
224	949
224	1327
225	830
225	1385
226	351
226	1173
227	893
227	1207
227	1389
228	371
228	826
229	301
229	662
230	232
230	502
230	1070
230	1235
230	1265
231	741
231	803
231	1000
232	407
232	576
232	893
232	1023
233	235
233	370
233	412
233	516
234	322
234	556
234	978
235	341
235	506
235	914
235	1309
235	1315
236	677
237	510
237	1260
238	752
238	1081
239	1034
239	1247
240	475
240	548
240	724
241	917
241	949
242	252
242	816
243	333
243	436
243	1017
243	1207
244	307
244	453
244	682
244	1018
244	1044
244	1123
244	1241
245	708
245	742
245	776
245	917
246	407
246	697
246	950
246	980
246	1193
247	410
247	454
247	541
248	273
248	569
248	1388
249	600
249	1115
249	1284
250	292
250	344
250	746
250	1147
250	1360
251	632
251	666
251	1124
251	1336
252	339
253	289
253	770
253	1202
253	1354
254	269
255	557
255	816
256	516
256	694
256	733
256	855
256	895
256	975
256	1197
257	335
257	1057
257	1109
257	1146
257	1269
257	1275
257	1323
258	677
258	933
259	760
260	586
260	836
261	598
261	877
261	924
262	359
262	383
262	443
262	644
262	1157
263	711
263	755
263	989
264	554
265	562
265	732
266	641
266	728
266	767
266	929
266	1134
266	1258
266	1365
267	379
267	598
268	775
269	296
269	659
269	662
269	1335
270	1222
271	438
271	1040
271	1090
272	947
272	1027
272	1110
273	857
273	886
273	929
273	934
273	1107
273	1241
274	606
274	771
274	777
274	1043
274	1127
274	1142
275	880
275	1391
276	899
276	1214
277	516
277	692
277	845
277	855
277	1014
278	841
278	842
278	1269
279	396
279	865
279	1250
280	1353
281	299
281	318
281	476
281	478
281	597
281	673
281	1344
282	707
282	796
282	809
282	1321
283	738
285	291
285	387
285	582
285	1073
286	820
287	982
287	1027
287	1113
288	339
288	623
288	709
288	984
288	1098
289	407
289	663
289	1198
289	1253
290	1073
290	1301
291	505
291	552
291	590
291	771
291	846
291	1048
291	1096
291	1163
291	1287
292	482
292	839
292	1256
293	405
293	1206
294	696
294	852
294	946
295	454
295	811
295	835
295	940
296	957
296	1044
296	1119
297	486
297	553
297	733
297	1071
298	1096
298	1171
299	762
299	1256
299	1286
300	598
300	1229
301	399
301	1034
302	330
302	696
302	719
302	931
302	1322
303	524
303	597
304	485
305	390
306	359
306	693
306	1098
306	1227
307	391
307	560
307	857
308	863
309	381
309	829
309	1367
310	393
310	1266
311	696
311	1132
312	810
312	921
312	1249
313	542
313	637
313	1212
313	1292
313	1392
314	349
314	641
314	1352
315	756
315	1289
316	391
316	415
316	836
316	1103
316	1203
317	539
318	360
318	510
318	690
318	1069
319	401
319	430
319	602
319	930
319	932
319	1212
319	1243
319	1292
320	570
320	616
321	441
321	791
321	887
321	1325
322	767
322	994
322	1155
322	1158
323	872
323	1071
323	1096
323	1220
323	1233
324	490
324	1056
325	382
325	973
325	1194
326	1285
326	1303
327	388
327	1018
327	1094
327	1171
328	513
328	937
328	1004
328	1124
329	866
329	1370
329	1379
330	696
330	1329
330	1396
331	462
331	759
331	1136
331	1167
331	1192
331	1295
333	707
333	849
333	897
333	1230
334	490
334	1228
334	1282
335	387
335	755
335	954
336	549
336	1295
337	1061
337	1154
338	454
338	704
338	819
338	1062
338	1087
338	1395
339	716
340	755
340	984
341	1021
341	1253
342	546
343	697
344	962
345	1171
346	360
346	903
346	1061
347	1014
347	1265
348	1046
349	695
349	748
349	965
349	1180
350	1266
351	456
351	965
351	1060
351	1137
351	1219
352	944
352	1004
352	1043
352	1390
353	720
353	1347
354	412
355	428
355	884
355	980
356	360
356	469
356	1129
356	1145
357	588
357	877
357	1017
357	1287
358	662
358	1391
359	546
359	711
359	841
359	882
359	980
360	852
360	1006
360	1105
360	1292
360	1321
360	1385
361	720
361	827
361	998
361	1195
362	519
362	626
362	1114
362	1242
362	1329
363	834
364	525
364	563
364	631
364	844
364	1092
364	1229
364	1280
364	1394
365	804
365	896
365	1363
366	485
366	1003
366	1028
366	1184
367	713
367	964
367	977
368	501
368	506
368	615
368	1006
369	470
369	1058
370	698
370	1182
370	1194
370	1273
371	1197
372	546
372	1300
372	1363
373	828
373	923
373	1344
373	1354
374	522
374	638
375	513
375	560
375	581
375	585
376	391
377	417
377	595
377	1231
377	1245
378	546
378	696
378	1377
379	521
379	559
379	763
379	772
379	910
379	998
379	1115
379	1180
380	437
380	862
380	1229
381	779
381	1208
382	479
382	826
383	1043
384	467
384	798
384	910
385	464
385	608
385	818
385	951
385	971
385	1253
386	696
386	704
386	720
386	1144
387	721
387	881
387	1012
388	499
389	445
389	609
389	611
390	470
390	745
390	1324
391	784
392	1151
392	1342
393	623
393	659
393	1208
393	1374
394	435
394	481
394	1188
394	1268
395	467
395	600
395	1114
396	824
397	1358
398	596
398	755
398	1318
398	1324
399	417
399	653
399	858
400	846
400	861
400	897
400	1224
401	475
401	616
401	1246
402	606
402	1313
403	458
403	594
403	1299
404	1050
405	554
405	687
406	766
406	788
406	794
406	1222
407	720
408	578
408	971
408	1045
408	1221
409	556
409	1080
409	1340
410	436
411	449
411	899
411	1026
411	1101
411	1398
412	546
412	973
412	1222
413	722
413	850
414	423
414	780
414	1363
415	757
416	511
417	714
417	1001
418	547
418	553
419	569
419	1316
420	715
420	761
420	827
420	888
420	1178
420	1318
420	1385
421	558
421	910
421	1058
421	1203
421	1233
421	1246
422	785
422	1049
423	508
423	617
423	808
423	992
423	1383
424	998
424	1317
425	877
425	886
425	1306
426	672
427	1262
428	1091
429	505
429	1397
430	1232
430	1282
430	1302
431	517
431	809
431	974
432	658
432	662
432	781
433	464
433	1288
434	627
435	453
435	477
436	742
437	1063
437	1304
437	1347
437	1377
438	1249
439	603
439	646
440	941
440	1063
440	1082
440	1211
440	1269
440	1296
441	758
442	492
442	979
443	514
443	607
443	1236
443	1375
444	680
444	1080
444	1346
444	1389
445	693
445	825
445	1287
446	471
446	738
447	504
448	473
448	518
448	763
448	1027
448	1103
449	714
449	791
450	1311
451	680
451	1205
452	1347
453	529
453	769
453	1054
453	1137
454	1142
454	1194
454	1387
455	562
455	1090
455	1281
455	1324
456	833
456	1015
456	1084
457	623
457	1060
458	1370
459	1112
461	506
461	530
461	663
461	885
462	770
463	472
463	1156
465	731
465	906
466	1190
466	1230
466	1283
467	1021
467	1025
467	1262
467	1358
468	650
469	1238
470	486
470	502
470	546
470	552
472	523
472	859
472	962
472	974
472	1208
473	695
473	709
473	787
473	904
474	801
474	841
474	1006
474	1279
475	708
475	924
476	896
476	1107
476	1279
477	855
477	865
479	883
479	923
479	1078
480	625
480	980
480	1121
480	1242
481	586
481	611
481	893
482	739
483	1264
484	856
485	894
485	1156
485	1307
486	690
487	814
487	826
487	1274
488	602
488	788
488	1058
489	913
489	1289
491	1023
492	536
494	1036
494	1081
495	542
495	687
495	1349
496	553
496	665
496	1144
496	1376
497	558
497	1227
497	1262
498	1129
498	1241
499	629
499	633
499	1000
500	919
500	953
500	962
500	1393
501	634
501	1124
501	1152
502	990
503	983
503	998
503	1095
503	1099
504	517
504	1044
505	690
505	696
507	812
507	1278
507	1345
508	608
508	725
508	1151
508	1379
509	571
510	1045
510	1075
511	632
511	1144
512	759
512	771
512	805
513	813
514	602
514	816
514	887
514	1146
514	1264
515	584
515	1174
515	1181
516	709
516	725
517	894
517	1063
518	700
518	888
518	1356
519	530
519	763
520	1147
521	868
521	1259
522	601
522	845
522	873
523	551
523	1005
523	1174
524	733
524	1379
525	860
525	1092
525	1172
525	1313
527	603
527	1141
527	1194
528	536
529	807
529	933
529	1086
529	1328
530	1182
531	533
531	779
531	814
531	1034
531	1125
532	920
533	674
533	728
533	782
533	1093
534	922
534	1176
535	639
535	850
535	974
535	1007
535	1096
535	1362
536	839
536	1144
536	1359
537	1278
538	1150
538	1230
539	836
539	1088
539	1336
540	907
540	949
540	1040
540	1130
540	1135
541	674
541	1058
542	1215
543	1337
544	727
544	1224
545	573
546	595
546	664
546	910
546	1209
547	1034
547	1050
547	1392
548	947
548	1279
549	1168
549	1206
550	602
550	804
550	854
551	1271
552	569
552	1180
553	668
553	781
553	1075
553	1150
555	560
555	1217
556	797
556	851
557	789
557	966
558	834
558	1129
558	1204
559	634
559	1086
559	1090
560	662
560	978
560	1129
560	1369
561	1307
563	856
563	960
564	1382
566	1257
567	643
567	1191
567	1201
568	856
568	1058
568	1381
569	903
570	743
571	1010
572	650
572	830
573	929
573	947
573	1061
573	1244
574	802
574	1149
575	914
575	923
575	1351
576	1323
577	622
578	751
579	777
579	1216
580	760
581	649
582	1088
583	694
583	714
583	858
583	904
584	786
584	829
584	956
584	994
584	1096
585	1198
585	1302
586	1045
587	858
587	1351
588	609
588	1122
588	1123
588	1318
588	1382
589	641
589	1087
590	717
590	1033
590	1181
590	1347
591	797
591	1089
591	1169
592	605
592	814
592	1104
592	1171
592	1204
593	790
593	854
593	1210
594	747
594	823
594	1340
595	706
595	891
595	1150
596	847
596	924
596	1062
597	1142
598	1292
599	773
599	1374
600	840
600	1106
600	1362
601	633
601	719
602	952
603	1241
604	1257
605	773
605	1315
606	749
607	924
607	1142
607	1184
609	613
609	916
609	985
609	1324
609	1347
610	888
610	1011
610	1318
611	941
611	1212
611	1319
611	1324
612	623
612	1007
612	1112
612	1162
613	1182
613	1299
614	824
614	1354
615	888
615	1017
615	1054
615	1224
616	729
616	880
617	794
617	797
617	804
617	1204
618	1189
620	999
621	814
622	712
622	804
622	845
622	856
622	1262
623	808
623	841
623	1017
623	1227
625	1070
626	669
626	1137
626	1218
627	709
627	1217
627	1395
628	1210
628	1392
629	898
630	728
630	1355
631	679
633	1278
633	1368
634	1153
634	1355
635	741
635	860
635	1091
635	1131
635	1156
636	731
637	758
637	917
637	944
638	1086
638	1331
639	647
639	983
640	700
640	739
640	793
640	845
640	878
640	1178
640	1368
641	936
641	1137
641	1225
642	727
642	1295
643	671
643	705
643	1233
644	981
644	1012
644	1147
644	1378
645	899
645	1226
646	756
646	1345
646	1372
647	668
647	689
647	791
647	974
647	1172
647	1321
648	807
649	663
650	709
650	842
650	972
651	1181
652	1311
653	697
653	787
654	668
654	1062
654	1183
655	902
656	667
656	1076
656	1221
657	858
658	954
660	896
660	1016
660	1126
660	1171
662	685
662	1385
663	1125
664	824
664	1067
665	787
665	1268
665	1275
666	709
666	820
667	731
667	1076
667	1392
668	727
670	1093
670	1226
671	672
671	673
672	768
672	809
672	1121
672	1190
673	782
673	930
673	976
673	1297
674	799
674	1032
674	1078
675	841
676	692
676	1103
676	1109
677	1393
678	984
679	744
679	927
679	1160
679	1304
679	1389
680	933
680	1027
680	1234
681	759
681	770
681	1105
683	1136
684	752
684	808
686	1188
687	733
687	859
688	1256
688	1287
689	1013
689	1184
690	953
690	1037
691	782
691	792
691	796
691	878
691	1275
692	1219
693	708
693	809
693	855
693	1257
693	1395
694	900
694	1226
694	1350
695	971
695	1147
696	891
698	793
698	902
698	1324
699	927
699	1149
700	1025
700	1324
700	1357
701	1027
702	794
702	1024
703	871
703	945
703	1106
704	741
704	1010
705	734
705	1325
705	1379
707	1133
707	1324
708	917
708	1251
708	1295
709	1004
709	1233
709	1395
710	783
710	866
710	979
711	1127
712	900
712	1181
713	1345
714	1148
714	1316
715	882
715	942
715	1328
716	776
716	1076
716	1119
717	877
717	931
717	1026
718	1272
718	1327
719	949
719	960
719	993
719	1010
719	1176
720	1076
720	1153
720	1236
721	992
721	1092
721	1116
721	1213
723	914
723	994
723	1344
724	988
724	1154
724	1230
725	895
725	1377
726	1032
726	1197
727	1321
728	1352
729	857
729	1197
730	966
730	1141
730	1274
730	1353
731	1300
732	997
732	1371
734	1062
735	757
735	1025
736	1268
737	1291
739	809
739	838
739	902
739	1133
740	828
741	779
741	1202
742	1227
742	1348
743	900
743	958
743	1114
744	1283
745	1061
746	869
746	1028
747	993
747	1059
747	1098
748	943
749	1280
751	1061
751	1270
752	1012
752	1340
753	973
753	1221
754	1025
754	1327
755	798
755	845
755	1091
756	902
756	932
757	1045
757	1155
757	1179
757	1390
758	1115
758	1278
758	1286
759	1049
759	1193
759	1369
760	1066
760	1269
761	879
761	881
761	1249
762	1034
763	905
764	779
764	1033
764	1358
765	917
766	837
766	952
766	1075
766	1273
767	1111
767	1386
768	1188
768	1311
769	1147
770	867
770	1083
771	870
772	994
772	1299
773	997
774	777
774	826
774	918
774	925
776	794
776	1246
777	1175
777	1381
778	781
778	1024
778	1152
779	949
779	1163
779	1231
779	1386
781	1106
782	1009
784	927
784	1079
784	1218
784	1370
785	1058
785	1263
786	1079
786	1306
787	823
787	1144
787	1209
787	1363
788	876
788	1063
788	1315
789	927
789	929
789	1257
790	898
790	1144
791	1128
792	799
793	1345
795	917
796	1103
797	824
797	1172
798	1116
798	1121
798	1359
799	1318
799	1367
800	831
801	1010
801	1182
801	1255
802	1017
802	1092
802	1214
804	1185
805	1093
805	1156
806	1023
806	1327
807	909
807	934
807	1138
808	960
809	1227
809	1345
811	1210
812	937
812	1050
813	889
813	893
813	1039
813	1365
815	951
816	853
816	913
816	1306
818	959
819	826
819	827
821	977
822	1152
824	1358
826	833
827	1201
827	1205
828	832
828	1252
829	923
829	1220
829	1250
829	1253
830	956
830	1236
831	837
831	1263
831	1390
835	928
836	1060
836	1274
837	1108
837	1383
838	978
839	1339
840	1009
840	1336
841	1082
842	1268
842	1388
843	1192
844	1124
844	1156
845	1289
846	970
847	1268
848	1157
848	1359
849	1055
850	1179
851	884
851	1198
851	1239
852	995
852	1071
852	1126
852	1368
855	1025
855	1084
855	1298
856	1352
856	1370
858	1122
858	1152
859	1225
859	1354
860	955
862	942
862	1129
863	1016
863	1147
863	1245
863	1365
864	1155
865	991
865	1072
866	1105
867	901
867	1027
867	1342
870	1029
871	933
872	974
872	1350
874	883
874	1239
875	877
875	951
875	1042
876	897
877	1172
880	1231
881	1383
882	1144
883	923
884	1271
885	1117
886	1129
887	913
888	949
889	975
889	1119
890	1020
890	1089
890	1120
891	1245
892	981
893	903
893	1295
893	1299
894	1077
894	1360
895	970
895	1149
895	1227
895	1359
896	1345
897	1043
897	1342
898	1011
899	1140
900	1062
900	1100
901	1260
902	944
902	1010
903	1058
903	1116
903	1149
904	1026
905	994
905	1112
906	958
906	1203
906	1276
906	1281
906	1395
908	1193
909	960
909	1150
909	1276
913	962
913	1066
914	1320
914	1377
915	929
915	1116
916	1169
920	1042
920	1271
921	965
921	1141
922	1135
922	1278
923	1362
924	1035
924	1252
924	1296
925	1253
926	1046
926	1341
927	1104
928	1273
929	1095
930	1169
930	1240
931	1031
931	1224
931	1272
932	1386
933	1028
933	1114
933	1274
933	1305
934	994
934	1206
935	1333
937	1334
938	1143
939	1128
939	1376
940	997
940	1157
940	1190
941	1097
941	1275
944	1102
945	1083
946	1154
948	1340
948	1341
950	961
950	1020
951	1238
952	1053
952	1149
952	1268
953	1007
953	1051
953	1197
954	1068
954	1208
954	1212
955	1190
956	1305
957	976
957	1148
958	1093
959	1106
959	1148
959	1159
959	1243
959	1258
963	1196
964	1003
964	1260
965	1057
965	1301
967	1357
967	1389
968	1004
968	1072
968	1150
969	1206
969	1316
970	1006
971	1003
971	1367
972	1330
972	1351
972	1360
973	1010
973	1297
974	1314
974	1352
975	1119
975	1321
976	1340
978	1090
978	1134
979	1218
979	1253
979	1377
979	1389
980	1251
981	1154
983	1191
983	1309
984	1045
987	1047
987	1252
987	1397
988	1041
988	1299
989	1078
989	1131
989	1383
990	1239
991	1019
991	1109
991	1139
991	1151
992	1024
994	1099
995	1093
995	1126
999	1075
1001	1185
1001	1241
1002	1011
1003	1286
1010	1183
1011	1066
1011	1079
1011	1212
1013	1315
1014	1301
1015	1055
1015	1125
1017	1122
1017	1230
1017	1348
1017	1369
1018	1063
1018	1272
1020	1074
1020	1173
1023	1280
1024	1266
1025	1117
1025	1189
1026	1389
1027	1245
1027	1269
1027	1354
1030	1267
1031	1061
1031	1062
1031	1069
1032	1199
1032	1232
1033	1044
1033	1223
1034	1129
1034	1170
1034	1328
1035	1391
1036	1293
1036	1340
1037	1132
1037	1261
1040	1387
1042	1083
1043	1250
1043	1329
1045	1153
1045	1307
1046	1080
1046	1107
1047	1052
1047	1122
1047	1237
1047	1258
1047	1293
1051	1211
1051	1261
1052	1338
1053	1130
1053	1173
1053	1294
1055	1123
1055	1219
1055	1319
1057	1134
1057	1158
1057	1182
1058	1262
1059	1278
1059	1305
1061	1393
1063	1092
1064	1297
1065	1284
1066	1120
1066	1159
1066	1332
1066	1335
1068	1101
1069	1207
1069	1227
1069	1325
1069	1360
1071	1273
1074	1096
1075	1198
1077	1236
1077	1341
1078	1104
1078	1238
1079	1329
1080	1179
1081	1085
1081	1121
1081	1215
1082	1165
1082	1311
1084	1168
1085	1165
1085	1167
1086	1183
1091	1146
1093	1196
1093	1282
1093	1347
1094	1213
1094	1237
1094	1257
1094	1367
1095	1185
1095	1221
1096	1138
1096	1219
1097	1186
1097	1398
1101	1269
1103	1124
1103	1388
1104	1286
1105	1310
1108	1284
1116	1348
1116	1359
1117	1382
1118	1300
1118	1340
1118	1396
1120	1368
1121	1189
1122	1255
1122	1280
1123	1322
1124	1263
1126	1393
1130	1186
1130	1263
1132	1261
1133	1170
1133	1233
1134	1300
1135	1250
1136	1216
1136	1226
1138	1225
1139	1154
1139	1191
1139	1250
1142	1188
1143	1168
1144	1164
1144	1198
1144	1258
1147	1148
1147	1174
1148	1298
1149	1191
1150	1250
1150	1285
1151	1250
1152	1390
1153	1154
1153	1283
1154	1183
1155	1225
1158	1375
1159	1310
1160	1220
1163	1310
1164	1370
1166	1249
1167	1386
1171	1387
1172	1173
1174	1190
1174	1365
1174	1367
1174	1381
1177	1209
1177	1228
1177	1378
1188	1303
1190	1210
1195	1344
1200	1314
1200	1391
1203	1362
1204	1226
1218	1340
1221	1389
1228	1240
1229	1259
1229	1372
1229	1385
1230	1267
1234	1360
1237	1243
1237	1280
1237	1304
1238	1333
1240	1334
1242	1399
1244	1351
1246	1388
1250	1295
1258	1261
1261	1367
1262	1298
1263	1313
1264	1292
1267	1376
1269	1286
1271	1295
1278	1386
1282	1362
1286	1302
1288	1319
1290	1357
1293	1296
1296	1369
1300	1350
1303	1381
1308	1318
1309	1379
1312	1358
1318	1335
1325	1387
1336	1363
1343	1352
1361	1398
1371	1380
1383	1398