0	230
0	432
0	448
0	792
0	1314
1	267
1	358
1	484
1	941
2	55
2	262
2	927
2	1262
3	45
3	73
3	472
3	966
3	1078
3	1265
4	423
4	765
4	874
4	1150
4	1332
5	157
5	179
5	478
6	642
6	658
6	701
6	872
6	1010
6	1206
6	1295
6	1299
6	1352
6	1390
7	266
7	1277
8	235
8	303
8	453
8	747
8	1314
9	368
9	451
9	616
9	706
9	1141
9	1380
10	55
10	115
10	336
10	505
10	757
10	887
10	1338
11	321
11	764
11	957
11	1288
11	1327
11	1355
12	167
12	257
12	592
12	1061
13	154
13	318
13	884
13	1136
14	86
14	168
14	862
14	1000
14	1069
14	1184
15	250
15	275
15	627
15	1121
15	1397
16	252
16	925
16	1108
16	1352
17	179
17	408
17	525
17	737
17	845
18	315
18	858
18	1202
19	850
19	1375
20	220
20	440
20	570
20	830
20	1146
21	391
21	650
21	1381
22	800
23	67
23	92
23	553
23	821
23	829
23	920
24	446
24	892
24	948
24	1387
25	530
25	534
25	667
25	880
25	1163
25	1270
26	254
26	986
26	1241
27	677
27	1177
28	33
28	58
28	654
28	675
28	891
28	1159
29	442
29	1165
30	424
30	1044
31	526
31	805
31	959
32	151
32	730
33	119
33	275
33	458
33	611
33	1019
33	1346
34	167
34	342
34	1293
35	55
35	237
35	279
35	352
35	428
35	667
35	876
35	905
35	1102
35	1335
36	648
36	793
36	1003
37	159
37	208
37	943
37	1075
37	1184
37	1237
37	1356
38	630
38	848
38	1329
39	761
40	508
40	1123
40	1240
41	824
41	1151
42	491
42	511
42	1246
43	244
43	271
43	1033
43	1148
44	202
44	331
44	368
44	1039
45	175
45	184
45	975
45	1034
46	225
46	237
46	1309
47	671
47	755
47	847
47	880
47	1157
48	245
48	653
48	1051
48	1249
48	1278
49	748
49	903
49	954
49	1348
50	515
50	1133
51	144
51	364
51	472
51	747
51	1131
51	1157
52	1105
53	104
53	531
54	271
54	1310
55	515
55	604
56	392
56	396
56	409
56	904
56	1242
57	256
57	367
57	380
57	465
57	580
57	800
57	1026
58	609
58	880
59	219
59	311
59	685
59	1316
60	942
60	1045
60	1137
61	216
61	582
61	788
61	809
61	891
62	451
62	579
62	613
62	654
62	1236
62	1351
63	83
63	136
63	588
64	464
64	970
64	1015
64	1092
65	215
65	489
65	593
65	641
65	717
66	95
66	912
67	244
67	388
67	443
68	73
68	166
68	542
68	626
68	1126
68	1365
69	98
69	713
69	723
69	760
69	1054
69	1108
69	1282
70	645
70	777
70	1014
71	150
71	167
71	716
71	1115
71	1262
72	209
72	359
73	563
73	920
74	312
74	972
74	1173
74	1219
75	974
75	1079
76	188
76	228
76	439
76	521
76	890
77	858
77	1029
77	1396
78	266
78	535
79	232
79	482
79	563
79	906
79	1037
80	152
80	201
80	922
80	1064
80	1165
81	282
81	676
81	838
81	1326
82	277
82	491
82	923
82	1377
83	476
83	723
83	766
83	1002
83	1326
84	162
84	350
84	459
84	883
85	116
85	276
85	388
85	733
85	748
85	766
86	269
86	433
86	598
86	942
86	1224
86	1318
87	1380
88	176
88	641
88	1204
89	304
89	667
90	366
90	422
90	525
90	1057
91	161
91	960
92	199
92	443
92	812
92	868
92	1049
93	417
93	548
93	1055
93	1111
94	291
94	311
94	891
94	1155
94	1228
94	1384
95	162
95	552
95	763
95	897
95	1038
95	1106
96	1270
97	780
98	324
98	453
98	654
98	990
98	1247
99	592
99	1006
100	324
100	335
100	400
100	768
101	190
101	668
101	799
101	1165
102	247
102	540
102	895
102	1196
103	175
103	230
103	395
103	1116
103	1375
104	275
104	619
104	970
104	1122
105	439
105	493
105	548
105	579
105	757
105	862
105	1262
106	751
107	230
107	598
107	688
107	1101
107	1222
107	1398
108	340
108	363
108	1009
108	1010
109	237
109	418
109	551
109	1057
109	1353
109	1385
110	713
110	1055
110	1180
111	386
111	995
112	215
112	293
112	455
112	745
112	878
112	1016
112	1131
113	277
113	359
114	259
114	523
114	1023
115	710
115	740
116	805
116	824
116	1025
116	1189
117	179
117	365
117	1026
118	289
118	689
118	1025
119	1288
120	202
120	546
120	629
120	957
120	1003
120	1034
120	1359
121	616
121	786
121	1256
122	231
122	462
122	656
122	782
123	759
124	502
124	774
124	1105
124	1116
124	1153
125	398
125	468
126	131
126	584
126	767
126	940
126	1201
127	345
127	802
127	935
127	1345
128	207
128	1177
128	1262
128	1363
129	680
129	791
129	808
129	1282
130	1147
130	1354
131	289
131	540
131	544
131	1366
132	258
132	444
132	733
132	1333
132	1360
133	853
133	863
133	877
133	999
133	1017
133	1213
133	1319
134	289
135	497
135	1089
136	140
136	236
136	411
136	484
136	686
137	680
138	148
138	197
138	308
138	817
138	1016
138	1117
138	1314
138	1368
139	206
139	629
139	761
140	488
140	803
140	1239
140	1300
140	1305
141	290
141	875
141	1026
141	1310
142	281
142	773
142	933
143	166
143	679
143	734
143	1128
144	158
144	318
144	455
144	681
144	959
144	1089
144	1140
144	1375
145	424
145	1026
145	1190
145	1218
145	1301
146	897
146	1146
147	1287
148	323
148	440
148	784
148	1160
148	1272
149	405
149	793
149	879
149	1269
149	1306
150	322
150	625
150	926
150	943
151	1121
151	1323
151	1366
152	1145
152	1247
153	291
153	750
153	908
153	1051
154	314
154	527
154	633
154	638
154	815
154	932
154	962
154	1079
155	1377
155	1384
156	549
156	1120
156	1264
157	177
157	368
157	396
157	968
157	983
157	1282
158	182
158	442
158	1001
159	890
159	930
159	1155
160	191
160	425
160	878
160	1325
160	1362
161	507
161	514
161	822
161	954
162	197
162	371
162	527
162	572
162	912
163	518
164	793
165	374
165	476
165	732
165	891
165	985
165	1240
165	1335
166	198
166	584
166	620
166	799
166	865
166	1119
166	1359
167	230
167	758
167	1103
168	422
169	926
170	453
170	533
170	814
170	822
170	913
170	916
171	352
171	491
171	1192
171	1234
171	1239
171	1268
172	731
172	855
172	1324
173	435
174	175
174	652
174	1158
174	1315
175	932
175	1127
175	1222
175	1280
176	344
176	452
176	981
176	1375
177	537
177	858
177	1295
178	329
178	610
178	735
178	1038
178	1172
179	328
179	485
179	720
179	1267
180	383
180	384
180	525
180	877
181	182
181	868
182	192
182	834
182	1312
183	245
183	360
183	682
184	535
184	714
185	370
185	749
186	304
186	826
186	988
186	1003
186	1012
186	1059
186	1131
186	1167
186	1351
187	439
187	644
187	663
187	1392
188	682
188	919
188	1118
188	1312
188	1375
189	226
189	930
191	362
191	560
191	1011
192	391
192	1320
193	471
193	523
193	526
193	937
193	1147
194	1316
195	829
195	866
195	908
195	953
195	1209
196	851
196	937
196	1026
196	1054
196	1280
197	253
197	1274
197	1345
198	199
198	206
198	363
198	596
198	673
198	697
198	1117
199	390
199	436
199	1021
199	1023
200	502
200	613
200	1107
200	1272
202	658
203	371
203	476
203	911
203	1087
203	1317
204	699
204	1278
205	250
205	251
205	886
205	1179
205	1200
206	351
206	430
206	681
206	873
206	956
207	435
207	1005
207	1183
207	1229
208	723
208	1077
209	910
209	1198
210	242
210	356
210	477
210	1128
211	274
211	452
211	636
211	820
212	561
213	948
214	670
214	1123
214	1395
215	300
215	319
215	895
215	914
217	250
217	309
217	1139
218	631
219	716
219	884
219	1034
219	1048
219	1292
220	327
220	407
220	524
220	986
221	661
221	772
221	829
221	1252
221	1270
221	1377
222	449
222	908
223	740
223	784
223	1137
224	605
225	403
225	832
225	1064
226	248
226	311
226	353
226	763
226	984
226	1183
226	1251
227	522
227	702
228	390
228	588
228	754
228	1153
228	1162
228	1355
228	1373
229	957
230	560
230	1221
230	1346
230	1377
231	354
231	503
231	695
231	1074
232	359
232	696
233	264
233	359
233	590
233	642
233	1136
233	1396
234	439
234	864
234	1066
234	1349
235	948
235	1157
235	1357
235	1362
237	1043
237	1165
237	1205
238	775
239	292
239	450
239	688
239	702
239	778
239	953
239	1238
240	789
240	828
240	917
240	1346
240	1390
241	597
241	779
241	908
241	969
241	1383
242	1243
243	538
243	620
244	303
244	381
244	1345
244	1356
245	266
245	270
245	442
245	668
245	804
246	371
246	678
246	766
246	828
246	1079
246	1226
247	614
247	798
248	669
248	723
248	933
248	982
248	995
248	1185
248	1253
249	420
249	571
249	1355
250	420
250	463
250	510
250	793
250	905
251	989
251	1311
251	1321
252	308
252	493
252	594
252	730
253	519
253	1080
253	1270
254	745
254	1020
255	285
255	497
255	686
255	704
255	924
255	1044
255	1075
255	1319
256	481
256	666
256	688
257	602
257	650
257	901
257	1026
257	1029
257	1154
257	1301
258	274
259	342
260	303
260	467
261	529
261	777
261	1039
261	1318
261	1359
262	400
262	724
262	808
263	693
264	485
264	756
264	772
264	856
264	1235
265	333
265	422
265	666
265	674
265	1181
265	1194
265	1240
266	347
266	797
266	824
266	1339
267	340
267	536
267	847
267	878
267	899
267	1237
268	1013
269	751
269	1117
270	759
270	818
270	976
270	1074
270	1154
271	1028
272	433
272	598
272	845
273	317
273	1044
273	1138
273	1272
274	281
274	561
274	688
274	908
275	345
275	477
275	786
275	830
275	940
275	1107
275	1114
276	514
276	819
276	1011
276	1045
276	1060
276	1280
276	1370
277	326
277	338
277	429
277	582
277	697
277	1007
277	1134
277	1182
277	1340
278	385
278	743
278	1061
278	1294
279	819
279	1029
279	1182
279	1286
280	616
281	922
281	959
281	1217
282	387
282	470
282	1044
282	1066
282	1309
282	1317
283	404
283	736
283	864
283	988
283	1166
283	1201
284	346
284	543
284	950
284	1337
285	621
285	925
285	977
285	1299
286	1321
287	879
287	1019
287	1326
288	880
288	1156
288	1233
289	381
289	745
289	1047
290	476
290	592
290	850
290	950
290	965
290	1169
290	1171
290	1216
290	1360
291	444
292	474
292	1167
293	1290
294	421
294	428
294	517
295	302
295	998
296	779
296	1061
297	949
297	1280
298	749
298	940
298	1099
298	1219
298	1315
299	725
299	1247
299	1398
300	435
300	1047
301	988
301	1187
301	1372
302	726
302	745
302	1101
302	1245
303	414
303	685
304	357
304	412
304	451
304	682
304	1192
304	1271
305	1246
306	884
306	1228
307	387
307	545
307	567
307	661
307	1029
307	1060
307	1329
308	424
308	451
308	599
308	733
309	1011
309	1012
310	639
310	922
310	941
310	1337
311	502
311	734
311	846
311	985
311	1046
311	1075
311	1140
312	406
312	623
312	892
312	1173
313	1277
314	327
314	410
314	569
314	616
314	1312
315	779
315	1104
315	1291
316	1269
316	1365
317	465
317	613
317	1221
318	1209
319	570
319	702
319	1026
319	1126
319	1134
320	1269
320	1281
321	450
321	638
321	679
321	1074
321	1212
321	1216
322	778
322	894
322	907
322	1357
324	646
324	1203
324	1321
325	1148
326	361
326	389
326	1192
326	1202
326	1334
327	351
327	379
327	539
327	822
327	871
327	1035
328	395
328	844
328	1331
328	1366
329	1236
330	449
330	655
331	342
331	422
331	583
331	820
331	1060
331	1269
332	762
332	910
333	1245
334	521
334	839
335	625
335	975
335	1226
335	1287
336	413
336	512
336	948
336	1060
337	1055
337	1337
338	800
338	938
339	777
339	806
339	1003
339	1281
339	1329
341	558
341	923
342	892
342	1126
342	1335
343	558
343	1161
343	1211
344	597
344	624
344	1236
344	1291
345	380
345	638
345	661
345	777
345	833
345	1290
346	393
346	534
346	1011
346	1018
347	623
347	799
347	926
347	1190
348	580
348	874
348	1046
348	1166
348	1178
349	545
349	893
350	446
350	713
351	1225
351	1384
352	820
352	976
352	1321
353	500
353	697
353	1096
354	720
354	1054
355	1001
355	1142
355	1336
357	382
357	521
357	862
358	501
358	527
358	540
358	805
359	609
359	995
360	795
361	987
361	1233
362	447
362	762
362	822
362	920
362	1045
362	1058
362	1074
363	652
363	1222
364	499
364	1013
364	1055
364	1247
364	1289
365	408
365	659
366	862
366	991
366	1173
366	1268
367	435
367	681
367	780
368	447
368	564
369	465
369	627
369	1353
369	1395
371	979
371	1238
372	1307
373	896
373	1260
373	1375
374	642
374	808
375	602
376	519
376	1150
376	1366
377	783
378	608
378	945
378	1190
378	1211
379	395
379	846
380	629
380	937
380	959
380	1014
380	1332
381	696
381	892
381	1303
381	1360
382	597
382	1365
383	591
383	953
383	1084
384	651
384	678
384	943
384	1174
384	1363
385	636
385	1080
386	771
387	982
387	1242
387	1312
389	1215
390	518
390	657
390	1200
391	789
393	755
393	958
394	400
394	966
394	1076
395	591
395	989
395	1314
395	1319
396	874
396	1198
396	1208
397	437
397	562
397	660
397	941
397	1165
397	1207
397	1218
398	417
398	418
398	567
398	755
398	763
398	922
398	1138
398	1248
399	1205
400	583
401	896
401	1139
401	1167
401	1197
402	812
402	999
402	1240
402	1359
403	408
403	524
403	1119
404	684
404	869
404	1112
405	577
405	1016
405	1083
406	482
406	827
406	1234
407	757
407	768
407	1124
407	1263
408	495
408	632
408	977
408	1008
409	558
409	666
409	969
409	1033
409	1041
410	452
410	1134
411	688
411	779
411	841
411	1282
412	457
412	680
412	762
413	789
413	912
413	1246
413	1258
414	1005
414	1309
415	432
415	787
416	889
416	897
416	946
416	1196
416	1295
416	1348
417	1232
418	843
418	883
418	1337
419	442
419	955
419	1293
420	570
420	865
421	422
421	505
421	596
421	636
421	648
421	824
421	1168
421	1254
422	579
422	687
422	806
422	1319
422	1368
423	521
424	536
424	569
424	625
424	721
424	1095
424	1134
425	765
426	626
427	439
427	1096
427	1112
427	1314
427	1327
428	541
428	962
428	1179
428	1378
428	1388
429	685
430	514
430	842
430	904
431	705
431	1170
431	1224
431	1235
432	527
432	801
432	1107
432	1204
434	672
434	867
434	1098
435	1012
435	1250
436	882
436	899
436	1333
437	812
437	879
437	924
437	969
438	646
438	796
438	1096
439	757
439	1046
439	1231
440	810
440	1203
441	688
441	1197
441	1216
442	791
442	910
442	1320
443	592
443	896
443	1045
443	1326
444	685
444	726
444	925
445	847
445	1359
445	1366
446	832
446	893
447	738
447	860
448	480
448	778
449	1228
450	493
450	665
450	818
450	970
450	1025
450	1185
451	558
451	695
451	1241
451	1264
452	574
452	1284
453	698
453	750
454	847
455	1081
455	1205
456	836
456	912
456	1246
457	758
457	792
457	797
457	1001
458	792
458	997
459	698
459	1070
460	491
461	478
461	804
461	931
461	943
462	717
462	851
462	1150
464	803
464	838
464	910
464	1388
465	515
465	702
465	1015
465	1124
465	1396
466	744
466	955
466	1054
466	1059
467	567
467	719
467	812
467	1378
468	610
468	663
468	868
468	1085
469	572
469	608
469	788
469	972
470	648
470	741
470	932
470	972
471	1182
471	1246
472	616
472	783
472	795
472	869
473	769
473	889
474	512
474	844
474	1188
474	1198
475	502
475	695
475	1138
475	1186
476	591
476	742
476	794
477	546
477	640
477	650
477	803
477	891
477	1152
477	1228
478	491
478	531
478	807
479	707
480	709
481	752
481	890
482	552
482	779
482	844
482	899
482	1180
483	947
483	1384
484	677
484	726
484	752
484	961
484	1323
485	1007
485	1045
485	1093
485	1201
485	1215
486	760
487	629
487	847
487	878
487	1304
488	708
488	930
488	941
488	1129
488	1155
488	1293
489	697
489	801
489	1009
489	1196
490	573
490	1013
490	1028
491	736
491	1141
492	907
492	994
492	1074
492	1257
493	510
493	807
493	962
493	1115
494	668
494	806
494	844
494	1024
494	1231
495	726
495	943
495	1262
496	700
496	1335
497	921
497	1007
498	780
498	808
499	585
499	840
499	875
499	1305
500	516
500	773
500	1266
500	1394
501	520
501	710
502	1197
503	578
503	1093
503	1221
504	697
504	884
504	1042
505	1040
506	793
506	864
506	901
506	1033
506	1165
507	633
507	772
507	857
508	768
508	1205
508	1231
509	1185
510	540
510	978
510	1020
511	820
511	977
511	1341
512	564
512	971
512	1269
513	556
513	1200
513	1217
513	1355
514	526
514	743
514	1089
514	1371
515	879
515	1213
515	1254
515	1294
516	553
516	626
516	1002
516	1231
517	529
517	564
518	624
518	626
518	1008
518	1382
519	540
519	846
519	870
519	884
519	1065
519	1108
519	1120
519	1145
519	1379
520	626
521	624
522	918
522	1152
524	688
524	735
524	1257
524	1316
524	1353
525	1065
525	1379
526	1097
526	1367
527	1369
528	835
528	862
528	1228
529	759
529	922
529	1070
530	1192
531	837
531	1063
532	907
532	1375
533	1086
535	585
536	556
536	1392
537	729
537	1237
537	1251
538	875
538	1079
538	1087
538	1385
539	683
539	714
539	734
540	733
540	770
540	815
540	903
540	955
540	1001
540	1144
541	991
541	1070
541	1218
541	1377
542	1068
543	1121
543	1216
544	1165
544	1214
544	1232
545	1016
545	1048
545	1092
546	935
546	1166
546	1326
547	614
548	700
548	703
548	726
548	1227
549	703
550	1068
550	1263
551	670
551	940
551	1261
551	1300
551	1311
551	1364
552	716
552	966
552	1398
553	867
553	1095
553	1378
554	713
555	650
555	759
556	647
557	1068
557	1074
557	1192
557	1303
558	608
558	1215
558	1266
559	1069
560	578
560	621
560	685
561	1200
562	701
562	1068
562	1388
564	582
564	1266
565	653
565	1335
566	1027
567	1062
568	738
570	598
570	941
570	978
571	777
571	1099
572	807
572	938
574	911
574	1310
574	1372
575	961
575	1232
576	668
576	852
576	1087
576	1268
577	582
577	589
578	652
578	1232
578	1390
578	1398
580	762
580	812
580	951
580	996
580	1302
581	659
581	760
582	606
582	904
583	740
583	782
583	1245
584	699
584	1167
585	647
585	760
586	1246
587	1014
588	1002
588	1039
588	1232
588	1336
589	816
589	1065
590	1280
590	1386
590	1392
591	712
591	1091
592	1111
592	1277
593	1084
593	1335
594	982
594	985
594	1317
595	1027
596	631
596	639
596	662
596	705
597	1342
598	877
599	658
599	835
600	874
600	1283
601	811
601	849
601	973
601	988
602	696
602	893
602	989
603	691
603	726
603	1015
604	1201
605	784
605	857
605	873
605	973
605	1254
605	1265
605	1365
606	645
606	787
606	899
606	1277
607	925
607	1002
607	1132
608	635
608	714
608	783
608	1089
608	1319
609	714
609	1241
610	1037
610	1296
611	708
611	844
612	1137
612	1255
613	1208
613	1257
614	1168
615	741
615	995
615	1132
615	1295
616	729
616	1097
617	634
617	869
617	1089
617	1326
617	1359
618	1159
620	1131
620	1347
620	1357
621	1180
621	1287
622	724
623	821
623	1025
624	1017
624	1329
625	1251
625	1257
626	702
626	925
626	1098
627	1300
628	1047
628	1253
629	830
630	1031
631	639
631	945
631	1047
631	1216
632	752
633	636
633	714
633	772
634	972
634	1059
635	1184
635	1328
636	677
636	1015
636	1047
636	1066
636	1114
636	1244
637	731
638	782
638	1012
638	1339
639	705
639	961
639	993
639	1037
639	1038
639	1091
640	1102
641	910
641	934
641	994
641	1327
643	679
643	813
643	1299
644	900
644	1189
644	1369
645	861
645	1250
646	887
646	1122
648	794
648	1077
648	1399
649	804
650	1131
651	951
652	844
652	958
652	1056
653	952
653	1152
653	1176
656	952
656	1043
656	1135
656	1188
657	743
658	796
658	801
658	1089
658	1213
660	734
660	821
660	972
660	1336
661	1230
662	964
662	978
662	1118
663	937
664	954
664	1068
664	1078
664	1247
665	1029
666	1008
666	1265
668	722
669	1073
669	1216
670	717
670	775
670	1078
671	750
672	849
672	1245
674	851
674	1320
675	992
675	1018
676	742
676	914
676	988
676	993
676	1113
677	686
677	966
677	1110
677	1156
678	829
678	855
678	1304
679	723
679	812
679	968
679	1273
679	1324
681	915
682	875
682	1030
682	1031
682	1160
682	1193
682	1387
684	923
684	1096
684	1242
684	1278
684	1347
685	867
685	897
686	819
686	963
686	1064
686	1252
687	814
687	870
687	1127
687	1312
688	796
688	1239
688	1345
690	990
691	968
691	1359
692	912
692	969
693	985
694	809
694	1096
694	1303
694	1333
695	776
695	1146
695	1315
696	898
696	1378
697	906
697	1303
698	850
698	1198
698	1304
699	940
699	1084
703	787
704	1156
704	1380
705	857
705	1116
706	873
706	930
706	943
706	1222
707	849
707	861
707	949
707	1220
707	1380
708	1311
709	1060
709	1120
709	1257
709	1374
710	1123
711	746
711	1018
711	1190
712	798
712	1386
713	930
713	1006
713	1218
714	794
714	795
714	1356
715	870
715	1300
715	1388
716	882
716	1043
716	1175
716	1180
717	999
717	1005
717	1319
718	1055
719	1065
719	1123
720	1117
720	1284
720	1298
721	746
721	923
721	1228
722	1038
723	817
723	838
723	1060
724	790
724	899
724	1250
725	1043
725	1381
726	1272
726	1292
727	1254
728	955
728	1282
730	986
730	1242
730	1305
731	929
731	1361
731	1382
732	904
732	1209
732	1313
732	1340
733	819
734	1374
737	903
738	1247
739	758
740	846
740	856
741	743
741	751
741	1139
741	1264
742	932
743	805
744	902
744	1241
744	1253
744	1324
745	1001
746	1018
746	1022
746	1248
747	1247
749	853
749	1044
751	1055
752	1110
752	1365
753	840
753	1139
754	878
755	987
756	1066
756	1099
756	1188
757	1148
758	898
758	1284
759	967
759	1092
759	1179
759	1210
759	1267
760	1300
761	820
762	804
762	1166
762	1279
762	1322
763	1076
764	896
764	1013
765	1385
766	1034
766	1245
766	1279
767	908
767	1025
767	1230
768	841
768	1158
769	1110
769	1165
770	991
770	1253
771	783
771	868
771	1074
771	1380
772	878
772	1054
773	943
773	1236
774	1355
775	885
775	961
776	806
776	1326
778	1005
778	1126
778	1204
779	818
779	1117
780	860
780	901
780	1381
781	1063
782	1298
783	870
783	1228
783	1234
783	1261
783	1304
784	842
784	1362
785	940
785	993
787	857
787	1284
788	1288
789	802
789	1041
790	845
790	1085
791	968
791	1115
791	1293
791	1356
792	867
793	880
793	1218
794	825
794	1191
795	827
796	1323
797	888
797	1286
798	1096
799	1006
800	906
800	1017
801	1368
802	906
802	1082
802	1356
804	810
804	832
805	1043
806	1220
806	1272
807	1110
807	1143
807	1230
807	1261
807	1327
808	999
808	1201
810	823
810	1109
811	847
811	967
812	889
812	1291
812	1318
813	935
814	907
814	1227
816	847
816	920
816	922
816	1082
818	1267
818	1389
819	1130
819	1213
820	1046
822	865
822	1192
823	937
823	1024
824	1375
825	846
825	1141
825	1220
827	930
827	967
829	1185
829	1271
829	1346
830	982
830	1072
830	1218
830	1283
831	1158
831	1263
833	891
835	928
835	1233
837	877
837	1096
837	1189
838	939
838	1074
839	1018
839	1369
840	1390
841	877
844	1268
845	1298
845	1388
846	1127
847	1225
848	913
849	1111
849	1149
849	1191
851	976
851	1038
853	895
853	902
854	992
854	1150
854	1203
854	1254
855	1332
857	981
859	930
860	1050
860	1195
860	1356
861	1382
863	1330
864	1273
865	928
865	1186
865	1352
866	904
866	1380
866	1387
867	1091
867	1132
867	1331
868	906
870	1255
871	973
871	1280
873	993
873	1251
873	1309
874	1097
876	964
876	1285
877	882
877	949
877	1009
878	923
879	1035
879	1058
879	1207
880	1083
881	1264
882	1023
882	1092
883	1142
883	1160
883	1357
884	1032
884	1151
885	1069
885	1232
885	1363
886	1017
886	1134
886	1156
887	926
887	1330
887	1373
888	945
890	1229
890	1285
891	1158
891	1168
891	1199
891	1208
891	1272
892	1123
892	1179
892	1315
893	960
893	1094
893	1274
896	978
897	918
897	1239
898	943
898	1220
899	1037
901	1143
903	1291
903	1322
903	1325
903	1383
904	926
905	1030
905	1034
905	1290
906	1174
906	1195
906	1397
907	1253
909	1121
910	1015
910	1195
911	994
911	1366
913	1034
913	1350
914	1318
915	1131
915	1300
915	1343
916	1119
917	1011
917	1044
917	1059
917	1278
917	1329
918	941
918	1334
918	1398
918	1399
920	921
920	999
920	1022
921	1292
922	962
922	1371
923	1106
923	1319
923	1374
923	1388
924	967
924	1057
924	1136
924	1376
925	1322
928	1307
928	1337
929	1136
930	1180
933	1222
933	1369
934	1215
934	1276
935	1129
936	1004
936	1034
936	1100
936	1191
938	1353
941	945
941	973
941	1054
941	1130
942	1263
942	1288
944	999
944	1181
944	1208
944	1301
945	1114
945	1143
946	1350
947	1010
947	1391
949	1317
950	991
951	1063
954	1031
954	1060
954	1191
955	1003
955	1204
958	1062
959	1046
959	1051
959	1144
960	1325
961	1259
963	975
963	1029
963	1156
963	1207
963	1386
964	1315
966	1389
968	1023
968	1177
969	1076
969	1214
970	1334
970	1377
972	1050
973	1101
973	1221
973	1312
974	1294
975	1114
976	1215
977	1389
978	1257
978	1302
980	1079
981	1043
983	1240
985	1088
986	1229
987	1176
987	1178
987	1275
988	1088
988	1112
989	1118
990	1121
990	1317
991	1052
991	1185
991	1344
992	1096
993	1235
993	1376
996	1163
997	1198
997	1269
999	1051
999	1054
1001	1067
1001	1088
1001	1124
1001	1372
1002	1381
1005	1085
1005	1162
1005	1248
1005	1287
1007	1069
1007	1303
1011	1145
1012	1257
1012	1353
1013	1321
1014	1046
1016	1221
1017	1154
1018	1119
1021	1229
1024	1068
1024	1149
1025	1121
1025	1284
1026	1124
1026	1217
1026	1289
1027	1172
1027	1200
1027	1346
1028	1240
1028	1274
1028	1286
1029	1053
1029	1226
1031	1173
1034	1163
1036	1223
1036	1356
1037	1186
1037	1232
1037	1361
1039	1129
1041	1308
1042	1156
1042	1160
1043	1216
1046	1081
1048	1094
1049	1316
1051	1318
1052	1382
1053	1087
1053	1189
1054	1280
1055	1279
1056	1139
1056	1213
1056	1399
1057	1297
1059	1367
1060	1157
1062	1128
1062	1262
1062	1335
1063	1364
1067	1179
1068	1129
1069	1208
1071	1393
1072	1090
1072	1158
1073	1160
1073	1199
1073	1395
1074	1157
1075	1278
1075	1295
1076	1079
1080	1296
1082	1232
1089	1248
1089	1252
1094	1221
1094	1354
1095	1158
1095	1164
1095	1290
1095	1335
1096	1305
1099	1268
1102	1329
1106	1341
1106	1366
1108	1254
1108	1263
1109	1197
1111	1382
1112	1134
1112	1209
1112	1352
1112	1356
1112	1368
1113	1268
1116	1329
1119	1161
1119	1358
1120	1383
1122	1163
1123	1223
1123	1266
1125	1239
1125	1282
1127	1349
1128	1195
1128	1353
1129	1237
1129	1300
1130	1270
1132	1183
1134	1246
1135	1258
1136	1307
1138	1304
1139	1294
1141	1167
1144	1203
1145	1329
1146	1200
1148	1174
1150	1205
1151	1174
1151	1330
1151	1378
1151	1395
1152	1380
1153	1386
1154	1168
1154	1247
1156	1283
1158	1164
1159	1316
1160	1205
1160	1259
1163	1175
1164	1235
1164	1399
1170	1361
1171	1210
1172	1281
1173	1197
1174	1253
1176	1266
1179	1256
1179	1289
1180	1203
1180	1213
1184	1354
1185	1354
1187	1310
1190	1217
1195	1284
1195	1397
1196	1325
1196	1363
1200	1379
1201	1258
1201	1325
1201	1364
1204	1396
1206	1381
1207	1265
1209	1238
1209	1300
1210	1214
1210	1265
1211	1332
1211	1355
1212	1284
1212	1380
1214	1263
1216	1276
1217	1365
1220	1240
1221	1357
1223	1278
1224	1238
1226	1269
1226	1296
1228	1302
1228	1336
1229	1267
1230	1249
1233	1398
1234	1344
1235	1259
1235	1314
1236	1264
1236	1340
1237	1240
1237	1330
1238	1244
1238	1346
1241	1337
1241	1393
1245	1322
1249	1321
1249	1345
1249	1379
1249	1387
1255	1369
1259	1291
1259	1332
1260	1343
1261	1304
1262	1378
1268	1294
1273	1297
1280	1362
1281	1395
1284	1373
1289	1338
1292	1320
1296	1318
1302	1344
1306	1366
1309	1360
1311	1328
1318	1382
1327	1359
1328	1361
1334	1359
1337	1351
1338	1343
1338	1360
1346	1393
1353	1366
1362	1368
1370	1382