0	152
0	244
0	384
0	546
0	683
0	1064
1	358
1	418
1	647
1	1098
2	392
2	520
2	740
2	808
2	853
2	1142
3	14
3	115
3	959
3	1043
3	1225
4	419
5	418
5	464
5	633
5	1242
5	1381
6	288
6	297
6	424
6	442
6	783
6	925
7	644
7	692
7	948
8	213
8	427
8	982
8	1075
8	1349
9	483
9	486
9	817
9	873
9	1163
9	1256
9	1326
9	1393
10	188
10	427
10	729
10	851
10	852
10	1356
11	190
11	429
11	620
12	632
12	1172
12	1201
13	293
13	400
13	824
13	1105
13	1185
14	324
14	1361
15	116
15	143
15	154
16	172
16	180
16	944
16	1168
17	124
17	590
17	795
18	104
18	109
18	110
18	141
18	467
19	621
20	304
20	523
20	806
20	1162
21	925
21	1020
21	1163
22	268
22	396
22	426
22	761
22	834
22	964
22	1023
23	345
23	414
23	824
23	856
23	996
23	1287
23	1319
24	53
24	459
24	620
24	726
24	850
24	909
25	46
25	339
25	397
25	676
25	702
26	204
26	377
26	573
26	629
26	1016
27	346
27	937
27	949
27	1220
28	369
28	440
28	942
28	1155
28	1300
29	338
29	973
29	994
29	1267
30	178
30	220
30	492
30	710
31	949
31	1055
32	356
32	855
32	890
33	315
33	702
33	991
33	1167
33	1205
34	200
34	886
34	1310
34	1341
35	117
35	855
35	959
35	1105
35	1349
35	1371
36	212
36	437
36	581
36	1265
37	377
37	692
37	850
37	1298
37	1380
38	804
38	846
38	1004
38	1099
39	571
39	598
39	1091
39	1150
40	111
40	163
40	305
40	632
40	960
40	1321
41	188
41	191
41	212
41	417
41	630
41	844
41	850
41	1092
41	1245
42	176
42	248
42	1313
43	345
43	734
43	1316
43	1374
44	626
44	717
45	563
45	766
45	907
45	921
45	1269
46	1171
47	75
47	509
47	512
47	715
47	761
48	514
48	630
48	886
48	1202
49	92
49	379
49	1347
50	110
51	80
51	179
51	432
51	1018
52	55
52	300
52	307
52	343
52	570
52	740
52	802
52	1055
52	1316
52	1332
53	506
53	642
53	667
53	768
53	939
53	1278
53	1342
54	253
54	380
54	1215
54	1293
55	267
55	456
55	888
55	1125
55	1306
56	269
56	271
56	600
56	1083
57	97
57	915
58	363
58	823
58	968
58	1068
58	1370
59	278
59	309
59	392
59	772
59	901
59	1145
59	1327
60	1029
61	190
61	296
61	396
61	553
61	721
61	904
61	1078
62	227
62	849
62	1334
62	1356
62	1391
63	175
63	498
63	922
63	1083
64	623
64	740
64	908
64	1323
65	142
65	392
66	208
66	792
67	109
67	111
67	565
67	779
67	931
68	188
68	350
68	676
68	714
68	1103
68	1397
69	211
69	622
69	888
69	915
69	1059
69	1297
70	164
70	292
70	594
70	1322
70	1334
71	273
71	779
71	946
71	1312
72	887
72	1235
73	180
73	831
73	877
73	963
73	1178
74	153
74	263
74	445
74	873
75	420
75	662
75	1124
76	535
76	552
76	827
76	1170
76	1297
77	134
77	179
77	712
77	798
78	983
78	1267
79	144
79	607
79	693
79	728
79	881
79	952
79	985
80	236
80	249
80	275
80	309
80	340
80	1220
80	1396
81	269
81	537
81	785
81	1153
81	1311
81	1357
82	98
82	268
82	330
82	848
82	991
83	560
83	606
83	1169
83	1192
83	1217
84	149
84	510
84	565
84	837
85	426
85	1019
85	1048
86	365
86	385
86	427
86	836
86	1027
86	1165
87	509
87	545
87	556
87	845
87	1117
88	147
88	700
88	840
88	1285
89	712
89	743
89	947
90	384
90	483
90	731
90	735
90	1225
91	465
91	695
91	700
91	729
91	934
91	947
91	1043
91	1227
92	676
92	886
92	951
92	1022
92	1254
92	1298
92	1392
93	244
93	555
93	930
94	298
94	1128
94	1184
95	228
95	533
95	785
95	1232
96	410
96	535
96	797
97	959
97	1161
97	1248
97	1364
98	159
98	381
98	431
98	1007
99	495
99	548
99	886
99	1349
100	336
100	541
100	557
100	646
100	918
100	1038
101	200
101	1348
102	233
102	293
102	1206
103	475
103	517
103	986
103	1253
103	1295
103	1310
103	1391
104	463
104	763
104	1342
105	869
105	1243
106	549
106	923
106	945
107	580
107	743
107	1383
108	182
108	740
108	1043
108	1145
109	283
109	725
109	1005
109	1084
109	1329
111	609
112	436
112	825
113	132
113	197
113	393
113	671
113	950
114	804
114	881
114	1185
115	240
115	860
116	213
116	932
117	305
117	471
117	594
117	923
117	1312
118	131
118	1021
118	1322
119	342
119	394
120	153
120	262
120	990
120	1085
121	894
121	990
121	1157
122	517
123	298
123	425
123	431
123	484
123	800
123	808
123	840
123	857
123	1248
124	138
124	1081
125	637
125	659
125	905
125	1264
125	1371
126	274
126	453
126	730
126	1198
127	286
127	377
127	587
127	718
128	563
128	901
129	214
129	267
129	637
129	674
129	1028
130	736
130	882
130	929
131	605
131	698
131	1347
132	236
132	467
132	470
133	340
133	551
133	720
134	1008
135	513
135	1004
135	1077
135	1091
135	1217
135	1348
136	544
136	636
136	730
136	763
136	1241
136	1371
137	327
137	707
138	328
138	501
138	1259
139	453
139	813
139	1337
140	442
140	897
141	199
141	397
141	968
141	1079
141	1156
142	480
142	604
142	1122
143	200
143	715
144	393
144	524
144	983
145	1182
145	1237
145	1296
146	929
147	152
147	313
147	388
147	718
147	793
147	1203
147	1270
148	338
148	687
148	757
148	844
148	1072
148	1109
149	286
149	1051
149	1282
150	876
150	1133
151	1121
152	1168
152	1390
153	439
153	608
153	712
153	830
153	866
153	1158
154	712
154	1382
155	749
155	802
155	868
155	977
156	232
157	183
157	386
157	470
157	676
157	1099
157	1135
157	1146
157	1257
157	1356
158	442
158	505
158	1232
158	1330
159	233
159	396
159	663
159	684
160	758
160	1183
161	265
161	309
161	398
161	399
161	810
162	388
162	576
162	670
162	872
162	1076
162	1123
162	1255
163	449
163	710
163	743
163	1087
163	1292
164	376
164	484
164	561
164	771
165	255
165	518
165	522
165	907
166	681
166	775
166	880
166	999
167	635
167	904
168	508
168	831
168	871
168	983
168	994
169	630
169	1031
169	1033
169	1201
169	1224
169	1235
170	325
170	952
170	1125
171	324
171	721
171	900
172	714
173	476
173	536
173	789
173	844
173	1220
173	1226
174	408
175	664
175	845
175	1156
175	1368
176	236
176	471
176	999
176	1093
177	286
177	370
177	451
177	678
177	865
177	895
177	935
177	1100
177	1334
178	432
178	469
178	503
178	607
178	868
179	646
179	668
179	739
179	1228
180	415
180	1150
181	378
181	910
182	197
182	460
183	356
183	474
183	885
183	1018
183	1098
183	1267
184	254
184	265
184	380
184	1124
184	1331
185	287
185	384
185	736
185	1020
185	1074
185	1207
186	517
186	1012
187	525
187	608
187	933
187	1258
188	413
188	1286
189	220
189	443
189	794
189	909
189	953
189	1098
189	1205
189	1346
190	382
190	927
190	1114
191	573
191	1080
191	1236
191	1332
192	376
192	638
192	731
192	833
192	988
192	1005
192	1193
192	1245
193	1312
194	1018
194	1084
195	1018
196	563
196	614
196	972
196	1203
196	1338
197	1330
198	1022
199	953
199	1021
200	451
200	622
200	938
201	325
201	334
201	648
201	667
201	774
201	1128
201	1199
202	743
202	981
202	1051
202	1368
203	843
203	1097
204	405
204	564
204	722
205	675
205	908
206	825
207	230
207	262
207	708
207	772
207	773
207	1168
207	1310
207	1314
208	298
208	331
208	637
209	379
210	322
210	404
210	718
210	1314
211	371
211	637
211	760
211	809
211	893
211	1193
211	1328
212	641
212	785
212	835
212	994
212	1122
213	500
213	658
213	1151
213	1219
214	242
214	505
214	691
214	848
214	1250
214	1305
215	359
215	502
215	699
215	1204
216	625
217	318
217	737
218	1078
219	242
219	432
219	579
220	505
220	634
220	637
220	714
220	909
221	344
221	456
222	377
222	956
222	1302
222	1311
222	1333
223	276
223	423
223	888
223	903
223	986
223	1123
224	282
224	495
225	285
226	263
226	339
226	550
226	744
226	894
226	1149
226	1302
227	1063
228	480
228	605
228	746
228	923
229	230
229	248
229	472
229	864
229	1100
229	1242
230	579
230	1000
230	1159
230	1322
231	814
232	360
232	396
232	1056
232	1104
234	476
235	251
235	908
235	936
235	954
235	1204
236	268
236	351
236	637
236	1033
237	1049
237	1257
237	1359
238	429
238	778
238	1179
239	1262
239	1390
240	339
240	1355
241	266
241	341
242	673
242	1189
243	566
243	881
243	972
243	1004
244	718
244	1285
245	1314
246	1350
247	360
247	587
247	888
247	1113
248	708
248	826
248	1322
249	511
249	1245
249	1285
249	1340
250	502
250	523
250	1079
250	1362
251	481
251	946
252	492
252	551
252	562
252	799
252	1118
253	276
253	488
253	664
254	587
254	692
254	833
254	986
255	460
255	834
256	268
256	857
256	1342
257	421
257	792
257	983
257	1066
257	1095
257	1275
258	331
258	664
258	796
258	1029
259	784
259	1037
259	1319
260	937
261	856
261	1105
262	392
262	1107
262	1252
263	282
263	318
263	374
263	1323
264	638
264	671
264	786
264	893
264	1192
264	1268
264	1293
265	595
265	748
265	1394
266	401
266	492
266	1315
267	1126
268	726
268	1138
269	275
269	525
269	596
269	959
269	1052
269	1332
270	671
270	902
270	923
270	1120
270	1123
271	700
271	1071
271	1163
272	592
273	411
273	561
273	927
273	966
273	977
274	529
274	593
274	1023
274	1289
275	688
275	1043
275	1347
276	996
277	409
277	1047
278	670
278	692
279	280
279	1111
280	959
280	1344
281	722
281	875
281	1020
281	1138
282	331
283	461
283	1109
284	556
284	851
284	859
284	1186
284	1284
285	486
285	1100
285	1167
286	525
286	1234
287	451
287	507
287	1069
287	1194
287	1267
287	1289
288	305
288	525
288	984
289	459
289	840
289	1122
289	1367
290	652
290	873
290	988
290	1088
291	506
291	597
291	672
292	712
292	1105
292	1211
292	1364
293	435
293	639
293	990
293	1206
293	1306
293	1374
294	326
295	1078
296	299
296	396
296	673
296	959
297	1367
297	1377
298	1063
299	746
299	756
300	360
301	436
301	508
301	841
302	994
302	996
302	1047
303	595
303	934
303	942
303	1015
303	1064
304	941
304	942
305	325
305	360
305	645
305	1296
305	1301
306	324
306	926
306	1122
306	1196
307	418
307	751
307	1050
307	1165
307	1341
308	947
308	1097
309	647
309	662
309	1156
310	394
310	547
310	950
311	790
311	806
311	1046
311	1312
312	621
312	1165
313	439
313	482
313	728
313	1164
313	1180
313	1231
314	377
314	625
314	767
314	1352
315	1179
315	1262
316	471
316	562
316	705
317	784
317	1211
317	1300
317	1307
317	1369
318	783
318	889
318	1039
319	413
319	740
319	813
319	1272
320	802
321	384
321	812
321	983
321	1356
323	774
323	807
323	980
323	1101
324	1321
325	641
326	700
327	535
327	1300
328	667
328	764
328	832
328	1039
329	539
329	635
329	838
329	1076
330	469
330	870
330	980
330	1387
331	384
331	947
331	1109
332	645
332	715
332	1181
332	1269
333	449
333	592
333	596
333	683
333	785
333	949
333	1032
333	1040
334	894
334	1326
334	1358
335	367
335	713
335	805
335	1113
335	1162
336	421
336	434
336	1089
336	1144
337	707
338	355
338	380
338	519
338	609
338	766
338	865
338	909
338	971
338	1018
338	1195
339	760
340	480
340	1114
340	1283
341	353
341	692
341	1124
342	944
342	1009
342	1222
343	1226
345	500
345	702
345	772
345	956
345	1091
346	748
346	956
346	975
347	357
347	983
347	1390
348	944
348	1027
349	631
349	1182
349	1337
350	587
350	733
350	815
350	1204
351	1173
351	1282
352	515
352	927
353	599
354	570
354	991
354	1330
355	603
355	843
355	1381
356	1064
357	563
357	630
357	677
357	740
357	830
358	433
358	717
358	1055
358	1157
359	963
360	608
360	809
361	1026
361	1266
361	1277
362	778
362	880
363	1214
363	1218
363	1293
364	484
364	570
364	787
364	828
364	1115
364	1248
365	610
365	1224
365	1275
366	448
366	564
366	668
366	797
366	1108
366	1380
367	822
367	1070
367	1195
367	1386
368	1182
369	743
369	767
369	810
369	824
369	958
369	1016
369	1112
369	1182
370	453
370	1017
371	711
371	1101
371	1152
371	1358
372	386
372	695
372	960
372	1054
373	420
373	607
374	582
374	704
374	710
374	1043
374	1330
375	393
375	754
375	859
375	968
377	462
377	531
377	532
377	748
377	1065
377	1108
377	1174
377	1392
378	682
378	757
378	787
378	1012
378	1149
379	671
379	1040
380	410
380	691
380	816
381	457
381	697
381	981
381	1013
381	1026
381	1091
382	997
382	1127
382	1352
383	587
383	1375
384	665
384	692
385	400
385	467
385	627
385	1005
385	1343
386	752
387	752
387	958
387	1056
387	1334
387	1380
388	970
389	798
390	496
390	645
390	811
390	1054
390	1392
391	536
391	1030
392	687
392	719
392	1105
392	1349
394	648
394	661
394	796
394	1299
394	1321
395	925
395	1005
395	1111
395	1338
396	698
396	897
396	1064
396	1147
396	1336
397	1184
398	608
398	1105
398	1368
399	683
399	1254
400	699
400	849
400	886
400	1003
400	1176
400	1254
400	1275
401	721
402	849
403	738
403	763
403	846
403	871
403	1270
404	505
404	1078
404	1286
405	801
405	840
405	1035
405	1137
405	1225
405	1390
406	415
406	663
406	928
406	1126
406	1289
407	508
407	561
407	599
407	686
407	878
407	1348
408	620
409	875
409	1035
409	1217
409	1230
410	565
410	684
410	851
410	1387
410	1398
411	570
412	608
412	821
412	862
413	589
413	614
413	620
413	755
413	928
413	944
413	1185
413	1284
414	504
414	1316
415	570
415	931
415	1371
416	497
416	1399
417	509
417	753
417	965
417	1384
418	614
418	681
419	1083
420	456
420	712
420	831
421	577
421	927
421	1272
422	716
423	1096
423	1103
424	1397
425	479
425	525
425	1176
426	672
426	720
427	447
427	681
427	706
428	728
428	1273
429	932
429	933
429	966
430	812
430	926
431	696
431	761
431	918
432	584
432	603
432	815
432	1099
432	1236
433	1198
434	769
434	824
434	1375
435	1188
435	1266
436	1175
436	1351
437	881
437	1279
438	619
439	715
439	1085
439	1143
440	1131
441	1057
441	1254
442	461
442	523
442	1062
443	847
443	1257
443	1309
443	1387
444	875
444	1059
445	1317
446	1049
446	1357
447	512
447	654
447	951
447	1190
447	1388
448	691
448	711
449	1278
450	571
450	778
451	1314
452	514
452	786
452	929
453	781
454	553
454	637
454	950
454	1397
455	1147
456	681
456	1253
456	1312
457	497
457	541
457	798
457	1002
458	618
458	827
458	940
459	499
459	594
459	1207
459	1255
460	584
460	946
460	1165
461	613
461	818
461	880
461	1309
462	796
463	508
463	1050
464	551
464	1140
464	1229
466	764
467	699
467	1226
468	961
468	1017
469	510
469	857
469	1044
470	529
470	1226
471	492
471	726
471	812
471	1149
472	1253
473	807
473	1218
473	1253
473	1296
473	1317
475	590
475	711
475	1343
476	1088
477	955
478	1007
479	1009
479	1181
480	853
480	880
480	887
480	1044
481	538
481	630
481	1024
481	1127
482	686
482	807
482	1388
483	577
483	593
483	779
483	958
483	1070
483	1286
484	762
484	1028
484	1199
485	512
485	647
485	1063
485	1164
485	1392
486	871
486	1206
487	1098
488	872
488	1047
489	626
489	755
489	1311
490	554
490	1205
491	871
491	1115
491	1381
492	1131
493	1364
494	949
495	1215
495	1342
496	643
496	1163
496	1300
496	1326
497	524
497	556
498	586
498	686
498	741
498	833
499	666
499	1222
500	1003
500	1227
501	683
501	1184
502	703
502	1048
502	1282
503	608
503	1260
503	1365
504	684
504	777
504	1134
504	1335
504	1359
505	541
505	549
505	828
506	1030
506	1238
506	1375
507	670
507	843
507	869
507	937
507	1188
507	1237
508	600
508	968
508	1345
509	966
509	1055
510	626
510	1053
511	589
511	831
511	1251
511	1274
512	790
512	806
512	1053
512	1334
513	707
514	648
514	938
514	1319
515	572
515	1001
515	1126
515	1155
515	1215
516	911
516	1217
517	906
518	944
518	998
518	1328
519	688
519	772
520	1377
521	571
521	587
521	608
521	745
521	1042
521	1093
521	1191
522	811
522	1311
523	590
523	791
523	800
523	1252
525	696
525	1298
526	829
526	838
526	902
527	1110
528	1115
528	1133
528	1192
529	714
529	837
529	1006
529	1313
530	544
531	727
531	1167
531	1398
532	965
532	1277
533	638
533	866
534	664
534	763
534	1160
534	1281
535	603
535	671
535	1160
535	1222
536	1249
537	772
537	1306
537	1327
538	541
538	1071
539	715
539	863
539	1199
540	812
540	1219
541	586
541	1028
541	1306
542	571
542	1119
542	1212
543	775
543	1010
543	1278
544	1120
545	589
545	681
545	785
545	814
545	1360
546	1081
547	632
547	1137
547	1189
548	869
548	1136
549	702
549	813
549	906
550	968
551	767
551	899
551	1148
551	1395
552	685
552	1316
553	589
553	596
553	1047
553	1240
554	1027
556	1012
556	1218
556	1319
557	578
557	624
557	712
558	1006
558	1160
559	647
559	745
559	941
559	1187
559	1359
560	796
562	923
563	1295
564	1041
565	597
566	632
566	647
566	1056
566	1107
566	1284
567	572
567	1215
568	764
568	924
568	1051
569	824
569	1274
569	1322
570	796
570	964
570	1074
570	1173
570	1215
570	1238
570	1309
570	1366
570	1374
572	1127
572	1146
573	691
573	1275
573	1326
573	1330
574	810
574	934
574	1283
574	1346
574	1371
575	628
575	723
575	1042
575	1164
576	1284
577	1376
578	1228
579	851
579	1179
579	1197
579	1292
582	732
582	986
582	1292
582	1312
583	688
583	824
584	684
584	747
584	1144
585	960
585	1172
586	630
586	719
586	1140
587	797
588	632
588	1218
588	1331
589	892
589	934
591	875
592	866
592	1152
593	885
593	1072
594	785
594	993
594	1360
595	766
595	884
595	1124
596	627
596	704
596	928
596	1105
596	1265
598	765
598	982
598	1233
599	782
599	1175
600	1309
601	792
602	868
602	914
602	989
602	1163
603	1006
603	1273
604	826
605	1047
605	1230
606	618
606	1214
608	1188
609	1013
609	1312
611	638
611	771
611	861
611	910
611	992
611	1155
612	1048
614	792
615	646
615	667
615	797
616	942
617	1261
617	1313
618	694
618	872
618	1011
618	1366
619	770
619	870
619	1239
620	1202
622	669
622	880
624	751
624	1120
624	1174
624	1225
625	643
625	1183
625	1362
626	873
626	1246
626	1385
627	650
627	751
627	1110
628	974
628	1323
629	898
629	1064
630	631
630	853
630	883
630	1084
630	1279
632	1077
632	1391
633	649
634	879
635	807
635	1306
635	1309
636	660
636	879
637	1048
638	1180
639	642
639	910
639	1123
639	1219
640	724
641	783
641	1246
641	1261
642	823
642	1174
643	1138
643	1248
644	712
644	1307
644	1345
645	655
645	701
645	830
645	1118
646	924
647	785
647	1065
647	1110
647	1196
647	1327
647	1349
648	1021
649	1258
649	1377
650	1262
651	1003
652	982
652	1013
652	1194
652	1278
653	1326
654	1013
654	1039
654	1092
654	1122
655	690
655	780
655	1126
655	1385
656	1200
656	1251
657	779
658	903
658	1219
658	1316
659	942
659	980
659	1243
660	786
660	1106
660	1263
661	732
661	834
661	894
661	1074
662	979
663	730
663	787
663	799
663	1067
664	754
665	675
665	1182
666	702
667	1180
667	1374
668	710
668	780
668	824
669	1297
669	1382
670	1004
671	704
671	979
672	1133
672	1223
673	1240
673	1289
673	1332
674	736
674	836
675	740
675	902
676	976
677	1044
678	720
678	1021
678	1202
679	701
679	1368
680	1350
681	1262
681	1294
682	759
683	837
683	911
683	933
683	1040
683	1107
683	1309
683	1358
684	880
685	735
686	893
686	936
686	1200
687	1148
687	1160
687	1300
688	1087
688	1372
689	691
689	729
689	1231
689	1365
690	1352
691	695
691	1103
691	1231
692	1335
693	1210
693	1355
694	1185
695	715
695	748
696	1001
696	1144
697	789
697	1054
697	1064
698	809
698	930
699	700
699	780
699	983
700	783
700	1261
701	1241
704	738
704	852
704	876
704	1158
704	1248
705	1220
707	1083
707	1305
707	1339
708	1064
708	1166
709	1064
709	1284
709	1328
709	1380
710	821
710	1155
711	873
713	769
713	905
713	976
715	1112
715	1228
716	1143
717	973
717	1275
717	1283
718	889
719	954
719	981
719	1185
720	1144
721	809
721	999
721	1117
722	788
723	908
723	1095
724	892
724	982
724	1089
724	1098
725	930
725	1137
726	844
726	1005
726	1307
727	1216
728	866
728	953
728	1176
728	1234
729	1198
729	1229
730	936
730	1308
731	752
731	923
731	1385
731	1392
732	743
732	1255
733	1192
734	933
736	910
736	919
737	795
737	1106
738	972
738	1086
740	863
740	1076
741	980
741	1368
742	1158
742	1281
743	1077
744	886
744	1072
744	1290
745	1381
746	786
746	799
746	870
746	922
747	752
748	857
748	905
748	1079
748	1125
748	1172
748	1348
749	761
749	839
750	969
750	1111
750	1283
750	1295
751	1247
751	1282
752	1045
752	1230
752	1280
754	1033
754	1045
754	1078
756	929
756	939
756	1141
757	918
757	1047
758	969
759	886
759	1054
759	1286
760	807
760	1250
761	833
761	901
762	1060
762	1069
764	783
764	1011
764	1369
765	1144
765	1291
766	839
766	843
766	866
766	1078
766	1213
766	1262
766	1288
767	782
767	1397
769	1350
770	1238
772	879
772	1020
773	1238
774	1359
775	792
775	921
775	1169
776	858
777	922
777	1082
777	1281
777	1328
778	779
778	900
779	801
779	1056
779	1294
780	1076
780	1080
780	1290
780	1350
782	1034
782	1158
783	805
783	864
783	940
783	985
783	1133
783	1285
785	1201
786	844
786	900
786	1241
787	1309
788	961
788	1199
788	1238
790	921
790	1077
790	1184
792	925
793	1050
794	1152
795	831
796	1249
796	1364
798	978
799	819
800	854
800	1266
800	1386
801	852
801	1043
802	1258
803	854
803	1265
804	1061
805	906
805	960
806	1132
806	1233
808	1133
808	1134
809	1004
809	1081
809	1149
809	1333
810	962
810	1006
810	1098
810	1103
812	1087
812	1191
814	989
814	1042
814	1047
814	1134
815	1369
816	932
816	965
817	889
817	1210
817	1294
817	1341
819	862
819	1025
819	1238
820	1040
820	1225
821	855
823	1109
824	848
824	1374
825	888
825	1246
826	842
826	995
827	986
827	997
827	1118
827	1212
828	1094
829	1316
829	1392
831	848
831	949
831	1369
831	1387
831	1396
832	856
832	1305
832	1372
833	859
833	1157
835	909
835	992
835	1276
836	1049
836	1065
836	1374
837	894
837	920
837	1107
837	1215
837	1356
838	1079
838	1287
840	908
840	1016
842	1027
842	1247
843	903
843	1258
844	1005
845	1019
845	1246
845	1328
845	1366
846	1249
846	1379
847	978
847	1043
849	1011
849	1165
850	1267
850	1286
851	863
852	859
852	1131
853	1028
853	1111
855	993
855	1156
856	1101
856	1149
858	985
858	992
858	1207
859	913
859	1009
860	1073
860	1104
860	1246
860	1371
861	1026
862	1278
862	1287
863	969
865	881
865	1334
866	979
867	1036
868	965
869	940
869	959
869	1063
869	1300
870	1070
870	1178
870	1208
871	1097
871	1375
872	1300
873	916
873	1269
874	1154
874	1258
876	1239
876	1353
878	889
878	1000
878	1004
878	1395
879	969
879	1006
879	1143
880	1199
882	1137
882	1208
882	1251
882	1317
883	1174
884	1099
884	1378
885	1065
885	1102
885	1116
886	896
886	1237
886	1360
887	917
887	939
887	1053
888	950
889	1065
891	907
891	1270
893	1144
893	1205
895	1242
895	1272
896	1194
898	1325
901	1052
901	1136
903	967
903	1061
904	1149
905	1082
906	1045
906	1200
908	979
910	1108
912	921
913	1106
913	1113
913	1114
915	981
915	1151
916	970
916	1222
916	1373
917	1001
917	1156
917	1337
918	1230
918	1262
921	1029
921	1074
922	1105
922	1276
925	1304
925	1382
926	1141
927	1278
927	1363
930	952
930	1390
931	957
932	1174
932	1269
932	1333
932	1390
933	993
935	1260
935	1288
937	1342
938	1141
939	983
939	1340
940	1146
940	1217
940	1270
941	1271
942	1205
943	1296
944	1104
944	1277
944	1319
945	1255
947	1165
948	1130
948	1168
948	1297
951	1096
951	1142
952	1029
952	1320
953	1306
955	1168
955	1268
955	1298
956	1077
956	1207
959	983
960	1277
961	1024
961	1073
961	1253
962	1014
963	1107
963	1117
963	1195
965	1344
966	1072
968	1179
969	1180
970	1160
971	1297
972	1140
972	1152
972	1306
972	1354
973	1285
975	977
975	1348
977	995
977	1066
978	1198
979	1252
980	1005
980	1107
981	1134
981	1154
982	1391
984	1354
984	1358
987	994
989	1297
990	997
990	1102
990	1199
990	1369
991	1273
993	1067
993	1096
993	1144
993	1232
994	1209
994	1236
994	1392
995	1143
995	1332
995	1393
996	1267
997	1252
997	1351
997	1369
998	1007
998	1016
998	1034
999	1090
999	1206
999	1307
1000	1158
1002	1021
1002	1172
1003	1365
1005	1347
1006	1058
1007	1285
1008	1037
1008	1049
1012	1029
1014	1269
1016	1076
1016	1306
1016	1361
1018	1293
1019	1198
1021	1052
1021	1168
1022	1083
1022	1328
1024	1154
1025	1366
1026	1389
1027	1043
1027	1265
1027	1381
1028	1150
1029	1117
1030	1380
1032	1046
1032	1199
1033	1137
1036	1185
1037	1348
1037	1379
1038	1224
1041	1080
1041	1139
1042	1286
1043	1051
1043	1393
1044	1386
1048	1126
1049	1353
1049	1387
1051	1145
1054	1081
1054	1192
1054	1380
1059	1113
1059	1195
1060	1272
1061	1144
1062	1115
1062	1258
1062	1259
1063	1184
1063	1317
1063	1386
1066	1095
1066	1301
1069	1293
1071	1097
1071	1223
1072	1373
1072	1380
1073	1107
1073	1116
1074	1090
1075	1076
1077	1213
1077	1297
1078	1120
1078	1157
1081	1101
1081	1283
1082	1178
1083	1109
1087	1176
1088	1228
1088	1336
1088	1357
1090	1187
1092	1375
1094	1307
1095	1243
1096	1107
1098	1137
1098	1153
1098	1325
1098	1336
1101	1220
1103	1207
1103	1313
1103	1385
1104	1171
1104	1299
1106	1136
1106	1363
1107	1295
1107	1395
1108	1140
1108	1281
1109	1251
1112	1332
1112	1396
1115	1180
1118	1300
1120	1159
1121	1264
1123	1232
1125	1266
1126	1184
1126	1301
1126	1337
1127	1321
1128	1182
1128	1346
1129	1339
1129	1399
1131	1151
1131	1317
1133	1251
1134	1199
1134	1386
1135	1168
1135	1234
1137	1151
1138	1148
1138	1370
1142	1244
1142	1245
1142	1387
1143	1215
1146	1372
1148	1180
1148	1344
1149	1263
1150	1216
1150	1372
1151	1246
1154	1281
1155	1361
1156	1277
1157	1292
1157	1343
1158	1237
1159	1311
1161	1344
1162	1319
1167	1204
1171	1328
1171	1338
1176	1355
1176	1379
1177	1201
1178	1193
1180	1301
1182	1341
1182	1368
1185	1201
1189	1221
1190	1236
1191	1283
1191	1295
1191	1318
1191	1384
1192	1385
1193	1233
1194	1236
1195	1233
1200	1282
1201	1208
1201	1260
1201	1310
1204	1246
1206	1259
1206	1299
1209	1291
1210	1294
1211	1338
1213	1336
1215	1373
1217	1286
1217	1310
1220	1327
1221	1332
1222	1231
1223	1382
1226	1311
1227	1235
1227	1324
1227	1399
1229	1289
1230	1342
1234	1363
1236	1390
1239	1380
1240	1294
1242	1316
1242	1383
1242	1386
1245	1311
1245	1336
1245	1375
1247	1388
1249	1261
1249	1357
1250	1346
1251	1384
1253	1339
1257	1341
1258	1312
1263	1355
1272	1360
1274	1369
1276	1355
1276	1367
1279	1322
1281	1335
1283	1356
1285	1295
1285	1376
1285	1390
1289	1325
1292	1300
1295	1330
1295	1343
1295	1389
1297	1354
1299	1368
1300	1326
1300	1345
1302	1385
1303	1367
1310	1322
1311	1381
1313	1385
1319	1352
1323	1353
1325	1363
1332	1374
1336	1345
1348	1369
1351	1369
1357	1394
1359	1382
1363	1380
1375	1397
1380	1396