0	23
0	268
0	625
0	1068
1	655
1	983
2	10
2	21
2	91
2	660
2	900
2	1207
3	41
3	194
3	1206
3	1222
4	338
4	823
4	888
5	830
5	1195
5	1215
6	455
7	342
7	418
7	468
7	532
7	549
7	729
7	909
8	16
8	385
8	1205
8	1331
9	158
9	360
9	448
9	648
9	762
9	956
10	116
10	244
10	799
10	1079
10	1222
11	306
11	527
12	468
12	592
12	687
12	1102
12	1127
13	107
13	532
13	578
13	1012
13	1341
14	560
14	978
14	1163
15	39
15	330
15	643
15	1156
15	1224
16	470
16	496
16	547
16	652
16	681
16	1061
16	1315
16	1351
17	957
17	1000
17	1024
17	1233
18	29
18	576
18	1085
18	1189
19	238
19	458
19	582
19	1061
20	159
20	407
20	418
20	947
21	239
21	1129
22	604
22	990
22	1009
22	1032
22	1065
22	1116
22	1360
23	276
23	292
23	571
23	1202
23	1220
23	1318
24	109
24	876
24	979
25	43
25	69
25	693
25	908
25	917
25	996
25	1023
25	1175
25	1393
26	776
26	1054
27	56
27	249
27	382
27	803
27	848
28	195
28	249
28	478
28	1361
29	529
29	1209
29	1238
30	1184
31	383
31	847
31	1194
31	1284
32	333
32	417
32	575
32	1115
33	92
33	318
34	659
34	707
34	1128
35	270
35	306
35	859
36	687
37	116
37	902
37	1026
37	1284
38	159
38	359
38	736
39	108
39	1268
40	202
40	329
40	461
40	869
40	920
40	967
40	1279
41	328
41	456
41	888
41	1124
41	1168
42	194
42	429
42	939
42	963
42	1286
43	1223
43	1273
44	290
45	843
46	84
46	125
46	1018
46	1247
46	1356
47	474
47	533
47	983
47	1139
48	395
48	410
48	431
48	793
48	860
48	1183
48	1248
48	1363
49	170
49	340
49	583
49	763
49	944
50	80
50	170
50	541
50	781
50	1101
50	1152
51	453
51	828
51	1323
52	112
52	141
52	221
52	326
52	1163
52	1320
53	82
53	159
53	183
53	348
53	1013
53	1243
53	1380
54	166
54	865
55	524
55	1178
55	1189
56	151
56	560
56	699
57	123
57	172
57	319
57	324
57	834
57	1262
57	1322
58	362
58	661
58	914
58	1074
58	1169
58	1346
58	1350
59	121
59	168
59	416
59	758
59	797
59	1078
60	119
61	136
61	375
61	967
61	1111
61	1160
62	377
62	783
62	793
62	842
62	1105
63	72
63	504
63	525
63	825
63	1180
64	935
64	1337
65	231
65	328
65	1091
66	257
67	431
67	534
67	982
67	1068
67	1312
68	316
68	788
68	1177
69	70
69	442
69	458
70	142
70	193
70	524
70	591
70	622
70	1219
71	197
71	779
71	907
72	113
72	116
72	384
72	404
73	156
73	327
73	345
73	407
73	453
73	500
73	593
73	1110
73	1133
74	116
74	152
74	222
74	238
74	537
74	1105
74	1310
75	840
75	917
75	999
75	1022
75	1056
75	1399
76	664
76	876
77	292
77	321
77	403
77	760
77	790
77	1242
77	1343
78	447
78	505
78	567
78	794
78	1088
79	171
79	174
79	1086
79	1201
79	1355
80	995
80	1063
80	1299
80	1327
80	1377
81	177
81	462
81	592
81	1038
82	203
82	621
82	762
83	258
83	408
83	662
83	711
83	717
83	911
84	438
84	495
84	588
84	646
84	939
84	1050
84	1068
85	288
85	914
85	932
85	1099
86	354
86	692
86	695
86	1359
87	196
87	234
87	763
87	1088
88	278
88	297
88	333
88	784
88	868
88	916
88	1033
88	1332
89	332
89	568
89	630
89	1267
90	165
90	166
90	590
90	1153
91	865
92	229
92	296
92	688
92	788
93	158
93	169
93	627
93	639
94	120
94	208
94	233
94	319
94	681
94	1340
95	820
96	328
96	516
96	573
96	576
96	676
96	1145
96	1208
96	1275
97	283
98	219
98	807
98	1021
98	1043
99	125
99	463
99	529
99	1343
100	601
100	624
100	1276
100	1367
101	219
101	500
101	592
101	1392
102	963
102	964
102	1176
103	128
103	440
103	495
103	635
103	911
103	1211
104	282
104	403
104	659
104	1357
105	206
105	217
105	321
105	356
106	1162
106	1224
106	1284
106	1338
107	378
107	379
107	982
107	1159
107	1383
108	385
108	565
108	878
108	1098
109	1227
109	1347
110	450
110	466
110	528
110	780
110	980
110	1125
110	1376
111	638
111	751
111	793
112	491
112	506
112	1386
113	223
113	472
114	920
115	637
115	703
115	976
116	142
116	603
116	633
116	1201
116	1314
117	653
117	1053
117	1185
117	1302
118	128
118	654
118	794
118	1271
119	164
119	296
119	368
119	598
119	1235
120	355
120	677
120	755
120	1303
121	344
121	634
121	661
121	1137
122	524
122	653
122	689
122	1168
122	1385
123	552
123	592
123	746
123	907
124	1179
125	599
125	734
125	1270
126	1020
127	369
127	598
127	698
127	948
127	999
127	1242
128	426
128	1113
129	376
129	1156
130	351
130	530
130	575
130	623
131	545
131	769
131	780
131	789
131	827
131	1246
132	567
132	754
132	794
132	903
132	1166
132	1222
132	1281
133	140
133	488
133	638
133	922
133	1135
134	1233
134	1369
135	329
135	558
136	928
136	1045
137	940
137	1043
138	231
138	304
138	947
138	1007
138	1088
138	1245
138	1362
138	1365
138	1391
139	153
139	438
139	476
140	165
140	1089
140	1163
140	1398
141	776
141	781
141	846
142	935
143	293
143	421
143	547
143	733
144	334
144	814
144	859
144	944
144	958
145	179
145	657
145	687
145	827
145	1013
145	1125
146	632
146	747
146	802
146	1131
146	1287
147	820
147	1149
147	1318
148	352
148	390
148	889
148	1131
149	653
149	698
149	781
149	1041
149	1334
150	224
150	263
150	1136
150	1229
151	446
151	621
151	801
151	1020
152	270
152	475
152	822
152	885
152	1161
152	1347
153	311
153	324
153	434
153	711
153	854
153	873
153	1216
154	492
154	1002
154	1100
154	1163
155	470
155	492
155	534
155	954
155	1223
156	949
156	960
157	160
157	458
157	673
157	676
158	1337
159	261
159	282
159	419
159	492
159	735
160	245
160	807
160	1245
160	1386
161	757
162	182
162	330
162	538
162	1061
162	1221
163	217
163	346
163	654
163	920
163	974
163	1165
164	362
165	295
166	240
166	357
166	662
166	932
166	1206
166	1207
166	1267
167	220
167	443
167	879
168	186
168	584
168	810
168	1025
169	697
169	1019
170	968
170	1124
170	1242
171	462
171	812
171	1150
171	1266
171	1389
172	765
173	263
173	700
173	1229
174	430
174	616
174	686
174	843
175	218
175	449
175	1344
175	1395
176	745
176	1349
177	647
177	1029
177	1247
178	685
178	1292
178	1375
179	480
179	1264
180	364
180	493
180	952
180	1000
181	284
181	552
181	607
181	798
181	837
182	218
182	386
182	693
182	1005
182	1173
183	788
183	1172
184	423
184	959
184	1085
184	1380
185	1373
186	239
186	314
186	486
186	531
186	620
186	828
186	1050
186	1357
187	352
187	1033
187	1092
187	1203
187	1242
188	809
188	882
188	1236
189	432
189	586
189	716
189	874
189	876
189	1169
190	258
190	398
190	508
190	629
190	1316
191	1029
191	1144
191	1193
192	208
192	939
192	1069
192	1207
193	579
193	1277
194	493
194	1182
194	1263
195	821
195	837
196	339
196	378
196	1013
196	1276
197	552
197	1244
198	685
198	956
199	340
199	988
199	1047
199	1071
199	1117
199	1142
200	535
200	661
200	875
200	1140
200	1141
200	1219
200	1391
201	682
201	717
201	869
201	1168
202	420
202	436
202	870
202	950
202	1022
203	632
203	659
203	1161
204	469
204	494
204	934
204	960
204	1106
204	1234
204	1359
205	685
206	751
206	1282
207	228
207	343
207	1070
207	1183
208	210
208	602
208	855
208	993
208	1002
208	1198
209	381
209	843
209	901
209	1122
209	1362
210	1385
211	282
211	616
211	692
211	824
211	1029
212	513
212	738
212	1152
212	1366
213	371
213	478
213	483
213	843
213	909
213	1297
214	236
214	922
214	1025
214	1176
215	302
215	544
215	892
216	582
217	591
217	771
217	864
218	228
218	858
218	1093
219	327
219	678
219	836
219	1346
220	305
220	490
220	742
221	320
221	590
221	856
221	1244
222	360
222	569
223	381
223	616
223	699
223	811
223	993
223	1354
224	292
224	732
224	749
224	901
224	922
224	1192
224	1309
225	977
226	526
226	771
226	847
226	907
226	1031
226	1214
227	256
227	262
227	295
227	503
227	653
227	738
228	465
228	715
228	938
228	1242
229	442
229	482
229	676
229	804
229	1148
229	1256
229	1360
230	479
230	674
230	734
230	905
230	1189
230	1299
231	1198
232	410
232	966
232	1036
233	384
233	530
233	944
233	1183
233	1291
234	451
234	949
234	1051
234	1211
234	1367
235	651
235	719
235	803
235	1014
236	885
237	814
237	851
237	1061
238	481
238	1399
239	285
239	323
239	438
239	1065
239	1167
239	1183
240	838
240	1019
241	557
241	822
241	1317
242	377
242	488
242	651
242	878
242	993
242	1237
243	994
243	1017
243	1265
243	1394
244	282
244	680
244	712
244	749
244	946
245	345
245	945
245	1003
245	1183
246	385
246	1040
246	1049
246	1219
247	492
247	1326
248	720
248	1079
248	1150
249	683
249	1232
250	366
250	379
250	1002
250	1163
251	348
251	511
251	726
251	1050
251	1140
252	446
252	677
252	1179
253	819
253	906
253	1369
254	305
254	517
254	631
254	753
254	1069
254	1188
255	455
255	701
255	746
255	853
256	546
256	849
256	892
257	339
257	489
257	538
257	787
257	1053
257	1312
258	601
258	777
258	1056
259	651
260	444
260	486
260	1331
261	513
261	1232
262	540
263	497
263	777
263	1116
263	1178
264	596
264	689
265	921
266	406
266	840
266	859
266	1351
267	675
267	768
267	778
267	924
268	382
268	841
269	286
270	367
270	467
270	629
270	798
270	986
271	688
271	719
271	1128
271	1330
272	564
272	892
273	396
273	657
274	536
274	787
274	1278
274	1383
275	277
275	898
275	917
275	1200
275	1271
275	1318
276	342
276	611
277	610
277	895
278	323
278	494
278	1295
279	649
280	387
280	458
280	1293
281	473
281	798
281	902
282	317
282	907
282	995
283	508
283	1019
283	1381
283	1395
284	430
284	539
284	544
284	1189
285	447
285	673
286	318
286	573
286	607
286	613
286	810
286	906
286	1113
287	524
287	974
287	1018
287	1120
288	289
288	554
288	949
288	1243
289	567
289	652
289	844
289	1362
290	439
290	650
290	1153
291	412
291	668
291	790
291	867
291	1158
292	363
292	644
293	630
294	394
294	1120
294	1164
294	1397
295	365
295	592
295	599
295	1378
296	1337
297	305
297	449
297	686
297	698
297	974
297	1150
298	573
298	942
298	1379
299	861
299	1363
300	403
300	607
301	568
301	642
301	809
301	1066
301	1138
302	473
302	761
302	788
302	802
302	1096
302	1150
303	668
304	425
304	692
304	1148
305	1069
305	1235
305	1267
305	1381
306	957
306	1023
307	369
307	498
307	515
307	994
307	1160
307	1207
308	830
308	927
308	1018
308	1285
309	834
309	1133
309	1379
310	379
310	1395
311	314
311	481
311	880
312	1166
313	840
313	987
314	502
314	717
314	1004
314	1225
315	703
315	733
315	899
315	989
315	1394
316	635
316	692
316	1091
316	1199
316	1218
317	972
319	445
319	640
319	850
319	992
320	580
320	866
320	1291
321	597
321	602
321	1213
321	1271
321	1399
322	388
322	791
322	865
322	1190
323	418
323	1370
324	474
324	692
324	741
324	877
324	1169
325	847
325	1235
326	416
326	870
326	1037
326	1216
327	482
327	511
327	1153
327	1345
328	359
328	1113
328	1216
329	335
329	471
329	709
330	431
330	476
330	531
330	635
330	869
330	1224
330	1268
331	648
332	472
332	647
332	687
332	912
332	980
332	1000
332	1357
333	678
333	1352
334	834
334	1076
335	1148
336	511
336	557
336	887
336	1020
336	1276
337	369
337	539
337	783
337	1075
337	1185
338	1027
338	1223
339	646
339	1011
340	1230
341	446
341	911
341	999
341	1011
341	1236
342	601
342	636
342	1008
343	717
343	830
343	901
343	1030
343	1289
344	660
345	622
346	518
346	1004
346	1070
347	690
348	359
348	466
348	471
348	495
348	1067
349	613
349	692
349	921
349	1251
350	668
350	751
350	1213
351	612
351	641
351	744
351	944
351	1276
351	1330
352	374
352	913
353	438
354	369
354	967
355	828
355	1203
356	884
356	930
356	1298
357	971
357	1049
357	1077
358	391
358	445
358	588
358	774
358	1016
358	1355
359	1007
359	1033
359	1241
360	556
360	726
360	851
361	402
361	757
361	786
361	808
361	1181
362	817
363	621
363	1005
364	497
364	653
364	1088
364	1178
365	668
365	689
365	729
366	844
366	1331
367	443
367	519
367	535
367	715
367	1158
367	1172
367	1224
368	906
368	937
368	1225
368	1345
369	659
369	1098
369	1168
370	417
370	1144
371	835
372	486
372	794
373	431
374	496
374	612
374	1296
375	1121
376	954
377	1108
377	1311
377	1370
378	399
378	493
378	640
378	804
378	1239
380	806
381	1134
382	428
382	487
382	765
382	844
382	1324
383	716
383	1130
384	482
384	785
384	888
384	1218
385	440
385	695
385	1378
385	1384
386	770
386	1172
386	1342
386	1373
387	1260
388	418
388	826
389	579
389	769
389	903
389	1192
390	522
390	899
390	1119
391	421
391	572
392	972
392	983
393	484
393	569
393	864
393	1243
394	828
394	1049
395	489
395	587
395	670
395	784
395	961
395	1008
395	1036
395	1389
396	609
396	620
397	782
397	902
397	1191
398	835
398	901
398	1029
399	992
399	1142
400	1126
400	1160
400	1294
401	799
402	881
403	590
403	754
403	856
403	1044
403	1190
404	751
404	882
405	495
405	682
405	741
405	980
406	754
406	931
407	570
407	812
407	905
407	1054
407	1351
408	595
408	654
408	669
408	1035
408	1060
408	1325
409	455
409	585
410	442
410	675
410	724
410	1043
410	1174
411	678
411	958
412	727
412	1191
413	448
414	415
414	709
415	809
415	950
415	1166
416	1343
417	499
417	812
417	1119
417	1271
418	746
418	913
419	894
419	968
419	1326
420	433
420	1237
420	1255
421	1144
421	1195
421	1321
422	1313
423	613
423	1021
424	498
424	1090
424	1254
424	1314
426	472
426	926
426	948
426	985
427	994
428	472
428	1109
429	658
429	676
429	785
430	1153
431	614
431	877
432	679
432	729
432	971
432	1312
432	1390
433	1229
434	807
434	909
434	1058
434	1225
434	1324
435	765
435	945
437	578
437	631
437	955
438	838
438	1061
438	1110
438	1128
438	1188
438	1358
438	1386
439	699
439	724
439	904
439	979
440	671
440	1204
440	1210
440	1284
441	445
441	456
441	895
441	940
442	469
442	876
442	938
442	1063
442	1068
443	702
443	784
443	962
443	1051
444	469
444	574
444	1290
445	764
445	887
445	1221
446	1238
446	1324
447	975
447	1010
447	1118
448	894
448	1305
449	1158
449	1216
450	559
450	1066
450	1190
451	617
451	1388
451	1391
452	1105
453	533
453	708
453	979
453	992
453	1223
453	1225
453	1236
453	1241
454	471
455	471
455	660
455	666
455	704
455	831
455	954
455	1227
455	1260
456	584
456	598
456	610
456	695
456	875
456	1012
456	1043
457	621
457	993
457	1026
458	934
458	1262
459	829
459	1089
459	1191
459	1272
460	554
460	625
460	1259
461	737
461	1395
462	895
462	1263
462	1275
462	1385
464	483
464	808
464	924
464	948
464	1063
464	1123
464	1297
465	1032
466	634
466	858
466	961
466	972
466	1017
466	1223
466	1234
468	852
468	925
469	584
470	505
470	532
470	629
470	695
470	877
471	522
471	770
471	888
471	1073
472	605
473	1249
474	1090
475	892
475	909
476	668
476	850
476	938
476	1061
476	1202
477	479
477	577
477	994
477	1375
478	1060
479	752
479	1080
479	1143
480	529
480	594
480	666
480	1049
480	1102
480	1249
481	734
481	839
481	1003
481	1145
481	1218
481	1387
482	676
482	690
482	924
482	928
482	1153
482	1242
483	556
483	690
483	696
483	1103
483	1143
484	1091
484	1363
485	1050
485	1112
485	1215
485	1258
486	540
486	592
487	496
487	889
489	698
489	752
490	505
490	881
490	994
490	1177
491	785
491	1031
492	729
492	968
492	1065
493	539
493	1190
494	617
494	784
494	968
494	1086
494	1150
494	1289
495	1318
495	1374
496	719
496	1149
496	1243
496	1292
497	946
498	645
498	670
498	1143
499	1233
500	880
500	1387
501	537
501	1064
501	1289
502	837
502	1167
503	1034
504	574
504	722
504	800
504	808
505	981
505	1022
505	1083
505	1194
505	1392
506	558
506	699
506	1181
507	587
507	911
507	1394
508	1124
509	711
509	1132
509	1172
510	999
510	1316
511	588
511	1381
512	933
512	1111
513	1102
514	1121
515	1011
515	1233
516	687
516	712
516	1189
516	1282
516	1321
517	939
517	982
518	790
518	1040
518	1106
519	968
520	671
521	694
521	1019
521	1077
521	1314
522	553
522	614
522	674
522	689
522	711
523	904
524	1116
525	699
525	817
525	850
525	930
525	1328
526	868
526	1001
526	1131
527	947
527	1318
528	622
528	714
528	1286
528	1383
529	853
529	1309
530	876
531	589
531	719
532	566
532	1169
533	989
533	1207
534	1131
535	1154
535	1238
536	673
536	1171
536	1235
538	1135
538	1159
539	727
539	864
539	894
539	1186
539	1188
540	555
540	770
540	854
540	1023
540	1091
541	746
541	1009
541	1063
542	849
543	625
543	800
543	1099
544	722
544	783
544	785
545	738
546	734
546	766
546	811
546	964
546	1089
546	1245
547	576
547	586
547	1119
547	1341
548	1214
549	1121
549	1239
549	1295
550	773
551	814
552	733
552	1142
552	1201
552	1206
552	1284
553	730
554	615
554	826
554	1040
555	627
555	724
555	1060
555	1107
555	1376
556	595
556	647
556	1102
556	1283
557	770
557	833
557	847
557	1293
557	1377
558	738
558	837
558	1195
559	592
559	736
559	868
559	1295
559	1360
559	1382
561	594
561	675
561	1197
561	1328
562	1098
563	1363
564	899
564	980
565	838
565	852
565	920
565	1085
565	1116
565	1140
566	619
566	943
566	988
566	1293
567	751
567	819
568	1295
569	946
569	1387
570	816
570	1010
570	1370
571	604
571	827
571	1002
571	1232
572	782
572	844
572	957
572	1144
572	1228
573	621
573	1291
574	1110
575	610
575	842
576	622
576	782
577	775
577	836
577	1396
578	777
578	1027
578	1132
578	1312
578	1358
579	594
579	864
579	1052
580	878
580	1078
580	1226
581	792
582	1090
583	1085
583	1201
584	893
584	959
585	612
585	627
585	675
585	957
586	1289
587	601
587	934
587	1034
587	1396
588	1057
588	1082
589	601
590	991
590	1199
590	1273
590	1360
591	874
591	1049
591	1222
592	1302
593	991
593	1315
594	658
595	661
595	1200
595	1251
597	732
597	806
597	964
597	1082
598	822
599	835
599	1024
600	843
600	1042
600	1285
601	811
601	1375
602	1333
603	613
603	661
603	1187
604	1102
604	1262
604	1390
605	1100
606	669
606	937
607	1002
607	1268
608	1398
609	1075
609	1077
610	900
611	816
611	1289
612	1089
612	1164
613	622
613	651
613	1109
614	663
614	1232
615	1094
615	1273
615	1275
616	635
616	840
616	1166
616	1189
616	1221
617	1118
618	1379
619	1207
620	743
620	1043
620	1058
620	1154
621	733
621	794
621	1138
622	1091
623	683
623	918
623	1340
624	693
624	840
624	1087
625	749
625	1090
625	1147
625	1296
625	1307
626	970
628	996
629	1312
630	814
630	938
630	1320
631	1173
632	776
633	654
633	893
633	1146
634	1248
634	1336
634	1380
635	1162
635	1321
636	880
636	981
636	1013
636	1079
636	1219
636	1333
637	658
637	1077
637	1331
637	1368
638	897
639	646
639	953
639	1074
639	1344
639	1381
640	677
640	875
641	798
641	879
641	1065
642	673
642	948
642	1069
642	1260
643	897
643	1020
643	1054
643	1239
644	656
644	703
644	832
645	1194
645	1389
646	805
646	1090
647	731
649	1268
650	818
651	807
652	1375
653	762
653	866
653	1364
654	747
654	918
655	1117
655	1139
656	780
656	900
656	955
656	1062
656	1228
656	1381
657	943
657	1150
657	1332
658	996
658	1102
660	1240
661	938
661	990
661	1291
662	724
662	730
662	740
662	848
663	753
663	955
663	1366
664	704
664	736
664	861
664	877
664	1188
665	669
665	755
665	1076
665	1200
665	1301
666	756
666	1138
666	1325
667	779
667	1166
668	776
668	934
668	1259
668	1327
669	696
669	746
669	1166
669	1306
670	711
670	1238
672	821
672	832
672	862
673	1339
675	715
675	800
675	838
678	853
679	1131
680	755
680	997
680	1003
680	1280
680	1288
681	956
681	1012
681	1066
681	1098
681	1314
682	1269
683	933
683	1070
684	742
684	1389
685	1382
686	1057
686	1324
686	1332
687	1181
688	697
688	1158
689	716
689	842
689	1027
690	929
690	1008
690	1010
690	1395
691	1022
692	721
692	835
692	1163
693	696
693	803
693	1057
693	1118
693	1170
695	773
695	1380
696	799
696	854
696	860
696	889
696	1333
697	870
698	760
698	858
698	953
698	1332
699	760
699	957
700	826
700	1019
701	791
701	1004
701	1218
701	1255
702	823
702	949
702	957
702	1288
702	1370
703	768
703	1027
703	1111
703	1170
704	725
704	978
704	1033
705	728
705	861
705	1082
705	1132
705	1226
706	1273
707	979
707	1048
708	733
708	743
708	1017
708	1084
708	1295
708	1370
709	1290
710	757
710	1208
711	1103
711	1347
712	819
712	950
713	1123
715	896
715	1060
715	1220
715	1226
716	1237
716	1390
717	734
717	1016
717	1171
718	794
718	842
718	1125
718	1391
719	1126
719	1328
720	834
721	1284
721	1294
722	1087
722	1216
722	1251
723	1252
724	842
724	1062
724	1221
726	1185
727	994
727	1010
727	1110
727	1395
728	1141
728	1276
729	1204
729	1304
730	1121
730	1177
731	973
732	954
732	1121
732	1221
733	796
733	1168
734	996
734	1235
734	1254
734	1346
736	903
736	980
736	1012
736	1291
737	891
737	984
737	1219
738	872
738	1297
739	799
739	1005
742	773
742	847
742	1079
742	1235
742	1359
743	1135
743	1371
747	1217
747	1270
747	1350
748	995
748	1330
749	1094
749	1373
750	754
750	1267
751	758
751	1158
751	1376
752	887
753	1129
754	855
754	1226
755	1124
755	1314
757	1299
758	811
759	796
759	800
759	1116
760	904
763	1024
763	1058
763	1301
764	1180
765	1287
766	954
766	1112
767	966
767	1376
769	877
769	1066
769	1357
770	991
770	1343
771	1260
772	1173
772	1398
773	1114
773	1335
775	998
775	1263
775	1370
776	1198
776	1396
777	878
778	1336
779	878
779	1194
780	877
780	980
781	880
781	935
782	887
783	819
783	1130
783	1153
784	950
784	1036
784	1111
784	1193
784	1243
785	881
787	793
787	968
787	1327
789	1249
790	1038
791	994
791	1325
792	1053
792	1060
792	1113
792	1377
794	848
794	862
794	959
794	1057
794	1319
795	1079
795	1187
795	1380
796	1094
798	850
798	1045
799	873
799	889
800	1348
801	882
801	937
802	879
802	1078
802	1143
802	1157
803	989
803	1072
803	1398
805	1348
808	886
809	1179
809	1337
810	941
810	1098
810	1137
811	1252
812	1387
813	1019
814	828
814	1024
814	1173
814	1335
814	1370
815	931
815	1382
817	1108
817	1272
817	1302
817	1304
817	1352
818	1115
818	1221
819	1097
820	955
821	1216
822	1311
822	1350
823	1036
823	1088
825	1365
827	1235
828	919
828	1193
829	1008
830	1068
831	857
831	948
831	1285
832	991
832	1238
833	838
833	858
833	1001
833	1015
833	1072
833	1112
833	1242
833	1302
834	920
834	1259
835	964
837	1367
839	1245
840	920
840	1267
842	930
842	1082
843	903
843	925
844	913
844	1301
844	1312
845	1104
845	1248
847	1092
848	1114
849	1372
850	905
850	959
851	889
852	1287
852	1329
852	1378
853	1397
854	974
855	896
855	906
855	1138
856	903
856	988
856	1141
856	1204
856	1216
856	1244
857	902
857	1122
857	1360
859	1395
860	881
861	1078
861	1368
862	889
862	999
862	1198
863	1355
864	969
865	1259
865	1383
866	1225
866	1349
868	1109
869	983
869	1029
871	946
871	960
872	1078
873	1348
874	966
875	1123
876	884
876	1239
878	891
878	1020
878	1157
878	1296
878	1364
879	976
879	1097
879	1259
880	1060
880	1102
882	930
882	1268
883	1135
883	1337
885	1073
887	949
887	1245
887	1356
888	1334
889	952
889	997
889	1293
889	1351
890	923
890	1157
891	964
891	1333
896	1132
896	1243
897	1195
899	1068
899	1222
901	1340
903	1198
904	1012
904	1056
905	1216
906	1271
907	1047
907	1048
909	1326
910	981
910	1144
911	1223
912	1180
912	1348
913	1195
913	1260
913	1289
914	937
914	1053
915	1279
916	1079
916	1356
917	1232
917	1294
918	1393
919	1258
919	1357
920	1059
921	1127
921	1332
923	1045
923	1051
923	1057
924	927
924	1252
926	966
926	1124
927	948
930	993
931	1075
931	1381
932	1141
932	1309
933	993
933	1188
933	1352
933	1364
934	1118
934	1346
935	1046
936	1040
938	1273
939	1023
939	1102
939	1313
939	1319
941	993
941	1382
942	1171
942	1239
943	1062
944	1110
944	1148
945	1362
946	1059
946	1254
946	1362
948	960
948	1176
949	1357
950	1227
950	1306
951	1009
954	1209
956	1281
957	1005
957	1006
957	1361
959	1329
960	980
960	1113
960	1223
963	1223
963	1390
964	1171
965	1264
968	1324
969	1354
970	1113
970	1156
974	1242
974	1397
975	1017
975	1058
977	1224
978	1235
978	1312
981	1080
982	1361
983	1009
983	1042
983	1101
984	1090
984	1184
985	1334
986	1012
986	1065
986	1235
988	1253
988	1299
991	1056
991	1395
992	1040
992	1182
994	1226
996	1264
997	1111
997	1193
997	1243
998	1206
998	1244
1000	1303
1001	1166
1001	1188
1001	1261
1001	1382
1002	1106
1002	1205
1002	1335
1003	1059
1003	1077
1003	1394
1005	1070
1007	1010
1009	1017
1009	1368
1010	1033
1011	1123
1012	1101
1012	1369
1016	1186
1016	1271
1017	1054
1017	1153
1017	1188
1017	1380
1019	1367
1020	1295
1021	1059
1023	1035
1023	1045
1023	1200
1024	1064
1024	1126
1024	1198
1024	1304
1026	1129
1026	1151
1026	1256
1026	1282
1027	1132
1028	1143
1029	1239
1029	1367
1032	1058
1032	1308
1033	1256
1034	1317
1034	1397
1036	1379
1037	1050
1037	1162
1038	1108
1038	1302
1039	1263
1040	1280
1040	1396
1042	1261
1043	1171
1043	1259
1043	1361
1044	1169
1045	1216
1046	1053
1046	1374
1047	1265
1048	1145
1048	1253
1049	1234
1050	1094
1050	1213
1051	1229
1051	1397
1053	1249
1054	1135
1054	1304
1055	1228
1055	1263
1056	1237
1056	1345
1058	1079
1065	1204
1066	1195
1067	1075
1067	1076
1068	1188
1072	1115
1072	1210
1072	1360
1073	1110
1075	1224
1078	1189
1078	1224
1080	1366
1081	1169
1081	1270
1082	1306
1084	1341
1087	1201
1087	1321
1088	1137
1091	1373
1091	1376
1094	1388
1095	1145
1096	1122
1098	1261
1099	1257
1100	1274
1101	1183
1102	1224
1103	1360
1104	1207
1105	1194
1106	1188
1106	1352
1106	1366
1107	1281
1108	1171
1108	1220
1108	1328
1109	1282
1110	1167
1110	1205
1110	1234
1112	1169
1114	1212
1115	1169
1115	1176
1115	1269
1115	1383
1116	1343
1117	1131
1118	1236
1120	1166
1125	1315
1126	1148
1128	1262
1129	1142
1129	1202
1130	1392
1131	1398
1132	1386
1133	1327
1133	1328
1134	1166
1134	1275
1135	1146
1136	1147
1138	1259
1138	1361
1140	1241
1142	1377
1143	1305
1143	1394
1144	1168
1144	1310
1145	1241
1149	1269
1149	1311
1150	1155
1150	1321
1150	1323
1152	1322
1154	1216
1155	1273
1156	1162
1157	1196
1158	1208
1158	1223
1161	1284
1163	1256
1167	1398
1170	1240
1170	1299
1171	1316
1174	1274
1175	1238
1175	1261
1176	1279
1178	1333
1181	1206
1182	1294
1185	1243
1186	1237
1189	1226
1189	1275
1190	1358
1191	1274
1193	1310
1197	1300
1203	1224
1203	1377
1204	1232
1204	1332
1207	1333
1208	1380
1210	1226
1213	1288
1221	1243
1225	1298
1225	1352
1227	1268
1231	1242
1240	1389
1241	1324
1248	1261
1250	1282
1256	1310
1258	1305
1261	1292
1261	1355
1261	1367
1266	1372
1267	1381
1271	1360
1273	1380
1275	1286
1284	1328
1284	1336
1286	1353
1286	1399
1287	1318
1290	1380
1292	1389
1301	1381
1311	1343
1322	1367
1323	1349
1329	1392
1336	1350
1340	1341
1345	1364
1351	1373
1352	1398
1365	1389
1368	1396
1371	1394
1373	1385