0	90
0	134
0	177
0	255
0	778
0	841
0	1086
0	1214
1	276
1	857
1	1062
2	88
2	222
2	342
2	449
2	484
2	496
2	823
2	953
2	1224
2	1334
3	226
3	271
3	543
3	666
3	1123
4	186
4	1139
5	216
5	274
5	290
5	369
5	558
5	887
5	914
5	963
6	334
6	647
6	810
6	1158
7	47
7	412
7	464
7	1298
8	710
8	931
8	934
8	958
8	1155
9	526
9	805
10	89
10	130
10	559
10	708
10	846
10	1144
11	104
11	475
11	508
11	1202
12	283
12	1358
13	77
13	108
13	713
13	949
13	955
13	957
13	1064
13	1293
14	675
14	1321
15	402
15	510
15	578
15	1347
16	295
16	526
16	537
17	23
17	74
17	119
17	1314
18	121
18	316
18	624
18	734
18	900
18	944
19	683
19	731
19	761
20	316
20	328
20	1091
20	1311
20	1358
21	56
21	175
21	246
21	413
21	848
21	926
21	1057
21	1335
22	902
22	1172
24	42
24	256
24	671
24	712
24	1055
24	1194
25	152
25	609
25	771
25	996
25	1078
25	1174
25	1177
25	1198
26	39
26	346
26	1351
27	129
27	443
27	491
27	955
27	1016
28	361
28	508
28	1175
29	352
29	397
29	479
29	1154
30	255
30	362
30	453
30	806
30	897
30	960
30	1385
31	1277
32	425
32	728
32	782
33	480
33	638
33	732
33	748
33	1011
33	1087
34	730
35	393
35	1309
35	1328
36	261
36	886
36	1134
37	320
37	481
37	1081
38	248
38	458
38	669
38	858
38	905
38	1013
38	1174
38	1378
39	61
39	208
39	426
40	206
40	258
40	429
40	430
40	590
40	751
40	1368
41	1111
42	700
42	965
42	1137
42	1326
43	695
43	1383
44	1099
45	608
46	96
46	200
46	641
46	704
46	1160
47	60
47	521
47	621
47	1385
48	188
48	400
48	1266
49	54
49	345
49	546
49	831
49	973
50	296
50	1034
50	1158
51	125
51	844
51	900
52	227
52	293
53	487
53	759
54	90
54	147
54	460
54	1010
54	1015
55	338
55	865
55	1041
56	86
56	201
56	230
56	352
56	1221
57	234
57	494
57	785
57	1226
57	1258
58	153
58	241
58	956
59	202
59	868
59	931
59	1105
59	1389
60	466
60	635
60	803
60	826
60	1118
60	1161
60	1322
61	749
61	1034
61	1245
62	89
62	276
62	658
62	708
62	716
62	930
62	994
63	201
63	440
63	603
63	714
63	930
63	967
63	1085
64	159
64	302
64	483
65	339
65	630
65	804
66	191
66	629
66	1366
67	163
67	259
67	534
67	899
67	1190
68	222
68	923
68	1164
68	1288
69	495
69	1334
70	238
70	432
70	634
70	996
71	90
71	205
71	573
71	737
71	1125
72	239
72	718
73	368
73	690
73	1376
73	1399
74	528
74	1237
75	97
75	177
75	443
75	687
75	937
76	104
76	188
76	217
76	856
76	1010
76	1311
76	1350
77	134
77	241
77	642
77	1212
77	1334
77	1390
78	766
79	457
79	516
79	584
79	1186
79	1295
79	1310
80	198
80	663
80	1156
81	322
81	492
81	598
82	356
82	653
82	1272
82	1342
82	1368
83	391
83	647
83	838
83	1040
83	1166
84	684
84	1265
85	357
85	886
85	1212
86	150
86	277
86	659
86	768
86	1082
87	561
87	1085
88	184
88	390
88	896
88	1010
88	1077
88	1322
89	539
89	722
89	1091
90	367
90	536
90	1216
90	1332
91	543
91	623
91	629
91	1059
91	1154
92	472
92	804
93	1157
93	1325
93	1344
94	398
94	802
94	971
94	1253
95	598
95	619
95	769
95	1069
96	164
96	576
96	1147
97	134
97	797
97	1128
98	522
98	525
98	630
98	904
98	1011
98	1064
98	1273
99	148
99	449
99	488
99	706
99	773
100	205
100	368
100	748
100	903
101	216
101	251
101	438
101	711
101	777
101	808
101	1263
102	436
102	1212
102	1291
103	174
103	193
103	353
103	795
103	1203
103	1256
103	1293
103	1302
103	1312
103	1349
104	611
104	850
104	1044
104	1063
104	1237
104	1262
105	157
105	275
105	422
105	526
105	621
106	658
106	964
106	1254
106	1385
106	1396
107	296
107	722
107	737
107	1269
108	256
108	457
108	579
108	742
108	863
108	978
109	294
110	563
110	802
110	1389
111	1141
111	1149
111	1396
112	193
112	407
112	544
112	604
112	1121
112	1370
113	304
113	547
113	1385
114	212
114	469
114	498
114	1396
115	575
115	1136
116	522
116	548
117	290
117	551
117	669
117	722
118	324
118	334
118	435
118	700
118	723
119	152
120	221
120	645
120	1116
121	435
121	584
121	695
121	716
121	850
121	908
121	1005
121	1053
122	128
122	375
122	404
122	560
123	1097
124	317
124	357
124	866
124	1000
126	1077
127	171
127	205
127	647
127	767
127	1079
128	232
128	352
129	420
129	688
129	1228
130	958
130	1364
131	1047
131	1392
132	133
132	164
132	981
132	1106
132	1249
132	1383
132	1398
133	1199
133	1384
134	543
134	681
135	299
135	671
135	676
135	1064
135	1264
135	1274
136	182
136	540
137	814
137	873
138	404
138	763
138	882
138	1011
139	454
139	693
139	730
139	1055
140	537
140	730
140	832
141	880
141	1020
141	1062
142	520
142	720
142	796
143	433
143	874
143	912
143	968
143	1063
143	1226
143	1357
144	572
144	773
144	816
145	206
145	225
145	419
145	1155
145	1200
146	247
146	644
147	625
147	803
147	975
147	1305
148	207
148	246
148	256
148	367
148	421
148	928
148	1320
149	630
149	780
149	783
149	823
149	954
149	1033
150	185
150	299
150	364
150	434
150	552
150	685
150	705
150	1074
150	1091
151	793
151	1223
152	317
152	582
152	612
152	959
152	1274
153	666
153	1015
153	1105
153	1320
154	1019
154	1172
155	185
155	464
155	490
155	860
156	206
156	411
156	476
156	560
156	1198
157	247
157	287
157	365
157	500
157	509
157	853
157	1363
158	207
158	556
158	862
158	871
158	1286
158	1339
159	269
159	517
159	603
159	660
159	717
159	919
160	301
160	513
161	162
162	302
162	717
162	1077
162	1084
163	170
163	617
163	1146
163	1290
164	186
164	438
164	1194
165	577
165	1128
166	242
166	333
167	238
167	393
167	846
167	1295
168	302
168	1073
169	726
170	244
170	333
170	511
170	687
170	721
170	831
170	992
170	1039
170	1224
170	1298
170	1397
171	390
171	484
171	621
172	837
173	349
173	364
173	525
174	360
174	783
174	872
174	989
174	1268
175	179
175	243
175	370
175	500
175	533
175	662
175	698
175	827
175	1335
176	273
176	741
177	554
177	662
177	836
177	1218
177	1279
178	429
179	332
179	689
180	325
180	713
180	727
180	1344
181	789
181	1034
181	1217
181	1322
182	855
183	439
183	645
183	720
183	892
183	1074
184	333
184	621
184	687
184	944
184	946
184	1310
185	410
185	411
185	563
186	984
187	793
187	1005
187	1109
188	973
188	1282
188	1295
189	226
189	360
189	391
189	1048
190	584
190	701
190	830
190	898
190	1168
190	1175
191	438
191	472
192	814
192	1128
192	1359
193	514
193	1231
193	1376
194	230
194	278
194	292
194	770
194	1161
195	313
195	500
195	632
195	1043
195	1334
195	1335
196	403
196	539
196	697
196	1160
197	264
197	304
198	348
198	420
199	225
199	424
199	474
199	1356
200	435
200	590
200	857
200	870
200	875
201	231
201	745
201	792
202	315
202	614
202	929
202	1353
202	1379
203	416
203	554
203	744
204	529
204	808
205	556
205	1121
207	215
207	279
207	786
207	890
207	1070
208	517
208	695
208	797
209	268
209	344
209	584
209	930
209	1124
209	1296
210	249
210	327
210	457
210	1160
210	1388
211	677
211	719
211	925
211	1095
212	311
212	522
212	578
212	1147
213	408
213	418
213	476
213	692
213	926
213	1102
213	1159
214	478
214	903
214	945
215	217
215	346
215	517
215	966
215	1263
216	1008
217	396
217	550
217	812
217	1329
218	270
218	1072
218	1229
219	453
219	542
219	566
219	856
219	943
219	1237
219	1324
220	238
220	818
220	933
220	946
220	1398
221	263
221	934
221	1040
221	1259
222	289
222	400
222	527
222	557
222	989
222	1257
223	915
224	303
225	230
225	373
225	1113
225	1135
225	1141
225	1189
226	646
226	692
226	1355
227	467
227	983
227	1173
228	583
228	1340
229	239
229	785
229	821
229	1300
229	1341
230	308
230	444
230	615
230	658
230	681
230	1014
230	1393
231	400
231	404
231	499
231	963
231	1211
231	1239
232	373
232	401
232	562
232	598
232	1366
233	260
233	820
233	837
233	1063
233	1082
233	1166
233	1181
233	1194
233	1243
233	1249
234	1185
235	278
235	341
235	876
235	1177
236	522
236	593
236	1241
237	1183
237	1295
237	1308
238	526
238	589
238	639
238	737
238	928
239	579
239	737
239	925
239	1146
239	1298
240	342
240	761
240	1006
241	470
241	920
241	1045
241	1058
242	569
242	1348
243	835
243	1136
243	1163
244	541
245	477
245	484
245	896
245	1089
246	267
246	1033
246	1258
246	1293
246	1315
247	607
247	609
247	1344
247	1367
248	563
248	580
248	1129
248	1194
249	323
249	430
249	1052
249	1086
250	1042
250	1279
250	1344
251	682
251	1016
251	1272
251	1279
252	820
252	1215
253	627
253	636
253	1083
253	1104
253	1308
254	651
255	353
255	358
255	371
255	869
256	835
257	667
257	985
258	1012
259	325
259	631
259	710
259	938
259	996
260	498
260	578
260	799
260	1336
260	1343
261	541
261	952
262	918
262	1396
263	318
263	815
263	836
263	1180
264	596
264	1071
265	460
265	553
265	725
265	1355
266	328
266	393
266	716
266	912
266	1356
268	348
268	637
268	792
268	841
268	944
268	1151
268	1169
269	407
269	517
269	599
269	707
269	817
270	864
270	918
270	971
271	1264
272	509
272	1256
273	705
273	1031
274	282
274	1191
274	1211
275	446
276	506
276	941
276	1111
276	1254
277	411
277	709
277	888
277	1196
277	1379
278	302
278	597
278	896
278	1223
279	823
279	992
279	1159
280	544
280	802
280	933
280	955
280	1283
281	561
281	1070
282	502
282	607
283	396
283	464
283	857
284	369
284	872
285	319
285	346
285	459
285	561
285	742
285	1203
286	898
286	1222
287	330
287	525
287	855
287	920
288	381
288	1128
288	1195
289	445
289	629
289	709
291	1275
291	1326
292	497
292	700
292	969
293	317
293	543
293	695
293	893
293	1182
293	1287
293	1297
294	644
294	652
294	770
295	342
295	404
295	1189
296	724
296	819
296	1117
296	1394
297	465
297	648
297	1053
297	1261
297	1367
298	796
298	1032
298	1220
299	851
299	1082
299	1097
299	1103
300	853
300	1210
301	653
301	674
301	696
301	934
302	437
302	956
302	1390
304	591
305	1224
305	1352
306	433
306	984
306	1079
306	1129
307	411
307	901
307	918
307	1162
307	1302
307	1314
308	691
308	767
308	995
309	412
309	512
309	565
309	1108
310	1038
311	321
311	325
311	367
311	375
311	559
311	756
311	851
312	996
313	333
314	330
314	631
314	996
314	1304
315	830
315	881
315	999
316	707
316	875
316	1022
318	326
318	450
318	976
318	977
318	1301
319	676
319	907
320	552
320	1254
321	623
321	769
321	803
322	640
322	1181
322	1254
324	650
325	393
325	407
325	787
325	867
325	1375
326	364
326	413
326	945
326	1039
326	1172
326	1259
327	402
327	704
327	950
327	1323
327	1356
327	1398
328	521
328	813
328	1265
329	445
329	1098
329	1372
329	1381
330	940
331	362
331	630
331	954
332	621
332	789
332	1023
332	1243
332	1313
333	346
333	447
333	989
333	1116
333	1231
334	366
334	525
334	885
334	970
335	552
335	662
335	984
335	1077
335	1320
335	1364
336	632
337	1299
337	1354
338	358
338	1377
338	1389
339	943
339	1011
339	1108
340	670
340	699
340	981
340	1181
341	747
341	1250
341	1305
341	1307
341	1333
342	546
342	579
342	843
342	845
342	881
342	1013
343	680
344	356
344	471
344	640
344	732
344	1310
345	459
345	462
345	580
345	591
345	823
345	920
345	1280
346	363
346	427
346	431
346	462
346	597
346	1377
347	371
347	1021
347	1254
347	1313
348	602
348	931
348	978
348	1126
349	383
349	781
349	939
349	948
349	1088
349	1233
350	521
350	949
350	1010
350	1254
350	1351
350	1380
351	590
351	727
351	913
351	1275
351	1303
352	736
352	1242
352	1316
353	972
353	1236
354	389
354	437
354	1085
355	471
355	821
355	1206
356	1002
357	641
358	891
358	1180
359	626
359	917
359	1377
359	1396
360	634
360	803
360	1023
360	1198
360	1233
360	1314
360	1357
361	395
361	488
361	611
361	872
362	1080
362	1356
363	424
364	624
364	654
364	1396
366	764
366	1377
367	615
367	918
368	951
369	399
369	619
369	720
369	1038
370	431
370	827
370	1057
370	1187
370	1298
371	444
371	865
371	1143
371	1226
372	430
372	475
372	652
372	1386
373	965
373	1044
373	1397
374	1028
374	1232
374	1263
375	569
375	962
375	1135
375	1325
376	435
376	484
376	562
377	584
377	779
378	695
378	788
378	1177
379	529
379	680
379	831
379	891
379	1212
380	420
380	922
381	528
381	640
381	1063
381	1087
381	1117
381	1192
382	969
382	1373
383	391
383	421
383	504
383	1171
383	1240
384	458
384	492
384	1062
384	1151
385	399
385	481
385	1322
386	444
386	603
386	783
386	920
386	960
387	482
387	550
387	671
387	822
387	1196
388	1287
388	1304
388	1328
389	394
389	1132
390	513
390	632
390	875
391	980
392	466
392	786
392	984
392	1062
392	1090
393	1281
394	494
394	619
394	1396
395	513
395	851
396	419
397	696
397	939
397	1003
397	1050
397	1105
397	1177
398	543
398	586
398	638
398	899
398	1012
398	1161
398	1288
399	997
399	1209
399	1245
400	508
400	1004
400	1299
401	940
401	1276
402	534
402	599
403	457
403	519
404	676
404	717
404	1177
404	1181
404	1365
405	537
405	709
405	899
405	1082
406	837
407	557
408	428
409	557
409	696
409	827
409	1110
411	1076
411	1150
412	1007
412	1166
413	560
413	649
413	1363
414	1367
415	1034
415	1145
416	640
416	691
416	1005
417	940
417	946
417	1039
418	1077
418	1249
419	833
419	906
420	795
420	966
420	968
421	737
421	910
421	1011
421	1266
423	508
423	577
423	932
423	1116
424	444
424	965
424	1364
425	556
425	904
425	1270
425	1299
426	1083
426	1121
427	589
428	612
428	762
428	812
428	1190
429	550
429	640
429	841
431	879
432	476
432	893
433	542
433	1068
433	1315
434	489
434	511
434	760
434	1046
435	535
435	595
435	826
435	1226
435	1314
436	626
436	769
436	923
436	1114
436	1199
437	840
437	1125
437	1320
438	465
438	692
438	708
438	1305
439	453
439	457
439	629
439	752
439	1091
440	458
440	508
440	570
440	836
440	1391
441	546
441	870
441	1107
442	462
442	893
443	756
443	1025
443	1233
444	867
444	1141
445	699
445	735
445	854
446	454
446	1026
447	789
447	873
447	1076
448	850
449	569
449	836
449	1103
450	1329
451	558
451	878
451	1163
451	1229
452	479
452	1125
454	624
455	474
455	917
455	1178
455	1334
456	694
457	464
457	951
457	1146
458	867
458	946
458	1179
458	1271
459	481
459	802
460	642
460	659
460	1021
461	584
461	711
461	749
461	938
461	973
461	1222
462	987
462	1279
463	682
463	725
464	498
464	913
464	932
464	1195
465	525
465	551
465	641
465	1063
465	1249
466	719
466	1290
467	651
468	834
468	884
468	1360
469	607
469	909
469	1337
470	509
471	510
471	967
471	1040
471	1059
471	1289
472	996
472	1305
473	554
474	482
474	484
474	961
474	1398
475	843
475	864
475	926
476	960
476	1385
477	916
477	1303
478	637
478	667
478	826
478	1295
479	597
479	1030
479	1083
480	1140
480	1142
480	1246
481	676
482	899
482	1122
482	1197
483	556
483	1296
484	629
484	995
484	1020
484	1180
485	619
485	624
486	981
487	921
487	929
487	959
487	1099
488	996
489	503
489	597
489	923
489	1057
489	1102
490	543
490	751
490	1376
491	648
491	918
491	968
493	506
493	683
493	763
493	948
494	900
494	1192
494	1279
495	668
495	769
496	519
496	912
496	1017
496	1237
497	637
497	662
497	935
497	1030
498	574
498	1037
498	1074
499	705
499	735
500	693
500	1123
501	1021
502	589
502	624
502	713
502	828
502	1099
502	1118
503	712
503	758
503	1283
504	619
504	748
504	1227
505	693
505	827
505	943
505	1194
505	1393
506	915
506	1356
507	712
507	749
507	1217
508	734
508	1097
508	1112
508	1146
509	741
509	764
510	810
510	964
510	1146
510	1285
510	1338
511	742
511	943
512	517
512	658
512	693
512	821
512	1206
512	1222
513	890
513	901
513	1157
513	1309
513	1357
514	581
514	739
514	774
514	783
514	964
514	1035
515	704
515	975
516	574
516	769
516	1193
516	1288
517	1146
518	1265
519	734
519	811
519	868
519	960
519	1003
519	1037
520	560
520	978
520	992
520	1056
520	1382
522	777
522	906
522	1094
523	617
524	996
524	1112
525	1029
526	625
526	780
526	971
526	1038
526	1106
526	1139
526	1187
526	1301
527	813
527	1097
528	1302
529	623
529	724
529	1259
530	578
530	863
531	1042
532	572
532	770
533	1078
533	1089
534	674
534	1360
535	779
535	810
536	836
536	1172
537	725
537	775
537	892
537	909
538	634
538	1064
538	1271
539	641
539	978
539	1286
540	610
540	711
540	808
540	1071
541	640
541	830
541	1149
542	563
542	648
542	881
542	1129
543	799
543	937
544	645
545	706
545	1087
545	1092
545	1139
547	850
548	954
548	1098
548	1181
549	649
549	875
549	973
549	984
549	1162
550	841
550	1309
550	1319
551	781
551	963
551	1144
552	674
552	1071
553	723
553	748
554	631
554	791
555	771
555	842
555	954
556	1113
556	1162
557	759
557	849
557	960
558	762
559	636
559	1147
560	1274
560	1295
561	574
561	1053
561	1390
562	679
563	705
563	910
563	995
563	1072
563	1286
564	1070
564	1388
564	1396
566	694
566	876
567	665
567	1136
568	977
568	1059
568	1061
569	1217
569	1307
570	701
570	702
570	896
571	766
571	826
571	1229
572	822
573	612
573	712
573	907
573	954
574	631
574	704
575	1080
575	1081
575	1218
576	661
576	912
576	1271
577	1150
578	615
578	1224
579	1194
580	711
580	1286
581	606
581	1188
582	776
583	777
583	1342
584	829
584	955
584	1093
584	1149
585	774
585	932
585	1357
586	749
586	1263
587	651
587	924
588	794
589	722
589	1025
589	1391
590	780
591	712
591	758
591	1018
591	1232
592	1396
593	804
594	762
594	899
594	915
595	644
595	1099
596	707
596	813
596	1223
597	890
597	1107
597	1159
597	1220
598	856
598	978
600	749
600	1220
601	616
601	857
602	836
602	957
603	854
603	1272
603	1303
604	712
604	987
604	1015
605	885
605	897
605	1121
606	628
606	827
606	1182
606	1216
609	1159
610	760
610	1036
610	1225
611	758
611	793
611	842
611	1088
612	704
612	1029
612	1272
613	737
613	767
613	1191
614	768
614	888
614	1036
615	659
615	1111
615	1260
615	1322
616	852
616	977
616	1223
616	1361
617	1111
617	1117
617	1170
618	1062
618	1174
619	728
620	841
620	1229
622	711
623	689
623	898
625	629
625	1101
625	1335
626	696
626	829
626	865
626	1068
626	1077
627	710
627	1099
628	681
628	923
628	1302
629	892
630	943
630	972
630	1314
631	642
631	817
632	815
633	701
633	993
633	1070
633	1273
634	708
634	857
634	1147
634	1185
635	1273
636	896
636	1116
636	1388
637	1190
637	1393
638	909
639	697
639	889
639	1203
639	1292
640	823
640	979
640	1272
640	1395
642	786
642	1166
642	1298
643	847
644	870
644	1178
645	916
645	1119
646	1160
647	745
647	928
647	1329
647	1357
648	1106
649	1059
649	1097
650	1100
650	1152
650	1250
651	766
651	1268
652	776
652	800
652	889
652	906
652	1291
653	759
653	1212
654	1032
654	1085
655	1375
655	1393
656	748
656	997
656	1015
656	1368
657	713
657	1369
658	669
658	944
658	1090
658	1302
659	799
659	996
659	1039
659	1272
660	1306
661	1078
661	1210
662	915
662	1219
662	1287
662	1326
663	1230
664	927
664	994
664	1329
665	684
666	1115
666	1368
667	891
667	1359
668	876
668	1199
668	1216
669	1033
669	1056
670	682
670	691
670	1005
670	1092
671	902
672	1096
672	1194
673	773
674	1278
674	1329
674	1382
675	797
676	847
676	1083
676	1110
677	840
677	946
678	990
678	993
678	1277
679	971
679	1066
679	1228
680	764
680	1066
680	1265
681	766
681	1082
681	1247
682	713
682	1164
682	1250
684	1038
684	1362
685	795
685	1319
686	943
686	966
686	1294
689	1024
690	1338
691	859
691	991
691	1035
691	1055
691	1197
692	979
692	1012
693	766
693	898
693	944
694	731
694	759
694	976
694	1214
694	1290
695	852
695	1297
696	799
696	1112
697	796
697	838
697	919
697	1061
697	1330
698	714
698	1265
699	741
700	839
700	934
700	963
701	1096
701	1147
701	1294
703	1233
704	1176
705	1396
706	718
706	788
706	895
707	1072
707	1120
707	1319
708	733
708	901
708	1073
708	1226
709	1315
710	1036
710	1316
711	1034
712	1282
713	860
713	1068
715	973
715	1023
715	1068
715	1083
715	1088
716	772
716	864
716	959
716	977
716	1069
717	1019
717	1225
718	860
718	1192
719	773
719	1127
719	1195
720	1200
720	1297
722	1339
723	777
724	786
724	1091
725	731
725	971
725	1063
726	890
726	1057
726	1143
726	1168
726	1240
728	751
729	1017
729	1054
730	745
730	1028
731	746
731	898
731	949
731	1036
731	1227
732	1345
733	1012
734	813
735	857
737	777
737	1075
738	999
738	1057
738	1246
740	1108
740	1209
741	842
741	853
741	868
741	944
741	1041
742	1142
743	822
743	851
743	868
744	795
744	854
744	1078
746	806
748	1117
748	1172
749	1133
749	1344
750	825
750	837
751	964
751	1322
752	1369
753	1119
754	836
754	1175
754	1323
755	911
755	1020
755	1116
755	1376
756	792
757	951
757	964
757	1023
758	897
758	1214
759	1011
759	1123
760	1072
760	1075
760	1285
761	822
761	1063
763	776
763	790
763	1294
764	1215
765	815
765	978
765	1013
765	1243
766	1115
766	1376
767	779
767	1253
768	806
769	971
769	1042
769	1304
769	1398
770	819
771	899
771	963
771	1064
772	886
772	951
772	1201
773	857
773	877
773	928
773	1168
773	1243
774	1045
774	1318
775	1197
775	1354
776	951
777	1162
778	841
778	848
779	911
779	1149
780	1351
781	786
781	804
781	963
781	1136
781	1344
782	948
782	1080
783	990
784	957
784	1020
784	1276
785	791
785	1178
786	1288
787	791
787	903
787	942
787	1126
787	1136
787	1339
789	827
789	990
791	1293
792	925
793	1057
793	1115
793	1172
798	1009
798	1204
799	972
799	1377
800	1369
800	1385
801	883
801	1311
802	1167
803	1098
803	1109
803	1355
804	976
804	1187
806	1323
807	992
808	1022
808	1320
809	814
809	949
809	950
809	1324
810	904
810	1080
810	1140
811	902
812	1176
812	1332
813	860
813	867
815	1284
818	958
819	915
819	927
820	982
820	1040
820	1088
821	1091
821	1132
822	1223
823	1379
824	837
824	1179
825	899
825	998
826	890
826	1051
826	1122
826	1238
827	828
827	1347
828	995
828	1323
829	1032
829	1300
830	1183
830	1388
833	921
833	1043
833	1133
833	1223
835	984
835	1235
836	903
837	953
837	1051
837	1111
838	1051
838	1337
840	1113
841	1113
841	1114
841	1127
843	1048
844	1229
844	1389
845	1005
845	1085
847	872
848	1273
849	962
851	1107
851	1115
851	1218
852	869
852	1162
852	1256
852	1388
853	883
853	1264
854	892
854	908
854	940
854	1267
854	1275
854	1316
856	1035
856	1213
857	907
857	1019
857	1029
857	1215
859	872
859	1287
860	1107
860	1272
861	1327
863	1185
864	889
864	1180
864	1242
864	1295
864	1306
865	874
865	1149
865	1154
865	1379
866	1294
867	1077
868	1162
869	1107
870	880
870	1126
870	1282
871	1072
872	1074
873	1153
875	986
876	1213
878	998
878	1212
878	1276
879	968
879	1374
880	1121
881	1145
883	1215
884	1008
885	1159
887	984
887	1106
887	1313
888	1290
891	1189
892	895
892	913
892	996
893	1144
893	1177
894	924
895	984
895	1040
895	1348
896	1029
896	1078
896	1260
897	1111
898	971
899	994
900	1063
901	921
901	1192
901	1317
901	1329
902	1122
902	1306
902	1380
903	984
903	1107
904	945
904	987
904	1165
904	1359
905	928
905	965
905	1095
905	1132
906	988
906	1290
907	1242
907	1258
908	1268
909	1212
910	1064
911	1136
911	1191
911	1317
912	1053
913	1241
914	1057
914	1285
914	1391
917	1057
918	979
918	1072
918	1185
919	1249
920	1113
920	1190
921	1102
921	1289
923	1100
923	1123
925	1243
925	1280
925	1398
926	1184
928	976
928	1260
929	1049
929	1074
929	1290
931	932
931	933
932	976
932	1075
933	957
933	1315
934	938
935	1046
936	1102
937	1078
937	1361
938	1149
939	956
940	1349
944	1375
945	1020
947	1045
948	961
948	1225
954	1162
955	1351
955	1390
956	1245
958	1003
958	1028
959	1322
960	1368
962	1067
964	1056
964	1286
964	1298
965	1190
965	1337
966	1286
967	1242
968	1112
968	1237
968	1381
969	1002
969	1208
969	1239
969	1260
974	1248
975	1318
976	1263
977	1010
978	1159
978	1177
978	1310
979	1056
980	1167
980	1235
980	1354
982	1374
983	1315
984	1363
985	1305
987	1151
987	1299
987	1326
989	1091
989	1301
992	1151
992	1357
993	1283
994	1062
994	1343
995	1301
997	1063
997	1279
998	1194
999	1008
999	1183
1000	1250
1001	1049
1002	1084
1003	1020
1003	1320
1004	1399
1005	1275
1005	1299
1005	1372
1006	1194
1008	1148
1008	1247
1008	1380
1010	1111
1010	1302
1011	1123
1011	1329
1011	1362
1011	1367
1012	1258
1013	1056
1013	1067
1015	1033
1016	1221
1017	1189
1017	1232
1017	1293
1018	1385
1022	1132
1022	1212
1023	1386
1024	1188
1024	1279
1025	1241
1026	1082
1026	1108
1027	1251
1028	1046
1029	1250
1030	1077
1030	1207
1031	1093
1031	1227
1032	1380
1033	1312
1035	1193
1037	1213
1038	1077
1039	1069
1039	1386
1040	1194
1040	1205
1044	1233
1045	1276
1046	1225
1046	1242
1047	1281
1048	1146
1048	1347
1049	1120
1049	1216
1050	1235
1051	1282
1051	1340
1052	1060
1052	1266
1052	1331
1055	1184
1056	1159
1056	1219
1056	1326
1057	1330
1062	1291
1063	1082
1064	1225
1065	1079
1065	1289
1066	1318
1068	1110
1069	1381
1070	1086
1070	1302
1071	1153
1071	1187
1071	1215
1073	1209
1076	1314
1077	1211
1077	1300
1078	1322
1080	1264
1082	1105
1083	1266
1083	1367
1084	1181
1086	1161
1087	1192
1088	1331
1089	1216
1090	1273
1091	1312
1093	1224
1093	1333
1094	1106
1094	1217
1094	1354
1095	1233
1096	1139
1098	1387
1099	1389
1100	1280
1103	1132
1104	1120
1104	1285
1104	1362
1105	1340
1106	1137
1106	1195
1107	1162
1109	1217
1112	1255
1115	1364
1116	1341
1117	1246
1119	1274
1120	1162
1120	1235
1121	1148
1121	1384
1123	1387
1124	1152
1125	1159
1125	1382
1126	1137
1127	1201
1127	1325
1128	1332
1129	1212
1129	1271
1129	1358
1130	1135
1130	1381
1131	1155
1135	1334
1136	1238
1137	1149
1137	1294
1137	1384
1138	1176
1140	1180
1141	1350
1142	1193
1143	1176
1145	1223
1151	1307
1151	1309
1155	1224
1155	1345
1157	1357
1158	1197
1158	1337
1160	1182
1161	1301
1163	1363
1168	1350
1170	1245
1172	1237
1173	1218
1173	1332
1176	1293
1178	1211
1178	1314
1180	1267
1182	1240
1183	1226
1186	1220
1186	1237
1189	1251
1190	1327
1192	1332
1194	1330
1200	1361
1202	1321
1205	1233
1205	1387
1211	1261
1212	1280
1214	1290
1214	1360
1217	1298
1219	1279
1221	1366
1224	1370
1227	1228
1227	1271
1227	1296
1230	1346
1233	1257
1234	1246
1244	1355
1246	1250
1246	1390
1247	1260
1251	1300
1252	1348
1255	1268
1255	1356
1259	1270
1263	1317
1264	1341
1264	1347
1265	1302
1271	1319
1281	1369
1296	1327
1298	1371
1309	1375
1311	1376
1312	1332
1315	1381
1316	1363
1319	1342
1319	1384
1325	1359
1327	1336
1332	1334
1341	1343
1366	1383
1370	1377
1370	1396
1372	1397