0	391
0	584
0	623
0	705
1	330
1	757
1	934
1	1237
2	115
2	213
2	434
2	940
2	1078
3	49
3	395
3	669
3	1181
4	950
4	1200
4	1391
5	279
5	1049
5	1150
6	675
6	1364
7	389
7	444
8	291
8	493
8	700
8	987
8	1015
8	1088
8	1112
8	1233
8	1395
9	170
9	795
9	918
9	1225
10	119
10	391
10	546
10	666
10	974
10	1156
11	85
11	135
11	161
11	469
12	249
12	415
12	662
12	730
12	988
12	1063
12	1379
13	120
13	324
13	423
13	611
14	93
14	215
14	306
14	396
14	460
14	730
14	953
14	1106
14	1158
15	26
15	242
15	328
15	395
15	418
15	983
15	1046
15	1118
15	1128
15	1281
16	97
16	1304
17	158
18	178
19	129
19	150
19	464
19	547
19	593
19	657
19	847
20	47
20	645
20	1264
21	114
21	675
21	737
21	1060
22	295
22	1271
22	1388
23	171
23	356
23	443
23	637
23	1031
23	1251
24	123
24	297
24	666
24	989
24	1241
25	897
25	1114
26	33
26	145
26	399
26	969
26	971
26	1027
26	1324
26	1332
27	614
27	627
27	735
27	894
27	1023
27	1175
28	392
29	143
29	281
29	699
29	918
30	386
30	776
30	1278
31	178
31	300
31	341
31	936
31	1177
31	1250
32	293
32	788
33	605
33	752
33	1048
33	1061
33	1257
34	73
34	294
34	499
34	557
34	738
34	1207
34	1350
35	188
35	1241
36	526
36	966
36	1022
37	1220
38	208
38	214
38	413
38	804
38	816
39	294
40	97
40	170
40	1092
40	1096
41	562
41	785
41	1008
41	1171
42	173
42	193
42	374
42	459
42	709
42	918
42	919
42	1017
43	547
43	1083
43	1092
44	1134
45	108
45	219
45	292
45	438
45	797
45	850
45	1001
46	525
46	546
46	1148
46	1161
46	1182
47	662
47	997
48	250
48	501
48	822
48	1027
48	1167
49	419
49	1101
49	1262
49	1380
50	55
50	398
50	794
50	1330
51	293
51	732
51	1303
52	518
52	933
52	1193
53	589
53	1267
54	309
54	445
54	530
54	756
54	953
55	537
55	674
55	858
55	882
56	78
56	257
56	289
56	302
56	541
56	1024
56	1163
56	1319
57	606
57	677
58	199
58	349
58	796
59	70
59	210
59	316
59	344
59	1332
60	130
60	1130
61	438
61	576
61	1059
61	1152
62	1155
63	735
63	958
63	1311
64	982
64	1067
64	1148
65	195
65	218
65	696
65	1290
65	1303
66	208
66	251
66	676
66	756
66	965
66	1031
66	1270
67	321
67	982
67	1048
67	1377
68	345
68	884
68	971
69	123
70	152
70	872
71	1386
72	807
73	522
73	664
73	1268
74	252
74	541
74	1350
75	170
75	207
75	280
75	281
75	351
75	358
75	454
75	477
75	788
75	842
75	1165
76	219
76	610
76	624
76	904
76	931
76	978
76	1049
77	206
77	435
77	761
78	245
78	322
78	495
78	796
79	754
80	421
80	959
81	488
82	296
82	531
82	714
82	827
82	878
83	488
83	536
83	698
83	861
83	994
84	1093
85	1104
86	434
86	513
86	868
86	1340
87	228
87	1298
87	1346
88	161
88	926
88	947
89	1012
90	298
90	655
90	824
91	405
91	450
91	456
91	883
92	1282
93	424
94	114
94	596
94	786
95	367
95	748
95	1031
95	1284
96	630
96	922
96	1367
97	325
97	469
97	789
97	869
97	1221
97	1279
98	365
98	386
98	492
98	713
98	759
98	942
99	442
99	509
99	998
99	1104
99	1290
100	148
100	587
100	706
100	728
100	766
100	973
100	1135
101	1125
102	459
102	994
102	1046
102	1060
103	410
103	1127
103	1181
104	219
104	588
104	1027
104	1042
104	1073
105	356
105	786
105	859
105	1187
105	1295
106	680
106	782
106	1024
106	1116
106	1160
107	577
107	585
107	638
107	933
107	973
107	1061
107	1267
108	418
108	1010
108	1201
109	318
109	1156
109	1356
110	506
110	1210
111	402
111	436
111	1370
112	813
112	1034
112	1068
112	1104
112	1167
113	136
113	746
113	1399
114	990
114	1067
115	585
115	1372
115	1391
116	320
116	642
116	774
116	1043
116	1153
117	147
117	267
117	430
117	1024
117	1299
117	1367
118	389
118	775
119	297
119	386
119	467
119	596
119	684
119	916
119	1010
119	1283
119	1347
119	1381
120	537
120	718
120	1389
121	326
121	333
121	1011
122	1052
122	1270
123	263
123	395
123	460
123	779
123	916
123	1091
123	1201
123	1313
124	389
124	441
124	693
124	1177
124	1237
124	1309
124	1317
125	1082
126	456
126	511
126	857
126	1196
126	1315
127	310
127	771
128	315
129	412
129	740
129	1252
130	163
130	175
130	844
130	953
130	1246
131	590
131	769
131	779
131	1078
131	1145
132	458
132	534
132	620
133	367
133	545
133	1175
133	1284
134	197
134	213
134	409
134	946
134	947
134	955
134	1347
135	588
135	643
135	683
135	905
135	1097
135	1193
135	1218
135	1359
136	379
136	758
136	1342
137	461
137	785
137	988
137	1229
138	317
138	503
138	741
138	833
139	307
139	383
139	1177
140	524
140	775
140	873
140	986
140	989
140	1031
140	1078
140	1101
140	1132
140	1256
141	151
141	302
141	697
141	971
142	307
142	577
142	1150
143	210
143	471
143	706
143	821
143	982
143	1049
143	1084
143	1087
143	1088
144	184
144	419
144	644
144	890
144	1024
144	1034
144	1364
145	963
146	340
146	506
146	1228
147	864
148	469
148	576
148	869
149	209
149	502
149	889
149	1016
149	1132
150	188
150	1022
151	285
151	1111
152	640
152	709
152	779
152	989
152	1104
152	1174
153	552
153	666
153	1206
153	1358
154	832
155	235
155	399
155	432
155	488
155	702
155	811
155	857
155	945
155	1011
155	1277
156	363
156	704
156	889
156	954
156	1029
157	903
157	1082
158	194
158	604
158	1210
159	514
159	917
159	1215
159	1300
160	574
160	583
160	1281
160	1368
161	392
161	774
162	675
162	1359
163	463
164	690
164	850
164	852
165	226
165	807
166	851
166	934
166	948
166	1005
166	1024
166	1076
167	254
167	1009
168	674
168	1051
168	1327
169	286
169	398
169	783
170	507
170	966
170	1046
170	1098
170	1151
170	1324
171	431
172	684
173	406
173	501
173	1148
173	1248
174	686
174	907
174	1247
175	193
175	384
175	436
175	1007
175	1013
176	188
176	1161
177	329
177	404
177	605
177	951
178	278
178	563
178	651
178	672
178	778
178	984
178	1023
179	258
179	379
179	863
179	1147
180	346
180	354
180	687
180	1074
181	320
181	766
181	875
181	891
181	972
181	1094
181	1395
182	625
182	1272
182	1371
183	304
183	577
183	896
184	519
184	1166
184	1376
185	203
185	346
185	437
185	570
185	690
185	805
185	838
185	1047
186	283
186	415
186	1093
186	1122
186	1363
187	723
188	475
189	199
189	200
189	368
189	738
189	1297
190	878
190	907
190	965
190	974
190	1368
191	283
191	535
192	753
192	1056
192	1397
193	283
193	1032
193	1341
195	196
195	1030
195	1070
195	1301
196	643
196	650
197	545
197	1092
198	269
198	332
198	432
198	504
198	890
198	967
198	1132
198	1220
199	447
199	552
199	763
199	1078
199	1103
200	227
200	509
201	560
201	969
202	211
202	371
202	626
202	874
202	1096
202	1132
203	843
204	364
204	556
204	644
204	729
204	1130
204	1358
204	1359
205	621
205	1053
205	1206
205	1390
206	311
206	1194
206	1367
207	378
207	845
207	1193
207	1268
208	696
208	1235
209	459
209	532
209	603
209	973
209	1162
210	418
210	633
211	283
211	960
211	1197
212	237
212	485
212	605
212	633
212	1168
212	1242
212	1394
213	1362
214	517
214	851
214	859
214	1180
215	260
215	1162
215	1290
216	377
216	467
216	847
216	1074
217	667
217	852
217	893
218	511
219	240
219	266
219	692
219	846
219	1176
219	1240
219	1372
220	628
220	722
220	1061
221	678
221	1276
221	1284
221	1345
222	1342
222	1365
223	1337
224	230
224	452
224	921
225	569
225	1008
225	1395
226	1359
227	513
227	733
227	1236
228	231
228	458
228	585
228	911
228	1157
229	305
229	344
229	602
229	894
229	966
229	1075
229	1142
230	384
230	607
230	670
230	1109
231	697
231	718
231	1188
232	464
232	1089
233	1077
234	270
234	751
234	846
234	902
234	926
234	1014
234	1043
236	455
236	632
236	1249
236	1313
237	250
237	1350
238	457
238	702
238	1033
239	1039
240	350
240	541
240	723
240	759
241	288
241	505
241	762
241	1121
241	1142
241	1313
241	1384
242	313
242	794
243	244
243	683
243	701
243	957
243	975
243	1051
243	1200
244	620
244	814
245	293
245	304
245	852
245	1190
245	1297
246	833
247	563
247	661
247	674
247	679
247	795
247	920
247	978
247	1284
248	846
248	987
248	1107
248	1220
248	1234
248	1327
249	1050
249	1176
249	1264
249	1266
250	783
250	971
251	634
251	1061
251	1260
252	1207
252	1313
253	1226
254	454
254	664
254	926
255	363
255	748
255	1161
256	568
256	1274
257	515
257	846
257	1005
257	1132
257	1359
258	531
258	1392
259	483
259	705
259	778
259	1212
260	507
260	1275
261	893
261	1226
262	264
262	488
262	1289
262	1334
263	284
263	789
264	338
264	600
264	906
264	1394
265	539
265	888
265	903
265	923
266	394
266	742
266	793
266	857
267	547
267	553
267	624
267	706
267	719
267	1147
267	1173
268	508
268	905
268	1249
269	414
269	810
269	1039
270	371
270	732
270	1198
271	803
271	1143
272	676
272	863
273	702
273	1160
274	546
274	553
275	331
275	367
275	1339
276	670
277	490
277	700
277	756
277	864
277	1123
277	1348
277	1390
278	902
278	938
279	321
279	365
279	440
280	430
280	921
281	487
281	612
281	800
281	1066
281	1268
282	533
283	317
283	432
283	622
283	973
283	1034
283	1204
284	310
285	392
285	833
285	1038
286	446
286	606
286	752
286	787
286	921
287	345
287	462
287	721
287	808
287	813
287	1149
288	705
288	1035
289	290
289	444
289	730
289	1324
290	512
290	789
291	676
291	715
291	897
291	1358
291	1398
292	367
292	945
292	974
293	577
293	708
293	1004
293	1217
293	1354
294	996
294	1259
295	339
295	1190
295	1397
296	406
296	888
297	727
297	1009
297	1139
298	313
298	416
299	604
299	837
299	1059
299	1283
300	1012
301	856
301	1261
302	673
302	819
302	906
302	1293
303	334
303	688
303	862
303	1003
306	724
306	745
306	1034
307	465
307	548
307	791
307	808
307	956
308	318
308	559
308	682
308	1310
309	733
309	773
309	1305
310	374
310	457
310	890
310	908
310	980
310	1383
311	1104
311	1197
311	1232
312	1397
313	1024
313	1111
314	993
314	1092
314	1339
315	359
317	1134
317	1140
317	1195
318	718
318	1137
319	338
319	741
320	569
320	631
320	837
320	1060
320	1265
321	625
321	895
321	1055
321	1375
323	836
323	900
324	346
324	554
324	610
324	898
325	895
325	1292
326	908
326	1010
326	1136
326	1358
327	971
327	1184
327	1301
328	448
328	857
328	874
328	882
328	958
328	969
329	456
329	484
329	1003
329	1131
329	1167
329	1297
329	1307
330	938
330	1314
331	1032
332	630
333	1327
335	809
336	1056
337	668
337	1137
338	409
338	459
338	640
339	850
339	946
339	1070
340	433
340	449
340	1060
340	1062
340	1100
341	353
341	367
341	572
341	1075
341	1204
342	416
342	578
342	944
342	1020
342	1234
343	487
343	636
343	721
343	823
343	1388
344	532
345	629
345	1146
345	1253
346	464
346	569
346	1266
347	789
347	954
348	706
348	998
349	632
349	983
350	554
350	1180
351	408
351	415
351	981
351	1288
352	819
352	858
352	912
352	1305
352	1333
353	603
354	429
354	1306
355	522
355	781
355	946
356	540
356	1235
357	806
357	1316
358	578
358	892
358	984
358	1363
359	683
359	955
359	1086
359	1097
360	1059
361	420
362	799
362	1375
363	372
364	761
365	544
365	650
365	802
365	995
365	1022
366	396
366	774
366	932
366	1035
366	1260
367	656
367	692
367	1055
367	1095
368	515
368	737
368	750
368	806
368	892
368	972
369	714
369	1030
369	1098
369	1352
370	490
370	816
370	1118
370	1239
371	495
371	1376
372	600
372	726
372	756
372	943
373	545
373	1094
373	1234
374	902
374	904
374	1348
375	424
375	510
375	573
375	856
376	443
376	571
376	827
377	429
377	989
377	1014
378	584
378	1181
379	403
379	546
379	1380
380	673
380	711
380	1006
380	1107
380	1200
380	1257
381	508
381	924
381	1028
381	1331
382	429
382	839
382	1201
383	724
383	1382
384	755
384	1038
384	1055
385	1032
385	1288
386	919
386	1161
386	1196
387	697
388	415
388	813
388	815
388	1154
389	567
389	635
389	637
390	788
390	889
391	459
391	1117
392	471
392	577
392	1171
392	1205
392	1396
393	652
393	721
394	1169
395	451
395	520
395	550
395	627
395	698
395	823
395	1128
396	609
396	782
396	845
396	981
396	995
396	1002
396	1165
397	430
397	466
397	793
397	845
397	1100
398	1070
398	1345
399	1014
399	1324
400	683
400	688
400	1113
401	410
401	661
401	1087
402	464
402	537
402	1065
402	1170
403	950
403	980
403	1125
404	568
404	1165
405	849
405	1106
405	1158
406	564
406	872
406	1120
407	514
407	937
407	1035
407	1322
408	1314
409	646
409	966
409	1232
410	621
410	1173
410	1209
411	730
411	977
412	870
412	1368
413	760
413	1290
414	787
414	1151
415	743
415	1141
416	593
417	420
417	600
417	745
417	1308
418	706
419	709
419	912
419	999
420	865
420	1064
421	845
421	926
421	951
421	1342
421	1396
422	892
422	909
422	1036
422	1292
423	795
424	708
424	730
424	825
424	949
424	1393
425	843
426	755
426	1010
426	1318
427	561
427	583
427	862
428	533
429	757
430	611
430	973
430	1182
430	1202
431	684
431	1383
432	976
433	639
433	777
433	1256
433	1378
434	835
434	1103
434	1317
435	733
435	918
435	1334
437	501
437	930
437	1008
437	1191
438	439
438	676
438	977
439	564
439	978
440	745
440	1076
440	1133
440	1272
441	1348
442	566
442	757
442	1158
442	1300
442	1344
443	454
443	657
443	813
444	484
444	628
444	999
444	1389
445	846
445	849
445	1005
446	585
446	1016
446	1103
446	1217
446	1320
447	485
447	1310
447	1362
448	1171
449	728
449	970
449	1363
450	865
450	1206
450	1341
450	1349
451	955
452	824
452	868
453	614
453	735
453	1095
454	1368
455	508
456	538
457	659
457	762
457	810
457	922
457	953
459	504
459	600
459	1262
459	1314
460	651
460	813
461	523
461	608
461	1238
462	604
462	655
462	680
463	921
463	1057
463	1217
463	1254
464	474
464	749
464	763
464	855
464	1227
465	511
465	681
466	1170
466	1283
468	591
468	700
468	1285
469	671
469	890
470	965
470	1237
470	1251
472	869
473	643
473	652
473	1131
474	915
475	526
475	830
476	1231
477	672
477	1162
477	1237
478	752
478	980
479	498
479	629
479	633
479	1276
480	740
480	1014
481	947
482	746
482	824
482	878
482	894
483	817
483	1125
484	608
484	777
484	1043
484	1338
485	704
485	714
485	752
485	1183
485	1370
486	683
486	1033
486	1200
487	605
487	633
487	687
487	1118
488	622
488	850
488	996
489	1017
489	1101
489	1288
490	652
490	847
490	968
491	1158
491	1216
492	615
492	982
493	566
493	668
493	1379
494	1092
494	1123
495	558
495	975
496	565
496	752
496	1067
497	584
497	818
497	937
497	1105
497	1259
497	1367
498	521
498	1167
498	1231
499	1096
499	1132
500	569
502	531
502	941
503	654
503	1247
504	961
504	1037
504	1067
505	784
505	872
506	597
506	1015
506	1225
507	693
507	790
507	854
508	613
508	654
508	657
508	796
508	843
508	1242
509	1182
510	594
511	1125
511	1218
511	1258
511	1269
512	989
513	541
513	584
513	1080
514	683
515	798
515	1332
516	806
516	1196
518	759
518	964
519	923
519	1091
520	1048
520	1184
521	665
521	773
521	864
521	874
521	1041
521	1079
522	1232
523	766
524	1302
525	783
525	1266
525	1354
526	588
526	852
527	549
527	963
528	944
529	652
529	1361
530	533
530	859
530	947
530	1135
530	1355
531	546
531	630
531	866
531	1164
532	535
532	676
532	980
532	1094
532	1302
533	1051
533	1053
534	834
534	864
534	911
534	1276
535	622
535	855
535	1019
536	618
536	1148
537	1103
537	1290
537	1316
538	571
538	981
538	995
538	1234
539	573
539	708
540	864
540	896
540	1377
541	685
541	983
541	1065
542	901
542	978
543	743
543	991
543	992
543	1304
544	587
544	692
544	1003
544	1324
545	596
545	869
545	1133
545	1238
546	720
546	1314
546	1325
547	680
547	1267
547	1341
548	696
548	1068
549	824
549	947
549	1274
550	1071
551	877
551	940
551	1008
552	1018
552	1355
553	691
553	1143
553	1204
553	1349
554	613
554	756
555	701
555	1000
555	1038
555	1208
555	1338
556	560
556	778
556	919
556	1033
557	604
557	1258
558	1343
559	1323
560	781
560	986
562	1206
562	1362
562	1375
563	1161
564	822
564	1071
564	1094
564	1350
564	1397
565	847
565	1013
565	1147
565	1157
565	1378
567	943
567	956
568	1054
568	1204
568	1306
568	1332
569	799
569	801
569	1199
569	1239
570	644
570	773
570	1190
570	1220
571	976
571	1361
572	997
572	1181
572	1317
572	1362
573	690
573	817
573	889
573	1098
574	628
574	679
574	902
574	1073
574	1207
575	768
575	964
575	1078
576	768
577	1102
577	1143
577	1167
578	582
578	688
578	766
578	1271
578	1280
579	631
579	1000
579	1215
579	1368
580	1090
581	976
581	1195
581	1255
582	612
582	758
582	1222
582	1359
583	758
583	855
583	936
583	951
583	1018
583	1106
583	1124
583	1132
584	764
585	714
585	1244
586	684
587	832
587	1353
588	589
588	691
589	905
589	1130
589	1327
591	1220
592	1282
592	1381
593	721
593	747
593	826
593	947
594	655
595	1050
595	1347
596	744
596	1257
596	1259
597	749
597	836
597	850
597	1053
597	1263
597	1362
598	928
599	725
599	1043
600	795
600	932
600	1371
601	704
601	850
601	1222
602	627
602	998
603	1086
603	1258
604	1388
604	1390
605	1029
605	1314
605	1381
606	893
606	1092
607	842
608	740
608	922
608	1330
609	813
609	1112
610	817
610	862
611	757
611	1228
612	721
612	905
612	937
612	1033
612	1123
613	647
613	809
613	1039
613	1158
614	757
614	789
614	910
614	1075
614	1159
615	777
616	1327
617	1149
618	887
619	749
619	1123
619	1177
620	976
620	1272
620	1380
621	678
621	1015
621	1327
622	957
622	1343
622	1354
623	858
623	1122
623	1292
624	699
624	863
624	934
624	1264
627	806
627	1387
628	1129
629	856
629	906
629	1284
630	724
630	1129
630	1227
631	853
631	894
633	1292
634	1013
635	695
635	748
635	1217
635	1365
635	1366
636	1110
637	732
637	1133
637	1167
639	994
639	1088
639	1372
640	884
640	1012
641	1071
642	900
642	1273
643	1313
644	1129
644	1137
644	1311
645	673
645	772
645	871
645	980
645	999
645	1006
645	1170
645	1285
646	684
646	915
646	919
646	1058
646	1353
647	670
647	1007
648	710
648	1356
649	660
650	898
651	667
652	836
652	1038
653	1106
654	685
654	784
654	905
654	1116
654	1340
656	812
656	955
656	956
656	1017
657	690
657	1032
657	1183
658	778
658	876
658	954
658	956
658	1214
658	1240
658	1251
658	1312
660	661
660	873
660	929
660	1300
660	1383
661	678
661	680
661	1224
661	1365
662	710
662	897
662	921
662	1223
663	1000
663	1199
664	670
664	754
665	1175
665	1215
666	1003
666	1108
666	1137
667	1394
668	796
668	1351
669	1005
670	846
670	1215
671	842
671	1107
672	701
672	707
672	752
672	835
672	1352
673	691
676	784
676	1048
677	869
677	1292
677	1326
678	816
678	1104
679	756
679	1187
680	762
680	914
680	1105
682	776
682	1043
683	767
683	863
683	927
683	1177
683	1206
686	1023
686	1383
687	847
688	1234
688	1378
689	937
690	1094
691	1188
692	1131
693	698
693	864
693	1234
694	837
695	1085
695	1196
695	1359
696	746
696	1015
696	1147
696	1159
698	716
698	926
698	986
698	1125
700	1127
701	922
701	1323
702	753
702	1060
703	741
703	957
703	1122
704	928
705	1117
705	1148
706	970
706	1020
706	1059
706	1164
707	950
707	1232
707	1255
708	833
708	876
709	768
709	1122
710	853
710	1371
711	1357
712	805
712	924
712	1371
713	891
714	953
714	1100
715	1028
716	1064
716	1329
717	793
718	840
718	900
718	989
718	1303
719	1151
719	1364
719	1394
720	864
720	1319
721	930
721	1388
723	991
725	802
725	1320
726	1339
728	1008
729	1064
730	948
730	977
730	1370
731	773
732	772
732	803
732	1141
733	1139
733	1297
734	1072
734	1133
734	1207
734	1275
735	1240
735	1309
736	923
736	1365
737	1237
738	970
738	1182
739	1128
739	1268
739	1290
740	986
741	834
741	904
741	1264
741	1294
743	1123
744	765
744	834
744	1201
744	1261
745	1114
745	1381
746	855
747	971
748	1120
748	1364
749	1137
750	1114
752	789
752	1309
753	870
753	1214
754	985
754	1093
754	1222
754	1278
755	762
755	852
755	857
756	1251
757	839
757	899
757	1088
758	989
758	1059
758	1072
758	1228
759	867
759	1043
759	1219
760	781
760	821
761	921
761	1356
762	960
762	1163
762	1350
763	1088
763	1160
763	1161
764	1114
764	1316
765	1055
766	773
766	774
766	1333
767	1050
768	970
769	816
770	1025
770	1203
770	1374
772	1101
772	1278
773	1067
773	1238
774	825
775	808
775	1187
776	851
776	899
776	915
776	1244
777	1156
777	1291
778	854
778	938
778	1291
779	875
779	878
779	949
779	1108
780	1140
781	1352
783	876
783	1058
783	1226
783	1273
784	966
784	1090
785	1045
785	1338
788	1021
789	929
789	1238
790	836
791	1160
792	889
793	1142
793	1145
793	1150
794	1392
795	909
796	825
797	972
797	1266
798	1261
799	1159
800	948
800	958
800	1009
800	1062
800	1159
802	917
802	1328
803	844
803	1072
803	1390
805	1028
806	985
806	1147
807	873
807	879
807	885
807	918
807	1148
808	886
808	1035
808	1098
808	1283
809	985
809	1071
811	1255
811	1341
812	912
812	1137
813	1055
813	1227
814	852
814	1070
814	1251
815	1240
815	1298
816	1065
816	1194
816	1260
816	1273
819	913
819	990
819	1153
820	896
820	1207
820	1291
821	1040
821	1059
822	1182
822	1215
823	1197
823	1396
824	1132
824	1176
824	1268
825	1157
825	1196
825	1232
825	1296
826	870
826	1053
826	1187
826	1256
827	1149
827	1184
828	1142
828	1251
828	1312
828	1330
829	1180
830	1122
831	1196
831	1218
831	1339
832	1042
833	1039
833	1052
833	1160
834	1286
835	1164
835	1283
836	1114
838	1041
838	1210
839	840
839	908
840	870
840	1354
841	1193
842	1049
843	1186
843	1321
844	1088
844	1160
845	1287
845	1351
846	1092
846	1257
846	1313
848	947
849	1394
851	1096
851	1315
853	874
853	1223
853	1240
855	1153
856	1181
857	1309
859	934
859	1220
859	1227
859	1260
859	1308
860	1026
861	875
861	915
861	1118
861	1218
861	1231
862	1117
862	1291
863	916
863	1001
863	1289
864	886
864	1187
864	1323
865	1078
865	1383
866	918
866	1082
866	1109
867	999
867	1053
867	1096
867	1126
868	1215
869	887
869	901
869	1172
869	1276
869	1280
870	1108
871	1027
873	1086
874	999
874	1104
875	1150
876	935
876	972
876	1189
876	1383
878	1235
879	975
879	1225
880	1385
881	1076
881	1172
881	1254
881	1349
881	1361
882	1334
883	1210
885	966
885	1388
886	939
886	1159
886	1178
886	1215
886	1305
888	1311
889	1248
890	1221
890	1222
890	1301
891	1029
892	984
894	973
894	1291
897	1221
897	1382
900	919
901	1013
901	1195
901	1234
902	1230
903	904
903	913
903	933
903	1178
903	1373
904	1100
904	1171
904	1377
906	1102
906	1268
907	1211
907	1362
909	919
911	1088
913	1263
914	1306
915	1360
917	1088
917	1336
920	947
920	1059
920	1303
921	998
921	1034
922	1006
922	1052
923	962
923	1051
923	1133
925	1271
926	986
927	988
927	1069
928	1068
928	1263
928	1397
930	1212
930	1342
932	1067
932	1212
933	1342
934	1128
934	1372
935	1051
935	1130
935	1318
936	1127
937	1036
937	1121
937	1210
937	1260
937	1313
937	1375
938	1376
938	1379
939	1041
940	1341
940	1375
941	1060
941	1246
942	1364
944	1143
945	1110
946	1174
949	1094
949	1148
950	1314
951	984
951	1048
951	1101
951	1339
952	1363
953	966
953	990
954	1081
955	1044
955	1388
959	1045
959	1232
961	999
963	1353
964	1186
964	1329
965	974
965	991
967	1230
967	1378
968	1314
970	1048
970	1100
971	1268
972	1037
973	976
973	1117
976	1112
976	1392
978	1039
978	1351
979	1044
979	1123
979	1382
980	1205
981	1004
981	1170
981	1381
981	1390
982	1030
982	1182
983	1053
983	1183
984	1058
984	1235
984	1238
984	1284
985	1181
985	1377
986	1259
986	1330
987	1052
987	1219
987	1365
988	1158
988	1229
989	1120
989	1167
989	1276
990	1077
990	1078
990	1271
991	1150
991	1192
991	1242
992	1177
992	1238
994	1025
994	1053
994	1216
994	1382
996	1292
997	1195
998	1155
1000	1185
1000	1287
1001	1217
1001	1271
1001	1304
1003	1004
1003	1192
1003	1265
1004	1214
1005	1213
1006	1115
1006	1203
1006	1299
1007	1073
1007	1168
1010	1288
1011	1019
1011	1214
1013	1176
1014	1193
1015	1289
1017	1369
1019	1247
1019	1308
1019	1341
1022	1224
1022	1230
1022	1335
1022	1391
1025	1192
1025	1213
1025	1339
1027	1046
1027	1264
1027	1284
1028	1100
1030	1052
1030	1203
1030	1383
1031	1184
1031	1272
1031	1280
1032	1224
1034	1168
1034	1249
1035	1206
1037	1247
1037	1387
1039	1066
1039	1176
1043	1178
1045	1085
1046	1309
1048	1291
1049	1147
1049	1156
1050	1087
1050	1118
1050	1172
1050	1314
1054	1344
1055	1111
1055	1179
1055	1217
1055	1224
1059	1377
1061	1205
1061	1220
1062	1223
1064	1149
1065	1096
1065	1115
1065	1253
1066	1085
1067	1389
1068	1102
1074	1151
1078	1351
1079	1369
1081	1089
1082	1159
1082	1218
1082	1321
1082	1333
1085	1333
1086	1291
1088	1210
1089	1257
1089	1278
1095	1293
1095	1327
1095	1383
1099	1190
1099	1357
1101	1263
1101	1303
1102	1273
1104	1233
1105	1139
1109	1119
1111	1125
1111	1167
1111	1273
1111	1331
1112	1218
1113	1352
1114	1180
1115	1347
1116	1207
1116	1263
1119	1195
1120	1334
1121	1243
1122	1210
1124	1126
1125	1228
1125	1250
1126	1372
1129	1150
1129	1298
1130	1378
1133	1185
1135	1314
1136	1287
1136	1356
1137	1342
1138	1323
1138	1374
1139	1150
1139	1170
1144	1375
1146	1391
1148	1354
1149	1219
1151	1187
1153	1173
1154	1163
1154	1220
1154	1360
1157	1177
1158	1222
1158	1326
1159	1177
1159	1221
1159	1293
1162	1177
1163	1288
1163	1374
1165	1178
1168	1287
1169	1395
1170	1239
1170	1326
1172	1183
1172	1306
1173	1360
1183	1391
1184	1195
1184	1244
1185	1358
1187	1209
1187	1314
1199	1340
1202	1313
1206	1329
1207	1365
1210	1302
1213	1250
1222	1313
1224	1355
1225	1239
1227	1364
1231	1378
1232	1368
1232	1373
1236	1349
1242	1308
1242	1324
1245	1394
1250	1341
1250	1366
1258	1341
1259	1344
1261	1353
1262	1335
1267	1280
1271	1335
1272	1308
1273	1308
1279	1286
1280	1383
1281	1361
1282	1392
1288	1336
1315	1392
1317	1325
1326	1396
1331	1372
1339	1354
1346	1374
1348	1369
1364	1382
1364	1389
1364	1394