0	113
0	274
0	708
0	816
0	1551
1	349
1	473
1	673
1	1556
2	27
2	169
2	792
3	1188
4	82
4	238
4	486
5	153
5	1217
5	1795
6	209
6	500
6	666
6	677
6	1008
7	376
7	407
7	778
7	1461
7	1479
7	1591
8	297
8	639
8	1055
9	312
9	331
9	787
9	1467
9	1595
9	1731
9	1797
10	25
10	536
11	1208
11	1245
11	1477
12	29
12	134
12	192
12	463
13	76
13	490
13	753
13	1365
14	539
14	655
14	657
14	733
14	1398
15	771
15	803
15	975
16	365
16	1323
16	1584
16	1608
17	129
17	169
17	207
17	266
17	293
17	850
18	931
18	1293
18	1450
18	1698
18	1837
19	268
19	1282
19	1447
20	432
20	529
20	801
20	863
20	1049
20	1577
20	1832
21	83
21	372
21	1567
21	1846
22	656
22	980
22	1366
22	1516
23	1350
23	1591
23	1838
24	709
24	1025
24	1656
24	1708
25	422
25	871
26	646
26	938
26	1015
26	1772
27	299
27	994
27	1222
27	1241
27	1311
27	1529
28	205
28	1613
28	1713
29	329
29	511
29	892
29	930
29	1744
30	55
30	589
30	1806
31	41
31	860
31	1196
31	1303
31	1899
32	629
32	763
32	1353
32	1863
33	676
33	1109
33	1236
33	1381
33	1820
33	1861
34	79
34	189
34	744
34	895
34	1184
34	1442
35	366
35	419
35	491
35	506
35	800
35	1632
35	1697
36	769
36	906
36	1101
36	1332
36	1418
36	1445
36	1576
36	1633
36	1832
36	1875
37	292
37	827
37	1181
37	1272
38	174
38	539
38	842
38	1326
39	159
39	1004
39	1323
39	1519
39	1795
40	153
40	392
40	556
40	618
40	708
40	731
40	891
40	917
41	70
41	325
42	438
42	1588
42	1619
42	1750
43	130
43	138
43	496
44	237
44	1284
44	1388
45	1242
45	1889
45	1896
46	49
46	384
46	582
46	583
46	698
46	1524
46	1597
46	1651
46	1695
46	1719
47	568
47	1083
48	1259
49	483
49	1064
49	1722
50	590
50	663
50	1069
50	1114
50	1754
51	551
51	638
51	1687
51	1709
52	395
52	423
52	1701
52	1712
53	87
54	1143
54	1291
55	301
55	320
55	561
55	705
55	707
55	787
55	1321
55	1348
55	1662
56	1358
56	1741
56	1766
57	149
57	1162
57	1800
57	1869
58	228
58	337
58	421
58	1301
58	1810
59	1257
59	1491
60	1121
60	1209
60	1493
60	1788
61	408
61	420
61	976
61	1140
61	1246
61	1587
61	1784
62	683
62	1330
62	1581
63	208
63	725
63	1757
64	86
64	99
64	236
64	371
64	383
64	1145
64	1290
64	1330
65	1492
65	1652
66	506
66	630
66	947
66	1335
66	1426
66	1483
66	1552
66	1683
67	247
67	872
67	1344
67	1816
68	545
68	1598
68	1644
69	531
69	834
70	287
70	557
70	889
70	911
70	1021
70	1719
70	1781
71	175
71	409
71	871
71	959
72	1212
72	1347
72	1457
72	1564
73	208
73	465
73	494
73	755
73	1231
74	154
74	879
74	1068
74	1344
74	1445
74	1516
75	360
75	1574
75	1732
75	1841
76	288
76	586
76	925
76	1238
77	991
77	1163
77	1442
77	1712
78	123
78	1016
78	1068
78	1481
78	1585
79	383
79	604
79	821
80	914
80	1214
80	1227
81	226
81	1046
82	536
82	761
82	1123
82	1147
83	125
83	206
83	537
83	1070
83	1570
84	1546
85	932
85	1139
85	1281
85	1570
86	208
86	1295
86	1305
87	966
88	161
88	867
88	916
88	1655
88	1787
89	179
89	279
89	347
89	1012
89	1084
89	1423
89	1572
90	425
90	999
90	1208
90	1859
91	114
91	292
91	473
91	515
91	806
91	936
91	1481
91	1566
92	330
92	718
92	915
92	977
92	1080
92	1567
92	1654
93	218
93	240
93	730
93	1220
93	1486
93	1662
93	1855
94	186
94	466
94	687
94	1103
95	1296
95	1315
95	1370
95	1801
95	1820
96	295
96	434
96	435
96	780
96	1356
96	1460
96	1728
97	789
97	1107
97	1475
97	1725
98	607
98	1331
98	1899
99	565
99	1039
100	1447
101	1177
102	491
102	629
102	925
102	957
102	1314
102	1841
103	1248
104	884
104	1247
105	860
105	990
105	1108
105	1193
105	1367
105	1817
105	1823
106	338
106	523
106	686
106	1479
107	712
107	845
107	916
107	1399
107	1859
108	362
108	394
108	590
109	1704
110	1092
110	1716
110	1885
110	1899
111	1620
112	575
112	606
112	779
112	1416
112	1524
113	538
113	1077
113	1712
114	708
114	803
114	1353
114	1367
114	1531
114	1548
115	873
116	372
116	440
116	561
116	1549
116	1651
117	509
117	1674
118	209
118	278
119	887
119	1409
119	1511
120	1427
120	1701
121	166
121	475
122	313
122	943
122	1023
122	1123
123	131
123	263
123	919
123	1597
123	1687
124	431
124	1654
125	1805
126	210
126	559
126	928
126	1047
127	129
127	858
127	1050
127	1302
127	1649
128	192
128	554
128	715
128	1256
128	1504
128	1584
128	1655
129	228
129	1515
130	258
130	303
130	500
130	1529
131	503
131	586
131	1232
132	158
132	388
132	445
132	577
132	1501
133	457
133	1159
134	1127
134	1460
135	1147
136	833
136	1593
136	1867
137	441
137	694
137	1051
138	352
138	530
138	1310
138	1773
139	140
139	167
139	421
140	340
140	435
140	729
140	769
141	1878
142	199
142	968
142	1037
142	1202
142	1269
142	1283
142	1769
143	511
143	1255
143	1543
144	609
144	857
144	944
145	265
146	552
146	915
146	1450
147	1256
147	1596
148	1446
148	1466
148	1542
149	1288
149	1744
150	294
150	363
150	441
150	450
151	372
151	457
151	1042
152	1461
152	1744
153	319
153	447
153	1051
153	1375
153	1480
153	1562
153	1810
154	185
154	344
154	766
154	960
154	1533
154	1846
155	476
155	567
155	629
155	976
155	1780
156	168
156	197
156	793
156	982
156	1142
156	1179
156	1490
157	1135
157	1190
157	1254
157	1373
157	1411
157	1577
157	1593
158	441
158	512
158	657
158	1296
158	1318
158	1650
159	1508
159	1566
159	1850
160	1348
161	286
161	1492
162	242
162	358
162	390
162	453
162	478
162	1452
162	1546
163	831
163	929
163	935
163	979
163	1745
164	652
164	1292
164	1513
164	1644
165	296
165	601
165	1465
165	1474
166	321
166	1341
167	487
167	649
167	1090
167	1678
168	1725
169	346
169	1333
169	1505
170	899
170	1585
170	1854
171	652
172	269
172	1558
172	1609
173	602
173	790
173	1487
173	1703
173	1749
173	1831
174	190
174	256
174	673
174	745
175	432
175	963
175	1040
176	294
176	466
176	977
176	1414
177	342
177	743
177	1480
177	1630
177	1787
178	181
178	776
178	1122
178	1549
179	571
179	625
179	1615
180	512
180	780
180	1447
180	1643
180	1739
180	1742
181	278
181	300
181	422
181	738
181	1211
181	1647
181	1759
182	1399
182	1443
182	1754
182	1816
183	1007
183	1289
183	1438
184	766
184	815
184	1279
185	458
185	720
185	1155
185	1476
186	397
186	446
186	993
186	1829
187	707
187	1056
187	1361
188	1479
189	528
189	941
189	1150
189	1379
189	1438
189	1571
189	1699
189	1844
190	610
190	675
190	1408
191	1270
191	1442
191	1478
192	209
192	293
192	423
192	799
193	511
193	1354
194	825
194	916
194	1218
194	1467
195	906
195	1211
196	399
196	574
196	885
196	1447
196	1489
196	1578
196	1893
197	326
197	372
197	1311
197	1402
197	1761
197	1814
197	1829
198	269
198	466
198	594
198	1480
198	1506
199	365
199	887
199	1145
199	1346
200	591
200	1514
201	514
201	530
201	1190
201	1561
201	1700
202	598
202	725
202	802
202	1004
202	1155
202	1300
202	1414
203	236
203	533
203	805
203	820
203	856
203	988
203	1733
204	776
204	799
204	1032
204	1253
204	1307
204	1429
205	266
205	698
205	891
205	1059
205	1706
205	1768
206	653
206	1485
207	214
207	503
207	1451
207	1472
207	1735
208	240
208	282
208	740
208	1251
208	1437
208	1496
209	905
209	1563
210	919
210	1203
210	1311
211	384
211	655
211	819
211	976
211	1036
211	1042
211	1347
211	1761
211	1803
212	226
212	409
212	723
212	1216
212	1780
213	266
213	368
213	1755
214	225
214	841
214	878
214	892
215	848
215	1148
215	1537
215	1684
215	1877
216	261
216	771
216	1773
217	503
218	348
218	564
218	945
218	1735
218	1801
219	226
220	516
220	546
220	987
220	1034
221	491
222	401
222	571
223	769
224	646
224	1074
224	1285
224	1412
224	1791
225	994
226	1103
226	1346
226	1763
227	1181
227	1252
227	1316
227	1491
227	1527
228	597
228	1736
229	1419
229	1712
230	1013
230	1049
230	1231
230	1241
231	471
231	1463
231	1643
232	1462
233	1806
234	440
234	683
234	828
234	1088
234	1663
234	1712
235	645
235	720
235	806
235	1170
235	1547
235	1841
236	329
236	838
236	1172
236	1488
236	1533
237	772
237	862
237	1521
237	1676
238	537
238	1418
238	1427
238	1471
238	1700
239	1432
240	1260
240	1692
241	312
241	1016
241	1075
241	1256
241	1655
242	338
242	964
242	1082
242	1125
242	1232
243	801
243	819
243	1201
243	1682
244	1079
244	1341
245	1141
245	1298
245	1416
246	457
246	494
246	693
246	963
246	1035
246	1521
246	1697
247	380
247	459
247	1145
247	1597
248	1583
248	1760
249	303
249	428
249	874
249	898
249	1096
250	1326
250	1333
250	1471
250	1522
251	291
251	743
251	1699
252	583
253	501
253	1620
253	1772
254	656
254	1725
255	499
255	708
255	947
255	1249
255	1391
255	1780
256	784
256	1738
256	1813
257	318
257	434
257	742
257	1381
258	280
258	851
258	895
258	1145
258	1149
259	644
260	350
260	522
260	523
260	926
260	1001
261	595
261	1283
262	1556
263	286
263	756
263	965
263	1175
263	1268
263	1362
263	1585
263	1881
264	404
264	1308
265	435
265	1169
266	703
266	1059
267	676
268	1601
269	759
270	711
270	833
270	896
270	1034
271	661
271	1183
271	1226
271	1328
271	1379
272	611
272	881
272	1237
272	1760
273	380
273	517
273	828
273	1654
273	1895
274	531
274	1747
275	361
275	906
275	1145
275	1491
275	1591
275	1832
276	446
276	1518
277	684
277	1253
277	1265
277	1283
278	408
278	510
278	734
278	1676
278	1880
279	665
279	849
279	884
279	1839
280	843
280	992
280	1209
280	1294
280	1630
281	636
281	1263
281	1481
281	1747
282	335
282	514
282	719
282	901
282	1653
282	1817
283	307
283	371
283	701
283	1616
284	494
284	496
284	1122
285	1743
286	323
286	602
286	864
286	1419
286	1637
286	1694
286	1761
286	1807
287	1397
287	1624
287	1742
287	1792
288	690
288	856
288	1345
289	653
289	943
289	1069
289	1258
289	1351
289	1519
290	793
290	829
290	898
290	1067
290	1359
291	980
292	580
292	1574
292	1768
293	363
293	1485
294	646
294	1342
295	362
295	927
296	447
296	1665
297	597
297	785
298	813
298	818
298	861
298	1280
299	792
299	1262
299	1307
299	1594
299	1740
300	610
300	810
301	319
301	1170
302	527
303	922
303	1157
303	1292
303	1680
303	1810
304	665
304	1329
304	1601
305	1041
305	1047
305	1076
305	1130
306	425
306	668
306	672
306	1185
306	1296
307	528
307	795
307	1067
307	1360
308	805
308	1118
308	1379
308	1554
309	463
309	743
309	1778
309	1804
309	1864
310	422
310	888
310	953
310	1437
310	1523
310	1528
310	1570
310	1575
310	1615
310	1754
311	1302
312	1222
313	890
313	1353
313	1490
314	1056
314	1104
314	1343
314	1350
314	1718
315	1257
316	540
316	581
316	585
316	1231
317	722
317	761
317	787
317	1830
318	358
318	822
318	843
319	806
319	844
319	1646
319	1712
319	1740
320	498
320	630
320	759
320	1776
321	376
321	926
321	932
321	1103
321	1141
322	495
322	562
322	720
322	1758
323	1412
323	1733
324	558
324	1102
324	1398
324	1765
325	1532
326	328
326	810
326	851
327	399
327	468
327	1101
327	1170
327	1426
327	1761
327	1863
329	1006
329	1538
329	1596
330	571
331	482
331	1216
331	1252
331	1565
331	1866
332	1151
333	1028
333	1126
333	1606
333	1724
334	1019
334	1341
334	1353
334	1515
334	1843
335	359
335	368
335	490
335	551
335	628
335	1093
335	1587
335	1723
336	559
336	886
336	1245
336	1892
337	433
337	1032
337	1398
337	1718
337	1736
337	1785
338	348
338	567
338	905
338	1679
339	392
339	412
339	436
339	1626
340	667
340	985
340	1055
340	1447
340	1665
340	1749
341	1521
342	368
342	462
342	562
342	1241
343	1636
344	464
344	534
344	668
344	1369
345	707
345	990
345	1099
345	1615
346	349
346	843
346	1477
346	1527
346	1710
347	421
347	1053
347	1213
347	1339
347	1700
348	1478
349	518
349	1320
349	1496
349	1639
350	522
350	1174
351	698
352	370
352	1148
353	461
353	1427
353	1540
353	1641
354	532
354	689
354	985
354	1080
354	1427
354	1534
355	1391
356	1016
357	455
357	515
357	671
357	1113
358	446
358	1190
358	1622
358	1708
358	1829
359	703
359	843
359	936
359	1211
359	1331
359	1376
359	1389
360	384
360	1772
360	1800
361	598
361	741
361	1089
361	1099
361	1680
362	419
362	722
362	1292
362	1316
363	1008
363	1048
363	1195
363	1296
363	1325
363	1454
363	1472
363	1722
364	377
364	435
364	837
364	1392
365	1597
366	587
366	699
366	1153
367	598
367	786
367	1790
368	1318
368	1533
368	1586
369	1333
369	1470
369	1797
370	540
370	1307
370	1536
371	993
371	1397
372	491
372	1035
372	1304
373	505
373	1312
373	1318
373	1397
374	1779
375	1205
375	1255
375	1397
376	676
376	1439
376	1674
376	1780
377	1145
377	1336
377	1468
377	1495
377	1600
377	1834
378	402
378	445
378	945
379	1105
379	1244
379	1703
380	415
380	750
380	1434
380	1780
381	729
381	992
381	1178
381	1460
382	1000
382	1310
382	1383
382	1610
383	482
383	571
383	915
383	1834
385	796
385	1155
385	1354
385	1554
385	1632
386	566
387	1034
387	1519
387	1810
388	726
388	1100
388	1806
389	1123
389	1826
390	645
391	663
391	1347
391	1534
392	516
392	912
393	1113
393	1488
393	1621
393	1713
394	969
394	1143
394	1167
394	1797
395	741
395	776
395	1719
395	1750
396	999
396	1842
397	549
397	762
397	1060
397	1137
397	1304
398	1364
398	1711
399	1010
399	1053
399	1490
400	666
400	909
400	1189
400	1658
400	1735
401	1499
401	1812
402	605
402	1463
402	1484
403	456
403	837
403	1165
403	1274
404	1022
404	1120
404	1131
404	1171
404	1259
404	1456
404	1473
405	780
405	1077
406	1244
406	1492
406	1493
406	1884
407	861
407	873
407	1295
407	1512
407	1713
408	642
408	656
408	761
408	791
409	879
409	1144
410	770
410	1403
410	1435
410	1686
411	537
411	951
411	1072
411	1647
411	1748
411	1875
412	621
412	632
412	1447
412	1650
413	437
413	447
413	842
413	1099
413	1168
414	542
414	620
414	1728
415	1511
416	770
416	1184
416	1201
416	1807
416	1875
417	970
418	652
418	1882
419	731
419	1482
419	1804
420	591
420	765
420	835
420	869
420	1684
421	853
421	967
421	976
421	1062
422	1863
423	1101
423	1114
423	1317
424	585
424	693
424	697
424	780
424	842
424	896
424	1522
424	1690
425	863
425	1012
425	1421
425	1506
426	587
426	996
426	1070
426	1553
427	560
427	1735
429	939
430	785
430	938
430	1398
430	1404
430	1593
430	1704
431	847
431	1032
431	1666
431	1713
431	1865
432	819
432	1010
432	1212
432	1875
433	862
433	924
433	1170
433	1387
433	1434
433	1588
434	475
434	585
434	736
434	1483
435	691
435	961
435	1439
435	1850
436	1635
436	1852
437	450
437	740
437	1369
437	1370
437	1618
438	479
438	579
438	1584
438	1742
439	1661
439	1712
439	1724
439	1789
440	1275
440	1353
440	1610
441	578
441	782
441	1077
441	1226
442	1053
442	1094
442	1499
442	1591
443	874
444	1138
445	1441
445	1467
446	1377
446	1542
446	1636
447	852
448	702
448	844
448	1136
448	1581
449	743
449	1208
450	490
450	1505
450	1520
450	1542
450	1843
451	784
451	1072
452	891
452	1142
452	1535
452	1675
454	1242
454	1304
454	1342
454	1887
455	854
456	856
456	1028
456	1067
456	1178
456	1199
456	1466
456	1828
457	793
457	828
457	1157
458	1023
458	1829
459	1607
460	679
460	1073
460	1209
460	1220
461	895
461	1183
462	1536
462	1842
463	508
463	821
463	854
463	1010
463	1035
463	1452
463	1881
464	1563
465	715
465	993
465	1537
466	656
466	1263
466	1398
467	842
467	1042
467	1158
467	1344
467	1451
467	1788
467	1840
468	1366
468	1419
468	1585
469	1006
470	803
470	901
470	1884
472	1637
473	552
473	957
473	1145
473	1778
474	1123
474	1190
474	1393
474	1555
475	1835
476	1385
476	1511
476	1512
476	1543
477	1031
477	1534
478	1059
478	1195
478	1261
478	1472
479	632
479	1894
480	532
480	661
480	926
480	1601
481	615
481	978
481	1005
481	1099
483	1000
484	1168
484	1447
485	700
485	922
486	1626
486	1683
487	1629
487	1732
487	1782
488	781
488	806
489	1291
490	626
490	1255
490	1895
491	1845
492	840
492	1353
492	1445
492	1607
492	1709
493	1347
494	511
494	720
494	1191
494	1328
494	1369
495	582
495	875
495	1334
495	1512
496	743
496	915
496	1186
496	1353
496	1378
497	916
497	920
497	922
497	1200
497	1264
497	1311
498	632
498	851
498	911
498	1654
499	723
499	1311
499	1551
499	1573
499	1599
499	1753
500	760
500	1113
500	1269
500	1391
500	1570
501	957
502	1520
502	1580
502	1763
503	579
503	887
503	917
503	991
503	1468
503	1484
504	692
505	848
505	1181
506	782
506	1558
507	635
507	1274
507	1342
507	1588
507	1611
508	1251
508	1509
509	703
509	1562
510	742
510	1107
510	1308
510	1561
510	1763
511	1252
511	1691
512	578
512	907
512	1460
513	736
513	1351
514	842
514	1154
514	1372
514	1456
514	1585
514	1794
515	565
515	1393
515	1443
515	1790
516	1369
516	1652
516	1857
517	1413
518	1070
519	927
520	592
520	1071
520	1709
521	818
521	907
521	1296
522	957
522	1183
522	1461
523	529
523	1503
523	1714
524	900
524	1257
524	1863
525	736
526	706
526	838
526	1076
526	1720
527	563
527	920
527	1163
527	1274
527	1618
528	792
528	1136
528	1279
528	1392
528	1464
528	1676
529	959
530	748
531	835
531	1174
532	607
532	1289
533	1074
533	1668
534	1813
535	1323
535	1601
536	786
536	874
536	1442
536	1674
536	1714
537	832
537	1546
539	1480
541	793
541	1101
541	1130
541	1732
541	1844
543	1350
543	1445
544	1475
544	1844
545	893
545	1072
546	632
546	695
546	729
546	1050
546	1057
546	1265
547	1377
547	1580
547	1604
547	1632
547	1666
547	1764
548	1208
548	1394
548	1405
548	1579
548	1704
549	1728
550	697
550	1130
550	1196
550	1890
551	945
551	951
551	1009
551	1879
552	629
552	853
552	1513
552	1717
553	1581
553	1709
554	555
554	860
555	645
555	924
555	1061
555	1127
555	1279
555	1512
555	1569
555	1759
556	823
556	1112
556	1559
557	837
558	850
558	915
558	922
558	1658
559	1499
559	1650
559	1861
560	990
560	1721
561	1201
561	1589
561	1684
561	1895
562	930
562	939
562	1794
563	765
563	1122
563	1233
563	1675
563	1794
564	757
565	1595
565	1600
565	1624
566	621
566	1490
567	1222
569	1018
569	1638
570	1225
571	654
571	884
571	1146
571	1214
571	1258
571	1520
571	1541
572	1022
572	1606
572	1643
572	1845
573	1219
573	1296
573	1825
574	1073
576	632
576	696
576	720
576	808
576	1123
576	1185
576	1369
576	1540
577	788
577	1678
578	1626
578	1649
579	662
580	1033
580	1060
581	1574
581	1898
582	624
582	693
582	1210
582	1481
583	1557
584	836
584	876
584	1338
584	1798
585	945
585	1719
586	1412
587	1042
587	1332
588	950
589	707
589	882
589	1440
589	1450
590	999
590	1389
590	1702
591	918
591	1136
592	701
592	1003
592	1168
592	1516
592	1569
593	1199
594	925
594	989
594	1258
595	871
595	879
595	897
595	980
595	1032
595	1301
595	1362
595	1431
595	1691
596	603
596	852
596	895
596	1219
596	1320
597	1130
598	735
598	1865
598	1880
599	696
599	808
599	1104
599	1363
600	985
600	1641
601	1726
602	637
602	670
602	1052
602	1573
603	812
603	1664
603	1667
604	1398
606	846
606	1430
606	1489
606	1637
607	741
607	808
607	1352
607	1657
607	1674
608	646
608	1118
608	1351
608	1455
609	893
609	1543
610	1156
610	1696
611	649
611	1172
612	833
613	1126
614	1282
615	724
615	879
615	906
615	982
616	984
616	1166
616	1354
617	1556
617	1592
617	1639
617	1701
618	874
618	1149
619	1661
620	896
620	1058
620	1356
620	1379
621	724
621	969
622	646
622	1229
622	1317
622	1380
622	1435
623	801
624	939
624	1122
624	1204
624	1382
625	1642
625	1679
626	1345
626	1570
626	1689
627	659
627	750
627	793
627	975
627	1054
627	1477
627	1545
628	694
628	743
628	1011
628	1385
628	1549
629	970
629	1194
629	1329
629	1345
630	789
630	900
630	918
630	1352
630	1468
630	1863
631	911
631	1070
631	1090
631	1350
632	898
632	1049
632	1319
632	1830
633	653
633	1139
633	1640
634	959
634	972
634	1130
634	1159
634	1704
635	770
635	1015
635	1266
635	1272
635	1278
635	1291
636	1502
637	804
637	823
638	917
638	970
638	1020
638	1353
638	1702
638	1835
639	642
639	1662
640	838
640	1066
640	1270
641	1100
642	1764
642	1858
643	1262
643	1520
643	1542
643	1558
643	1787
644	751
644	857
644	1263
645	936
646	738
646	959
646	1039
646	1227
646	1524
647	742
647	1069
647	1408
648	1230
648	1798
649	1027
649	1709
650	663
650	1182
650	1316
650	1395
650	1550
651	1164
651	1244
651	1318
651	1526
651	1570
652	708
652	719
652	1518
653	1623
653	1636
654	943
654	1160
654	1408
655	748
655	1022
655	1495
655	1568
655	1580
655	1606
655	1673
655	1898
656	743
656	900
656	1485
656	1517
656	1709
657	1167
657	1641
658	664
658	1753
659	1246
659	1463
660	1001
660	1244
661	707
661	855
661	1634
662	812
662	1510
662	1759
663	980
663	1846
664	694
664	944
664	1116
664	1123
665	796
665	1569
666	974
666	1886
667	867
667	1117
667	1131
667	1307
667	1738
668	670
668	1145
668	1443
668	1757
669	854
669	858
669	914
669	1100
670	1127
670	1231
670	1738
671	1395
671	1644
672	976
672	1339
672	1783
672	1796
672	1872
673	725
673	844
673	900
673	1528
674	974
674	1006
674	1121
674	1291
674	1752
675	883
676	729
676	757
676	1299
676	1336
676	1708
677	807
677	1523
677	1826
678	1171
678	1569
678	1827
679	978
679	1376
679	1798
680	1895
681	1893
682	810
683	876
683	1720
684	1101
684	1128
684	1187
685	753
685	1260
685	1841
686	699
686	742
686	796
686	1165
687	805
687	1008
687	1757
687	1889
688	921
688	1331
689	1425
689	1531
690	1597
691	1612
691	1689
692	885
692	905
693	1099
693	1720
694	1568
696	712
696	765
696	1003
697	1048
697	1846
698	1171
698	1476
699	770
699	849
699	1516
699	1584
699	1703
701	1358
702	1237
702	1382
702	1644
703	1033
703	1156
703	1467
704	1112
705	1676
705	1729
706	1175
706	1308
706	1882
707	1048
707	1827
708	990
709	1487
709	1718
709	1808
709	1811
710	823
711	962
711	1794
712	749
712	984
712	1516
713	1264
713	1337
714	1235
714	1298
714	1316
714	1787
715	968
715	1697
716	785
716	847
716	867
716	1214
716	1557
716	1894
717	995
718	1338
718	1552
720	780
720	1423
720	1769
720	1891
721	1249
721	1547
722	1125
722	1197
722	1642
723	1355
725	1071
725	1109
725	1878
726	941
726	1627
726	1683
726	1730
727	1415
727	1810
728	1498
729	756
729	1315
729	1338
730	731
730	1020
730	1237
730	1351
730	1377
732	774
732	1117
732	1169
732	1708
732	1814
733	1580
734	909
735	1087
735	1132
735	1831
736	789
736	1609
737	1033
737	1442
738	771
738	798
739	943
740	871
740	1667
741	1398
741	1613
741	1712
742	944
742	1105
742	1708
743	1050
743	1861
744	894
745	799
745	882
745	1119
746	791
746	1063
747	1093
747	1379
748	832
748	1586
748	1757
748	1881
749	803
749	1093
750	1125
750	1752
751	1166
751	1636
751	1777
752	1774
753	755
753	1015
753	1039
753	1512
754	1465
754	1737
755	983
755	1125
755	1710
755	1827
756	856
756	1191
756	1225
756	1746
757	1389
757	1422
757	1620
758	1239
758	1856
759	1028
759	1193
759	1518
760	1873
761	856
761	1597
762	1202
762	1222
762	1489
762	1693
762	1694
762	1709
763	929
763	934
763	1230
763	1564
764	1336
764	1523
765	1848
766	1133
766	1649
766	1671
767	1899
768	1640
769	804
769	844
770	1198
770	1369
770	1405
770	1868
771	1819
772	925
772	1609
772	1692
773	984
773	1786
774	809
774	1088
774	1182
774	1186
774	1546
774	1727
775	1358
775	1700
776	1271
776	1759
777	870
777	1130
777	1292
777	1500
777	1511
777	1597
778	806
778	897
778	1316
778	1672
778	1730
779	1110
779	1499
780	927
780	1585
781	1838
783	1106
783	1400
783	1735
784	872
784	1024
784	1034
784	1595
787	1673
788	1006
788	1307
789	885
789	1437
789	1779
790	820
790	838
790	1145
790	1684
791	1893
794	912
795	1415
795	1570
795	1701
796	1213
796	1307
796	1446
797	830
797	1228
798	1334
798	1621
798	1770
798	1894
799	1113
799	1809
800	982
800	1202
800	1340
802	1432
802	1703
802	1781
803	1711
804	1217
804	1317
804	1647
805	970
805	1735
806	1660
806	1763
807	839
808	880
809	1152
809	1224
809	1227
809	1361
809	1386
809	1691
810	1164
810	1436
811	1127
812	1555
814	1165
815	930
815	1051
815	1091
816	862
816	1455
817	903
818	860
818	1298
818	1557
819	1031
819	1499
820	1533
820	1678
821	1240
821	1839
822	845
822	1017
822	1134
822	1189
822	1395
822	1415
823	967
823	1475
823	1551
823	1812
824	1778
825	1245
825	1482
825	1707
826	1303
826	1406
826	1784
826	1856
827	881
827	1822
828	1283
828	1338
828	1420
828	1695
831	1235
831	1362
831	1410
831	1879
832	929
832	1519
833	1073
833	1468
833	1593
835	1753
836	1453
836	1871
837	908
837	1228
837	1295
837	1881
838	1413
839	949
839	1644
840	1210
840	1398
840	1622
840	1837
841	1266
842	1193
842	1302
842	1630
843	898
843	1004
843	1489
844	1629
845	941
845	1571
846	906
846	1668
846	1818
846	1863
847	1610
848	1468
848	1748
848	1792
849	1681
849	1698
850	1301
852	972
853	940
853	1319
853	1709
854	1409
855	905
855	1121
856	1145
856	1156
856	1344
856	1717
856	1872
857	860
857	1119
857	1243
857	1562
857	1689
858	891
858	1067
858	1889
859	994
860	868
860	1093
860	1183
860	1757
860	1824
861	1178
861	1184
861	1690
862	1433
863	931
863	1103
863	1184
864	1169
864	1192
864	1444
864	1449
864	1548
864	1638
864	1727
864	1819
864	1889
865	1825
866	1262
867	1157
867	1283
867	1564
867	1896
868	1673
869	1127
869	1141
870	880
871	930
871	1333
871	1470
872	889
872	1098
872	1549
873	1416
873	1731
874	1534
875	915
875	1264
876	1223
876	1282
876	1476
876	1868
877	1434
877	1845
877	1861
878	1062
878	1216
878	1444
879	998
879	1386
879	1866
880	936
880	1068
880	1142
880	1576
881	914
881	1137
882	892
883	916
883	1396
883	1586
883	1595
883	1666
884	1069
884	1319
886	1086
887	1050
887	1445
887	1515
887	1899
888	1041
888	1512
889	1477
889	1683
891	1115
891	1544
893	1000
893	1266
893	1304
893	1365
893	1448
893	1757
894	1332
895	1598
896	1108
897	1042
897	1176
897	1238
898	1083
899	1227
899	1323
900	1246
900	1375
900	1610
900	1671
901	1421
901	1714
902	1211
902	1359
903	905
903	1239
903	1255
903	1293
903	1660
903	1809
904	1091
905	906
905	988
905	1712
905	1740
907	963
907	1658
907	1817
907	1837
908	1073
908	1658
909	1153
909	1745
910	1539
911	932
911	1163
911	1191
911	1357
911	1759
912	963
912	1007
912	1211
912	1609
913	1153
913	1313
913	1552
914	993
914	1142
914	1495
914	1700
916	1277
916	1416
916	1812
917	960
918	1142
918	1394
918	1616
918	1735
919	1281
920	1007
920	1098
921	1040
921	1273
922	983
922	1074
922	1414
922	1565
922	1584
923	1695
924	1548
925	1751
925	1767
926	963
926	1608
927	1828
928	1293
929	1075
929	1309
929	1700
931	1146
931	1460
931	1622
932	1391
933	1801
934	950
934	1082
934	1380
935	955
935	1006
935	1263
935	1285
935	1384
935	1693
937	962
938	1335
939	1074
939	1334
939	1626
939	1715
939	1786
940	1146
941	1140
942	1101
942	1622
942	1819
943	1414
943	1417
943	1819
944	1668
945	1393
946	1008
946	1342
946	1435
947	1111
947	1727
948	1378
948	1407
948	1541
948	1650
949	1123
949	1125
949	1317
950	1287
950	1352
950	1500
950	1560
951	1071
951	1253
951	1290
951	1455
952	1311
953	1470
954	1634
955	994
955	1873
956	1146
957	1661
958	1207
958	1425
958	1457
958	1621
958	1777
959	1229
960	980
960	1436
960	1464
960	1792
961	1194
961	1419
963	1042
963	1086
963	1145
963	1555
963	1575
963	1599
964	1013
964	1699
964	1763
964	1781
965	1283
965	1466
966	1257
967	1323
967	1666
967	1869
969	1049
969	1306
970	1005
970	1510
971	1048
971	1121
971	1234
972	1327
972	1470
973	1144
973	1822
974	1679
975	1121
975	1804
976	1349
977	1131
977	1460
977	1690
977	1868
978	1045
979	1146
979	1430
979	1750
979	1770
980	1707
980	1821
981	1021
981	1121
982	1275
982	1726
982	1816
984	1374
984	1746
985	1459
985	1867
985	1883
986	1176
986	1395
986	1435
986	1455
987	1846
988	1339
989	1124
989	1180
989	1329
989	1847
990	1394
990	1625
990	1859
991	1091
991	1094
991	1148
992	1454
992	1526
992	1532
994	1662
994	1805
995	1590
995	1686
996	1800
997	1492
999	1250
999	1544
999	1701
1000	1168
1001	1659
1001	1721
1002	1566
1003	1133
1003	1394
1005	1051
1005	1161
1005	1275
1005	1422
1005	1704
1005	1815
1005	1882
1006	1206
1007	1449
1007	1464
1008	1025
1008	1480
1009	1065
1009	1087
1009	1772
1009	1816
1010	1072
1010	1327
1010	1756
1011	1062
1011	1132
1011	1436
1012	1523
1012	1741
1014	1179
1014	1237
1014	1431
1014	1807
1014	1819
1015	1284
1016	1898
1017	1100
1017	1729
1017	1836
1018	1686
1019	1463
1020	1113
1020	1233
1020	1445
1020	1570
1020	1763
1021	1775
1022	1198
1024	1099
1024	1254
1025	1168
1025	1254
1025	1445
1025	1503
1025	1508
1025	1730
1026	1691
1026	1847
1027	1768
1029	1502
1029	1656
1030	1418
1031	1105
1031	1836
1032	1179
1032	1856
1033	1567
1035	1709
1037	1122
1037	1126
1037	1453
1037	1671
1038	1047
1038	1458
1039	1212
1040	1462
1040	1476
1040	1706
1041	1245
1042	1093
1042	1440
1042	1524
1043	1525
1044	1167
1044	1242
1044	1277
1044	1296
1044	1784
1045	1073
1045	1529
1046	1227
1046	1410
1046	1645
1046	1716
1046	1725
1046	1786
1047	1050
1047	1180
1047	1533
1049	1135
1049	1231
1049	1410
1049	1507
1050	1535
1050	1760
1050	1820
1051	1206
1051	1327
1051	1801
1052	1149
1052	1467
1052	1786
1054	1360
1054	1642
1054	1887
1055	1382
1056	1162
1056	1249
1056	1507
1057	1304
1058	1741
1059	1312
1059	1474
1059	1599
1059	1659
1060	1538
1060	1761
1061	1308
1062	1707
1062	1804
1062	1810
1062	1817
1063	1431
1064	1079
1064	1085
1064	1317
1067	1723
1068	1305
1068	1453
1068	1789
1068	1846
1068	1893
1069	1125
1069	1416
1070	1379
1072	1843
1073	1100
1073	1139
1073	1265
1073	1803
1073	1876
1074	1181
1075	1269
1075	1404
1075	1486
1075	1778
1077	1267
1078	1349
1079	1332
1080	1492
1080	1617
1080	1696
1080	1768
1081	1405
1081	1640
1082	1180
1082	1201
1083	1616
1083	1631
1083	1896
1086	1243
1086	1783
1087	1229
1088	1899
1089	1571
1090	1099
1090	1770
1091	1565
1091	1628
1092	1364
1092	1742
1093	1697
1094	1184
1094	1322
1094	1624
1095	1484
1095	1703
1095	1834
1096	1567
1097	1459
1097	1601
1097	1671
1098	1200
1098	1243
1098	1347
1098	1389
1098	1451
1098	1511
1098	1641
1099	1435
1100	1263
1100	1374
1101	1232
1101	1618
1103	1173
1103	1271
1103	1518
1103	1605
1104	1350
1105	1349
1105	1582
1106	1216
1107	1245
1108	1495
1108	1893
1109	1130
1109	1717
1109	1878
1110	1700
1110	1763
1111	1276
1111	1345
1112	1479
1112	1517
1112	1698
1112	1881
1113	1246
1113	1418
1114	1496
1114	1627
1114	1677
1115	1139
1115	1222
1115	1324
1115	1504
1117	1247
1117	1792
1118	1281
1118	1296
1119	1380
1119	1539
1119	1595
1120	1400
1120	1614
1120	1839
1121	1545
1121	1744
1121	1751
1122	1310
1123	1413
1123	1807
1125	1429
1126	1131
1126	1771
1127	1461
1127	1745
1128	1280
1128	1307
1129	1393
1129	1509
1129	1557
1129	1748
1129	1808
1129	1834
1131	1248
1131	1826
1132	1285
1132	1353
1132	1689
1132	1812
1133	1687
1133	1705
1133	1825
1134	1364
1136	1477
1136	1624
1137	1225
1137	1381
1137	1468
1137	1749
1138	1285
1138	1505
1141	1544
1141	1721
1141	1728
1142	1300
1142	1487
1143	1293
1143	1598
1144	1735
1145	1175
1146	1187
1146	1430
1146	1540
1147	1826
1148	1453
1149	1300
1149	1336
1150	1624
1150	1739
1151	1449
1152	1302
1152	1727
1152	1747
1153	1603
1153	1764
1153	1853
1153	1878
1154	1561
1154	1566
1154	1757
1154	1803
1154	1879
1155	1201
1155	1400
1155	1431
1155	1537
1155	1605
1155	1731
1156	1164
1156	1285
1156	1629
1157	1550
1157	1688
1157	1897
1158	1286
1158	1461
1160	1213
1160	1561
1160	1829
1161	1243
1161	1270
1162	1175
1162	1848
1164	1603
1166	1295
1166	1535
1167	1226
1167	1429
1167	1496
1167	1805
1168	1614
1168	1683
1169	1383
1169	1863
1170	1714
1171	1274
1171	1480
1172	1817
1173	1642
1174	1644
1176	1453
1176	1655
1177	1276
1177	1279
1179	1289
1180	1232
1182	1483
1183	1522
1184	1839
1186	1276
1186	1385
1187	1481
1187	1615
1187	1751
1188	1449
1188	1826
1189	1496
1189	1577
1190	1470
1190	1494
1191	1369
1192	1751
1193	1286
1194	1248
1194	1497
1194	1529
1194	1689
1194	1690
1195	1218
1195	1283
1195	1425
1195	1590
1195	1765
1196	1489
1198	1246
1198	1388
1198	1469
1199	1601
1199	1803
1200	1827
1201	1392
1202	1789
1203	1656
1203	1726
1204	1220
1204	1633
1205	1279
1205	1615
1206	1381
1207	1265
1207	1310
1208	1397
1208	1544
1208	1869
1210	1219
1210	1465
1210	1561
1210	1619
1211	1591
1211	1685
1212	1460
1212	1819
1213	1836
1213	1870
1214	1397
1215	1487
1215	1604
1215	1824
1216	1327
1217	1334
1218	1413
1218	1572
1218	1744
1219	1753
1220	1577
1220	1820
1221	1645
1222	1868
1224	1793
1225	1518
1226	1663
1226	1742
1228	1575
1229	1352
1229	1789
1230	1545
1231	1260
1231	1389
1231	1849
1232	1697
1232	1808
1233	1557
1233	1585
1233	1601
1234	1505
1234	1607
1235	1594
1237	1522
1239	1528
1239	1773
1239	1802
1240	1575
1241	1670
1242	1520
1243	1533
1244	1465
1244	1568
1244	1737
1245	1390
1245	1743
1246	1401
1249	1359
1249	1457
1249	1522
1249	1877
1250	1266
1250	1633
1251	1330
1252	1564
1253	1652
1253	1678
1256	1823
1256	1897
1257	1607
1258	1439
1258	1497
1258	1631
1259	1428
1259	1473
1259	1568
1260	1290
1260	1408
1263	1590
1263	1738
1264	1413
1266	1533
1266	1599
1266	1601
1266	1746
1269	1310
1272	1701
1273	1496
1273	1842
1275	1317
1275	1801
1275	1807
1276	1781
1276	1855
1277	1608
1278	1321
1279	1638
1280	1283
1280	1379
1280	1737
1281	1468
1281	1597
1281	1654
1282	1607
1282	1669
1284	1375
1285	1662
1285	1879
1286	1606
1286	1638
1287	1683
1288	1419
1290	1321
1290	1356
1290	1461
1291	1334
1291	1806
1294	1406
1294	1860
1295	1363
1296	1760
1297	1795
1298	1585
1298	1638
1299	1763
1300	1835
1301	1861
1303	1573
1303	1688
1304	1318
1304	1326
1305	1406
1305	1468
1305	1566
1307	1519
1307	1734
1309	1469
1310	1788
1311	1633
1311	1778
1313	1532
1313	1534
1313	1573
1313	1691
1313	1758
1315	1756
1316	1501
1316	1556
1317	1869
1318	1564
1320	1629
1320	1770
1321	1355
1322	1828
1323	1590
1326	1413
1326	1471
1326	1601
1326	1648
1328	1336
1328	1484
1328	1667
1329	1421
1329	1795
1330	1590
1332	1373
1333	1531
1333	1726
1334	1343
1334	1368
1337	1566
1339	1562
1340	1889
1342	1561
1345	1495
1345	1571
1347	1674
1347	1683
1347	1761
1350	1826
1351	1738
1353	1806
1354	1785
1356	1493
1357	1818
1359	1517
1359	1670
1360	1599
1360	1650
1361	1383
1361	1705
1361	1773
1363	1654
1364	1710
1365	1501
1365	1782
1366	1703
1367	1393
1367	1494
1371	1469
1371	1552
1372	1721
1373	1810
1373	1812
1374	1806
1375	1607
1376	1812
1377	1449
1377	1456
1377	1845
1379	1415
1379	1475
1380	1725
1382	1475
1383	1411
1383	1487
1383	1874
1384	1755
1385	1551
1385	1580
1387	1675
1392	1538
1392	1865
1392	1866
1393	1581
1393	1666
1395	1742
1398	1456
1398	1544
1398	1574
1399	1654
1399	1683
1399	1893
1401	1882
1403	1435
1403	1459
1403	1553
1404	1445
1404	1502
1404	1815
1406	1417
1407	1835
1408	1490
1410	1463
1410	1513
1410	1525
1410	1789
1411	1550
1413	1724
1414	1479
1414	1642
1415	1440
1415	1825
1417	1555
1418	1503
1419	1548
1419	1752
1419	1862
1420	1821
1422	1453
1424	1633
1424	1776
1424	1826
1426	1851
1428	1537
1429	1452
1429	1593
1429	1648
1430	1851
1433	1539
1433	1628
1436	1795
1437	1616
1437	1717
1437	1888
1440	1630
1440	1710
1443	1608
1443	1615
1444	1656
1444	1711
1444	1733
1447	1476
1449	1463
1450	1558
1451	1650
1451	1709
1456	1508
1457	1460
1457	1568
1457	1584
1458	1546
1458	1701
1458	1743
1462	1724
1465	1521
1465	1567
1466	1774
1466	1805
1466	1838
1467	1591
1467	1747
1470	1498
1471	1573
1475	1539
1475	1858
1476	1613
1476	1865
1477	1766
1480	1847
1481	1649
1481	1751
1481	1860
1482	1557
1485	1565
1489	1549
1493	1753
1494	1867
1498	1733
1498	1777
1501	1585
1501	1712
1506	1507
1506	1886
1507	1707
1509	1725
1510	1642
1512	1668
1515	1534
1516	1650
1517	1887
1518	1799
1520	1739
1523	1798
1526	1826
1527	1898
1528	1596
1529	1574
1530	1838
1532	1649
1534	1685
1534	1716
1534	1763
1535	1550
1535	1746
1536	1724
1537	1716
1538	1615
1540	1818
1542	1889
1543	1810
1543	1833
1544	1608
1546	1769
1548	1802
1549	1814
1553	1812
1554	1860
1555	1672
1555	1794
1555	1836
1557	1842
1558	1807
1560	1602
1560	1644
1562	1627
1563	1660
1564	1705
1564	1786
1564	1821
1566	1739
1571	1746
1572	1713
1573	1682
1573	1785
1573	1877
1575	1826
1578	1586
1578	1671
1579	1802
1579	1868
1581	1834
1582	1613
1582	1758
1587	1840
1587	1896
1590	1809
1592	1629
1593	1670
1593	1683
1596	1673
1596	1793
1597	1708
1602	1658
1602	1781
1605	1720
1605	1797
1605	1852
1607	1657
1607	1821
1609	1759
1612	1700
1612	1717
1615	1709
1617	1629
1617	1695
1620	1661
1620	1850
1628	1775
1631	1801
1631	1894
1634	1754
1635	1767
1635	1851
1638	1820
1639	1736
1641	1824
1642	1740
1642	1823
1643	1780
1644	1816
1647	1785
1651	1678
1652	1887
1654	1716
1655	1828
1656	1764
1656	1779
1656	1805
1657	1738
1659	1744
1659	1828
1666	1774
1667	1855
1668	1717
1669	1692
1670	1770
1672	1881
1674	1760
1674	1821
1675	1814
1675	1827
1675	1856
1676	1879
1676	1895
1679	1769
1681	1832
1682	1816
1689	1717
1694	1752
1699	1849
1702	1838
1703	1835
1704	1893
1707	1716
1710	1719
1710	1814
1711	1753
1714	1742
1716	1864
1716	1873
1718	1722
1720	1751
1720	1767
1728	1729
1728	1770
1732	1797
1733	1862
1735	1794
1737	1774
1740	1840
1741	1792
1742	1781
1747	1878
1748	1750
1748	1816
1750	1885
1751	1779
1756	1758
1757	1893
1761	1780
1761	1880
1762	1787
1762	1828
1762	1899
1765	1853
1769	1823
1770	1810
1772	1844
1773	1785
1773	1843
1778	1882
1790	1804
1798	1848
1799	1876
1810	1851
1827	1870
1837	1887
1863	1874
1870	1872