0	73
0	595
0	1087
0	1154
0	1273
1	300
1	786
1	1208
1	1232
1	1440
2	264
2	355
2	366
2	636
2	868
2	1102
2	1223
2	1586
3	358
3	608
3	658
3	1214
3	1571
4	1707
4	1728
4	1840
4	1852
5	308
5	367
5	392
5	1573
6	142
6	1347
6	1807
7	1040
7	1407
7	1894
8	383
8	410
8	568
8	1191
8	1228
8	1254
8	1410
8	1871
9	56
9	167
9	419
9	561
9	807
9	1661
10	18
10	433
10	476
10	1418
11	1806
12	679
12	779
12	852
12	1035
12	1671
12	1678
13	1101
14	1641
15	672
16	445
16	725
16	909
17	185
17	827
17	1596
18	156
18	297
18	391
18	423
18	562
18	649
18	1037
18	1129
18	1515
18	1661
18	1769
19	410
19	1049
20	574
20	771
20	835
21	323
21	433
21	564
21	1214
22	341
22	353
22	626
22	884
22	1588
22	1655
22	1867
23	742
23	1868
24	948
25	327
25	1040
25	1197
25	1434
25	1571
25	1835
26	281
26	1548
26	1682
27	106
27	322
27	680
28	529
28	772
28	954
28	980
29	43
29	963
29	1285
30	152
30	591
30	1431
31	44
31	320
31	402
31	1663
31	1671
32	495
32	507
32	641
32	1424
32	1530
33	541
33	743
33	1212
33	1475
34	46
34	649
34	861
34	1365
34	1600
34	1712
35	703
36	1350
36	1382
37	570
37	627
37	827
37	1541
37	1701
38	283
38	1677
39	117
39	635
39	1122
39	1335
39	1621
40	397
40	1333
40	1539
40	1767
41	176
41	210
41	794
41	861
41	1770
42	404
42	513
42	579
42	664
42	1036
42	1355
42	1854
43	44
43	58
43	172
43	235
43	668
43	1317
43	1658
44	112
44	1099
44	1159
44	1204
44	1747
45	245
45	521
45	1194
46	632
46	1479
47	151
47	1161
47	1600
48	128
48	770
48	1110
48	1574
48	1609
48	1703
48	1797
49	436
49	487
49	1145
49	1449
49	1633
49	1770
50	193
50	418
50	631
51	690
52	69
52	111
52	846
52	1556
53	457
53	1222
53	1553
54	126
54	708
54	1755
55	1368
55	1515
56	401
56	922
57	743
58	915
58	1207
58	1891
59	163
59	311
59	1559
59	1599
60	536
60	616
60	834
60	877
60	1549
60	1577
61	284
61	439
61	577
62	262
62	526
62	536
62	1264
63	518
63	768
63	1099
63	1340
64	1322
64	1412
64	1760
65	418
65	1055
65	1271
66	445
66	867
66	1012
66	1528
67	202
67	714
67	1375
68	556
69	671
69	843
69	871
69	994
69	1151
69	1547
69	1726
70	190
70	303
70	476
70	935
70	1803
71	248
71	394
71	528
71	879
71	1057
71	1140
71	1152
71	1577
72	304
72	395
72	519
72	610
73	505
73	799
73	977
73	1169
73	1259
73	1663
74	286
74	1280
74	1820
75	97
75	315
75	411
75	849
75	1288
75	1537
75	1732
76	827
76	985
77	194
78	253
78	525
78	530
78	1681
79	324
79	348
79	1287
80	532
80	1584
81	151
81	762
81	1513
82	146
82	632
82	846
82	1685
83	213
83	574
83	849
83	1198
83	1293
83	1478
84	890
84	1080
84	1196
84	1777
85	207
85	335
85	790
85	841
85	890
85	959
86	105
86	273
86	1169
87	867
87	1062
87	1592
88	417
88	475
88	912
89	666
89	731
89	971
89	1469
89	1765
89	1776
90	734
90	793
90	1176
90	1301
90	1824
91	1190
91	1704
92	138
92	630
92	914
92	1073
92	1137
93	816
93	1774
93	1805
93	1838
94	152
94	200
94	764
94	1220
95	118
95	649
95	882
95	1496
95	1824
96	283
96	569
96	603
96	1181
96	1401
96	1808
97	231
97	280
97	489
97	706
97	845
97	1232
97	1407
98	875
98	1251
98	1700
98	1873
99	494
99	841
99	1022
99	1299
99	1601
99	1897
100	258
100	346
100	1899
101	121
101	325
101	578
101	781
101	1877
102	434
102	534
102	656
102	731
102	819
102	882
103	136
103	466
103	1123
104	718
104	1056
105	1500
105	1718
105	1810
106	1260
107	124
107	442
107	450
107	1372
107	1784
108	569
108	777
108	982
108	1217
108	1305
108	1687
108	1872
109	573
109	907
109	1447
109	1548
109	1692
110	171
110	294
110	414
110	419
110	1874
110	1884
111	610
111	1093
111	1164
111	1709
112	338
112	550
112	935
112	1007
112	1025
112	1806
113	466
113	763
113	1468
113	1536
113	1662
113	1690
113	1856
114	278
114	1029
114	1076
114	1537
114	1773
115	416
115	1410
115	1586
116	719
116	951
116	1027
116	1665
117	1184
117	1452
118	276
118	338
118	403
118	1144
118	1452
119	338
119	810
119	1082
119	1574
119	1861
120	1100
120	1200
120	1507
121	529
121	814
122	252
122	480
122	615
122	825
122	862
122	1062
122	1387
123	349
123	1010
123	1033
123	1057
124	170
124	251
124	363
124	707
124	1164
125	931
125	1123
125	1417
125	1843
126	669
127	893
127	919
127	1558
128	505
128	1725
129	395
129	552
129	640
129	848
129	1143
129	1574
129	1645
130	204
130	405
130	1145
130	1687
131	290
131	301
131	1435
132	1134
132	1379
133	205
133	523
133	619
133	793
133	845
133	1237
133	1285
133	1874
133	1898
134	184
134	205
134	1334
134	1715
135	1150
135	1287
135	1393
136	195
136	413
136	424
136	802
136	1041
136	1588
137	532
138	603
138	797
139	1478
139	1675
139	1836
140	452
140	1835
141	454
141	476
141	621
141	1117
141	1704
142	325
142	721
142	916
142	1197
143	646
143	1538
144	338
144	478
144	863
145	213
145	459
145	619
145	777
145	1481
145	1596
145	1651
147	747
147	920
147	1131
147	1856
148	629
148	1104
148	1289
148	1617
149	689
149	891
149	1621
149	1771
150	179
150	231
150	1546
151	381
151	1035
151	1391
151	1499
151	1723
152	743
152	1219
152	1396
152	1605
152	1837
153	950
153	1588
154	1441
155	1069
155	1554
155	1564
156	272
156	353
156	1585
156	1778
156	1785
157	292
157	826
157	928
157	1146
157	1280
158	336
159	904
159	1337
159	1614
160	506
160	552
160	1433
160	1756
161	583
161	761
161	878
161	902
161	977
162	1168
162	1816
163	846
163	1301
163	1465
163	1548
164	1501
165	234
165	616
165	793
166	179
166	643
166	933
166	1100
166	1325
166	1776
167	441
167	970
167	1106
167	1432
168	848
168	1693
168	1885
169	968
169	1037
169	1709
169	1746
170	1352
170	1368
170	1642
170	1739
171	671
172	434
172	554
172	888
173	742
174	944
174	1020
174	1679
175	562
176	281
177	637
177	732
177	752
177	1049
177	1253
177	1628
177	1873
178	510
178	1211
178	1331
179	274
179	656
179	691
180	385
180	484
180	487
180	625
180	914
180	1367
181	463
181	538
181	1253
181	1476
181	1524
181	1781
182	979
182	1392
182	1461
183	210
183	1346
184	303
184	1716
185	329
185	804
185	1027
185	1534
186	434
186	466
186	1148
187	468
188	695
188	1129
188	1307
189	670
189	1695
189	1734
190	240
190	297
190	785
190	1345
190	1614
191	555
191	1569
192	772
192	840
192	1165
192	1631
193	742
193	1824
194	391
194	1230
194	1317
194	1639
195	1584
196	211
196	232
196	1173
196	1809
197	500
197	680
197	1053
197	1339
197	1400
197	1808
198	913
198	961
198	1448
199	369
199	1497
199	1623
200	282
200	782
200	907
200	927
200	1357
200	1847
201	226
201	275
201	291
201	455
201	669
201	828
202	289
202	657
202	1103
202	1409
202	1456
202	1543
203	1116
203	1123
203	1885
204	436
205	397
205	458
205	554
205	701
205	1305
205	1346
205	1523
206	508
206	1605
207	458
208	405
208	1261
209	316
210	1126
210	1711
210	1730
211	325
211	788
211	1576
212	1370
213	376
214	1147
214	1216
214	1790
215	269
215	638
215	682
215	1185
215	1615
215	1837
215	1843
216	1185
216	1354
216	1739
216	1780
217	392
217	693
217	719
217	812
217	1221
217	1289
217	1460
218	642
219	548
219	1349
219	1670
219	1792
220	1382
220	1803
221	705
221	894
221	1081
221	1164
221	1288
221	1574
221	1800
222	749
222	1807
223	401
223	1312
223	1735
224	314
224	447
224	791
224	904
224	1682
225	438
225	503
225	801
225	950
226	772
226	1375
226	1498
226	1536
227	1212
227	1528
227	1784
228	1297
228	1642
229	566
229	1001
229	1731
229	1784
230	783
230	857
230	1378
230	1535
230	1565
230	1584
231	648
231	821
231	1264
231	1831
232	1727
233	494
233	962
234	1606
234	1704
234	1705
235	403
235	646
236	391
236	630
236	709
236	1551
236	1807
236	1849
237	330
238	1325
238	1574
238	1875
239	702
239	1011
239	1182
239	1742
240	581
240	619
240	755
240	1258
240	1817
240	1839
241	391
241	1409
241	1491
241	1632
241	1662
241	1822
242	709
242	819
242	965
242	1685
243	783
243	872
243	1016
243	1633
243	1764
243	1890
244	1473
244	1874
245	308
245	1347
245	1431
245	1663
245	1799
246	319
246	378
246	478
246	1896
247	928
248	723
249	253
249	901
249	1075
249	1619
249	1754
250	377
250	490
250	762
250	838
250	1520
251	304
251	923
251	1337
251	1450
252	609
253	1809
254	527
254	1432
254	1756
254	1854
255	1590
256	460
256	1358
257	1084
258	840
258	844
258	877
258	1151
258	1389
259	722
259	1747
260	743
260	956
260	1007
260	1090
260	1108
260	1422
260	1448
261	1690
261	1724
262	702
263	385
263	1489
263	1647
263	1755
264	789
264	928
264	1308
264	1597
265	615
265	889
265	906
265	1343
266	732
267	1389
267	1653
267	1749
268	504
268	658
268	738
268	761
268	957
268	1115
268	1285
269	475
269	1118
269	1132
269	1838
269	1846
270	1419
270	1473
271	1341
271	1809
272	504
272	743
272	957
272	1389
272	1509
273	994
273	1564
273	1627
273	1891
274	697
274	726
274	1041
274	1408
275	349
275	745
275	1622
276	914
276	1240
276	1416
276	1424
276	1757
276	1859
277	418
277	668
277	1116
277	1510
277	1526
277	1588
278	422
278	898
278	1053
278	1221
278	1285
278	1604
279	303
279	329
279	547
279	847
279	903
279	1342
279	1587
280	535
280	662
280	943
280	1794
281	1020
281	1132
281	1519
281	1750
281	1792
282	676
282	865
282	925
282	1018
283	311
283	499
283	606
283	734
284	614
284	1230
285	758
285	1216
285	1336
286	1276
287	308
287	877
287	967
287	1077
287	1354
287	1355
287	1410
287	1603
288	869
288	956
288	1077
288	1419
288	1476
290	342
290	509
290	730
290	1058
290	1505
290	1739
290	1743
291	1395
292	794
293	405
293	440
293	885
293	1159
293	1212
294	713
294	829
294	1119
295	778
295	1159
295	1628
296	847
296	1098
296	1653
297	521
297	1067
297	1616
297	1734
298	1010
298	1160
298	1841
299	353
299	1306
299	1627
299	1765
300	1047
300	1122
300	1169
300	1458
300	1875
301	319
301	717
301	1244
301	1649
302	1263
303	443
304	614
304	655
305	605
305	1038
305	1231
306	664
306	811
306	858
306	992
307	534
307	976
307	1881
308	1363
309	1160
310	518
310	1045
310	1118
311	652
311	812
312	433
312	492
312	1078
313	609
313	1695
314	610
314	709
314	927
314	1099
314	1196
314	1286
314	1628
315	514
315	746
315	1083
315	1634
316	850
316	922
316	1164
316	1697
317	616
317	868
317	880
317	1395
317	1440
318	1028
318	1160
319	622
319	1644
320	368
320	897
320	1312
320	1418
321	1153
321	1406
322	1679
323	705
323	790
323	1069
324	1181
324	1751
325	670
325	681
325	1160
325	1618
326	429
326	833
326	1727
326	1811
327	1698
327	1824
328	747
328	761
328	803
328	1424
329	464
329	1517
330	1139
331	882
331	901
331	979
332	1560
332	1805
333	1237
333	1396
333	1511
333	1718
334	1005
334	1074
334	1215
334	1267
335	506
335	673
335	707
335	904
335	1271
335	1467
335	1825
336	700
336	1247
336	1254
337	1182
337	1504
337	1625
337	1856
337	1873
338	473
338	809
338	1345
338	1352
339	597
339	1570
339	1688
340	923
340	925
340	1129
340	1195
340	1225
340	1295
340	1612
340	1634
341	740
341	1097
341	1268
341	1509
341	1722
343	1506
343	1885
344	869
345	607
345	1125
346	829
346	1461
347	1111
347	1366
348	692
348	1624
348	1691
349	728
349	1300
350	366
350	850
351	1265
351	1677
352	425
352	487
352	845
352	1589
353	940
354	527
354	1026
354	1177
354	1456
354	1780
355	502
355	1046
355	1081
356	644
356	1272
356	1433
357	378
357	1822
358	459
358	779
358	1056
358	1492
358	1649
359	601
359	817
359	1089
359	1247
359	1438
360	789
360	1474
360	1554
361	1327
361	1609
362	370
362	1208
362	1261
362	1476
364	778
364	858
365	908
365	1050
365	1263
365	1559
366	432
366	615
366	821
366	1612
367	450
367	625
367	1557
367	1723
368	530
368	643
368	1104
368	1247
369	835
369	1863
370	395
370	564
370	619
370	1478
371	821
371	1601
371	1836
372	610
372	614
372	1132
372	1229
372	1232
372	1384
372	1631
372	1711
372	1887
373	604
373	869
373	1105
374	395
375	623
375	1028
375	1095
375	1475
375	1555
375	1819
376	1409
376	1483
377	508
377	549
377	1166
377	1533
378	458
378	501
378	1614
379	779
379	1441
380	525
380	660
380	799
380	907
380	1130
380	1412
381	1492
382	602
382	1234
383	1430
383	1652
384	424
384	436
384	479
384	691
384	1612
385	1250
385	1484
386	757
386	1028
386	1146
386	1752
387	423
387	662
387	976
387	1706
388	408
388	665
388	1024
388	1323
388	1411
388	1519
388	1643
388	1709
388	1868
389	638
390	650
390	677
390	729
390	1066
390	1499
390	1879
391	599
391	966
391	1395
391	1527
391	1828
392	506
392	705
392	745
392	880
392	1127
392	1399
392	1885
393	784
393	1313
393	1792
393	1807
394	577
394	961
395	1144
395	1579
396	1518
396	1739
396	1820
396	1893
397	658
397	679
397	1054
397	1096
397	1169
397	1277
397	1329
397	1515
398	743
398	1158
398	1878
399	1739
400	577
400	986
400	1629
400	1727
401	1424
402	915
402	1382
403	1134
404	622
404	1192
404	1497
404	1517
404	1619
405	523
405	875
405	1224
405	1839
406	667
406	963
406	1053
406	1782
407	868
407	1197
407	1874
408	952
408	1379
409	1288
410	771
410	1061
410	1091
410	1120
410	1162
410	1356
410	1423
411	426
411	1227
411	1633
412	1050
412	1145
412	1604
414	594
414	1184
415	1301
415	1458
415	1486
416	587
416	1456
416	1606
417	420
417	1362
417	1387
418	929
418	987
418	1365
419	526
419	715
420	1629
421	836
421	854
422	463
422	617
422	679
422	777
422	1265
423	697
423	1535
423	1573
424	849
424	1094
424	1136
425	855
425	917
425	938
425	1847
425	1876
426	1643
427	800
427	802
427	1099
427	1563
427	1897
428	1316
428	1792
429	774
429	871
429	1255
429	1364
429	1864
430	805
430	1364
431	1375
432	1436
433	494
433	846
433	1155
433	1678
434	1193
435	542
435	714
435	806
436	513
436	590
436	826
436	1343
437	637
437	844
437	1462
438	1192
439	631
439	713
439	870
439	1825
440	643
440	899
440	1066
440	1148
440	1398
440	1500
441	979
441	1283
441	1295
441	1381
441	1394
442	779
442	1125
442	1499
442	1602
442	1675
442	1716
443	846
443	1158
444	505
444	566
444	679
444	1147
444	1680
444	1833
444	1857
445	477
445	490
445	712
445	751
445	766
445	1820
446	968
447	717
447	738
447	1594
447	1807
448	606
448	723
448	1529
449	987
449	1277
449	1613
450	485
450	507
450	661
450	1344
450	1733
451	677
452	1178
452	1783
453	1386
454	522
454	795
454	815
454	837
454	1600
454	1757
455	903
455	963
455	1737
455	1811
456	526
456	1294
457	969
457	1400
458	980
458	1001
458	1303
458	1513
459	486
459	1014
459	1142
459	1830
460	1536
461	588
461	919
461	1102
461	1762
461	1856
462	807
463	1147
464	572
464	713
464	1791
464	1848
465	513
465	1433
466	535
466	1033
466	1062
467	516
467	1086
467	1300
467	1620
468	660
468	790
468	893
468	953
469	795
469	1135
469	1156
469	1868
470	608
470	1193
470	1233
471	929
471	1458
472	1781
472	1829
473	1715
473	1765
474	486
474	618
474	1355
474	1454
474	1611
474	1625
474	1677
475	1155
475	1410
476	704
476	924
476	987
477	1410
477	1874
478	801
478	1010
478	1082
478	1494
479	544
479	746
479	1585
479	1833
480	602
480	932
480	1713
481	522
481	567
481	867
481	937
481	1343
481	1377
481	1819
482	579
482	1081
482	1513
482	1803
482	1832
483	1139
484	817
484	834
484	890
484	923
484	1246
485	881
485	1484
485	1568
485	1870
487	1406
487	1811
488	741
488	1307
488	1433
489	1689
490	1767
491	877
491	1180
491	1830
492	536
492	692
492	1259
492	1406
492	1607
492	1643
493	1208
493	1488
493	1820
494	503
494	1401
495	1728
495	1859
496	672
496	784
497	1100
497	1433
498	879
499	1273
499	1715
500	982
500	1279
500	1315
500	1441
501	598
501	1052
501	1286
502	795
502	1673
503	777
503	896
503	1078
503	1153
503	1209
504	519
504	800
504	1565
505	652
505	789
505	1131
505	1269
506	764
506	1112
506	1479
506	1827
507	596
507	1017
507	1249
507	1256
507	1514
508	961
508	1112
508	1881
509	523
509	846
509	1592
510	591
510	934
510	966
510	1002
510	1253
510	1366
510	1790
511	719
511	914
511	1064
512	514
512	698
512	1213
513	710
513	1130
513	1418
513	1644
514	1152
515	657
515	933
515	1232
515	1306
515	1378
515	1749
516	644
516	732
516	1189
516	1489
516	1534
517	1664
518	1152
518	1204
518	1548
519	530
519	702
519	1001
519	1432
519	1604
519	1691
520	827
520	1770
520	1771
521	1819
521	1842
522	1012
522	1425
523	1132
523	1261
523	1814
524	1078
524	1657
525	885
525	1716
526	1014
526	1586
526	1650
526	1731
526	1801
527	679
527	866
527	1372
527	1535
527	1752
527	1819
527	1854
528	718
528	738
528	1242
529	703
529	1626
529	1715
529	1752
529	1791
530	805
530	1240
530	1556
531	695
531	1401
531	1685
533	1477
533	1723
534	613
534	1513
534	1590
534	1739
535	858
535	1006
535	1248
536	1035
536	1339
536	1594
537	1754
537	1896
538	1085
538	1502
539	702
539	919
539	1627
539	1628
540	1456
541	689
541	786
541	989
541	1117
541	1549
541	1813
542	794
542	848
542	928
542	1467
543	939
543	1492
543	1532
543	1798
544	882
544	1032
544	1122
544	1226
544	1275
544	1470
544	1603
544	1716
545	970
545	1587
545	1844
545	1846
546	569
546	721
546	924
546	1317
546	1403
546	1712
547	921
548	1191
548	1294
548	1577
548	1753
548	1777
549	1402
549	1446
550	700
551	1690
552	919
552	1043
552	1864
553	554
553	881
553	1253
553	1834
554	622
554	911
554	1167
554	1832
555	841
555	842
555	1379
555	1760
556	1124
556	1701
557	646
558	641
558	659
558	1219
558	1512
559	780
559	1353
560	1048
560	1656
561	746
561	1245
561	1676
562	574
562	1151
562	1335
562	1546
563	1096
564	780
564	1505
565	1044
565	1703
566	626
566	710
566	1473
566	1770
567	754
567	1180
567	1264
567	1457
568	1826
568	1828
569	1064
569	1121
571	693
571	1423
572	736
572	897
572	1486
573	975
573	1415
573	1472
573	1792
573	1838
574	662
574	683
574	1104
574	1364
574	1476
574	1792
575	731
575	1460
576	1132
576	1727
577	745
577	1214
577	1221
578	933
579	938
579	949
579	954
579	1075
580	1285
581	860
581	1199
581	1731
582	782
582	1812
584	619
584	671
584	696
584	1810
585	808
585	915
585	1459
585	1843
586	1236
587	758
587	1878
588	974
588	1113
588	1873
589	834
589	849
589	1885
590	680
590	1669
592	975
592	1216
593	811
593	1044
593	1207
593	1243
593	1511
593	1636
593	1737
594	754
594	1620
595	1764
596	1077
596	1288
596	1309
596	1415
596	1721
597	973
597	1273
597	1691
598	1015
598	1075
598	1146
598	1382
598	1883
599	1893
600	639
600	836
600	1344
600	1496
601	1004
602	838
602	883
603	1560
604	811
604	1300
604	1472
605	1171
605	1724
606	1198
607	840
607	842
607	975
607	1726
607	1813
609	863
609	1083
609	1406
609	1669
609	1675
610	759
610	1738
611	1079
612	1407
612	1641
613	1146
613	1752
614	1327
614	1871
615	1260
616	1305
616	1814
617	857
617	1805
618	628
618	718
618	1129
618	1274
619	764
619	801
619	810
619	1288
620	1844
621	1372
622	689
622	859
622	968
622	1258
623	854
623	1001
623	1380
623	1749
624	874
624	956
624	1022
625	703
625	760
625	820
625	1439
626	988
626	1818
627	1242
628	630
628	827
628	871
628	1068
629	742
629	1369
630	679
630	1033
630	1497
630	1888
632	1286
632	1854
633	1414
634	1282
634	1371
634	1825
635	1613
636	1199
636	1460
637	1113
637	1291
637	1346
638	717
638	855
638	901
638	1056
638	1843
638	1856
639	1567
640	1549
640	1827
641	648
641	1085
641	1120
642	887
642	1319
643	1041
644	1454
644	1490
644	1574
644	1658
644	1677
645	901
645	1191
646	1189
646	1449
646	1544
646	1888
647	970
647	1119
647	1228
648	984
648	1177
648	1896
649	831
649	920
649	1113
650	1218
651	1674
651	1710
652	728
652	813
652	1389
652	1710
652	1756
653	1472
653	1879
654	1261
655	1039
655	1459
655	1604
655	1645
656	1626
656	1645
657	850
657	1580
658	941
658	942
660	734
660	977
660	1168
660	1579
660	1592
662	1011
662	1784
663	1094
664	831
664	1182
665	737
665	1162
666	1155
666	1533
666	1643
667	773
667	1193
667	1810
668	1794
669	1892
670	997
670	1045
670	1503
671	1545
672	983
672	1400
672	1527
672	1870
672	1878
673	953
673	1366
673	1665
674	1194
674	1365
674	1371
675	1311
676	905
676	940
676	1078
676	1091
677	869
677	1034
678	1788
679	756
679	933
679	1423
680	1586
681	1197
681	1333
682	701
682	1287
682	1681
683	994
683	1012
683	1415
683	1483
684	967
685	1426
685	1884
686	1564
687	1175
687	1513
688	1631
689	704
689	1063
689	1821
689	1862
690	710
690	1036
690	1287
690	1804
690	1831
691	891
691	1111
691	1573
691	1637
691	1784
692	696
692	1000
692	1021
692	1449
693	825
693	892
693	1263
693	1278
693	1484
694	1300
695	702
695	812
695	930
695	1100
695	1340
695	1898
696	838
696	908
696	977
696	1585
696	1599
696	1668
696	1675
697	1034
698	1478
698	1688
698	1847
699	809
699	900
699	1340
699	1756
700	1026
700	1530
700	1555
700	1791
701	1075
701	1734
702	1525
702	1660
702	1820
703	1093
703	1466
703	1590
704	1389
704	1437
704	1574
704	1832
705	1383
706	971
706	1869
707	1876
708	849
708	1061
708	1322
708	1376
708	1645
708	1873
709	1097
710	1103
711	1101
712	1448
712	1457
712	1618
714	945
714	1430
714	1465
714	1582
715	736
716	1741
717	1419
718	1073
718	1154
718	1679
718	1808
719	755
719	815
719	1046
719	1410
720	940
720	1004
720	1092
720	1641
720	1697
720	1777
721	1054
722	818
722	1738
722	1814
723	966
723	1263
723	1447
723	1888
724	1761
725	1226
726	1793
727	1049
727	1533
727	1821
728	1881
729	1054
730	1277
730	1367
730	1647
731	740
732	1390
732	1506
732	1545
733	1210
733	1730
733	1764
734	739
734	1278
734	1608
735	1778
736	894
736	1102
736	1474
736	1808
737	969
738	1835
739	1531
741	859
741	1077
742	779
742	1556
743	764
743	1252
743	1350
743	1512
743	1769
743	1809
744	808
744	851
744	1617
744	1653
745	1469
747	916
747	1175
747	1204
747	1371
747	1622
748	1177
748	1271
748	1523
749	879
750	1529
751	1006
751	1332
752	799
752	888
752	1309
753	972
753	1156
753	1517
753	1887
754	1339
755	846
755	1585
755	1773
755	1853
756	866
756	1309
757	779
757	1006
757	1135
757	1271
757	1291
757	1425
757	1458
757	1765
758	1105
759	1340
759	1381
759	1583
760	1342
760	1426
760	1666
760	1695
761	945
761	1096
761	1524
762	1416
763	876
763	1072
763	1762
765	945
765	952
765	1235
766	1327
767	783
767	831
767	1002
767	1033
767	1713
767	1822
768	1211
768	1527
768	1701
769	1321
769	1583
769	1877
770	918
770	1637
771	1162
772	1453
772	1544
773	817
775	1243
775	1576
775	1756
776	1430
777	1343
777	1739
778	795
778	1040
778	1264
778	1501
779	1162
779	1793
780	874
780	1236
780	1489
780	1643
781	813
781	859
781	996
781	1516
781	1848
782	1018
782	1485
783	853
784	982
784	1269
785	1006
785	1133
785	1522
786	1044
786	1461
786	1569
787	1030
787	1359
787	1709
787	1876
788	1399
788	1767
789	806
789	1498
791	943
791	968
791	1014
791	1397
791	1427
792	1462
792	1712
793	1252
794	1250
794	1594
794	1771
795	921
795	1003
795	1171
795	1185
796	862
796	899
797	1381
798	924
798	1279
798	1558
799	1710
800	1024
801	812
801	884
801	1038
801	1123
801	1292
802	946
802	1423
802	1723
803	1644
803	1834
804	1049
805	1364
805	1624
807	879
807	1351
807	1370
807	1847
808	1567
808	1661
808	1853
808	1866
809	820
809	1673
810	1107
810	1259
811	1287
811	1676
811	1696
812	1025
812	1276
812	1363
813	1000
813	1044
813	1189
813	1208
813	1260
813	1334
814	1094
814	1095
814	1817
814	1837
815	830
815	1386
816	1361
816	1800
817	963
817	1017
817	1535
818	1299
818	1325
818	1329
818	1802
819	1339
820	1335
820	1393
820	1403
822	1091
822	1178
822	1406
823	1432
824	1007
824	1012
825	1590
825	1719
826	1158
826	1387
827	921
828	893
828	1480
828	1696
829	1890
830	1375
830	1497
830	1530
831	1198
831	1803
832	971
832	1105
832	1118
832	1122
832	1585
832	1755
833	865
833	1089
834	979
834	996
834	1051
834	1374
834	1639
834	1747
835	1111
835	1824
836	998
836	1482
837	921
837	1116
837	1877
838	957
838	1151
838	1362
839	1261
840	1012
841	1356
841	1434
842	1642
843	1813
844	1168
844	1359
844	1556
844	1724
845	931
845	1596
846	1298
847	883
848	1272
848	1386
848	1817
849	1300
849	1341
850	988
850	1304
851	903
851	1094
851	1705
852	1120
852	1390
853	1038
853	1809
854	1188
854	1253
854	1580
854	1641
856	1494
856	1521
856	1529
856	1749
856	1756
857	1032
858	1161
858	1454
858	1681
858	1830
859	1364
859	1621
860	1879
861	1006
861	1470
861	1505
861	1698
862	1023
862	1312
863	1430
864	1661
864	1871
865	995
865	1676
866	979
866	1533
866	1742
866	1864
867	1144
867	1638
868	1192
868	1533
869	1070
870	1000
870	1007
870	1777
871	1407
872	1561
872	1628
873	882
873	1865
874	979
874	1337
875	1038
876	1834
877	1296
877	1366
877	1414
877	1465
877	1891
879	1018
879	1858
879	1886
880	960
880	983
881	1463
881	1792
881	1818
882	954
882	1464
882	1655
882	1771
883	1230
883	1641
883	1734
884	927
884	1537
884	1775
884	1881
885	1588
886	1670
886	1849
888	1065
888	1165
888	1270
888	1701
888	1770
888	1879
889	902
890	1176
890	1602
890	1655
891	1444
891	1452
892	1006
892	1776
893	1258
893	1360
893	1758
893	1823
894	1515
894	1867
895	1038
895	1070
895	1301
895	1726
896	1326
897	1535
898	1374
898	1606
898	1647
900	1385
900	1527
900	1791
901	1500
901	1714
902	1132
902	1442
902	1852
903	1652
903	1744
904	1642
905	935
905	1175
906	1315
906	1511
906	1587
906	1692
907	1544
907	1549
908	1098
908	1640
909	1679
910	1294
911	934
911	1657
912	1223
913	1436
913	1694
914	1404
915	1046
915	1518
916	1148
917	1453
918	1340
918	1452
919	1426
919	1464
919	1621
919	1886
921	943
921	1168
922	1163
923	1169
923	1253
923	1674
923	1740
924	1080
924	1152
924	1532
925	1470
926	1252
926	1402
927	1050
927	1194
927	1592
927	1609
929	1148
929	1266
929	1695
930	1133
930	1491
930	1593
930	1783
931	1570
931	1752
931	1836
933	1207
933	1398
934	1390
935	986
935	1155
935	1869
936	1290
937	1153
938	1303
938	1499
939	1013
939	1095
939	1249
939	1694
940	1545
941	1185
941	1242
941	1598
941	1621
942	1843
943	987
943	1592
943	1879
944	1393
945	1348
945	1453
946	1123
946	1235
947	1282
948	1527
948	1606
948	1821
949	966
949	1022
949	1301
950	1284
950	1315
950	1828
951	1160
951	1435
951	1778
952	1113
952	1264
952	1693
952	1801
954	1104
954	1238
954	1714
955	1630
955	1753
956	1205
956	1483
957	1100
957	1802
958	1138
958	1719
959	1544
959	1651
959	1657
960	1546
960	1597
961	1085
961	1379
961	1450
961	1818
962	1128
962	1645
962	1787
963	1207
963	1661
964	1458
964	1673
965	1109
965	1222
966	1321
966	1356
967	1242
968	1294
968	1297
968	1878
969	1412
969	1753
970	1242
970	1519
970	1596
971	1174
972	1580
972	1842
973	1315
973	1327
973	1684
974	1702
976	1060
976	1144
976	1151
976	1229
976	1403
976	1610
977	993
978	1080
978	1704
978	1864
979	1043
979	1748
979	1893
980	1165
980	1242
981	1096
981	1558
981	1726
982	1455
982	1551
982	1619
984	1395
985	1082
985	1212
986	1658
987	1221
987	1344
987	1378
990	1480
990	1657
991	1364
991	1787
991	1873
993	1026
993	1031
993	1679
993	1874
994	1754
994	1798
994	1816
995	1280
996	1393
999	1625
999	1748
1000	1244
1000	1411
1000	1460
1000	1531
1001	1630
1003	1330
1003	1633
1004	1094
1004	1375
1005	1019
1006	1198
1007	1044
1007	1150
1007	1488
1007	1576
1007	1601
1007	1637
1007	1830
1007	1882
1008	1149
1008	1368
1009	1796
1011	1217
1011	1690
1012	1688
1012	1700
1013	1341
1013	1832
1014	1077
1014	1147
1014	1467
1014	1612
1014	1675
1015	1034
1015	1349
1016	1484
1016	1517
1017	1188
1017	1203
1017	1376
1017	1694
1018	1415
1020	1040
1020	1047
1021	1500
1021	1542
1021	1694
1021	1708
1022	1852
1023	1096
1023	1346
1023	1867
1025	1239
1025	1799
1026	1242
1026	1360
1026	1716
1027	1615
1027	1890
1028	1166
1028	1223
1028	1260
1028	1473
1029	1198
1029	1523
1029	1859
1030	1403
1030	1578
1031	1428
1031	1633
1031	1651
1032	1190
1032	1874
1034	1087
1036	1744
1037	1149
1037	1432
1038	1476
1038	1497
1039	1383
1039	1548
1040	1087
1040	1808
1040	1849
1041	1431
1041	1547
1041	1692
1041	1844
1042	1294
1042	1361
1043	1505
1043	1542
1044	1261
1044	1633
1044	1671
1045	1115
1046	1552
1047	1083
1047	1152
1047	1325
1047	1391
1047	1777
1048	1383
1049	1476
1050	1235
1051	1181
1051	1542
1053	1058
1053	1173
1053	1893
1055	1338
1055	1484
1056	1139
1056	1185
1056	1624
1057	1059
1057	1546
1057	1843
1058	1292
1058	1320
1058	1324
1058	1756
1059	1216
1059	1302
1059	1572
1059	1654
1060	1142
1060	1566
1061	1533
1062	1178
1062	1313
1062	1625
1063	1381
1063	1693
1064	1194
1066	1141
1066	1489
1066	1677
1068	1331
1068	1545
1069	1189
1070	1440
1071	1133
1071	1460
1071	1636
1071	1830
1072	1457
1072	1824
1073	1396
1073	1515
1073	1553
1073	1872
1074	1391
1075	1173
1075	1210
1075	1276
1076	1265
1077	1435
1077	1573
1077	1855
1077	1871
1078	1088
1078	1337
1078	1539
1078	1701
1079	1358
1079	1525
1080	1106
1080	1438
1080	1686
1080	1854
1081	1205
1081	1698
1081	1789
1082	1320
1082	1330
1082	1649
1082	1755
1083	1150
1083	1860
1084	1412
1084	1555
1085	1800
1087	1197
1087	1802
1087	1893
1088	1557
1089	1294
1089	1379
1089	1487
1089	1606
1089	1881
1090	1764
1091	1242
1091	1683
1093	1519
1094	1142
1094	1298
1094	1845
1095	1546
1095	1731
1097	1489
1098	1572
1099	1751
1100	1640
1101	1196
1101	1214
1101	1234
1101	1441
1102	1122
1102	1423
1104	1777
1105	1418
1105	1419
1106	1403
1106	1694
1107	1269
1107	1659
1108	1179
1110	1345
1110	1650
1110	1839
1112	1209
1112	1334
1112	1589
1112	1631
1114	1471
1114	1495
1114	1835
1116	1281
1116	1444
1116	1515
1116	1769
1117	1608
1117	1621
1118	1285
1118	1644
1118	1881
1120	1671
1121	1275
1121	1623
1122	1320
1122	1542
1124	1502
1124	1505
1124	1739
1125	1464
1125	1849
1126	1350
1126	1632
1127	1298
1127	1595
1128	1513
1129	1197
1129	1616
1129	1878
1131	1547
1131	1756
1132	1897
1133	1206
1133	1223
1133	1349
1133	1694
1133	1885
1134	1809
1135	1351
1137	1744
1139	1158
1140	1406
1143	1297
1143	1339
1143	1412
1144	1431
1144	1880
1145	1566
1146	1376
1146	1599
1147	1182
1147	1608
1147	1735
1147	1878
1148	1392
1148	1896
1150	1605
1153	1639
1153	1717
1153	1884
1154	1171
1154	1682
1154	1787
1156	1585
1157	1490
1157	1663
1157	1665
1158	1699
1158	1876
1160	1766
1161	1673
1163	1281
1164	1617
1165	1376
1166	1281
1168	1199
1168	1389
1168	1672
1168	1778
1169	1563
1170	1260
1170	1314
1170	1379
1172	1745
1174	1404
1174	1441
1174	1620
1175	1283
1175	1488
1175	1826
1175	1829
1176	1210
1176	1548
1176	1579
1176	1602
1176	1765
1176	1808
1177	1286
1177	1554
1177	1561
1177	1726
1181	1340
1181	1638
1183	1852
1184	1441
1184	1745
1185	1389
1186	1394
1186	1848
1187	1357
1187	1404
1187	1465
1187	1517
1187	1610
1188	1765
1189	1378
1189	1549
1189	1597
1190	1223
1191	1784
1192	1254
1192	1255
1193	1195
1193	1560
1194	1585
1196	1435
1196	1480
1196	1787
1197	1526
1198	1203
1198	1357
1198	1649
1201	1885
1202	1513
1203	1375
1203	1567
1205	1478
1207	1241
1207	1375
1208	1562
1209	1601
1209	1836
1211	1843
1211	1865
1212	1653
1214	1734
1215	1477
1216	1560
1217	1786
1218	1397
1219	1635
1220	1497
1221	1300
1221	1381
1221	1563
1223	1495
1225	1699
1225	1860
1226	1421
1226	1596
1227	1313
1227	1606
1227	1835
1229	1329
1229	1474
1229	1790
1230	1294
1230	1421
1231	1398
1231	1517
1232	1546
1232	1899
1235	1814
1236	1318
1236	1476
1239	1681
1240	1599
1241	1417
1241	1489
1244	1564
1245	1742
1246	1366
1246	1639
1246	1761
1246	1781
1247	1502
1247	1618
1251	1452
1252	1671
1252	1684
1253	1792
1254	1331
1255	1533
1255	1706
1255	1890
1256	1646
1257	1671
1258	1403
1258	1497
1259	1341
1259	1391
1259	1430
1259	1658
1261	1470
1262	1851
1263	1488
1263	1713
1264	1447
1264	1519
1264	1826
1265	1826
1266	1658
1267	1273
1267	1424
1267	1769
1268	1374
1268	1418
1269	1723
1270	1386
1271	1784
1272	1289
1272	1567
1272	1822
1273	1795
1274	1741
1274	1744
1275	1714
1275	1803
1277	1459
1277	1700
1277	1778
1278	1557
1278	1798
1279	1410
1279	1462
1280	1398
1281	1723
1282	1447
1283	1434
1283	1518
1284	1642
1284	1820
1285	1287
1285	1469
1285	1768
1286	1362
1286	1425
1287	1616
1288	1291
1288	1891
1289	1414
1289	1465
1290	1293
1290	1413
1291	1834
1292	1524
1293	1701
1294	1675
1294	1757
1295	1445
1295	1864
1297	1565
1297	1715
1298	1828
1299	1716
1299	1751
1299	1833
1300	1706
1300	1820
1301	1802
1301	1868
1301	1895
1302	1371
1302	1676
1302	1780
1304	1657
1304	1681
1304	1800
1306	1309
1306	1368
1307	1689
1309	1658
1309	1896
1310	1357
1310	1632
1311	1407
1311	1508
1312	1669
1312	1863
1314	1349
1315	1838
1316	1503
1317	1518
1317	1877
1318	1342
1318	1722
1319	1710
1322	1778
1324	1416
1324	1492
1324	1619
1325	1706
1326	1459
1326	1477
1328	1353
1328	1452
1329	1683
1330	1644
1330	1776
1331	1568
1332	1794
1333	1509
1334	1839
1335	1496
1335	1661
1335	1832
1335	1884
1336	1498
1336	1515
1336	1860
1337	1498
1339	1594
1339	1875
1340	1805
1341	1629
1341	1838
1343	1353
1343	1568
1344	1694
1345	1602
1346	1725
1346	1815
1347	1651
1348	1816
1349	1648
1351	1541
1353	1369
1354	1467
1354	1532
1354	1844
1355	1507
1357	1725
1357	1804
1357	1811
1358	1458
1358	1694
1360	1387
1360	1589
1362	1373
1363	1592
1364	1469
1365	1502
1365	1661
1365	1779
1366	1491
1366	1713
1367	1642
1368	1399
1368	1410
1369	1686
1371	1630
1372	1446
1372	1628
1374	1667
1374	1873
1376	1865
1377	1485
1378	1481
1378	1508
1378	1871
1381	1475
1381	1588
1382	1478
1383	1488
1383	1703
1383	1836
1384	1723
1385	1544
1385	1649
1385	1797
1388	1425
1388	1811
1389	1515
1389	1696
1390	1492
1390	1668
1390	1670
1392	1513
1392	1550
1392	1790
1393	1543
1395	1696
1396	1399
1396	1768
1397	1444
1398	1747
1399	1534
1399	1818
1401	1517
1402	1846
1402	1896
1403	1560
1403	1776
1403	1877
1404	1881
1405	1455
1405	1840
1405	1842
1406	1459
1407	1581
1413	1458
1413	1473
1414	1661
1414	1734
1415	1421
1415	1560
1415	1749
1416	1798
1420	1851
1421	1516
1422	1603
1427	1534
1428	1783
1429	1798
1435	1652
1435	1839
1435	1894
1436	1814
1437	1798
1438	1632
1439	1638
1440	1755
1442	1734
1443	1787
1443	1803
1443	1871
1443	1874
1444	1736
1447	1853
1447	1863
1448	1599
1448	1710
1448	1844
1450	1733
1451	1490
1453	1719
1453	1885
1455	1553
1459	1830
1461	1625
1463	1621
1464	1615
1465	1497
1465	1524
1465	1711
1465	1887
1466	1852
1466	1889
1467	1865
1468	1614
1468	1776
1470	1647
1470	1896
1471	1766
1472	1891
1473	1837
1474	1628
1474	1691
1476	1481
1476	1790
1476	1898
1479	1819
1480	1534
1480	1548
1482	1551
1483	1528
1485	1531
1485	1853
1486	1656
1487	1582
1489	1558
1490	1698
1490	1859
1493	1583
1493	1668
1494	1526
1495	1819
1499	1579
1499	1654
1501	1883
1502	1663
1506	1668
1507	1557
1508	1709
1508	1751
1511	1554
1513	1805
1514	1706
1514	1780
1514	1821
1517	1797
1518	1550
1519	1523
1519	1539
1520	1582
1520	1593
1522	1658
1522	1816
1523	1633
1523	1782
1524	1535
1527	1592
1528	1737
1528	1779
1532	1616
1533	1884
1534	1832
1539	1558
1539	1786
1540	1874
1542	1817
1545	1870
1547	1701
1547	1839
1548	1636
1548	1826
1551	1672
1552	1685
1553	1611
1556	1661
1556	1783
1557	1671
1558	1724
1559	1852
1561	1766
1561	1838
1562	1578
1563	1725
1565	1617
1565	1726
1565	1791
1574	1899
1575	1756
1576	1738
1577	1717
1577	1824
1581	1668
1583	1641
1587	1729
1589	1634
1589	1877
1591	1863
1595	1825
1597	1737
1597	1740
1602	1888
1603	1647
1603	1718
1606	1720
1606	1836
1608	1845
1610	1825
1611	1692
1611	1749
1613	1663
1613	1728
1616	1696
1616	1833
1617	1697
1618	1888
1621	1652
1622	1720
1623	1648
1624	1884
1626	1853
1629	1781
1636	1698
1639	1659
1640	1690
1644	1661
1644	1728
1646	1678
1647	1803
1648	1777
1652	1793
1652	1893
1660	1664
1661	1867
1662	1703
1664	1666
1664	1775
1665	1762
1665	1786
1665	1823
1667	1673
1668	1832
1669	1776
1670	1684
1671	1731
1673	1772
1675	1881
1676	1735
1676	1871
1681	1754
1683	1878
1684	1687
1687	1773
1691	1692
1693	1883
1695	1704
1695	1739
1698	1894
1704	1726
1709	1766
1709	1792
1709	1867
1712	1761
1718	1794
1720	1855
1721	1798
1728	1779
1730	1736
1736	1783
1744	1799
1744	1824
1747	1758
1747	1838
1748	1865
1749	1819
1753	1882
1758	1815
1759	1888
1763	1882
1764	1818
1767	1797
1771	1862
1775	1832
1779	1784
1782	1864
1785	1858
1794	1896
1800	1819
1808	1848
1809	1875
1820	1836
1827	1886
1830	1889
1832	1847
1836	1877
1839	1842
1841	1883
1843	1850
1843	1867
1848	1861
1848	1870
1852	1872