0	172
0	209
0	351
0	708
0	730
0	804
0	1310
0	1485
1	561
1	1050
1	1534
1	1633
1	1659
2	79
2	116
2	240
2	552
3	1264
3	1389
4	141
4	1069
4	1482
5	603
5	626
5	827
5	1623
5	1824
5	1882
6	469
6	676
6	1853
6	1874
7	352
7	501
7	918
7	1274
8	585
8	761
8	851
8	1085
8	1358
9	1783
10	21
10	48
10	49
10	884
10	892
10	1151
10	1168
10	1243
11	254
11	358
11	463
11	628
11	798
11	1017
11	1621
11	1793
12	1171
13	636
14	316
14	754
14	813
14	1263
14	1894
15	497
15	1532
16	301
16	594
16	1615
17	439
17	755
17	1587
18	62
18	73
18	202
18	1040
18	1552
19	644
19	756
19	870
19	874
19	1873
20	783
20	919
20	955
20	1061
20	1136
20	1445
21	721
21	1088
21	1117
21	1231
21	1717
22	35
22	213
22	410
22	564
22	780
22	1188
22	1548
23	103
23	356
23	361
23	520
23	1035
23	1196
23	1321
23	1626
23	1726
24	109
24	565
24	721
24	1787
25	517
25	1134
25	1399
26	269
26	1061
26	1375
27	668
28	967
28	1782
29	337
29	343
29	1305
29	1611
30	1000
30	1037
30	1126
30	1314
30	1662
30	1865
31	200
31	302
31	626
31	1593
31	1606
31	1682
32	253
32	256
32	1367
32	1368
32	1524
33	504
33	767
34	578
34	914
34	1037
34	1047
34	1650
35	200
35	299
35	624
35	883
35	1279
36	980
36	1084
36	1578
37	815
37	1218
37	1513
37	1811
38	128
38	1244
38	1870
39	335
39	622
40	340
40	623
40	900
40	1413
41	69
41	745
41	1221
41	1343
42	104
42	986
42	1079
42	1173
43	255
43	414
43	1002
44	731
44	932
44	1252
44	1758
45	66
45	826
46	176
46	372
46	484
46	1160
46	1285
46	1449
47	1612
48	557
48	1013
48	1338
49	363
49	370
49	408
49	686
49	894
49	1896
50	240
51	464
51	509
51	632
51	790
51	983
51	1643
52	939
52	1321
53	84
53	470
53	722
53	1642
54	1093
54	1170
54	1467
54	1560
54	1882
55	284
55	492
55	1074
55	1270
55	1309
56	363
56	593
56	873
56	939
56	961
56	1236
56	1586
56	1754
57	343
57	781
57	1540
58	620
59	213
59	574
59	796
59	848
60	460
60	1684
61	693
61	708
61	818
61	1071
61	1100
61	1167
61	1320
61	1588
61	1681
62	1160
62	1738
63	345
63	560
63	789
63	1236
63	1285
64	477
64	729
64	1809
65	123
65	283
65	304
65	1255
65	1796
66	521
66	877
66	949
66	1326
66	1347
66	1516
66	1709
67	76
67	258
67	305
67	546
67	795
67	816
67	1389
68	1062
68	1858
69	329
69	1160
69	1243
69	1251
69	1594
70	79
70	309
70	371
70	923
70	1595
71	951
71	1073
71	1440
71	1457
72	641
72	691
73	1119
73	1475
73	1624
73	1625
73	1801
74	138
75	781
75	1062
75	1169
75	1467
76	303
76	1422
76	1679
77	143
77	630
77	858
77	978
77	1000
77	1446
78	380
78	1684
78	1841
79	1585
80	1028
80	1647
80	1897
81	184
81	899
81	1159
81	1680
82	1094
82	1869
83	480
83	657
83	805
83	1431
84	529
84	669
84	799
84	1171
84	1429
84	1545
84	1734
85	1256
85	1809
86	1005
86	1223
86	1701
87	207
87	883
87	1151
87	1215
87	1304
88	171
88	207
88	1498
88	1524
89	162
89	897
89	964
89	1584
90	604
90	628
90	926
90	1197
91	406
91	1013
91	1229
91	1336
92	441
92	1026
92	1029
92	1083
93	945
93	1099
93	1474
93	1752
94	388
94	659
94	984
94	1099
95	470
95	561
95	732
95	754
96	138
96	438
96	807
96	1003
96	1370
96	1679
97	272
97	539
97	1075
97	1651
98	663
98	1310
98	1451
99	435
99	687
99	1552
99	1594
99	1873
100	324
100	521
100	588
100	837
100	1707
100	1714
101	128
101	180
101	1616
102	588
102	1437
102	1737
103	442
103	794
103	851
103	992
103	1170
103	1208
103	1673
104	106
104	1438
105	733
105	1122
105	1700
106	891
106	969
106	1062
106	1707
107	249
107	675
107	1288
107	1569
107	1646
108	350
108	937
108	1136
108	1344
108	1703
108	1874
109	379
109	989
109	1767
110	724
110	915
110	1083
110	1520
110	1856
111	1406
112	273
112	688
112	790
112	1251
112	1720
113	381
113	875
113	1087
114	836
114	1092
114	1311
114	1332
114	1752
114	1890
115	436
115	1012
115	1029
115	1212
115	1771
115	1809
116	246
116	418
116	551
116	1268
116	1550
117	1264
117	1640
117	1856
118	147
118	1334
118	1446
118	1768
119	382
120	1116
121	406
121	424
121	835
121	1259
121	1329
122	1097
123	131
123	529
123	837
123	1084
123	1636
123	1655
124	578
124	716
124	1384
124	1661
125	549
125	872
125	883
125	915
125	1214
125	1294
126	186
126	288
126	332
126	1424
127	650
127	898
127	1787
128	658
128	752
128	802
128	1144
128	1723
129	995
130	371
130	1174
130	1846
131	428
131	596
131	1639
132	424
132	990
132	1162
132	1693
132	1755
133	274
133	590
133	756
133	938
133	1055
133	1202
133	1275
133	1299
133	1629
134	1056
134	1419
135	352
135	361
135	1124
136	904
136	1051
136	1592
137	379
137	480
137	511
137	983
137	1382
137	1594
137	1612
138	161
138	178
138	917
138	1301
138	1422
139	262
140	198
140	326
140	752
140	863
140	1106
140	1138
140	1469
140	1737
141	597
141	665
141	1442
141	1785
142	147
143	723
143	1379
143	1556
144	653
144	929
144	1278
145	172
145	343
145	880
145	967
146	228
146	245
146	903
146	1538
147	373
147	510
147	1410
147	1671
148	713
148	1385
148	1455
148	1500
149	180
149	320
149	567
150	1377
150	1506
150	1551
151	565
151	623
151	1318
151	1663
151	1839
152	548
152	640
152	823
152	1121
153	170
153	254
153	657
153	749
153	942
154	618
155	570
155	632
155	754
155	767
155	1708
156	275
156	1098
156	1121
156	1533
157	469
157	714
157	1165
158	227
158	654
158	763
159	324
159	864
159	1104
159	1884
160	225
160	238
160	245
160	332
160	541
160	685
160	1290
161	570
161	1172
162	293
162	326
162	358
162	1677
162	1807
163	641
163	1558
163	1619
163	1637
163	1834
163	1871
164	1160
164	1587
165	1305
165	1332
165	1430
165	1720
166	213
166	543
166	1621
167	456
167	989
167	1394
168	562
168	1011
168	1017
168	1154
168	1664
168	1682
169	303
169	508
169	1034
169	1053
169	1138
169	1316
171	337
171	783
171	930
171	1009
171	1077
171	1880
172	475
172	977
172	1809
173	398
173	570
174	258
174	732
174	1013
175	460
175	634
176	374
176	418
176	572
176	1685
177	206
177	860
177	937
177	1234
177	1440
178	427
178	512
179	352
179	484
179	917
179	1077
179	1369
179	1714
180	745
180	1220
181	875
182	1675
182	1885
183	432
183	468
183	920
183	1184
183	1660
184	1206
184	1334
184	1558
185	227
185	1399
185	1712
186	310
186	812
186	921
186	1140
186	1399
186	1803
187	364
187	403
187	488
187	821
187	895
187	1326
187	1489
187	1577
187	1627
188	344
188	685
188	1213
189	710
189	1376
189	1454
189	1889
190	628
190	1634
190	1828
190	1845
191	546
191	694
191	1294
191	1815
192	376
192	457
192	1073
192	1308
192	1365
192	1520
192	1763
193	1186
193	1210
193	1600
193	1715
194	1120
194	1790
194	1798
195	899
195	1287
195	1738
196	337
196	462
196	563
196	1342
196	1805
197	280
197	332
197	466
197	737
197	773
198	676
198	1267
198	1881
199	770
199	870
199	1837
200	536
200	565
200	1224
200	1463
200	1602
201	211
201	769
201	1046
202	1192
202	1207
202	1295
202	1535
202	1824
203	232
203	766
203	1261
203	1777
203	1866
204	1079
204	1409
204	1712
205	231
205	869
205	1093
205	1425
206	1094
207	321
207	1138
207	1200
207	1338
207	1553
207	1783
208	703
208	741
208	988
208	1843
209	235
209	362
210	636
210	749
210	1027
210	1786
211	928
211	1392
212	1247
213	504
213	1337
214	344
214	1400
215	998
215	1391
215	1431
215	1784
216	398
216	595
216	1006
216	1712
217	1870
217	1880
218	1567
218	1690
219	409
219	659
219	724
219	933
219	1474
219	1701
220	323
220	1184
220	1351
221	523
221	1660
221	1894
222	357
223	232
223	314
223	494
223	899
223	1241
224	387
224	631
224	943
225	639
225	1254
226	687
226	1303
226	1426
227	976
227	1056
227	1316
227	1523
227	1697
228	457
228	797
228	1165
228	1467
228	1478
229	322
229	709
229	1178
229	1405
229	1588
230	620
230	773
230	1256
231	439
231	680
231	770
231	927
231	1225
232	256
232	748
232	877
233	398
233	583
233	857
233	952
233	1027
233	1086
233	1485
234	860
234	975
235	706
235	761
235	1298
236	462
236	1261
236	1807
237	582
237	772
237	1023
238	458
238	676
238	856
238	993
238	1167
238	1190
238	1284
238	1290
239	1111
239	1200
239	1204
239	1503
240	579
240	820
240	1395
240	1777
241	252
241	987
242	1228
242	1822
243	464
243	469
243	484
243	1197
243	1249
244	1118
244	1245
245	337
245	406
245	1770
246	1055
246	1319
246	1408
246	1440
246	1594
247	259
247	385
247	664
247	1644
248	821
248	1257
249	292
249	600
249	826
249	1070
249	1609
249	1640
250	934
250	994
250	1145
250	1433
251	642
251	825
251	1172
252	1098
252	1266
253	468
253	671
254	305
254	411
254	1515
255	888
255	1867
256	798
256	924
256	1144
256	1632
257	586
257	645
257	663
257	918
257	1763
258	591
258	1515
258	1726
259	1085
259	1171
260	1495
260	1699
261	432
261	876
261	1062
261	1340
261	1417
263	335
263	603
263	747
263	1068
263	1099
264	570
265	1123
265	1190
265	1636
265	1767
266	1416
266	1787
267	640
267	642
267	1027
268	348
268	488
268	1013
268	1020
268	1045
268	1185
268	1582
269	333
269	359
269	1094
269	1272
269	1285
270	637
271	684
271	1649
271	1782
271	1832
272	537
272	1096
272	1394
272	1569
273	616
274	650
274	842
274	908
275	339
275	1245
275	1410
276	292
276	471
276	732
276	975
276	1215
276	1324
277	835
277	1822
278	694
278	981
278	1437
279	1125
279	1160
279	1167
279	1312
280	1873
281	823
281	1027
281	1565
281	1573
281	1645
282	485
282	603
282	908
282	1259
282	1283
282	1318
282	1809
283	471
283	617
283	657
283	1469
283	1644
283	1874
284	711
284	1054
285	312
285	525
285	1034
285	1146
285	1170
285	1354
286	370
286	444
286	805
286	1069
286	1367
287	396
287	1395
287	1518
287	1521
287	1539
287	1557
288	600
288	820
288	1153
288	1525
289	382
289	1019
290	398
290	528
290	610
290	769
290	1219
290	1519
290	1670
291	574
291	752
291	1399
292	1863
293	925
293	1197
294	813
294	1302
294	1779
295	529
295	1704
296	624
296	911
296	1101
296	1304
296	1603
297	901
297	1548
298	483
298	1366
298	1431
298	1676
299	358
299	548
299	1527
299	1580
299	1696
300	396
300	632
300	770
300	952
301	350
301	930
301	1004
302	485
302	525
302	558
302	1094
302	1098
302	1261
303	458
303	1464
303	1550
304	402
304	1317
305	479
305	1035
305	1415
305	1534
305	1641
306	518
306	682
306	1194
306	1245
306	1461
306	1793
307	524
307	733
307	1568
307	1667
308	1163
308	1269
310	436
310	644
310	702
310	1134
310	1454
310	1456
311	499
311	845
311	1156
311	1442
312	830
312	995
312	1172
312	1440
312	1546
313	1423
313	1806
314	1050
314	1148
314	1311
314	1724
315	1022
315	1262
316	690
316	1459
316	1505
316	1515
317	397
317	1212
317	1476
317	1637
317	1744
318	687
318	995
318	1482
318	1587
318	1612
318	1804
319	727
319	1177
319	1420
319	1542
320	735
320	829
320	1590
320	1607
320	1837
321	362
321	1270
322	1765
323	555
323	1089
323	1382
324	630
324	1200
324	1607
324	1635
324	1741
325	498
325	568
325	746
325	1021
325	1249
325	1641
325	1859
326	394
326	542
326	692
326	1097
327	1337
327	1642
327	1710
328	439
328	903
328	961
329	853
329	1137
329	1836
330	800
331	559
331	945
331	1722
331	1775
332	818
332	1899
333	592
333	1398
334	555
334	756
334	780
334	1001
334	1026
334	1118
334	1515
334	1709
334	1818
335	373
335	732
335	889
335	1064
335	1255
336	1159
337	347
337	1172
338	776
338	1044
338	1177
338	1493
338	1802
339	344
339	730
339	1233
339	1465
339	1671
339	1825
340	375
340	410
340	625
340	718
340	798
340	1253
340	1458
341	361
341	526
341	1081
341	1258
341	1759
342	568
343	1475
343	1665
344	824
344	1007
344	1302
345	568
345	773
345	901
345	955
345	1006
345	1295
346	1036
346	1159
346	1757
346	1875
347	828
347	1098
347	1126
347	1314
348	1320
349	1009
349	1373
350	883
350	998
350	1399
350	1841
351	878
351	1047
351	1429
351	1617
351	1744
352	1201
353	627
353	677
353	783
353	1370
354	445
354	470
354	872
354	1032
354	1505
354	1661
355	551
355	1078
355	1402
356	822
356	920
356	1192
356	1805
357	397
357	804
357	1034
357	1199
358	494
358	711
358	914
358	983
358	1491
358	1806
359	516
359	593
359	1648
360	1137
360	1138
360	1802
361	929
361	962
361	998
361	1176
361	1468
362	434
362	756
362	810
362	1269
362	1407
362	1584
363	827
363	1013
363	1174
364	857
364	926
364	1060
364	1079
364	1718
365	1470
366	397
366	727
366	1580
367	540
367	556
367	1045
367	1667
367	1885
368	746
368	961
368	1015
368	1240
368	1329
368	1454
369	1252
370	387
370	551
370	617
370	1148
371	897
371	1680
371	1782
372	787
372	1117
372	1660
373	483
373	685
373	950
373	1594
374	400
374	450
374	673
374	830
374	1173
375	765
375	1250
375	1586
375	1867
376	405
376	675
376	838
376	1114
376	1239
377	716
378	1105
378	1213
378	1585
379	676
379	1035
379	1585
380	941
380	968
380	1041
380	1513
381	464
381	540
381	590
381	1566
382	526
382	644
382	877
382	1268
382	1455
383	941
383	1139
384	1151
384	1179
384	1473
385	749
385	1138
385	1497
386	475
386	500
386	988
386	1289
386	1456
386	1626
386	1860
387	553
387	642
387	1528
388	530
388	610
388	1213
389	623
389	1494
389	1724
389	1769
390	891
390	1048
391	483
391	812
391	1086
391	1629
391	1800
391	1889
392	460
392	635
392	855
392	1002
393	416
393	518
393	1576
393	1868
394	752
394	1338
395	445
395	603
395	1184
395	1231
395	1673
395	1707
395	1891
396	1267
396	1452
397	453
397	1333
398	412
398	658
398	808
398	1113
398	1616
399	765
399	1448
399	1838
400	521
400	602
400	704
400	896
400	938
400	1132
400	1513
400	1626
400	1722
400	1794
401	916
401	1436
401	1475
401	1590
402	1507
403	794
404	879
404	1323
404	1443
405	1216
405	1255
405	1336
405	1544
406	1495
406	1733
407	549
408	832
408	870
408	1106
408	1778
409	592
409	1238
409	1772
409	1833
410	1124
412	764
413	954
413	1062
413	1071
413	1120
413	1718
414	689
414	1125
414	1404
415	964
415	999
415	1278
416	537
416	1509
416	1557
416	1706
417	1311
417	1359
418	515
418	662
418	757
418	920
418	1219
418	1279
418	1648
419	598
419	1097
419	1123
419	1161
419	1231
420	874
420	1390
420	1397
421	1075
422	1269
422	1452
423	476
423	1850
424	477
424	538
424	562
424	1434
424	1857
425	1325
425	1658
426	1173
426	1193
426	1306
427	887
428	733
428	1650
429	632
429	755
429	1318
429	1340
430	601
430	1624
431	631
431	914
431	1170
431	1315
432	770
432	1588
432	1604
433	562
433	1402
433	1535
433	1552
433	1817
434	1029
434	1593
435	977
435	1482
435	1846
436	731
436	1056
436	1144
437	1298
437	1658
437	1897
438	1641
439	513
439	849
439	1079
439	1160
439	1607
440	638
440	1171
440	1176
440	1867
441	1317
441	1462
442	744
442	1824
443	532
443	815
443	1242
443	1252
443	1356
443	1598
444	498
444	854
444	1248
444	1407
444	1698
444	1819
445	1180
445	1499
445	1594
446	518
446	592
446	704
446	1218
446	1711
447	909
447	1215
447	1576
447	1654
448	946
448	1827
449	699
449	903
449	1268
449	1521
449	1681
449	1793
449	1898
450	1540
451	846
452	1430
453	1293
453	1375
453	1891
454	620
454	762
454	1309
454	1726
455	520
455	995
455	1044
455	1590
455	1738
456	608
456	1097
456	1577
457	598
457	602
457	1200
457	1468
457	1651
457	1852
458	1614
459	1616
460	678
460	734
460	1328
460	1475
460	1646
461	546
461	1439
461	1643
462	589
462	622
462	1083
463	1015
464	761
464	844
464	1080
464	1152
464	1626
464	1717
464	1748
464	1827
465	666
465	750
465	777
465	952
465	1034
465	1079
465	1557
466	1174
466	1212
466	1423
466	1465
466	1610
466	1666
466	1725
467	593
467	756
467	1207
468	753
468	911
468	968
468	1705
469	839
469	1228
469	1695
470	1254
470	1274
470	1615
470	1689
470	1758
471	658
471	898
471	912
471	1080
471	1274
472	721
472	1671
472	1733
472	1759
473	534
473	646
473	947
473	1055
473	1344
473	1528
473	1716
474	905
474	1689
474	1690
475	1547
476	643
476	1157
476	1473
476	1591
476	1709
476	1711
477	1056
477	1456
478	951
478	1029
479	1511
479	1539
480	1819
481	506
481	1855
482	485
482	1396
482	1673
483	786
483	1304
483	1368
483	1539
483	1751
483	1801
483	1836
484	766
484	933
484	1760
484	1844
485	974
485	1176
485	1510
486	707
486	1032
487	938
487	1126
487	1306
487	1898
488	1225
488	1325
488	1755
488	1797
489	1010
489	1806
490	635
490	759
490	996
490	1653
491	730
491	1265
491	1766
493	762
493	937
494	1173
494	1248
494	1350
494	1421
495	1108
496	920
496	1347
496	1565
496	1837
497	724
497	809
497	1791
497	1880
498	685
498	934
498	1428
498	1463
498	1766
499	842
499	1047
499	1339
499	1708
500	768
501	1005
501	1257
501	1277
502	717
502	1076
502	1084
502	1124
502	1283
502	1569
502	1681
503	592
503	880
503	1301
504	536
504	755
504	1636
505	672
505	905
505	1794
505	1852
506	665
506	998
506	1404
506	1435
506	1517
506	1708
507	591
507	1388
507	1752
508	1171
509	1342
509	1455
510	551
511	1478
512	830
512	1651
512	1765
513	545
513	1122
513	1813
513	1859
514	576
514	727
514	732
514	1250
514	1691
515	1473
516	600
516	1724
517	631
517	1071
517	1124
517	1257
518	1137
519	634
520	1201
520	1345
520	1696
520	1751
520	1811
521	1561
521	1742
522	745
522	798
522	1058
522	1521
522	1524
522	1649
522	1806
523	706
523	1014
524	637
524	1263
524	1563
525	677
525	702
525	1543
525	1820
526	560
526	1779
526	1817
527	571
527	936
527	1203
527	1802
528	790
528	1100
528	1399
528	1862
529	706
529	853
530	565
530	605
530	931
531	1800
532	661
532	1023
532	1195
532	1252
532	1817
533	607
533	986
533	1693
534	985
534	1648
535	1645
536	608
536	746
536	919
536	1498
536	1812
536	1868
537	1158
538	546
538	620
538	812
538	1147
539	564
539	1290
539	1384
539	1425
539	1434
540	688
540	901
541	1165
541	1364
541	1581
542	722
542	1640
542	1827
543	617
543	837
543	1641
543	1835
544	749
544	1534
544	1604
544	1619
544	1871
546	1801
547	1174
547	1194
547	1385
547	1567
547	1838
548	614
548	659
548	1204
548	1326
548	1337
548	1401
548	1685
549	685
549	788
549	1873
550	1015
550	1560
551	623
551	740
551	808
551	1808
552	676
552	881
552	1181
552	1308
552	1623
552	1761
553	1635
553	1671
553	1757
554	991
554	1587
555	623
555	785
555	987
555	1075
556	646
556	964
556	1079
557	726
557	1346
558	889
559	1051
559	1113
559	1283
559	1479
559	1492
560	1197
560	1346
560	1691
561	588
561	601
561	732
561	1075
561	1101
561	1717
562	985
562	1112
563	993
563	1294
563	1617
564	631
564	854
564	1079
564	1797
565	600
565	602
565	638
565	652
565	1808
566	841
566	1110
566	1257
566	1325
567	613
567	1766
568	957
568	1310
568	1520
569	745
569	1092
570	680
570	872
570	1795
571	938
571	1164
571	1190
571	1858
572	1820
573	762
573	792
573	1078
573	1097
573	1476
573	1785
573	1872
574	810
574	1123
574	1333
575	1043
575	1196
575	1283
575	1511
576	873
576	1710
576	1800
577	643
577	1151
577	1430
578	1276
578	1899
579	581
579	856
579	1009
579	1208
579	1212
580	689
580	783
580	1733
581	751
581	1212
581	1519
581	1678
582	748
582	815
582	1226
582	1310
582	1335
583	1669
583	1852
584	770
584	771
584	1474
584	1750
585	599
585	764
585	1710
586	1195
587	619
587	907
587	1580
588	1622
588	1859
589	734
589	1453
590	705
591	604
591	728
591	905
591	1147
592	1400
592	1427
592	1676
593	937
593	1013
593	1213
593	1528
593	1813
594	945
594	964
595	1051
596	973
596	1758
597	609
597	688
598	1110
598	1256
598	1470
599	688
599	1587
599	1605
599	1852
600	1507
601	818
602	774
603	1039
604	856
604	880
604	966
604	1012
604	1246
604	1462
605	1569
605	1823
606	625
606	737
606	992
606	1145
606	1626
606	1678
607	1406
607	1446
607	1623
608	1019
608	1259
608	1401
608	1472
608	1533
609	1222
609	1562
609	1645
611	942
611	1026
612	936
612	1388
613	747
613	1772
614	697
614	1733
614	1824
615	685
615	1029
615	1250
616	694
616	982
616	1346
616	1404
616	1833
617	1107
617	1321
618	721
618	846
618	1175
618	1468
619	1201
620	972
620	1894
621	1072
621	1112
621	1202
621	1383
621	1622
621	1778
622	1892
623	751
623	988
623	1417
624	1033
624	1059
624	1311
624	1576
624	1778
624	1840
625	1469
625	1643
626	1294
626	1572
627	733
627	840
627	1015
627	1380
627	1547
627	1674
628	1338
629	871
629	1127
630	720
630	1140
630	1731
631	1155
631	1704
631	1755
632	868
632	1821
633	945
633	1067
633	1884
634	1612
634	1675
635	700
635	713
635	1281
636	799
636	813
636	948
637	846
637	852
637	1197
637	1679
639	1109
639	1399
639	1560
639	1822
640	825
640	877
640	1420
640	1736
641	877
641	1233
641	1483
641	1760
643	659
643	1767
644	740
644	1024
644	1029
645	979
645	1405
645	1777
646	1515
646	1890
647	1117
648	706
648	1403
649	1734
650	867
650	963
650	1356
651	1511
651	1673
651	1779
652	1537
653	685
653	689
653	1001
654	1008
654	1195
654	1357
655	796
655	1207
655	1260
655	1279
655	1689
656	851
657	805
657	1081
657	1135
657	1727
657	1743
658	1105
658	1809
659	1511
659	1775
659	1866
660	1355
660	1369
660	1623
661	1707
661	1749
661	1802
662	758
662	1197
662	1295
662	1323
662	1412
662	1607
662	1728
663	716
663	932
663	998
663	1103
663	1152
664	1862
665	804
665	1108
666	1302
666	1547
666	1885
667	1478
667	1590
669	877
669	1235
669	1577
670	866
670	1004
670	1125
670	1643
670	1659
671	997
671	1149
671	1785
672	704
672	844
672	1127
672	1222
672	1824
672	1870
673	785
674	858
674	1021
674	1115
674	1838
675	1368
676	1565
677	1416
677	1505
677	1744
678	1508
679	924
679	976
679	1613
679	1631
679	1882
680	804
680	1321
680	1595
680	1649
680	1735
680	1739
680	1798
681	784
681	871
681	1187
681	1444
682	785
682	955
683	1285
684	1403
684	1421
685	933
685	1112
685	1276
686	1083
686	1113
686	1398
687	1048
687	1517
687	1695
688	962
688	1770
688	1793
688	1840
688	1847
689	1132
689	1285
689	1508
691	930
691	1724
692	1438
692	1498
692	1853
692	1898
693	747
693	1015
693	1144
693	1474
693	1564
693	1836
694	1610
694	1811
695	1222
695	1460
695	1889
696	711
696	977
696	1476
696	1717
697	1670
698	778
698	1050
698	1067
698	1263
698	1364
699	1430
699	1805
700	1634
701	943
701	1599
701	1801
702	991
702	1167
702	1227
702	1401
702	1585
702	1730
702	1746
702	1896
704	732
704	1071
704	1722
705	1277
705	1840
705	1870
706	1080
707	1204
707	1469
708	1558
708	1692
709	769
709	908
709	1187
709	1224
709	1596
710	724
710	838
710	1100
711	747
711	1119
711	1389
712	1869
712	1891
713	898
713	1050
713	1622
714	900
714	1142
714	1377
714	1470
714	1851
715	1002
716	1797
717	1754
718	863
718	1059
718	1150
718	1227
718	1375
718	1543
718	1666
718	1800
719	849
720	865
720	1635
721	873
721	1674
722	1847
723	904
723	1440
723	1585
723	1664
724	1054
725	888
726	774
726	867
726	913
726	1093
726	1173
726	1250
726	1655
726	1862
727	1176
727	1686
728	1136
728	1529
728	1583
729	773
729	1020
729	1303
729	1620
729	1637
730	751
730	833
731	1238
731	1299
732	1459
733	799
733	1085
733	1374
733	1453
733	1781
733	1826
734	1585
735	1202
735	1707
736	1198
736	1471
737	1266
737	1456
738	1403
738	1701
738	1716
739	1195
740	1600
741	851
741	861
741	1064
741	1385
742	884
742	886
742	1514
743	1083
745	1248
745	1402
745	1775
745	1813
746	1086
746	1172
747	993
747	1149
747	1333
747	1816
748	1187
748	1427
749	800
749	852
749	1019
749	1033
749	1576
750	915
750	969
751	1293
751	1507
751	1555
752	1038
752	1278
752	1429
753	1653
754	1377
754	1539
754	1723
755	1870
756	1644
757	956
757	1693
758	1123
758	1127
758	1476
759	1519
759	1878
760	1591
761	803
761	900
763	804
763	965
763	1693
764	1436
765	934
765	1057
765	1082
765	1255
765	1484
767	1020
767	1108
767	1383
768	1192
769	907
769	1197
769	1352
769	1610
770	1198
770	1288
770	1362
771	1465
771	1595
771	1631
772	902
772	1740
773	1311
773	1409
774	1039
774	1395
775	1094
776	1021
777	1583
777	1681
777	1791
778	1260
778	1395
779	1112
781	845
781	999
781	1832
782	1720
783	1155
783	1862
784	899
784	1870
785	793
785	900
786	892
787	1269
787	1817
787	1858
788	1831
788	1847
789	1038
789	1209
790	1024
791	1517
791	1551
794	870
794	1065
794	1107
794	1457
794	1690
795	1465
796	880
796	1378
796	1504
796	1551
797	1622
797	1729
798	1666
798	1812
799	1253
800	1034
800	1158
801	906
801	1184
801	1470
802	1598
802	1731
803	1803
804	1124
804	1830
805	880
805	1530
806	1506
807	853
807	1484
808	1363
808	1841
809	1186
811	1406
811	1627
812	999
812	1327
813	816
813	1017
813	1091
813	1125
813	1426
813	1627
813	1641
814	1762
815	1088
815	1312
815	1373
816	1108
816	1130
816	1248
817	1443
818	1314
818	1894
819	847
819	872
819	1220
819	1498
819	1527
820	1231
820	1605
820	1763
821	1020
821	1061
821	1862
822	1708
823	1582
823	1758
823	1810
824	1069
825	1375
826	958
826	1198
826	1391
826	1818
827	1369
827	1553
828	849
828	930
828	1157
829	1576
830	1690
831	932
832	863
832	1446
833	1113
833	1248
833	1364
834	847
834	1002
835	1100
835	1206
835	1208
835	1378
836	879
838	1523
838	1607
839	1864
840	1290
841	909
841	1577
841	1582
841	1756
841	1846
842	1134
842	1516
842	1878
843	1659
844	1001
844	1016
844	1085
845	874
845	977
846	1191
846	1486
846	1548
847	1690
847	1868
848	869
849	922
849	1781
850	1623
851	1757
852	1011
853	1055
854	1039
854	1225
854	1755
855	1208
855	1378
855	1532
855	1615
858	1047
858	1601
859	1025
859	1548
859	1623
859	1627
859	1689
860	1368
860	1890
861	1342
862	1896
864	889
864	935
864	1023
864	1640
865	1035
865	1059
865	1180
866	1028
866	1242
866	1285
866	1311
866	1571
867	1873
868	1101
868	1263
868	1323
868	1338
868	1598
869	973
869	1420
870	908
870	1084
871	892
871	1403
871	1525
871	1621
871	1826
872	1711
872	1734
873	979
873	1556
873	1623
874	1388
875	894
875	988
876	1478
876	1776
877	1069
877	1205
877	1657
878	1640
879	1209
879	1607
879	1788
880	883
880	1007
880	1211
880	1720
881	933
882	1106
882	1250
882	1251
883	1340
883	1794
884	1438
885	944
885	1462
886	1362
886	1806
886	1827
887	945
889	1424
889	1628
890	1390
890	1512
891	909
891	1028
891	1074
892	1003
892	1094
892	1257
892	1380
892	1605
892	1813
892	1888
893	1430
893	1482
893	1635
894	1383
894	1546
894	1663
894	1705
895	1513
896	1441
897	1302
897	1647
897	1664
899	1334
899	1627
899	1785
899	1813
900	954
901	1014
901	1813
902	1154
902	1331
902	1814
904	1722
904	1880
905	1077
905	1313
905	1661
905	1858
906	1087
906	1219
906	1765
907	1142
908	1662
909	1381
909	1564
909	1634
910	1061
910	1596
911	1530
911	1894
912	1193
912	1339
913	1386
914	922
914	1631
914	1640
915	1005
915	1099
915	1768
916	1170
916	1530
917	946
917	1538
917	1776
919	1207
919	1249
919	1546
920	1075
920	1374
920	1563
921	1791
922	1313
922	1424
923	1164
923	1605
924	1161
925	1083
926	1471
926	1765
926	1786
927	1555
928	1292
928	1438
929	1449
930	1726
932	979
932	1031
932	1409
932	1411
932	1733
932	1875
933	1145
933	1341
933	1454
933	1631
933	1785
934	1052
934	1159
934	1855
935	941
935	1578
935	1602
936	1454
937	1075
937	1158
937	1169
938	1652
938	1807
939	1471
940	1206
940	1516
941	1577
942	1314
943	953
943	1485
944	1846
945	1378
945	1762
945	1805
949	1510
950	1206
950	1360
951	1223
951	1310
951	1420
951	1507
951	1558
952	1223
955	975
955	1021
955	1476
955	1566
955	1741
956	1637
957	1485
957	1662
958	1053
958	1793
959	1277
959	1313
959	1684
959	1753
960	1020
960	1318
960	1864
961	1145
961	1460
962	1083
962	1143
962	1535
962	1573
962	1870
963	1096
963	1254
963	1295
963	1380
963	1786
964	1402
965	1134
965	1733
966	1637
967	1011
968	1830
969	1073
970	1315
971	1220
971	1390
972	1344
972	1822
973	1121
974	1827
975	1191
975	1471
975	1549
976	983
976	1082
976	1134
976	1207
976	1249
976	1400
976	1674
977	1205
977	1744
978	1876
979	1445
979	1688
980	1128
980	1473
981	1164
981	1577
981	1827
982	1111
982	1598
983	1003
983	1401
983	1527
983	1705
985	1521
986	1355
987	1019
987	1617
987	1827
990	1501
992	1620
992	1884
993	1045
994	1609
996	1108
997	1325
998	1481
999	1407
999	1637
999	1749
1000	1225
1000	1395
1000	1744
1001	1077
1001	1398
1002	1883
1003	1068
1003	1197
1003	1576
1004	1005
1006	1677
1006	1815
1007	1230
1007	1750
1009	1329
1010	1536
1011	1372
1011	1541
1012	1534
1012	1678
1013	1710
1014	1242
1016	1634
1017	1526
1017	1596
1018	1371
1018	1656
1019	1591
1020	1864
1021	1026
1021	1185
1021	1870
1022	1164
1022	1500
1023	1111
1023	1181
1023	1205
1023	1222
1023	1342
1023	1377
1023	1542
1024	1569
1025	1104
1025	1881
1026	1137
1026	1646
1026	1893
1027	1328
1027	1820
1028	1765
1029	1615
1030	1871
1032	1478
1032	1776
1033	1210
1034	1275
1034	1722
1034	1734
1035	1040
1035	1525
1037	1147
1037	1634
1038	1168
1040	1716
1042	1154
1043	1215
1043	1324
1044	1231
1044	1243
1044	1253
1044	1291
1044	1305
1044	1442
1044	1831
1045	1471
1045	1587
1045	1726
1046	1115
1046	1224
1046	1472
1046	1877
1047	1162
1047	1195
1047	1432
1048	1166
1048	1352
1049	1366
1051	1352
1052	1440
1053	1435
1054	1426
1055	1300
1056	1750
1057	1651
1058	1244
1058	1519
1058	1552
1059	1418
1059	1544
1060	1350
1060	1798
1061	1140
1061	1214
1061	1294
1061	1572
1061	1795
1061	1861
1062	1321
1062	1612
1063	1735
1063	1780
1063	1864
1063	1879
1064	1384
1064	1804
1065	1505
1066	1439
1066	1666
1066	1705
1066	1897
1067	1842
1069	1530
1069	1662
1070	1876
1071	1611
1072	1173
1072	1261
1072	1278
1072	1283
1073	1166
1073	1497
1073	1529
1073	1548
1073	1605
1074	1590
1075	1845
1075	1888
1076	1570
1079	1317
1080	1824
1080	1864
1081	1546
1081	1668
1081	1825
1081	1842
1082	1273
1082	1365
1082	1454
1082	1770
1083	1342
1083	1590
1083	1768
1084	1198
1086	1181
1086	1394
1088	1174
1088	1667
1088	1879
1089	1467
1089	1708
1089	1750
1090	1268
1091	1296
1091	1377
1091	1405
1091	1438
1091	1804
1091	1851
1092	1330
1092	1409
1093	1314
1093	1781
1093	1784
1094	1263
1094	1694
1095	1848
1096	1667
1097	1118
1097	1367
1097	1618
1097	1727
1098	1105
1098	1282
1098	1391
1099	1164
1100	1249
1100	1372
1100	1652
1101	1195
1101	1390
1101	1798
1102	1812
1103	1114
1103	1195
1103	1529
1103	1803
1104	1215
1104	1822
1105	1771
1106	1419
1106	1633
1107	1131
1108	1151
1108	1402
1108	1555
1109	1230
1109	1236
1109	1237
1111	1665
1114	1178
1114	1220
1114	1413
1114	1673
1115	1662
1115	1881
1115	1885
1116	1278
1116	1357
1116	1545
1117	1525
1117	1735
1118	1290
1118	1353
1118	1374
1118	1667
1120	1582
1121	1822
1123	1626
1123	1682
1124	1890
1125	1361
1126	1200
1127	1574
1127	1846
1128	1137
1128	1491
1128	1727
1129	1703
1130	1796
1131	1542
1132	1374
1132	1417
1133	1262
1134	1176
1134	1790
1135	1288
1135	1407
1135	1496
1135	1582
1136	1425
1137	1275
1137	1761
1137	1787
1138	1492
1138	1783
1138	1816
1139	1821
1140	1267
1140	1424
1140	1427
1140	1680
1141	1622
1142	1221
1142	1347
1142	1646
1143	1226
1143	1425
1143	1616
1144	1472
1145	1293
1145	1385
1146	1280
1146	1681
1146	1723
1146	1735
1146	1855
1147	1783
1148	1861
1149	1163
1149	1555
1149	1856
1149	1869
1151	1187
1152	1372
1154	1616
1155	1369
1155	1374
1156	1468
1156	1766
1157	1178
1158	1805
1161	1239
1161	1536
1161	1552
1162	1606
1163	1216
1164	1372
1165	1336
1166	1312
1166	1732
1167	1216
1167	1298
1168	1173
1168	1368
1168	1415
1168	1503
1168	1721
1170	1269
1171	1565
1171	1815
1173	1558
1176	1797
1177	1320
1177	1510
1177	1764
1178	1623
1179	1670
1181	1324
1181	1843
1181	1879
1182	1295
1182	1353
1182	1883
1183	1623
1184	1257
1184	1653
1184	1724
1185	1378
1185	1684
1186	1285
1186	1367
1186	1697
1186	1750
1186	1791
1187	1353
1188	1288
1188	1721
1189	1460
1189	1680
1189	1808
1190	1451
1191	1732
1191	1799
1192	1673
1193	1242
1193	1452
1193	1650
1194	1553
1195	1731
1196	1307
1196	1336
1196	1416
1197	1239
1197	1511
1198	1762
1200	1308
1200	1524
1200	1639
1201	1335
1201	1565
1203	1297
1203	1523
1203	1595
1204	1395
1204	1468
1206	1694
1207	1562
1207	1605
1209	1380
1209	1623
1209	1659
1209	1778
1209	1870
1210	1286
1210	1324
1212	1546
1212	1568
1212	1719
1213	1434
1213	1840
1213	1881
1214	1257
1214	1501
1215	1685
1216	1690
1217	1374
1217	1427
1217	1724
1218	1524
1218	1704
1220	1525
1221	1470
1222	1358
1222	1676
1224	1235
1224	1667
1225	1521
1227	1897
1228	1302
1228	1526
1230	1418
1230	1870
1231	1836
1232	1416
1232	1844
1233	1766
1235	1722
1236	1735
1236	1872
1238	1346
1238	1459
1239	1373
1239	1393
1239	1472
1241	1527
1242	1898
1243	1458
1244	1796
1245	1572
1245	1768
1246	1590
1247	1264
1247	1475
1247	1769
1248	1662
1249	1366
1249	1425
1249	1743
1250	1845
1253	1816
1254	1326
1254	1475
1254	1746
1255	1256
1255	1314
1255	1806
1256	1380
1257	1459
1257	1627
1259	1454
1259	1551
1259	1790
1259	1802
1260	1315
1261	1502
1261	1701
1262	1695
1263	1597
1264	1394
1264	1559
1264	1847
1264	1884
1265	1361
1265	1388
1265	1462
1267	1276
1268	1336
1268	1585
1268	1716
1269	1339
1269	1756
1270	1277
1271	1306
1271	1537
1271	1596
1275	1315
1275	1453
1276	1690
1276	1816
1277	1330
1277	1595
1277	1737
1278	1440
1278	1529
1278	1611
1279	1471
1280	1647
1281	1513
1281	1780
1282	1284
1282	1702
1284	1559
1284	1677
1284	1741
1284	1775
1284	1832
1285	1471
1285	1597
1286	1780
1287	1303
1289	1650
1290	1836
1291	1429
1292	1557
1293	1608
1294	1604
1294	1644
1294	1752
1299	1517
1299	1878
1300	1348
1300	1427
1300	1484
1300	1892
1301	1769
1304	1571
1304	1626
1305	1424
1305	1641
1305	1697
1305	1892
1306	1415
1306	1566
1307	1656
1307	1745
1307	1754
1307	1760
1308	1544
1308	1609
1308	1821
1309	1436
1310	1447
1311	1401
1311	1510
1314	1553
1314	1630
1314	1723
1316	1558
1316	1646
1318	1386
1319	1346
1319	1556
1320	1338
1320	1407
1320	1562
1320	1710
1321	1415
1321	1502
1321	1531
1321	1837
1322	1446
1323	1775
1324	1667
1325	1327
1325	1530
1326	1441
1326	1563
1326	1644
1326	1836
1328	1878
1332	1358
1332	1545
1332	1673
1333	1586
1334	1631
1335	1374
1335	1787
1337	1612
1338	1377
1338	1475
1340	1488
1342	1477
1342	1867
1343	1530
1343	1684
1343	1886
1344	1649
1345	1434
1345	1763
1346	1515
1346	1751
1346	1773
1347	1679
1348	1716
1349	1453
1351	1469
1351	1834
1355	1678
1356	1470
1356	1584
1356	1865
1358	1514
1360	1424
1360	1473
1360	1683
1362	1667
1364	1716
1364	1776
1365	1598
1365	1652
1366	1461
1366	1506
1366	1520
1368	1715
1368	1724
1369	1494
1369	1766
1371	1556
1371	1885
1373	1546
1374	1809
1374	1844
1375	1595
1376	1876
1378	1612
1378	1741
1381	1424
1382	1674
1383	1604
1385	1399
1385	1525
1385	1858
1386	1686
1386	1840
1387	1450
1387	1825
1389	1585
1389	1657
1392	1518
1392	1796
1393	1394
1393	1406
1393	1743
1393	1751
1395	1612
1397	1693
1398	1883
1399	1838
1401	1622
1402	1607
1404	1712
1404	1719
1405	1620
1406	1737
1407	1601
1407	1604
1407	1697
1408	1598
1408	1635
1408	1769
1408	1823
1411	1545
1413	1644
1414	1502
1414	1787
1416	1492
1416	1855
1419	1661
1420	1658
1421	1446
1421	1663
1421	1861
1424	1730
1425	1669
1425	1863
1427	1576
1427	1599
1430	1841
1433	1678
1433	1897
1434	1710
1434	1810
1435	1678
1435	1895
1436	1834
1437	1562
1437	1672
1437	1821
1438	1719
1441	1495
1442	1665
1444	1659
1445	1721
1449	1472
1450	1488
1450	1740
1452	1626
1453	1567
1453	1713
1454	1827
1455	1497
1455	1525
1455	1526
1457	1745
1457	1847
1459	1519
1461	1479
1461	1882
1462	1590
1463	1761
1464	1798
1464	1892
1466	1562
1466	1725
1467	1487
1469	1824
1470	1639
1472	1896
1474	1576
1474	1740
1475	1542
1475	1871
1476	1655
1480	1501
1480	1749
1481	1724
1482	1518
1482	1783
1484	1656
1484	1713
1484	1877
1485	1702
1485	1766
1485	1771
1485	1856
1488	1559
1488	1781
1489	1884
1490	1843
1491	1640
1494	1638
1495	1591
1498	1687
1502	1639
1503	1564
1508	1746
1509	1674
1510	1662
1511	1713
1513	1524
1513	1584
1513	1707
1513	1746
1514	1589
1516	1709
1516	1797
1516	1859
1516	1888
1517	1668
1518	1575
1520	1696
1520	1775
1521	1707
1521	1819
1522	1865
1523	1739
1523	1756
1527	1531
1527	1544
1530	1840
1531	1554
1531	1819
1532	1898
1534	1740
1535	1632
1536	1743
1537	1699
1537	1876
1539	1612
1543	1888
1544	1887
1545	1877
1547	1660
1550	1551
1551	1644
1551	1743
1552	1728
1554	1814
1555	1687
1555	1894
1557	1767
1558	1743
1559	1585
1560	1869
1562	1583
1563	1719
1566	1577
1566	1863
1567	1633
1569	1818
1570	1660
1573	1606
1575	1791
1576	1762
1577	1866
1578	1748
1579	1605
1579	1800
1579	1862
1580	1624
1582	1736
1582	1789
1585	1880
1586	1613
1586	1801
1587	1598
1587	1667
1587	1716
1587	1742
1588	1734
1589	1767
1590	1673
1590	1829
1591	1742
1595	1769
1597	1894
1598	1623
1598	1654
1598	1841
1600	1646
1600	1844
1601	1778
1602	1608
1602	1759
1603	1661
1607	1813
1611	1688
1612	1668
1612	1830
1613	1791
1614	1718
1619	1766
1621	1849
1624	1713
1626	1784
1627	1650
1628	1715
1631	1674
1631	1779
1634	1899
1636	1773
1639	1777
1646	1669
1648	1651
1650	1886
1656	1659
1657	1753
1659	1799
1663	1891
1665	1684
1666	1798
1668	1705
1672	1863
1678	1778
1680	1725
1680	1841
1680	1897
1682	1767
1682	1774
1687	1839
1691	1697
1692	1786
1695	1866
1696	1890
1699	1713
1699	1877
1699	1884
1701	1828
1705	1721
1705	1794
1706	1885
1707	1758
1707	1822
1707	1864
1718	1750
1722	1818
1724	1868
1725	1774
1727	1810
1728	1784
1731	1859
1733	1883
1737	1795
1741	1880
1745	1753
1746	1872
1747	1825
1764	1773
1767	1886
1772	1849
1777	1845
1778	1833
1785	1836
1792	1854
1802	1819
1802	1885
1803	1866
1805	1885
1809	1812
1809	1821
1815	1855
1817	1864
1821	1847
1824	1867
1837	1854
1837	1879
1844	1897
1874	1895