0	1577
0	1825
1	262
1	306
1	674
1	1117
1	1869
2	660
2	1093
2	1608
2	1730
2	1795
3	308
3	555
3	1199
3	1385
3	1631
4	429
4	659
4	1062
4	1221
4	1489
5	311
5	1187
5	1835
6	106
6	446
6	798
6	1211
6	1461
7	249
7	522
7	716
7	1392
7	1397
8	46
8	895
8	1149
9	364
9	589
10	244
10	662
10	810
10	1123
10	1242
10	1755
11	156
11	262
11	867
11	1109
12	602
12	1250
12	1270
13	317
13	780
14	245
14	358
14	423
14	870
14	1457
14	1893
15	63
15	1464
15	1727
16	50
16	1567
17	885
17	1468
17	1709
18	415
18	417
18	528
18	950
18	1241
18	1651
18	1668
19	405
19	922
19	1815
20	1891
21	133
21	316
21	831
21	1249
21	1753
22	199
22	1210
22	1641
22	1656
22	1672
22	1808
23	277
23	619
23	1376
23	1844
24	386
24	733
24	916
24	1107
24	1197
24	1846
25	427
25	829
25	1108
25	1654
25	1880
26	1058
26	1302
27	526
28	961
29	140
29	197
29	893
29	1597
30	236
30	279
30	569
30	1192
30	1388
31	850
31	1351
32	111
32	126
32	422
32	635
32	729
32	858
32	1427
32	1837
32	1840
33	212
33	1405
33	1878
34	83
34	317
34	747
35	1251
35	1439
35	1783
35	1887
36	1151
36	1509
36	1560
36	1720
36	1743
36	1764
37	1039
37	1608
38	644
38	662
38	1233
38	1502
39	420
39	706
39	895
39	1372
39	1575
39	1732
40	531
40	1282
40	1631
41	249
41	1113
41	1188
41	1766
42	358
42	576
42	1605
42	1758
42	1864
43	161
43	347
43	1179
43	1561
44	127
44	155
44	280
44	686
44	894
44	943
44	1122
44	1523
44	1530
44	1724
45	363
45	373
45	932
45	996
45	1024
45	1567
45	1637
46	481
46	607
46	894
46	1259
46	1727
47	332
47	1085
47	1316
48	329
48	387
48	1279
48	1392
48	1464
49	291
50	531
50	941
50	1021
50	1156
50	1834
51	223
51	490
51	1016
51	1514
51	1885
52	240
52	586
52	1099
52	1360
52	1807
53	214
53	265
53	347
53	997
54	489
54	632
54	996
54	1780
54	1789
55	797
55	910
55	1222
55	1858
56	376
56	381
56	386
56	620
56	1590
57	305
57	885
57	1179
57	1193
57	1599
57	1651
58	205
58	391
58	575
58	714
58	842
58	886
58	933
58	1873
59	114
59	334
59	514
60	84
60	512
60	1203
60	1406
60	1442
60	1655
61	132
61	415
61	498
61	1404
61	1731
62	480
62	1324
62	1518
63	755
63	1014
63	1444
63	1532
64	757
64	1056
64	1555
64	1694
65	211
65	1024
66	97
66	538
66	1511
67	452
67	591
67	1295
67	1666
68	1293
68	1673
68	1832
69	821
69	1012
69	1049
70	1371
70	1710
70	1885
71	98
71	1522
72	320
72	496
72	922
72	985
72	1063
72	1238
73	246
73	675
73	692
73	894
73	1000
73	1635
73	1806
74	109
74	634
74	686
74	776
74	1529
74	1718
74	1881
75	402
75	549
75	636
75	682
75	736
75	1040
75	1444
75	1466
75	1480
75	1552
75	1690
76	377
76	1531
77	751
77	811
77	1271
77	1793
78	246
78	373
78	512
78	777
78	950
79	1270
79	1669
79	1713
80	216
80	1030
80	1882
81	372
81	723
81	1606
82	252
82	685
82	829
82	1224
82	1274
82	1312
82	1799
83	1505
84	596
84	620
84	1554
85	100
85	479
85	507
85	1454
85	1567
86	442
86	743
86	1119
86	1245
87	770
88	361
88	995
88	1518
89	502
89	581
89	1438
89	1751
89	1794
90	129
90	665
90	1555
91	297
91	1161
92	801
92	982
93	276
93	298
93	796
93	1445
93	1727
94	416
94	436
94	1364
94	1395
95	114
95	419
95	773
95	1281
96	504
96	1522
96	1681
96	1710
96	1829
97	148
97	748
97	808
97	1303
97	1320
98	222
98	542
98	618
98	968
99	315
99	394
99	544
99	656
99	739
99	1400
99	1765
100	263
100	563
100	653
100	1672
101	211
101	837
101	1004
101	1483
102	457
102	1401
102	1415
102	1603
103	1165
103	1328
103	1345
103	1465
103	1481
103	1530
104	289
104	1341
105	1221
105	1801
106	160
106	1544
106	1829
107	298
107	1250
107	1830
108	114
108	321
108	439
108	1130
108	1709
109	230
109	894
109	1379
110	247
110	789
110	960
111	122
111	124
111	148
111	332
111	1563
112	927
113	246
113	823
113	1728
113	1863
113	1889
114	1281
115	552
115	1434
115	1818
116	629
116	744
116	934
116	1062
116	1216
116	1609
117	382
117	1392
118	361
118	815
118	935
118	1266
118	1641
119	129
119	207
119	214
119	223
119	339
119	518
119	1190
119	1755
120	1891
121	222
121	277
121	614
121	1083
122	1004
122	1012
122	1172
122	1357
123	321
123	506
123	517
123	636
123	1162
123	1186
123	1347
124	384
124	919
124	1090
124	1175
124	1483
124	1891
125	977
125	983
125	1128
125	1160
126	321
126	761
126	893
126	1080
126	1129
126	1607
127	272
127	535
127	1079
127	1310
127	1319
127	1538
127	1794
128	242
128	725
128	1275
129	1492
130	412
130	1741
131	471
131	628
131	952
132	539
132	812
132	1352
133	408
133	468
133	1436
133	1448
133	1700
133	1706
133	1887
134	190
134	797
134	1287
134	1311
135	152
135	809
135	1005
135	1081
135	1344
135	1428
135	1548
136	562
136	1011
136	1759
137	584
137	1413
137	1421
137	1813
138	337
138	789
138	1180
138	1324
138	1385
138	1735
139	381
139	595
139	635
139	818
139	1028
139	1031
139	1243
140	859
140	1056
140	1810
141	1023
142	209
142	353
143	783
144	232
144	660
144	948
144	1430
145	192
145	201
146	583
146	1153
146	1211
146	1880
147	895
147	1197
148	322
148	327
148	436
148	437
148	1310
148	1373
149	939
149	1027
149	1498
149	1506
149	1650
150	365
150	1803
151	194
151	291
151	533
151	697
151	912
151	1891
152	1436
152	1634
152	1777
153	438
153	465
153	661
153	668
153	682
153	1398
153	1598
154	405
154	820
154	1422
154	1541
155	1311
155	1363
155	1570
156	378
156	420
156	924
156	1074
156	1385
156	1678
156	1691
157	720
157	1218
158	193
158	463
158	654
158	1128
158	1181
158	1282
158	1642
159	238
159	660
159	1477
159	1838
160	809
160	1015
160	1541
161	281
161	1720
162	1605
163	402
163	762
163	1066
163	1713
164	258
164	300
164	555
164	825
164	1182
164	1256
165	247
165	642
165	948
165	1550
166	413
166	561
166	1110
167	691
167	946
167	1420
167	1502
167	1652
168	233
168	475
168	1057
168	1155
169	214
169	719
169	1846
170	1111
170	1492
170	1882
171	763
171	1070
172	299
172	677
172	789
172	1876
173	262
173	644
173	773
173	1022
173	1312
173	1641
173	1649
173	1811
174	255
174	670
174	821
174	899
175	742
175	1325
175	1663
176	520
176	754
176	1074
176	1262
176	1420
176	1761
177	700
177	923
177	1078
177	1633
177	1854
178	383
178	568
178	1882
179	186
179	290
179	620
180	1353
180	1739
181	317
181	336
181	962
181	975
181	1337
182	274
182	515
182	1139
182	1693
183	523
183	579
183	595
183	656
183	1049
183	1829
184	306
184	400
184	428
184	660
184	925
185	762
185	765
185	929
185	1079
186	935
186	1381
186	1416
186	1715
187	678
187	1754
188	467
189	858
189	917
190	295
190	1072
191	1744
192	200
192	1649
193	376
193	827
193	1574
195	692
195	1295
196	474
196	513
196	562
196	565
196	1518
197	210
197	471
198	282
198	290
198	981
198	1191
198	1339
198	1349
198	1455
199	251
199	276
199	632
199	1130
199	1587
199	1657
201	218
201	504
201	660
201	1113
201	1792
202	340
202	462
202	1023
202	1041
202	1158
202	1667
203	268
204	356
204	1501
204	1674
204	1757
204	1789
205	622
205	899
205	1122
205	1398
205	1492
206	672
206	817
206	848
207	669
207	905
207	1648
208	756
208	1356
208	1701
209	1030
209	1199
209	1580
210	342
210	608
210	648
210	1026
210	1224
210	1537
210	1698
210	1821
211	267
211	963
211	1272
212	589
212	672
212	983
212	1423
212	1868
213	645
213	803
213	907
213	1507
213	1604
213	1813
214	818
214	988
214	1071
215	485
216	308
216	616
216	1085
216	1283
216	1491
216	1737
216	1829
217	732
218	1008
218	1299
218	1394
218	1852
219	358
219	522
219	840
219	1102
219	1285
220	1254
221	722
221	822
221	1142
221	1249
221	1319
221	1850
222	766
222	1431
222	1644
222	1779
223	316
223	865
223	1121
223	1716
223	1774
224	226
224	906
224	1235
225	1038
225	1311
225	1538
226	259
226	474
226	707
226	1429
226	1693
227	1357
227	1669
227	1863
228	544
228	754
228	761
228	820
228	907
228	1769
229	281
229	467
229	1148
229	1325
229	1789
230	1092
230	1103
230	1726
230	1743
231	702
231	962
231	1515
232	831
232	977
232	1261
233	620
233	1408
233	1546
234	960
234	977
234	1171
234	1359
234	1564
235	861
235	1031
235	1621
235	1774
236	796
236	896
236	906
236	1024
236	1374
236	1415
236	1894
237	450
237	722
237	1407
237	1569
238	1558
238	1859
239	474
239	663
239	1783
240	442
240	940
240	962
240	1084
240	1175
240	1479
240	1535
240	1880
241	902
241	1557
242	355
242	619
243	621
243	717
243	1044
244	438
244	1348
244	1572
244	1769
245	918
245	1798
246	1041
246	1148
246	1161
246	1258
247	359
247	505
247	740
248	1466
248	1536
248	1543
249	640
249	1736
249	1817
250	258
250	409
250	911
250	1233
250	1519
250	1525
250	1526
250	1654
251	604
251	655
251	711
251	757
251	1387
251	1509
251	1868
252	814
252	1053
252	1066
252	1176
252	1316
252	1519
252	1764
252	1771
252	1814
253	1073
253	1408
254	302
254	1297
254	1731
255	257
255	955
255	1275
255	1562
256	386
256	475
256	1117
256	1288
256	1464
256	1483
256	1530
257	1315
257	1446
257	1684
258	292
258	659
258	1023
258	1418
258	1562
259	382
259	607
259	704
259	1545
259	1883
260	1495
260	1503
261	439
261	811
261	1573
261	1757
262	272
263	542
263	546
263	991
263	1220
263	1538
263	1585
263	1808
264	321
264	978
264	1473
265	525
265	686
265	742
265	1331
266	714
267	911
268	1224
268	1303
268	1740
269	1742
270	386
270	1248
270	1257
271	887
271	1681
271	1804
272	386
272	391
272	926
272	1331
272	1815
273	1211
273	1295
273	1763
274	638
274	1776
275	995
275	1115
275	1601
276	389
276	1117
277	591
277	1015
277	1449
277	1527
278	620
278	827
278	1525
279	446
279	528
279	697
280	542
280	1062
280	1687
281	422
281	1072
281	1301
282	636
282	1325
282	1400
282	1734
283	851
283	1641
284	391
284	515
284	964
284	1241
284	1342
284	1855
285	626
285	1355
285	1598
285	1793
286	494
286	868
286	987
286	992
286	1339
286	1451
287	1635
287	1880
288	454
288	487
288	1156
288	1412
288	1688
289	480
289	705
289	837
289	1674
289	1733
290	596
290	1265
290	1496
290	1666
291	962
291	1299
291	1845
292	561
292	595
292	931
292	1158
293	367
293	840
293	930
293	1089
293	1201
293	1374
293	1398
293	1419
294	382
294	582
294	898
295	426
295	1222
295	1450
296	709
296	1145
296	1713
297	304
297	385
297	872
298	507
298	558
298	1259
299	1416
300	606
300	611
300	696
300	705
300	1083
300	1574
300	1609
301	395
301	937
301	1393
301	1471
301	1664
301	1790
302	335
302	1274
303	1114
303	1281
303	1526
303	1683
303	1779
304	568
304	706
304	1205
304	1435
304	1788
305	729
305	1014
305	1402
306	882
306	1011
306	1025
306	1333
307	743
307	896
307	1125
307	1574
307	1631
308	440
308	744
308	1025
308	1398
308	1524
308	1690
309	978
309	1257
309	1368
309	1671
310	1561
311	644
311	1084
311	1379
311	1641
312	501
312	731
312	1419
312	1864
313	453
313	964
313	1023
313	1558
313	1581
313	1766
313	1791
314	1314
315	1704
315	1721
316	499
316	1422
316	1709
317	385
317	712
317	860
317	924
317	1365
317	1511
317	1891
318	444
318	921
318	1581
319	325
319	1711
320	384
320	1360
320	1687
321	353
321	459
321	1034
321	1102
321	1635
322	996
322	1081
322	1411
322	1716
323	598
323	1881
324	464
324	751
325	591
325	1162
325	1797
326	593
326	1355
327	498
327	865
327	1091
328	449
328	1288
328	1718
329	406
329	756
330	1128
330	1148
331	377
331	491
331	728
331	896
331	1522
331	1654
333	919
333	997
333	1259
333	1626
334	483
334	611
334	742
334	1759
335	776
335	1213
336	577
336	620
337	530
337	854
337	888
337	1548
338	1480
339	567
339	1106
339	1313
339	1791
340	352
340	464
340	940
340	1323
340	1549
340	1702
340	1760
341	352
341	806
342	489
342	782
342	945
342	1102
342	1852
343	488
343	722
344	349
345	684
345	693
345	935
345	1085
345	1403
345	1690
346	396
346	837
346	1296
347	1107
347	1669
347	1756
348	555
349	636
349	889
349	1237
349	1720
350	861
350	1267
351	473
351	850
351	1427
352	1119
352	1508
352	1557
352	1559
352	1798
352	1804
353	1012
353	1056
353	1773
354	752
355	477
355	1288
355	1435
355	1599
356	546
356	1710
356	1887
357	408
357	901
357	1155
357	1194
357	1236
358	962
358	1065
358	1222
358	1227
358	1602
359	794
359	1215
360	1193
360	1460
361	1045
361	1373
361	1635
362	410
362	418
362	429
362	671
362	881
362	1494
362	1744
363	464
363	656
363	1261
363	1293
363	1377
363	1607
363	1608
363	1795
364	465
364	1360
365	698
365	1168
365	1670
365	1796
366	471
366	772
366	786
366	1452
366	1822
366	1841
367	1760
368	1053
369	500
369	748
369	1230
369	1333
370	571
370	784
370	1135
370	1403
370	1424
370	1771
371	1567
372	1024
372	1042
372	1416
372	1440
372	1860
373	631
373	1356
374	1001
374	1199
374	1528
375	929
375	937
376	1222
376	1602
376	1829
377	950
377	965
377	1849
378	1527
379	458
379	1322
380	484
380	872
380	1513
381	548
381	768
381	1060
381	1180
381	1203
382	400
382	1584
383	403
383	520
383	1526
383	1866
384	547
384	584
384	795
384	1509
384	1666
385	948
385	1027
385	1083
386	483
386	1735
387	789
387	801
387	885
388	1798
388	1883
389	488
389	1221
389	1851
390	1184
390	1472
390	1614
391	1289
391	1420
392	1209
392	1435
392	1677
393	598
393	936
393	1138
393	1727
394	846
394	868
394	879
394	917
394	1132
394	1180
394	1193
394	1271
394	1562
395	512
395	674
395	717
396	399
396	1001
396	1006
396	1052
396	1164
396	1390
396	1870
397	595
397	637
397	1431
397	1892
398	566
398	822
398	1370
398	1382
398	1511
398	1784
399	1588
399	1617
400	528
400	649
401	404
401	466
401	694
401	913
401	1010
402	1086
402	1134
402	1268
402	1745
402	1751
402	1888
403	634
403	1267
404	528
404	532
404	613
404	1227
404	1467
404	1608
405	772
405	804
405	1486
405	1580
405	1592
405	1733
405	1763
406	433
406	658
406	885
406	887
406	1799
407	1574
408	939
408	1463
409	426
409	714
409	1639
410	1109
410	1601
411	434
411	460
411	1473
411	1808
412	702
412	1162
413	855
413	1294
413	1484
413	1612
414	729
414	1501
414	1848
415	450
415	895
415	1187
415	1785
415	1802
415	1858
416	958
417	1200
417	1514
418	936
418	1744
419	507
419	696
419	1361
419	1440
419	1819
420	1086
420	1586
421	668
421	1531
422	433
422	1021
422	1095
422	1331
422	1485
422	1843
423	665
423	715
423	1077
423	1648
424	635
424	1148
424	1340
424	1552
425	766
425	1197
425	1344
425	1653
426	494
426	873
427	691
427	704
427	872
427	993
427	1385
427	1488
427	1630
427	1742
427	1838
428	526
428	1682
428	1755
428	1770
429	577
429	1032
429	1279
429	1326
430	435
430	540
430	785
430	895
430	1702
430	1734
430	1766
431	1329
431	1438
431	1561
431	1854
432	827
432	1523
432	1642
433	1352
433	1641
434	1505
434	1798
435	671
435	769
436	882
436	1501
437	1143
437	1174
437	1353
437	1693
437	1705
438	639
438	666
438	1881
439	641
439	893
439	921
439	1367
439	1528
440	653
440	1162
440	1428
441	1841
442	481
442	833
442	1697
443	493
443	773
443	1445
443	1727
443	1885
444	686
444	854
444	896
444	1682
445	864
445	1487
446	657
446	1102
446	1324
447	592
447	605
447	878
447	1101
447	1212
447	1264
447	1775
448	563
448	1407
449	1435
449	1591
449	1628
450	1024
450	1318
450	1619
451	722
451	958
451	1186
451	1389
451	1618
452	1666
453	1065
453	1162
453	1197
453	1217
454	463
454	638
454	1235
455	474
455	1239
455	1386
455	1413
455	1787
456	521
456	1824
456	1856
457	919
457	1647
458	578
458	741
458	1671
459	462
459	1257
460	688
460	763
460	1746
461	1452
461	1708
462	1628
462	1696
463	982
463	1227
464	716
464	1072
464	1119
464	1320
464	1795
465	1266
465	1565
465	1883
466	646
466	1633
466	1671
467	519
467	650
467	1587
467	1727
468	526
468	616
468	769
468	774
468	841
468	845
468	1082
469	649
469	1507
469	1721
470	899
470	1158
470	1859
471	712
471	900
471	1014
471	1142
471	1241
471	1797
472	861
472	1348
472	1878
473	841
473	883
473	1151
473	1282
473	1374
474	681
474	1094
474	1170
475	1009
475	1789
476	576
476	1177
476	1521
478	1511
479	978
479	1303
479	1358
479	1689
480	606
480	1263
480	1661
481	754
481	1051
481	1242
482	511
482	780
483	1523
484	485
484	628
484	1421
484	1579
484	1782
485	1302
485	1640
486	1336
486	1451
486	1840
487	614
487	1271
487	1301
488	1008
488	1519
489	542
489	603
489	1087
489	1755
490	524
490	639
490	783
490	1201
491	495
491	1075
492	1171
492	1786
493	1524
493	1701
494	637
494	1094
494	1097
494	1393
494	1899
496	554
496	997
496	1065
496	1257
496	1581
497	565
497	788
497	1389
498	511
498	533
498	894
498	1453
499	735
500	914
500	1365
500	1637
500	1847
501	707
501	729
501	1093
501	1109
501	1229
502	1237
502	1698
502	1850
503	1373
503	1427
504	510
504	1150
504	1882
505	1032
505	1276
505	1296
505	1420
505	1852
506	573
506	1064
506	1186
507	572
507	783
507	1175
508	1821
509	1006
509	1029
509	1598
509	1712
509	1837
510	673
511	701
511	1221
511	1326
511	1680
511	1795
512	1290
512	1522
512	1740
512	1772
513	618
513	1237
513	1864
514	895
514	925
515	699
516	883
516	1009
516	1277
516	1338
517	800
517	810
517	955
518	737
518	1789
519	980
519	1106
519	1324
519	1389
519	1426
520	589
520	808
520	1023
520	1827
521	834
521	1759
522	1557
522	1809
523	758
523	908
523	1181
523	1297
523	1742
524	727
524	976
524	1264
524	1327
524	1375
524	1393
524	1668
524	1747
525	636
525	952
525	1264
525	1542
525	1664
526	814
526	938
526	1439
526	1694
527	1366
528	761
528	1414
528	1509
529	1579
529	1756
530	751
530	870
530	1746
530	1753
531	535
531	760
531	1785
532	541
532	557
532	718
532	845
532	884
532	1510
533	546
534	724
534	948
534	1213
534	1599
535	1730
536	780
536	930
536	1094
536	1121
536	1221
536	1390
536	1580
537	997
537	1030
537	1100
537	1580
538	1045
538	1057
538	1398
538	1782
539	604
539	620
539	633
539	1016
540	672
540	692
540	1499
540	1593
540	1679
541	1235
541	1352
541	1607
541	1665
542	934
542	1459
543	652
543	1378
544	833
544	1549
545	1294
545	1651
545	1682
545	1711
546	848
546	1180
547	612
547	669
547	703
547	1316
547	1788
548	840
549	819
549	1336
549	1338
549	1394
549	1511
549	1681
550	765
550	966
550	1019
550	1715
551	717
551	1721
552	1287
552	1395
552	1853
553	568
553	940
553	1003
553	1487
553	1505
553	1708
554	649
554	652
554	1847
555	556
556	693
556	1243
556	1695
557	851
557	879
557	1048
558	673
558	1447
558	1658
559	650
559	1009
560	1057
560	1635
561	940
562	978
562	1354
562	1600
563	570
563	1148
564	994
564	1331
564	1450
565	624
565	926
565	1887
566	1469
566	1579
567	615
567	817
567	1311
567	1458
569	859
569	1346
569	1620
569	1656
569	1689
571	1401
572	608
572	743
572	1068
572	1382
573	785
573	955
573	1723
573	1810
574	1295
574	1331
575	762
575	911
575	1454
575	1498
576	797
576	1431
576	1473
578	726
578	782
578	1132
578	1424
579	1027
579	1244
579	1652
580	1058
580	1388
580	1416
580	1619
580	1683
580	1726
581	664
581	839
581	1677
581	1794
582	862
582	1390
583	831
583	1105
583	1573
584	664
584	839
584	885
584	1023
584	1475
584	1751
585	1076
586	869
586	1026
586	1449
586	1754
586	1803
587	1660
587	1889
588	644
588	855
588	973
588	1014
588	1307
588	1633
588	1833
589	1271
590	665
590	1352
590	1362
591	1039
591	1146
591	1625
591	1665
592	825
592	984
592	1633
592	1638
593	1266
593	1289
593	1419
593	1533
594	778
594	1470
594	1872
595	1833
595	1885
596	865
596	1226
596	1568
596	1583
596	1811
597	690
597	709
598	1389
598	1539
598	1852
599	782
599	1473
599	1894
600	821
600	1530
600	1644
600	1712
601	1250
601	1890
602	699
602	1450
602	1452
602	1494
602	1612
602	1693
603	846
603	1168
604	1083
604	1509
605	985
605	1167
605	1168
605	1190
606	1279
606	1641
606	1831
607	624
607	698
608	1014
608	1094
608	1307
608	1310
608	1329
608	1475
608	1482
608	1637
608	1709
609	1474
610	720
611	1649
611	1684
612	1312
612	1683
613	948
613	1576
613	1724
614	685
614	816
614	1552
614	1652
614	1755
615	617
616	833
617	1120
617	1562
617	1659
617	1866
618	797
618	1048
618	1565
619	680
619	1033
619	1036
619	1169
619	1255
619	1293
619	1372
619	1620
620	805
620	886
620	891
620	1335
620	1520
621	1199
621	1591
621	1690
622	693
622	959
622	1198
622	1813
623	723
623	1562
623	1770
623	1858
624	1192
624	1875
624	1878
625	734
626	1498
626	1537
626	1876
627	1083
628	1113
628	1120
629	1042
629	1632
630	1148
630	1340
631	1365
631	1885
632	847
632	1486
632	1811
633	774
633	952
633	1051
633	1209
633	1259
633	1440
633	1527
633	1655
633	1788
634	876
635	860
635	1250
635	1508
635	1772
636	1341
637	1368
637	1541
637	1757
637	1834
638	1283
638	1325
638	1371
638	1714
639	721
639	1862
640	1581
640	1667
640	1685
640	1871
641	1220
641	1224
641	1786
642	784
642	1295
642	1324
642	1480
642	1803
643	651
643	1184
643	1629
643	1719
643	1809
644	810
644	1554
644	1747
645	804
645	1238
645	1271
645	1707
646	799
646	1568
646	1626
646	1781
646	1795
647	1206
648	921
649	1311
649	1506
650	1652
651	1349
652	1047
652	1199
652	1676
653	900
653	1346
653	1759
654	1288
655	908
658	801
658	1403
659	1435
659	1693
659	1847
660	915
660	1160
660	1517
660	1658
661	777
661	1313
661	1481
662	1414
662	1569
662	1716
663	1057
664	1404
664	1594
665	843
665	1042
666	667
666	794
666	1089
666	1530
667	668
667	841
667	1538
667	1822
668	1846
669	1681
670	916
670	1565
670	1669
671	812
671	943
671	1012
671	1013
671	1781
672	927
672	1027
673	783
673	848
673	1286
673	1333
673	1368
673	1387
673	1533
674	724
674	747
674	1132
674	1269
674	1382
674	1618
675	997
676	1260
676	1419
676	1442
676	1873
677	703
677	1318
678	700
678	1211
678	1815
679	937
679	1319
679	1387
680	903
680	1306
680	1317
680	1469
680	1817
681	700
681	1078
681	1175
681	1782
681	1847
682	760
682	997
682	1295
682	1876
682	1891
683	1601
683	1639
684	1070
684	1139
684	1517
685	969
686	1616
687	720
687	874
687	1347
687	1490
688	696
688	869
688	957
688	1242
688	1660
689	1110
690	1085
690	1249
690	1654
691	720
691	1244
691	1485
692	831
692	1442
692	1589
693	918
693	1350
694	708
694	759
694	879
695	902
695	1267
695	1517
695	1762
696	948
696	1055
696	1220
696	1237
696	1299
696	1456
696	1531
697	979
697	1200
697	1859
698	1665
699	1046
699	1631
700	1134
700	1649
701	1731
702	711
702	1024
702	1117
702	1752
703	1465
704	1205
704	1259
705	943
705	1053
706	935
706	1726
707	733
707	892
707	1131
707	1221
707	1745
708	1397
708	1550
708	1647
709	836
709	1159
709	1427
709	1626
709	1820
710	776
710	1580
710	1632
710	1769
710	1797
711	819
711	954
711	979
711	1175
711	1198
711	1793
712	980
712	1099
712	1549
712	1579
713	918
713	1312
714	938
714	1415
714	1499
715	772
715	839
716	900
717	1540
718	991
718	1022
718	1206
718	1239
718	1830
719	1146
719	1281
720	1579
721	1160
721	1886
722	1093
722	1418
722	1479
722	1791
723	860
723	869
723	1394
724	1434
724	1588
724	1670
724	1857
725	1543
725	1784
726	1203
726	1453
727	967
727	1121
727	1131
727	1541
727	1545
727	1562
727	1676
728	914
728	1179
728	1426
728	1549
728	1826
729	1603
729	1896
730	1088
730	1478
730	1547
731	1503
732	930
732	1241
732	1641
733	1033
733	1140
733	1377
734	861
734	1202
735	910
735	969
735	1066
735	1197
735	1727
736	882
736	1339
737	1073
737	1110
737	1557
738	906
738	1516
738	1713
739	1149
739	1233
740	1027
740	1117
740	1851
740	1859
741	831
741	1388
741	1688
742	829
742	1240
743	947
743	1734
744	1517
744	1877
745	1144
746	1237
746	1348
746	1537
746	1601
747	858
747	1393
748	966
748	1362
748	1676
748	1888
749	1267
750	1658
752	1286
753	1309
753	1580
754	917
754	1781
755	953
755	1243
756	988
756	1168
756	1275
757	1083
757	1162
757	1223
757	1523
758	1309
758	1710
760	849
760	1609
762	1184
762	1431
763	1284
764	1556
765	1468
765	1838
766	833
766	944
766	950
766	1087
766	1545
767	1660
768	1389
768	1756
768	1873
769	773
769	1323
769	1406
769	1447
769	1526
769	1627
771	1120
772	1158
772	1574
774	871
774	898
774	1080
774	1551
774	1685
775	1268
775	1452
775	1467
775	1711
777	1045
777	1330
777	1334
777	1446
778	1259
778	1359
778	1459
778	1483
779	1553
780	1016
780	1731
781	855
781	1105
782	1068
782	1604
783	1718
784	1756
785	1700
786	1480
787	1256
787	1320
788	887
788	1416
788	1642
788	1764
789	1110
789	1214
789	1331
790	1083
790	1705
791	1153
792	1204
792	1773
793	1587
794	1852
795	1389
795	1564
796	1532
797	1108
797	1724
797	1747
798	1808
799	1075
799	1157
799	1211
799	1248
799	1885
800	1677
801	883
801	1671
801	1692
802	1686
803	1671
803	1812
804	1516
804	1539
804	1804
806	1143
807	930
807	936
807	1796
807	1899
808	1523
808	1609
808	1654
808	1782
808	1795
809	1096
810	1632
810	1846
810	1850
810	1878
812	1499
813	1046
814	1461
814	1472
814	1706
814	1805
815	1789
816	1103
817	893
817	968
817	1025
817	1404
818	894
818	1497
819	1325
819	1547
819	1766
820	1707
821	900
821	1624
822	1131
822	1167
824	963
824	996
824	1159
824	1847
825	949
826	1081
827	1724
827	1775
827	1896
828	1571
828	1818
830	1206
831	1078
831	1613
831	1832
832	1030
833	877
833	1333
833	1420
833	1449
833	1653
834	1027
834	1154
834	1657
835	1009
835	1497
836	1155
836	1492
837	1323
837	1626
838	1826
840	1269
840	1310
840	1548
840	1887
840	1892
841	1320
841	1423
841	1689
841	1797
841	1884
842	1244
842	1751
843	998
843	1137
844	993
844	1171
844	1287
844	1767
845	1012
845	1174
845	1253
845	1291
845	1453
846	1457
848	1697
849	924
849	1576
849	1891
850	1003
850	1262
850	1590
851	1212
851	1410
851	1804
852	1406
852	1625
852	1811
853	1644
854	1002
854	1335
855	1224
855	1246
855	1693
856	1126
856	1679
857	1375
858	1201
858	1478
858	1496
859	1391
859	1592
860	1185
861	964
861	1248
861	1521
861	1592
861	1789
862	972
863	1200
864	1064
864	1698
865	1186
865	1311
865	1527
866	1640
867	1110
867	1128
868	967
868	1009
868	1406
868	1435
868	1671
868	1844
869	1084
869	1522
869	1615
869	1630
869	1846
870	1243
870	1564
871	1521
872	1400
872	1487
872	1750
873	1368
873	1453
874	1620
875	1147
875	1643
875	1772
876	1007
876	1599
876	1828
877	1196
877	1219
877	1346
877	1521
878	1076
878	1769
880	1019
880	1036
881	1300
882	1058
882	1567
882	1876
884	903
884	1156
885	926
885	1213
885	1489
886	1457
887	1116
887	1193
887	1205
887	1451
887	1613
887	1815
888	1077
888	1357
888	1719
889	1218
889	1315
889	1355
890	916
891	1015
891	1514
891	1559
891	1834
892	1874
893	1694
893	1728
893	1849
894	1117
895	1095
895	1491
896	1157
896	1314
896	1603
896	1611
896	1647
897	1010
897	1455
897	1859
898	1034
898	1224
899	1264
900	1634
901	1405
901	1542
901	1562
901	1741
901	1813
901	1826
902	1112
902	1453
903	1353
903	1819
904	1405
904	1508
904	1615
905	1055
905	1175
905	1230
906	950
907	1584
907	1753
907	1874
908	1858
909	1099
909	1156
909	1776
910	1000
910	1766
912	1741
913	1121
914	1290
914	1327
914	1548
914	1887
915	1621
915	1694
916	1171
916	1492
916	1494
917	1574
918	1008
918	1535
919	1758
919	1793
920	1559
922	962
923	1495
923	1894
924	1061
924	1415
924	1635
924	1871
924	1894
925	1541
926	1408
926	1486
926	1534
926	1704
927	1172
927	1709
928	1238
928	1254
928	1439
928	1886
929	1716
930	1485
930	1622
932	1491
932	1542
933	1236
933	1680
934	1686
935	1668
935	1811
936	1387
936	1484
937	998
937	1076
937	1700
937	1721
937	1798
938	978
938	1734
939	1115
939	1209
939	1244
939	1262
940	1224
940	1895
941	1368
941	1429
941	1741
942	1235
942	1251
942	1841
944	990
944	1570
946	971
946	1622
946	1629
948	1008
948	1207
949	1546
950	960
950	1607
951	1254
951	1328
951	1671
951	1826
952	1018
953	1401
953	1485
954	1109
955	1082
956	1067
957	988
957	1577
958	1276
958	1335
958	1536
958	1554
960	1398
960	1874
961	1130
962	976
963	1058
963	1106
963	1460
964	1590
965	1807
965	1855
966	1024
966	1046
966	1630
968	1380
968	1403
969	1022
969	1294
969	1801
969	1856
970	1623
971	1133
972	1039
972	1268
972	1608
972	1728
972	1786
972	1894
973	1377
974	1119
974	1255
974	1393
976	1730
976	1836
977	1586
978	1424
978	1535
978	1561
979	1151
979	1194
979	1441
979	1582
980	1164
980	1860
981	1031
981	1449
981	1729
982	1064
982	1225
983	1472
983	1674
984	1174
984	1339
984	1834
984	1878
985	1172
985	1599
985	1852
986	1176
986	1697
986	1848
987	1021
987	1669
988	1007
988	1243
989	1381
989	1465
989	1533
989	1539
990	1308
990	1642
991	1388
991	1520
992	1768
993	1088
993	1468
995	1308
996	1247
997	1837
997	1864
999	1091
999	1217
1000	1511
1000	1860
1001	1157
1002	1457
1002	1680
1003	1007
1003	1640
1003	1890
1004	1658
1004	1742
1005	1704
1006	1336
1006	1857
1008	1679
1008	1844
1009	1701
1010	1296
1010	1310
1011	1029
1011	1268
1012	1435
1013	1046
1013	1097
1013	1371
1013	1448
1014	1581
1014	1629
1014	1630
1014	1688
1015	1087
1015	1182
1016	1304
1016	1475
1016	1548
1017	1113
1017	1678
1019	1728
1020	1560
1020	1664
1020	1857
1021	1038
1021	1680
1021	1831
1021	1843
1021	1876
1022	1131
1022	1334
1022	1726
1023	1495
1023	1652
1024	1377
1025	1142
1025	1514
1025	1700
1027	1213
1027	1505
1027	1634
1028	1090
1028	1285
1029	1077
1029	1710
1031	1089
1031	1140
1031	1564
1031	1837
1032	1125
1032	1581
1033	1098
1034	1139
1035	1161
1035	1251
1036	1374
1036	1743
1037	1512
1038	1607
1039	1371
1039	1805
1040	1540
1041	1102
1041	1318
1041	1480
1041	1595
1041	1862
1042	1572
1042	1871
1043	1192
1043	1531
1043	1771
1044	1598
1044	1756
1045	1049
1045	1108
1045	1372
1045	1675
1046	1103
1046	1429
1046	1646
1046	1658
1048	1538
1048	1827
1049	1460
1050	1177
1050	1322
1052	1721
1053	1215
1053	1538
1054	1861
1055	1185
1055	1530
1055	1716
1055	1811
1056	1552
1056	1781
1057	1662
1058	1707
1059	1104
1059	1251
1059	1553
1060	1728
1060	1829
1061	1446
1064	1277
1064	1767
1065	1305
1065	1392
1065	1450
1066	1829
1067	1068
1067	1488
1067	1688
1068	1330
1068	1337
1068	1615
1069	1245
1070	1256
1070	1264
1070	1807
1072	1246
1072	1526
1073	1177
1073	1231
1073	1498
1073	1839
1075	1707
1076	1265
1076	1382
1076	1873
1077	1328
1078	1395
1078	1401
1079	1469
1080	1098
1080	1562
1080	1863
1081	1131
1081	1216
1081	1328
1081	1804
1081	1851
1082	1398
1082	1866
1083	1241
1083	1401
1083	1428
1083	1442
1084	1150
1084	1258
1084	1800
1085	1116
1085	1128
1085	1336
1085	1392
1085	1650
1086	1480
1086	1633
1086	1755
1086	1820
1086	1859
1087	1196
1087	1402
1088	1212
1088	1310
1088	1844
1089	1456
1089	1724
1090	1373
1090	1668
1090	1694
1091	1203
1094	1188
1094	1261
1094	1544
1096	1579
1096	1769
1096	1776
1097	1744
1098	1505
1099	1230
1099	1436
1100	1136
1100	1266
1100	1752
1100	1821
1100	1826
1101	1235
1101	1486
1102	1185
1103	1347
1103	1749
1104	1530
1105	1346
1105	1536
1105	1798
1107	1495
1108	1653
1108	1892
1110	1447
1110	1636
1110	1818
1111	1304
1111	1377
1111	1433
1111	1792
1112	1484
1113	1234
1115	1546
1115	1611
1115	1791
1116	1138
1116	1187
1116	1802
1117	1146
1117	1866
1118	1632
1121	1461
1122	1404
1122	1486
1123	1141
1123	1261
1123	1314
1124	1258
1124	1377
1124	1448
1124	1687
1125	1329
1125	1896
1127	1327
1127	1639
1128	1273
1129	1246
1130	1861
1131	1582
1131	1855
1133	1407
1133	1776
1133	1850
1134	1299
1135	1761
1136	1682
1137	1523
1138	1255
1138	1405
1139	1456
1139	1518
1139	1716
1141	1290
1141	1387
1142	1300
1142	1671
1142	1815
1142	1870
1143	1860
1144	1331
1146	1154
1147	1481
1147	1575
1147	1822
1148	1317
1148	1345
1148	1497
1148	1566
1149	1296
1149	1517
1149	1693
1151	1168
1151	1457
1152	1488
1152	1871
1153	1594
1154	1228
1154	1249
1154	1350
1154	1617
1154	1878
1155	1271
1155	1354
1156	1196
1156	1212
1156	1248
1156	1312
1156	1593
1157	1345
1157	1615
1158	1504
1158	1766
1159	1209
1159	1681
1161	1316
1162	1376
1162	1795
1163	1808
1164	1227
1164	1352
1164	1577
1164	1673
1165	1785
1166	1212
1166	1456
1166	1544
1166	1620
1166	1807
1166	1851
1168	1356
1168	1734
1172	1628
1172	1815
1173	1408
1175	1452
1175	1590
1175	1771
1176	1497
1176	1613
1178	1606
1179	1429
1179	1837
1180	1604
1181	1370
1181	1561
1181	1615
1181	1846
1181	1882
1182	1875
1183	1188
1183	1334
1184	1288
1184	1576
1186	1729
1186	1898
1187	1449
1187	1895
1188	1301
1188	1303
1189	1384
1190	1443
1193	1380
1194	1445
1194	1597
1194	1604
1195	1399
1195	1450
1198	1266
1198	1783
1199	1343
1199	1491
1200	1651
1200	1862
1202	1312
1203	1269
1203	1409
1203	1582
1204	1565
1206	1219
1206	1799
1207	1223
1207	1630
1208	1226
1208	1282
1208	1449
1208	1505
1213	1250
1213	1370
1213	1397
1213	1473
1213	1518
1213	1601
1214	1251
1214	1363
1215	1891
1216	1285
1216	1436
1218	1340
1218	1460
1218	1897
1219	1852
1220	1661
1221	1376
1223	1879
1224	1260
1224	1277
1224	1872
1226	1482
1226	1865
1227	1369
1228	1571
1231	1820
1232	1272
1234	1336
1234	1698
1235	1455
1236	1354
1237	1241
1237	1351
1237	1406
1237	1691
1237	1772
1238	1828
1239	1877
1241	1512
1243	1402
1244	1255
1244	1257
1244	1379
1245	1587
1246	1251
1246	1381
1246	1837
1247	1395
1249	1266
1249	1448
1249	1753
1249	1862
1250	1401
1250	1535
1251	1451
1251	1523
1251	1717
1251	1819
1252	1315
1253	1746
1254	1529
1254	1684
1254	1699
1256	1533
1256	1817
1257	1411
1257	1592
1257	1709
1258	1360
1258	1542
1258	1587
1260	1548
1261	1400
1261	1465
1262	1331
1263	1336
1264	1629
1265	1346
1265	1663
1265	1861
1266	1563
1266	1586
1266	1848
1267	1503
1267	1806
1269	1838
1270	1534
1271	1323
1271	1367
1271	1830
1272	1322
1272	1377
1272	1623
1272	1792
1272	1874
1273	1588
1273	1694
1274	1511
1275	1304
1275	1781
1276	1503
1277	1620
1278	1621
1278	1776
1279	1600
1279	1612
1279	1642
1279	1798
1280	1638
1281	1365
1282	1293
1283	1329
1283	1348
1283	1518
1283	1671
1284	1350
1284	1385
1284	1493
1285	1630
1287	1603
1287	1664
1289	1353
1289	1405
1292	1658
1293	1463
1295	1334
1295	1645
1296	1312
1296	1356
1296	1500
1297	1843
1298	1497
1299	1737
1300	1590
1302	1322
1302	1614
1302	1639
1303	1502
1304	1529
1305	1432
1305	1537
1306	1571
1307	1387
1308	1746
1312	1376
1313	1569
1314	1728
1315	1516
1315	1723
1316	1456
1316	1539
1316	1638
1317	1389
1317	1725
1318	1453
1318	1739
1319	1346
1321	1661
1322	1331
1324	1814
1326	1420
1326	1805
1326	1815
1326	1868
1326	1882
1327	1784
1327	1833
1329	1385
1329	1398
1330	1764
1331	1850
1332	1848
1333	1688
1335	1348
1335	1541
1335	1572
1336	1396
1336	1563
1336	1625
1336	1674
1336	1713
1337	1690
1338	1538
1340	1643
1341	1383
1342	1688
1343	1456
1343	1895
1345	1403
1345	1544
1346	1397
1346	1704
1346	1750
1347	1445
1347	1853
1347	1856
1349	1579
1349	1643
1349	1748
1351	1608
1351	1737
1351	1834
1352	1465
1352	1575
1352	1627
1352	1725
1352	1759
1354	1663
1355	1839
1356	1575
1358	1811
1359	1621
1359	1686
1359	1824
1360	1413
1360	1568
1360	1831
1361	1570
1363	1486
1366	1871
1369	1518
1370	1503
1370	1735
1370	1869
1371	1525
1371	1575
1371	1580
1371	1772
1371	1840
1372	1781
1372	1804
1373	1756
1373	1795
1374	1462
1374	1865
1375	1871
1375	1899
1376	1831
1377	1746
1378	1545
1378	1719
1379	1514
1379	1719
1380	1584
1385	1657
1385	1835
1385	1862
1388	1669
1389	1621
1389	1823
1391	1451
1391	1870
1392	1503
1393	1411
1395	1487
1395	1704
1395	1855
1396	1765
1397	1406
1397	1660
1398	1496
1400	1513
1401	1500
1401	1718
1403	1468
1404	1464
1405	1750
1406	1722
1407	1482
1407	1818
1407	1861
1408	1605
1408	1669
1409	1528
1410	1589
1410	1691
1410	1697
1411	1664
1411	1716
1411	1882
1412	1667
1413	1423
1413	1494
1413	1731
1415	1620
1415	1892
1416	1535
1416	1579
1417	1715
1418	1664
1420	1589
1422	1597
1422	1644
1423	1779
1424	1747
1425	1454
1425	1488
1425	1655
1425	1851
1426	1696
1427	1543
1429	1534
1431	1738
1431	1740
1433	1513
1433	1855
1436	1574
1436	1727
1436	1857
1437	1734
1438	1619
1438	1894
1439	1599
1439	1723
1439	1897
1440	1704
1441	1678
1441	1729
1445	1896
1446	1831
1447	1801
1447	1824
1448	1794
1449	1741
1450	1803
1452	1539
1452	1650
1453	1494
1455	1640
1457	1680
1458	1810
1459	1640
1459	1827
1463	1652
1465	1600
1466	1563
1466	1678
1468	1552
1468	1677
1469	1780
1470	1610
1473	1550
1473	1733
1475	1581
1476	1547
1477	1849
1478	1668
1478	1819
1479	1621
1481	1866
1481	1873
1482	1788
1485	1493
1485	1574
1486	1700
1486	1743
1486	1839
1487	1727
1487	1732
1487	1840
1489	1662
1492	1871
1494	1497
1494	1542
1496	1583
1497	1723
1498	1581
1500	1888
1501	1526
1501	1629
1501	1663
1502	1662
1502	1745
1503	1681
1505	1632
1507	1723
1507	1780
1507	1842
1508	1823
1509	1884
1510	1724
1511	1839
1512	1757
1514	1768
1517	1821
1517	1874
1518	1573
1518	1676
1519	1683
1520	1575
1523	1754
1524	1707
1524	1861
1524	1873
1526	1890
1528	1578
1528	1879
1529	1699
1530	1544
1531	1627
1531	1647
1531	1689
1538	1744
1538	1838
1539	1851
1542	1788
1543	1845
1546	1560
1546	1822
1546	1823
1548	1581
1549	1566
1549	1894
1550	1636
1550	1668
1550	1735
1551	1573
1552	1701
1553	1676
1556	1596
1559	1734
1561	1737
1561	1762
1561	1815
1563	1789
1564	1784
1565	1887
1568	1877
1571	1793
1572	1717
1573	1871
1576	1644
1576	1814
1577	1843
1579	1659
1585	1601
1585	1855
1588	1689
1588	1853
1591	1880
1594	1603
1595	1775
1596	1640
1596	1672
1596	1749
1598	1762
1601	1712
1601	1808
1605	1671
1606	1710
1606	1773
1607	1680
1610	1805
1611	1823
1612	1893
1616	1683
1616	1837
1617	1771
1619	1883
1621	1711
1622	1690
1622	1722
1622	1858
1623	1754
1623	1864
1625	1894
1625	1896
1628	1681
1636	1705
1639	1808
1640	1891
1641	1665
1641	1764
1641	1860
1647	1832
1648	1690
1648	1742
1649	1699
1651	1852
1653	1763
1655	1800
1655	1805
1657	1658
1658	1815
1658	1871
1659	1776
1664	1751
1664	1832
1665	1839
1666	1686
1669	1689
1672	1898
1673	1778
1676	1817
1678	1870
1680	1708
1680	1889
1682	1728
1684	1811
1685	1766
1685	1856
1690	1804
1690	1816
1693	1881
1695	1762
1698	1741
1698	1791
1700	1726
1700	1849
1701	1795
1703	1722
1703	1793
1708	1803
1710	1788
1711	1737
1721	1794
1724	1814
1724	1836
1730	1760
1737	1871
1743	1784
1746	1881
1747	1887
1755	1861
1756	1782
1756	1867
1758	1810
1763	1871
1764	1827
1766	1875
1767	1882
1768	1797
1769	1808
1794	1884
1798	1799
1800	1880
1807	1897
1867	1881
1870	1890