0	241
0	685
0	1202
0	1381
0	1421
0	1426
1	1683
2	868
2	1420
2	1719
3	567
3	1474
4	76
4	404
4	770
4	1056
4	1298
4	1308
4	1519
4	1679
4	1811
5	263
5	1583
5	1652
5	1672
6	484
6	888
6	943
6	992
6	1697
6	1716
7	10
7	111
7	642
7	654
7	855
7	1106
7	1318
7	1512
7	1681
7	1802
8	287
8	941
8	1255
9	679
9	1329
9	1896
10	1112
10	1520
11	941
11	1357
12	232
12	233
12	1424
12	1795
13	202
13	295
13	392
13	1455
13	1617
14	692
14	1170
15	740
16	542
16	1609
17	479
17	726
17	807
17	969
17	1143
18	530
18	684
18	1724
19	774
20	372
20	1202
20	1458
20	1569
20	1644
21	109
21	371
21	383
21	424
21	433
21	935
22	413
22	603
23	39
23	214
23	240
23	656
23	658
23	1142
23	1191
23	1240
23	1477
23	1812
24	251
24	467
24	1168
24	1225
24	1495
24	1537
25	54
25	63
25	166
25	749
25	997
25	1108
25	1138
26	151
26	1650
26	1846
27	627
27	645
27	813
28	105
28	382
28	483
28	717
28	1018
28	1221
28	1274
28	1318
29	265
29	304
29	318
29	357
29	1108
29	1595
29	1774
30	54
30	183
30	643
30	1651
31	54
31	171
31	409
31	1356
31	1361
32	460
32	555
32	1257
33	256
33	367
33	673
33	1031
33	1039
33	1252
33	1829
34	104
34	455
34	1620
35	205
35	671
35	891
36	527
36	1257
36	1442
36	1470
36	1874
37	455
37	1527
37	1555
37	1558
38	153
38	173
38	758
38	1084
38	1169
38	1883
39	1044
39	1172
40	196
40	649
40	666
40	695
40	921
40	1879
41	824
41	1056
41	1399
41	1792
42	485
42	512
42	733
42	781
42	830
42	1120
42	1473
42	1700
42	1893
43	71
43	230
43	1450
44	109
44	633
44	776
45	252
45	558
45	648
45	1046
45	1212
46	841
46	904
46	944
46	945
46	1110
46	1258
46	1534
46	1610
47	185
47	470
47	517
47	1494
47	1651
47	1723
48	503
48	812
48	926
49	271
49	610
49	1042
49	1444
50	55
50	79
50	574
50	679
50	854
50	1261
50	1493
50	1781
50	1873
51	80
51	373
51	1055
51	1289
51	1459
51	1658
51	1871
52	833
52	1445
53	161
53	292
53	716
53	963
53	969
53	1028
53	1179
53	1213
54	184
54	231
54	342
54	553
54	628
55	400
55	763
55	1187
55	1278
55	1533
55	1702
55	1724
56	530
56	622
56	1544
56	1563
56	1716
57	115
57	376
58	1001
58	1168
59	1151
59	1167
59	1295
59	1663
60	715
60	934
61	241
62	178
62	193
62	318
62	702
62	1421
62	1845
63	1082
63	1186
63	1378
63	1677
63	1869
64	187
65	536
65	1522
65	1672
65	1848
66	1216
66	1568
66	1887
66	1892
67	878
67	1742
67	1867
68	699
68	1357
69	138
69	355
69	380
69	872
69	1614
69	1662
69	1675
70	648
70	762
70	1197
70	1878
71	750
71	994
71	1461
71	1694
71	1810
71	1899
72	581
72	666
72	873
72	1655
73	1161
74	994
74	1035
74	1816
75	1260
76	336
76	357
76	1452
77	443
77	1138
78	705
78	1432
79	484
79	1349
79	1365
80	280
80	777
80	1524
81	481
81	1549
81	1712
81	1741
82	847
82	1754
83	932
83	1175
83	1451
83	1706
84	494
84	830
84	1018
84	1106
84	1265
84	1293
84	1534
84	1577
85	530
85	617
85	1457
86	1269
86	1716
87	144
87	290
87	1031
87	1725
87	1772
88	1121
88	1605
89	645
89	1368
89	1451
89	1513
89	1706
90	537
90	1027
90	1196
91	549
92	251
92	810
92	1738
93	103
93	567
93	725
93	1659
94	420
94	718
94	1042
94	1521
95	161
95	263
95	826
95	1194
95	1544
95	1659
96	97
96	404
96	523
96	624
97	171
97	247
97	457
97	588
97	707
97	1056
97	1225
97	1235
97	1389
97	1613
98	357
98	893
98	1100
98	1567
98	1735
99	207
99	1092
99	1203
99	1398
99	1492
99	1718
99	1804
100	148
100	681
100	1061
100	1216
100	1773
100	1887
101	1369
101	1554
102	1570
102	1849
103	396
103	907
103	998
103	1535
103	1611
104	668
104	1601
104	1755
105	1016
105	1639
106	550
106	562
106	818
107	931
107	1151
107	1199
107	1878
108	1260
108	1723
109	495
109	532
109	637
109	1000
109	1716
109	1749
109	1793
109	1818
110	845
110	1129
110	1163
110	1731
110	1810
111	536
111	905
111	983
111	1226
111	1546
111	1837
112	777
112	905
112	973
112	1277
112	1731
113	844
113	1223
114	183
114	1376
114	1571
115	460
115	1355
116	337
116	339
116	1119
116	1522
117	472
117	864
117	1045
117	1059
117	1147
117	1785
117	1828
118	205
118	255
118	1148
118	1570
118	1665
119	321
119	736
119	919
120	278
120	376
120	576
120	1684
121	289
121	614
121	802
121	1164
122	321
122	678
123	963
124	954
124	1188
124	1747
125	567
125	824
125	1237
125	1384
126	223
126	279
126	478
126	870
126	876
126	1141
126	1246
126	1486
127	414
127	552
127	557
127	728
127	972
127	1248
127	1298
127	1611
128	220
128	430
128	680
128	879
128	1059
128	1092
128	1135
128	1860
129	195
129	654
129	1244
129	1339
129	1497
129	1736
129	1822
130	183
130	372
130	694
130	696
130	963
131	365
131	366
131	1495
131	1597
132	192
132	1100
133	257
133	565
133	734
133	1255
134	294
134	1703
135	346
135	621
135	720
136	615
136	1544
136	1695
137	470
137	553
137	627
137	698
137	1777
138	294
138	416
138	420
138	1037
138	1059
138	1593
139	427
139	1555
140	450
140	778
140	901
141	905
141	1100
141	1209
141	1470
141	1701
142	675
142	888
142	1007
143	554
143	635
143	1235
143	1564
143	1889
144	461
144	1268
144	1539
144	1747
144	1893
144	1898
145	499
145	1844
146	219
146	397
146	726
147	308
147	1712
148	406
148	507
149	845
149	1295
150	288
150	349
150	1256
151	439
151	719
151	898
151	1451
152	794
152	1034
153	774
154	660
154	1649
155	619
155	772
155	1221
155	1393
155	1524
156	645
156	1791
157	427
157	493
157	872
157	981
157	1577
157	1701
158	1049
158	1089
158	1265
158	1730
159	342
159	926
159	1614
160	225
160	982
160	1074
160	1804
161	918
162	940
162	1015
162	1448
162	1470
162	1874
163	392
163	417
163	941
163	1001
164	198
165	279
165	587
165	682
165	789
165	1393
165	1422
165	1456
166	315
166	716
166	894
166	1215
166	1724
167	1283
167	1554
167	1776
168	631
169	354
169	863
170	633
170	1566
170	1724
171	981
172	492
172	529
172	1540
173	571
173	743
173	1590
174	887
174	1117
174	1323
174	1502
175	469
175	965
175	1638
175	1756
175	1875
176	512
176	1886
177	576
177	647
177	927
177	1337
177	1742
178	1610
178	1828
179	1116
179	1456
179	1512
179	1876
180	342
180	703
180	744
181	1624
182	1519
183	231
183	244
183	1374
184	328
184	348
184	1460
185	494
185	1231
186	764
186	1140
187	585
187	938
188	686
188	745
189	1825
190	272
190	437
190	722
190	861
190	1311
190	1508
191	248
191	1122
192	203
192	846
192	971
192	1575
193	770
193	835
193	966
193	1413
193	1648
194	669
194	1235
194	1305
194	1572
195	375
195	1180
195	1545
196	1456
196	1565
197	744
197	759
197	1033
197	1822
197	1861
198	1250
198	1531
199	1379
200	256
200	412
200	1346
200	1500
200	1802
201	1221
201	1312
201	1531
201	1749
202	598
203	746
203	802
203	1518
203	1823
204	855
204	1443
204	1729
204	1764
206	1218
206	1290
206	1396
207	325
207	409
207	890
207	997
207	1300
207	1529
207	1717
207	1732
207	1863
208	226
208	328
208	1068
209	1669
210	559
210	889
211	803
211	1746
212	423
212	480
212	760
212	1357
213	1464
213	1524
213	1583
213	1680
213	1738
214	725
214	1682
215	286
215	417
215	787
215	1175
215	1329
215	1344
215	1766
216	1058
216	1178
216	1319
216	1880
217	1670
217	1730
218	430
218	1133
219	477
219	529
219	849
219	1634
220	994
220	1545
221	1013
221	1291
222	252
222	613
222	1102
222	1384
223	465
224	854
224	1608
224	1774
225	558
225	1073
226	793
226	1638
227	404
227	567
227	1889
228	1019
228	1222
229	1355
229	1451
229	1799
230	440
230	602
230	820
230	882
230	937
230	1152
230	1154
230	1711
231	297
231	610
231	674
231	1549
231	1715
231	1824
232	528
232	632
232	806
232	1200
232	1290
232	1892
233	411
233	882
233	901
233	903
234	1180
234	1519
234	1775
234	1817
235	1033
235	1140
235	1280
235	1503
236	700
236	708
236	725
236	1345
236	1481
236	1601
237	833
237	931
237	1037
237	1583
237	1700
238	693
238	754
238	1003
238	1540
239	431
239	900
239	1104
239	1212
239	1380
239	1421
239	1606
239	1721
240	1009
240	1449
240	1844
241	338
241	441
241	574
241	730
241	737
241	931
241	1877
242	1268
242	1517
242	1750
243	299
243	786
243	1015
243	1447
244	353
244	407
244	566
244	940
244	1753
245	279
245	652
245	984
246	803
247	591
247	730
247	1238
247	1484
248	335
248	537
248	642
248	962
248	1481
248	1596
248	1792
248	1886
249	257
249	342
249	1308
249	1607
250	386
250	566
250	1274
250	1655
251	1206
251	1499
252	340
252	742
252	945
253	706
253	1793
254	453
254	477
254	586
255	306
255	328
255	468
255	513
255	726
255	1054
255	1587
255	1660
256	1325
256	1501
256	1695
257	630
257	900
257	1602
258	378
258	1548
259	328
259	603
259	1054
259	1292
260	364
260	598
260	1453
260	1600
261	528
261	621
261	728
261	1032
261	1100
262	526
262	852
262	1101
262	1401
262	1556
262	1572
262	1592
262	1661
263	394
263	1718
263	1735
264	354
264	1013
264	1162
265	725
265	1534
265	1589
265	1680
266	1608
266	1745
266	1817
267	588
267	649
267	1249
267	1758
267	1859
268	1033
268	1394
269	364
269	941
269	1227
269	1353
269	1779
270	333
270	820
270	1701
271	987
271	1774
272	394
272	1139
272	1608
272	1706
273	861
273	1004
273	1520
273	1551
273	1699
273	1816
274	1077
275	1707
276	277
276	551
276	781
276	947
276	1507
276	1775
277	666
277	844
277	1716
278	664
278	850
278	942
278	1038
278	1423
278	1656
278	1723
278	1769
279	306
279	1030
279	1462
279	1679
279	1802
280	728
280	786
280	941
281	1125
281	1153
281	1748
281	1835
282	1450
283	664
283	1186
283	1437
283	1595
283	1621
284	1064
285	340
285	343
285	555
285	1854
286	388
286	645
286	899
286	1099
286	1129
286	1431
286	1609
286	1710
286	1797
287	651
287	1083
288	571
288	624
288	1531
289	872
289	1376
289	1576
289	1805
290	590
290	1311
290	1338
291	342
291	588
291	1053
291	1102
291	1495
292	305
292	460
292	619
292	826
292	1173
292	1230
293	885
293	1008
293	1815
294	1262
294	1623
295	1789
296	1217
296	1331
297	675
297	970
298	1644
299	1780
300	724
300	779
300	868
300	1462
300	1557
301	662
301	1891
302	851
302	944
302	1011
302	1189
303	512
303	691
303	917
303	1034
303	1252
303	1823
304	362
304	685
304	1487
304	1786
305	393
305	493
305	975
305	985
305	1025
306	997
306	1032
306	1426
306	1662
306	1679
306	1689
307	418
307	696
307	990
307	1306
307	1373
307	1690
308	946
308	959
308	1138
309	762
309	1201
309	1655
310	502
310	1670
311	468
311	538
311	715
311	850
311	1044
311	1842
312	803
312	815
312	1198
313	451
313	846
313	1363
313	1849
314	694
314	697
314	1105
314	1853
315	463
315	497
315	838
315	1075
316	356
316	411
316	588
316	1000
316	1731
317	638
317	1533
317	1536
317	1764
318	529
318	947
318	1050
318	1698
319	565
319	838
319	955
319	1288
320	724
320	1185
320	1359
320	1497
320	1549
321	553
321	733
321	763
321	1164
321	1215
321	1477
321	1539
321	1770
321	1803
322	478
322	1087
322	1491
323	544
323	852
323	1017
323	1238
323	1257
323	1511
324	792
324	1006
325	1104
325	1378
325	1741
326	462
326	637
326	1281
327	699
327	1757
328	1172
329	1189
329	1385
329	1449
330	491
331	398
331	647
332	668
332	1097
332	1322
332	1789
333	761
334	754
334	803
334	918
335	572
335	1125
336	668
336	883
336	1733
336	1806
337	374
337	1168
337	1511
338	795
338	1013
338	1258
339	1353
339	1832
340	665
340	678
340	1633
340	1636
341	1302
341	1585
341	1881
342	432
342	468
342	1025
343	1029
343	1222
343	1244
343	1859
344	1409
344	1515
344	1650
345	1171
345	1486
346	409
346	941
346	1851
347	1403
347	1750
347	1899
348	645
348	1310
348	1898
349	455
349	656
349	1780
350	784
350	966
350	1073
350	1625
350	1689
351	779
351	1287
351	1571
351	1582
351	1618
352	398
352	1721
353	1168
354	611
354	1753
355	531
355	882
355	1508
355	1794
356	453
356	644
356	1002
356	1532
357	877
357	973
357	1367
357	1804
358	582
358	995
359	1496
359	1734
360	891
360	1169
360	1584
360	1821
361	434
361	626
361	1215
361	1373
361	1476
361	1596
362	844
362	1109
362	1176
362	1186
363	689
363	755
363	1286
364	1547
365	970
365	1479
366	465
366	613
366	833
366	969
366	1208
366	1281
366	1695
367	936
367	957
367	1307
367	1529
368	450
368	789
368	947
368	1589
368	1677
369	579
369	869
369	1040
370	719
370	802
370	937
370	1230
370	1676
371	874
371	994
371	1359
371	1480
372	478
372	559
372	995
372	1105
372	1170
372	1559
372	1822
373	1081
374	1898
375	590
375	812
375	1180
375	1193
375	1529
375	1687
375	1703
376	1022
376	1176
376	1409
377	710
377	1293
377	1750
378	1246
378	1518
379	754
380	810
380	994
381	552
381	731
381	1030
382	1635
382	1809
383	459
383	476
383	718
383	1407
383	1606
383	1678
384	1132
385	480
385	613
385	921
385	1166
385	1509
385	1680
387	473
387	655
387	759
387	868
387	1049
388	657
388	886
388	1843
389	1281
390	514
390	1390
390	1450
390	1892
391	946
391	1348
391	1386
391	1717
391	1718
392	650
392	708
392	1093
392	1566
393	763
393	1593
394	443
395	531
395	797
395	1804
396	537
396	1199
396	1713
396	1724
397	440
397	951
397	1285
397	1887
399	1268
400	545
400	1643
401	598
401	981
401	1570
401	1712
402	1249
402	1263
402	1400
403	951
403	1028
404	559
404	1226
404	1233
404	1851
404	1878
405	987
406	470
406	899
406	1378
406	1388
407	545
407	1326
407	1838
408	629
408	703
408	1172
408	1328
408	1414
408	1517
408	1592
409	461
409	598
409	666
409	974
409	1492
409	1544
410	506
410	1168
410	1367
410	1613
411	1563
411	1579
411	1581
411	1786
412	1048
412	1074
412	1078
412	1631
412	1683
413	514
413	1869
414	748
414	813
414	1183
414	1429
414	1868
415	830
415	981
415	1295
415	1712
415	1784
416	1311
416	1609
416	1780
416	1809
417	867
417	1294
418	492
418	564
418	976
418	1694
419	586
419	639
420	598
420	662
420	1724
421	662
421	1051
421	1795
422	733
422	1257
423	880
423	1114
423	1680
423	1822
424	676
424	755
424	1095
424	1484
424	1631
425	804
425	1130
425	1412
426	507
426	867
426	937
426	1163
426	1775
426	1887
427	436
428	683
428	1378
428	1763
429	559
429	734
429	765
429	1860
430	482
430	1297
430	1655
431	448
431	1008
431	1092
431	1657
432	729
432	1079
432	1152
432	1222
432	1448
433	748
433	1157
433	1462
433	1892
434	495
434	593
434	1063
434	1880
435	460
436	1287
437	515
437	688
437	772
437	1746
438	536
438	1315
438	1349
438	1398
438	1434
439	1162
439	1877
440	513
440	1000
440	1590
441	1366
442	1102
442	1136
442	1418
442	1698
444	747
444	1096
444	1293
444	1447
444	1769
445	786
445	1312
446	572
446	1097
446	1132
446	1419
446	1736
447	547
447	742
447	844
447	867
448	816
448	837
448	1859
449	642
449	1211
449	1831
450	632
450	886
450	1374
450	1542
451	576
451	610
452	786
452	909
452	1238
452	1835
453	474
453	1098
453	1568
453	1712
454	1392
454	1753
455	1086
455	1216
455	1459
456	669
456	1120
456	1529
456	1572
457	965
457	1531
457	1854
458	581
459	693
459	976
459	1187
459	1261
459	1765
460	731
460	1648
461	799
462	1156
462	1482
463	678
463	1195
463	1223
463	1663
463	1764
464	802
465	672
465	1463
465	1558
466	1261
467	531
468	1051
468	1518
469	717
469	961
469	1380
470	503
470	1820
471	622
471	638
472	495
472	689
472	1286
472	1494
472	1739
473	1289
474	867
474	1166
475	794
475	1337
476	811
476	1047
476	1250
477	1021
477	1155
477	1317
477	1379
477	1654
478	998
478	1148
479	579
479	631
479	786
479	1700
480	758
480	1048
480	1113
480	1290
480	1614
481	988
481	1044
481	1364
482	945
482	1076
482	1171
482	1670
483	626
483	889
483	1216
483	1497
483	1661
484	1389
484	1839
485	1185
486	836
486	1254
486	1850
487	676
487	961
487	1436
488	1456
488	1774
488	1851
489	668
489	1300
489	1563
490	678
491	905
491	917
492	526
492	768
493	749
493	1601
494	1120
494	1573
495	674
495	837
495	1085
495	1753
496	1217
496	1499
496	1748
497	540
497	1286
497	1657
497	1737
498	817
498	1227
499	500
499	621
499	933
499	1016
499	1458
499	1474
500	1650
500	1810
501	986
501	1070
501	1520
502	1239
503	1165
503	1758
504	509
504	533
505	570
505	682
505	1351
505	1761
507	1298
508	750
508	1063
508	1097
508	1262
508	1733
509	802
509	897
509	1484
510	1197
510	1617
511	925
511	1500
511	1676
511	1868
512	1040
512	1106
512	1603
513	610
513	1757
514	1505
514	1735
515	1209
515	1344
515	1575
516	575
517	615
517	622
517	968
517	1032
517	1473
517	1522
518	971
518	1072
518	1739
519	687
519	1422
519	1855
520	741
521	544
521	1635
522	833
522	1013
522	1218
523	1080
523	1120
524	561
524	768
524	1233
524	1374
524	1576
525	628
525	808
525	901
525	1863
526	633
526	1299
527	702
527	729
527	1486
527	1761
527	1868
528	1717
529	812
529	1062
530	1118
530	1460
530	1830
530	1871
531	723
531	735
531	940
532	623
532	789
532	1059
532	1521
533	924
533	1803
534	626
534	702
534	719
534	1109
535	805
535	932
535	1570
537	566
537	614
537	1124
537	1340
538	759
538	1065
538	1345
538	1385
539	1421
539	1880
540	840
540	1162
540	1186
541	729
541	865
541	898
541	1065
541	1547
542	855
542	1744
543	1285
543	1663
543	1765
544	1380
544	1784
544	1811
545	740
545	768
545	1815
546	1453
546	1878
547	1275
548	1071
549	1033
549	1394
550	825
550	1196
550	1887
551	1402
554	555
554	1532
555	1433
556	1770
557	825
557	1108
557	1405
558	749
558	768
558	920
558	1477
559	859
559	920
559	1193
559	1197
559	1388
559	1622
560	597
560	1136
560	1348
561	1013
561	1058
562	1834
563	1783
564	831
564	1602
565	1008
566	631
566	913
566	1397
567	1054
567	1635
568	925
568	1166
569	579
569	1773
570	1232
570	1247
570	1466
570	1517
571	670
571	1085
571	1343
571	1500
572	980
572	1448
572	1780
573	1191
573	1277
573	1472
573	1478
574	599
575	1863
576	1234
576	1849
577	823
578	748
578	783
578	933
578	1036
579	710
579	1229
579	1431
580	1722
580	1852
581	992
581	1245
581	1479
581	1506
581	1667
582	1208
582	1403
582	1621
583	1716
584	877
584	1133
584	1435
585	597
585	894
585	923
585	1263
585	1711
586	1324
586	1884
587	1558
587	1867
588	629
588	1058
588	1176
588	1708
588	1761
588	1776
589	889
589	1140
589	1187
589	1223
589	1412
590	1438
591	756
591	889
591	1397
591	1467
591	1581
592	1203
592	1230
593	759
593	1031
593	1515
593	1875
594	679
594	987
595	709
595	1089
595	1717
595	1753
596	1613
596	1703
597	777
597	796
598	872
598	1677
598	1830
599	832
599	1065
599	1090
599	1114
599	1183
599	1266
599	1626
599	1686
599	1852
600	633
600	1129
601	938
601	1045
601	1144
601	1852
602	1106
603	895
603	1601
603	1892
604	1038
604	1349
604	1389
604	1627
605	1186
605	1442
606	1192
606	1461
607	1533
608	795
608	1085
608	1190
608	1362
608	1708
609	1353
610	843
610	1438
611	752
611	881
611	1079
611	1741
611	1871
612	1063
612	1895
613	908
613	1011
614	638
614	1010
614	1139
615	1511
616	970
616	988
616	1329
616	1488
616	1640
616	1722
617	1341
617	1378
617	1804
618	1418
618	1575
619	728
619	977
619	1457
619	1711
620	1024
620	1133
620	1829
621	1002
621	1423
621	1515
621	1779
622	643
622	751
622	1061
622	1336
622	1845
623	800
623	1000
623	1685
624	730
624	928
624	939
624	1370
624	1815
625	753
625	865
625	1016
625	1372
626	1021
626	1208
627	871
627	1519
628	1138
629	779
629	1092
629	1158
630	999
630	1040
630	1804
631	992
631	1174
632	1447
633	849
633	1172
633	1854
634	818
634	1248
634	1482
634	1491
634	1638
635	1129
635	1553
635	1683
636	1674
637	1009
637	1076
637	1390
637	1484
638	954
638	1132
639	1192
639	1341
639	1748
640	740
640	1301
641	1018
641	1097
641	1262
641	1588
641	1704
642	863
642	1112
642	1388
642	1530
642	1662
643	890
643	1544
643	1596
644	892
644	1195
645	815
645	1598
646	692
646	1327
646	1599
647	687
647	716
647	1009
648	716
648	1298
648	1332
648	1528
649	1076
650	1532
651	879
651	1067
653	770
653	998
653	1819
654	1577
654	1600
655	1593
656	738
656	1608
657	741
657	1204
657	1215
657	1456
658	1031
659	928
659	1338
660	837
660	1040
660	1725
661	667
661	1214
661	1260
661	1328
661	1813
662	965
663	1547
664	1067
664	1258
665	894
665	999
665	1875
666	1087
666	1203
666	1622
666	1874
667	1267
667	1768
668	1038
668	1536
668	1883
669	1021
669	1199
670	733
670	1018
670	1100
671	785
671	901
671	1140
672	829
673	1258
673	1401
673	1880
674	829
674	1434
674	1659
674	1757
675	869
675	995
676	785
676	1216
676	1364
676	1757
677	1274
677	1313
677	1696
678	749
678	1399
679	967
679	1268
679	1442
680	699
680	1343
680	1516
680	1707
680	1758
680	1781
681	1089
681	1429
681	1672
682	884
683	805
683	1284
683	1685
684	861
684	1017
684	1043
684	1056
684	1113
684	1258
684	1569
685	816
685	866
685	1107
685	1116
686	1193
686	1695
687	958
687	1367
687	1635
688	993
688	1122
689	1222
689	1236
689	1780
689	1808
689	1888
689	1899
690	909
690	962
690	1376
690	1575
691	1550
691	1838
692	1725
693	828
693	1639
694	1150
694	1167
695	995
695	1123
696	717
696	1081
696	1551
697	1235
697	1754
697	1879
698	1743
698	1853
699	1102
699	1121
699	1427
699	1535
699	1628
700	1623
700	1677
700	1792
701	1161
701	1214
701	1220
701	1780
703	985
703	1691
704	863
704	1505
705	883
705	1454
706	1673
707	889
707	1047
707	1407
708	830
709	1456
709	1576
710	773
710	949
710	1045
710	1204
710	1427
710	1719
711	1103
711	1330
711	1685
711	1710
712	740
712	1501
712	1864
712	1880
713	907
713	941
714	971
714	1117
714	1242
716	741
716	815
716	1114
716	1572
717	1573
717	1733
718	794
718	985
718	1352
719	888
719	1522
719	1711
720	785
720	811
720	1316
720	1519
720	1589
721	1011
722	856
722	1226
722	1451
722	1602
722	1808
723	1194
723	1805
724	995
724	1762
725	1021
725	1534
725	1764
726	849
727	999
727	1631
728	1241
728	1288
730	1221
731	1345
731	1766
732	1873
733	1367
733	1865
734	934
734	989
734	1853
735	1140
735	1152
735	1299
735	1405
735	1445
735	1894
736	1282
737	740
737	834
737	1468
738	821
738	1167
738	1226
738	1563
738	1692
739	772
739	887
739	1261
739	1633
739	1683
739	1857
740	968
740	1761
740	1776
741	786
742	792
742	1137
742	1679
743	1853
744	1060
745	1359
745	1565
745	1634
745	1646
746	837
747	755
747	992
747	1530
748	1158
748	1699
748	1811
749	1005
749	1332
749	1424
749	1627
750	1360
750	1504
751	849
751	1204
751	1237
751	1681
752	964
752	1431
752	1511
754	790
754	960
754	1044
755	1437
756	1509
756	1540
756	1690
757	1042
757	1815
759	1755
760	1420
760	1639
761	1687
761	1696
762	764
762	1668
762	1717
763	913
763	945
763	1201
763	1291
763	1505
763	1798
764	793
764	1294
764	1371
764	1503
765	1406
765	1537
765	1588
766	1819
767	1330
767	1500
768	1898
769	828
769	1053
769	1753
770	1118
770	1161
770	1243
770	1312
771	883
771	1028
772	1076
772	1157
772	1251
773	1317
775	840
775	1088
775	1248
775	1342
775	1633
775	1685
775	1699
775	1811
776	1185
776	1496
776	1849
777	1245
777	1622
777	1679
780	1401
780	1819
781	1461
781	1798
782	1677
782	1758
783	1109
783	1443
784	1308
784	1746
785	1101
785	1274
785	1415
785	1877
786	1504
786	1774
787	1031
788	1215
788	1422
788	1534
789	1236
789	1415
789	1742
790	1317
791	987
791	1457
792	834
792	1064
793	1851
794	1806
795	1139
795	1178
795	1693
795	1875
796	848
796	850
797	854
797	1016
797	1027
797	1105
798	1500
798	1778
798	1839
799	1489
799	1586
801	1498
802	1355
802	1871
803	1715
803	1759
803	1896
804	891
804	991
804	1673
804	1840
805	1020
805	1214
805	1438
805	1883
806	850
806	1261
807	848
807	1315
807	1451
807	1459
808	908
808	1080
808	1132
808	1327
809	838
810	944
810	1417
811	847
811	1068
811	1077
811	1092
812	1789
814	935
815	1321
816	819
817	1201
817	1571
817	1745
818	1435
819	1476
820	1175
820	1448
820	1589
820	1643
820	1766
821	826
821	931
821	1050
821	1193
821	1861
822	982
822	1227
822	1339
823	1184
823	1677
824	1596
825	963
825	981
826	1512
826	1727
826	1754
827	947
827	1012
827	1678
827	1851
828	1422
828	1433
828	1817
828	1882
829	1286
830	863
830	1018
831	1425
832	1156
832	1357
833	1578
833	1706
834	1182
834	1576
834	1699
834	1735
835	1154
835	1297
835	1857
836	932
837	1199
837	1660
838	1081
838	1122
839	1431
840	1151
840	1477
840	1726
841	941
841	1053
841	1592
841	1692
842	926
842	1175
842	1254
843	1412
844	1185
844	1472
845	1141
846	1517
847	1280
847	1542
847	1641
848	1621
849	1897
850	1611
850	1642
850	1665
851	1548
851	1688
851	1789
852	1604
853	1008
853	1121
853	1229
853	1231
854	1569
854	1789
855	1227
855	1523
855	1640
855	1765
855	1799
855	1808
856	1128
856	1148
856	1163
856	1811
857	1126
858	1745
859	928
860	1226
861	1548
862	915
862	1089
863	1656
863	1697
863	1802
864	1021
864	1031
864	1784
865	1428
865	1758
866	1417
866	1485
866	1607
866	1608
866	1802
867	961
867	1435
867	1505
867	1880
868	1389
868	1863
869	1174
869	1521
870	997
870	1347
870	1388
871	1383
871	1581
872	1398
873	1138
873	1234
873	1295
874	1254
875	1505
876	967
876	1083
876	1084
876	1160
876	1346
876	1444
877	1176
877	1410
877	1450
877	1466
877	1758
879	972
879	1111
879	1125
879	1300
879	1564
879	1743
880	1242
880	1413
880	1506
880	1616
881	958
881	1023
882	1449
883	1232
883	1234
883	1542
884	1294
884	1457
885	1375
886	1187
886	1435
887	1117
887	1625
889	1374
889	1448
889	1644
889	1855
891	1285
892	1411
892	1557
892	1744
893	1012
893	1138
894	1343
894	1393
894	1686
895	1745
895	1853
896	1724
897	1398
897	1415
898	910
898	1117
898	1637
900	1350
901	1525
901	1859
902	1014
902	1436
903	1023
903	1225
904	1716
904	1828
904	1858
906	1195
907	1480
907	1745
908	1120
908	1745
908	1782
909	1494
909	1898
910	1204
910	1495
910	1516
910	1647
910	1898
911	1039
911	1094
911	1399
911	1592
912	1552
912	1691
913	1215
913	1316
913	1423
914	1461
915	1271
915	1566
915	1764
915	1823
916	1056
916	1173
916	1463
917	1709
918	1389
918	1773
919	1055
919	1250
919	1307
919	1342
919	1507
919	1878
920	1694
920	1707
920	1838
922	997
922	1094
923	1357
924	1150
924	1309
925	1103
925	1304
925	1326
925	1427
925	1592
925	1620
926	1181
926	1234
926	1297
926	1326
926	1405
927	1076
927	1130
927	1535
927	1748
928	1134
928	1251
928	1689
929	1004
929	1072
929	1435
929	1681
930	1201
932	1186
932	1355
932	1717
933	1058
935	1005
935	1604
936	1156
937	1143
937	1743
937	1834
939	1265
939	1427
939	1608
940	944
940	1168
940	1298
941	1750
942	1553
942	1741
943	1590
943	1712
943	1857
944	1060
945	1717
946	1051
946	1794
946	1856
946	1873
947	1043
948	1509
950	1065
951	1606
951	1732
951	1821
952	1474
952	1736
953	987
953	1254
953	1377
953	1384
954	1158
955	1420
955	1604
955	1626
956	1274
957	1098
959	989
959	1384
959	1617
959	1667
963	1651
964	1259
964	1274
964	1363
964	1408
964	1459
964	1786
965	1197
966	1596
966	1711
967	1185
968	1844
970	1091
970	1826
971	1013
971	1248
971	1276
972	1062
972	1341
972	1443
973	974
973	1302
973	1640
974	1051
974	1154
974	1543
976	1389
976	1501
977	1348
977	1618
977	1884
978	1099
978	1212
979	1125
980	1846
980	1848
981	1348
981	1802
982	1131
982	1215
982	1300
982	1682
982	1882
983	1558
984	1246
984	1331
985	1897
987	1230
987	1531
988	1220
988	1327
989	1300
989	1841
991	1182
991	1515
991	1899
992	1559
993	1081
993	1516
994	1247
994	1595
995	1368
995	1434
995	1465
996	1590
996	1655
996	1706
996	1886
997	1000
997	1309
997	1357
997	1477
998	1535
999	1273
999	1381
999	1831
1000	1159
1000	1739
1001	1681
1002	1285
1002	1721
1003	1120
1004	1200
1004	1630
1004	1678
1005	1025
1005	1411
1005	1816
1006	1311
1007	1100
1007	1214
1007	1446
1008	1163
1008	1764
1008	1774
1009	1049
1010	1053
1010	1197
1010	1847
1011	1357
1011	1362
1012	1133
1012	1430
1013	1426
1015	1288
1015	1844
1016	1703
1017	1047
1017	1558
1017	1695
1017	1865
1018	1320
1018	1799
1019	1189
1019	1195
1019	1572
1019	1785
1020	1127
1020	1374
1020	1395
1021	1180
1022	1198
1022	1236
1022	1490
1022	1662
1022	1677
1023	1046
1023	1125
1023	1189
1023	1314
1023	1439
1023	1746
1024	1099
1024	1117
1024	1847
1026	1173
1026	1394
1026	1518
1027	1222
1027	1550
1027	1768
1028	1583
1029	1096
1029	1208
1029	1332
1030	1623
1031	1453
1031	1770
1032	1137
1032	1207
1032	1442
1032	1873
1032	1889
1033	1214
1033	1280
1033	1299
1033	1646
1034	1291
1034	1356
1034	1494
1035	1625
1035	1870
1036	1570
1036	1578
1037	1338
1038	1786
1038	1795
1039	1179
1039	1607
1040	1262
1040	1393
1040	1609
1041	1053
1041	1364
1041	1813
1041	1814
1042	1106
1043	1449
1043	1527
1043	1688
1044	1295
1044	1612
1046	1657
1046	1869
1047	1622
1047	1852
1048	1868
1048	1893
1049	1210
1049	1585
1049	1775
1050	1180
1050	1410
1051	1293
1052	1282
1053	1323
1054	1056
1054	1367
1055	1393
1055	1492
1056	1118
1057	1273
1057	1474
1058	1195
1058	1303
1059	1090
1059	1588
1059	1806
1060	1461
1060	1659
1061	1200
1061	1308
1062	1140
1062	1885
1063	1134
1063	1307
1063	1358
1063	1481
1063	1754
1064	1280
1064	1462
1064	1540
1064	1570
1064	1762
1064	1812
1065	1590
1065	1689
1066	1445
1069	1552
1072	1671
1073	1145
1074	1688
1075	1078
1075	1230
1076	1089
1076	1313
1076	1470
1076	1765
1076	1839
1077	1312
1077	1471
1078	1738
1080	1351
1080	1365
1080	1410
1081	1456
1081	1820
1082	1485
1082	1804
1083	1392
1084	1303
1084	1337
1084	1688
1085	1105
1087	1137
1087	1264
1088	1207
1088	1650
1089	1241
1089	1429
1089	1468
1089	1739
1090	1148
1090	1861
1091	1434
1093	1486
1094	1295
1094	1395
1094	1613
1095	1696
1095	1740
1095	1868
1096	1771
1097	1227
1098	1251
1099	1341
1100	1170
1101	1526
1103	1193
1103	1368
1103	1870
1106	1243
1106	1250
1106	1474
1106	1838
1107	1216
1107	1538
1108	1686
1109	1136
1109	1295
1109	1408
1109	1461
1109	1643
1110	1790
1111	1531
1111	1622
1112	1338
1113	1324
1113	1514
1113	1862
1113	1865
1114	1659
1114	1685
1115	1183
1115	1494
1115	1562
1115	1656
1116	1737
1116	1797
1116	1822
1117	1360
1117	1732
1118	1637
1119	1686
1119	1817
1121	1157
1121	1332
1122	1570
1123	1126
1123	1220
1124	1357
1126	1726
1127	1295
1127	1711
1127	1897
1128	1663
1129	1506
1129	1622
1129	1689
1130	1212
1130	1280
1130	1735
1130	1755
1131	1504
1131	1524
1131	1533
1132	1180
1132	1280
1132	1681
1132	1763
1133	1674
1133	1707
1134	1276
1135	1500
1135	1685
1135	1788
1136	1171
1137	1175
1137	1816
1138	1528
1142	1450
1143	1478
1145	1313
1146	1261
1146	1480
1147	1438
1148	1502
1148	1790
1149	1303
1149	1536
1150	1589
1150	1872
1151	1689
1151	1720
1151	1889
1152	1282
1152	1379
1152	1619
1152	1824
1154	1321
1155	1213
1155	1329
1155	1500
1156	1270
1157	1606
1157	1762
1158	1191
1158	1352
1160	1391
1160	1744
1161	1572
1164	1896
1165	1608
1166	1884
1167	1435
1167	1699
1167	1801
1168	1818
1169	1617
1169	1716
1170	1486
1170	1516
1170	1526
1170	1714
1170	1889
1171	1176
1171	1340
1171	1835
1171	1868
1173	1224
1173	1773
1174	1193
1174	1496
1176	1590
1177	1824
1178	1731
1180	1519
1180	1672
1181	1602
1181	1605
1181	1884
1183	1417
1183	1736
1184	1271
1184	1867
1185	1775
1186	1199
1186	1353
1187	1356
1187	1566
1189	1810
1191	1213
1191	1325
1191	1561
1191	1811
1192	1565
1192	1662
1193	1668
1194	1237
1195	1364
1195	1555
1197	1414
1200	1478
1201	1296
1201	1484
1202	1730
1203	1424
1204	1324
1204	1528
1204	1629
1205	1667
1205	1754
1205	1766
1206	1303
1206	1448
1206	1678
1207	1431
1207	1558
1207	1869
1208	1738
1209	1775
1210	1374
1210	1890
1212	1332
1212	1664
1212	1749
1214	1253
1215	1653
1215	1695
1215	1722
1215	1864
1216	1341
1217	1253
1218	1253
1218	1314
1218	1353
1218	1551
1218	1850
1219	1320
1219	1536
1219	1812
1220	1312
1220	1638
1220	1887
1221	1350
1222	1562
1222	1837
1223	1427
1224	1493
1224	1819
1226	1325
1226	1497
1227	1602
1227	1728
1228	1797
1230	1242
1230	1558
1231	1240
1233	1571
1233	1720
1234	1254
1234	1554
1237	1238
1237	1305
1237	1757
1237	1787
1238	1601
1240	1497
1240	1787
1242	1266
1242	1390
1242	1856
1243	1423
1243	1472
1244	1746
1245	1316
1246	1413
1247	1849
1248	1703
1250	1402
1250	1890
1253	1298
1253	1771
1254	1632
1254	1814
1255	1258
1255	1394
1255	1538
1255	1884
1257	1523
1257	1655
1257	1674
1257	1731
1258	1275
1258	1297
1258	1363
1258	1755
1259	1643
1260	1370
1260	1830
1261	1272
1261	1434
1261	1610
1262	1395
1262	1457
1263	1342
1263	1520
1264	1363
1264	1573
1265	1521
1266	1369
1266	1852
1268	1559
1268	1750
1268	1832
1269	1287
1273	1480
1275	1445
1276	1503
1276	1675
1277	1686
1278	1405
1279	1315
1279	1588
1280	1350
1281	1589
1282	1665
1283	1582
1284	1454
1286	1535
1286	1803
1287	1677
1288	1722
1288	1759
1289	1370
1289	1440
1289	1459
1289	1708
1292	1635
1292	1873
1293	1524
1293	1770
1294	1585
1294	1617
1294	1681
1294	1887
1295	1675
1296	1537
1298	1666
1298	1753
1299	1781
1301	1568
1303	1366
1303	1779
1304	1421
1304	1708
1305	1408
1305	1472
1306	1518
1306	1577
1307	1770
1308	1394
1310	1412
1310	1488
1310	1670
1311	1776
1312	1378
1313	1428
1313	1564
1313	1659
1313	1842
1314	1532
1314	1798
1315	1529
1315	1617
1316	1395
1316	1597
1316	1635
1317	1475
1317	1641
1317	1670
1318	1505
1320	1367
1320	1743
1323	1856
1324	1563
1324	1860
1325	1552
1327	1460
1328	1618
1330	1571
1330	1761
1331	1823
1333	1461
1333	1652
1333	1882
1334	1754
1335	1560
1335	1732
1338	1808
1339	1768
1340	1378
1346	1404
1347	1627
1348	1828
1349	1396
1349	1412
1349	1787
1350	1509
1351	1625
1352	1686
1353	1694
1354	1416
1355	1463
1356	1450
1357	1525
1358	1368
1358	1804
1360	1513
1361	1678
1361	1738
1363	1485
1363	1623
1363	1831
1364	1506
1364	1638
1365	1431
1365	1445
1366	1368
1366	1725
1370	1567
1371	1816
1372	1614
1372	1865
1373	1891
1374	1592
1375	1441
1375	1718
1376	1380
1376	1530
1377	1880
1378	1686
1379	1530
1379	1830
1380	1536
1381	1513
1382	1718
1382	1743
1383	1715
1384	1418
1384	1449
1385	1592
1386	1630
1387	1759
1387	1795
1387	1839
1388	1538
1388	1772
1390	1412
1390	1516
1390	1622
1390	1877
1391	1853
1392	1433
1392	1607
1392	1870
1394	1727
1395	1566
1396	1557
1398	1755
1400	1402
1401	1489
1402	1833
1404	1677
1405	1692
1406	1747
1407	1496
1407	1628
1407	1693
1407	1732
1408	1802
1409	1565
1409	1865
1410	1714
1410	1728
1411	1426
1411	1635
1413	1555
1413	1772
1413	1798
1415	1614
1416	1826
1417	1588
1417	1611
1418	1642
1419	1714
1419	1805
1420	1574
1420	1705
1421	1879
1422	1606
1422	1808
1427	1876
1428	1580
1429	1739
1429	1862
1431	1586
1431	1733
1431	1813
1432	1783
1433	1885
1434	1791
1437	1809
1437	1841
1438	1571
1438	1759
1440	1483
1440	1797
1441	1742
1443	1806
1447	1559
1447	1708
1447	1722
1447	1862
1448	1461
1450	1600
1450	1603
1450	1769
1451	1864
1454	1489
1456	1694
1456	1834
1457	1469
1461	1575
1461	1591
1462	1682
1463	1507
1465	1703
1465	1769
1465	1772
1468	1501
1470	1520
1471	1509
1473	1632
1477	1541
1477	1582
1477	1734
1477	1748
1477	1857
1478	1795
1479	1644
1481	1631
1481	1765
1482	1801
1483	1561
1484	1560
1485	1738
1487	1559
1489	1678
1490	1656
1490	1734
1490	1802
1491	1708
1492	1715
1493	1866
1494	1527
1494	1600
1494	1645
1494	1772
1494	1806
1495	1604
1495	1805
1499	1696
1504	1638
1504	1700
1504	1703
1504	1819
1505	1875
1507	1796
1509	1862
1510	1668
1510	1797
1516	1524
1516	1769
1517	1646
1518	1737
1519	1719
1522	1541
1522	1889
1523	1802
1523	1824
1524	1850
1525	1594
1526	1794
1528	1649
1530	1568
1530	1693
1530	1795
1530	1878
1531	1660
1533	1554
1534	1666
1534	1777
1535	1881
1537	1628
1537	1757
1541	1714
1541	1891
1544	1587
1544	1658
1545	1587
1545	1664
1546	1884
1547	1642
1552	1758
1557	1701
1559	1673
1560	1644
1562	1659
1564	1578
1564	1698
1564	1703
1564	1881
1565	1753
1566	1709
1566	1815
1569	1571
1570	1707
1570	1836
1571	1572
1571	1575
1573	1857
1576	1715
1578	1620
1578	1717
1578	1846
1583	1625
1584	1791
1585	1605
1585	1897
1587	1640
1588	1643
1588	1699
1590	1774
1591	1651
1593	1846
1594	1676
1596	1859
1600	1633
1600	1738
1600	1784
1601	1646
1603	1727
1605	1778
1608	1829
1614	1736
1615	1697
1615	1880
1616	1753
1625	1716
1625	1755
1625	1757
1628	1845
1630	1672
1634	1840
1640	1827
1643	1899
1648	1883
1649	1697
1651	1685
1655	1695
1656	1683
1657	1761
1660	1719
1660	1753
1660	1767
1660	1819
1662	1891
1665	1700
1666	1800
1667	1675
1667	1799
1668	1824
1672	1760
1674	1861
1675	1864
1677	1881
1681	1882
1682	1687
1683	1769
1685	1827
1689	1879
1691	1801
1698	1805
1702	1762
1707	1820
1719	1786
1724	1826
1725	1781
1725	1889
1726	1747
1730	1892
1732	1857
1734	1833
1740	1807
1742	1889
1749	1873
1750	1839
1751	1761
1752	1897
1753	1827
1754	1832
1756	1829
1757	1872
1759	1865
1761	1778
1762	1832
1762	1871
1766	1861
1770	1807
1773	1877
1776	1803
1781	1821
1782	1812
1794	1896
1795	1841
1797	1860
1798	1887
1799	1830
1807	1840
1809	1860
1818	1875
1819	1829
1833	1847
1839	1899
1852	1876