0	168
0	296
0	589
0	873
0	1594
1	973
1	985
1	1012
1	1308
2	214
2	384
2	824
2	1133
2	1306
2	1642
2	1744
2	1758
3	793
3	1725
4	795
4	806
4	1272
4	1426
5	456
5	477
5	843
6	517
6	723
6	872
7	169
7	621
7	910
8	1021
8	1098
8	1287
8	1654
8	1782
9	45
9	1203
9	1448
9	1554
10	170
10	333
10	1899
11	38
11	212
11	281
11	657
11	834
11	1487
12	1482
13	42
13	350
13	406
14	583
14	842
14	1506
14	1518
14	1590
14	1610
14	1681
14	1756
14	1842
15	371
15	1827
16	535
16	1374
16	1423
16	1512
16	1828
17	851
18	49
18	53
18	1066
18	1341
18	1431
19	416
19	696
19	1062
19	1735
20	197
20	381
20	715
20	748
20	1420
20	1780
20	1830
20	1858
20	1869
21	454
21	557
21	989
22	286
22	337
22	989
22	1477
22	1547
23	96
23	1407
23	1549
24	1269
25	1390
26	290
26	628
26	1424
26	1700
27	790
27	959
28	877
29	1344
29	1634
29	1642
30	1029
30	1683
31	66
31	1170
31	1189
31	1253
32	109
32	521
32	747
32	923
32	1642
32	1701
33	180
33	1203
33	1261
33	1658
34	529
34	581
34	871
35	521
35	1224
35	1731
36	649
36	806
36	981
36	1549
36	1584
36	1600
37	337
37	346
37	1120
37	1282
37	1334
37	1364
37	1826
38	556
38	858
39	97
39	163
39	697
39	935
39	1163
39	1169
39	1316
39	1777
39	1897
40	361
40	575
40	628
40	643
41	1020
41	1334
41	1488
42	372
42	599
42	705
42	865
42	1068
42	1112
43	320
43	1502
43	1551
44	48
44	209
45	706
46	954
46	1184
46	1410
46	1467
46	1511
46	1542
46	1738
46	1787
46	1798
47	455
47	935
48	214
48	284
48	758
48	801
48	1560
48	1731
48	1794
48	1860
49	383
49	643
49	738
49	1101
50	179
50	249
50	545
50	603
50	696
50	785
50	951
51	1295
52	243
52	538
52	817
52	1887
53	495
53	971
53	1191
53	1578
53	1836
54	551
54	779
54	1493
54	1794
55	1673
55	1848
56	114
56	1114
56	1436
56	1861
57	516
57	1386
57	1414
58	240
58	1023
58	1153
58	1709
59	455
59	569
59	922
59	1317
59	1604
59	1839
60	134
60	162
60	953
60	1763
61	639
61	891
62	514
62	721
62	943
62	1157
62	1597
63	263
63	640
63	1147
63	1542
64	403
64	660
64	831
64	1401
64	1539
65	197
65	308
65	845
65	859
65	1312
66	461
66	835
67	1571
68	247
68	781
68	1018
68	1191
69	386
69	1293
69	1408
70	443
70	1803
71	134
71	759
71	1209
71	1361
71	1707
71	1833
72	116
72	383
72	970
72	1004
72	1053
72	1650
72	1722
73	156
73	476
73	663
73	1075
73	1324
74	183
74	522
74	587
74	592
74	672
74	1439
75	711
75	1326
75	1474
75	1589
75	1852
76	318
77	675
77	976
78	236
78	775
78	817
78	897
78	1399
79	438
79	511
79	654
79	658
79	1309
79	1751
80	794
80	845
80	907
80	920
80	1134
80	1176
81	409
81	890
81	1368
82	109
82	117
82	619
82	659
82	679
82	954
82	976
82	1059
82	1072
82	1380
82	1531
82	1629
83	801
84	168
84	271
84	1386
84	1804
85	340
85	351
85	1528
85	1669
85	1862
86	207
86	838
86	1028
86	1463
87	747
87	876
87	964
87	1833
88	701
88	1678
89	1653
90	1888
91	621
91	663
91	1535
91	1584
92	173
92	225
92	395
92	1073
92	1714
92	1741
93	464
93	710
93	1505
93	1554
94	305
94	603
94	830
94	1516
95	165
96	700
96	1859
97	176
97	202
97	289
97	613
97	768
97	801
97	898
98	726
98	952
98	967
98	1182
99	434
99	1828
100	389
100	576
101	236
101	970
102	416
102	1013
102	1234
103	124
103	188
103	328
103	744
103	992
104	167
104	412
104	490
104	519
104	628
104	655
104	983
104	1234
104	1313
104	1830
104	1865
105	939
106	169
106	1254
106	1436
106	1608
106	1685
106	1687
106	1707
107	286
107	371
107	440
107	1412
108	544
108	626
108	1342
109	132
109	703
109	1113
109	1782
110	427
110	511
111	164
111	856
111	988
111	1187
111	1495
111	1841
112	373
112	1456
112	1824
113	724
113	761
113	819
113	1739
114	896
114	1677
114	1879
115	515
115	573
115	675
115	1330
116	238
116	728
116	1321
116	1433
116	1529
116	1895
116	1898
117	303
117	704
117	1145
118	127
118	252
118	502
118	527
118	1016
118	1200
118	1515
118	1603
119	279
119	1284
119	1836
119	1842
120	137
120	188
120	666
120	1027
120	1126
120	1318
120	1352
120	1800
121	179
121	1137
121	1596
122	829
122	1100
122	1427
122	1443
123	312
123	370
123	536
123	662
123	717
123	786
123	1492
123	1765
124	454
124	576
124	614
124	754
124	1402
125	179
125	483
125	835
125	1296
125	1577
125	1777
126	327
126	793
126	1672
127	808
127	842
127	865
127	980
127	1888
128	365
128	595
129	182
129	228
129	1493
129	1829
130	1283
130	1771
131	396
131	401
131	1188
131	1852
132	446
132	543
132	1187
132	1718
133	402
133	1100
134	168
134	627
134	630
134	1403
134	1415
134	1694
135	993
136	1227
136	1492
136	1896
137	174
137	294
137	333
137	1534
138	491
138	1676
139	1205
139	1280
140	732
140	1019
140	1244
140	1536
141	203
141	371
141	779
141	1258
142	240
142	391
142	1227
142	1693
142	1728
142	1734
142	1834
143	1276
144	249
144	369
144	488
144	872
144	1017
144	1229
144	1357
145	256
145	744
145	1028
145	1390
145	1443
145	1480
145	1536
146	175
146	375
146	429
146	1624
146	1761
147	545
147	1440
148	170
148	1457
149	257
149	408
149	840
149	891
149	948
149	1215
150	1063
150	1557
150	1682
151	299
151	1502
152	243
152	461
152	690
152	837
152	1395
152	1397
152	1681
153	245
153	1237
153	1797
154	206
154	948
154	1361
154	1543
154	1553
154	1586
155	1499
156	854
156	1620
157	1433
158	279
158	571
158	910
159	217
159	330
159	1248
160	1569
161	897
161	1586
162	490
162	1407
163	368
163	561
163	1508
164	255
164	1486
164	1498
165	354
165	692
165	698
165	717
165	931
165	962
165	997
165	1315
166	878
166	936
166	1311
166	1386
166	1543
166	1621
167	224
167	638
168	1318
168	1452
169	322
169	1716
169	1839
169	1876
170	273
170	283
170	1243
170	1326
171	487
171	1033
171	1168
172	402
172	632
172	1142
173	252
173	280
173	307
173	339
173	346
173	884
174	910
174	1323
175	587
176	643
176	1078
176	1416
176	1622
177	334
177	390
177	1043
178	744
178	796
178	980
178	1137
178	1161
178	1286
178	1675
179	279
179	953
179	1891
180	1386
180	1677
181	488
181	856
181	1026
182	472
182	733
182	1546
182	1555
182	1676
183	1260
183	1335
184	254
184	405
184	1179
184	1355
184	1752
185	441
185	852
185	1175
185	1518
185	1711
186	721
186	1111
186	1216
186	1280
186	1393
186	1574
186	1590
187	227
187	1461
187	1756
187	1883
188	610
188	1237
188	1353
188	1881
189	1116
189	1350
189	1435
189	1482
189	1582
189	1722
190	390
190	1281
191	926
191	1076
191	1726
191	1778
191	1849
191	1858
192	849
193	1436
194	700
194	1193
195	1001
196	996
196	1542
196	1874
197	1271
197	1315
198	235
198	836
198	1054
198	1581
199	854
199	924
199	1008
200	755
201	467
201	625
201	830
202	312
202	489
202	993
202	1074
202	1834
203	245
203	315
203	1193
203	1326
203	1347
203	1761
204	593
204	625
204	933
204	1485
204	1513
204	1790
205	442
205	540
205	1790
206	891
206	1138
206	1604
207	294
207	1326
208	453
208	643
208	1787
208	1818
209	304
209	661
209	1125
209	1455
209	1604
210	277
210	787
210	1358
210	1496
210	1757
211	836
211	1126
211	1513
211	1545
211	1547
211	1617
211	1714
212	563
212	643
212	777
212	1113
213	471
213	1219
213	1417
214	737
214	1209
214	1341
214	1481
214	1861
214	1878
215	279
215	294
215	411
215	432
215	886
215	1594
216	316
216	335
216	513
216	1336
216	1375
216	1412
217	384
217	578
217	800
218	1297
218	1552
219	332
219	385
219	404
219	438
219	490
219	658
219	984
219	1048
219	1544
219	1603
219	1613
220	968
220	1036
220	1079
220	1834
221	325
221	328
221	383
221	491
221	1274
221	1320
222	1654
223	225
223	656
223	1333
223	1414
223	1554
224	228
224	244
224	1868
225	702
225	775
225	1117
225	1294
225	1496
225	1886
226	531
226	1152
227	593
227	1014
227	1269
228	776
228	976
228	1091
228	1729
228	1769
228	1780
229	294
229	402
229	519
229	1119
229	1508
229	1623
230	315
230	1034
230	1066
231	1307
231	1466
231	1556
232	559
232	869
232	1055
232	1809
233	1427
234	263
234	286
234	459
234	672
234	994
234	1651
235	553
235	758
235	965
235	1186
235	1462
236	984
236	1327
236	1474
236	1651
237	446
237	822
238	811
238	1059
238	1430
238	1439
238	1708
239	316
239	373
239	490
239	829
239	967
239	1148
239	1177
239	1571
239	1576
240	712
240	907
240	1181
240	1437
241	787
242	900
243	263
243	834
243	1041
244	294
244	451
244	456
244	802
244	1571
245	285
245	350
245	677
245	1106
245	1247
245	1329
246	1435
246	1664
247	541
247	629
247	815
247	1236
247	1303
247	1460
247	1560
247	1729
248	529
248	925
248	983
248	1529
248	1679
249	312
249	472
249	677
249	1213
249	1225
249	1272
249	1354
250	374
250	1655
251	345
251	566
252	311
252	399
252	538
252	608
252	620
253	296
253	998
253	1073
253	1363
253	1816
254	374
254	601
254	1434
255	277
255	445
255	514
255	1583
255	1787
256	1197
257	407
257	1071
257	1398
257	1539
258	349
258	765
258	1053
258	1525
259	846
259	946
259	1194
259	1817
260	272
260	320
260	468
260	522
260	621
260	1426
261	695
261	890
261	995
261	1197
261	1349
262	1434
262	1815
263	1104
263	1268
263	1438
264	1091
264	1438
264	1732
264	1813
264	1827
265	570
265	861
265	1510
265	1730
266	1016
266	1037
266	1218
266	1244
266	1777
267	282
267	546
267	1300
267	1736
267	1776
268	1017
268	1416
268	1450
268	1515
269	1055
270	1042
271	543
271	569
271	1114
271	1205
272	403
272	525
272	1203
272	1275
273	1276
273	1444
274	569
274	861
274	930
274	1154
274	1378
274	1797
274	1846
274	1867
275	1082
275	1493
275	1649
275	1824
276	933
277	544
277	1056
278	574
278	1701
278	1817
279	433
279	1061
279	1090
279	1398
280	408
280	759
280	859
280	980
280	1408
282	668
282	1743
283	425
283	778
283	1836
284	695
284	782
284	998
284	1009
284	1239
284	1626
285	756
285	1182
285	1579
286	508
286	525
286	829
286	1431
287	312
287	429
287	654
287	1443
287	1886
288	512
288	514
288	1112
288	1551
289	1000
290	587
290	1318
290	1360
290	1749
291	311
291	428
291	599
291	850
291	1138
291	1205
291	1613
292	1660
293	386
293	543
293	663
293	1078
293	1322
294	434
294	718
294	745
294	1229
294	1391
294	1432
294	1589
294	1663
295	861
295	1278
295	1886
296	1169
297	1260
297	1455
298	839
299	1065
299	1072
299	1204
299	1899
300	317
300	597
300	1062
300	1183
300	1231
300	1705
301	416
301	638
301	1125
301	1309
301	1351
302	323
302	746
302	856
302	1594
302	1674
303	651
303	1044
303	1582
303	1650
304	689
304	1292
304	1772
305	386
305	464
305	1037
305	1078
305	1111
306	887
306	1538
306	1677
306	1733
307	373
307	453
307	462
307	621
307	1292
308	537
309	516
309	571
309	575
309	620
309	691
309	826
309	1666
310	505
310	594
310	991
310	1249
311	655
311	1160
312	620
313	1315
314	696
314	913
315	406
315	786
315	1089
315	1784
316	430
316	464
316	969
317	717
317	1259
317	1395
318	724
318	775
318	1133
318	1215
318	1829
319	672
319	745
319	1151
319	1379
319	1839
319	1878
320	466
320	768
320	925
320	1021
320	1037
320	1120
320	1390
320	1412
320	1484
320	1742
320	1888
321	324
322	756
322	1503
322	1598
323	939
323	1071
323	1622
324	637
325	1399
325	1549
325	1815
326	1288
326	1451
326	1621
326	1625
327	390
327	428
327	669
327	1200
327	1250
327	1795
328	478
328	1373
329	451
329	574
329	1048
329	1338
329	1753
330	359
330	456
330	1216
330	1669
331	1362
331	1396
331	1566
332	1078
332	1464
332	1700
333	337
333	358
333	859
333	951
333	1362
333	1615
333	1880
333	1896
334	800
334	808
334	982
334	1649
334	1731
334	1781
334	1792
335	981
336	1022
336	1087
336	1238
336	1506
336	1554
337	1298
337	1520
338	700
338	702
338	756
338	1582
339	856
339	1073
339	1711
340	780
341	1149
341	1281
341	1869
342	545
342	742
342	1138
342	1791
343	1070
343	1252
344	1839
345	683
345	1511
345	1654
346	420
346	1116
346	1118
346	1532
347	970
347	1195
347	1514
348	639
348	1124
348	1158
348	1253
348	1539
349	440
349	914
349	992
349	1091
350	1094
350	1336
350	1511
350	1863
351	638
351	651
351	677
351	694
351	984
351	986
351	1018
351	1202
351	1469
351	1749
351	1843
351	1855
352	1097
352	1536
353	845
353	981
354	1155
355	474
355	1107
355	1803
356	503
356	1284
356	1415
357	443
357	545
357	1233
357	1281
357	1699
358	1063
358	1094
358	1161
358	1518
358	1604
358	1810
359	557
359	1764
360	818
360	897
361	765
361	1125
362	1485
362	1651
363	1282
363	1822
363	1828
364	596
364	1034
364	1492
364	1506
365	1109
365	1459
365	1789
366	1033
366	1262
366	1416
366	1650
367	521
367	994
368	902
368	998
368	1196
368	1204
368	1255
368	1398
368	1662
368	1714
369	444
369	628
369	933
369	1338
370	926
370	940
370	1005
370	1397
371	747
371	785
371	805
371	1250
371	1775
371	1834
372	452
372	703
372	881
372	1333
372	1467
372	1680
373	780
373	1416
373	1503
374	729
374	1058
374	1224
374	1348
375	600
375	1319
376	843
376	924
376	1094
377	747
377	1421
377	1534
377	1661
378	1023
378	1847
379	804
379	1162
379	1397
379	1421
380	1531
381	588
381	956
381	963
382	423
382	1106
382	1317
382	1387
382	1513
382	1809
383	869
383	1445
384	547
384	1195
384	1331
384	1886
385	470
385	680
385	1665
386	489
386	1030
386	1533
387	686
387	1733
388	752
389	769
389	1698
390	675
390	761
390	862
390	1418
391	531
391	1154
391	1185
391	1262
392	1229
392	1251
393	581
393	1768
394	1111
394	1679
395	949
395	1503
395	1531
395	1822
395	1849
396	435
396	602
396	903
396	1520
397	875
397	1485
398	634
398	785
398	1027
398	1035
398	1789
399	445
399	688
399	700
400	716
401	580
401	954
401	994
402	1008
402	1049
402	1558
403	1138
403	1783
403	1821
404	440
404	1512
404	1629
407	438
407	557
407	583
407	1378
407	1672
408	893
409	922
409	1234
409	1280
409	1314
409	1327
409	1378
409	1620
409	1834
410	741
410	1092
410	1835
412	922
412	956
412	1571
412	1790
413	1168
413	1373
414	900
414	922
414	1490
414	1571
415	895
415	929
415	1050
415	1708
416	1247
416	1362
416	1452
416	1637
417	545
417	698
417	780
417	1546
417	1646
418	600
418	845
418	1099
418	1435
418	1444
418	1599
419	1030
419	1296
419	1598
420	1019
420	1273
420	1332
420	1454
420	1618
421	481
421	771
421	1004
422	734
422	1193
422	1482
422	1716
423	678
423	1172
423	1862
424	710
424	721
424	980
424	1007
425	451
425	798
425	806
426	1383
426	1536
426	1606
426	1655
427	457
427	477
427	1072
427	1465
428	599
428	1203
428	1709
428	1876
429	1580
430	761
430	762
430	1325
431	516
431	1401
432	690
432	788
432	1880
433	513
433	1167
433	1556
433	1580
433	1617
433	1866
434	993
434	1387
434	1807
435	587
435	1225
435	1315
436	616
436	1116
436	1627
436	1899
437	906
437	1044
437	1466
437	1575
438	1263
438	1336
439	470
439	749
439	958
439	985
439	1840
440	1194
440	1275
440	1815
441	569
441	1872
442	1177
442	1336
443	828
443	1079
443	1381
444	850
444	1146
445	865
445	1037
445	1448
445	1479
446	1850
447	880
447	1362
447	1464
448	636
449	880
449	1150
449	1358
450	721
450	775
450	818
450	1139
450	1246
450	1332
451	476
451	686
451	998
451	1384
451	1428
451	1539
452	1208
453	1450
454	669
454	767
454	1156
454	1183
454	1199
455	584
455	706
455	857
455	1753
456	1509
456	1555
457	1546
457	1637
458	1068
459	955
459	1071
459	1393
459	1606
459	1611
460	814
460	852
460	971
460	1162
461	731
461	1245
461	1753
462	715
462	1500
462	1664
463	822
463	1645
464	469
464	686
464	1044
464	1226
464	1532
465	877
465	1398
465	1521
466	660
466	755
466	1009
466	1117
467	1131
468	1309
468	1367
468	1420
469	590
469	626
469	845
469	1570
469	1649
470	1313
470	1340
470	1417
470	1785
470	1883
471	727
471	745
472	546
472	857
472	1280
472	1671
472	1827
473	647
473	896
473	1012
474	1178
475	1062
475	1417
476	1634
476	1757
477	744
477	822
477	830
477	1453
478	628
478	908
478	1592
478	1649
478	1857
479	1094
480	595
480	1155
480	1214
480	1236
481	606
481	663
481	1129
481	1197
481	1225
481	1880
482	549
482	803
482	1057
482	1427
482	1447
482	1847
483	938
483	1500
483	1607
483	1709
484	782
484	929
484	992
484	1087
484	1445
484	1545
485	569
485	1289
486	539
486	1563
486	1647
486	1696
487	772
487	866
487	873
487	1586
488	583
488	652
488	873
488	1117
488	1165
489	852
489	1498
489	1823
490	524
490	584
490	1639
491	1158
492	639
492	664
492	775
492	1002
492	1254
492	1796
493	1157
493	1425
493	1789
494	861
494	1197
494	1494
495	1130
495	1786
496	1729
497	875
497	1521
498	1442
499	1230
500	1269
500	1270
500	1273
500	1692
501	733
502	979
502	1406
502	1478
503	708
504	1083
505	581
505	693
505	908
505	1071
505	1332
505	1392
505	1754
506	1448
506	1772
506	1779
507	796
507	877
507	1158
507	1311
507	1834
508	683
508	718
508	1873
509	1275
509	1590
509	1675
510	1117
510	1359
511	636
511	1009
511	1132
511	1307
511	1758
511	1831
512	741
512	1500
512	1867
513	529
513	786
513	864
513	1183
514	674
514	783
514	1008
515	730
515	788
515	948
515	1143
515	1225
516	592
516	781
516	820
516	931
516	1109
516	1318
516	1530
517	521
518	774
519	604
519	620
519	942
519	1203
519	1489
520	1119
521	591
521	1116
521	1481
521	1873
522	918
522	1776
523	661
523	841
523	1576
524	713
524	736
524	1003
524	1019
524	1125
524	1220
524	1760
525	1357
526	662
526	1170
526	1723
527	551
527	793
527	913
527	1135
527	1426
527	1438
527	1457
528	1052
528	1421
528	1547
528	1795
528	1816
529	881
529	1120
529	1125
529	1323
530	649
530	694
530	1671
531	565
531	1257
531	1375
531	1569
532	976
532	1249
532	1257
532	1500
532	1524
532	1837
532	1864
533	679
533	763
533	912
533	1006
533	1821
533	1859
534	1407
534	1506
535	779
535	988
535	1199
535	1718
536	882
536	1077
536	1384
536	1614
536	1642
537	636
537	964
537	1049
537	1381
538	1156
538	1223
538	1256
539	728
539	846
539	1437
540	675
540	1203
540	1231
540	1261
540	1897
541	1228
541	1253
541	1875
542	805
542	1275
543	955
543	1002
543	1048
543	1322
543	1743
543	1759
543	1773
544	1180
544	1181
544	1221
544	1359
544	1493
545	895
545	974
545	978
545	1170
545	1471
546	1601
547	572
548	574
548	1208
548	1219
548	1378
548	1843
549	1498
550	715
550	762
550	935
550	1030
550	1113
550	1658
551	875
552	851
552	1155
552	1294
552	1486
552	1703
554	672
554	1350
554	1771
555	917
555	1020
556	786
556	793
556	1669
557	1344
558	775
558	1676
558	1896
559	854
559	1679
560	863
560	977
560	1079
560	1296
560	1834
561	1598
561	1823
562	784
562	1460
562	1542
562	1571
563	609
563	972
563	1021
563	1251
563	1376
564	738
564	975
564	1055
564	1221
564	1303
564	1399
564	1843
565	765
565	1132
565	1152
565	1203
565	1714
566	981
567	1527
568	1019
569	797
569	1035
569	1088
569	1221
569	1360
569	1704
570	763
570	932
570	1373
570	1446
570	1553
570	1629
570	1729
571	1243
572	703
572	794
572	838
572	1197
573	1455
575	754
575	764
575	969
576	639
576	662
576	1274
577	870
577	1699
578	662
578	1189
578	1203
578	1217
579	632
579	1077
579	1371
579	1594
580	796
581	732
581	1007
581	1379
581	1419
582	1069
582	1613
582	1771
583	1067
583	1178
584	952
584	1045
584	1288
584	1397
585	1312
586	1068
586	1459
586	1796
587	1419
587	1422
588	646
589	1542
590	1051
590	1091
590	1724
590	1837
592	710
592	732
592	1104
592	1789
593	913
593	964
593	1036
593	1416
593	1849
594	1445
595	893
595	970
595	1252
595	1536
595	1655
595	1837
597	814
597	1440
597	1527
597	1878
598	791
598	916
598	1342
598	1494
598	1663
599	600
599	685
599	1040
599	1104
600	767
600	845
600	1522
600	1538
600	1789
600	1812
600	1861
601	748
601	1048
601	1093
601	1594
601	1634
601	1870
602	623
602	1343
602	1665
602	1766
602	1856
603	1374
605	1371
605	1507
605	1535
605	1760
606	750
606	784
606	792
606	1854
607	653
607	1053
607	1115
607	1361
607	1765
607	1767
608	1537
608	1729
609	739
609	1670
610	979
610	1078
610	1410
610	1720
611	1473
612	1704
614	670
614	1271
614	1322
614	1468
615	646
615	1590
615	1694
616	1145
616	1212
616	1831
617	836
617	865
618	903
618	932
619	934
619	1778
620	1275
620	1742
620	1818
621	852
621	1068
621	1418
621	1597
621	1841
621	1889
622	1129
622	1140
622	1316
622	1489
622	1667
622	1789
622	1843
623	762
623	1633
624	1204
624	1809
625	735
625	1171
625	1564
626	1539
626	1622
626	1684
626	1845
627	658
627	679
627	800
627	1439
628	835
628	1134
629	1076
629	1215
629	1762
629	1870
630	642
630	643
630	922
630	1300
630	1458
631	917
631	1358
633	1491
633	1596
634	1055
634	1284
634	1508
634	1791
635	949
635	1818
636	1647
636	1759
637	800
637	1340
637	1431
637	1455
637	1466
637	1486
637	1767
637	1877
638	691
638	1417
639	707
639	1292
639	1632
640	1025
640	1816
641	822
642	661
642	1017
642	1727
642	1881
643	1571
644	1004
644	1739
644	1871
645	1157
646	1074
646	1109
646	1379
646	1537
647	785
647	1212
648	762
648	922
649	1068
650	736
650	870
650	1068
650	1177
650	1872
651	807
651	1115
652	793
652	1805
653	865
653	1019
654	748
654	1487
655	973
655	1453
655	1488
655	1633
656	1769
657	1067
657	1319
657	1406
657	1838
658	725
658	1110
658	1318
658	1458
658	1612
659	870
660	942
660	1418
661	717
661	737
661	784
661	1395
661	1602
661	1773
662	741
662	1266
662	1737
663	1136
663	1539
663	1777
664	1114
664	1444
664	1571
664	1701
665	946
665	1223
666	876
666	1265
666	1700
667	843
667	1274
667	1441
669	1491
670	722
670	1681
670	1861
671	1098
671	1226
671	1885
673	919
673	1447
673	1561
674	1350
674	1534
674	1547
674	1648
676	974
676	1409
677	1266
677	1332
677	1849
678	1539
679	870
679	1356
679	1439
680	1018
680	1025
680	1399
680	1555
680	1564
681	1280
682	764
682	1150
682	1240
682	1269
682	1723
682	1770
682	1804
683	1648
683	1863
684	1102
684	1156
684	1310
685	1259
686	1159
686	1341
686	1665
687	810
688	1436
688	1573
689	1163
689	1877
690	812
690	974
690	996
690	1098
690	1306
690	1416
691	949
691	1685
692	714
692	922
692	1224
692	1429
692	1553
692	1573
693	1832
694	1284
694	1328
694	1753
695	734
695	1563
695	1634
696	1851
697	762
697	883
697	1002
697	1557
698	947
698	1355
699	948
699	982
700	742
701	838
701	961
701	1506
701	1674
701	1760
702	1138
702	1229
702	1445
702	1484
703	1076
703	1332
703	1452
703	1749
704	1329
704	1552
704	1671
705	1540
705	1878
706	715
706	831
706	900
706	928
706	1833
707	1262
707	1353
707	1506
707	1757
707	1775
708	759
708	791
708	1775
708	1804
709	1183
709	1596
709	1769
710	793
710	1075
710	1709
711	1038
712	898
713	994
713	1233
713	1392
714	746
714	848
714	1337
714	1394
714	1513
715	1662
716	768
716	1617
717	936
717	1223
717	1585
718	1422
719	1499
719	1541
719	1709
720	964
720	1549
720	1649
721	914
721	1307
722	1687
722	1872
723	760
723	1312
724	966
724	1606
725	818
725	871
725	1323
725	1570
726	1511
727	973
727	1373
727	1430
727	1769
728	1361
728	1761
729	792
729	1240
729	1359
729	1711
729	1822
730	1376
730	1628
730	1634
730	1889
731	1190
731	1503
732	902
733	1475
733	1815
733	1820
734	1518
735	1217
735	1420
735	1711
735	1897
736	929
736	1303
737	1058
737	1873
738	1724
738	1726
739	1288
739	1408
739	1875
740	1338
740	1502
740	1652
740	1760
741	916
741	1245
742	848
742	881
742	927
742	1517
743	958
743	1041
743	1189
743	1447
743	1587
743	1678
743	1762
745	868
745	1067
745	1464
746	878
746	1057
746	1232
747	800
747	1467
747	1836
748	1316
749	751
749	769
749	1178
749	1338
749	1397
749	1637
750	1463
750	1748
750	1801
751	1399
751	1732
752	968
753	982
754	980
754	1002
754	1243
754	1313
754	1363
754	1377
755	1387
755	1719
755	1890
756	930
756	995
756	1096
756	1564
757	865
757	1133
757	1158
757	1229
757	1340
757	1560
757	1815
758	814
759	1232
759	1407
760	1117
760	1334
760	1615
761	790
761	1206
761	1551
761	1762
761	1873
763	1197
763	1226
764	1580
765	993
766	1190
766	1535
767	820
767	842
767	1742
767	1752
767	1785
768	1733
769	1029
769	1047
770	778
770	931
771	793
771	904
771	1286
771	1299
771	1573
771	1655
771	1690
771	1798
772	1258
773	1886
774	811
774	1242
774	1382
774	1426
774	1749
775	814
775	1521
775	1895
776	1008
776	1886
777	1594
777	1716
777	1854
778	792
778	834
778	848
778	1837
779	805
780	1624
780	1665
781	1007
781	1530
782	1339
783	1249
783	1264
783	1292
783	1738
784	1202
784	1505
785	1076
785	1811
786	1105
787	984
787	995
787	1109
787	1862
788	1183
788	1821
789	1149
789	1598
790	1554
790	1594
790	1638
791	1823
792	847
792	1090
793	1420
793	1669
795	1101
795	1326
795	1536
795	1620
796	1890
797	977
798	1395
798	1398
799	1142
799	1302
799	1537
800	1009
800	1435
800	1462
800	1778
801	968
801	1159
802	1070
802	1318
802	1595
802	1808
803	870
803	1354
803	1364
804	1331
805	1496
805	1536
805	1672
806	1333
806	1352
806	1429
807	1262
807	1276
808	962
808	1331
808	1643
808	1810
809	1832
810	1148
810	1333
810	1582
810	1712
812	1020
812	1204
812	1657
812	1749
813	975
813	1428
813	1508
814	1411
815	1307
815	1361
815	1498
815	1841
816	1686
817	1577
818	915
818	1325
818	1482
819	1286
820	939
820	1113
820	1618
820	1648
820	1769
820	1828
821	855
821	1030
821	1054
822	1606
823	1335
824	1574
825	906
825	1004
825	1127
825	1574
826	1003
826	1447
827	993
827	1408
827	1582
827	1731
828	1434
829	1134
829	1180
829	1207
829	1302
830	1074
830	1108
830	1201
830	1536
830	1839
831	857
831	1011
831	1160
831	1868
832	944
832	1336
833	1067
833	1238
833	1424
834	1783
835	1008
835	1086
836	860
836	1179
837	1389
837	1674
838	1793
839	1891
840	1087
840	1279
841	1779
841	1889
842	1351
842	1402
842	1541
842	1584
843	910
843	1105
843	1407
843	1514
843	1881
844	1088
844	1463
844	1490
845	1479
845	1892
846	1551
846	1845
846	1862
847	899
847	1355
848	856
848	1164
848	1478
849	1496
849	1650
850	891
850	1347
851	1160
851	1311
851	1595
851	1808
852	925
852	961
852	1658
852	1774
852	1800
853	885
853	1750
854	907
854	950
854	1463
855	1759
855	1790
856	996
856	1771
856	1832
856	1844
857	995
857	1330
858	969
858	1064
858	1261
861	983
861	1499
862	1290
862	1548
863	1104
863	1664
864	1151
864	1580
865	1326
866	983
866	989
866	1092
866	1233
867	951
867	1589
868	985
868	1652
869	1394
869	1430
869	1777
870	1337
871	1393
871	1576
873	920
873	1132
873	1163
874	1027
874	1148
874	1269
874	1785
875	1225
875	1344
875	1429
876	1169
876	1414
877	1857
878	1154
878	1513
878	1780
878	1847
879	1032
879	1390
879	1672
879	1785
880	1436
880	1578
880	1879
881	1250
882	1150
882	1236
882	1742
883	1773
884	1207
884	1257
884	1400
884	1636
884	1654
886	1204
886	1260
886	1343
887	899
887	1371
888	1065
888	1256
888	1457
888	1674
889	1498
889	1637
889	1689
890	1020
890	1545
890	1763
891	1480
891	1661
892	994
892	1598
892	1750
893	1301
893	1646
894	896
894	1877
897	1183
897	1718
898	1609
898	1671
901	1530
901	1544
902	986
902	1770
903	1446
903	1535
903	1664
903	1860
904	1303
904	1388
905	1513
905	1544
906	1106
906	1129
906	1207
906	1471
906	1634
906	1748
907	1622
907	1655
907	1716
908	932
908	982
908	1816
909	941
909	1137
909	1649
910	1118
910	1378
911	1266
911	1394
911	1593
911	1742
912	1566
912	1780
914	918
914	945
914	1026
914	1618
914	1667
914	1738
915	960
915	1128
915	1410
915	1818
916	1116
916	1267
918	1735
918	1793
919	1089
919	1441
919	1658
920	1374
920	1470
920	1529
921	1601
921	1646
921	1691
922	1367
923	1244
923	1446
923	1536
923	1563
923	1877
924	1251
924	1819
925	960
926	1048
926	1418
926	1668
927	978
927	1107
927	1505
928	1175
928	1469
928	1595
928	1760
929	1161
930	1088
930	1432
930	1778
931	1360
931	1666
931	1742
931	1778
932	991
932	1797
933	1009
934	1062
934	1165
934	1188
934	1358
934	1676
935	1118
936	994
936	1077
936	1346
936	1859
937	1331
937	1570
937	1682
938	1474
938	1488
938	1764
939	1065
939	1075
939	1103
939	1702
940	1022
940	1255
940	1322
940	1728
941	1591
941	1851
942	1837
943	1020
943	1415
943	1612
945	1330
947	1211
947	1700
948	1297
948	1785
949	1349
949	1399
950	1769
951	1068
951	1294
951	1515
951	1756
952	1139
952	1415
952	1681
952	1686
953	1156
953	1332
953	1719
954	1510
955	1173
955	1388
955	1438
955	1838
956	1362
956	1706
957	1665
957	1676
957	1735
958	1213
959	1319
959	1538
959	1659
960	1157
961	1101
962	1071
962	1526
962	1537
963	1207
963	1381
963	1510
963	1849
964	1204
964	1236
964	1256
964	1690
966	1860
967	1128
968	1173
968	1449
968	1488
968	1523
968	1591
969	1327
969	1503
969	1774
970	997
970	1096
971	1723
971	1876
975	1139
975	1866
976	1699
977	1578
978	1022
979	1162
979	1186
979	1348
979	1777
980	1625
981	1079
981	1166
981	1473
981	1881
983	1063
983	1839
983	1843
983	1887
984	1572
986	1085
986	1158
987	1644
987	1890
988	1419
988	1542
989	1075
989	1224
989	1432
989	1695
989	1738
990	1005
990	1093
990	1483
990	1514
990	1828
991	1024
991	1183
991	1299
991	1827
992	1412
993	1255
993	1303
993	1640
993	1774
994	1475
994	1589
994	1642
994	1851
995	1173
996	1830
997	1097
997	1181
997	1185
998	1397
999	1195
1001	1042
1001	1102
1001	1316
1002	1168
1003	1859
1004	1135
1004	1169
1004	1361
1004	1482
1004	1665
1004	1730
1005	1647
1005	1841
1006	1515
1007	1037
1007	1515
1007	1632
1009	1063
1009	1411
1010	1495
1011	1513
1012	1100
1012	1259
1012	1591
1013	1332
1014	1432
1014	1748
1015	1019
1016	1512
1016	1706
1016	1869
1017	1079
1018	1621
1018	1833
1018	1895
1019	1225
1019	1414
1019	1639
1019	1795
1019	1850
1021	1145
1024	1447
1024	1498
1025	1511
1025	1807
1025	1817
1026	1620
1026	1663
1026	1841
1027	1279
1027	1596
1028	1228
1028	1305
1028	1707
1028	1774
1028	1839
1030	1123
1030	1584
1030	1806
1031	1374
1032	1126
1032	1475
1032	1495
1033	1340
1034	1395
1035	1324
1036	1312
1036	1874
1037	1039
1038	1042
1038	1497
1038	1825
1039	1566
1041	1079
1041	1285
1042	1334
1042	1376
1043	1487
1044	1051
1044	1200
1044	1234
1044	1585
1044	1599
1044	1802
1045	1091
1046	1204
1046	1383
1046	1394
1047	1461
1049	1355
1050	1155
1050	1501
1050	1583
1051	1408
1052	1218
1052	1492
1052	1544
1053	1194
1053	1404
1053	1440
1053	1472
1055	1123
1055	1132
1055	1669
1056	1161
1056	1389
1056	1843
1057	1239
1059	1728
1060	1224
1060	1596
1060	1614
1061	1377
1062	1553
1063	1232
1064	1881
1065	1141
1065	1167
1065	1347
1065	1386
1065	1541
1065	1561
1066	1592
1066	1853
1068	1610
1069	1889
1070	1898
1071	1566
1071	1715
1072	1161
1072	1235
1072	1301
1072	1699
1073	1178
1073	1392
1073	1469
1073	1771
1073	1898
1074	1277
1074	1571
1074	1688
1074	1872
1075	1099
1075	1607
1075	1694
1075	1700
1076	1282
1076	1540
1078	1098
1079	1427
1079	1658
1079	1878
1080	1639
1080	1818
1081	1099
1081	1318
1082	1375
1082	1761
1082	1776
1083	1716
1083	1785
1084	1093
1085	1605
1085	1607
1085	1733
1086	1214
1087	1329
1087	1469
1088	1120
1089	1173
1089	1311
1089	1369
1091	1147
1092	1380
1093	1108
1093	1186
1093	1200
1093	1430
1094	1310
1094	1692
1095	1243
1095	1627
1096	1105
1096	1184
1097	1768
1097	1778
1098	1564
1099	1135
1099	1199
1099	1536
1100	1417
1101	1793
1102	1158
1102	1286
1103	1167
1105	1304
1106	1734
1106	1757
1107	1210
1107	1265
1107	1730
1108	1150
1108	1283
1108	1596
1108	1701
1109	1539
1109	1783
1111	1601
1111	1620
1112	1328
1113	1444
1116	1472
1116	1607
1116	1777
1117	1686
1118	1225
1118	1437
1118	1672
1118	1699
1119	1442
1119	1622
1121	1558
1122	1252
1122	1602
1124	1154
1124	1268
1124	1835
1125	1758
1127	1410
1127	1448
1127	1482
1128	1264
1128	1583
1129	1199
1129	1535
1131	1319
1131	1650
1132	1702
1133	1196
1133	1322
1133	1392
1133	1438
1133	1469
1133	1737
1135	1439
1135	1508
1136	1166
1136	1169
1136	1621
1136	1656
1136	1693
1136	1881
1137	1231
1137	1729
1137	1895
1138	1372
1138	1401
1138	1609
1138	1845
1139	1152
1139	1337
1140	1345
1140	1656
1141	1733
1142	1412
1142	1581
1142	1600
1143	1402
1143	1756
1144	1304
1144	1447
1144	1645
1145	1495
1145	1852
1147	1491
1147	1620
1147	1630
1148	1246
1148	1809
1148	1830
1149	1242
1149	1377
1150	1728
1150	1762
1151	1787
1152	1552
1152	1748
1153	1677
1154	1162
1156	1163
1156	1853
1158	1194
1159	1253
1160	1720
1161	1777
1161	1826
1161	1890
1163	1277
1163	1442
1163	1476
1163	1593
1165	1171
1165	1258
1165	1270
1165	1672
1166	1512
1166	1872
1167	1621
1168	1571
1168	1845
1169	1645
1170	1412
1170	1422
1170	1590
1171	1474
1171	1826
1173	1648
1174	1431
1174	1519
1174	1574
1175	1483
1175	1882
1176	1384
1176	1687
1178	1268
1178	1275
1178	1442
1178	1882
1179	1865
1181	1391
1184	1532
1184	1877
1185	1873
1186	1793
1187	1582
1187	1634
1188	1742
1190	1228
1190	1405
1190	1487
1190	1531
1191	1202
1192	1678
1193	1325
1193	1518
1193	1528
1193	1740
1194	1316
1194	1765
1194	1809
1195	1761
1195	1856
1196	1382
1196	1401
1198	1468
1199	1291
1199	1616
1199	1750
1200	1210
1200	1776
1202	1627
1202	1835
1203	1280
1203	1643
1203	1827
1204	1357
1204	1481
1204	1717
1206	1291
1210	1587
1210	1684
1211	1828
1212	1423
1212	1665
1214	1691
1215	1404
1215	1577
1215	1619
1215	1666
1215	1758
1217	1366
1217	1419
1218	1239
1219	1784
1220	1755
1221	1246
1222	1474
1222	1766
1222	1809
1223	1489
1223	1737
1223	1834
1224	1770
1225	1624
1226	1518
1226	1608
1226	1712
1227	1492
1228	1437
1231	1585
1231	1619
1232	1575
1233	1764
1234	1483
1234	1541
1234	1545
1234	1579
1235	1812
1236	1241
1237	1267
1237	1381
1238	1538
1239	1410
1241	1267
1242	1514
1242	1696
1244	1268
1244	1753
1244	1792
1245	1686
1245	1705
1246	1358
1248	1364
1248	1559
1249	1634
1249	1667
1250	1747
1251	1332
1251	1489
1251	1875
1252	1632
1252	1820
1252	1898
1255	1370
1257	1356
1257	1620
1257	1736
1258	1369
1258	1565
1260	1690
1261	1375
1262	1272
1263	1510
1263	1860
1264	1408
1265	1583
1265	1654
1266	1572
1267	1483
1269	1726
1271	1282
1271	1594
1271	1787
1272	1325
1272	1555
1272	1869
1273	1284
1275	1312
1277	1283
1277	1410
1277	1564
1278	1392
1278	1519
1278	1653
1279	1528
1281	1321
1283	1291
1284	1532
1284	1617
1285	1488
1286	1621
1286	1738
1287	1684
1290	1747
1290	1863
1291	1347
1292	1398
1292	1572
1292	1644
1292	1828
1293	1872
1294	1311
1294	1380
1295	1799
1297	1466
1297	1750
1298	1565
1298	1707
1298	1711
1299	1463
1299	1590
1299	1834
1299	1848
1300	1520
1302	1710
1302	1836
1302	1847
1303	1859
1304	1721
1304	1781
1304	1883
1306	1625
1308	1319
1310	1683
1311	1389
1311	1637
1312	1407
1312	1561
1313	1549
1314	1519
1314	1630
1315	1338
1315	1380
1315	1468
1315	1575
1315	1734
1315	1813
1316	1857
1317	1405
1317	1517
1319	1589
1320	1436
1320	1872
1320	1879
1323	1388
1323	1405
1323	1564
1323	1644
1323	1782
1324	1860
1325	1814
1326	1615
1326	1770
1327	1810
1328	1873
1330	1765
1330	1897
1333	1665
1335	1677
1335	1889
1336	1442
1336	1473
1337	1715
1342	1418
1342	1525
1343	1511
1343	1752
1345	1457
1345	1475
1345	1534
1345	1840
1346	1424
1347	1554
1348	1588
1348	1667
1349	1369
1352	1645
1353	1684
1353	1793
1354	1567
1355	1593
1361	1477
1361	1791
1361	1824
1362	1405
1362	1623
1364	1882
1365	1460
1366	1471
1367	1683
1368	1627
1368	1671
1369	1616
1372	1512
1372	1856
1373	1598
1373	1604
1374	1811
1375	1643
1376	1422
1378	1504
1378	1621
1379	1716
1380	1424
1380	1699
1383	1458
1383	1652
1385	1561
1386	1535
1387	1430
1387	1660
1389	1390
1389	1525
1389	1564
1390	1441
1390	1552
1390	1813
1390	1826
1391	1604
1391	1789
1393	1408
1393	1489
1396	1456
1396	1474
1396	1635
1397	1412
1397	1829
1400	1467
1400	1699
1402	1637
1406	1822
1407	1412
1408	1687
1408	1789
1410	1809
1411	1659
1412	1758
1412	1801
1412	1854
1413	1666
1415	1690
1417	1439
1417	1775
1418	1508
1419	1719
1419	1762
1420	1565
1422	1496
1424	1784
1425	1435
1427	1702
1428	1676
1429	1525
1429	1733
1430	1774
1431	1522
1431	1832
1432	1732
1433	1455
1433	1561
1435	1538
1435	1647
1436	1507
1436	1684
1437	1606
1437	1647
1437	1712
1437	1744
1438	1899
1439	1656
1440	1822
1442	1788
1443	1493
1443	1618
1443	1683
1444	1716
1444	1822
1445	1553
1447	1714
1448	1740
1449	1511
1451	1637
1453	1654
1456	1870
1457	1590
1457	1713
1457	1868
1459	1895
1460	1836
1461	1510
1461	1751
1463	1760
1466	1607
1466	1806
1467	1553
1467	1592
1468	1521
1468	1532
1468	1623
1468	1667
1469	1675
1470	1835
1472	1484
1472	1631
1472	1783
1472	1807
1475	1798
1479	1742
1480	1710
1483	1648
1484	1524
1485	1623
1487	1531
1488	1638
1489	1565
1494	1646
1495	1500
1495	1828
1499	1573
1499	1692
1499	1720
1499	1846
1503	1579
1504	1768
1505	1723
1506	1515
1506	1682
1507	1521
1508	1561
1510	1773
1513	1675
1514	1618
1516	1580
1518	1638
1520	1615
1522	1809
1524	1710
1525	1634
1526	1559
1526	1634
1527	1826
1529	1774
1530	1551
1530	1889
1531	1787
1532	1535
1533	1750
1534	1898
1537	1870
1539	1555
1546	1769
1547	1595
1548	1788
1549	1591
1549	1770
1549	1854
1550	1564
1553	1841
1557	1653
1558	1695
1559	1744
1560	1561
1560	1883
1560	1899
1562	1641
1562	1780
1564	1746
1565	1697
1568	1680
1568	1745
1569	1686
1569	1860
1570	1767
1571	1582
1571	1682
1574	1660
1574	1662
1574	1742
1576	1615
1576	1847
1578	1717
1579	1630
1582	1724
1583	1806
1585	1828
1586	1615
1587	1713
1587	1777
1592	1832
1595	1831
1595	1851
1596	1696
1596	1842
1597	1854
1598	1806
1599	1683
1602	1855
1603	1859
1608	1720
1611	1673
1618	1769
1619	1664
1619	1769
1621	1764
1623	1728
1624	1894
1629	1869
1630	1730
1632	1890
1635	1828
1636	1732
1636	1775
1641	1811
1644	1724
1646	1771
1650	1777
1651	1728
1653	1871
1655	1895
1656	1740
1656	1852
1660	1728
1660	1770
1661	1729
1664	1859
1669	1699
1671	1688
1671	1813
1671	1851
1672	1703
1673	1786
1685	1812
1686	1891
1688	1710
1688	1845
1690	1788
1690	1847
1691	1846
1692	1821
1694	1717
1700	1817
1705	1837
1707	1797
1707	1813
1707	1848
1708	1718
1709	1794
1709	1875
1710	1726
1710	1748
1710	1845
1714	1866
1718	1867
1720	1767
1721	1821
1721	1862
1723	1740
1726	1813
1728	1823
1728	1860
1728	1867
1731	1893
1734	1751
1734	1791
1735	1868
1736	1786
1736	1830
1736	1854
1737	1792
1746	1899
1748	1807
1751	1814
1752	1896
1753	1782
1758	1815
1763	1839
1763	1897
1766	1852
1768	1855
1779	1808
1779	1884
1785	1881
1788	1835
1793	1849
1795	1810
1798	1897
1812	1865
1813	1827
1821	1831
1827	1834
1833	1842
1848	1879
1857	1888