0	30
0	488
0	1175
0	1874
0	1884
1	666
1	1037
1	1094
2	1082
2	1278
2	1318
2	1663
2	1860
3	115
3	285
3	293
3	686
3	919
3	967
3	1086
3	1523
4	181
4	802
4	1247
4	1490
4	1770
5	594
5	951
5	1103
5	1226
5	1279
5	1289
5	1393
5	1869
6	423
6	715
6	872
6	1626
6	1848
7	172
7	1858
8	347
8	1168
8	1334
9	585
10	72
10	213
10	578
10	1344
11	631
11	1027
11	1246
12	838
12	1250
12	1490
13	405
13	1790
14	642
14	993
14	1588
15	575
15	593
15	817
15	826
15	1199
15	1701
16	56
16	1196
16	1402
16	1502
16	1508
17	908
17	1334
17	1527
17	1615
17	1622
17	1825
18	433
18	1026
18	1065
18	1085
18	1649
19	658
19	1213
20	353
20	422
20	783
20	898
20	1751
21	206
21	945
21	1479
21	1611
21	1807
21	1896
22	179
22	327
23	1681
23	1892
24	442
24	890
24	1452
25	953
25	1048
25	1214
26	508
26	844
26	972
26	1194
26	1562
27	176
27	502
27	1515
27	1677
28	502
28	938
28	1606
28	1765
29	193
29	199
29	226
29	1250
30	887
31	674
31	1228
32	441
32	630
32	1213
33	271
33	647
33	930
34	916
34	1105
34	1161
34	1236
34	1741
35	651
35	1451
36	221
36	451
36	506
36	698
36	716
37	63
37	271
37	910
37	1094
37	1395
37	1818
38	258
38	379
38	1349
38	1685
39	213
39	388
39	1312
39	1747
40	66
40	1699
40	1847
41	375
41	467
41	688
41	1032
41	1074
41	1195
42	555
42	759
43	111
43	308
43	347
43	390
43	753
43	1035
43	1325
43	1398
44	484
44	1100
45	1177
45	1543
45	1551
46	435
46	523
46	883
47	667
47	766
47	1098
47	1253
47	1350
48	402
48	805
48	910
48	974
48	1405
48	1679
49	326
49	879
49	931
49	1352
49	1731
50	334
50	350
50	613
50	838
50	862
50	1617
51	1120
52	1152
52	1616
52	1802
52	1880
53	105
53	208
53	1091
53	1207
53	1771
53	1818
54	164
54	224
54	449
54	763
55	680
55	804
55	979
55	1656
55	1753
56	293
56	1464
56	1787
57	1394
58	868
58	947
58	954
58	1301
58	1643
59	157
59	251
59	505
59	1100
59	1494
59	1507
60	411
60	630
60	980
60	1131
60	1428
60	1887
61	1081
61	1650
62	109
62	849
62	1068
62	1376
62	1675
63	81
63	217
63	752
63	883
63	905
63	1659
64	618
64	1023
64	1206
65	1116
66	558
66	838
66	1148
66	1600
67	765
67	1528
68	74
68	1271
68	1317
68	1777
69	108
69	658
69	675
69	853
70	173
70	716
70	761
70	1497
70	1527
70	1563
71	160
71	435
71	868
71	1151
71	1255
71	1836
72	270
72	432
72	1665
73	152
73	567
73	1084
73	1364
73	1504
73	1594
73	1670
73	1711
74	206
74	347
74	1652
75	455
75	1084
75	1628
75	1803
76	415
76	482
76	534
76	936
76	1420
76	1677
77	160
78	699
78	1323
79	795
79	1018
80	150
80	405
80	997
80	1820
80	1850
81	402
81	784
81	1523
81	1898
82	306
82	550
82	621
82	1053
82	1158
82	1327
82	1542
83	651
83	984
83	1544
84	199
84	209
84	214
84	1560
84	1603
85	282
85	850
85	1179
86	288
86	1557
87	1695
88	452
88	554
88	687
89	135
89	644
89	1694
90	460
91	571
91	737
91	764
91	933
91	1303
91	1548
91	1802
92	229
92	308
92	468
92	1014
92	1831
93	491
93	821
94	293
94	1288
94	1338
94	1402
94	1467
94	1718
95	183
95	204
95	609
95	1701
96	1064
96	1290
96	1624
97	161
97	440
97	1136
98	1857
99	471
99	656
99	1188
99	1489
99	1550
100	196
100	288
100	499
100	1009
100	1565
101	352
101	805
101	1150
101	1330
102	203
102	550
102	583
102	642
102	1231
102	1317
103	622
103	816
103	1048
103	1266
103	1829
104	837
104	967
104	1089
104	1514
105	519
105	740
106	683
106	1279
106	1487
107	174
107	346
107	1601
108	379
108	1019
108	1110
108	1221
108	1603
109	1318
109	1669
109	1823
110	274
110	329
110	643
110	791
110	1139
110	1220
110	1479
110	1696
110	1802
111	1598
112	741
112	1008
112	1046
113	250
113	641
113	1101
113	1569
113	1670
114	1053
114	1156
114	1391
115	125
115	1195
116	1038
116	1459
117	655
117	1026
117	1336
118	478
118	609
118	1804
118	1828
119	1464
119	1672
120	124
120	351
120	362
120	1027
120	1045
120	1210
121	468
121	569
121	651
121	808
121	964
122	316
122	638
122	904
122	1032
122	1210
122	1406
123	548
123	898
123	1314
124	253
124	484
124	500
124	999
124	1094
124	1324
124	1487
125	158
125	416
125	1385
126	982
126	1750
126	1869
127	327
127	780
127	1418
127	1441
127	1781
128	500
128	562
128	1471
129	397
129	616
129	908
129	932
129	1298
129	1402
129	1877
130	1783
131	439
131	584
131	1142
131	1189
131	1209
131	1299
131	1635
132	1485
132	1581
132	1848
133	669
133	1057
134	741
134	1244
134	1592
134	1602
135	439
135	859
135	888
135	1022
135	1103
135	1580
136	594
136	686
137	308
137	520
137	729
137	759
137	954
138	214
138	1288
139	415
139	674
139	1238
139	1628
140	1445
140	1555
140	1597
140	1804
141	1260
141	1366
142	944
143	747
143	1548
143	1790
144	587
144	743
144	766
144	1037
145	1085
145	1216
146	210
146	1049
146	1088
146	1201
146	1373
147	329
147	898
147	925
147	1350
147	1521
147	1800
147	1805
148	830
148	1726
149	844
150	260
150	723
150	830
150	1131
150	1150
150	1225
151	836
151	1027
151	1145
151	1376
152	986
152	1069
152	1803
153	211
153	378
153	524
153	655
153	794
153	1171
153	1454
153	1507
153	1838
154	187
154	385
154	1633
155	217
155	861
155	902
155	959
155	1220
155	1652
156	343
156	749
156	1879
157	1124
158	520
158	893
158	1035
159	480
159	836
159	935
159	1131
160	1122
160	1605
160	1637
160	1706
161	275
161	882
161	1345
161	1523
161	1898
162	631
162	664
162	1233
163	164
163	1233
163	1305
163	1414
163	1502
164	446
164	934
164	1005
164	1135
164	1435
165	696
165	1083
165	1239
166	458
166	689
166	901
166	1461
166	1471
166	1611
166	1620
167	342
167	549
167	1118
167	1495
167	1804
168	961
169	765
169	779
169	1119
169	1797
170	609
170	816
170	945
170	1374
170	1415
170	1495
171	240
171	1020
171	1486
172	313
172	849
172	1129
172	1156
173	830
173	914
173	1442
174	236
174	993
174	1336
174	1509
175	378
175	510
175	825
175	1806
176	291
176	955
176	1094
176	1418
176	1739
177	304
177	1471
178	213
178	932
178	962
178	1085
179	706
179	1041
179	1541
179	1758
180	424
180	842
180	1485
180	1537
180	1544
180	1629
181	333
181	944
181	1572
181	1836
182	1616
183	512
183	773
183	1025
183	1125
183	1161
183	1767
184	321
184	921
184	1342
185	1211
185	1678
185	1803
186	455
186	807
188	485
188	846
188	1722
189	1200
190	330
190	1402
191	1128
192	200
192	557
192	1741
192	1842
192	1865
193	597
193	838
193	1762
194	260
194	1446
195	238
195	951
195	1049
195	1404
196	701
196	1698
197	1351
198	638
198	1028
198	1633
198	1716
199	312
199	764
199	885
199	1061
199	1195
199	1362
199	1645
199	1739
200	471
200	708
200	1134
200	1862
201	280
201	284
201	1237
201	1430
202	485
202	1025
202	1359
202	1834
203	997
203	1326
203	1368
203	1547
203	1774
205	375
205	532
205	862
205	1553
205	1777
206	1371
207	1256
207	1324
208	321
208	831
209	318
209	927
209	1079
209	1082
210	795
210	1057
210	1796
210	1815
211	524
211	751
211	902
211	1472
211	1872
212	356
212	960
212	1001
212	1163
212	1388
212	1389
212	1502
213	1030
213	1412
213	1773
214	572
214	1781
215	828
215	874
215	1199
215	1261
216	314
216	743
217	404
217	1263
217	1277
217	1385
218	335
218	667
218	1080
218	1265
218	1625
218	1690
218	1701
219	393
219	492
219	1810
220	419
221	262
221	1529
221	1562
222	895
222	962
222	1192
222	1638
223	289
223	592
223	922
223	956
223	1194
224	226
224	1516
225	748
225	1221
225	1728
225	1844
226	238
226	240
226	787
226	1285
226	1389
226	1506
227	673
227	869
228	260
228	551
228	580
228	1093
228	1320
228	1415
229	338
229	603
229	908
229	955
230	374
230	1470
230	1808
231	933
231	1230
231	1266
231	1272
231	1622
232	1866
233	1246
233	1573
234	1019
234	1198
234	1224
234	1350
234	1387
234	1620
235	664
235	1075
235	1153
235	1496
235	1500
236	241
236	1508
236	1600
237	1293
238	787
238	1123
238	1553
238	1790
238	1808
239	886
239	1052
239	1446
239	1553
240	689
240	713
240	904
240	1082
240	1084
240	1354
241	450
241	724
241	1124
242	528
242	553
242	561
242	637
242	1331
242	1429
242	1870
242	1874
243	529
243	580
243	928
243	1760
244	288
244	302
244	317
244	318
244	675
244	1792
245	455
245	636
245	1372
245	1826
246	1778
247	633
248	679
248	1290
248	1544
248	1637
248	1642
249	425
249	599
249	813
249	983
250	961
250	967
250	1318
251	270
251	650
251	990
251	1585
251	1800
252	846
252	1321
253	1460
253	1750
253	1853
254	1194
254	1426
254	1612
254	1826
255	337
255	1427
255	1477
256	446
256	907
256	949
256	1481
257	286
257	647
257	1276
257	1645
258	844
258	1151
258	1787
259	453
259	606
259	1135
259	1205
259	1842
260	590
260	674
260	1813
260	1833
261	291
261	334
261	624
261	1132
261	1281
262	460
262	475
262	954
263	278
263	1098
263	1158
264	487
264	516
264	634
264	707
264	710
265	889
265	991
265	1103
265	1344
265	1661
266	1673
266	1873
267	375
267	543
267	720
267	1581
267	1783
268	402
268	486
268	733
268	1090
268	1330
268	1335
268	1510
268	1722
269	760
269	949
269	1152
270	354
270	370
270	696
270	711
270	716
270	935
270	1137
270	1447
270	1570
271	1189
271	1692
272	334
272	1170
272	1354
273	382
273	601
273	617
273	844
273	1830
273	1894
274	667
275	378
275	746
275	822
275	887
275	978
275	1548
275	1626
276	327
276	337
276	402
276	705
276	1092
276	1098
276	1257
276	1505
276	1587
277	509
277	1057
277	1164
277	1447
277	1509
277	1698
277	1772
278	778
278	1117
278	1139
279	355
279	1426
280	1125
280	1227
280	1479
280	1770
281	674
281	915
281	1161
282	323
282	431
282	517
282	876
282	1044
283	403
283	898
283	1077
283	1329
283	1681
284	362
284	760
284	905
284	1086
284	1215
284	1625
284	1725
284	1846
285	493
285	508
285	650
285	1375
285	1384
286	1426
286	1564
287	297
287	405
287	447
287	1548
288	420
288	596
288	818
288	1216
289	334
290	839
290	988
290	1037
290	1317
290	1576
291	299
291	541
291	1125
291	1272
291	1678
292	418
292	521
292	1205
293	863
293	1145
293	1449
293	1522
294	332
294	611
294	1092
295	391
295	992
296	1102
296	1135
296	1363
296	1818
297	822
297	1299
297	1850
298	666
298	827
299	541
299	826
299	849
300	1652
301	1127
301	1419
301	1465
302	892
302	1230
303	579
303	811
303	995
303	1491
303	1504
304	1182
304	1434
304	1442
305	1338
305	1511
306	353
306	363
306	933
306	1194
306	1298
306	1753
307	1087
307	1231
307	1726
307	1878
308	393
308	1212
308	1766
309	397
310	494
310	793
310	1192
310	1356
310	1448
310	1467
311	427
311	1016
311	1263
311	1268
312	383
313	928
313	1443
313	1575
314	1136
314	1498
315	700
315	799
315	980
315	1595
316	979
316	1419
316	1608
317	325
317	798
317	1058
317	1439
317	1763
317	1845
318	510
318	615
318	1204
318	1754
319	392
319	1115
319	1182
319	1857
320	736
320	1292
320	1679
320	1815
320	1840
320	1845
321	609
321	1636
321	1784
322	412
322	547
322	894
323	410
323	1377
323	1429
324	1423
324	1896
325	578
325	1429
325	1695
325	1708
326	1177
326	1725
328	941
328	1287
328	1572
328	1825
329	935
330	397
331	635
331	1340
331	1661
331	1700
332	598
332	806
332	1156
332	1360
332	1510
332	1602
333	603
333	668
333	778
333	1560
334	359
334	649
334	712
334	1276
334	1459
334	1579
335	1468
335	1838
336	579
336	1073
337	499
337	738
337	1310
337	1537
338	417
339	720
339	773
339	1018
340	1052
340	1658
341	374
341	1619
341	1795
341	1839
342	1250
342	1390
343	764
343	809
343	1076
343	1181
343	1411
343	1566
343	1686
344	969
344	991
344	1345
344	1564
345	441
345	461
345	479
346	484
346	1296
346	1404
347	1382
347	1481
348	974
348	1075
348	1179
348	1338
349	519
349	737
349	1346
350	551
350	896
350	1163
350	1182
351	1103
351	1133
351	1376
351	1744
351	1822
352	1146
352	1201
352	1672
352	1722
353	1056
353	1834
354	1202
354	1435
354	1652
354	1878
355	1035
356	380
356	597
356	659
356	681
356	1370
356	1677
356	1750
356	1788
357	1200
357	1361
358	915
358	1293
358	1692
359	569
359	1063
359	1174
359	1319
359	1426
359	1568
359	1857
360	861
360	1109
360	1356
360	1800
360	1859
361	614
361	761
361	842
361	1195
361	1258
361	1406
362	743
363	497
363	788
363	1437
364	603
364	1743
365	1407
365	1582
365	1634
365	1701
366	695
366	790
366	1843
367	499
367	971
367	1688
367	1779
367	1802
368	739
368	1623
369	387
369	906
369	1111
370	381
370	1427
371	630
371	687
371	811
371	913
371	982
372	806
372	810
373	814
373	1137
373	1187
373	1735
374	648
374	775
374	1733
375	533
375	746
375	1035
375	1139
375	1220
375	1534
375	1732
376	544
377	462
377	477
377	1334
377	1408
377	1715
378	781
378	957
379	1260
381	1418
382	1128
383	584
383	780
383	1600
383	1746
384	482
384	1485
384	1652
385	589
385	902
385	1321
385	1507
385	1612
385	1853
386	409
386	542
386	824
386	1753
386	1761
387	733
387	860
387	1246
387	1250
387	1568
387	1618
387	1766
388	462
388	1733
388	1780
389	490
389	732
389	783
389	800
389	910
390	806
390	831
391	1524
392	744
392	1168
392	1518
394	707
394	960
394	1191
394	1596
394	1729
395	412
395	431
395	475
395	489
395	1157
395	1370
395	1517
396	625
396	720
396	1656
397	499
397	823
397	992
397	1562
398	550
398	1005
398	1074
398	1375
398	1393
398	1665
399	431
399	717
399	861
399	975
399	1359
399	1417
399	1526
399	1627
399	1705
400	592
400	747
400	1390
400	1782
401	1636
402	671
402	1259
402	1301
402	1531
402	1884
403	709
404	513
404	591
404	1008
404	1199
404	1305
404	1330
405	886
405	1062
405	1385
406	776
407	659
407	920
407	1402
407	1805
408	722
408	1464
408	1549
409	816
409	1042
409	1499
409	1653
409	1756
410	524
410	734
410	1279
410	1519
411	414
411	1125
411	1278
411	1613
411	1766
411	1881
412	1000
413	481
413	508
413	1024
414	1690
414	1867
416	1016
417	479
417	1045
417	1851
418	691
418	1106
418	1260
418	1387
418	1742
419	848
419	1359
419	1625
420	540
420	762
420	912
420	926
420	1065
420	1776
421	474
421	729
421	1316
421	1601
422	1027
422	1092
422	1583
423	613
423	912
423	1164
423	1846
424	451
424	605
425	935
425	1640
426	1804
427	575
427	645
428	1533
428	1668
429	1034
429	1756
429	1881
430	939
430	1345
431	988
431	1394
432	490
432	1036
432	1177
432	1297
432	1405
432	1545
432	1891
433	566
433	1021
433	1858
434	618
435	544
435	771
435	776
435	1056
435	1740
436	642
436	992
436	1035
436	1060
436	1069
436	1147
436	1460
436	1560
436	1714
437	601
437	876
437	1079
438	771
438	898
438	1292
438	1351
438	1510
438	1632
439	992
440	452
441	968
442	667
442	785
442	1035
442	1713
442	1721
443	558
443	1012
443	1316
443	1466
443	1695
443	1734
443	1863
444	710
444	992
444	1450
444	1547
444	1641
445	1011
445	1677
446	1369
446	1684
447	494
447	704
447	775
447	879
447	1678
448	1041
449	678
449	1177
449	1898
450	587
450	697
450	698
450	1779
451	505
451	1180
451	1285
451	1321
451	1421
451	1436
451	1721
452	921
452	1088
452	1154
452	1748
453	1248
454	499
454	1301
455	960
455	1709
456	1637
456	1706
456	1785
457	998
457	1112
457	1614
457	1785
458	508
458	836
458	964
458	1127
458	1643
459	937
459	1312
460	1474
460	1762
461	981
461	1554
461	1807
462	617
462	977
462	1260
462	1383
462	1748
462	1830
463	633
463	972
463	1359
463	1742
463	1767
464	781
464	791
464	910
464	1457
465	705
465	1629
466	1535
466	1633
466	1703
467	919
467	1205
468	1735
469	505
469	964
470	545
470	1397
471	509
471	1162
471	1534
471	1592
472	543
472	1057
472	1084
472	1248
472	1433
472	1636
472	1739
473	672
473	1122
473	1173
473	1193
473	1327
473	1619
474	637
474	1400
474	1488
474	1718
474	1769
475	646
475	700
475	1129
475	1760
475	1846
476	1234
476	1598
477	820
477	1830
478	1813
481	997
482	947
483	872
483	1049
485	1017
485	1737
486	1068
486	1745
487	569
487	1068
487	1845
488	894
489	506
489	601
489	849
489	1452
490	1110
490	1664
491	908
491	926
491	1112
492	599
492	1027
493	877
493	935
493	1470
493	1527
493	1817
493	1840
494	925
495	554
495	709
495	712
495	728
495	1106
495	1580
495	1853
496	1351
496	1403
496	1504
496	1807
496	1892
497	736
497	1365
498	1394
499	520
499	783
499	1003
499	1650
499	1773
500	571
500	1072
500	1180
500	1216
500	1320
501	821
501	1138
501	1468
502	1614
503	746
503	880
503	1530
503	1537
504	836
505	571
505	836
505	937
505	1288
505	1562
505	1701
506	628
506	894
506	924
506	959
506	1290
506	1747
507	650
507	1415
507	1448
507	1853
508	996
508	1616
509	670
509	1712
510	766
510	1046
510	1153
510	1261
510	1579
511	595
511	1089
511	1720
511	1888
512	754
512	972
512	1244
512	1682
513	719
513	1569
514	762
514	1813
515	759
515	1297
515	1667
516	997
516	1697
517	522
517	1836
518	768
519	528
519	559
519	1311
520	613
520	761
520	1012
520	1488
520	1529
520	1541
520	1892
521	1270
521	1295
522	543
522	1570
523	812
523	1084
524	887
524	970
524	1443
524	1729
524	1843
525	563
525	689
525	753
525	860
525	943
525	1114
525	1887
526	966
526	1047
526	1886
527	971
527	1057
527	1186
527	1318
527	1461
527	1899
528	739
528	980
528	1080
528	1746
529	1690
530	615
530	918
530	928
530	1005
530	1046
530	1559
530	1815
531	560
531	1002
531	1708
532	1135
532	1178
532	1282
532	1433
533	722
533	1150
533	1368
533	1654
534	965
534	1454
534	1593
535	1207
536	811
536	829
536	898
536	1495
537	673
537	1748
537	1843
538	1316
539	812
539	1162
539	1239
539	1499
539	1862
540	935
540	1248
540	1358
540	1395
541	928
541	972
541	1690
541	1828
542	586
542	626
542	988
542	1005
542	1390
542	1414
542	1562
542	1770
543	1530
544	805
544	927
546	1137
546	1439
547	585
547	598
547	807
547	1607
547	1729
547	1825
548	875
548	1038
548	1356
548	1445
549	590
549	667
549	1060
549	1425
550	596
550	1701
550	1772
551	1260
551	1303
551	1407
551	1560
551	1653
552	591
552	1292
553	729
553	790
553	1207
553	1756
553	1797
554	804
554	1340
554	1351
554	1416
555	1410
555	1768
555	1867
556	1802
557	703
557	870
557	1011
558	860
558	982
558	983
558	1863
559	1378
559	1775
560	709
561	646
561	660
561	1104
561	1153
561	1731
562	1060
562	1514
562	1842
563	633
563	677
563	1151
563	1181
563	1613
564	1633
564	1732
565	1718
566	1328
567	689
567	784
567	1065
567	1176
568	1760
569	1258
569	1284
569	1554
569	1606
570	783
570	897
570	1083
571	821
571	1458
571	1556
571	1757
571	1839
571	1876
572	640
572	1207
572	1723
572	1741
573	1517
574	786
574	804
574	1549
575	889
575	1183
575	1191
576	965
576	1053
576	1235
576	1396
577	872
578	770
578	908
578	1585
579	1114
579	1158
579	1179
579	1394
579	1763
581	584
581	692
581	1328
581	1394
581	1466
582	1540
582	1621
582	1630
583	713
583	995
583	1097
583	1136
584	624
584	628
584	854
584	873
584	899
584	1239
584	1265
584	1825
585	1391
585	1440
586	791
586	1031
587	745
587	942
587	1746
588	1292
588	1317
588	1530
588	1875
590	1110
590	1697
591	766
591	1281
591	1612
592	1115
592	1610
592	1801
593	1344
593	1521
593	1646
594	651
594	719
594	1251
594	1873
595	1756
596	1081
596	1565
597	1015
597	1531
597	1889
598	633
599	614
599	715
599	997
599	1156
599	1567
599	1844
600	729
600	833
600	1038
600	1209
601	603
601	728
601	1590
601	1775
602	881
602	1186
602	1487
602	1731
603	762
603	1044
603	1383
604	1496
605	1003
605	1593
605	1615
606	670
606	798
606	1277
606	1284
607	919
607	1497
607	1552
608	1051
608	1419
608	1464
608	1491
609	878
609	993
609	1353
610	1043
610	1189
610	1300
610	1831
611	1623
611	1637
612	1100
612	1411
612	1534
612	1716
613	837
614	1729
614	1762
614	1801
615	1229
616	1880
617	636
617	1209
617	1500
619	1545
619	1740
619	1877
620	1143
620	1501
620	1518
620	1811
621	751
621	1738
621	1774
621	1867
622	681
622	769
622	800
622	986
622	1785
623	804
623	958
623	1099
624	674
624	1234
624	1814
625	1130
625	1185
626	718
626	1006
626	1587
626	1679
626	1884
627	1306
627	1667
628	1294
628	1307
628	1553
628	1761
629	672
629	674
629	1255
629	1516
629	1693
629	1716
630	722
630	754
630	1756
630	1815
631	1209
631	1567
632	1337
633	1040
633	1136
633	1426
633	1548
633	1711
634	1085
634	1427
634	1618
634	1727
636	739
636	769
636	1193
636	1300
636	1455
637	829
637	836
637	849
637	927
637	1098
637	1675
637	1833
638	826
638	1323
639	1031
639	1364
640	783
640	1189
640	1414
640	1600
641	1008
641	1825
642	673
642	878
643	1867
645	1268
645	1654
645	1753
645	1782
646	1008
646	1083
647	1161
648	808
648	988
648	1031
649	650
649	698
649	1284
649	1412
649	1498
650	701
650	1627
650	1634
651	1755
651	1862
652	693
653	844
653	1210
653	1605
653	1666
654	1674
655	1017
655	1198
656	778
656	1223
656	1338
656	1468
657	854
657	1195
657	1496
657	1876
657	1898
658	939
658	1520
658	1833
659	1162
659	1369
659	1452
659	1459
659	1575
660	965
661	732
661	1005
661	1144
661	1423
662	1080
663	832
663	1852
664	1390
664	1587
664	1645
664	1688
665	795
665	904
665	1015
665	1511
665	1836
666	972
666	1029
666	1688
666	1853
667	676
667	1704
668	1701
669	1119
669	1461
669	1707
669	1767
669	1867
670	1281
670	1411
670	1435
670	1465
670	1580
670	1827
671	769
671	1066
671	1100
672	1017
672	1549
673	1547
673	1711
674	1306
674	1380
674	1629
674	1829
675	1328
675	1330
675	1408
675	1603
675	1899
676	723
676	861
676	1482
676	1766
677	805
677	892
677	1024
677	1032
677	1802
678	1357
678	1396
678	1595
678	1797
679	916
679	1102
679	1563
680	868
680	1401
680	1417
681	711
681	1050
681	1330
681	1519
681	1587
681	1597
681	1733
682	1295
683	1155
684	1400
684	1782
685	1223
686	1460
687	1310
687	1383
687	1787
688	1134
688	1490
689	1258
690	1083
690	1198
691	1240
691	1254
691	1315
692	1358
693	783
693	861
693	1142
693	1291
693	1379
694	1260
694	1620
695	962
695	1095
696	1383
697	1605
698	1287
699	903
699	985
699	1397
699	1566
699	1577
699	1677
700	1789
700	1864
701	1620
702	1660
704	1072
704	1304
704	1356
704	1860
705	732
705	1772
706	943
706	1636
706	1885
707	1131
707	1536
708	1394
709	815
709	1158
709	1307
709	1697
709	1741
710	1173
710	1647
710	1769
710	1835
711	960
712	836
712	1051
712	1738
713	910
713	1007
714	800
714	1472
714	1606
715	902
716	770
716	844
716	963
716	1182
716	1837
717	827
717	929
717	1059
717	1592
718	764
718	791
718	1356
718	1505
718	1670
719	1044
719	1073
719	1175
719	1207
719	1834
719	1844
720	1449
720	1527
721	1253
721	1366
721	1652
721	1696
722	746
722	839
722	1439
723	959
723	961
723	1014
724	830
724	891
724	899
724	916
725	1223
726	1406
726	1418
727	1140
727	1164
727	1708
727	1749
728	1716
729	1102
729	1643
730	1696
731	870
731	1141
732	995
732	1051
732	1646
733	983
733	1007
733	1119
733	1724
733	1814
734	758
734	1308
734	1464
734	1879
735	783
735	1502
736	1418
736	1551
737	899
737	967
737	1089
738	855
738	942
738	1259
738	1489
739	797
739	1675
739	1742
740	1497
740	1555
740	1581
740	1715
741	1092
742	858
742	1156
742	1554
744	1351
744	1424
744	1539
745	976
745	1278
746	1648
748	1177
748	1461
749	1527
749	1647
750	768
750	1571
750	1830
751	1580
752	918
752	1198
752	1489
752	1666
753	1426
754	1380
754	1458
754	1794
754	1808
755	1192
755	1498
755	1722
756	1517
757	1010
757	1011
757	1491
757	1644
758	959
758	1291
759	1439
759	1482
760	813
760	1123
760	1422
760	1647
761	1142
761	1163
761	1213
761	1474
762	1317
763	1475
763	1503
763	1682
764	824
764	862
764	1633
765	902
765	1046
765	1108
766	1080
766	1666
766	1832
767	1678
768	1391
768	1515
769	1458
770	996
771	1018
771	1399
771	1598
772	855
773	775
773	1121
773	1203
773	1214
773	1340
773	1869
774	1149
774	1407
774	1602
775	971
776	1070
776	1582
776	1864
777	981
777	1108
777	1154
777	1511
777	1576
778	1180
779	1630
779	1739
780	1772
780	1776
781	1065
781	1122
781	1547
781	1681
781	1736
781	1883
782	1716
783	841
783	1406
783	1508
783	1553
783	1585
783	1627
784	904
784	985
784	1206
784	1525
784	1602
785	1526
785	1817
786	1650
786	1778
787	905
787	1043
787	1254
787	1369
788	1324
788	1483
788	1504
788	1642
788	1879
789	791
790	821
790	1318
790	1458
790	1860
791	972
791	1361
791	1652
791	1800
792	895
792	1197
792	1361
793	906
793	1072
793	1681
793	1763
794	986
794	1023
794	1818
795	937
795	1327
796	1893
797	1016
797	1124
797	1665
797	1675
797	1755
798	907
798	1037
798	1053
798	1328
798	1397
799	1298
799	1757
800	1196
800	1877
801	941
802	1818
803	894
803	997
803	1050
803	1482
803	1854
804	987
804	1880
805	824
805	1801
806	817
806	934
806	1228
807	823
807	1228
807	1396
808	1121
808	1156
809	1359
809	1647
809	1740
809	1796
811	1155
812	1540
812	1878
813	825
813	1632
813	1842
814	870
814	1308
815	923
816	926
816	1224
816	1444
816	1802
817	1314
817	1369
817	1409
817	1445
817	1565
817	1588
817	1826
818	1744
819	1301
820	934
821	1863
822	1756
822	1791
823	1658
824	975
824	1240
824	1375
824	1463
824	1833
825	996
825	1268
825	1615
826	927
826	1475
826	1574
826	1849
827	1839
828	858
828	1071
829	1267
829	1325
829	1467
829	1594
830	1157
831	857
831	1276
831	1662
831	1792
832	1028
832	1130
832	1656
832	1861
833	1056
833	1221
833	1303
833	1493
833	1644
833	1733
834	885
834	1035
834	1070
834	1300
834	1440
834	1637
834	1875
835	1643
836	946
836	1088
836	1192
838	1082
838	1197
839	1296
839	1654
840	977
840	987
840	1231
841	1361
843	1409
843	1608
844	887
844	916
844	1745
845	1118
845	1158
845	1342
845	1708
845	1819
846	1275
846	1459
846	1726
846	1819
846	1896
847	969
847	988
847	1114
847	1187
847	1541
848	1473
848	1719
849	1522
850	1249
850	1327
850	1496
851	1700
852	1093
853	1185
853	1334
853	1539
853	1575
854	968
854	1595
854	1790
855	1148
855	1220
856	1343
857	1462
857	1782
859	1062
859	1313
860	1286
861	1640
862	925
862	1285
862	1362
862	1796
862	1799
863	1021
863	1112
864	1423
865	992
865	1031
865	1584
866	1116
866	1844
867	941
867	1195
867	1358
867	1760
868	1852
869	970
869	1594
869	1684
870	1086
870	1169
870	1816
871	873
871	892
871	1321
872	1116
872	1172
872	1838
873	1117
873	1308
874	1076
875	1254
875	1597
876	1226
876	1247
876	1705
878	1366
879	1160
879	1509
879	1780
879	1820
880	1146
880	1166
880	1734
880	1735
880	1785
880	1799
880	1862
881	1702
882	1483
882	1728
883	1080
883	1278
883	1810
884	905
885	1087
885	1846
886	1500
886	1776
886	1783
887	1482
887	1524
888	1142
888	1387
888	1647
889	939
889	965
889	1308
890	1217
890	1275
891	1328
892	980
892	1255
892	1258
893	1731
893	1751
893	1856
894	1240
894	1384
894	1387
894	1429
894	1695
894	1745
895	1030
895	1895
896	1678
896	1741
897	1291
897	1476
897	1642
898	1283
898	1393
899	1048
899	1185
899	1304
899	1430
900	914
900	1711
901	1123
902	1153
903	931
903	1027
903	1203
903	1295
903	1608
904	919
904	1514
905	1526
905	1800
906	953
906	1838
906	1844
907	1016
907	1814
908	1310
908	1479
908	1624
909	1429
909	1615
909	1877
910	1357
911	1237
911	1246
911	1320
911	1423
911	1849
911	1893
912	1033
912	1124
913	1472
913	1700
913	1797
913	1894
914	1355
914	1714
915	1019
915	1468
916	923
916	1201
916	1208
916	1466
917	1035
917	1038
917	1151
918	1541
919	1184
919	1822
920	1268
920	1425
920	1710
920	1753
920	1793
921	1009
921	1480
921	1779
921	1790
922	1005
922	1219
922	1230
922	1724
922	1835
923	1455
923	1496
924	1323
925	1283
925	1790
926	1117
926	1538
926	1634
927	944
927	1068
927	1158
928	1055
929	1396
929	1584
930	1299
930	1535
931	1198
931	1382
931	1765
931	1878
932	1317
932	1336
932	1838
934	1036
934	1068
934	1085
934	1611
935	974
935	1090
935	1576
936	992
936	1636
937	1086
938	1018
938	1301
938	1330
938	1368
939	954
939	1267
939	1351
939	1848
940	1440
940	1724
941	1074
941	1383
941	1419
941	1619
942	1487
942	1722
942	1864
943	949
943	962
943	1388
943	1511
943	1869
944	1280
944	1709
945	1342
945	1648
945	1865
946	1475
946	1522
946	1591
946	1704
946	1764
946	1879
947	1619
947	1648
947	1898
948	976
948	1499
948	1792
949	1503
949	1512
949	1671
949	1763
950	1084
950	1261
950	1332
950	1426
950	1861
951	1412
951	1740
952	1427
952	1815
953	973
953	996
953	1390
953	1612
953	1838
954	1495
954	1749
957	1066
957	1322
959	971
959	1816
960	1429
960	1550
960	1797
961	1046
961	1554
962	1316
962	1404
962	1640
963	1742
964	1073
964	1283
966	1448
966	1618
966	1709
967	1417
967	1591
967	1660
967	1894
970	1432
970	1658
971	1284
971	1782
972	1644
972	1863
973	1295
973	1667
975	1332
975	1340
975	1414
975	1419
976	1430
976	1461
976	1737
977	982
978	1435
979	1333
979	1751
980	1613
981	1887
982	1231
983	1146
983	1551
983	1715
984	1344
985	1211
985	1447
986	1451
988	1165
988	1315
989	1313
990	1485
991	1786
991	1820
992	1128
992	1251
992	1342
992	1420
992	1519
992	1570
992	1755
993	1403
993	1693
993	1791
994	1096
994	1189
995	1070
995	1596
995	1642
996	1328
996	1424
996	1659
996	1671
997	1028
998	1794
999	1091
999	1105
1000	1280
1000	1294
1001	1612
1001	1673
1001	1807
1002	1219
1002	1551
1003	1123
1003	1215
1003	1791
1004	1356
1004	1781
1007	1462
1007	1551
1008	1193
1008	1429
1008	1584
1008	1889
1009	1453
1009	1700
1009	1760
1009	1783
1010	1495
1010	1661
1010	1739
1011	1699
1012	1041
1012	1192
1012	1296
1012	1412
1012	1467
1012	1519
1012	1701
1013	1062
1013	1586
1014	1160
1014	1475
1014	1617
1014	1680
1015	1585
1016	1552
1017	1281
1017	1577
1017	1739
1018	1543
1018	1885
1019	1312
1019	1700
1019	1729
1019	1735
1020	1655
1021	1159
1021	1473
1021	1519
1021	1591
1022	1240
1022	1882
1023	1689
1025	1760
1027	1598
1029	1175
1029	1243
1029	1353
1029	1667
1031	1400
1032	1281
1032	1296
1032	1344
1033	1610
1034	1513
1034	1554
1035	1385
1035	1427
1037	1376
1037	1678
1038	1257
1038	1353
1038	1364
1039	1137
1039	1407
1042	1746
1044	1092
1044	1216
1045	1129
1045	1233
1045	1821
1046	1642
1046	1745
1048	1184
1048	1329
1048	1349
1049	1097
1049	1502
1049	1543
1050	1241
1050	1280
1050	1862
1051	1077
1052	1077
1052	1503
1054	1381
1055	1079
1055	1224
1055	1336
1059	1072
1059	1758
1060	1659
1060	1825
1062	1554
1064	1351
1065	1156
1065	1225
1066	1365
1066	1485
1066	1570
1067	1345
1067	1442
1068	1354
1068	1507
1068	1803
1069	1175
1069	1780
1070	1174
1070	1383
1070	1584
1070	1884
1071	1356
1071	1532
1071	1681
1074	1185
1074	1367
1074	1414
1074	1725
1074	1810
1075	1461
1075	1871
1076	1885
1078	1687
1079	1389
1079	1820
1080	1185
1080	1343
1081	1188
1082	1149
1082	1683
1084	1132
1084	1387
1085	1496
1086	1681
1086	1857
1087	1088
1088	1720
1089	1518
1091	1289
1091	1334
1092	1858
1093	1255
1094	1275
1094	1277
1094	1633
1095	1249
1095	1608
1097	1375
1098	1483
1099	1795
1099	1884
1100	1833
1101	1764
1101	1834
1102	1222
1102	1256
1102	1274
1102	1277
1102	1369
1102	1483
1102	1778
1105	1198
1105	1339
1105	1595
1105	1803
1106	1824
1107	1132
1107	1501
1108	1111
1108	1561
1109	1144
1109	1746
1110	1338
1110	1762
1110	1785
1111	1532
1112	1864
1113	1247
1113	1450
1113	1451
1115	1271
1115	1413
1115	1428
1116	1794
1119	1504
1120	1510
1120	1848
1120	1852
1120	1876
1121	1886
1122	1364
1123	1566
1123	1717
1124	1546
1124	1658
1124	1761
1124	1891
1125	1555
1126	1798
1127	1365
1128	1704
1128	1813
1128	1842
1128	1856
1129	1152
1129	1272
1129	1820
1130	1323
1130	1717
1130	1736
1131	1156
1131	1175
1131	1180
1131	1332
1132	1577
1134	1173
1134	1371
1134	1860
1136	1156
1136	1339
1136	1764
1137	1150
1138	1149
1140	1171
1142	1759
1142	1851
1143	1513
1143	1709
1144	1616
1145	1267
1145	1746
1145	1772
1146	1275
1146	1715
1147	1280
1148	1326
1149	1490
1149	1794
1150	1270
1150	1608
1151	1174
1151	1429
1152	1759
1153	1292
1153	1383
1153	1429
1153	1596
1153	1648
1153	1742
1154	1387
1154	1764
1154	1857
1155	1248
1156	1220
1156	1264
1156	1750
1157	1594
1161	1192
1161	1833
1162	1426
1162	1498
1163	1268
1166	1537
1166	1565
1166	1659
1166	1868
1167	1414
1167	1835
1168	1390
1168	1602
1169	1483
1169	1587
1169	1877
1171	1370
1171	1556
1171	1673
1171	1842
1172	1392
1172	1549
1174	1500
1175	1624
1176	1289
1176	1744
1177	1529
1177	1861
1180	1572
1182	1865
1183	1378
1183	1546
1184	1216
1184	1590
1184	1799
1185	1255
1185	1757
1187	1460
1187	1512
1188	1228
1188	1776
1188	1862
1189	1287
1189	1850
1190	1258
1190	1622
1193	1718
1193	1731
1194	1630
1195	1222
1195	1368
1195	1391
1195	1624
1195	1729
1197	1588
1199	1664
1200	1292
1200	1379
1200	1804
1201	1753
1202	1367
1202	1625
1203	1279
1204	1793
1205	1500
1205	1758
1206	1284
1206	1343
1207	1387
1208	1245
1208	1392
1208	1582
1208	1882
1209	1245
1210	1344
1212	1238
1212	1655
1213	1327
1214	1795
1214	1892
1215	1575
1216	1804
1217	1471
1218	1407
1219	1455
1219	1634
1220	1387
1221	1712
1222	1627
1223	1703
1225	1264
1225	1615
1225	1880
1226	1315
1227	1333
1227	1897
1228	1721
1230	1560
1230	1817
1231	1535
1231	1668
1232	1416
1232	1543
1233	1562
1233	1573
1235	1455
1236	1322
1236	1403
1236	1868
1237	1890
1239	1812
1239	1856
1240	1279
1240	1544
1241	1548
1242	1762
1243	1272
1244	1539
1244	1577
1244	1699
1245	1352
1247	1874
1247	1880
1249	1708
1250	1743
1251	1329
1251	1490
1252	1304
1252	1644
1252	1786
1253	1425
1253	1787
1253	1797
1253	1869
1254	1764
1255	1323
1255	1386
1255	1825
1256	1340
1256	1570
1256	1875
1258	1567
1258	1767
1259	1715
1260	1571
1260	1895
1262	1797
1262	1815
1263	1288
1263	1721
1264	1496
1264	1521
1264	1710
1266	1372
1267	1514
1267	1716
1268	1564
1269	1272
1269	1374
1269	1556
1269	1617
1270	1394
1270	1681
1271	1386
1271	1568
1271	1787
1272	1287
1272	1578
1272	1696
1273	1695
1274	1278
1274	1397
1275	1313
1275	1429
1275	1719
1276	1464
1276	1550
1276	1688
1277	1888
1278	1415
1279	1318
1280	1400
1280	1594
1280	1890
1281	1503
1281	1712
1283	1431
1283	1896
1284	1808
1284	1861
1284	1876
1289	1854
1290	1759
1291	1340
1291	1682
1292	1330
1292	1338
1292	1778
1293	1677
1295	1497
1295	1505
1295	1543
1295	1780
1296	1801
1296	1807
1297	1570
1298	1391
1298	1428
1298	1734
1301	1397
1302	1329
1302	1352
1303	1490
1303	1547
1303	1882
1305	1404
1305	1795
1305	1885
1307	1388
1307	1637
1307	1762
1308	1373
1308	1478
1309	1337
1309	1469
1310	1329
1311	1484
1311	1868
1314	1659
1315	1418
1317	1589
1318	1594
1318	1736
1319	1809
1319	1875
1320	1395
1320	1448
1320	1649
1321	1323
1321	1394
1322	1601
1324	1499
1326	1497
1327	1331
1327	1347
1327	1674
1329	1659
1330	1517
1330	1772
1333	1415
1333	1605
1334	1424
1334	1790
1335	1865
1336	1425
1337	1529
1338	1356
1338	1373
1338	1889
1341	1637
1342	1526
1342	1615
1342	1816
1343	1763
1343	1809
1344	1357
1345	1798
1347	1412
1347	1461
1347	1694
1348	1447
1348	1459
1349	1559
1349	1679
1349	1758
1350	1468
1352	1690
1352	1818
1352	1864
1354	1613
1354	1620
1356	1636
1357	1693
1358	1765
1359	1541
1359	1657
1359	1739
1361	1559
1362	1421
1362	1661
1363	1825
1363	1857
1365	1815
1366	1452
1366	1596
1367	1631
1367	1632
1367	1793
1369	1813
1371	1482
1371	1779
1372	1581
1372	1775
1373	1573
1373	1847
1374	1552
1375	1721
1375	1796
1376	1722
1377	1525
1378	1852
1379	1582
1379	1706
1379	1870
1380	1502
1380	1714
1380	1756
1381	1487
1381	1749
1381	1762
1383	1640
1384	1532
1386	1797
1388	1654
1389	1627
1390	1458
1390	1494
1390	1584
1391	1511
1391	1595
1395	1438
1395	1617
1395	1851
1396	1516
1396	1814
1397	1559
1398	1673
1401	1756
1403	1603
1403	1709
1404	1439
1405	1457
1406	1424
1406	1764
1407	1770
1409	1475
1410	1523
1412	1725
1413	1627
1415	1608
1416	1456
1417	1529
1417	1786
1418	1782
1419	1446
1419	1892
1421	1708
1422	1855
1425	1806
1426	1485
1428	1584
1431	1839
1432	1623
1433	1549
1433	1889
1434	1522
1435	1448
1436	1853
1437	1832
1438	1613
1438	1807
1439	1568
1439	1570
1441	1885
1442	1556
1443	1530
1445	1473
1445	1669
1446	1596
1446	1884
1446	1888
1448	1871
1450	1481
1452	1514
1452	1687
1453	1472
1455	1477
1455	1781
1457	1598
1457	1690
1459	1731
1461	1520
1461	1761
1462	1849
1463	1899
1464	1781
1465	1466
1465	1668
1467	1809
1468	1543
1468	1835
1469	1886
1470	1580
1470	1635
1470	1875
1474	1603
1474	1851
1475	1586
1475	1706
1479	1557
1479	1892
1479	1897
1480	1611
1482	1624
1486	1855
1486	1864
1487	1508
1489	1506
1492	1534
1492	1553
1495	1790
1496	1663
1496	1711
1497	1584
1497	1854
1499	1580
1499	1815
1500	1859
1500	1885
1501	1538
1501	1571
1505	1722
1505	1785
1506	1651
1507	1659
1508	1524
1508	1765
1509	1592
1510	1657
1510	1820
1511	1772
1512	1573
1515	1583
1516	1875
1517	1663
1519	1725
1520	1846
1521	1549
1522	1867
1523	1792
1523	1871
1524	1878
1525	1711
1526	1565
1526	1632
1528	1636
1530	1639
1530	1889
1531	1859
1533	1804
1534	1844
1540	1696
1541	1597
1541	1821
1543	1669
1543	1730
1543	1806
1546	1661
1546	1782
1547	1576
1547	1665
1548	1575
1548	1599
1549	1592
1549	1798
1551	1657
1551	1666
1552	1610
1553	1712
1553	1841
1557	1880
1558	1829
1560	1667
1560	1873
1563	1627
1565	1647
1567	1752
1568	1582
1568	1775
1571	1676
1571	1726
1573	1785
1574	1595
1574	1752
1575	1727
1576	1724
1577	1742
1577	1820
1578	1670
1583	1884
1589	1689
1591	1666
1593	1633
1594	1786
1594	1831
1596	1641
1597	1675
1597	1705
1598	1735
1598	1790
1598	1885
1602	1754
1603	1850
1604	1609
1607	1703
1608	1747
1611	1669
1612	1614
1613	1729
1624	1795
1625	1646
1629	1754
1630	1632
1631	1659
1631	1830
1631	1869
1633	1889
1634	1806
1634	1868
1637	1813
1638	1745
1639	1674
1641	1755
1644	1748
1645	1691
1645	1717
1646	1732
1647	1759
1648	1872
1650	1836
1651	1707
1651	1830
1652	1822
1654	1706
1654	1894
1655	1662
1659	1772
1661	1852
1665	1811
1666	1718
1666	1725
1669	1689
1669	1700
1670	1813
1670	1861
1671	1672
1672	1712
1673	1758
1674	1777
1675	1793
1676	1748
1677	1795
1684	1695
1684	1872
1686	1768
1687	1700
1689	1709
1689	1781
1689	1837
1689	1883
1693	1890
1694	1828
1696	1802
1704	1834
1709	1712
1709	1807
1714	1719
1715	1879
1718	1826
1720	1850
1724	1730
1734	1857
1737	1755
1738	1799
1741	1797
1741	1885
1747	1813
1753	1779
1754	1814
1754	1840
1757	1800
1760	1823
1764	1897
1768	1886
1775	1845
1784	1842
1786	1806
1786	1835
1794	1894
1804	1808
1813	1851
1817	1849
1819	1853
1838	1873
1855	1878