0	508
0	1531
1	526
1	557
2	871
2	1570
3	1446
4	1183
5	204
5	979
5	1050
5	1704
6	498
6	1008
6	1193
7	60
7	161
7	311
7	1685
8	448
8	478
9	67
9	238
9	648
9	1119
9	1462
9	1499
9	1808
10	140
10	146
10	608
10	838
11	353
11	748
11	765
11	1161
11	1484
11	1524
11	1708
12	97
12	1006
12	1184
12	1462
12	1699
12	1763
13	42
13	862
13	994
13	1553
14	1113
14	1429
15	30
15	260
16	221
16	359
16	507
16	908
16	1439
16	1721
17	69
17	297
17	587
17	644
17	1173
17	1530
17	1621
17	1825
18	232
18	266
18	295
18	546
18	572
18	755
18	1344
19	135
19	1088
19	1127
20	407
20	521
20	817
20	862
20	1541
21	277
21	452
21	1396
21	1795
22	109
22	623
22	1262
22	1729
22	1804
23	747
23	1193
23	1787
24	1020
24	1052
24	1102
24	1150
24	1206
25	464
25	1103
25	1568
25	1675
26	120
26	953
26	1289
26	1359
26	1620
26	1732
26	1786
26	1899
27	395
27	983
27	1286
27	1303
27	1767
27	1811
28	304
28	1260
28	1550
28	1612
29	473
29	599
29	1525
30	81
30	291
30	365
30	510
31	279
31	401
31	747
31	892
32	90
32	1473
33	519
33	923
33	1173
33	1581
34	76
34	103
34	831
34	1201
34	1657
35	321
35	410
35	644
35	1466
36	59
36	179
36	195
36	1362
37	448
37	1250
37	1473
38	285
38	1703
38	1767
39	250
39	371
39	859
39	939
39	1619
39	1799
40	520
40	561
40	702
41	329
41	685
41	1066
41	1483
42	142
42	276
42	347
42	1294
42	1728
42	1772
42	1841
43	220
44	1009
45	1161
45	1274
45	1522
46	1175
47	309
47	463
48	824
48	1051
48	1549
48	1863
49	299
49	618
49	655
50	1184
50	1558
50	1614
51	746
51	1330
52	395
52	703
53	1054
54	267
54	1077
54	1126
55	138
55	1252
55	1345
55	1428
55	1588
55	1757
56	1116
56	1804
57	250
57	799
57	987
57	1531
58	162
58	823
58	1331
58	1492
58	1508
58	1509
58	1686
59	343
59	443
59	1805
60	892
61	1030
61	1559
61	1594
61	1613
61	1863
62	888
62	1367
63	965
63	1197
63	1488
63	1594
63	1773
64	542
65	96
65	424
65	505
65	780
65	1463
66	547
66	600
66	817
67	473
67	497
67	806
67	1612
67	1671
68	921
68	971
68	1214
68	1416
69	378
69	632
69	963
69	1198
69	1704
69	1838
70	126
70	139
70	193
70	945
70	967
70	1036
70	1581
70	1664
71	354
71	611
71	926
71	1010
72	630
73	108
73	954
73	1629
73	1769
74	908
74	1260
74	1647
75	507
75	949
75	995
75	1034
75	1585
75	1780
76	222
76	254
76	622
76	975
76	1004
76	1240
76	1588
77	585
77	653
77	924
77	994
77	1544
77	1704
78	787
78	1320
79	112
79	444
79	626
79	1551
79	1600
80	550
80	600
81	1661
81	1878
82	189
82	655
82	677
82	1456
82	1748
83	496
83	1245
83	1279
83	1894
84	142
85	369
85	375
85	1653
85	1702
85	1804
86	1396
87	1261
87	1389
87	1638
88	264
88	573
88	648
88	1539
88	1872
89	148
89	186
89	325
89	1011
89	1132
89	1399
89	1418
89	1777
89	1804
90	489
90	1436
90	1744
91	196
91	486
91	935
91	1180
91	1317
91	1606
91	1665
92	396
92	805
92	1087
92	1197
92	1568
93	232
93	512
94	450
94	1080
94	1828
95	238
95	253
95	502
95	1419
96	352
96	705
96	1072
96	1347
96	1461
97	617
97	913
97	993
97	1225
97	1415
98	689
98	1278
99	278
99	1281
100	127
100	473
100	1115
101	142
101	244
101	346
101	367
101	1074
101	1159
101	1552
102	258
102	379
102	574
102	1002
103	615
103	1038
103	1632
104	132
104	634
104	637
104	941
104	1075
104	1244
104	1390
104	1620
105	424
105	690
105	747
105	1358
105	1550
105	1766
106	1008
106	1039
107	1228
107	1575
107	1605
107	1785
108	342
108	607
108	883
109	249
109	1030
109	1602
110	613
110	1536
111	184
111	1654
112	918
112	1069
112	1096
112	1285
112	1700
113	702
113	799
113	1389
113	1864
114	732
114	904
114	1050
114	1683
114	1744
115	136
115	207
115	324
115	698
115	923
115	939
115	1054
115	1292
115	1640
115	1657
116	508
116	754
116	1124
117	1495
117	1869
118	445
118	662
118	853
118	1484
118	1537
118	1624
118	1837
119	1612
119	1815
119	1839
120	553
120	656
120	1098
120	1278
120	1462
120	1855
120	1865
121	780
121	893
121	1438
121	1565
122	569
122	1046
122	1409
122	1442
122	1736
123	532
123	582
123	907
123	925
124	807
124	1168
124	1384
124	1433
125	1435
125	1868
126	610
126	969
126	1723
127	1139
127	1463
128	207
128	356
128	374
128	728
128	1383
128	1875
129	209
129	286
129	571
129	637
129	708
129	1679
129	1889
130	182
130	507
130	963
130	979
130	1514
130	1589
131	216
131	237
131	766
131	795
131	1237
131	1264
131	1577
132	1241
132	1435
132	1448
132	1700
133	1848
134	507
134	785
134	869
134	1622
134	1880
134	1898
135	172
135	236
135	324
135	504
135	1511
135	1543
136	158
136	612
136	1569
137	1343
137	1588
138	858
138	866
138	1016
138	1426
138	1717
139	307
139	1251
139	1599
139	1748
140	708
140	868
140	1425
140	1697
141	1335
142	1492
143	215
143	570
143	685
143	811
144	174
144	461
144	1329
144	1549
144	1664
144	1775
145	642
145	663
145	1115
145	1277
145	1423
145	1510
146	520
146	570
146	710
146	810
146	975
146	1066
146	1368
147	262
147	417
147	907
147	1455
147	1500
148	206
148	365
148	414
149	354
149	660
149	699
149	874
149	1342
149	1403
149	1423
149	1599
149	1798
150	1020
150	1599
151	603
151	796
151	859
151	1496
151	1514
151	1626
152	616
152	775
152	1725
152	1785
153	299
153	305
153	864
154	239
154	420
154	781
154	995
154	1499
154	1714
154	1876
155	172
155	1013
156	684
156	1198
156	1229
157	396
157	805
159	219
159	556
159	680
159	918
159	1441
160	1209
160	1667
160	1756
161	543
161	1322
161	1608
162	630
162	706
162	733
162	1030
162	1053
162	1542
162	1625
163	208
163	256
163	748
163	1047
163	1775
164	863
164	1071
164	1235
164	1687
165	779
165	1295
165	1409
165	1431
165	1669
166	495
166	1129
166	1486
166	1699
167	780
167	950
167	1042
167	1475
168	529
168	876
168	949
168	1339
168	1418
168	1738
169	171
169	417
169	570
169	1133
169	1727
169	1738
169	1885
170	791
170	868
170	1284
170	1740
171	1155
171	1754
172	334
172	450
172	493
172	822
172	1682
173	1625
173	1656
173	1700
173	1804
174	252
174	1141
174	1801
175	509
175	1325
175	1450
175	1649
175	1739
176	425
176	480
176	491
176	917
176	1362
176	1440
177	447
177	741
177	861
177	1035
177	1466
177	1809
178	980
178	1382
179	307
179	722
179	737
179	1390
179	1599
180	869
181	209
181	431
181	1440
181	1484
182	379
182	1741
182	1872
183	430
183	522
183	1144
183	1545
183	1584
184	299
184	623
184	1529
184	1534
185	1189
186	1297
186	1528
187	675
187	687
187	1748
187	1770
188	195
188	1810
189	527
189	1072
190	655
190	873
190	930
190	1408
190	1791
191	794
191	913
191	1525
191	1548
192	209
192	1113
192	1541
192	1860
193	241
193	968
194	1082
194	1197
194	1260
194	1829
195	205
196	849
196	1831
197	590
197	1176
197	1180
198	226
198	1105
198	1208
199	620
199	625
200	343
200	508
200	1370
200	1586
200	1815
201	809
201	1223
201	1448
201	1460
201	1633
201	1703
201	1719
201	1880
201	1890
202	427
202	662
202	746
202	1673
203	598
203	869
203	1393
203	1578
203	1659
203	1679
204	1540
205	443
205	529
205	611
205	1609
205	1660
205	1714
206	432
206	599
206	974
206	1050
206	1428
206	1595
206	1634
206	1823
206	1870
207	237
207	530
207	593
207	928
207	1250
207	1440
207	1690
208	384
208	469
208	1421
208	1632
209	323
209	535
209	1735
210	271
210	758
210	789
210	1025
210	1787
211	476
211	1586
212	931
212	1504
213	742
213	1176
213	1889
214	386
214	1336
215	768
215	956
215	1628
216	950
216	1720
216	1845
217	505
217	791
217	867
217	1005
217	1186
218	969
218	1132
218	1312
218	1850
219	651
219	743
219	1251
219	1339
220	274
220	427
220	569
221	1120
221	1542
221	1789
222	344
222	426
222	1054
222	1395
222	1536
222	1707
223	350
223	1360
223	1698
224	1089
225	1004
225	1458
225	1659
226	353
226	430
227	475
227	604
227	753
227	1130
228	1511
228	1649
228	1880
229	448
230	326
230	914
230	1270
230	1570
230	1628
231	1206
232	641
232	1690
233	536
233	649
233	1032
233	1098
233	1878
234	274
234	439
234	916
234	935
234	1063
234	1674
235	563
235	1298
236	652
236	1404
237	923
237	1090
238	495
238	1211
238	1246
239	1460
240	264
240	275
240	284
241	1034
241	1713
242	647
242	1112
243	671
243	958
244	470
244	590
244	1413
245	624
245	972
245	1369
246	609
246	628
246	1083
246	1189
246	1546
246	1722
246	1818
246	1897
247	430
247	1878
248	569
250	267
250	323
250	811
250	932
250	1219
250	1648
251	1139
251	1205
251	1616
252	1149
252	1524
252	1543
253	623
253	1549
253	1658
254	1180
254	1261
254	1488
254	1680
254	1766
255	1709
256	861
256	994
256	1479
256	1662
257	431
257	780
257	1089
257	1333
257	1646
258	1335
258	1497
258	1518
259	1403
260	316
260	457
260	675
260	947
260	969
260	1206
260	1588
260	1809
261	487
261	962
261	1084
261	1895
262	287
262	1586
262	1887
263	524
263	1345
263	1590
264	551
264	737
264	814
265	344
265	467
265	697
265	958
265	1226
266	501
266	1539
267	536
267	806
267	1277
267	1530
267	1734
267	1830
268	294
268	840
269	1614
270	982
270	1134
271	443
271	900
271	1178
271	1576
272	1035
272	1099
272	1280
272	1346
272	1705
272	1826
273	531
273	1114
273	1179
275	407
275	575
276	1241
276	1678
276	1710
277	395
277	1319
277	1570
277	1858
278	688
278	814
278	1122
278	1650
279	1645
280	1445
280	1577
281	406
281	490
281	551
282	620
282	866
282	910
282	1642
282	1681
283	710
283	789
283	840
283	980
283	1757
284	812
284	987
285	475
285	1647
285	1698
286	847
286	1238
286	1343
286	1430
286	1598
287	455
287	795
287	1297
287	1409
287	1454
288	340
288	1070
288	1546
289	445
289	1297
289	1882
290	1031
290	1808
290	1813
292	296
292	1078
292	1834
293	910
293	1446
293	1871
294	789
295	547
295	647
295	1646
295	1823
296	309
296	427
296	937
296	1797
297	649
297	783
298	1541
299	888
299	1012
299	1060
299	1546
299	1677
300	450
300	617
300	628
300	807
300	1061
300	1087
300	1362
300	1389
300	1463
300	1667
301	312
301	409
301	813
301	1552
301	1662
302	1004
302	1624
303	432
303	885
304	351
304	1526
305	619
305	1160
306	462
306	610
306	612
306	815
306	943
307	1476
308	393
308	479
308	566
308	1026
308	1133
308	1326
308	1622
308	1753
309	555
309	1102
309	1607
310	474
310	1021
310	1248
310	1266
310	1694
311	374
311	745
311	784
311	1899
312	337
312	1058
312	1212
312	1287
312	1628
313	457
313	728
313	969
313	1032
313	1329
313	1559
314	875
315	1054
316	358
316	439
316	651
316	971
316	1495
317	671
317	1183
317	1351
317	1377
317	1631
317	1794
318	913
318	1501
318	1565
318	1716
319	621
320	421
320	754
320	1731
321	478
321	543
321	1217
321	1340
322	510
322	534
322	837
322	1030
322	1489
323	547
323	1650
323	1661
324	358
324	399
324	1827
325	496
325	544
325	1331
325	1536
326	527
326	556
326	947
326	1855
327	337
327	756
327	777
327	979
327	1200
328	583
328	989
328	1128
328	1769
329	489
329	1492
330	682
330	1290
330	1602
331	595
331	760
331	1174
331	1257
331	1607
331	1858
332	730
332	1078
332	1472
333	377
333	434
333	493
333	900
333	1258
333	1667
334	624
334	752
334	780
334	1152
334	1407
334	1548
335	588
335	1330
335	1394
335	1799
336	342
336	1241
336	1255
336	1328
336	1365
337	811
337	952
338	588
338	1499
339	614
339	653
339	936
339	946
339	1215
339	1892
340	1063
341	382
341	1154
342	518
342	1090
342	1252
342	1281
343	1174
343	1240
343	1363
344	381
344	1006
344	1567
344	1831
345	700
345	897
345	1713
346	1170
346	1580
347	1023
347	1621
348	1044
349	558
349	700
349	1461
349	1650
350	494
350	1057
350	1146
350	1403
350	1454
350	1562
351	972
352	360
352	389
352	440
352	540
352	877
352	1542
353	944
354	711
354	821
354	903
354	1378
355	920
356	450
357	1005
357	1167
357	1402
357	1597
358	1552
358	1767
359	875
359	1344
359	1840
360	675
360	1309
360	1369
360	1626
361	1162
361	1274
361	1841
362	400
362	641
362	893
362	1208
362	1333
362	1368
362	1521
362	1686
362	1805
363	625
363	798
363	1086
363	1106
364	1141
364	1663
365	444
365	1531
365	1862
366	745
366	1442
366	1536
366	1693
367	891
367	1210
367	1266
368	804
368	1172
368	1580
368	1703
368	1822
368	1876
369	1510
369	1648
370	665
370	671
371	559
371	978
371	1046
371	1892
372	469
372	1351
372	1473
372	1579
373	628
373	1354
373	1774
374	1721
375	990
375	1156
375	1228
375	1679
376	438
376	553
377	1235
378	642
378	965
378	1102
378	1896
379	552
379	1508
380	387
380	741
380	908
380	1461
381	918
381	1038
381	1131
382	428
382	460
382	783
382	791
382	1000
383	780
383	880
383	1454
383	1853
384	524
384	633
384	1022
384	1096
384	1358
384	1614
385	725
386	1075
386	1212
387	977
387	1594
387	1610
388	399
388	469
388	687
388	759
388	902
388	1163
388	1389
388	1897
389	703
389	1532
390	846
390	886
390	1310
390	1525
390	1751
391	598
391	600
391	1041
391	1504
392	920
392	1532
392	1633
393	1710
394	540
394	1632
394	1794
395	1792
395	1814
396	1184
396	1256
396	1290
396	1335
396	1601
397	734
398	1192
398	1503
399	1568
399	1863
400	973
400	1383
400	1661
401	423
401	1416
401	1856
402	956
402	1383
403	784
403	1113
403	1677
403	1841
404	650
404	713
404	892
404	1477
404	1787
404	1836
405	1387
406	563
406	807
406	1389
407	1166
407	1190
407	1327
408	1794
409	628
409	1309
409	1597
409	1658
409	1677
410	569
410	1180
410	1348
410	1533
411	1410
412	504
412	735
412	789
412	1573
412	1841
413	1213
414	545
414	850
414	1672
415	714
415	931
415	1704
415	1749
415	1827
416	489
417	523
417	580
417	1573
418	805
418	925
418	1835
419	1116
420	623
420	1423
421	533
421	1261
422	634
422	1024
422	1713
422	1788
422	1796
423	690
423	747
423	1688
423	1753
424	952
424	1059
424	1384
424	1880
425	739
425	1138
425	1559
426	890
426	1163
426	1738
427	731
427	1049
427	1256
428	1116
428	1324
428	1678
428	1686
428	1734
429	505
429	784
429	1110
430	467
430	645
430	996
430	1054
430	1299
430	1589
430	1669
431	1799
432	714
432	779
432	940
432	1335
433	1505
434	1630
435	1639
436	666
436	1267
436	1634
436	1661
436	1801
437	795
437	1060
437	1190
437	1273
437	1306
438	515
438	747
438	1586
439	1047
439	1174
440	877
441	1677
441	1754
442	446
442	823
442	1189
442	1263
442	1829
443	541
443	1494
443	1524
444	1798
444	1849
445	555
445	1206
445	1784
446	892
447	630
447	1614
447	1854
448	554
448	694
448	947
448	1026
448	1059
448	1194
448	1881
449	503
449	769
450	706
450	850
450	869
450	1203
450	1224
450	1412
450	1717
451	957
451	1073
451	1112
451	1122
451	1271
451	1706
451	1795
452	1245
452	1897
453	494
453	635
453	1088
453	1276
454	841
454	877
454	895
454	1348
455	1115
455	1379
455	1861
456	916
456	1094
456	1355
456	1889
457	855
457	1062
457	1736
458	475
458	1183
458	1577
458	1653
459	885
459	1038
459	1166
459	1225
460	543
460	792
460	882
460	1108
460	1387
461	1322
462	903
462	1591
462	1734
462	1811
463	710
463	815
463	1542
463	1824
464	583
464	1190
464	1263
464	1522
464	1587
465	1225
465	1447
466	697
467	482
467	1273
467	1845
468	667
468	1369
468	1692
468	1693
469	491
469	725
469	934
470	849
470	1038
470	1335
471	848
471	1030
471	1044
471	1734
471	1867
472	668
473	663
474	799
474	837
474	1346
475	1406
475	1527
475	1581
475	1787
476	889
476	1673
476	1717
476	1718
476	1738
477	698
478	549
478	756
478	795
478	982
478	1078
478	1782
479	1405
479	1594
480	645
480	1024
480	1545
481	730
482	652
483	573
483	644
483	890
483	901
484	1681
485	586
486	514
486	624
486	731
486	1562
486	1601
486	1810
487	1297
487	1511
488	778
488	925
488	1801
489	736
489	747
489	1178
490	1406
490	1449
492	952
492	1720
493	556
493	1104
493	1317
494	884
495	720
495	739
495	795
495	810
495	1061
495	1289
495	1387
495	1408
496	542
496	742
496	1658
497	583
498	585
498	937
498	1426
498	1811
499	764
499	1527
500	505
500	908
500	1107
501	740
501	1266
502	1305
502	1306
503	742
503	815
503	866
503	1331
503	1475
504	740
504	1195
504	1671
504	1682
505	666
505	1139
505	1272
506	1486
506	1684
506	1780
507	1087
507	1680
508	542
508	1280
508	1697
509	1557
510	604
510	846
510	943
511	614
511	855
511	942
511	1158
511	1736
512	1684
512	1767
513	696
513	1697
514	1152
514	1284
514	1349
515	894
515	1014
515	1250
515	1729
516	905
516	1283
516	1348
516	1485
516	1516
517	1043
518	883
518	988
518	1528
518	1855
519	1312
519	1395
521	1495
521	1514
521	1546
521	1764
522	557
522	581
522	613
522	865
522	1378
522	1424
524	594
524	629
524	1186
524	1509
524	1830
524	1842
524	1876
525	682
525	1326
525	1505
525	1656
526	640
526	1382
527	829
527	1861
527	1888
528	1143
528	1227
529	833
529	1740
530	760
530	857
530	1346
530	1564
531	581
531	1017
531	1022
531	1419
531	1766
532	1277
532	1292
532	1357
532	1899
533	788
533	796
533	1698
535	733
535	1022
535	1743
536	912
536	1895
537	700
537	1300
537	1846
538	868
538	1521
538	1667
539	1505
540	543
540	1513
541	951
541	1445
542	1125
543	1270
543	1419
543	1663
544	1046
544	1233
544	1805
545	663
545	1061
545	1081
545	1314
545	1553
546	904
546	996
546	1345
546	1468
546	1600
547	1745
548	1562
549	957
549	1223
549	1710
549	1792
550	594
550	1078
550	1172
552	656
552	818
552	1365
553	596
553	915
553	1435
553	1647
553	1832
553	1865
554	1408
555	560
555	608
555	1037
555	1185
556	759
556	862
556	1476
556	1706
557	1521
557	1654
557	1845
558	880
559	575
559	929
559	1255
559	1283
559	1763
560	619
560	765
560	860
560	1395
560	1523
561	720
561	1813
561	1843
561	1891
562	807
562	1249
562	1518
563	948
564	997
564	1822
565	698
565	814
565	1001
565	1451
565	1477
565	1599
565	1655
566	823
566	1491
566	1559
566	1727
567	982
567	1205
567	1478
568	711
568	984
568	1076
568	1117
569	1003
569	1412
569	1701
570	670
570	1416
571	713
571	765
571	1184
572	1591
573	620
573	1466
573	1775
574	1376
574	1577
574	1578
574	1894
575	832
575	1158
575	1263
575	1599
576	1504
577	1142
577	1503
577	1808
578	1486
579	666
579	975
579	1061
579	1158
579	1295
579	1603
580	1113
580	1187
580	1221
581	725
581	1233
581	1590
582	705
582	1305
582	1518
582	1842
583	1657
584	1006
584	1427
584	1860
585	642
585	1321
585	1578
586	1438
587	649
587	764
587	1168
587	1290
588	1144
588	1260
588	1553
589	741
589	889
589	906
589	949
589	1289
589	1611
589	1739
590	1119
591	720
591	728
591	932
592	804
592	1472
592	1694
593	720
593	1184
593	1319
593	1344
594	767
594	1018
594	1085
594	1593
594	1845
595	937
595	1209
595	1820
596	615
596	1103
596	1450
596	1610
597	1665
597	1860
598	881
598	943
598	1560
598	1640
601	617
601	729
601	844
601	880
601	1876
602	919
602	987
602	1031
602	1662
603	742
603	1604
603	1847
604	1140
604	1263
604	1356
604	1517
604	1685
605	845
605	1833
606	1740
607	738
607	753
607	825
607	867
607	1198
607	1391
607	1705
607	1798
607	1892
608	1776
608	1833
609	863
609	1856
610	889
610	1641
611	952
611	1555
611	1755
612	1060
612	1804
613	804
613	1505
613	1654
613	1866
614	743
614	1097
614	1414
615	616
615	656
615	838
615	962
615	1211
615	1294
615	1498
616	1626
616	1652
617	652
618	1482
619	662
619	922
619	1412
620	813
620	995
620	1140
621	812
621	1004
622	652
622	923
622	1140
622	1843
625	703
625	1506
625	1573
625	1755
625	1897
626	723
626	900
626	1047
626	1542
627	946
628	1705
629	685
629	724
629	1035
629	1313
629	1316
630	703
630	1285
630	1355
630	1792
631	1099
632	738
632	900
632	1521
632	1742
633	784
633	825
633	931
633	1155
633	1218
633	1299
633	1537
634	660
634	1754
635	1408
636	882
636	895
636	978
636	1547
636	1805
637	1362
637	1838
638	910
638	1256
639	807
639	998
639	1322
640	760
640	1163
640	1825
640	1877
641	714
641	745
641	967
641	1043
642	753
642	792
642	1298
642	1460
642	1650
642	1699
643	1056
643	1892
644	1230
644	1642
645	717
645	1689
645	1749
646	876
646	1342
647	662
647	683
647	899
647	1296
647	1412
648	1026
648	1231
648	1406
649	1488
649	1605
650	659
650	864
650	1009
650	1333
650	1594
651	985
651	1114
652	1062
652	1623
653	671
653	1398
653	1459
653	1552
654	1658
654	1859
655	1647
655	1828
657	999
657	1465
657	1640
658	1030
658	1403
658	1509
658	1550
658	1613
659	810
660	835
660	991
661	737
661	788
662	1137
662	1184
663	736
663	1812
664	943
664	1508
664	1836
665	837
665	1391
665	1648
666	1092
668	717
668	1542
668	1850
669	826
669	1349
669	1432
669	1469
669	1774
670	1102
671	813
671	1109
671	1622
672	1175
672	1447
672	1781
673	1184
674	1235
675	1082
675	1758
676	1742
677	827
677	913
678	1401
678	1777
678	1814
678	1891
679	1234
679	1596
680	1819
681	1754
681	1826
682	744
682	1583
683	1441
683	1704
683	1835
683	1841
684	1194
685	718
686	980
687	812
688	1216
688	1411
688	1726
689	1297
690	912
691	959
691	1526
691	1602
692	874
692	931
692	981
692	1021
692	1719
693	738
693	808
693	845
693	1221
693	1629
694	1593
695	717
695	886
695	1088
695	1596
696	700
696	790
697	988
697	1178
698	871
698	1401
698	1830
698	1871
699	990
699	1628
700	1002
700	1308
700	1355
700	1512
700	1558
701	870
703	901
703	1621
704	750
704	829
704	856
704	896
704	955
705	1427
705	1620
706	710
707	789
707	1439
707	1595
708	1091
708	1674
709	745
709	1627
709	1642
709	1712
710	722
711	898
711	1065
711	1311
711	1354
712	890
712	1013
712	1046
712	1520
713	780
714	1477
714	1754
714	1766
715	1492
716	888
717	809
717	1339
717	1375
717	1647
718	895
718	1184
719	1733
720	994
720	1442
720	1490
721	1294
721	1330
721	1431
722	853
722	872
722	1344
722	1601
722	1615
722	1831
723	925
723	1073
723	1078
723	1642
725	1660
726	1252
727	1360
727	1799
727	1801
728	833
728	1170
729	966
729	1091
729	1639
730	1526
731	1556
732	769
732	809
732	1019
733	767
733	797
733	1205
733	1548
733	1568
734	1109
734	1172
734	1332
735	1078
735	1720
736	1807
737	755
737	981
737	1060
737	1712
738	840
738	969
738	1743
738	1845
739	903
739	1064
739	1677
740	1143
741	921
741	1012
742	1793
742	1843
743	1120
743	1858
744	1453
744	1842
745	1301
746	787
746	1761
747	1136
747	1471
747	1481
748	795
748	1173
748	1252
749	1440
749	1503
750	1283
750	1864
751	866
752	754
753	1455
753	1475
754	898
754	1137
754	1274
754	1289
755	902
755	1320
755	1709
755	1721
756	1436
756	1821
757	861
757	1598
758	1357
758	1698
759	961
759	995
759	1044
759	1690
759	1867
759	1876
760	1807
761	779
761	1015
761	1270
761	1331
761	1486
761	1519
761	1789
762	1147
763	836
763	1327
764	1101
765	945
765	1734
766	815
766	1343
766	1413
766	1544
767	1637
768	1149
768	1266
768	1312
768	1429
768	1478
768	1588
770	911
770	1084
770	1143
770	1671
770	1813
771	909
771	1033
771	1327
771	1371
771	1468
772	1668
773	1094
773	1203
773	1556
774	882
774	1138
774	1205
774	1340
775	1457
775	1675
775	1681
776	1668
777	863
777	1767
778	890
778	933
778	1205
778	1302
778	1537
779	1398
779	1413
779	1505
779	1888
780	856
780	1175
780	1242
780	1728
781	1192
781	1320
781	1696
782	1450
782	1722
783	1432
785	871
785	968
785	1009
786	1081
786	1578
788	978
788	1516
789	1685
789	1819
790	1050
790	1162
790	1222
791	1585
792	969
792	1539
792	1570
792	1715
792	1843
793	1835
794	1264
794	1305
794	1317
794	1664
794	1834
795	806
796	821
796	1669
796	1732
796	1766
798	977
798	1076
798	1646
798	1692
799	1226
799	1522
799	1845
800	952
800	1597
801	1601
802	1300
802	1497
802	1750
803	1077
803	1659
803	1767
804	1133
804	1298
804	1821
805	1299
805	1514
805	1795
806	886
806	1502
806	1533
806	1676
806	1881
807	1678
807	1682
807	1847
809	1458
811	1466
811	1501
811	1803
812	1443
812	1794
813	903
813	908
813	1371
814	1366
814	1494
814	1703
815	1729
816	1198
816	1381
816	1699
816	1759
817	1100
817	1626
818	1001
818	1265
819	1864
820	1386
820	1418
820	1423
821	1465
821	1839
822	1151
822	1167
822	1223
822	1456
824	1390
825	1113
825	1712
826	930
826	1065
826	1150
826	1624
826	1821
827	1026
827	1227
827	1243
828	1113
828	1229
828	1552
829	896
829	1192
829	1525
830	951
830	1253
831	1305
831	1371
831	1473
831	1792
832	881
832	988
832	1029
832	1271
834	1272
834	1518
835	1290
835	1679
835	1708
836	1075
836	1437
836	1447
836	1496
837	1176
837	1733
837	1767
838	1658
838	1780
839	1640
839	1844
840	1432
841	1113
841	1435
841	1860
842	1250
842	1388
843	1116
843	1357
843	1655
844	1353
844	1663
844	1838
845	1297
846	1040
847	1241
847	1451
847	1898
848	1169
848	1302
848	1572
848	1623
849	1111
850	963
850	1455
850	1736
850	1764
851	1159
852	1337
853	1110
853	1321
853	1866
854	864
854	1635
854	1809
854	1849
855	908
855	1070
855	1224
855	1238
855	1673
855	1852
856	1664
857	1185
857	1593
857	1862
859	1067
859	1216
859	1553
859	1569
859	1617
859	1849
860	903
860	1051
861	1107
861	1210
861	1402
862	1386
863	1043
863	1538
864	1244
864	1252
864	1841
865	1012
865	1792
866	1188
866	1257
866	1491
867	1363
868	892
868	905
868	1014
870	989
870	1080
870	1370
870	1467
870	1858
870	1865
871	1028
871	1449
871	1695
872	949
873	1314
873	1702
873	1884
874	976
875	1587
875	1709
876	913
876	1323
876	1393
876	1778
877	1170
877	1185
878	1154
878	1888
879	1224
879	1235
880	1064
880	1136
880	1531
880	1572
880	1593
882	942
883	1600
884	1349
884	1570
885	1093
885	1425
885	1444
887	1400
888	1878
889	996
889	1664
890	959
890	1488
891	1028
891	1394
891	1736
893	1338
894	910
895	1626
896	941
896	1044
896	1413
896	1573
896	1582
897	1543
897	1545
897	1879
898	900
898	960
898	1253
898	1262
898	1318
899	1177
899	1378
899	1502
899	1530
899	1749
900	1008
900	1225
900	1324
900	1341
900	1408
900	1646
901	1120
901	1185
901	1539
901	1702
902	1616
903	1258
903	1261
904	1377
904	1608
904	1698
904	1727
905	1237
905	1286
905	1318
905	1860
906	1783
907	1463
908	1835
910	1581
910	1691
911	1075
911	1181
912	1462
912	1548
913	1058
913	1193
913	1394
914	1143
914	1790
915	942
915	1636
916	1596
916	1821
917	969
917	1170
917	1269
917	1532
917	1848
917	1853
918	1002
918	1283
919	943
920	1259
920	1426
921	1375
921	1436
921	1453
921	1639
921	1703
922	1221
922	1563
922	1686
923	1300
924	968
924	1170
924	1364
924	1886
925	1520
925	1648
925	1693
926	1096
926	1400
927	1049
927	1090
927	1334
927	1763
929	1418
930	1186
930	1235
930	1398
930	1524
930	1797
931	1206
931	1220
931	1304
931	1451
932	1142
932	1247
932	1277
932	1627
933	1394
933	1432
934	1713
935	1052
935	1118
935	1317
935	1322
936	1599
936	1747
938	1252
939	1192
940	1334
940	1454
940	1543
941	1005
941	1265
941	1411
942	1082
942	1455
943	1139
943	1330
943	1492
944	1097
944	1100
945	1268
945	1571
946	1212
946	1738
946	1796
948	1198
949	1031
949	1101
950	1100
950	1107
951	1721
951	1791
952	1484
953	1038
953	1368
953	1608
953	1793
954	1264
955	1402
955	1811
956	963
957	1499
957	1791
957	1847
958	1264
958	1469
958	1588
959	1087
959	1839
959	1862
960	1503
960	1741
961	1063
961	1463
961	1501
961	1527
962	1077
962	1247
962	1281
962	1325
963	1061
963	1430
963	1557
963	1725
964	1550
964	1832
965	1119
965	1162
965	1651
965	1898
968	1106
970	1381
970	1766
971	1131
971	1303
971	1766
974	1015
974	1082
974	1661
976	1089
976	1263
976	1367
977	1676
977	1732
978	1044
978	1126
978	1563
978	1730
979	1200
979	1267
979	1272
979	1772
981	984
981	1178
982	1109
982	1125
982	1765
983	1128
983	1351
984	1004
984	1242
985	1048
985	1598
986	1069
986	1752
987	1716
988	1379
989	1027
989	1478
989	1486
989	1557
990	1782
991	1405
991	1496
991	1562
992	1567
992	1604
993	1129
993	1556
994	1149
994	1528
995	1157
995	1553
995	1867
996	1071
996	1419
997	1293
998	1102
998	1127
998	1215
998	1535
998	1764
998	1765
1001	1259
1001	1641
1002	1586
1002	1793
1003	1113
1003	1796
1004	1050
1004	1426
1005	1250
1005	1755
1006	1038
1006	1043
1006	1092
1006	1160
1006	1226
1006	1558
1007	1261
1007	1544
1007	1801
1009	1064
1009	1101
1009	1289
1009	1290
1009	1580
1010	1045
1011	1354
1011	1752
1012	1026
1012	1197
1012	1563
1012	1762
1013	1087
1013	1551
1014	1588
1014	1736
1015	1097
1015	1276
1015	1331
1016	1055
1016	1332
1018	1254
1018	1630
1021	1367
1021	1768
1022	1605
1023	1531
1024	1408
1024	1509
1025	1385
1027	1039
1027	1093
1027	1526
1027	1657
1027	1834
1028	1467
1028	1573
1029	1093
1029	1124
1029	1878
1030	1171
1031	1059
1031	1323
1032	1177
1032	1394
1033	1269
1033	1848
1037	1762
1038	1107
1039	1524
1039	1546
1041	1122
1041	1314
1041	1461
1041	1704
1042	1078
1042	1701
1042	1789
1043	1480
1045	1049
1045	1124
1045	1747
1045	1824
1046	1061
1046	1699
1046	1732
1047	1398
1047	1729
1048	1122
1048	1270
1048	1470
1048	1536
1049	1072
1049	1203
1049	1537
1049	1593
1050	1446
1050	1873
1050	1885
1051	1120
1051	1433
1052	1276
1053	1418
1054	1382
1054	1792
1055	1142
1055	1206
1055	1373
1055	1622
1056	1105
1057	1634
1057	1809
1058	1672
1058	1863
1059	1596
1060	1134
1060	1301
1061	1222
1061	1393
1061	1440
1061	1600
1061	1751
1062	1079
1062	1780
1062	1824
1062	1862
1063	1431
1063	1631
1063	1865
1064	1122
1064	1688
1066	1501
1066	1576
1067	1203
1068	1427
1068	1473
1070	1194
1070	1888
1071	1856
1072	1186
1072	1375
1072	1618
1073	1151
1073	1814
1075	1124
1075	1148
1075	1711
1076	1174
1077	1426
1077	1470
1078	1521
1078	1612
1078	1838
1079	1081
1079	1420
1080	1409
1081	1307
1081	1393
1082	1473
1083	1096
1084	1298
1084	1435
1084	1559
1085	1221
1085	1541
1085	1586
1087	1222
1087	1447
1087	1453
1087	1758
1088	1568
1089	1876
1089	1895
1090	1256
1090	1588
1090	1799
1091	1102
1091	1133
1091	1256
1091	1257
1091	1462
1092	1295
1092	1682
1093	1593
1094	1244
1094	1545
1094	1800
1095	1309
1095	1338
1095	1656
1096	1702
1097	1458
1098	1133
1098	1725
1098	1808
1100	1832
1101	1114
1101	1558
1101	1672
1101	1751
1101	1794
1101	1812
1102	1356
1102	1791
1102	1888
1103	1329
1104	1365
1104	1624
1104	1753
1105	1121
1105	1178
1106	1388
1107	1157
1107	1492
1108	1602
1108	1844
1110	1475
1110	1811
1111	1441
1111	1542
1112	1590
1112	1693
1112	1771
1112	1840
1113	1300
1113	1402
1114	1843
1116	1374
1116	1406
1118	1602
1121	1239
1121	1242
1121	1815
1122	1407
1123	1392
1123	1457
1123	1610
1123	1748
1123	1857
1124	1715
1125	1137
1125	1640
1125	1716
1126	1210
1126	1246
1127	1531
1127	1549
1127	1562
1128	1767
1128	1878
1129	1835
1130	1315
1130	1467
1131	1454
1132	1339
1133	1404
1133	1503
1134	1323
1134	1336
1134	1382
1134	1589
1134	1592
1134	1816
1135	1542
1136	1247
1136	1592
1136	1644
1136	1747
1138	1252
1138	1578
1138	1675
1138	1740
1138	1886
1139	1282
1139	1291
1141	1153
1141	1488
1141	1636
1141	1810
1142	1145
1143	1841
1144	1554
1144	1600
1144	1684
1144	1762
1146	1883
1147	1752
1148	1190
1148	1240
1149	1235
1149	1335
1149	1503
1149	1509
1149	1801
1150	1637
1151	1458
1151	1681
1152	1564
1152	1631
1154	1837
1155	1556
1155	1600
1156	1546
1156	1773
1156	1814
1158	1194
1159	1169
1159	1245
1159	1544
1160	1590
1160	1594
1161	1172
1162	1795
1163	1202
1163	1214
1163	1418
1164	1192
1164	1362
1165	1324
1165	1473
1166	1610
1167	1221
1167	1562
1168	1532
1171	1591
1171	1719
1172	1503
1173	1583
1173	1733
1174	1355
1176	1488
1177	1602
1178	1720
1178	1726
1179	1525
1180	1371
1180	1811
1181	1400
1182	1251
1182	1607
1182	1644
1183	1574
1183	1653
1183	1760
1184	1482
1186	1574
1187	1439
1189	1350
1190	1296
1190	1887
1191	1344
1191	1371
1192	1494
1192	1724
1193	1805
1193	1874
1195	1587
1195	1623
1196	1351
1196	1369
1197	1267
1197	1473
1197	1494
1197	1570
1197	1832
1198	1808
1199	1872
1200	1524
1201	1309
1202	1220
1202	1608
1203	1342
1203	1707
1203	1870
1204	1265
1205	1534
1207	1277
1208	1487
1208	1884
1210	1404
1210	1597
1211	1842
1211	1868
1212	1253
1212	1604
1213	1734
1214	1504
1214	1649
1215	1258
1216	1456
1216	1532
1216	1637
1217	1411
1217	1549
1217	1758
1217	1889
1218	1445
1218	1557
1219	1415
1219	1559
1220	1325
1220	1766
1221	1479
1222	1519
1223	1624
1224	1288
1224	1445
1224	1654
1225	1350
1226	1238
1226	1340
1226	1866
1227	1706
1228	1423
1228	1561
1230	1383
1230	1595
1231	1883
1232	1402
1232	1403
1232	1544
1232	1792
1233	1398
1233	1667
1233	1894
1234	1481
1235	1545
1236	1649
1236	1809
1237	1775
1237	1791
1238	1423
1240	1308
1240	1635
1241	1341
1241	1342
1241	1627
1241	1759
1241	1766
1242	1803
1243	1794
1244	1247
1245	1689
1245	1750
1247	1899
1248	1758
1250	1509
1250	1831
1250	1863
1251	1597
1251	1676
1251	1744
1253	1866
1254	1736
1257	1636
1259	1342
1259	1519
1259	1677
1260	1748
1260	1865
1263	1561
1263	1898
1264	1623
1264	1628
1265	1556
1265	1637
1265	1788
1265	1792
1266	1483
1267	1306
1267	1665
1269	1641
1269	1764
1270	1504
1271	1665
1271	1722
1271	1863
1272	1339
1272	1507
1272	1889
1273	1460
1274	1427
1274	1886
1275	1728
1276	1436
1277	1388
1277	1593
1278	1766
1278	1837
1280	1407
1280	1533
1281	1480
1281	1886
1282	1629
1282	1632
1283	1798
1285	1366
1285	1456
1285	1815
1286	1355
1286	1475
1287	1402
1287	1766
1288	1647
1289	1324
1289	1751
1290	1533
1290	1606
1290	1735
1291	1350
1291	1620
1291	1811
1292	1535
1292	1681
1294	1857
1295	1311
1297	1453
1299	1515
1299	1839
1299	1856
1300	1726
1300	1778
1300	1878
1301	1882
1304	1617
1304	1635
1305	1584
1305	1708
1307	1557
1308	1436
1308	1876
1309	1489
1311	1750
1312	1832
1313	1339
1313	1373
1313	1570
1314	1380
1314	1622
1315	1512
1316	1555
1318	1365
1318	1523
1318	1619
1318	1765
1319	1386
1320	1541
1322	1765
1323	1525
1324	1409
1324	1425
1325	1793
1325	1811
1326	1449
1328	1668
1332	1773
1333	1358
1333	1490
1334	1793
1335	1451
1335	1510
1336	1391
1338	1502
1338	1551
1339	1351
1339	1479
1339	1505
1340	1464
1340	1585
1340	1822
1341	1476
1341	1524
1342	1597
1342	1690
1343	1882
1344	1600
1344	1781
1345	1891
1346	1373
1350	1639
1351	1459
1351	1584
1351	1726
1352	1544
1353	1398
1353	1425
1353	1552
1353	1744
1355	1753
1356	1643
1357	1798
1358	1654
1358	1883
1359	1838
1359	1874
1361	1490
1362	1366
1362	1413
1362	1573
1362	1782
1363	1651
1364	1371
1365	1689
1365	1757
1366	1628
1366	1819
1368	1403
1368	1419
1369	1400
1369	1647
1369	1812
1371	1451
1371	1894
1372	1551
1372	1622
1372	1893
1373	1686
1375	1443
1375	1871
1375	1873
1379	1602
1382	1844
1383	1409
1385	1704
1385	1811
1386	1550
1388	1619
1389	1623
1389	1682
1390	1626
1391	1788
1391	1813
1391	1871
1393	1429
1393	1637
1395	1488
1395	1699
1395	1746
1396	1587
1396	1894
1397	1572
1397	1625
1398	1793
1399	1650
1399	1692
1400	1488
1402	1766
1405	1843
1408	1593
1410	1779
1411	1783
1412	1819
1415	1664
1415	1811
1415	1883
1416	1832
1416	1895
1417	1746
1418	1719
1418	1793
1419	1880
1420	1430
1420	1559
1420	1883
1422	1734
1422	1860
1426	1702
1426	1816
1427	1610
1428	1490
1428	1566
1428	1712
1428	1821
1429	1729
1430	1480
1430	1484
1430	1622
1431	1448
1433	1870
1433	1880
1434	1517
1435	1517
1437	1845
1437	1867
1439	1835
1441	1483
1441	1808
1442	1886
1443	1835
1444	1453
1445	1672
1446	1505
1446	1707
1449	1801
1450	1847
1451	1752
1452	1497
1452	1556
1452	1636
1452	1654
1454	1586
1459	1538
1460	1727
1460	1735
1461	1518
1461	1552
1462	1689
1463	1635
1465	1555
1466	1622
1466	1832
1468	1477
1468	1668
1468	1855
1469	1642
1471	1599
1472	1528
1474	1855
1476	1822
1477	1861
1478	1861
1478	1872
1479	1749
1482	1692
1484	1608
1485	1565
1486	1889
1489	1491
1490	1596
1490	1891
1492	1847
1492	1881
1493	1639
1495	1727
1496	1731
1496	1851
1497	1755
1498	1737
1499	1577
1499	1580
1500	1834
1503	1825
1506	1849
1509	1539
1509	1743
1510	1666
1510	1780
1511	1716
1512	1783
1513	1662
1514	1806
1518	1762
1519	1565
1519	1604
1520	1611
1523	1569
1523	1656
1525	1836
1526	1737
1527	1723
1527	1742
1527	1828
1532	1670
1533	1809
1534	1887
1535	1545
1539	1750
1549	1812
1550	1565
1550	1699
1552	1610
1556	1573
1556	1579
1559	1615
1559	1637
1559	1749
1561	1739
1562	1576
1562	1586
1562	1682
1563	1565
1564	1649
1564	1743
1566	1657
1566	1668
1566	1854
1568	1666
1568	1702
1569	1667
1569	1867
1570	1746
1572	1735
1577	1731
1580	1661
1581	1677
1583	1782
1584	1656
1584	1848
1585	1778
1590	1678
1595	1689
1596	1771
1598	1708
1598	1756
1600	1714
1600	1832
1602	1649
1603	1633
1603	1876
1604	1704
1605	1783
1605	1896
1606	1654
1608	1762
1608	1824
1609	1613
1609	1779
1611	1792
1611	1886
1613	1658
1614	1785
1614	1882
1615	1840
1615	1874
1618	1894
1625	1726
1626	1751
1627	1708
1627	1865
1629	1633
1630	1635
1630	1776
1636	1813
1640	1896
1642	1873
1644	1796
1645	1781
1650	1725
1651	1665
1651	1674
1654	1754
1657	1662
1660	1896
1664	1802
1666	1845
1671	1677
1672	1862
1676	1726
1680	1747
1682	1733
1683	1691
1683	1721
1683	1895
1684	1875
1688	1773
1689	1889
1690	1890
1693	1880
1697	1741
1697	1855
1699	1800
1703	1857
1708	1816
1713	1879
1715	1873
1717	1774
1718	1767
1722	1818
1723	1832
1725	1871
1728	1863
1730	1773
1737	1877
1739	1890
1741	1849
1741	1851
1746	1748
1747	1777
1750	1869
1759	1800
1763	1784
1763	1844
1777	1840
1785	1847
1792	1849
1795	1842
1795	1882
1806	1881
1813	1839
1817	1830
1817	1838
1820	1848
1824	1866
1832	1894
1833	1855
1837	1849
1848	1856
1850	1869
1869	1874
1873	1880