0	1872
1	223
1	413
1	836
1	1780
2	295
2	299
3	31
3	304
3	352
3	378
3	1034
3	1395
4	1000
4	1101
4	1190
4	1292
4	1545
5	613
5	946
5	1593
5	1899
6	405
6	1586
6	1602
7	400
7	850
7	1224
8	309
8	846
8	854
8	947
8	961
8	976
8	1027
8	1132
8	1356
8	1802
9	257
9	369
9	1415
9	1417
9	1438
10	1049
10	1165
10	1830
11	223
11	880
11	1141
11	1576
11	1676
12	445
12	1671
13	594
13	683
13	723
13	1459
13	1587
14	407
15	512
15	1114
15	1127
15	1799
16	1227
16	1435
16	1526
16	1642
16	1676
16	1813
17	356
17	409
17	514
17	916
18	102
18	112
18	973
18	1683
19	1392
19	1411
19	1561
19	1699
20	908
20	952
20	1659
20	1820
20	1863
20	1897
21	333
21	529
21	874
21	1801
22	899
22	1172
22	1631
22	1848
22	1897
23	127
23	464
23	481
23	956
23	1227
23	1668
24	181
24	223
24	259
24	601
24	674
24	949
24	1466
24	1814
25	964
25	1271
26	1201
26	1478
26	1838
27	850
27	977
27	1042
28	222
28	1153
28	1183
28	1454
28	1894
29	400
29	907
29	967
30	590
30	1458
31	162
31	705
31	1313
31	1346
32	367
32	1005
32	1652
33	419
33	502
33	1213
33	1304
33	1897
34	1190
34	1442
34	1458
35	90
35	143
35	907
35	1056
36	534
36	1780
37	167
37	584
37	1590
37	1655
38	866
38	980
39	411
39	759
39	796
39	1002
39	1363
39	1865
40	191
40	512
40	740
40	800
40	1245
40	1368
41	129
41	577
41	1811
42	45
42	126
42	413
42	656
42	1617
43	272
43	292
43	835
43	1026
43	1501
43	1721
44	278
44	1189
44	1851
45	158
45	947
46	1138
47	879
47	1730
47	1802
48	257
48	888
49	148
49	173
49	1393
50	1841
51	1108
51	1188
52	275
52	552
52	646
52	705
53	155
53	279
53	683
54	338
54	552
54	631
54	705
54	826
54	944
54	1499
54	1790
55	115
55	173
55	1517
55	1535
56	274
56	296
56	487
56	501
56	948
56	1566
56	1808
57	315
57	849
57	1154
58	1759
58	1855
59	1530
59	1874
60	71
60	1347
60	1450
61	424
61	608
61	806
61	1353
62	729
62	1218
62	1626
63	200
63	663
63	1336
64	101
64	487
64	675
64	680
64	888
64	1191
65	211
66	1202
67	720
67	1601
67	1758
68	524
68	525
68	1481
68	1660
69	217
69	333
69	749
69	1147
69	1623
69	1748
70	333
70	445
70	507
70	1001
72	248
72	250
72	280
72	601
72	1087
72	1225
72	1529
73	523
73	1455
74	327
74	696
74	859
74	1133
74	1308
74	1679
75	236
75	1199
75	1204
75	1620
76	131
76	1564
77	117
77	754
77	815
77	1857
78	1703
79	1226
79	1242
79	1565
80	165
80	280
80	408
81	377
81	509
81	916
82	111
82	1371
82	1670
83	790
83	1160
83	1284
83	1586
83	1720
84	238
84	1298
84	1531
85	766
85	963
85	1343
86	647
86	707
86	1007
86	1083
86	1133
86	1287
86	1757
87	234
87	774
87	1455
87	1731
87	1897
88	562
88	1243
88	1758
88	1809
89	995
89	1428
89	1680
89	1887
90	118
90	673
91	1062
91	1076
91	1173
91	1390
92	163
92	624
92	711
92	1579
93	486
93	706
93	1525
93	1665
93	1731
93	1829
94	620
94	795
94	863
94	1589
95	570
95	612
95	967
96	281
96	535
97	821
97	1546
97	1619
97	1718
98	229
98	394
98	625
98	691
98	1302
98	1782
99	423
99	468
99	675
99	930
100	479
100	981
100	1093
100	1126
100	1136
100	1547
101	551
101	677
101	1066
101	1883
102	696
102	1117
102	1643
103	111
103	158
103	1048
103	1315
104	500
104	994
104	1103
104	1786
105	388
105	456
105	975
105	1375
105	1525
106	204
106	246
106	291
106	867
106	873
106	973
107	875
107	1393
108	337
108	668
108	811
108	834
108	1071
108	1295
108	1563
108	1874
109	145
109	210
109	367
109	1015
109	1162
110	1752
110	1785
110	1829
111	253
111	857
112	376
112	666
112	884
112	939
112	1084
112	1112
112	1795
113	563
113	685
113	849
113	1616
113	1766
114	1245
115	601
115	630
115	1160
116	618
116	753
116	953
116	1067
116	1139
117	191
117	1635
118	191
118	425
118	771
118	982
118	1149
118	1765
119	178
119	330
119	483
119	759
119	1573
119	1764
120	732
120	1202
120	1760
121	406
121	664
121	1544
121	1794
122	1534
123	1540
124	1461
125	1889
126	185
126	1042
126	1569
127	528
127	1273
128	277
128	396
128	886
128	942
128	1269
128	1899
129	476
129	1156
129	1235
130	214
130	229
130	431
130	537
130	931
130	944
130	1370
130	1401
130	1720
130	1808
131	401
131	752
131	1323
131	1502
131	1612
132	414
132	552
132	903
132	1129
132	1543
133	214
133	362
133	963
133	1673
133	1862
134	591
134	593
134	1176
134	1390
134	1828
135	1622
135	1838
136	224
136	271
136	378
136	1366
136	1716
137	693
138	285
138	424
138	441
138	892
138	1333
138	1854
139	1035
139	1502
139	1515
139	1666
139	1838
140	885
140	973
140	1231
141	148
141	207
141	349
141	761
141	1254
142	822
142	1315
142	1669
142	1692
143	743
143	974
143	1237
143	1266
143	1433
143	1721
143	1724
143	1816
143	1880
144	244
144	552
144	1164
144	1632
145	589
145	632
145	655
145	836
145	999
145	1340
145	1568
145	1701
146	315
146	579
146	749
146	1002
146	1540
146	1839
147	198
147	976
147	1019
147	1089
147	1137
147	1431
147	1562
147	1721
148	167
148	208
148	230
148	624
148	641
148	1224
148	1616
148	1621
149	859
149	904
150	1840
151	1717
152	448
152	661
152	926
152	1137
153	665
153	1134
153	1321
153	1580
153	1809
154	823
154	1193
155	388
155	992
155	1444
156	879
156	985
156	1236
157	643
158	235
158	564
159	215
160	948
160	1110
160	1372
160	1540
160	1888
161	511
161	630
161	772
161	944
161	1349
161	1608
161	1796
162	914
162	1133
162	1185
162	1199
162	1534
163	296
163	415
163	1182
163	1665
163	1784
164	342
164	628
164	1866
164	1898
165	1189
165	1432
165	1813
166	559
166	767
167	351
167	563
167	986
168	531
169	508
169	532
169	650
169	664
169	1547
169	1732
170	624
170	1041
170	1410
171	456
171	522
171	1060
171	1120
171	1128
172	1092
172	1235
172	1283
172	1513
173	1526
173	1626
174	1441
174	1539
175	1203
175	1271
175	1296
175	1345
175	1791
175	1887
176	663
176	761
176	1379
177	968
177	1022
177	1516
177	1761
178	296
178	1232
179	1761
180	302
180	541
180	1056
180	1427
181	644
181	1260
181	1799
181	1812
182	280
182	824
183	199
183	351
183	613
183	847
183	940
183	1648
183	1667
184	1289
184	1623
185	865
185	875
185	1786
186	197
187	342
187	1078
187	1105
187	1572
187	1813
188	231
188	437
188	1236
189	626
189	706
190	262
190	429
190	1188
190	1288
190	1738
191	323
191	364
191	665
191	694
191	761
191	1576
191	1671
191	1828
192	252
192	916
192	1136
192	1231
193	238
193	1555
194	877
194	957
194	1559
194	1776
195	275
195	365
195	490
195	514
195	546
195	710
195	1271
195	1466
195	1516
195	1872
196	1601
197	333
197	474
197	650
197	960
197	1607
198	883
198	914
198	1608
199	813
199	1196
199	1386
200	1080
200	1142
201	204
201	340
201	417
201	431
201	828
201	1520
201	1744
202	871
203	1612
203	1651
203	1816
204	874
204	999
204	1154
204	1478
205	1210
205	1385
205	1769
206	380
206	676
206	973
206	1026
206	1679
207	592
207	867
207	946
207	1396
207	1643
207	1688
207	1787
208	266
208	1529
208	1575
209	449
209	658
210	260
210	1627
210	1639
210	1716
211	1523
211	1755
212	885
213	739
213	960
213	1472
213	1730
214	686
214	1141
214	1365
214	1871
215	331
215	425
215	931
215	1758
215	1767
216	726
216	859
216	1162
217	364
217	438
217	707
217	728
217	878
217	1298
217	1353
217	1554
218	298
218	394
218	756
218	835
218	1349
218	1429
218	1432
218	1646
219	1519
219	1830
220	645
220	875
220	1199
221	583
222	930
222	1296
223	579
223	681
224	708
224	835
224	1043
225	1225
225	1506
226	434
226	724
226	753
226	797
226	851
226	957
227	415
227	795
227	1392
228	490
228	1256
228	1330
228	1899
229	916
229	1712
230	371
230	1824
231	551
231	1299
232	1687
232	1818
233	477
233	519
233	1215
233	1391
233	1430
234	715
235	1568
236	657
236	792
236	1696
236	1836
237	717
237	955
237	1253
238	392
238	850
238	892
238	1664
239	820
239	1556
239	1611
239	1721
240	648
240	842
240	1263
240	1507
241	466
241	1805
242	266
243	1421
244	254
244	272
244	480
244	1327
244	1800
245	594
246	676
246	1304
246	1344
246	1538
246	1769
247	925
247	1245
247	1484
247	1859
248	278
248	1718
249	862
249	925
249	1597
250	1720
251	619
252	1546
253	353
253	407
253	610
253	1412
254	1129
254	1399
255	277
255	607
255	671
255	1352
255	1556
256	966
256	1338
256	1424
256	1826
257	1508
258	780
258	1672
258	1708
260	1012
260	1195
261	907
262	451
262	1697
263	759
263	1065
264	348
264	771
264	1827
265	1047
265	1076
265	1447
266	669
266	686
266	1293
266	1810
267	1548
267	1811
268	441
269	294
269	606
269	1708
269	1779
270	366
270	793
270	810
270	1855
271	710
271	902
271	1008
271	1250
271	1317
272	687
272	700
272	1334
273	767
274	1267
275	1176
276	817
276	1504
276	1702
277	361
277	959
277	1405
277	1662
277	1706
278	799
278	902
278	1052
278	1224
278	1620
278	1751
279	845
279	1478
279	1627
280	500
280	503
281	721
282	710
282	1478
283	1044
283	1303
283	1599
283	1637
284	502
284	1653
285	430
285	477
285	761
285	1021
286	517
286	924
286	1234
287	956
287	1136
287	1251
287	1354
288	302
288	636
288	1335
288	1775
289	501
289	941
290	772
290	838
292	395
292	1136
292	1395
293	1413
294	1017
294	1111
294	1345
294	1828
295	336
295	386
295	1201
295	1693
295	1717
296	373
296	710
296	739
296	1485
297	362
297	1454
297	1880
298	455
298	1217
298	1809
299	515
299	842
299	905
299	1363
299	1501
300	1174
300	1478
301	706
301	1195
301	1530
302	321
302	677
302	1309
303	1085
303	1699
304	416
304	1049
304	1351
304	1878
305	596
305	639
305	975
305	1157
305	1622
306	328
306	1221
306	1899
307	313
307	677
307	1008
308	984
308	997
308	999
308	1569
308	1863
309	435
309	479
309	791
310	318
310	1057
310	1659
310	1706
311	503
311	1191
311	1276
311	1581
312	432
312	1533
313	528
313	1575
314	479
315	750
315	958
315	1305
315	1781
315	1831
316	611
316	1532
316	1741
317	633
317	866
317	940
317	1222
318	602
318	607
318	970
318	1763
319	1102
320	487
320	984
320	1107
320	1292
321	917
321	980
321	1656
322	876
322	1319
323	326
324	961
324	1324
324	1824
325	472
325	601
325	608
325	683
325	1445
325	1527
325	1630
326	977
327	641
327	929
327	1031
327	1039
327	1548
327	1553
328	1305
328	1455
328	1683
328	1855
329	1076
329	1178
329	1263
329	1545
330	625
330	952
330	1262
330	1642
330	1722
330	1896
331	780
331	1042
331	1692
332	746
332	1031
332	1194
332	1398
332	1837
333	887
333	1406
333	1807
334	1693
335	359
335	554
335	986
335	1018
335	1280
336	1418
336	1731
337	643
338	368
339	489
339	890
340	655
340	1394
341	524
341	1726
341	1869
342	359
342	747
342	942
343	862
343	1311
343	1520
343	1589
344	784
344	817
344	902
344	1460
344	1503
345	452
345	486
345	581
345	717
345	1158
346	867
346	1261
346	1476
346	1725
346	1803
347	880
347	893
347	1031
347	1259
347	1500
348	1466
348	1500
348	1681
348	1683
349	892
349	917
349	1612
349	1669
350	1155
350	1711
350	1883
351	403
351	523
352	650
352	1389
352	1501
352	1592
353	456
353	531
353	622
353	926
354	671
354	1129
355	846
355	1610
356	536
356	992
357	650
357	768
357	1264
357	1582
357	1653
358	469
358	726
358	1800
359	380
359	1045
359	1246
359	1715
360	409
360	486
360	497
360	534
360	946
360	1148
360	1548
360	1694
361	508
361	593
361	741
361	775
362	1336
362	1439
362	1592
363	1230
363	1834
364	1067
365	397
365	802
365	969
366	1095
366	1204
367	1465
368	390
368	774
368	816
369	767
369	1565
369	1587
369	1822
370	379
370	928
370	1076
370	1737
371	1015
372	516
372	550
372	1082
372	1479
373	675
373	777
373	1150
373	1204
373	1529
373	1608
373	1757
374	499
374	754
374	1299
374	1850
375	1464
375	1480
375	1660
376	992
376	1059
376	1302
377	1163
377	1270
378	550
378	627
378	835
378	1158
378	1622
378	1716
378	1755
378	1886
379	994
379	1258
379	1727
380	741
380	853
380	1003
380	1477
381	1409
382	470
382	697
382	1266
382	1282
382	1887
383	829
384	1045
384	1415
384	1513
384	1697
385	899
385	1582
386	1321
386	1379
387	686
387	982
388	835
388	1241
388	1581
389	466
389	878
389	1844
390	621
390	1363
390	1585
390	1677
391	1439
392	1385
392	1755
393	874
393	1329
393	1651
394	1088
396	1314
397	867
397	1363
397	1530
397	1655
397	1719
398	584
398	978
398	1009
398	1291
399	607
400	1400
400	1711
401	422
401	464
401	702
401	1237
401	1512
402	622
402	627
402	728
402	1027
402	1522
402	1785
403	1056
403	1083
403	1362
404	559
404	1302
404	1417
404	1533
404	1822
404	1899
405	670
405	701
405	1231
405	1628
405	1813
406	819
406	869
407	905
407	1030
407	1094
407	1250
407	1379
408	936
408	1152
408	1547
409	839
409	1197
409	1378
409	1624
410	604
410	961
410	1782
411	648
411	1050
411	1119
411	1206
411	1253
411	1537
412	661
412	1313
412	1373
412	1405
412	1434
412	1612
413	1279
413	1367
413	1541
413	1702
413	1862
414	815
415	942
415	1661
415	1695
415	1728
416	1211
417	485
417	662
417	1202
417	1227
417	1534
417	1839
418	424
418	683
419	820
419	1544
419	1665
419	1820
420	856
420	1814
421	623
421	764
421	772
421	1316
421	1533
421	1539
421	1545
422	791
423	1675
423	1771
425	430
425	879
425	964
425	1308
425	1312
425	1458
426	673
426	749
426	890
426	1115
426	1320
426	1582
426	1682
427	1084
427	1724
428	1248
428	1442
428	1786
429	1488
429	1768
429	1889
430	1785
431	706
431	1763
432	456
432	544
432	1271
433	618
433	1150
434	677
434	823
434	939
434	1071
434	1254
434	1292
435	812
435	866
436	614
436	616
436	1591
437	570
438	978
438	1023
438	1347
438	1469
439	893
439	1734
440	445
440	701
440	1007
440	1405
440	1668
441	467
441	786
441	816
441	897
441	1233
442	1267
442	1628
443	571
443	768
443	932
443	1528
444	901
445	1091
446	705
446	823
446	1065
446	1525
446	1593
446	1684
447	527
447	737
447	834
448	1702
449	842
449	922
449	1212
449	1391
449	1772
449	1838
450	593
450	979
450	1096
450	1283
450	1375
450	1471
451	685
451	1521
452	551
452	695
452	912
452	1352
452	1400
452	1761
453	462
453	732
453	1467
453	1760
453	1772
454	640
454	711
454	849
454	1452
454	1551
455	1124
456	841
456	1351
456	1828
457	990
457	1315
457	1433
457	1600
457	1875
458	1502
459	769
459	1701
460	691
460	1352
460	1356
460	1702
461	1508
461	1830
462	890
462	986
462	1040
462	1449
463	729
463	1291
463	1308
463	1383
463	1454
464	1418
464	1796
465	780
465	1298
465	1728
466	632
466	993
466	1286
466	1711
466	1849
467	499
467	818
467	1647
468	543
468	629
468	1653
469	557
469	1449
470	857
470	967
471	529
471	1150
471	1422
471	1652
472	493
472	792
472	834
472	1096
472	1310
473	1087
474	604
474	776
474	981
474	1850
475	1015
475	1482
476	497
476	874
476	1242
476	1538
476	1597
477	1279
478	1170
479	737
479	1076
479	1234
479	1421
480	1222
480	1639
480	1797
481	1238
481	1484
482	1081
482	1313
482	1428
482	1785
484	735
484	868
485	831
485	1801
485	1861
486	595
486	1584
488	758
488	1873
488	1874
488	1899
489	1175
490	1086
490	1088
490	1581
490	1623
491	726
491	1373
491	1581
491	1619
492	1088
493	931
494	658
495	536
495	831
495	1253
495	1619
495	1875
496	894
497	615
497	617
497	1122
497	1667
497	1676
497	1688
497	1727
498	822
498	1221
498	1276
498	1421
499	1440
500	1165
500	1256
500	1430
500	1567
501	1581
502	697
502	1420
502	1456
502	1663
502	1762
503	936
503	1658
503	1804
504	1053
504	1074
505	1112
506	683
506	737
506	1563
506	1586
506	1639
507	573
507	797
507	881
507	1398
507	1646
507	1890
508	828
508	993
508	1458
508	1512
509	1370
509	1521
510	591
510	629
510	1083
510	1242
510	1811
511	1147
511	1323
511	1674
511	1772
512	611
512	1353
513	1135
513	1219
513	1621
514	710
514	889
514	1171
514	1211
514	1656
515	655
515	1008
515	1516
515	1599
516	588
516	1520
517	544
518	569
518	613
518	868
518	1286
518	1723
519	678
519	766
519	1252
519	1298
519	1666
519	1715
520	575
520	1156
520	1716
520	1731
521	647
521	997
521	1621
522	851
522	1411
522	1562
522	1888
523	586
523	701
523	1602
524	1006
524	1783
525	666
525	1027
525	1042
525	1086
525	1727
526	1326
527	683
527	1025
527	1814
528	651
528	706
528	762
528	855
528	1546
529	675
529	871
529	997
529	1132
529	1227
530	1470
530	1691
531	561
531	571
531	581
531	653
531	676
531	900
532	973
532	1048
532	1646
532	1751
532	1758
533	714
533	809
533	1792
534	1551
535	933
536	1137
536	1259
536	1340
536	1643
537	710
537	1658
537	1669
537	1785
538	736
538	802
539	808
539	997
539	1255
539	1471
539	1774
540	1153
540	1344
540	1725
541	595
541	971
541	1012
541	1359
541	1838
541	1869
542	1237
543	1037
543	1336
544	582
544	672
544	882
544	956
544	1118
545	634
545	1055
545	1128
545	1855
546	680
546	737
546	896
546	1564
546	1740
546	1892
547	787
548	1527
548	1673
548	1694
549	1002
549	1429
549	1592
549	1648
549	1858
550	1067
550	1319
550	1894
551	1301
551	1322
552	572
552	1612
552	1622
553	968
553	1099
553	1307
553	1589
553	1608
553	1896
554	669
554	725
554	1631
555	749
555	886
555	1521
555	1589
555	1776
555	1854
556	677
556	698
557	744
558	671
558	1104
558	1689
559	785
559	1136
559	1274
559	1591
560	781
560	805
561	757
561	1615
564	741
564	1181
564	1223
564	1415
565	708
565	744
565	900
565	1416
565	1819
565	1843
566	943
566	1297
566	1369
567	867
567	1052
567	1714
568	891
568	895
568	1427
569	634
569	780
570	951
570	1638
570	1790
570	1791
571	894
571	1277
571	1355
571	1742
571	1761
572	1348
572	1539
572	1795
572	1825
573	1152
573	1736
574	1752
575	1226
575	1828
576	592
576	601
576	1307
576	1394
576	1705
576	1898
577	849
577	1571
577	1882
578	719
578	1855
580	1245
580	1422
580	1746
580	1834
581	1077
581	1895
582	708
584	1316
584	1870
585	1508
585	1681
586	839
586	901
586	932
586	965
586	1084
586	1139
586	1147
586	1306
587	1123
587	1298
588	1155
589	781
589	999
589	1204
589	1658
589	1690
590	783
590	1897
591	1507
592	1263
592	1288
592	1330
592	1332
592	1871
593	635
593	739
593	948
593	1237
593	1241
593	1517
594	1015
594	1431
594	1559
595	1122
595	1335
595	1527
596	648
596	1466
596	1832
597	1499
597	1840
598	623
598	1783
599	911
599	1376
599	1516
600	680
600	757
600	1806
601	880
601	995
601	1015
601	1154
601	1899
602	1136
602	1255
602	1548
603	1261
604	643
604	834
604	967
604	1168
605	701
605	1331
605	1374
606	855
606	1007
606	1195
606	1297
606	1729
607	1372
607	1428
607	1686
608	718
608	726
608	899
608	1151
608	1587
608	1850
609	1040
609	1093
609	1292
609	1294
609	1444
610	683
610	742
610	1319
610	1496
610	1763
611	1480
611	1818
612	805
612	1422
612	1807
613	1017
613	1516
613	1813
614	954
614	1025
614	1032
614	1189
614	1401
615	806
615	1399
615	1430
616	948
616	1022
616	1376
616	1603
616	1696
617	836
617	1703
617	1715
618	894
618	1220
619	1333
619	1508
620	1084
620	1372
620	1477
621	1573
622	688
622	832
622	1864
623	1711
624	684
624	767
624	1210
624	1278
625	774
625	1277
626	766
626	1490
626	1648
626	1788
627	812
627	971
628	1218
628	1603
628	1616
629	933
629	1202
629	1407
629	1573
629	1757
629	1765
630	652
630	1091
630	1459
630	1557
630	1679
631	1744
632	1062
632	1271
632	1571
632	1585
632	1675
633	1004
633	1199
634	802
635	726
635	1734
636	758
636	1094
637	902
637	932
638	940
638	1031
638	1249
638	1750
639	678
639	765
639	1216
639	1576
640	790
640	923
640	1325
640	1560
641	859
641	881
642	775
642	1193
642	1377
643	703
643	712
643	719
643	1218
643	1227
644	786
644	1204
644	1440
645	760
645	963
645	1041
645	1282
646	762
646	1616
647	670
647	843
647	869
647	1387
647	1445
648	1876
649	688
650	1070
651	699
651	760
651	960
651	1293
651	1536
651	1857
652	672
652	1182
652	1462
652	1799
654	719
654	1248
655	958
655	1464
655	1637
656	849
656	1234
656	1292
656	1410
656	1552
656	1866
657	1224
657	1372
657	1510
657	1578
658	1080
658	1385
658	1529
658	1867
658	1899
659	710
660	835
661	1778
661	1888
662	1677
663	1486
663	1574
663	1762
663	1827
663	1846
664	1438
664	1674
665	1485
666	796
666	1253
666	1281
667	748
667	802
668	1723
669	999
669	1308
669	1579
669	1645
669	1879
669	1898
670	772
670	796
670	805
670	817
670	901
671	1881
671	1888
672	884
672	1070
672	1361
672	1606
673	1008
673	1365
673	1479
674	1082
674	1202
674	1549
674	1702
674	1800
674	1847
674	1877
675	1053
675	1079
675	1122
675	1305
676	859
676	1173
677	1117
677	1788
678	811
678	900
678	1401
678	1690
678	1836
679	770
679	1245
681	877
681	934
681	1096
681	1145
682	776
682	1351
682	1571
683	1839
684	858
684	1436
684	1501
685	1216
685	1383
685	1438
685	1459
685	1484
685	1779
686	1097
686	1208
686	1418
686	1501
687	898
687	1101
687	1412
687	1522
688	1139
688	1220
689	1343
689	1513
689	1682
689	1833
690	796
690	971
690	992
690	1891
691	1577
692	696
693	1203
693	1395
693	1498
693	1809
694	1590
694	1804
694	1859
695	1047
695	1696
695	1722
696	933
696	1683
697	1656
698	796
698	1557
699	1365
700	1329
700	1331
700	1542
700	1681
701	997
701	1555
701	1567
702	1109
702	1334
702	1654
703	824
703	920
703	1323
703	1685
703	1793
704	1124
704	1200
704	1294
704	1510
705	882
705	1739
705	1786
706	816
706	974
706	1493
707	1133
708	892
709	1465
710	1184
710	1266
710	1291
710	1517
710	1819
711	1626
711	1768
712	1081
712	1286
713	937
713	968
714	735
715	761
715	1343
716	814
716	891
716	1363
717	926
717	1284
717	1313
717	1890
718	815
718	934
718	1833
719	1156
719	1183
719	1234
719	1355
719	1379
719	1764
720	867
720	1380
720	1878
722	1384
722	1481
724	1273
724	1364
724	1879
725	972
725	1172
725	1187
725	1195
725	1390
725	1561
725	1846
726	1165
726	1450
726	1662
726	1759
726	1774
727	787
727	1054
727	1106
727	1146
727	1342
728	1421
728	1532
728	1534
729	1252
729	1318
730	1086
731	1671
731	1741
731	1777
732	963
732	1140
733	768
733	1131
733	1178
733	1182
733	1583
733	1659
733	1801
734	806
734	993
734	1138
734	1139
734	1200
735	973
735	987
735	1546
736	899
736	1029
737	816
737	1299
737	1614
737	1635
738	917
738	1003
738	1060
738	1166
739	884
739	1159
740	908
740	1486
740	1821
741	876
741	1308
742	1060
742	1128
742	1276
743	1464
744	1285
744	1337
744	1398
744	1466
745	1329
745	1676
746	1284
747	1097
747	1139
747	1516
748	767
749	1258
749	1351
749	1511
750	1703
751	1795
752	935
752	1052
752	1537
753	928
753	1115
753	1152
753	1404
753	1436
754	1293
754	1608
755	938
755	966
755	1593
755	1765
756	851
756	1169
756	1497
757	939
758	923
758	1286
758	1873
759	833
759	1808
760	1080
760	1526
760	1739
761	924
761	1608
762	965
762	1363
763	861
763	1155
764	1282
765	1002
765	1686
767	1115
768	938
768	1190
768	1213
768	1480
768	1604
769	1059
769	1883
771	876
771	1063
772	1464
773	993
773	1018
773	1479
774	812
774	1414
774	1456
774	1615
774	1803
775	807
775	1257
775	1343
776	963
776	1879
777	1842
777	1854
778	1326
778	1359
779	1657
780	995
780	1405
780	1778
780	1782
781	977
781	1228
781	1460
782	789
782	1126
782	1293
784	1773
784	1898
785	1130
785	1568
785	1582
786	913
786	1032
786	1658
787	995
787	1188
787	1257
787	1785
788	1332
789	988
789	1088
789	1247
789	1481
789	1831
790	1164
790	1658
791	1031
791	1309
791	1357
791	1406
791	1679
792	906
792	1354
793	1620
793	1654
794	1067
794	1836
795	887
795	1318
796	1148
796	1629
796	1869
797	846
797	869
797	1883
798	1141
799	1208
799	1718
799	1776
800	1359
801	1668
801	1751
802	1363
802	1542
802	1633
803	816
803	1163
804	962
804	1425
804	1665
805	823
805	1075
805	1586
806	860
806	1490
806	1624
806	1670
807	899
808	1196
808	1399
809	1341
810	1803
811	1070
811	1896
812	1507
812	1620
813	1198
815	1420
816	1631
817	1189
817	1824
818	862
818	948
818	1051
818	1095
818	1356
818	1448
818	1460
818	1770
819	1671
819	1714
820	1169
820	1207
820	1873
822	903
823	831
823	1411
824	1200
824	1217
824	1845
825	927
825	1377
825	1497
825	1807
825	1870
825	1898
826	846
826	1153
827	856
827	1035
827	1361
827	1436
828	952
828	994
828	1174
828	1800
829	884
829	1082
829	1112
829	1357
829	1579
830	1059
830	1191
830	1398
830	1834
831	1209
831	1738
831	1744
832	833
832	1529
832	1865
833	1241
833	1426
833	1619
834	1169
834	1348
835	1184
835	1340
835	1700
835	1730
836	1098
836	1406
837	896
838	1777
839	1241
839	1475
840	1093
840	1699
840	1894
841	1334
841	1682
842	1128
842	1328
842	1351
843	1251
843	1554
844	908
844	983
844	1358
844	1854
845	974
845	1104
845	1394
846	1087
846	1485
846	1873
847	1430
848	971
848	1203
848	1256
848	1567
849	1332
849	1813
850	1389
850	1619
851	875
851	925
851	1126
851	1514
852	976
852	1351
852	1599
852	1610
853	1453
853	1524
853	1684
853	1722
853	1825
854	1386
854	1666
855	1016
855	1486
856	989
856	1482
856	1628
857	908
857	1332
857	1872
858	1062
858	1223
858	1821
859	1553
860	953
860	1381
860	1455
861	919
861	1064
861	1179
861	1671
862	1514
864	1017
864	1287
864	1343
865	1487
865	1559
865	1804
866	1039
866	1490
866	1679
867	940
867	1633
868	971
869	1192
869	1201
869	1287
869	1696
870	1599
871	914
871	991
871	1479
871	1611
872	987
872	1491
873	1416
873	1844
874	1790
875	1593
875	1845
876	1777
877	1025
877	1777
878	971
879	962
879	999
879	1522
880	1074
880	1077
880	1154
880	1265
880	1409
881	1699
882	1613
883	1277
883	1451
884	1116
884	1286
885	1283
885	1465
885	1696
887	942
887	1064
887	1519
887	1591
887	1599
887	1794
890	1465
890	1553
891	1038
891	1281
891	1722
892	1055
892	1112
892	1339
892	1535
892	1777
893	1552
893	1787
893	1820
895	1135
895	1479
896	1149
896	1193
896	1710
898	1036
898	1058
898	1195
899	1866
900	1133
900	1155
900	1284
901	920
901	1632
902	1742
902	1896
903	970
903	1399
903	1446
903	1599
904	941
904	995
904	1005
905	947
905	1303
905	1685
906	1147
906	1258
907	1064
907	1752
908	950
908	1396
908	1874
909	1185
909	1481
909	1847
910	1144
911	1417
912	933
912	1248
912	1373
913	1064
913	1719
913	1827
914	1289
914	1310
915	958
915	1040
915	1271
915	1638
915	1744
916	982
917	1832
918	1706
919	1035
921	1354
922	1512
923	962
923	1216
923	1441
923	1807
924	930
924	1870
925	1238
925	1624
926	1100
926	1311
926	1692
927	983
927	1446
927	1711
927	1727
928	1323
928	1441
928	1740
929	1185
929	1245
929	1479
930	1115
930	1388
930	1522
930	1610
930	1738
930	1838
931	1490
931	1784
932	1643
933	1673
933	1766
934	949
934	1111
935	998
935	1323
935	1427
935	1501
935	1775
936	1260
937	1027
937	1136
937	1253
938	1503
938	1899
940	1207
940	1421
941	946
942	1559
943	1541
943	1556
944	1034
944	1484
944	1711
945	990
945	1327
945	1438
945	1688
946	1308
946	1310
946	1628
946	1703
946	1743
947	1160
948	1491
948	1590
949	1324
949	1658
949	1682
949	1796
950	1087
951	1246
951	1359
952	1419
952	1499
952	1889
953	1171
953	1222
953	1436
955	1315
955	1680
956	1032
956	1105
956	1254
956	1449
957	1211
958	1706
958	1731
958	1799
958	1811
959	1068
959	1896
960	1175
961	1132
961	1215
961	1230
961	1453
961	1785
962	1770
963	1146
963	1214
964	1021
964	1245
964	1781
967	1014
967	1345
967	1449
967	1638
968	1352
968	1438
968	1608
969	1796
970	1677
971	1103
971	1617
972	1273
972	1855
973	1145
974	1136
974	1156
975	1062
975	1218
975	1255
975	1518
976	1030
976	1654
976	1721
977	1131
977	1263
977	1267
978	1316
979	1411
979	1476
980	1658
980	1825
981	1295
985	1707
986	1010
986	1545
988	1113
988	1271
988	1640
988	1799
990	1288
990	1500
991	1065
993	1229
993	1897
994	1464
994	1802
995	1375
996	1711
996	1733
997	1504
997	1834
998	1221
999	1090
999	1845
1000	1071
1000	1455
1001	1032
1002	1480
1003	1833
1004	1182
1004	1331
1005	1007
1005	1446
1006	1310
1006	1631
1007	1189
1007	1397
1007	1568
1008	1018
1008	1473
1008	1739
1009	1443
1009	1604
1009	1684
1010	1204
1010	1476
1010	1553
1011	1073
1012	1691
1012	1822
1012	1844
1013	1798
1014	1834
1014	1879
1014	1889
1015	1360
1016	1306
1016	1616
1017	1059
1017	1568
1017	1625
1017	1713
1017	1762
1017	1861
1018	1849
1019	1240
1019	1743
1020	1231
1020	1348
1020	1377
1023	1398
1023	1438
1023	1556
1024	1106
1025	1297
1025	1499
1026	1820
1027	1102
1027	1568
1027	1864
1028	1660
1029	1253
1029	1814
1031	1305
1031	1872
1032	1176
1032	1481
1033	1291
1033	1604
1036	1091
1036	1325
1036	1330
1036	1490
1037	1552
1039	1292
1039	1627
1040	1529
1040	1674
1040	1820
1040	1838
1043	1203
1044	1388
1044	1431
1045	1314
1046	1550
1046	1567
1046	1725
1046	1846
1047	1336
1048	1472
1049	1147
1049	1196
1050	1350
1050	1414
1050	1868
1051	1154
1051	1365
1051	1486
1051	1855
1053	1310
1053	1327
1053	1492
1053	1690
1053	1697
1054	1160
1054	1498
1054	1577
1055	1326
1055	1439
1055	1796
1056	1168
1056	1675
1056	1798
1057	1649
1057	1739
1057	1889
1058	1854
1059	1180
1059	1332
1059	1599
1059	1763
1061	1313
1062	1134
1062	1512
1062	1762
1062	1806
1064	1578
1064	1692
1064	1779
1065	1086
1065	1221
1066	1397
1067	1215
1067	1391
1067	1618
1067	1625
1067	1864
1069	1448
1071	1449
1071	1481
1071	1487
1072	1185
1072	1330
1074	1462
1074	1790
1075	1861
1076	1128
1076	1214
1076	1498
1077	1122
1077	1299
1077	1694
1077	1791
1078	1181
1078	1229
1078	1741
1078	1892
1079	1088
1079	1475
1079	1682
1079	1759
1080	1697
1080	1891
1081	1427
1081	1646
1086	1433
1087	1408
1089	1161
1089	1382
1089	1613
1089	1630
1089	1782
1090	1632
1090	1734
1091	1495
1091	1751
1092	1339
1092	1671
1093	1253
1094	1474
1094	1677
1095	1415
1096	1213
1097	1244
1097	1403
1097	1496
1098	1156
1098	1263
1098	1640
1099	1418
1101	1346
1101	1422
1101	1895
1102	1837
1103	1383
1103	1444
1103	1648
1105	1818
1106	1685
1106	1708
1107	1412
1107	1447
1107	1571
1108	1295
1108	1460
1109	1381
1109	1788
1110	1121
1111	1323
1111	1479
1111	1746
1113	1140
1115	1819
1118	1469
1118	1585
1119	1135
1120	1600
1121	1139
1122	1428
1124	1713
1124	1721
1125	1620
1125	1726
1126	1520
1127	1266
1127	1552
1128	1714
1129	1571
1129	1846
1131	1199
1131	1511
1131	1643
1132	1140
1132	1496
1134	1322
1134	1372
1135	1565
1135	1683
1136	1874
1137	1686
1138	1211
1138	1798
1139	1643
1140	1615
1140	1684
1141	1178
1141	1581
1142	1429
1143	1256
1143	1274
1143	1674
1144	1307
1144	1440
1144	1744
1144	1785
1144	1803
1145	1256
1145	1418
1145	1474
1146	1163
1146	1223
1146	1791
1147	1806
1147	1854
1148	1390
1148	1415
1148	1470
1149	1259
1149	1477
1149	1479
1149	1687
1150	1398
1150	1500
1150	1594
1150	1779
1151	1322
1151	1839
1151	1884
1152	1457
1152	1752
1154	1567
1154	1615
1157	1619
1158	1237
1160	1302
1161	1376
1163	1636
1164	1483
1164	1609
1165	1743
1166	1729
1167	1656
1168	1368
1168	1533
1169	1210
1169	1418
1170	1334
1170	1491
1170	1622
1170	1680
1171	1175
1171	1244
1171	1314
1174	1612
1175	1240
1175	1578
1175	1769
1176	1274
1177	1323
1178	1601
1180	1296
1181	1694
1182	1314
1182	1392
1182	1448
1182	1494
1182	1691
1183	1296
1183	1338
1183	1489
1185	1634
1186	1743
1187	1820
1187	1864
1188	1252
1188	1832
1189	1448
1191	1273
1192	1343
1192	1453
1193	1211
1193	1393
1193	1615
1194	1836
1197	1294
1198	1454
1198	1638
1199	1624
1200	1550
1200	1631
1200	1783
1201	1639
1202	1579
1203	1447
1204	1733
1205	1207
1206	1246
1206	1690
1206	1733
1206	1872
1207	1531
1207	1711
1208	1465
1209	1507
1209	1521
1210	1475
1210	1738
1210	1759
1211	1307
1211	1414
1211	1678
1211	1835
1212	1214
1212	1509
1213	1509
1214	1300
1214	1507
1214	1655
1214	1795
1215	1337
1216	1266
1216	1346
1217	1586
1218	1325
1218	1394
1218	1501
1218	1569
1218	1600
1218	1862
1219	1270
1219	1281
1219	1846
1220	1347
1222	1265
1223	1493
1223	1608
1223	1639
1224	1768
1224	1798
1225	1291
1225	1737
1225	1832
1226	1543
1228	1306
1228	1370
1228	1822
1229	1602
1229	1795
1230	1367
1230	1858
1230	1895
1231	1495
1231	1849
1234	1383
1234	1450
1237	1345
1237	1402
1237	1572
1237	1739
1239	1428
1239	1453
1240	1363
1240	1377
1240	1453
1240	1481
1240	1683
1240	1685
1241	1321
1243	1449
1243	1536
1244	1270
1244	1630
1244	1737
1245	1522
1245	1659
1245	1811
1246	1260
1246	1585
1246	1608
1247	1570
1248	1810
1248	1860
1249	1405
1249	1408
1250	1263
1253	1301
1254	1695
1255	1332
1256	1422
1256	1431
1256	1534
1256	1787
1257	1435
1257	1873
1259	1506
1260	1426
1261	1769
1262	1299
1262	1580
1262	1607
1263	1884
1264	1322
1264	1332
1265	1610
1265	1709
1265	1849
1266	1310
1266	1369
1266	1877
1266	1895
1268	1797
1269	1534
1269	1757
1270	1423
1271	1520
1272	1777
1274	1656
1274	1763
1275	1868
1276	1512
1276	1573
1283	1324
1284	1574
1284	1820
1285	1334
1286	1515
1286	1623
1286	1701
1286	1876
1287	1360
1287	1602
1288	1398
1289	1863
1290	1565
1290	1748
1291	1864
1293	1438
1293	1744
1294	1310
1294	1385
1295	1476
1295	1547
1296	1582
1297	1583
1297	1694
1297	1802
1297	1885
1299	1451
1299	1552
1300	1455
1300	1476
1301	1411
1302	1581
1302	1721
1303	1441
1304	1353
1307	1534
1308	1493
1309	1638
1309	1670
1309	1852
1312	1876
1313	1634
1313	1775
1314	1849
1315	1343
1315	1477
1316	1330
1318	1328
1318	1426
1318	1653
1318	1675
1319	1645
1319	1859
1320	1614
1320	1851
1321	1326
1321	1881
1322	1607
1322	1860
1322	1862
1323	1459
1323	1479
1324	1555
1325	1842
1326	1434
1327	1522
1327	1892
1329	1387
1329	1605
1329	1693
1329	1757
1330	1776
1331	1544
1331	1614
1332	1339
1333	1602
1333	1700
1333	1873
1335	1414
1335	1521
1337	1432
1338	1647
1339	1488
1339	1511
1340	1465
1340	1621
1340	1867
1341	1507
1341	1534
1342	1898
1343	1420
1343	1535
1343	1674
1344	1763
1346	1492
1346	1581
1346	1683
1347	1428
1347	1814
1350	1498
1351	1506
1351	1722
1352	1564
1352	1800
1353	1434
1355	1702
1356	1686
1356	1813
1356	1832
1357	1786
1358	1802
1361	1747
1362	1371
1363	1374
1363	1837
1364	1530
1365	1459
1365	1691
1365	1886
1366	1522
1367	1554
1367	1706
1368	1485
1368	1538
1368	1735
1369	1807
1370	1680
1370	1693
1370	1808
1371	1557
1371	1841
1372	1405
1372	1434
1372	1708
1372	1803
1373	1747
1374	1747
1375	1842
1376	1602
1378	1667
1378	1776
1378	1847
1379	1640
1380	1520
1380	1675
1382	1395
1382	1574
1383	1785
1383	1872
1384	1607
1384	1671
1384	1676
1386	1404
1386	1616
1386	1892
1388	1572
1388	1725
1390	1689
1394	1586
1396	1695
1397	1463
1399	1632
1399	1690
1400	1557
1402	1434
1402	1441
1403	1608
1405	1540
1407	1474
1407	1839
1408	1581
1409	1567
1410	1487
1411	1548
1412	1501
1413	1467
1413	1658
1413	1804
1413	1884
1417	1422
1418	1568
1419	1658
1419	1715
1420	1536
1421	1892
1422	1523
1425	1603
1426	1449
1427	1448
1427	1729
1428	1670
1429	1484
1430	1818
1431	1733
1433	1661
1433	1749
1434	1437
1434	1631
1435	1504
1435	1693
1435	1843
1436	1817
1436	1876
1439	1815
1440	1723
1441	1641
1442	1493
1443	1745
1445	1601
1447	1759
1447	1866
1448	1522
1448	1721
1448	1812
1448	1832
1449	1716
1450	1646
1451	1651
1453	1560
1453	1833
1454	1776
1454	1787
1456	1883
1457	1550
1459	1624
1459	1709
1460	1512
1460	1716
1463	1515
1463	1675
1463	1798
1465	1501
1466	1558
1466	1706
1468	1798
1471	1885
1472	1839
1476	1803
1476	1857
1481	1827
1482	1499
1482	1805
1484	1737
1486	1772
1487	1540
1487	1629
1487	1816
1489	1497
1489	1779
1491	1687
1492	1759
1493	1743
1495	1517
1495	1881
1496	1716
1497	1694
1500	1549
1500	1677
1500	1775
1503	1737
1504	1527
1505	1596
1506	1716
1506	1802
1507	1738
1507	1796
1509	1855
1510	1528
1510	1612
1510	1679
1510	1879
1511	1624
1511	1686
1512	1673
1513	1868
1515	1765
1516	1644
1517	1747
1519	1706
1519	1758
1519	1821
1519	1888
1520	1697
1521	1793
1521	1867
1522	1663
1522	1871
1524	1588
1524	1720
1525	1696
1526	1581
1526	1740
1527	1589
1528	1635
1529	1698
1529	1829
1529	1887
1532	1648
1533	1540
1535	1733
1538	1788
1539	1680
1540	1556
1541	1877
1542	1583
1543	1708
1546	1557
1548	1717
1549	1572
1549	1699
1553	1664
1554	1656
1555	1806
1559	1661
1560	1795
1561	1607
1562	1756
1563	1636
1564	1720
1565	1882
1567	1725
1567	1769
1569	1801
1570	1710
1570	1796
1573	1656
1574	1871
1575	1701
1575	1843
1575	1868
1575	1895
1576	1774
1579	1715
1580	1599
1580	1607
1580	1668
1580	1777
1582	1712
1582	1869
1583	1729
1584	1681
1586	1590
1586	1835
1586	1872
1590	1680
1590	1802
1591	1598
1591	1801
1592	1682
1592	1770
1593	1648
1594	1787
1595	1831
1596	1644
1598	1629
1598	1689
1606	1691
1606	1715
1606	1752
1606	1793
1607	1788
1609	1650
1612	1831
1613	1833
1615	1822
1617	1765
1625	1683
1625	1789
1625	1895
1626	1641
1627	1634
1632	1757
1632	1781
1632	1830
1634	1858
1634	1893
1640	1809
1643	1645
1646	1825
1646	1892
1650	1711
1650	1722
1655	1894
1657	1783
1658	1847
1658	1860
1659	1858
1660	1857
1661	1753
1662	1684
1663	1728
1665	1841
1668	1801
1670	1712
1670	1807
1671	1766
1675	1743
1678	1782
1681	1722
1687	1899
1690	1809
1691	1695
1692	1837
1694	1855
1694	1857
1695	1714
1700	1701
1701	1884
1702	1848
1702	1856
1704	1873
1705	1823
1706	1834
1710	1733
1712	1824
1714	1871
1720	1816
1723	1745
1726	1809
1728	1776
1730	1848
1737	1773
1745	1770
1745	1834
1746	1879
1754	1869
1758	1801
1761	1771
1762	1765
1764	1849
1772	1853
1776	1792
1777	1869
1782	1876
1784	1810
1790	1848
1797	1872
1801	1814
1803	1834
1808	1829
1808	1893
1827	1897
1832	1848
1835	1865
1836	1860
1843	1881
1848	1899
1869	1870
1869	1884