0	107
0	247
0	521
0	650
0	1260
1	714
1	870
1	1036
1	1627
2	280
2	374
2	454
2	685
2	1637
3	475
3	563
3	742
3	962
3	1055
3	1254
3	1302
4	355
4	804
4	1067
5	851
5	1113
5	1332
6	1435
6	1589
6	1654
7	275
7	928
7	1371
7	1456
7	1463
8	67
8	210
8	432
8	1100
8	1422
8	1513
9	967
9	1348
9	1497
10	30
10	44
10	430
10	1404
10	1607
10	1674
11	80
11	223
11	542
11	788
11	1092
11	1317
12	1619
12	1695
13	373
13	621
13	1378
13	1753
13	1771
14	1696
14	1897
15	731
15	1799
16	128
16	173
16	1577
17	450
17	630
17	758
17	912
17	1325
18	599
18	1109
18	1335
18	1526
18	1601
18	1659
19	203
19	685
19	1241
19	1271
19	1696
20	1021
20	1202
20	1670
21	294
21	417
21	778
21	921
21	1192
21	1202
21	1622
21	1733
22	629
22	1771
22	1880
23	293
23	309
23	735
24	75
24	275
24	1407
24	1865
24	1896
25	224
25	237
25	243
25	652
25	887
25	970
25	1392
25	1567
25	1753
25	1772
26	428
26	531
26	887
26	1261
27	921
27	1771
28	206
28	650
28	719
28	1479
29	662
29	865
29	956
29	1630
30	159
30	285
30	870
30	1176
31	49
31	125
31	495
31	1040
31	1106
31	1770
32	712
32	806
32	808
32	939
32	972
32	1461
32	1496
32	1819
32	1839
33	252
33	695
33	836
33	1063
33	1222
33	1289
33	1468
33	1559
34	748
34	810
34	1288
35	533
35	865
35	941
36	237
36	653
36	798
36	1485
36	1861
37	246
37	371
37	547
37	707
37	1505
38	101
38	254
38	408
38	632
38	731
38	1077
38	1795
38	1816
39	49
39	350
39	627
39	1169
39	1313
40	1303
40	1506
40	1786
41	752
41	782
41	1757
42	81
42	230
42	267
42	1010
42	1354
42	1391
42	1583
43	1090
43	1096
44	574
44	1870
45	714
45	1457
46	241
46	363
46	649
46	997
46	1066
47	303
47	652
47	661
47	1075
47	1870
48	219
48	984
48	1493
48	1521
50	472
51	864
51	1026
51	1284
51	1372
51	1646
52	270
52	818
52	1192
52	1630
52	1653
53	61
53	172
53	195
53	689
53	1059
53	1231
54	894
54	1578
54	1727
55	276
56	400
56	1518
57	733
57	896
57	1459
58	110
58	825
58	1098
59	1261
59	1605
60	548
60	971
60	1060
60	1247
60	1409
60	1609
61	86
61	242
61	298
61	367
61	613
61	639
61	951
61	1108
61	1491
61	1552
61	1655
61	1884
62	537
62	921
62	1194
62	1479
62	1541
62	1789
63	115
63	139
63	586
63	732
63	1033
63	1191
63	1355
63	1356
63	1561
63	1673
63	1740
63	1854
64	283
64	568
64	626
64	1216
64	1464
65	333
65	643
65	678
65	777
65	1751
66	218
66	372
66	1730
66	1865
67	361
67	515
67	951
67	1227
67	1855
68	514
68	739
69	312
69	694
69	810
69	848
69	1318
70	966
70	1022
70	1184
70	1643
71	413
71	771
71	871
71	978
71	1005
71	1126
71	1290
71	1415
72	551
72	1179
72	1256
72	1314
72	1505
72	1732
72	1798
73	171
73	683
73	691
73	1855
74	929
74	1716
75	132
75	1113
76	1148
76	1259
76	1626
77	247
77	817
78	413
78	1251
79	532
79	627
79	630
79	1294
79	1576
79	1655
80	363
80	503
81	289
81	631
81	829
82	329
82	970
82	1079
83	174
83	578
83	605
83	772
83	1115
83	1123
84	1197
84	1530
84	1718
85	269
85	377
85	685
85	737
85	1079
85	1815
86	635
86	795
86	1277
86	1807
86	1847
87	1546
87	1626
88	123
88	336
88	696
88	1035
88	1152
88	1173
88	1365
88	1553
89	515
89	713
89	719
89	1558
89	1649
89	1785
90	250
90	271
91	264
91	303
91	440
91	1129
91	1207
92	120
92	319
92	538
92	649
92	1102
92	1658
93	511
93	697
94	196
94	734
94	1366
94	1461
94	1641
94	1703
95	1682
96	194
96	311
96	680
96	1140
96	1552
96	1609
96	1876
97	697
97	909
97	1201
98	733
99	181
99	608
99	716
99	1097
99	1223
99	1354
100	822
100	1174
100	1758
101	113
101	302
101	942
101	1391
102	1882
103	756
103	1860
104	640
104	1845
104	1858
105	300
105	949
106	731
106	1113
106	1710
107	600
107	668
107	1451
108	345
108	585
108	588
108	906
108	1204
109	289
109	669
109	1156
109	1178
109	1337
110	436
110	918
110	969
110	1258
110	1819
110	1860
111	641
111	1117
111	1292
111	1395
111	1668
112	442
113	831
113	1366
113	1746
114	184
114	336
114	993
115	180
115	184
115	1600
116	504
117	303
117	624
117	746
117	1193
117	1517
117	1783
118	204
118	1444
118	1469
119	1207
120	323
120	868
120	1183
120	1241
120	1544
120	1674
121	692
121	714
121	1176
121	1317
121	1411
121	1474
122	449
122	486
122	504
122	1561
123	144
123	234
123	290
123	662
123	799
123	880
123	1534
123	1537
123	1852
124	201
124	1467
125	192
125	633
125	641
125	1196
125	1803
126	626
126	927
126	1498
126	1600
127	1347
127	1714
128	559
128	864
128	1070
128	1284
128	1593
128	1820
129	287
129	613
129	942
129	1012
129	1078
129	1129
129	1240
130	1243
130	1392
131	1143
131	1164
132	1842
133	651
133	1100
133	1210
133	1448
133	1788
133	1876
134	149
134	154
134	506
134	1201
134	1766
135	138
135	1424
135	1439
136	187
136	460
136	1304
137	337
137	577
137	719
137	814
137	896
137	1178
138	264
139	267
139	1806
140	216
140	775
140	1179
140	1543
141	186
141	1504
141	1544
142	1338
142	1774
143	173
143	527
143	601
143	1043
143	1758
143	1810
143	1884
144	486
144	828
144	1090
144	1797
144	1857
145	720
145	1076
145	1105
145	1647
146	229
146	1452
147	1173
147	1656
148	339
148	674
148	769
149	1249
149	1270
149	1519
150	861
150	1757
151	232
151	237
151	437
152	252
152	580
152	799
153	1096
153	1232
154	426
154	484
154	674
154	1203
154	1257
155	264
155	705
155	845
155	1081
155	1344
155	1827
156	1620
157	587
157	937
157	1110
157	1444
157	1558
157	1697
157	1890
158	196
158	866
158	927
158	1289
158	1604
159	587
159	886
160	501
160	1413
161	307
161	613
161	969
161	1566
162	414
162	525
162	554
162	1176
162	1593
163	899
163	1073
163	1256
164	305
164	408
164	570
164	835
164	1013
164	1873
164	1875
165	549
165	732
165	1163
165	1328
165	1602
165	1801
166	191
166	476
166	861
166	991
166	1128
166	1325
167	468
167	1178
167	1478
168	225
168	360
168	1354
169	391
170	282
170	287
170	975
170	1297
170	1749
171	195
171	223
171	227
172	505
172	652
172	1663
173	343
173	866
173	956
173	1613
173	1682
173	1709
173	1881
174	424
174	1224
175	444
175	1124
175	1424
175	1600
176	401
176	477
176	1055
176	1888
177	285
177	1389
177	1898
178	188
178	590
178	802
178	925
178	1221
179	214
179	1380
180	1547
180	1875
181	545
181	1593
182	796
182	1035
182	1873
183	1244
184	452
184	652
184	1297
185	427
185	649
185	1443
185	1555
186	211
186	413
186	603
186	631
186	760
186	909
186	926
186	1034
186	1308
186	1853
187	419
187	525
187	1012
187	1435
187	1508
188	1083
188	1559
188	1829
189	735
189	1665
189	1717
190	421
190	1132
190	1346
191	334
191	989
191	1547
192	233
192	573
192	638
192	1020
192	1700
193	475
193	1185
194	388
194	784
194	1280
194	1348
194	1607
194	1692
195	489
195	1142
196	291
196	317
196	683
196	880
196	1161
196	1434
197	338
197	468
197	750
197	1482
197	1492
198	385
198	410
198	426
198	805
198	1040
198	1170
198	1538
198	1547
198	1879
199	394
199	1644
199	1782
200	316
200	1094
202	894
202	1060
202	1264
203	752
203	1352
203	1563
203	1873
204	958
204	1394
204	1704
205	260
205	279
205	302
205	1706
205	1781
206	974
206	988
206	1236
206	1520
206	1609
207	700
207	1121
207	1264
207	1539
207	1601
208	478
208	666
208	757
208	1040
209	800
209	900
209	1414
209	1670
210	1575
210	1577
211	750
211	1273
211	1368
212	319
212	349
212	500
212	1041
212	1169
212	1527
212	1811
213	422
213	439
213	527
213	591
213	1001
214	470
214	679
214	687
214	879
214	1034
215	625
215	867
216	563
216	1079
216	1184
216	1544
216	1668
216	1860
217	733
217	1111
217	1564
218	618
218	815
218	1318
219	1139
219	1329
220	1521
221	404
221	596
221	729
221	1671
222	1072
223	1016
223	1080
223	1115
224	518
224	593
224	1065
224	1310
224	1754
225	569
225	1545
226	522
226	734
226	1342
226	1617
226	1763
226	1804
227	726
228	478
228	556
228	1031
228	1134
228	1311
228	1528
228	1779
228	1831
229	374
229	450
229	1293
229	1696
229	1731
230	512
230	912
231	1209
231	1805
232	265
232	469
232	497
232	1269
232	1571
232	1690
232	1709
233	396
233	1001
233	1113
233	1517
234	621
234	1286
234	1748
235	1588
235	1660
236	894
236	1041
236	1754
236	1849
237	381
237	1093
237	1375
237	1631
237	1689
238	1262
238	1519
239	900
239	1557
240	686
240	907
240	1126
240	1843
241	460
241	712
241	1033
241	1663
241	1741
242	631
242	920
242	1185
242	1473
242	1816
242	1878
243	314
243	815
244	1010
244	1042
244	1219
244	1235
244	1489
244	1586
244	1622
244	1870
245	1118
245	1143
245	1531
245	1565
246	387
246	936
246	1218
246	1528
247	353
247	1056
247	1087
247	1384
247	1885
248	1253
249	1103
249	1528
249	1631
250	349
250	352
250	525
250	1105
250	1525
250	1544
250	1788
251	1256
252	488
252	887
252	1484
253	432
253	703
253	829
253	1307
253	1595
253	1782
254	880
255	766
255	786
256	906
256	1316
256	1415
256	1450
256	1645
257	418
257	551
257	856
257	1110
257	1206
257	1421
257	1833
258	327
258	1329
258	1625
259	980
259	1121
259	1169
259	1579
260	804
260	1006
261	751
261	1105
261	1334
261	1743
262	1305
262	1424
262	1584
262	1659
263	482
263	631
263	1004
265	464
265	1255
265	1660
265	1684
265	1812
265	1827
266	341
266	383
266	816
266	1141
266	1563
267	715
267	985
267	1091
268	271
268	734
268	1335
268	1815
269	635
269	843
269	897
269	1668
270	447
270	904
270	1251
270	1415
270	1618
270	1660
270	1815
271	412
271	422
271	578
272	535
272	1119
273	294
273	368
273	895
274	294
274	337
274	380
274	427
274	1176
274	1548
274	1736
274	1782
275	289
275	513
275	737
275	1002
275	1097
275	1237
275	1891
276	793
276	1194
276	1305
276	1808
277	329
277	443
277	473
277	718
277	960
278	478
278	927
278	1046
278	1122
278	1298
278	1374
278	1533
278	1832
279	372
279	407
279	892
279	967
280	1712
281	332
281	1045
282	746
282	1539
282	1585
283	1283
284	321
284	341
284	602
284	750
284	1008
284	1349
284	1507
284	1730
286	1235
287	598
287	754
287	983
287	1298
287	1706
288	515
288	1129
288	1534
288	1671
289	347
289	1314
290	756
290	757
291	1329
292	580
292	943
292	1022
292	1264
292	1704
293	1697
294	1437
295	299
295	575
295	1190
295	1245
295	1249
296	316
296	539
296	587
296	1231
296	1257
296	1352
296	1803
297	584
297	998
297	1550
298	1587
299	1060
299	1175
300	334
300	1153
300	1591
301	488
301	522
301	557
301	1222
302	955
302	1154
302	1245
302	1438
302	1485
303	470
303	695
303	722
303	761
304	627
304	857
304	951
304	1123
304	1168
304	1598
304	1774
305	309
305	526
305	604
305	657
305	685
305	806
305	1025
305	1793
305	1796
306	319
306	1181
306	1342
307	751
307	1366
307	1548
307	1587
308	412
308	520
308	1243
309	355
309	493
310	517
310	676
311	450
311	915
311	1584
313	728
313	760
313	1829
314	515
314	1631
315	604
315	1449
315	1686
316	1084
316	1562
316	1674
317	688
317	779
317	1241
317	1701
318	478
318	1653
319	355
319	586
319	894
319	1275
319	1483
320	727
320	832
320	1132
321	387
321	904
321	947
321	1222
322	685
322	845
322	1787
323	488
323	686
323	1300
323	1492
324	654
324	906
325	332
325	513
325	751
325	1199
325	1303
325	1314
325	1747
326	436
326	458
326	563
326	706
326	718
326	772
326	946
326	1032
326	1110
326	1838
326	1852
327	1108
327	1384
327	1462
328	1194
329	407
329	1105
329	1550
329	1601
329	1874
330	1388
330	1742
331	1332
331	1729
332	579
332	655
332	1239
333	468
333	820
333	1333
334	808
334	1107
334	1151
334	1339
334	1500
334	1867
335	1218
335	1632
335	1718
336	1115
336	1207
336	1507
337	356
337	388
337	477
337	1435
338	465
338	1505
338	1703
338	1857
339	634
339	1194
339	1600
340	1835
341	431
341	663
341	1152
341	1459
341	1747
342	1073
343	582
343	767
344	913
344	995
344	1527
344	1647
344	1830
345	415
345	486
345	595
345	1070
345	1108
345	1861
346	1138
346	1829
347	405
347	1053
347	1472
347	1599
348	441
349	848
349	1274
349	1682
350	503
350	1081
350	1868
351	366
351	1490
352	402
352	1057
352	1110
352	1592
352	1786
353	471
353	1138
353	1662
353	1709
354	486
354	560
354	580
354	631
354	1777
354	1790
355	1640
356	1332
356	1626
357	379
357	634
357	880
357	1141
357	1272
357	1803
358	689
358	1044
358	1271
358	1593
359	871
359	1083
359	1337
359	1456
360	453
360	974
361	1617
362	996
362	1025
362	1168
363	489
363	1009
363	1031
363	1465
363	1622
364	1119
364	1487
364	1533
365	1393
365	1469
365	1784
366	590
366	1004
366	1291
367	1043
367	1502
368	1637
369	605
369	846
370	832
371	524
371	682
372	649
372	804
373	725
373	809
373	820
373	978
373	1124
373	1138
373	1403
374	815
374	952
374	1553
374	1656
375	920
375	1298
376	545
376	564
376	1122
376	1172
376	1685
377	565
377	836
377	1125
377	1126
377	1759
378	738
378	765
378	831
378	959
378	994
378	1211
378	1483
378	1709
378	1747
379	960
379	1298
379	1320
379	1621
380	648
380	822
380	1163
380	1453
380	1520
381	984
381	1779
382	458
382	811
382	1656
382	1716
383	592
383	1052
384	516
384	743
384	902
384	1195
385	614
385	1616
385	1809
386	651
386	1495
387	434
387	490
387	705
387	1449
387	1478
388	890
388	981
388	1219
388	1241
388	1669
389	457
389	511
389	1197
389	1198
389	1578
390	1640
390	1774
391	651
391	1427
392	601
392	1200
392	1305
392	1418
392	1498
393	652
393	1610
395	1428
396	471
396	961
396	1290
397	641
397	1322
398	880
398	1314
398	1710
399	557
399	645
399	891
399	1166
399	1429
399	1519
399	1691
399	1806
400	448
400	997
400	1635
400	1752
400	1769
400	1829
401	767
402	558
402	689
402	948
402	1114
402	1441
403	874
403	1327
403	1832
404	755
404	757
404	1154
404	1375
405	466
406	848
406	967
406	1401
406	1712
407	494
407	1181
407	1571
407	1786
408	1151
408	1557
409	769
409	841
409	1297
409	1406
410	661
410	1310
411	542
411	1337
412	806
412	1570
413	434
413	541
413	744
413	1044
413	1182
413	1237
414	1486
414	1757
415	739
415	936
415	1051
415	1223
415	1230
415	1334
416	576
416	657
416	1002
416	1049
416	1297
417	951
417	1045
418	629
418	798
419	561
419	677
419	680
419	1124
419	1688
419	1873
420	724
420	1199
420	1805
421	812
421	1470
421	1817
422	457
422	1074
422	1475
423	685
423	1393
424	633
424	753
424	1832
425	598
425	1392
425	1393
425	1508
426	522
426	601
426	1143
426	1214
426	1370
426	1709
427	1292
427	1640
427	1862
428	581
428	598
428	1436
428	1881
429	982
429	1448
430	1172
430	1361
430	1421
430	1662
431	691
431	1145
431	1665
432	828
432	1032
432	1050
432	1290
432	1582
432	1721
433	543
433	903
433	1084
433	1380
433	1405
434	770
434	870
434	959
434	1087
434	1701
435	852
435	906
435	1171
435	1373
435	1513
436	1402
437	447
437	503
437	696
438	1031
438	1046
438	1256
439	602
439	750
439	814
439	922
439	974
439	1204
440	572
440	1494
440	1638
441	1172
441	1214
441	1294
442	892
442	1540
442	1591
442	1800
443	917
443	1349
444	1591
444	1787
444	1869
445	601
445	1052
445	1545
445	1714
445	1865
446	572
446	1216
446	1294
447	1044
447	1486
448	1081
448	1146
448	1272
448	1567
448	1836
449	539
449	1061
449	1730
450	958
450	1149
451	533
451	970
453	742
453	759
453	770
453	1767
454	895
454	1283
454	1731
455	924
455	960
455	1174
456	465
456	931
456	1494
456	1555
456	1700
457	526
457	606
457	807
457	1683
457	1750
458	582
458	1371
459	640
459	1072
459	1116
459	1152
459	1353
460	692
461	1872
462	597
462	935
463	640
463	1262
463	1527
464	920
464	1475
465	832
465	1003
466	1473
467	471
467	676
467	1172
467	1245
468	860
468	929
469	1663
470	862
470	1129
470	1312
472	681
472	1092
472	1245
472	1621
472	1747
473	739
473	908
473	1024
473	1079
474	1145
474	1241
475	481
476	904
476	1046
476	1698
476	1826
477	735
477	1110
477	1207
477	1541
478	524
478	773
478	808
478	1064
478	1324
478	1445
478	1448
478	1849
479	562
479	1244
480	645
480	1007
480	1144
481	482
481	1278
481	1325
481	1400
482	647
482	914
482	926
483	1004
484	1699
485	850
485	1051
485	1318
486	611
486	760
486	1203
486	1366
486	1614
487	1023
487	1641
488	1006
488	1045
488	1542
488	1839
489	617
489	1734
490	955
490	1059
490	1712
491	910
491	1421
491	1539
491	1640
491	1697
492	629
492	663
492	737
492	972
492	995
492	1872
493	1175
493	1424
494	1229
495	761
495	1283
495	1383
496	959
497	1790
498	978
498	1048
498	1723
498	1738
499	679
499	988
499	1581
500	1678
500	1797
501	574
501	872
501	1296
501	1591
501	1858
502	507
502	675
502	1140
502	1680
503	1611
503	1817
504	531
504	573
504	575
504	627
505	1076
505	1224
505	1515
506	952
506	1191
506	1753
506	1771
507	752
507	1124
507	1469
508	624
508	630
508	1174
508	1197
509	707
509	991
509	1487
509	1669
510	1070
510	1362
511	1162
511	1165
511	1515
512	602
512	1134
512	1582
513	547
513	826
513	964
514	569
514	628
514	1702
515	1298
515	1540
515	1775
516	737
516	863
516	885
516	946
516	1367
516	1700
517	742
517	1297
517	1478
517	1857
518	1247
518	1658
519	926
519	1769
519	1820
521	1600
521	1713
522	923
522	1563
523	1206
523	1513
524	662
524	1057
524	1233
524	1367
525	1121
525	1594
525	1731
526	810
526	1010
526	1232
526	1312
526	1645
527	1877
528	639
528	1833
529	536
529	1487
529	1746
530	1473
531	740
531	1023
531	1064
531	1263
531	1790
532	856
532	1266
533	1018
533	1584
533	1636
534	839
535	544
535	885
535	993
535	1028
535	1153
535	1407
536	674
536	1186
536	1272
536	1402
536	1546
536	1710
537	688
537	957
537	1161
537	1335
537	1524
538	877
538	980
538	1126
538	1135
538	1865
539	583
539	772
539	1530
539	1566
539	1719
539	1837
539	1897
540	902
540	1098
540	1257
540	1344
540	1485
540	1783
541	1105
541	1398
542	1272
543	852
543	1386
543	1887
544	952
544	1077
544	1145
545	581
545	1068
545	1753
546	953
546	1386
546	1488
546	1544
547	1401
548	1110
548	1265
548	1377
549	840
549	1515
549	1746
549	1894
550	685
550	1555
551	589
551	1239
551	1475
551	1672
552	1072
552	1378
553	764
553	1366
553	1379
554	900
554	1401
555	921
555	1363
555	1438
555	1810
556	936
556	1090
556	1242
557	682
557	721
558	833
558	845
558	944
558	1302
558	1582
558	1737
559	719
559	1400
560	1211
560	1263
560	1341
560	1352
560	1359
560	1529
561	1059
561	1398
561	1791
562	1664
563	1067
563	1315
563	1539
563	1562
564	716
565	961
565	1385
565	1797
566	1000
566	1166
566	1481
566	1737
567	1525
567	1666
567	1813
568	722
568	797
568	1076
568	1895
569	842
569	843
569	1133
569	1139
569	1653
570	602
570	888
570	1158
570	1376
570	1389
570	1719
571	1381
572	766
572	1037
572	1544
572	1611
572	1816
572	1884
573	1006
573	1534
573	1640
574	587
574	828
574	1098
574	1447
574	1647
574	1781
574	1890
575	636
575	1107
575	1224
576	1142
576	1161
576	1450
576	1585
576	1691
577	1020
577	1202
577	1423
577	1491
577	1694
577	1787
577	1800
578	639
578	759
578	889
578	947
578	1397
578	1445
579	622
579	951
579	1036
579	1213
579	1503
579	1549
580	735
580	1648
581	680
582	956
582	1439
582	1579
583	1292
584	596
584	969
584	1029
584	1859
585	1226
585	1327
585	1782
586	939
586	1239
587	789
587	876
587	946
588	663
588	888
588	1584
589	819
589	858
589	1375
589	1626
590	688
590	919
590	924
590	1060
590	1097
590	1224
590	1259
591	845
591	1878
592	1385
594	1164
595	1353
595	1512
596	1140
596	1657
597	708
597	1629
598	931
598	997
598	1251
598	1424
598	1667
599	1535
599	1728
600	740
601	800
601	1662
602	611
602	1049
602	1477
603	973
604	1000
604	1067
605	952
605	1025
605	1089
605	1736
605	1811
606	1438
607	767
607	933
607	1335
607	1391
609	688
609	841
609	984
609	1367
609	1370
610	786
610	797
610	831
610	1363
610	1364
610	1453
610	1580
611	717
611	1757
612	741
612	1113
613	709
614	895
614	1084
614	1127
614	1158
614	1326
614	1496
615	1023
615	1056
615	1353
616	1090
616	1479
616	1515
616	1713
617	637
617	642
617	759
617	1068
617	1304
617	1306
617	1664
618	638
618	645
618	832
618	904
618	954
618	1052
618	1079
618	1557
618	1644
618	1646
619	939
619	1358
620	659
620	794
620	1152
620	1176
620	1221
620	1317
621	704
621	788
621	1139
621	1184
621	1735
621	1756
622	683
622	1273
622	1338
622	1425
622	1481
623	786
623	910
624	796
624	1617
624	1805
625	1254
625	1367
625	1806
626	1421
627	947
627	1202
627	1456
627	1825
628	825
628	1238
628	1480
629	1305
629	1538
629	1789
630	1047
630	1221
630	1693
632	737
632	750
632	798
632	968
632	1222
632	1750
633	803
633	1602
633	1699
634	742
634	760
634	1560
634	1800
636	1485
636	1693
637	1146
637	1438
637	1827
638	1076
639	905
639	1066
639	1642
640	1119
641	995
641	1006
641	1114
641	1719
642	673
642	1297
642	1372
643	876
643	960
643	1213
643	1596
643	1785
644	1059
644	1265
644	1461
644	1868
645	663
645	730
645	764
645	1252
645	1412
646	775
646	936
646	1425
647	735
647	1095
647	1656
648	885
648	1431
648	1456
648	1472
648	1679
648	1857
649	953
649	962
649	1311
649	1392
650	1138
651	675
651	1033
652	742
652	931
652	1129
652	1840
653	1720
654	716
654	1155
654	1726
655	1308
655	1325
655	1632
655	1637
656	1020
657	1353
658	692
658	1006
658	1710
659	1220
659	1524
660	1015
660	1818
661	1245
661	1719
662	690
662	742
662	991
662	1069
662	1236
663	844
663	1815
663	1824
663	1884
664	1565
664	1828
665	1043
665	1812
666	805
666	1183
666	1798
667	1717
668	904
669	1147
669	1592
669	1609
670	743
670	769
670	838
670	1201
670	1246
670	1573
671	878
671	1158
672	899
672	997
672	1120
672	1692
672	1804
674	1806
675	836
675	1535
675	1860
676	1427
677	1349
677	1492
678	791
678	810
678	1435
678	1506
680	1799
680	1801
681	1094
681	1285
681	1424
681	1496
682	694
682	1684
683	737
683	745
683	1491
684	1133
685	816
685	1613
686	774
686	933
687	1353
687	1456
687	1657
687	1753
688	1116
688	1736
688	1831
689	1133
689	1335
690	698
690	839
690	1113
690	1195
690	1680
690	1816
690	1875
691	1161
691	1860
692	870
692	1071
692	1344
692	1862
693	1221
693	1296
693	1422
693	1434
693	1639
694	771
694	1161
694	1211
694	1611
695	1131
695	1652
696	922
696	1187
696	1386
696	1395
697	1367
698	1062
698	1075
698	1241
698	1344
698	1360
699	1725
700	827
700	1171
700	1333
700	1837
701	933
701	1182
701	1250
702	1111
703	1473
704	855
704	965
704	970
704	1717
704	1884
705	1039
705	1136
705	1167
705	1196
705	1633
706	994
706	1022
706	1556
706	1601
707	762
707	1026
707	1603
708	1586
708	1740
709	986
709	1807
709	1810
710	859
711	854
711	1151
711	1481
711	1520
711	1699
712	797
712	1153
712	1547
713	1376
714	1126
714	1560
716	1283
716	1890
717	1608
717	1658
717	1738
718	804
718	1213
718	1597
718	1802
719	851
719	1442
720	1461
720	1753
721	733
721	736
721	1274
721	1541
721	1577
722	1292
722	1485
722	1725
723	742
723	1268
723	1446
724	1397
724	1445
725	945
725	1279
725	1397
725	1752
726	1741
727	842
727	1060
727	1504
728	923
728	1294
729	1001
729	1365
729	1455
730	1239
731	900
731	1380
731	1576
731	1870
732	1062
732	1082
732	1894
733	832
733	1216
733	1417
734	801
734	813
734	878
735	1025
735	1635
736	898
736	943
736	1066
736	1721
737	1350
737	1601
738	1138
738	1593
739	1141
739	1478
739	1625
739	1747
740	1058
740	1286
740	1626
742	1593
743	957
743	1353
744	816
744	931
744	1220
744	1539
745	795
747	990
747	1771
748	817
748	1104
748	1164
748	1239
748	1309
749	1294
750	769
750	1592
751	1082
751	1258
751	1536
752	756
752	1263
753	1000
753	1102
753	1272
753	1517
754	1282
755	766
755	1752
756	852
756	1008
756	1366
756	1380
757	1600
758	1448
758	1512
759	878
759	908
759	912
759	980
759	1283
759	1649
759	1681
759	1839
760	919
760	923
760	1176
760	1200
760	1412
760	1474
761	806
761	1045
761	1776
761	1824
762	903
762	1043
762	1092
762	1113
762	1127
763	1311
763	1661
764	1853
765	812
765	819
765	1106
765	1107
765	1269
765	1321
766	1504
767	949
767	1739
767	1742
768	844
768	1235
768	1469
769	926
769	1752
770	1156
771	1079
772	950
772	1381
772	1521
773	1153
773	1534
774	1595
775	1048
775	1353
775	1676
776	1407
777	883
777	1112
778	820
778	1052
778	1058
778	1232
778	1465
779	828
779	978
779	1499
780	1373
780	1872
780	1881
781	788
781	883
781	1583
782	800
782	1197
783	893
783	1115
783	1295
784	1893
785	1190
786	833
786	1535
787	1738
788	1563
789	1641
790	1098
790	1622
790	1700
791	810
791	887
791	983
791	1038
791	1305
791	1476
792	815
792	976
792	1034
792	1276
792	1355
793	926
793	1677
794	1509
795	1888
796	1611
796	1654
797	1095
797	1181
797	1334
798	838
798	910
798	1008
798	1110
798	1774
799	1451
799	1739
799	1820
800	873
800	997
800	1342
800	1779
801	1397
802	1362
802	1797
803	1019
803	1265
803	1711
803	1780
804	979
804	1104
805	1534
805	1595
806	1159
806	1280
806	1413
806	1502
806	1889
807	1049
807	1475
809	905
810	1095
810	1115
810	1191
810	1711
811	1362
811	1440
811	1889
812	1374
812	1733
813	1493
813	1617
813	1780
814	1534
815	1414
815	1834
816	1210
816	1281
816	1434
816	1707
817	1242
818	1009
818	1336
818	1490
819	821
819	1848
820	988
820	1461
820	1650
820	1706
821	922
821	1183
821	1245
821	1398
821	1578
822	833
822	1306
822	1338
823	865
823	1081
823	1437
824	957
825	1232
825	1441
827	1197
828	1101
828	1800
829	1039
829	1271
830	1196
830	1705
831	941
831	986
831	1124
831	1489
832	1072
832	1177
832	1691
833	885
833	1267
833	1444
833	1651
834	1778
834	1882
835	1257
835	1846
835	1857
836	1362
836	1577
836	1641
836	1880
837	845
838	918
838	1184
838	1576
839	920
839	1175
840	961
840	1074
840	1199
841	1422
841	1489
841	1559
841	1626
841	1760
842	1056
842	1559
842	1601
842	1760
842	1861
843	850
843	1005
843	1117
844	1346
845	1098
845	1290
845	1460
846	849
846	905
846	1287
846	1610
847	1382
847	1562
848	1102
848	1734
848	1753
849	879
849	1276
849	1356
849	1747
849	1773
850	1601
850	1627
851	1100
851	1133
851	1578
851	1840
852	1250
852	1566
853	1070
853	1812
855	1719
856	1598
856	1696
856	1803
857	1033
857	1434
858	1378
858	1592
858	1636
859	1470
859	1591
860	1630
860	1744
861	1032
861	1248
861	1303
861	1431
861	1572
861	1631
861	1855
862	1477
862	1793
863	962
863	1429
863	1651
863	1766
863	1824
864	1371
864	1461
865	1805
866	1095
866	1363
866	1817
867	1291
867	1407
867	1458
868	969
868	1605
868	1879
869	1055
870	987
870	1287
871	875
871	965
872	1186
873	944
873	1435
873	1646
873	1850
874	1031
874	1844
875	1000
875	1057
875	1558
877	1212
877	1257
877	1310
878	879
879	1218
879	1354
879	1736
880	1166
881	1173
881	1646
882	1650
882	1741
883	925
883	1001
883	1052
883	1093
883	1490
883	1586
883	1652
884	1187
884	1213
885	1723
885	1811
885	1852
887	947
887	1287
888	1034
888	1098
888	1799
889	1099
889	1534
890	918
890	1482
890	1771
890	1848
891	1585
892	1733
892	1850
893	1493
894	1281
894	1585
895	1324
896	952
896	1023
896	1028
896	1150
896	1336
896	1763
896	1864
897	1253
897	1700
899	968
899	1587
899	1861
900	1017
900	1499
901	1093
901	1167
902	986
902	1628
902	1748
903	1002
903	1557
905	1024
905	1383
905	1476
905	1850
906	1314
906	1509
906	1581
906	1626
907	1477
907	1588
908	1055
908	1771
908	1785
909	1131
909	1145
909	1284
909	1316
909	1608
910	1690
911	1125
911	1686
911	1857
912	1066
912	1678
912	1760
913	1487
914	1650
916	938
916	1144
916	1304
916	1319
917	1104
917	1740
918	1275
918	1323
918	1716
918	1743
918	1809
918	1897
919	1393
920	1313
920	1664
921	1120
921	1161
921	1328
921	1613
923	1527
923	1605
923	1898
924	1101
925	1730
925	1882
926	1616
927	1057
927	1281
928	1202
929	1433
929	1690
930	1811
930	1818
931	1056
931	1070
931	1390
931	1729
931	1783
932	1572
933	1024
933	1347
933	1529
934	935
934	1504
935	972
935	1670
936	1499
936	1661
936	1788
937	1096
939	1349
939	1550
939	1714
940	962
940	1153
940	1173
940	1193
940	1248
940	1693
941	978
942	1095
942	1361
942	1606
942	1693
943	1454
943	1735
945	952
945	1393
945	1624
945	1651
946	1776
947	1070
947	1769
949	1582
950	1427
950	1695
951	1613
951	1670
951	1782
953	1120
955	1035
955	1444
956	1234
956	1599
958	1479
958	1595
958	1761
959	1823
959	1861
959	1889
960	1092
960	1282
960	1451
961	1745
963	1228
963	1804
964	1058
964	1626
964	1671
965	1246
965	1299
965	1586
965	1589
967	1868
968	1456
968	1737
970	1616
971	1636
971	1741
972	1190
972	1518
973	1697
974	1884
975	1430
975	1567
975	1598
975	1872
976	1155
976	1294
976	1590
977	999
978	1081
978	1204
978	1226
980	1382
980	1850
983	1621
983	1684
984	1710
984	1768
985	992
985	1789
985	1873
986	1442
986	1600
987	1167
987	1200
987	1289
990	1405
991	1262
991	1434
992	1424
992	1647
994	1240
994	1473
994	1597
996	1691
996	1721
996	1815
996	1885
997	1340
997	1550
998	1006
998	1101
998	1110
998	1167
1000	1141
1000	1796
1000	1880
1001	1064
1001	1238
1004	1532
1005	1200
1006	1476
1006	1531
1007	1445
1008	1231
1008	1364
1008	1479
1010	1059
1011	1318
1012	1130
1012	1389
1012	1759
1014	1295
1014	1391
1014	1588
1015	1562
1017	1169
1017	1687
1019	1507
1019	1620
1020	1372
1020	1375
1021	1553
1022	1147
1022	1212
1022	1440
1025	1071
1025	1562
1025	1577
1026	1264
1026	1430
1026	1439
1026	1785
1027	1495
1027	1724
1027	1791
1028	1089
1029	1124
1029	1432
1030	1173
1030	1485
1030	1592
1031	1177
1031	1536
1031	1851
1032	1132
1033	1040
1033	1466
1034	1475
1034	1547
1034	1733
1036	1417
1036	1811
1036	1823
1036	1895
1037	1740
1038	1721
1038	1809
1038	1855
1039	1175
1039	1329
1039	1428
1040	1879
1041	1288
1041	1383
1041	1507
1042	1100
1042	1212
1043	1233
1044	1332
1045	1223
1045	1639
1046	1069
1046	1278
1046	1764
1046	1896
1047	1171
1047	1880
1048	1422
1049	1564
1049	1610
1049	1617
1050	1242
1050	1809
1051	1624
1052	1833
1053	1172
1053	1362
1054	1148
1054	1391
1054	1722
1054	1782
1055	1420
1055	1857
1056	1612
1056	1793
1057	1585
1057	1704
1058	1229
1058	1438
1059	1700
1059	1842
1060	1106
1060	1631
1062	1226
1062	1516
1062	1866
1063	1536
1063	1540
1064	1462
1065	1156
1065	1162
1066	1733
1066	1802
1067	1458
1067	1542
1067	1719
1068	1110
1068	1414
1068	1546
1068	1555
1068	1842
1069	1386
1070	1091
1070	1106
1070	1251
1070	1319
1071	1400
1072	1645
1073	1185
1073	1441
1074	1215
1075	1868
1075	1885
1076	1209
1077	1644
1077	1655
1077	1847
1079	1331
1079	1741
1080	1856
1081	1481
1081	1511
1081	1660
1084	1302
1084	1316
1084	1706
1085	1248
1086	1268
1086	1362
1088	1271
1089	1216
1090	1099
1090	1179
1090	1188
1091	1258
1091	1319
1091	1691
1091	1754
1092	1247
1092	1277
1092	1448
1092	1818
1094	1750
1097	1506
1097	1684
1098	1736
1098	1803
1100	1230
1100	1303
1101	1432
1102	1863
1103	1647
1104	1552
1106	1197
1106	1757
1106	1881
1107	1269
1108	1119
1108	1467
1108	1684
1109	1199
1109	1282
1109	1300
1110	1122
1110	1266
1110	1608
1110	1713
1111	1242
1111	1269
1112	1646
1112	1740
1114	1175
1114	1215
1114	1783
1115	1705
1115	1771
1117	1252
1117	1292
1117	1882
1118	1747
1119	1445
1120	1358
1120	1395
1120	1428
1123	1459
1123	1634
1124	1353
1125	1480
1125	1622
1126	1851
1127	1156
1127	1630
1129	1130
1130	1156
1131	1473
1131	1870
1133	1209
1133	1638
1134	1257
1135	1404
1136	1272
1136	1780
1137	1591
1137	1649
1137	1765
1138	1373
1139	1141
1139	1549
1139	1893
1140	1227
1140	1320
1140	1452
1140	1480
1140	1807
1143	1712
1144	1487
1144	1565
1144	1863
1146	1339
1146	1769
1147	1693
1148	1351
1148	1846
1149	1264
1149	1479
1149	1488
1150	1184
1152	1600
1153	1406
1154	1204
1154	1207
1154	1422
1155	1352
1155	1828
1155	1868
1156	1314
1156	1361
1156	1387
1157	1369
1158	1620
1158	1624
1159	1266
1159	1535
1159	1595
1159	1680
1160	1414
1161	1191
1161	1322
1161	1426
1162	1188
1162	1552
1163	1186
1163	1545
1164	1656
1165	1500
1165	1551
1168	1637
1168	1723
1170	1221
1171	1591
1172	1399
1173	1301
1174	1414
1174	1465
1174	1621
1174	1811
1175	1254
1175	1773
1176	1277
1176	1376
1176	1683
1177	1348
1180	1216
1181	1510
1182	1233
1182	1567
1183	1298
1183	1844
1184	1670
1186	1375
1186	1468
1187	1616
1187	1777
1188	1279
1189	1591
1194	1749
1195	1858
1195	1883
1196	1543
1196	1575
1196	1766
1197	1229
1197	1697
1197	1779
1199	1363
1199	1670
1200	1311
1201	1295
1201	1327
1201	1870
1203	1335
1203	1641
1204	1490
1204	1706
1204	1740
1205	1224
1205	1507
1205	1716
1206	1207
1206	1236
1206	1566
1207	1886
1208	1299
1208	1614
1209	1899
1211	1838
1211	1839
1211	1841
1213	1596
1213	1676
1214	1422
1214	1752
1215	1707
1217	1391
1218	1887
1219	1595
1219	1752
1220	1741
1221	1281
1221	1655
1221	1689
1222	1665
1223	1699
1224	1256
1224	1412
1225	1367
1225	1562
1225	1708
1226	1487
1226	1737
1228	1327
1228	1512
1228	1710
1229	1425
1229	1451
1230	1284
1230	1341
1230	1437
1230	1519
1230	1861
1233	1690
1234	1878
1235	1248
1235	1331
1235	1518
1236	1853
1238	1598
1238	1658
1239	1426
1239	1802
1240	1390
1240	1540
1240	1641
1241	1386
1241	1436
1241	1827
1242	1371
1242	1651
1243	1305
1243	1794
1244	1775
1244	1876
1245	1378
1245	1724
1246	1363
1246	1476
1246	1854
1247	1499
1247	1775
1248	1690
1249	1859
1250	1865
1251	1347
1251	1509
1252	1475
1254	1427
1254	1433
1254	1462
1255	1343
1255	1345
1256	1745
1257	1527
1257	1762
1258	1487
1259	1597
1259	1896
1260	1326
1260	1483
1260	1521
1262	1333
1262	1784
1263	1313
1263	1519
1263	1670
1263	1746
1267	1410
1269	1731
1271	1323
1273	1437
1273	1801
1274	1293
1274	1619
1275	1733
1277	1448
1277	1892
1279	1344
1279	1412
1279	1439
1281	1375
1281	1750
1281	1833
1283	1804
1286	1722
1286	1887
1287	1484
1287	1886
1288	1412
1288	1659
1291	1442
1292	1380
1293	1811
1296	1750
1296	1783
1296	1867
1297	1757
1297	1796
1297	1841
1298	1762
1299	1842
1301	1312
1301	1314
1301	1547
1303	1421
1303	1664
1304	1519
1305	1497
1306	1494
1306	1602
1307	1523
1307	1786
1308	1310
1308	1382
1308	1624
1309	1500
1309	1797
1310	1325
1310	1442
1310	1761
1311	1359
1313	1716
1314	1891
1316	1533
1317	1441
1319	1363
1319	1730
1322	1490
1322	1818
1323	1872
1324	1558
1326	1843
1327	1382
1327	1416
1327	1664
1328	1723
1329	1880
1330	1813
1331	1514
1331	1736
1332	1889
1334	1355
1334	1411
1334	1702
1335	1746
1336	1632
1337	1835
1339	1428
1339	1664
1340	1671
1342	1701
1343	1556
1343	1581
1343	1756
1345	1529
1345	1896
1346	1482
1347	1606
1348	1740
1348	1871
1349	1401
1349	1592
1349	1818
1350	1583
1350	1645
1350	1864
1352	1636
1352	1700
1352	1835
1354	1580
1355	1403
1355	1753
1356	1618
1357	1872
1361	1725
1362	1692
1363	1864
1364	1482
1364	1801
1364	1870
1366	1879
1367	1471
1368	1406
1369	1498
1369	1506
1369	1855
1370	1438
1370	1635
1370	1870
1372	1390
1372	1646
1374	1870
1375	1643
1375	1680
1375	1721
1377	1673
1377	1825
1378	1764
1378	1783
1378	1895
1379	1756
1380	1854
1381	1496
1381	1527
1381	1793
1382	1617
1382	1806
1383	1827
1385	1449
1385	1816
1386	1744
1387	1470
1387	1606
1387	1777
1388	1449
1388	1683
1388	1754
1389	1788
1390	1729
1390	1848
1391	1582
1393	1672
1393	1809
1395	1884
1396	1633
1397	1546
1398	1458
1398	1582
1399	1551
1399	1781
1402	1885
1403	1498
1404	1770
1405	1744
1408	1709
1409	1511
1410	1649
1413	1744
1414	1493
1414	1595
1414	1601
1414	1792
1415	1540
1415	1582
1415	1620
1416	1585
1418	1780
1419	1734
1420	1544
1420	1675
1421	1449
1421	1581
1422	1789
1423	1795
1426	1450
1426	1541
1426	1564
1427	1504
1428	1839
1429	1744
1430	1515
1430	1541
1430	1767
1430	1852
1431	1537
1432	1637
1432	1840
1432	1854
1434	1550
1434	1896
1435	1637
1435	1641
1436	1631
1437	1811
1438	1454
1438	1487
1439	1591
1440	1483
1440	1644
1440	1849
1442	1520
1443	1550
1443	1636
1449	1770
1449	1825
1450	1556
1451	1508
1452	1684
1452	1864
1455	1717
1457	1539
1459	1775
1461	1861
1464	1491
1468	1811
1469	1668
1470	1776
1470	1784
1471	1608
1472	1728
1473	1598
1474	1505
1474	1791
1475	1855
1479	1549
1479	1624
1479	1635
1479	1746
1482	1859
1485	1575
1486	1867
1487	1525
1488	1584
1488	1732
1489	1663
1489	1770
1490	1763
1492	1591
1493	1593
1493	1892
1494	1601
1494	1746
1495	1895
1497	1771
1497	1854
1498	1503
1500	1591
1501	1797
1501	1812
1504	1647
1504	1690
1504	1858
1505	1510
1505	1670
1515	1660
1516	1626
1518	1561
1518	1659
1520	1855
1522	1566
1522	1873
1523	1531
1526	1897
1526	1899
1527	1728
1527	1763
1529	1754
1530	1622
1537	1690
1537	1840
1538	1887
1539	1560
1540	1894
1541	1604
1542	1560
1542	1752
1543	1869
1544	1642
1545	1569
1547	1647
1549	1552
1549	1570
1549	1868
1550	1721
1550	1766
1550	1879
1551	1602
1552	1757
1553	1626
1553	1633
1554	1778
1554	1789
1555	1614
1555	1867
1556	1670
1557	1658
1559	1821
1562	1593
1563	1588
1563	1667
1563	1732
1563	1822
1566	1582
1567	1624
1568	1799
1572	1816
1573	1620
1574	1884
1576	1718
1580	1802
1580	1891
1582	1863
1586	1658
1586	1755
1587	1714
1590	1645
1590	1650
1592	1741
1593	1808
1593	1823
1595	1681
1596	1854
1598	1770
1598	1858
1598	1891
1599	1826
1602	1897
1604	1731
1604	1828
1610	1880
1611	1694
1612	1843
1613	1867
1614	1762
1614	1810
1615	1659
1622	1735
1623	1711
1623	1772
1623	1898
1625	1740
1629	1663
1629	1715
1640	1698
1641	1863
1644	1724
1644	1782
1647	1685
1651	1783
1655	1783
1655	1846
1657	1703
1665	1711
1665	1732
1666	1794
1673	1760
1674	1683
1675	1864
1683	1840
1688	1854
1692	1872
1693	1870
1694	1893
1700	1726
1700	1789
1701	1762
1712	1750
1713	1839
1713	1865
1720	1733
1721	1832
1729	1790
1732	1758
1733	1753
1737	1740
1739	1780
1741	1887
1746	1802
1751	1890
1755	1879
1756	1889
1757	1844
1761	1811
1765	1773
1768	1891
1769	1834
1772	1775
1778	1801
1786	1828
1786	1898
1791	1844
1796	1831
1798	1891
1803	1860
1805	1886
1810	1814
1837	1875
1853	1894