0	1153
0	1414
0	1859
1	432
1	773
1	929
1	1634
1	1872
2	156
2	247
3	676
3	1104
3	1289
3	1446
4	620
4	1362
4	1690
4	1726
4	1762
5	529
5	1353
5	1510
5	1649
6	146
6	565
6	636
6	1135
7	58
7	194
7	542
7	657
7	1093
7	1626
7	1670
7	1714
8	199
8	391
8	1347
8	1475
8	1678
8	1793
9	160
9	339
9	391
9	460
9	1145
9	1405
10	73
10	523
10	844
10	934
10	1536
10	1831
10	1890
11	693
11	1222
11	1488
11	1489
11	1518
11	1770
11	1883
12	122
12	247
12	865
12	955
12	1058
12	1430
13	31
13	354
13	893
13	959
13	1037
13	1269
13	1600
13	1831
14	793
14	815
15	139
15	610
15	944
15	1235
15	1306
15	1584
16	162
16	195
16	391
16	485
16	801
16	902
16	1401
16	1531
16	1707
16	1882
17	1728
17	1831
18	106
18	519
18	725
18	895
18	1126
18	1764
19	108
19	134
19	250
19	645
19	779
19	1143
19	1253
20	45
20	60
20	1066
20	1389
20	1526
21	42
21	663
21	1244
21	1278
21	1641
21	1653
22	1373
22	1406
22	1866
23	89
23	747
23	876
23	1274
23	1669
23	1798
24	1016
25	137
25	425
25	518
25	707
25	1565
26	515
26	663
26	672
26	740
26	841
26	1492
27	712
27	1146
28	31
28	332
28	990
28	1091
28	1114
29	1532
29	1576
29	1762
30	202
30	1394
30	1886
31	518
31	623
31	1227
31	1539
32	258
32	976
32	1090
33	319
33	380
33	753
33	1481
34	41
34	160
34	615
34	783
34	1003
34	1389
35	140
35	169
35	283
35	1600
36	171
36	904
36	1551
36	1739
36	1777
37	1090
38	214
38	360
38	850
38	1609
38	1644
39	403
39	1399
39	1611
40	118
40	426
40	756
40	1300
40	1369
41	112
41	787
41	1325
41	1435
41	1437
41	1572
41	1703
41	1707
41	1847
41	1858
42	575
42	1075
42	1480
43	489
43	1309
43	1393
43	1471
43	1485
44	335
45	87
45	535
45	1237
45	1348
45	1419
46	744
46	823
47	408
47	857
47	1107
48	275
48	546
48	956
48	1873
49	74
49	165
49	527
49	648
49	1817
50	898
50	1881
51	321
51	1369
51	1423
51	1845
52	135
52	582
52	701
52	852
52	1233
52	1700
53	304
53	455
53	549
53	1438
54	286
54	339
54	441
54	1237
55	264
55	353
55	1255
55	1347
55	1513
55	1701
56	106
56	465
56	1592
57	923
57	1399
57	1406
58	626
58	1098
58	1346
58	1480
58	1669
59	1088
59	1589
59	1711
60	415
60	1663
61	163
61	594
61	974
61	1179
62	266
62	521
62	739
62	741
62	754
62	864
62	1109
63	289
63	393
63	584
63	869
64	1306
64	1437
64	1626
64	1695
64	1808
65	137
65	258
65	687
65	1219
66	848
66	919
67	903
67	939
67	1166
67	1299
68	1035
69	913
69	1205
70	1575
71	714
71	916
71	938
71	1102
71	1525
72	84
73	300
73	394
73	1849
74	596
74	897
75	285
75	444
75	1438
76	449
76	768
76	1055
76	1531
77	234
77	353
77	649
77	657
77	710
77	1123
77	1248
77	1472
77	1507
78	663
79	249
79	1273
79	1582
80	203
80	347
80	382
80	395
80	909
80	1027
80	1601
80	1659
81	320
81	637
81	948
82	754
82	974
82	977
82	1816
83	794
83	1646
84	660
85	121
85	306
85	373
85	413
85	1373
85	1735
86	98
86	404
86	1179
86	1390
86	1450
87	705
87	742
87	930
87	1657
88	158
88	401
88	715
89	1593
90	239
90	812
91	130
91	227
91	548
91	1560
91	1879
92	422
92	456
92	856
92	1008
92	1118
92	1227
93	837
93	913
93	1303
93	1385
94	283
94	381
94	684
94	1270
94	1363
94	1654
95	384
96	152
96	239
96	494
96	554
96	672
96	923
96	1046
97	135
97	230
97	253
97	850
97	1422
97	1548
97	1626
97	1649
98	351
98	416
98	740
98	1376
98	1489
98	1627
98	1773
99	930
99	1099
99	1889
100	761
100	902
100	1422
100	1784
100	1818
100	1822
101	159
101	481
101	1861
102	142
102	154
102	1028
103	276
104	913
104	1148
105	666
105	1182
105	1225
105	1580
106	405
106	513
106	1617
106	1741
106	1754
107	119
107	412
107	623
107	656
107	968
107	1451
107	1590
108	164
108	410
108	1391
109	1033
110	1634
111	160
112	450
112	949
112	1395
112	1530
112	1574
112	1593
113	797
113	1206
113	1282
113	1740
114	595
114	1303
114	1743
115	220
115	618
115	797
115	1316
116	180
116	650
116	671
117	860
117	1066
117	1266
118	981
118	1152
118	1702
119	893
119	1260
119	1498
120	932
120	980
120	1573
120	1612
121	1305
122	594
122	730
122	797
122	997
122	1091
123	174
123	946
123	1126
123	1642
124	829
124	904
124	1172
124	1229
125	143
125	585
125	1148
125	1272
125	1294
125	1349
125	1588
126	362
126	372
126	647
126	880
126	1706
127	432
127	439
127	1021
127	1428
127	1571
127	1655
128	751
128	998
128	1186
128	1287
128	1374
129	616
129	1767
129	1865
130	314
130	1488
131	691
131	1242
132	349
132	817
132	1077
132	1895
133	360
133	728
133	1378
134	178
134	848
135	449
135	1037
135	1557
136	611
137	683
137	1446
138	1000
138	1055
139	770
139	1886
140	985
140	1216
140	1414
141	168
141	351
141	680
141	862
141	1064
142	265
142	299
142	316
142	396
142	406
142	992
142	1185
142	1293
142	1563
143	403
143	488
143	821
143	905
143	1842
144	1729
144	1770
145	216
145	894
145	1073
145	1843
146	245
146	1726
146	1832
147	807
147	950
148	1540
148	1668
149	1451
149	1830
150	1594
151	912
151	922
152	192
152	1081
152	1637
153	189
153	963
153	1200
153	1244
154	634
154	1036
154	1142
154	1487
154	1801
155	665
155	835
156	603
156	1726
156	1814
157	1124
157	1308
157	1457
157	1617
157	1860
158	962
160	1560
161	320
161	787
161	882
161	1824
161	1848
162	217
162	263
162	335
162	853
162	929
162	963
162	1272
162	1501
163	526
164	522
164	978
164	1152
164	1491
164	1617
165	385
165	930
165	1207
165	1472
166	191
166	356
166	1458
166	1585
166	1635
167	1315
167	1341
167	1687
168	405
168	1590
168	1698
168	1757
169	244
169	408
169	442
169	444
169	1288
170	741
170	891
170	956
170	1734
170	1839
171	298
171	1398
171	1754
172	491
172	1273
173	188
173	208
173	504
173	1569
174	316
174	1468
174	1523
174	1754
175	325
175	868
175	1204
175	1462
175	1680
176	358
176	565
176	803
177	520
177	525
177	951
177	1375
177	1667
178	316
178	332
178	486
178	1208
178	1271
178	1811
179	227
179	428
180	620
180	1307
181	1281
182	584
182	686
183	923
183	1123
183	1191
184	305
184	494
184	553
184	753
185	638
185	1072
185	1236
185	1336
185	1389
185	1689
185	1777
186	611
186	1724
187	272
188	879
188	1064
188	1129
188	1171
189	264
189	473
189	574
189	1684
190	205
190	862
190	1110
190	1285
190	1296
190	1697
191	640
191	862
191	971
191	1060
191	1259
192	365
192	516
192	1027
192	1179
192	1636
192	1762
192	1779
192	1812
193	601
193	789
193	917
194	1605
194	1829
194	1880
195	334
195	715
195	1267
195	1776
196	444
196	785
196	805
196	1063
196	1824
197	1193
198	707
198	754
198	1110
198	1254
198	1290
198	1555
198	1622
199	685
199	898
199	1211
199	1642
200	501
200	589
200	612
200	1547
201	401
201	544
201	1170
201	1569
201	1611
202	654
202	871
202	1190
202	1889
203	539
203	824
203	1373
203	1596
204	1861
205	277
205	396
205	490
205	928
205	1538
205	1640
206	475
206	540
206	982
206	983
207	999
207	1258
207	1793
208	990
208	1454
208	1472
208	1785
209	595
209	1072
210	973
210	1420
210	1493
210	1514
210	1641
210	1669
211	1119
211	1229
211	1506
211	1891
212	1211
212	1519
213	825
213	959
213	1131
214	363
214	564
214	1332
214	1408
214	1586
214	1703
215	396
215	921
216	571
216	983
216	1645
216	1803
217	1142
217	1721
218	959
218	1064
218	1862
219	499
219	592
219	920
219	1178
220	589
220	896
220	1120
220	1293
220	1625
221	303
221	762
221	909
221	1086
221	1638
222	279
222	456
222	538
222	1205
222	1326
223	491
223	1592
224	633
225	1615
225	1772
226	402
226	915
226	1592
227	287
227	588
227	905
227	1216
227	1589
228	460
228	1823
229	606
229	895
229	1174
229	1798
229	1815
230	1029
230	1777
230	1873
231	894
231	959
231	1126
231	1517
231	1650
231	1794
232	1447
232	1801
233	498
233	858
233	978
233	1325
233	1772
234	531
234	580
234	664
234	679
234	1330
234	1501
235	366
235	903
235	1215
235	1503
235	1671
235	1759
236	643
236	955
236	1030
236	1243
236	1407
237	1780
238	1074
238	1505
238	1873
239	663
239	702
239	1141
239	1523
239	1548
240	324
240	435
240	663
240	1102
240	1146
240	1228
241	247
241	934
241	1351
241	1636
241	1826
242	745
242	982
242	1689
243	998
243	1010
244	550
244	940
244	1202
244	1899
245	1143
246	521
246	944
246	998
246	1488
246	1881
247	1165
247	1184
247	1768
247	1888
248	771
248	1261
248	1506
248	1521
249	611
249	633
249	792
249	920
249	1301
249	1441
249	1807
250	1897
251	904
251	1309
251	1323
252	697
252	817
252	951
252	1373
252	1420
252	1510
252	1571
252	1819
253	894
254	602
254	676
255	429
255	887
255	1338
255	1722
256	679
256	965
256	966
256	1712
257	374
257	531
257	562
257	904
257	1376
257	1855
258	311
258	374
258	1744
259	763
259	826
259	934
259	1585
260	856
260	1016
260	1084
260	1310
261	720
261	1152
261	1531
261	1704
262	507
262	909
262	1333
262	1337
262	1409
263	802
263	1352
263	1535
263	1885
264	462
264	674
264	845
264	1360
264	1746
265	304
265	309
265	1046
265	1580
266	962
266	1027
266	1370
266	1409
266	1757
266	1810
267	955
267	1489
267	1650
267	1684
267	1739
268	930
268	956
268	1376
268	1421
268	1744
269	1138
269	1372
270	1808
270	1811
271	355
271	773
271	1040
271	1106
271	1320
272	1573
272	1860
273	900
273	1190
273	1201
273	1248
273	1522
274	683
274	1081
275	415
275	617
275	1659
276	1044
276	1070
276	1579
276	1729
276	1862
277	654
277	1381
277	1394
277	1436
277	1449
278	546
278	1158
279	1063
279	1582
279	1715
280	1475
281	1451
282	499
282	1115
282	1266
282	1274
282	1399
283	583
283	874
283	1144
283	1383
283	1751
283	1890
284	653
284	1634
284	1774
285	1058
285	1850
286	460
286	938
286	1200
287	290
287	316
287	524
287	1878
288	380
288	388
288	1486
288	1635
290	557
290	1341
290	1791
291	1717
292	313
292	689
292	776
292	1623
292	1715
293	714
293	999
294	669
294	769
294	988
294	1348
295	440
295	634
295	957
295	1561
295	1592
296	1066
296	1374
296	1439
297	793
297	922
297	951
297	1053
297	1766
297	1779
297	1883
298	1223
299	453
299	705
299	1269
300	448
300	452
300	688
300	886
300	1562
301	861
301	1239
301	1843
302	1511
303	642
303	952
303	1325
304	496
304	825
304	897
304	977
304	1136
304	1351
305	306
305	652
305	1223
305	1251
305	1566
305	1694
306	544
306	1288
306	1404
306	1813
307	1437
308	622
309	693
309	1020
309	1594
309	1798
310	1061
311	585
312	783
312	1605
312	1658
313	1303
314	988
314	1558
315	1334
315	1589
316	765
316	1128
316	1237
317	1163
318	1060
318	1505
319	465
319	754
319	1165
319	1189
319	1435
320	881
320	1017
320	1128
320	1130
320	1336
320	1538
320	1813
321	443
321	600
321	851
322	335
322	347
322	402
322	892
322	1247
322	1323
322	1547
322	1611
322	1728
323	363
323	600
323	747
323	1609
324	1751
325	494
325	608
325	827
325	847
325	1267
325	1736
326	981
326	1309
326	1618
326	1686
327	775
327	965
327	1005
327	1006
327	1130
328	622
328	921
328	1655
328	1725
329	333
329	1581
330	794
330	1057
330	1101
330	1552
330	1734
331	493
331	617
331	661
331	690
331	1395
331	1595
332	488
332	909
332	965
332	1367
332	1562
332	1786
333	1337
333	1532
333	1544
333	1593
333	1878
334	431
334	505
334	672
334	907
335	431
335	1792
336	737
336	826
336	1864
337	347
337	483
337	718
337	839
338	1276
339	513
339	604
339	1122
339	1158
339	1685
340	412
340	724
340	764
340	1244
341	793
341	943
342	1062
342	1496
342	1736
343	933
343	1236
343	1473
343	1785
344	886
344	1504
344	1576
344	1584
344	1654
345	566
345	1342
345	1635
346	637
346	697
346	1441
346	1537
346	1756
347	459
347	660
348	680
349	571
349	1303
350	529
350	874
350	1204
350	1457
350	1757
350	1888
351	1216
352	634
352	719
352	903
352	1553
353	1762
354	393
354	839
354	1255
354	1854
355	456
355	572
355	991
355	1291
355	1441
355	1706
355	1803
356	1637
357	752
357	1230
357	1356
358	427
358	429
358	508
358	1203
358	1708
358	1829
359	458
359	517
359	683
359	959
359	1339
359	1533
360	462
360	518
360	599
360	1392
361	447
361	1486
361	1762
361	1862
362	624
362	941
362	958
362	1123
362	1198
362	1412
363	626
363	711
363	1288
364	366
364	763
364	1287
365	742
365	765
365	1478
366	697
366	1417
367	1086
368	795
368	886
368	1119
368	1134
368	1791
369	444
369	829
369	1187
369	1271
370	495
370	744
371	1264
372	384
372	616
372	835
372	1613
372	1796
373	667
373	967
373	1181
373	1407
374	548
374	1162
374	1543
374	1617
374	1673
375	773
375	918
375	1148
376	862
376	1238
376	1431
376	1519
377	685
377	1568
377	1708
378	692
378	818
378	1821
379	915
379	1826
380	687
380	785
380	1147
380	1652
381	480
381	665
381	687
381	891
382	817
382	1046
382	1531
382	1604
382	1628
383	1704
383	1827
384	684
384	1050
384	1855
385	552
385	684
385	959
385	1154
385	1175
385	1198
385	1808
386	785
386	1048
386	1679
387	719
387	1232
387	1538
388	575
388	759
388	884
388	1211
388	1609
388	1620
388	1890
389	1518
389	1766
390	449
390	915
390	1116
390	1336
390	1812
391	446
391	519
391	640
391	699
391	1189
391	1213
392	424
392	814
392	931
392	1099
392	1532
392	1583
392	1667
393	498
393	673
394	579
394	609
394	1196
394	1243
394	1457
395	450
395	751
395	1115
395	1509
395	1855
396	821
396	840
396	1158
396	1406
397	760
397	837
397	1321
397	1629
398	1233
398	1460
399	1514
399	1550
400	1586
401	1014
401	1597
401	1688
402	660
402	879
402	1268
402	1372
402	1559
402	1587
403	832
403	1015
403	1169
403	1422
403	1653
403	1785
404	752
404	1056
404	1077
404	1408
406	531
406	907
406	942
406	969
406	1226
407	813
407	1859
408	566
408	690
408	932
408	1466
408	1660
409	1161
409	1637
409	1787
410	503
410	591
410	1241
410	1496
411	1389
411	1475
412	870
412	970
413	627
413	748
413	901
413	965
414	527
414	652
414	1061
415	575
415	693
415	1662
415	1677
416	499
416	1533
416	1805
417	1827
418	889
418	1390
419	477
419	574
419	608
419	1033
420	755
420	1849
421	479
421	1273
421	1305
422	892
422	929
422	962
423	1464
423	1662
424	712
424	926
424	1155
425	1302
425	1421
425	1609
426	598
426	876
426	1591
426	1781
427	768
427	1151
427	1447
428	1155
428	1277
428	1431
428	1772
429	1350
429	1579
429	1600
429	1772
430	859
430	1744
431	457
431	958
431	1529
431	1775
431	1883
432	825
432	1651
433	478
433	522
433	1798
434	544
434	825
434	1191
435	1067
435	1541
435	1795
436	561
436	858
436	941
437	1341
437	1787
437	1850
438	951
439	450
439	752
439	753
439	1033
439	1088
439	1652
440	1053
441	724
441	770
441	976
441	1023
441	1127
441	1731
442	563
442	676
442	836
442	901
442	1364
443	645
443	1074
443	1272
444	884
444	1268
445	807
445	1114
445	1122
446	971
446	989
446	1054
446	1456
447	683
447	925
447	964
447	1704
448	612
448	1342
449	568
449	1013
449	1748
450	1131
451	496
451	884
451	921
451	1324
451	1860
452	536
452	998
452	1360
452	1638
453	862
454	633
454	949
454	1183
454	1421
455	498
455	594
455	869
455	1249
455	1525
456	1220
456	1555
457	478
457	533
458	756
458	812
458	1867
459	1292
459	1323
460	712
460	1008
460	1401
461	973
461	981
461	1385
462	500
462	1220
463	570
463	574
463	821
463	1539
463	1682
463	1709
464	559
464	928
464	1199
465	571
465	1220
465	1411
465	1458
465	1599
465	1670
466	709
466	862
466	1167
466	1717
466	1809
467	612
467	1141
467	1670
468	794
468	904
468	999
468	1153
468	1859
469	1146
469	1195
469	1345
469	1422
469	1628
470	641
470	684
470	740
470	762
470	939
470	1366
470	1625
471	519
472	747
472	822
472	1685
472	1839
473	699
473	971
473	1286
474	988
474	1028
474	1352
474	1526
475	996
475	1279
475	1538
476	1708
477	522
477	1556
477	1667
477	1727
478	833
479	948
479	1194
479	1206
480	598
480	1748
482	1053
482	1113
482	1826
483	598
483	1627
483	1847
484	721
484	1377
484	1470
485	492
485	537
485	580
485	673
485	752
485	1473
486	745
486	889
486	1312
487	819
487	1128
487	1622
488	1332
488	1423
488	1788
489	1038
489	1705
490	926
490	1232
490	1304
490	1890
491	977
491	1121
491	1274
491	1488
491	1594
491	1829
492	907
492	1420
492	1681
493	1012
493	1210
493	1551
494	938
494	1850
495	510
495	1198
495	1405
496	655
496	709
496	804
496	833
496	1150
496	1284
496	1871
497	784
497	831
497	868
497	1013
497	1074
497	1291
497	1530
497	1658
497	1880
498	863
498	1440
498	1630
499	622
499	982
499	1108
499	1152
499	1651
499	1856
500	614
500	1219
501	575
501	1726
501	1752
501	1777
502	1127
502	1474
503	959
503	1645
503	1810
503	1832
504	1494
504	1634
505	1139
505	1800
506	902
506	1052
506	1189
506	1482
506	1639
506	1660
506	1815
507	1248
507	1504
508	1001
508	1299
508	1624
509	1144
509	1210
509	1399
509	1442
509	1541
509	1706
510	867
510	912
510	1208
510	1354
511	535
511	867
511	1862
512	1197
512	1326
512	1536
512	1630
512	1825
514	895
514	924
514	1030
515	1168
516	889
516	952
516	1623
516	1666
516	1724
516	1843
517	964
517	985
517	1038
517	1484
518	1115
519	1172
520	1354
520	1606
522	1022
522	1270
522	1377
523	1300
523	1815
524	576
524	991
524	1188
524	1753
525	736
525	1207
525	1651
526	581
526	1676
527	1362
527	1883
528	704
528	1358
528	1781
529	671
529	1463
530	702
530	812
530	1141
530	1815
531	736
531	798
532	992
532	1239
533	1307
533	1623
533	1769
534	763
534	873
534	1060
534	1191
534	1501
535	954
535	1723
535	1811
536	711
536	985
536	1193
536	1456
536	1500
536	1504
537	665
537	996
537	1013
538	665
538	1038
538	1109
538	1736
539	1088
540	1573
540	1790
541	1415
542	662
542	1353
542	1528
542	1557
542	1607
543	565
543	1108
543	1664
544	1637
545	585
545	781
545	1307
545	1421
546	638
546	1273
547	1113
548	658
548	1081
548	1342
548	1813
549	761
549	790
549	845
550	690
550	773
550	894
550	903
551	1402
551	1802
552	829
552	1156
552	1392
552	1497
553	624
553	1727
554	1011
555	641
555	810
555	842
555	1366
556	967
556	1459
556	1557
557	806
557	1225
557	1707
557	1797
558	1100
559	819
559	1171
559	1509
559	1726
560	659
561	1192
561	1617
562	1430
562	1612
563	817
563	884
563	1014
563	1105
564	754
564	1098
565	644
565	1761
566	1375
567	1675
567	1833
568	979
568	1157
568	1437
569	716
569	1284
569	1375
569	1685
570	674
570	1044
570	1209
570	1306
570	1712
570	1741
571	986
571	1574
572	658
572	1898
573	876
573	879
573	1011
573	1596
574	1418
574	1422
575	595
575	647
575	1309
575	1378
575	1487
576	624
576	705
576	1335
577	923
577	971
577	1604
578	1013
578	1346
578	1368
579	1222
579	1302
579	1695
580	682
580	1835
581	938
581	1687
581	1872
582	1535
583	761
583	934
583	1076
583	1103
583	1303
583	1891
584	804
584	1214
584	1504
584	1635
584	1690
585	836
585	976
585	1499
585	1602
586	849
586	912
586	1304
587	652
587	1319
587	1639
587	1857
588	915
589	927
589	1259
590	1428
590	1469
590	1608
590	1690
590	1758
591	597
591	914
591	1341
593	667
593	802
593	907
593	935
593	1027
593	1328
593	1541
593	1885
594	1796
595	1042
595	1080
595	1245
595	1343
595	1777
596	965
597	806
597	897
597	1071
597	1184
598	1213
598	1585
598	1653
598	1883
599	829
600	1354
601	880
601	1668
602	817
602	865
602	1317
603	1217
604	1025
604	1779
605	745
605	949
606	826
606	1368
606	1403
606	1603
607	1809
608	1289
608	1845
609	971
609	1112
610	778
610	797
610	1230
611	1337
611	1415
611	1669
612	1213
612	1239
613	1434
613	1476
613	1667
614	719
614	1160
614	1161
614	1319
614	1386
614	1594
614	1834
615	620
615	1678
616	907
616	940
616	1435
617	626
617	1822
618	1031
618	1088
619	809
619	1610
620	762
620	907
620	1285
620	1440
620	1644
620	1773
620	1824
621	1178
621	1385
622	871
622	1063
622	1585
623	1389
624	733
624	1131
624	1304
624	1471
624	1481
625	665
625	864
625	1268
626	1034
626	1786
626	1836
627	1236
628	659
628	1588
628	1776
628	1793
629	1127
630	1163
630	1213
630	1654
631	1810
631	1866
632	1889
634	686
634	840
635	1483
636	855
636	1467
637	750
637	1755
638	709
638	1156
638	1537
639	1695
639	1709
640	1316
641	669
641	1479
641	1484
641	1663
642	960
642	1027
642	1318
642	1368
643	1638
644	1383
644	1699
644	1773
644	1842
645	1410
646	716
646	1268
646	1730
647	1318
647	1898
648	771
648	1082
648	1558
649	773
649	844
649	1216
650	1273
650	1421
650	1783
651	744
651	899
652	897
652	1091
652	1322
652	1683
653	696
653	738
653	1453
654	1370
655	772
655	1256
655	1278
655	1794
655	1825
656	829
656	920
656	1215
656	1789
656	1795
657	711
657	1521
658	950
658	1443
658	1586
658	1600
659	852
659	1028
660	833
660	1339
660	1386
660	1491
660	1741
662	1075
662	1161
662	1743
663	1623
664	1112
665	990
665	1416
667	854
667	1081
667	1311
668	1866
669	994
669	1102
670	776
670	1546
671	804
671	1198
672	693
672	1234
672	1303
672	1470
672	1633
672	1643
673	683
673	1186
673	1533
674	951
674	1050
674	1159
674	1219
674	1650
675	1648
676	679
676	882
676	1236
676	1397
676	1823
677	724
677	872
677	947
677	1159
677	1207
677	1577
677	1723
678	1046
678	1598
679	683
679	1595
680	1113
680	1287
681	1355
682	700
682	754
682	875
682	955
682	1415
683	730
683	1817
684	1344
684	1374
684	1554
684	1654
684	1664
685	851
686	1797
686	1818
687	1690
688	1270
689	833
689	1218
689	1608
690	1074
690	1626
690	1736
691	831
691	1066
691	1105
691	1480
692	864
692	963
692	1668
693	945
693	1196
693	1526
693	1679
694	888
694	1813
695	1057
695	1878
696	1687
696	1802
697	1133
697	1583
698	751
698	958
698	1606
699	765
699	948
699	1724
700	732
700	742
700	1024
701	841
701	924
701	1510
701	1737
702	1237
702	1274
703	885
703	1339
703	1755
703	1887
704	839
704	948
704	975
704	1036
704	1245
704	1387
705	887
705	1829
705	1884
706	934
706	1033
706	1209
706	1427
708	1764
708	1874
709	979
709	1091
709	1106
709	1270
709	1295
709	1685
710	1705
711	1006
711	1032
712	1023
712	1592
713	946
714	902
714	1522
714	1780
714	1841
714	1867
715	1205
715	1319
715	1474
715	1845
716	1381
716	1489
716	1664
717	1074
717	1233
718	726
718	1126
718	1237
718	1864
719	1267
719	1641
720	892
720	1711
720	1726
721	1894
722	1427
723	1625
724	771
724	1897
725	1787
727	944
728	1165
728	1376
729	1293
730	1094
730	1280
730	1417
731	1124
731	1175
731	1530
731	1718
732	1102
732	1251
732	1291
733	887
733	897
733	969
733	1563
733	1862
734	741
734	986
734	1162
734	1450
734	1528
735	1848
736	771
736	837
736	1867
737	1515
738	785
738	1572
738	1737
738	1891
739	888
739	1115
739	1419
739	1667
739	1762
740	981
740	1275
740	1733
741	862
741	1808
742	1086
742	1805
743	1099
743	1282
743	1371
744	1033
744	1161
744	1171
744	1861
745	896
745	1008
745	1530
745	1572
745	1768
746	1065
747	1298
747	1563
747	1748
748	882
749	767
749	1063
749	1332
749	1765
750	1320
750	1660
750	1683
751	886
751	1289
751	1357
751	1693
752	1314
752	1331
752	1561
752	1727
753	1130
753	1534
753	1792
754	998
754	1473
755	945
755	946
755	1077
756	1048
756	1370
756	1705
757	815
757	1363
757	1405
758	1528
759	1029
759	1180
759	1542
759	1772
760	1257
760	1468
760	1540
760	1746
761	792
761	1146
761	1327
761	1416
761	1450
761	1521
762	1642
762	1883
763	775
763	850
763	1860
765	908
765	1260
765	1471
765	1788
766	789
766	1446
766	1453
767	1143
767	1380
767	1630
768	1217
768	1702
769	893
769	1091
770	855
770	921
770	1435
771	819
771	899
772	1024
772	1389
774	1500
774	1507
775	1568
776	1056
777	1159
777	1302
779	914
780	1344
780	1750
781	1522
781	1721
782	810
782	981
782	1116
782	1397
782	1737
783	1160
783	1317
783	1442
784	799
784	861
784	1071
786	1245
787	1611
788	1068
788	1168
788	1257
788	1392
790	1455
791	1519
791	1697
791	1768
793	821
793	868
793	1059
794	1270
794	1726
794	1784
795	905
795	1532
796	1115
796	1186
796	1709
796	1743
798	853
798	1244
798	1347
798	1624
799	945
799	948
799	1079
799	1118
799	1761
800	1033
800	1424
801	874
801	1125
801	1629
802	1003
802	1327
802	1429
803	924
803	1383
803	1440
803	1608
804	1111
804	1139
804	1782
805	1038
805	1178
805	1557
806	1300
806	1368
806	1754
807	865
807	1006
807	1113
807	1202
807	1813
807	1891
808	1006
808	1584
808	1608
809	1433
809	1559
810	960
811	952
811	1326
811	1429
812	928
812	1876
813	1329
813	1759
814	975
814	1157
814	1574
814	1611
815	959
815	1585
815	1658
815	1698
815	1889
816	1027
816	1689
817	834
817	1336
818	1036
818	1644
818	1737
818	1893
819	1119
819	1634
820	1322
820	1573
821	979
821	1177
821	1877
822	989
822	1314
822	1740
823	1139
823	1272
823	1288
824	1273
824	1698
825	898
825	1089
825	1733
826	866
826	1495
826	1896
827	900
827	1119
828	1867
829	867
829	1439
829	1729
830	961
830	1098
832	896
832	1218
832	1432
832	1447
832	1809
833	1395
833	1559
834	1126
834	1775
835	943
835	1227
835	1661
835	1795
835	1803
835	1852
836	1241
836	1317
836	1477
836	1494
837	1094
837	1211
837	1568
838	908
838	1149
838	1222
838	1311
838	1394
838	1464
838	1709
838	1898
839	1528
839	1808
840	865
840	908
840	1420
840	1505
841	1179
841	1491
841	1512
841	1552
842	1087
842	1611
843	853
843	1140
843	1148
844	880
844	1410
844	1860
845	1158
845	1393
846	1151
846	1769
846	1889
848	1226
848	1587
849	1148
849	1171
850	967
850	1273
850	1620
850	1632
852	1065
852	1264
852	1319
853	1098
853	1185
854	909
854	1655
855	890
855	1446
855	1548
856	1514
857	928
857	1147
858	1044
858	1591
859	1070
859	1137
859	1427
859	1528
860	873
861	915
861	1028
861	1491
861	1539
861	1634
862	1011
862	1185
862	1404
862	1455
862	1555
863	890
864	1699
864	1791
865	868
866	1316
866	1380
866	1685
868	1422
869	942
869	1002
869	1039
870	1118
870	1280
870	1455
870	1469
870	1590
871	916
871	1869
872	1379
872	1457
872	1893
873	911
873	1062
873	1722
873	1861
875	1034
875	1063
875	1095
875	1800
877	1076
877	1554
877	1806
877	1898
878	926
878	1325
879	977
879	1554
880	1796
881	1155
882	1090
882	1309
882	1517
883	1314
883	1646
883	1846
884	1326
885	1304
885	1891
886	887
886	1711
887	958
887	1166
887	1279
887	1712
887	1767
888	1112
888	1850
889	1532
889	1683
889	1722
889	1750
889	1865
890	894
891	925
891	1463
891	1869
892	918
892	1644
892	1677
892	1720
893	898
893	1116
893	1362
893	1411
893	1427
893	1891
894	1386
894	1574
894	1611
894	1714
896	1428
896	1587
896	1600
897	1530
897	1719
897	1878
898	1042
898	1118
898	1833
899	966
899	1719
900	1468
900	1645
901	1093
901	1302
903	1610
903	1772
904	1183
905	1212
905	1681
906	1441
906	1446
908	924
908	1612
908	1792
908	1891
909	933
909	1015
909	1364
909	1615
909	1875
909	1891
910	1018
910	1265
910	1630
912	938
912	1465
913	1007
913	1544
913	1582
914	950
914	1487
914	1519
914	1528
915	941
915	1028
915	1265
916	931
916	1358
916	1503
916	1824
917	1098
917	1183
917	1402
917	1775
918	1501
918	1591
919	1356
919	1411
919	1434
919	1799
920	1270
921	1105
921	1129
921	1159
921	1379
921	1401
921	1429
921	1438
921	1875
922	1119
922	1239
922	1481
922	1505
922	1688
923	1683
924	1013
924	1158
924	1652
924	1819
925	1203
925	1750
925	1844
926	1170
927	1238
927	1489
928	1281
928	1344
928	1577
928	1771
931	1021
931	1134
931	1652
933	1305
933	1579
933	1585
933	1618
933	1740
933	1784
936	1124
936	1288
937	1166
937	1543
937	1568
938	1173
938	1376
938	1793
939	1414
939	1757
940	1568
941	1147
941	1337
941	1516
943	992
943	1701
945	1453
946	967
946	1082
946	1367
947	1527
947	1568
947	1825
949	1850
950	963
950	998
950	1076
950	1533
951	1726
952	1139
952	1405
952	1777
953	1543
953	1615
954	1432
954	1794
954	1899
955	1049
955	1050
955	1186
955	1345
955	1627
956	1380
956	1624
957	1041
957	1059
959	1270
959	1342
959	1867
959	1884
960	1646
961	987
961	1218
961	1400
962	966
962	1118
962	1548
963	1025
963	1231
963	1393
963	1823
964	1045
965	978
965	1059
965	1181
965	1308
965	1408
965	1493
966	1362
967	1096
968	1096
968	1530
969	1534
970	1268
970	1497
970	1785
971	1530
971	1781
971	1790
971	1811
971	1827
972	1001
972	1247
972	1363
972	1575
972	1724
973	1615
973	1653
974	1226
977	1523
978	1320
978	1439
978	1586
978	1792
979	1382
979	1578
979	1629
979	1664
979	1779
981	1025
981	1118
981	1219
981	1236
982	1697
983	1857
984	1793
987	1173
987	1455
987	1599
987	1660
988	1178
988	1426
989	1389
989	1503
990	1003
990	1223
990	1409
990	1685
990	1750
991	1112
992	1317
992	1390
992	1898
993	1415
994	1113
995	1091
995	1200
996	1221
996	1692
997	1205
998	1458
998	1498
998	1650
998	1820
999	1424
999	1460
1000	1686
1001	1492
1001	1493
1001	1540
1002	1468
1002	1638
1003	1629
1004	1188
1004	1557
1005	1033
1005	1336
1005	1628
1006	1739
1006	1797
1007	1019
1007	1193
1008	1345
1008	1785
1009	1171
1010	1479
1011	1224
1012	1243
1012	1526
1012	1825
1012	1827
1012	1850
1013	1117
1014	1230
1014	1295
1015	1083
1015	1400
1016	1650
1016	1898
1017	1018
1017	1325
1018	1149
1019	1251
1019	1276
1019	1787
1020	1884
1021	1450
1022	1573
1022	1631
1022	1673
1023	1240
1023	1591
1024	1602
1025	1101
1025	1238
1025	1616
1026	1508
1026	1821
1028	1038
1028	1363
1029	1590
1029	1691
1030	1222
1030	1250
1031	1334
1031	1568
1032	1440
1033	1108
1033	1508
1033	1536
1033	1776
1035	1885
1036	1220
1036	1284
1036	1300
1038	1470
1039	1501
1039	1581
1039	1653
1040	1591
1041	1564
1042	1355
1042	1428
1042	1767
1043	1137
1043	1653
1044	1109
1044	1359
1044	1506
1044	1855
1045	1544
1045	1581
1045	1755
1046	1130
1046	1449
1046	1544
1047	1171
1047	1190
1050	1153
1050	1815
1051	1395
1051	1705
1051	1783
1052	1730
1053	1517
1054	1283
1054	1609
1054	1782
1055	1443
1056	1078
1056	1438
1056	1447
1056	1821
1057	1716
1058	1230
1058	1277
1059	1379
1059	1760
1061	1334
1061	1472
1061	1498
1062	1364
1062	1517
1063	1125
1064	1071
1064	1333
1065	1600
1065	1715
1065	1784
1066	1606
1067	1354
1067	1662
1069	1346
1069	1745
1070	1192
1070	1707
1072	1281
1072	1386
1072	1510
1074	1558
1075	1276
1075	1308
1075	1461
1075	1867
1076	1424
1076	1483
1077	1569
1077	1620
1079	1095
1080	1829
1081	1318
1081	1391
1081	1825
1082	1703
1083	1278
1083	1825
1083	1856
1083	1885
1084	1176
1084	1231
1084	1430
1084	1778
1085	1612
1085	1782
1087	1667
1087	1712
1087	1732
1088	1196
1088	1270
1088	1332
1088	1381
1088	1524
1088	1653
1088	1856
1090	1607
1091	1665
1091	1679
1091	1709
1091	1867
1092	1219
1092	1753
1093	1310
1093	1437
1093	1664
1094	1452
1095	1152
1095	1668
1095	1715
1097	1101
1098	1215
1098	1604
1100	1560
1101	1155
1101	1295
1102	1375
1103	1218
1103	1244
1103	1301
1103	1677
1104	1269
1104	1404
1104	1678
1105	1549
1106	1323
1106	1775
1107	1469
1107	1556
1107	1653
1110	1342
1110	1698
1110	1838
1110	1848
1111	1116
1112	1468
1112	1793
1112	1882
1113	1196
1113	1557
1114	1180
1115	1135
1115	1191
1116	1242
1117	1181
1117	1207
1117	1619
1117	1796
1118	1721
1119	1398
1119	1607
1119	1743
1120	1139
1121	1835
1122	1404
1123	1666
1124	1669
1124	1703
1128	1279
1128	1677
1128	1739
1128	1806
1129	1205
1129	1389
1131	1755
1132	1613
1132	1637
1133	1878
1136	1565
1136	1679
1137	1150
1139	1183
1139	1294
1139	1541
1139	1829
1139	1876
1140	1146
1141	1754
1141	1801
1142	1164
1142	1665
1143	1520
1143	1548
1143	1817
1145	1242
1145	1311
1147	1433
1147	1463
1147	1727
1148	1192
1148	1221
1149	1393
1149	1398
1149	1435
1150	1584
1150	1796
1151	1306
1151	1343
1151	1871
1152	1468
1153	1514
1153	1592
1154	1582
1155	1812
1156	1395
1156	1673
1157	1351
1158	1191
1158	1768
1159	1647
1162	1533
1162	1646
1164	1390
1165	1567
1165	1592
1166	1340
1166	1349
1166	1357
1169	1285
1169	1481
1170	1171
1170	1257
1170	1880
1171	1339
1171	1552
1171	1801
1171	1874
1172	1257
1173	1529
1173	1627
1173	1749
1174	1287
1175	1276
1175	1438
1176	1193
1176	1579
1177	1317
1177	1375
1177	1649
1177	1726
1178	1231
1178	1719
1178	1772
1178	1853
1179	1566
1179	1788
1180	1261
1181	1582
1183	1364
1183	1726
1185	1237
1187	1412
1187	1799
1189	1643
1189	1892
1191	1778
1192	1537
1193	1606
1194	1514
1195	1471
1195	1747
1196	1205
1197	1593
1197	1633
1197	1691
1198	1747
1199	1612
1199	1736
1200	1436
1201	1788
1201	1800
1205	1299
1205	1796
1207	1224
1207	1445
1208	1823
1209	1486
1209	1716
1210	1310
1210	1482
1210	1781
1211	1804
1212	1731
1213	1819
1213	1826
1215	1391
1216	1545
1217	1219
1217	1246
1217	1259
1217	1567
1217	1881
1218	1594
1218	1683
1218	1881
1221	1893
1222	1403
1223	1352
1223	1778
1224	1369
1225	1401
1227	1525
1227	1716
1228	1623
1229	1332
1229	1701
1231	1710
1234	1662
1235	1400
1235	1445
1235	1834
1236	1356
1236	1365
1238	1292
1239	1447
1239	1846
1240	1265
1240	1450
1240	1613
1240	1642
1240	1801
1240	1882
1241	1587
1241	1639
1241	1660
1242	1544
1243	1645
1244	1633
1247	1381
1247	1391
1250	1660
1251	1799
1251	1833
1252	1258
1253	1330
1253	1553
1253	1720
1254	1296
1256	1771
1257	1726
1258	1790
1259	1536
1259	1735
1262	1409
1262	1438
1263	1384
1263	1795
1268	1585
1268	1705
1269	1396
1269	1636
1272	1586
1273	1651
1274	1326
1275	1665
1277	1564
1278	1520
1279	1869
1280	1714
1281	1289
1281	1793
1282	1371
1284	1304
1286	1401
1286	1673
1286	1860
1287	1795
1288	1449
1290	1455
1291	1438
1291	1601
1292	1559
1293	1329
1293	1413
1293	1601
1293	1870
1294	1474
1295	1675
1296	1550
1297	1323
1297	1845
1299	1467
1300	1301
1300	1551
1300	1829
1301	1348
1301	1766
1301	1883
1303	1472
1303	1738
1305	1560
1306	1718
1307	1388
1308	1562
1309	1456
1309	1645
1311	1491
1312	1561
1313	1410
1313	1548
1314	1623
1314	1669
1315	1377
1315	1492
1315	1614
1317	1784
1318	1689
1318	1783
1319	1672
1321	1333
1322	1713
1323	1491
1323	1667
1325	1515
1325	1564
1326	1365
1326	1482
1326	1751
1327	1521
1327	1609
1327	1816
1328	1656
1328	1813
1329	1871
1331	1434
1331	1835
1332	1511
1333	1488
1333	1490
1335	1466
1336	1621
1337	1513
1337	1712
1338	1814
1339	1361
1339	1575
1339	1720
1339	1727
1339	1836
1339	1861
1345	1356
1345	1513
1345	1730
1345	1852
1346	1821
1347	1615
1348	1439
1349	1508
1350	1651
1350	1658
1351	1885
1352	1686
1353	1487
1354	1395
1355	1412
1355	1690
1355	1830
1356	1574
1357	1598
1357	1633
1357	1654
1359	1635
1362	1798
1364	1705
1369	1528
1369	1627
1370	1482
1370	1733
1371	1408
1372	1436
1372	1688
1373	1681
1373	1816
1374	1533
1376	1526
1379	1688
1381	1533
1381	1676
1382	1603
1383	1654
1384	1459
1384	1613
1384	1878
1385	1867
1386	1671
1386	1766
1386	1771
1387	1443
1387	1593
1388	1546
1388	1603
1389	1504
1389	1535
1390	1569
1390	1632
1391	1558
1391	1867
1392	1544
1394	1425
1394	1730
1397	1487
1397	1554
1398	1490
1398	1660
1399	1515
1400	1425
1400	1736
1404	1822
1404	1859
1405	1457
1405	1484
1406	1570
1407	1453
1407	1498
1407	1510
1409	1725
1410	1619
1411	1748
1411	1886
1413	1696
1413	1891
1414	1712
1415	1604
1415	1605
1418	1850
1419	1867
1419	1896
1420	1532
1421	1566
1422	1866
1424	1438
1425	1583
1425	1626
1425	1684
1426	1458
1426	1609
1427	1560
1427	1854
1428	1519
1428	1793
1428	1805
1429	1612
1429	1618
1430	1864
1431	1453
1432	1550
1433	1500
1433	1587
1433	1623
1433	1830
1434	1649
1435	1713
1437	1588
1439	1459
1439	1744
1440	1587
1440	1629
1443	1513
1443	1681
1443	1722
1444	1618
1444	1715
1445	1507
1446	1482
1446	1510
1447	1601
1447	1677
1447	1710
1447	1877
1448	1731
1449	1881
1454	1643
1454	1891
1457	1700
1457	1880
1458	1532
1458	1799
1458	1852
1459	1515
1459	1722
1459	1724
1460	1667
1461	1586
1461	1635
1461	1875
1462	1761
1463	1588
1467	1504
1467	1593
1469	1870
1471	1840
1473	1846
1474	1758
1474	1782
1478	1523
1478	1546
1479	1664
1480	1636
1482	1577
1482	1637
1483	1857
1485	1859
1486	1754
1487	1608
1491	1504
1491	1805
1493	1617
1493	1708
1494	1528
1494	1897
1499	1603
1501	1666
1501	1832
1501	1860
1502	1605
1502	1763
1503	1597
1504	1636
1504	1779
1507	1542
1507	1759
1509	1571
1509	1815
1509	1859
1510	1853
1510	1854
1511	1586
1513	1532
1515	1646
1516	1866
1517	1862
1518	1594
1523	1583
1524	1764
1525	1666
1525	1863
1527	1868
1528	1753
1529	1747
1531	1671
1531	1767
1531	1860
1533	1735
1535	1673
1538	1684
1540	1647
1540	1656
1540	1720
1541	1638
1542	1592
1544	1675
1545	1792
1546	1714
1546	1797
1547	1815
1549	1621
1549	1876
1552	1824
1554	1713
1554	1861
1555	1566
1556	1752
1556	1799
1557	1781
1558	1791
1562	1614
1563	1653
1563	1674
1563	1793
1563	1820
1565	1732
1565	1805
1567	1577
1567	1608
1567	1710
1567	1770
1569	1651
1570	1848
1573	1582
1573	1604
1573	1681
1573	1779
1575	1661
1576	1648
1576	1681
1578	1886
1580	1809
1582	1605
1583	1752
1586	1611
1588	1752
1589	1694
1592	1614
1593	1648
1594	1724
1597	1737
1599	1724
1599	1767
1602	1688
1602	1805
1605	1657
1606	1730
1608	1737
1609	1837
1610	1860
1612	1873
1613	1788
1615	1763
1622	1773
1623	1718
1623	1851
1625	1677
1626	1645
1626	1726
1627	1771
1627	1870
1628	1724
1629	1825
1632	1734
1632	1898
1635	1758
1635	1889
1638	1888
1641	1850
1642	1805
1646	1852
1647	1772
1648	1768
1649	1806
1654	1713
1654	1818
1656	1770
1665	1732
1666	1847
1668	1810
1672	1710
1672	1718
1675	1791
1675	1827
1676	1745
1677	1734
1677	1814
1678	1827
1683	1849
1687	1778
1689	1880
1690	1882
1691	1749
1692	1743
1692	1828
1694	1698
1698	1727
1698	1813
1700	1736
1704	1756
1706	1719
1706	1819
1707	1797
1707	1860
1709	1749
1711	1715
1711	1838
1711	1860
1715	1797
1717	1775
1719	1826
1721	1798
1721	1830
1725	1739
1726	1887
1732	1853
1733	1770
1735	1743
1740	1757
1742	1859
1744	1830
1744	1897
1747	1846
1750	1825
1752	1819
1753	1856
1756	1836
1756	1849
1770	1810
1770	1872
1783	1831
1793	1840
1797	1817
1797	1837
1797	1890
1799	1809
1805	1818
1810	1877
1817	1883
1818	1882
1823	1824
1826	1850
1829	1853
1837	1899
1843	1861
1850	1893
1884	1891