0	175
0	802
0	824
0	1598
0	1635
0	1671
1	440
1	442
1	725
1	965
1	1641
2	1139
2	1472
2	1582
3	1425
3	1726
4	434
4	783
4	881
4	1431
5	1045
5	1052
5	1288
5	1564
5	1704
6	292
6	576
6	1066
6	1372
6	1422
6	1887
7	369
7	458
7	503
7	620
8	239
8	275
8	374
8	1130
8	1510
9	1771
10	638
10	1175
10	1523
11	654
11	1813
12	298
12	1430
12	1505
13	327
13	1325
13	1881
14	547
14	615
14	1267
15	109
15	122
15	1034
15	1208
15	1422
16	835
16	893
16	993
16	1207
17	120
17	343
17	472
17	590
17	753
17	904
17	1041
17	1161
17	1168
18	830
19	164
19	731
19	1169
19	1706
20	504
20	539
20	764
20	1610
20	1629
21	190
21	277
21	1024
21	1646
22	1040
22	1884
23	791
23	1642
23	1791
23	1892
24	230
24	265
24	285
24	692
24	780
24	1020
24	1314
25	279
25	401
25	450
25	543
25	1766
25	1881
26	819
26	1711
26	1763
27	447
27	875
27	1204
27	1515
27	1528
27	1841
28	86
28	154
28	641
28	658
29	246
29	357
29	1133
29	1168
29	1738
29	1856
30	452
31	426
31	739
31	797
31	948
31	1397
32	1400
32	1623
33	1017
34	61
34	139
34	516
34	712
34	856
35	478
35	1101
35	1184
36	908
36	1484
36	1896
37	356
37	890
37	1564
37	1654
37	1732
38	469
38	875
39	356
39	915
39	989
40	605
40	607
40	726
40	852
40	1092
40	1727
41	698
41	704
41	1054
42	441
42	512
42	569
42	691
42	1341
43	58
43	293
43	1051
43	1060
43	1149
43	1531
43	1586
44	171
44	1081
44	1305
44	1390
44	1484
45	510
45	810
45	1165
45	1567
45	1873
46	732
46	852
47	282
47	426
47	1615
48	627
48	1869
49	180
49	765
49	1257
49	1273
50	140
50	257
50	418
50	1347
50	1839
51	619
51	1144
52	633
52	756
52	994
52	1096
52	1497
52	1551
52	1828
53	85
53	342
54	925
54	1318
54	1583
55	223
55	419
55	798
55	1574
56	492
56	1709
57	379
57	1095
57	1565
58	539
58	952
59	122
59	1077
59	1373
60	1210
60	1226
61	455
61	631
61	907
61	1377
62	247
62	1646
63	509
63	587
63	797
63	1381
63	1677
63	1789
64	666
64	907
65	101
65	312
65	524
65	751
65	1255
65	1312
65	1325
65	1783
66	228
66	663
66	797
66	984
66	1332
66	1813
67	1612
67	1712
68	725
68	1538
68	1857
69	272
69	806
69	1098
69	1230
69	1853
69	1869
70	192
70	1329
70	1474
70	1807
71	114
71	124
71	548
71	589
71	901
71	1751
72	712
72	901
73	145
73	192
73	352
73	535
73	886
73	973
73	1284
74	84
74	501
74	531
75	1342
75	1756
76	307
76	1135
76	1160
77	591
77	679
77	997
77	1516
77	1846
78	620
78	721
78	1516
78	1734
79	571
79	1405
79	1589
79	1857
80	152
80	353
80	360
80	757
80	932
80	1027
80	1236
81	988
82	489
82	743
82	1046
83	1357
83	1602
84	152
84	222
84	262
84	380
84	581
84	876
85	231
85	284
85	1165
85	1456
86	681
86	760
86	1697
87	764
87	811
87	1560
88	687
88	838
88	1466
89	889
89	1060
90	1135
90	1688
91	327
91	885
91	1309
92	220
92	1508
92	1738
93	425
93	1585
93	1679
93	1764
94	915
94	967
95	301
95	523
95	1769
96	161
97	275
97	422
97	819
97	1139
97	1387
98	680
99	234
99	995
99	1020
99	1399
100	429
100	707
100	773
100	1279
100	1451
100	1576
100	1864
101	553
101	914
101	1346
101	1516
101	1567
101	1741
102	360
102	426
102	1255
102	1541
102	1731
103	369
103	633
103	1870
104	156
104	276
104	380
104	870
104	1295
105	607
105	1275
106	268
106	449
106	725
106	805
106	867
106	919
106	1658
107	114
107	360
107	527
107	851
107	919
107	1379
107	1542
108	556
109	593
109	1893
110	196
110	314
110	765
110	1594
110	1868
111	113
111	497
111	855
111	1086
111	1214
112	383
112	587
112	620
112	894
112	999
112	1629
113	837
113	1226
114	119
114	141
114	847
114	1417
115	771
115	939
115	1093
115	1219
115	1363
116	410
116	654
116	710
116	737
116	901
116	1354
116	1557
117	546
117	671
117	699
117	1339
118	409
118	515
118	936
118	1117
118	1378
118	1649
119	337
119	745
119	966
119	1041
119	1597
120	420
120	692
121	218
122	258
122	1101
122	1564
122	1692
123	305
123	646
123	1144
124	1092
124	1509
124	1528
125	461
125	666
125	881
125	1205
125	1353
126	1005
126	1605
126	1672
127	1133
128	376
128	429
128	622
128	1102
128	1721
128	1842
129	520
130	174
130	254
130	422
130	934
130	1678
131	1289
131	1346
131	1793
132	295
132	681
132	823
132	844
132	911
132	1087
132	1486
132	1827
132	1885
133	309
133	796
133	1214
133	1573
133	1836
134	544
134	586
134	924
134	1246
134	1416
135	670
135	1525
136	706
136	941
136	1236
137	631
137	871
137	908
137	1520
137	1774
138	326
138	581
138	845
138	1221
138	1669
139	163
139	575
139	607
139	1595
140	613
140	792
141	648
141	1093
141	1495
141	1858
142	962
142	1452
143	167
143	250
143	283
144	419
144	694
144	1241
144	1368
144	1626
145	420
145	477
145	1060
145	1607
146	386
146	1044
146	1263
146	1304
146	1306
146	1442
146	1507
146	1703
147	230
147	583
147	1049
148	347
148	506
148	776
148	1283
148	1381
149	909
149	1032
149	1475
150	937
150	949
150	1010
150	1033
150	1722
150	1748
151	964
152	228
152	452
152	683
152	1521
153	834
153	999
153	1623
153	1640
153	1729
154	1231
155	162
155	184
155	432
155	674
155	1380
155	1655
156	1131
156	1773
157	660
157	698
157	1208
157	1299
158	237
158	416
158	678
158	1307
158	1333
159	866
159	878
159	1409
159	1741
160	235
160	430
161	1078
161	1426
161	1532
161	1597
162	335
162	902
162	986
162	1121
162	1315
162	1729
163	184
163	926
163	1102
163	1206
163	1560
164	170
164	277
164	446
164	732
164	748
164	1033
164	1228
164	1377
164	1399
165	421
165	428
165	680
165	1860
166	287
166	646
166	869
166	1051
166	1491
166	1515
167	303
167	560
167	580
167	704
167	720
167	1050
167	1846
167	1883
168	1117
168	1314
169	465
169	1290
170	279
170	1134
170	1688
170	1781
170	1895
171	653
171	1406
171	1473
171	1884
172	597
172	1642
173	806
173	1673
173	1827
174	1613
175	192
175	410
175	433
175	1061
175	1777
176	1446
177	1052
178	291
178	296
178	1194
178	1466
178	1852
179	374
179	610
179	1009
180	1599
180	1784
181	605
182	485
182	651
182	1006
182	1489
182	1782
183	1566
184	600
184	640
184	916
184	950
184	1340
185	413
185	859
185	1448
186	207
186	390
186	514
186	1107
187	249
187	261
187	1510
187	1735
188	396
188	478
188	965
188	982
188	1197
188	1285
188	1794
188	1886
189	245
190	1156
190	1188
190	1520
191	559
191	940
191	1294
191	1475
191	1552
191	1618
192	296
192	1013
192	1508
193	651
193	902
193	1337
193	1455
193	1513
194	493
194	645
194	746
194	770
194	811
194	925
195	481
195	522
195	884
196	1070
197	711
197	1211
197	1667
198	939
198	1000
198	1343
199	1182
199	1386
199	1718
200	649
200	918
201	288
202	234
202	1247
202	1402
203	373
203	1096
203	1824
204	689
204	1454
205	1108
205	1132
205	1447
205	1624
205	1627
206	437
207	595
207	1261
207	1349
207	1454
207	1897
208	434
208	934
208	1230
208	1632
209	1141
209	1483
209	1566
210	374
210	1214
210	1811
211	713
211	829
211	1246
211	1626
211	1828
212	881
212	1612
213	390
213	884
213	1476
214	863
214	1359
215	482
215	503
215	967
215	1399
215	1515
216	415
216	737
217	231
217	1416
218	289
218	1564
218	1691
218	1786
219	1445
221	1385
221	1540
222	499
222	734
223	305
223	341
223	652
224	561
224	1043
224	1562
225	1205
226	497
226	1371
227	596
227	756
227	1885
228	346
228	1045
229	477
229	1132
229	1269
229	1365
229	1412
229	1655
229	1898
230	694
230	740
230	1179
230	1792
232	811
232	847
232	1538
232	1592
232	1706
232	1733
233	459
233	482
233	1466
233	1560
234	679
234	788
234	811
234	1041
234	1334
235	389
235	404
235	678
235	804
235	1029
236	322
236	474
236	653
236	698
236	1020
237	520
237	655
237	1325
237	1354
237	1382
237	1840
238	641
238	1771
239	654
239	928
239	997
239	1374
239	1390
239	1519
239	1872
240	1704
241	354
241	829
241	968
241	1524
241	1673
242	290
242	413
243	1453
243	1606
243	1716
244	1584
244	1623
244	1798
245	1055
245	1360
245	1549
245	1759
245	1872
246	748
246	1586
247	366
247	1330
247	1592
248	392
248	612
248	1822
249	859
249	1382
249	1674
249	1712
249	1750
249	1804
250	329
250	526
250	553
250	1049
250	1169
251	841
251	1002
252	1419
253	1467
253	1481
254	431
254	1272
254	1393
254	1541
254	1772
255	1792
256	441
256	596
257	602
257	632
257	914
257	1342
257	1376
257	1607
258	681
258	767
258	998
259	1471
260	500
260	523
260	1630
260	1846
261	1204
261	1717
262	340
262	445
262	555
262	604
262	696
262	1311
262	1397
262	1416
263	876
264	372
264	418
264	605
264	1599
264	1638
265	1117
266	421
266	495
266	980
266	1009
266	1090
266	1133
266	1541
266	1863
267	436
268	720
268	1037
268	1533
268	1623
268	1890
269	579
269	1714
270	275
270	404
270	695
270	913
270	1060
270	1531
270	1619
271	910
271	992
271	1356
271	1716
271	1892
272	954
272	1006
272	1581
273	1646
274	846
274	992
274	1048
274	1143
274	1632
275	835
275	871
275	975
275	1394
276	1761
277	432
277	1034
277	1312
277	1631
278	675
278	861
278	1251
278	1613
279	834
279	1562
280	410
280	704
280	1528
281	1579
282	397
282	762
282	1071
282	1388
282	1636
283	448
284	447
284	490
284	941
284	1569
284	1680
284	1701
285	305
285	1298
285	1533
285	1726
286	438
286	643
286	1332
286	1829
287	589
288	496
288	823
288	1113
288	1236
288	1405
288	1639
289	1068
289	1190
289	1670
289	1897
290	380
290	662
290	1790
290	1807
291	804
291	1033
291	1144
291	1608
292	323
292	1498
293	1822
294	336
294	396
294	506
295	884
295	1018
295	1241
296	709
296	1630
296	1743
297	385
297	449
297	691
298	343
298	1084
298	1096
298	1188
298	1239
298	1651
298	1805
299	551
299	857
299	1103
299	1105
299	1402
299	1598
300	598
301	685
301	1063
301	1231
301	1243
302	961
302	1142
302	1259
302	1353
303	1160
303	1528
303	1546
304	464
304	1137
304	1162
305	782
305	816
305	1481
306	448
306	657
306	1434
306	1577
307	842
307	1231
307	1807
308	597
308	654
308	854
308	1000
308	1728
308	1811
309	1224
309	1375
309	1430
310	880
310	992
310	1509
310	1866
311	450
311	485
311	985
311	1519
312	746
312	908
313	397
313	628
313	1010
314	1260
315	406
316	734
316	1702
316	1777
317	527
317	906
317	1440
317	1539
317	1766
318	1111
319	513
319	1239
320	440
320	584
320	933
320	1408
321	594
321	764
321	1044
322	799
324	490
324	492
324	1183
325	772
325	1007
325	1627
326	1176
327	1778
328	988
329	1141
330	902
330	1202
331	803
331	1057
332	431
332	590
332	1459
332	1472
332	1798
333	507
333	906
333	921
334	648
335	367
335	811
335	1072
335	1172
336	408
336	610
336	1285
336	1400
336	1515
337	1324
337	1331
337	1390
337	1808
337	1860
338	1768
339	591
339	1661
340	1229
340	1423
341	469
341	962
341	1460
341	1503
342	1022
342	1091
342	1420
343	580
343	970
343	1204
343	1895
344	368
344	561
344	673
344	1366
345	1238
345	1356
346	716
346	761
346	772
347	1408
347	1863
348	734
348	890
348	1045
348	1521
349	998
349	1124
349	1691
349	1847
350	1216
351	606
352	798
352	964
352	1887
353	595
353	877
353	894
353	1538
354	1061
354	1595
355	1179
355	1784
356	610
356	1544
357	381
357	1253
357	1264
357	1644
357	1842
358	449
358	500
358	513
358	596
358	1628
358	1819
359	1500
359	1719
359	1771
360	513
360	585
360	737
360	755
360	1027
361	1234
361	1550
361	1654
362	453
362	568
362	799
362	836
362	957
362	1104
362	1496
362	1581
362	1592
362	1645
363	903
363	1125
364	426
364	840
365	545
365	549
366	415
366	819
366	1149
366	1345
366	1671
367	821
367	1134
367	1163
367	1614
367	1759
368	749
368	804
368	1077
368	1339
368	1766
368	1834
368	1886
369	1065
369	1113
369	1712
369	1788
370	1003
370	1229
371	535
371	594
371	1363
371	1425
372	419
372	531
372	556
372	1305
372	1382
372	1600
372	1638
373	423
373	427
373	1050
374	632
374	974
374	1180
375	541
375	975
375	1036
375	1306
375	1405
376	712
376	1713
376	1890
377	745
377	787
377	1054
377	1124
377	1622
378	626
378	811
378	1053
378	1099
378	1378
378	1568
378	1643
379	562
379	987
379	1173
379	1279
379	1439
380	679
380	1028
380	1415
380	1558
380	1636
381	747
381	1013
381	1081
381	1278
381	1872
382	962
382	1154
382	1178
382	1758
383	442
383	500
383	518
383	724
383	931
383	1462
383	1624
384	838
384	1159
385	773
385	964
385	1143
385	1194
385	1444
386	648
386	863
386	915
386	1191
386	1256
386	1440
387	489
388	760
388	1173
388	1341
388	1453
388	1804
389	991
389	1316
390	459
390	521
390	1210
390	1384
390	1641
391	523
391	561
391	1273
391	1853
391	1873
392	592
393	1323
393	1616
393	1886
394	1191
395	714
395	1204
395	1334
396	573
396	1639
396	1707
396	1817
397	499
397	594
397	1415
398	694
398	757
398	1119
398	1794
398	1867
399	1321
399	1465
399	1626
399	1707
399	1781
400	847
400	965
400	972
400	1526
401	1178
401	1300
401	1403
401	1682
402	918
402	937
402	1274
403	657
403	1306
403	1409
403	1823
404	465
404	744
404	969
405	429
405	642
405	684
405	1407
405	1442
406	567
406	814
406	1039
407	942
407	1021
407	1696
409	1137
409	1215
409	1687
410	627
410	1081
411	879
411	974
411	1848
412	440
412	762
412	810
413	841
413	1019
414	664
414	858
414	1017
414	1031
415	955
415	1316
415	1547
415	1839
416	640
416	1419
416	1819
416	1883
417	1110
417	1113
417	1438
418	901
418	1060
418	1464
418	1621
419	1040
419	1291
419	1692
420	1239
420	1458
421	752
421	889
421	945
421	1870
422	818
422	1628
423	893
423	1074
423	1195
423	1260
423	1395
423	1893
424	1213
424	1390
424	1538
425	598
425	677
425	1675
425	1793
426	749
426	860
426	1242
426	1790
427	489
428	752
428	1323
428	1445
428	1675
429	625
429	762
429	970
429	995
429	1158
429	1553
429	1586
429	1874
430	766
430	904
430	1342
430	1670
430	1725
430	1895
431	1146
431	1805
432	845
432	1095
432	1151
432	1369
432	1656
433	1202
434	653
434	726
434	784
435	1026
435	1463
436	553
436	713
436	728
436	1632
436	1826
436	1864
437	590
437	916
437	1435
438	728
438	1183
438	1730
439	890
439	1395
439	1808
440	1208
440	1483
440	1722
440	1859
441	1068
441	1086
441	1510
441	1854
442	481
442	613
442	1069
442	1109
442	1767
443	815
443	1356
443	1648
443	1818
444	545
444	718
444	1421
444	1841
445	455
446	723
446	1811
446	1823
449	624
449	733
449	915
449	1030
450	1096
450	1304
450	1563
450	1586
451	859
452	960
452	1560
453	647
453	1294
453	1346
453	1413
453	1460
453	1511
453	1587
454	902
454	1099
454	1310
455	887
455	1034
455	1283
456	628
456	839
456	1088
456	1424
456	1793
457	790
457	1016
457	1591
458	535
458	1217
459	578
459	1577
459	1757
459	1890
460	682
460	1188
460	1624
460	1887
462	763
462	773
462	804
462	901
462	1720
463	482
463	538
464	1618
465	837
465	899
465	1209
466	1433
467	601
467	699
467	1011
468	673
468	840
468	1736
469	921
469	1106
469	1573
470	906
470	1364
471	800
471	845
471	923
471	977
471	1091
471	1662
471	1758
473	1018
474	855
474	871
475	560
475	1545
475	1852
476	834
476	1020
476	1542
476	1546
476	1594
476	1740
477	1019
477	1734
478	546
478	633
478	1167
478	1521
478	1668
479	578
479	1206
479	1691
480	540
480	678
480	1161
480	1488
480	1512
480	1804
481	488
482	1021
482	1323
483	615
483	1156
483	1356
484	680
484	692
484	1753
485	626
485	928
485	1250
485	1864
486	580
486	1298
486	1544
487	656
487	1571
488	694
488	1114
488	1290
488	1704
488	1747
489	661
489	695
489	1085
489	1548
489	1647
489	1895
490	503
490	936
490	1049
490	1618
491	679
492	895
492	1091
492	1401
492	1846
493	779
494	644
494	1424
494	1580
495	1548
495	1815
495	1864
496	1449
496	1681
497	1268
497	1465
498	1399
498	1878
499	651
500	501
500	643
500	1860
501	801
501	1269
502	807
502	1263
502	1492
502	1613
503	836
503	948
503	1005
504	1433
504	1893
505	633
506	1043
506	1267
506	1543
507	1283
507	1317
508	667
508	768
508	1395
509	1328
510	1057
510	1060
510	1412
510	1705
511	847
511	1246
511	1559
511	1875
513	780
513	871
513	1162
513	1250
514	684
514	1189
514	1257
514	1270
514	1374
514	1625
515	742
516	571
516	1341
516	1456
516	1791
516	1870
517	1199
518	1578
518	1629
518	1671
518	1672
519	746
519	830
519	873
519	1004
519	1104
519	1196
519	1624
519	1834
521	1203
521	1294
522	1657
523	1444
524	988
524	1211
524	1250
524	1389
525	1591
525	1717
526	532
526	887
526	1018
526	1307
526	1688
526	1785
527	605
527	1135
527	1194
527	1454
528	1199
528	1209
529	830
529	1574
530	887
530	1040
530	1057
530	1633
530	1812
531	813
531	1482
531	1719
532	773
532	800
532	836
533	577
533	904
533	1650
534	1422
535	990
536	1079
536	1528
537	995
537	1136
537	1263
538	635
538	794
538	865
538	968
538	1620
538	1631
540	1195
541	614
542	1578
543	1246
543	1690
544	775
544	1013
544	1647
545	551
545	679
545	1179
545	1725
546	611
546	1379
547	1417
548	1215
548	1743
549	589
549	1754
550	688
550	826
550	907
550	985
551	1112
551	1515
551	1791
551	1816
552	1817
553	750
553	963
553	970
553	1225
553	1648
554	1094
554	1169
554	1571
554	1596
554	1848
554	1898
555	789
556	1181
556	1219
556	1237
556	1878
557	692
557	808
557	1622
557	1697
557	1841
557	1861
558	1159
558	1296
558	1696
559	847
559	993
559	1522
560	1166
560	1176
561	628
561	1699
561	1737
562	588
562	1833
562	1837
562	1839
563	826
563	883
564	1260
564	1890
565	1127
565	1834
566	674
566	1140
566	1582
566	1599
566	1612
566	1786
567	1133
568	718
568	1037
568	1267
568	1364
568	1514
568	1680
568	1722
569	1043
569	1075
570	898
570	1148
570	1187
570	1337
570	1615
571	1041
572	679
572	1067
572	1097
572	1343
572	1695
573	610
573	889
573	1627
574	688
574	1436
575	704
575	1163
575	1366
576	693
576	1875
577	969
578	881
578	926
578	1150
578	1371
578	1812
579	967
579	1751
580	1086
580	1112
580	1664
580	1885
581	811
581	1291
581	1628
581	1660
582	1759
582	1781
583	1595
584	1138
584	1268
584	1310
584	1347
588	1006
588	1262
588	1459
588	1887
589	962
589	1377
589	1497
589	1585
589	1771
590	769
590	774
590	847
590	957
590	1820
591	869
591	1042
591	1169
592	715
592	1235
592	1729
593	1040
593	1351
593	1406
594	1079
594	1089
595	650
595	697
595	1865
596	787
596	878
596	1853
597	733
598	888
598	1437
598	1609
598	1612
598	1754
598	1890
599	960
599	1093
599	1659
600	965
600	1144
600	1411
601	1618
601	1834
601	1856
602	640
602	660
602	1007
602	1355
602	1425
602	1526
602	1594
603	800
603	1370
604	666
604	1008
604	1475
604	1625
604	1764
605	1324
605	1825
606	1397
607	781
607	870
607	994
607	1433
607	1629
607	1710
608	1149
608	1313
608	1714
609	941
609	1607
610	670
610	906
610	1138
610	1470
610	1844
611	786
611	1659
613	666
613	1181
613	1215
613	1375
613	1404
613	1425
613	1792
613	1824
614	647
614	1470
614	1647
615	1303
615	1883
616	1218
616	1811
617	1783
618	1072
618	1339
618	1467
618	1757
619	858
619	1247
619	1302
619	1680
621	1331
621	1448
621	1701
622	785
622	1105
622	1656
622	1876
623	1219
623	1286
623	1776
624	1296
624	1396
625	783
625	1181
625	1571
626	737
626	1754
627	1336
627	1592
627	1737
628	812
628	973
628	1105
628	1348
629	1272
629	1738
630	833
630	849
630	1144
630	1564
631	1692
631	1860
632	637
634	698
635	961
635	1067
635	1854
636	1043
636	1700
637	1037
637	1042
637	1116
637	1896
638	1395
638	1414
638	1527
638	1653
639	1401
639	1771
639	1897
640	736
640	1406
640	1867
641	1293
641	1429
641	1777
643	1413
643	1505
643	1578
644	1411
645	1054
645	1115
645	1146
645	1336
646	702
646	787
646	807
646	866
646	975
646	1571
647	1319
647	1502
648	1399
649	1510
650	1215
650	1731
651	1515
652	804
652	922
652	1151
653	855
653	1499
653	1898
654	814
655	768
655	887
655	1153
655	1304
655	1313
655	1573
655	1816
656	800
656	956
656	1144
656	1307
657	782
657	867
657	1871
658	679
659	1023
659	1115
659	1425
659	1528
660	1176
660	1641
660	1812
660	1884
661	817
661	1599
661	1719
662	703
662	1006
662	1270
662	1492
663	830
665	1401
666	1047
666	1550
666	1566
667	1328
668	856
668	1400
669	1080
669	1161
669	1214
669	1277
669	1725
670	1144
670	1396
670	1664
670	1714
671	1318
671	1686
671	1795
672	1262
672	1758
673	780
673	1403
673	1419
674	821
675	1631
675	1669
675	1803
676	1192
677	1856
678	1169
678	1360
678	1591
678	1680
679	971
679	1496
680	1369
681	892
681	1435
681	1443
681	1602
684	786
684	966
684	1407
684	1584
684	1821
685	963
685	1112
686	918
686	1052
686	1408
686	1414
687	1309
687	1412
688	746
688	933
689	769
689	1327
689	1572
690	1219
690	1582
691	701
691	1121
692	980
692	1317
692	1562
693	892
693	969
693	1099
693	1178
693	1749
694	1007
694	1123
694	1335
694	1894
695	1221
695	1298
695	1419
696	942
696	956
696	1091
697	1111
697	1862
698	847
699	700
699	803
699	990
699	1100
699	1246
699	1336
699	1361
699	1495
700	960
700	1487
701	810
701	890
701	1443
702	1419
703	827
703	1541
704	947
704	1096
704	1673
705	856
706	709
706	1804
706	1821
707	763
708	744
708	1131
708	1508
708	1747
708	1822
709	1626
710	1333
710	1359
712	1591
712	1727
713	1100
713	1218
713	1437
713	1738
713	1797
713	1880
714	1222
714	1260
714	1853
715	1335
716	1090
716	1319
716	1615
716	1814
717	1420
718	1223
718	1656
719	909
719	1159
720	911
720	1643
720	1801
722	948
722	1501
722	1604
723	1313
724	891
724	1274
725	1866
726	1129
726	1345
726	1486
727	792
727	1160
727	1286
727	1640
728	1498
728	1559
729	970
730	849
730	851
730	1689
731	842
731	933
731	983
731	1271
731	1422
731	1477
731	1551
731	1874
732	872
732	1318
732	1740
733	1802
734	1049
734	1513
734	1696
735	1549
736	1810
738	1173
738	1379
738	1494
738	1556
738	1701
738	1707
739	924
739	1067
739	1159
739	1316
739	1419
739	1600
740	1205
740	1323
740	1368
740	1527
741	853
741	1283
741	1762
741	1780
741	1859
742	1247
742	1616
742	1685
743	756
743	935
743	1693
744	1105
744	1673
745	801
745	1653
745	1863
746	953
747	1769
749	1728
750	1575
751	1115
752	802
752	1356
752	1526
752	1701
752	1878
753	867
753	1042
753	1320
754	976
754	1087
754	1186
754	1284
754	1758
756	852
756	1049
756	1215
756	1612
756	1853
757	1552
758	1839
759	1474
760	1076
760	1443
761	842
761	869
761	1466
762	1124
762	1529
762	1641
762	1786
765	1151
766	1193
766	1663
766	1724
767	998
767	1404
768	1244
769	1826
770	966
771	962
771	1148
771	1757
771	1836
772	973
772	975
772	1126
772	1185
772	1309
774	967
774	1192
776	1094
776	1246
776	1515
777	1196
778	863
778	1225
778	1282
778	1285
778	1421
778	1480
778	1491
778	1818
780	1664
781	1106
781	1190
782	842
782	906
782	1112
782	1520
783	1699
784	884
785	1500
785	1559
785	1859
786	1414
787	1094
787	1160
788	972
789	1141
789	1176
789	1616
790	904
790	1412
791	1176
791	1485
791	1622
792	802
792	1888
793	1074
793	1885
794	1420
794	1639
794	1856
795	1477
796	1014
796	1181
797	1681
798	1101
798	1167
798	1267
799	804
799	1504
800	1086
800	1581
801	840
801	940
802	1056
802	1381
803	1179
803	1630
803	1635
803	1696
804	1169
805	901
805	1513
805	1797
806	1683
807	904
807	1766
808	1375
808	1536
809	1081
809	1536
810	1446
810	1548
810	1550
810	1734
811	1488
811	1733
811	1767
812	1106
813	867
813	1198
813	1550
814	848
814	1686
815	1069
815	1291
816	1017
816	1065
816	1722
816	1737
817	959
817	1288
817	1701
818	971
818	1044
818	1251
818	1387
819	1198
819	1366
820	1271
821	1280
822	950
822	1789
822	1820
822	1853
823	868
824	836
824	1424
824	1518
825	1041
825	1155
826	880
826	963
826	998
826	1029
826	1736
827	956
827	1249
827	1846
828	1170
828	1502
829	1560
829	1588
830	1009
830	1077
831	1322
832	1029
832	1622
833	1262
833	1741
834	990
834	1065
834	1180
834	1385
834	1688
834	1733
834	1739
835	871
835	954
835	1216
835	1267
835	1724
836	956
836	1035
837	981
837	1043
837	1790
838	851
838	1585
838	1744
839	953
839	1130
839	1147
839	1334
839	1564
839	1762
840	1294
840	1859
841	1603
842	894
843	992
844	1156
844	1787
846	1880
847	867
847	1073
847	1146
847	1212
847	1823
848	1254
848	1689
849	1528
849	1618
849	1831
850	1265
851	1090
851	1350
851	1606
852	1023
852	1116
852	1527
852	1554
852	1740
852	1881
853	981
853	1237
853	1628
853	1805
854	1565
855	1299
856	1107
856	1727
856	1829
857	988
857	1056
857	1106
857	1558
857	1838
858	1421
859	1021
859	1801
861	1144
861	1535
861	1676
862	1771
863	872
863	1413
864	1349
864	1666
864	1741
865	1334
865	1822
866	967
866	1116
867	1093
867	1337
867	1372
867	1810
869	1209
869	1859
871	1880
872	1351
872	1764
873	1224
873	1230
873	1547
873	1580
874	1423
875	1187
875	1651
875	1727
876	888
876	1676
876	1698
877	1328
877	1608
877	1620
877	1661
878	1467
879	1099
879	1183
879	1245
880	1428
880	1502
881	885
882	1580
883	900
883	989
883	1132
883	1263
883	1692
884	1712
884	1740
885	1523
885	1768
886	1444
887	1395
889	1045
889	1168
889	1650
890	1192
890	1270
890	1872
891	1007
891	1303
891	1379
892	1104
892	1271
892	1517
892	1658
893	999
893	1194
893	1822
893	1864
893	1892
895	1899
896	1072
897	1645
898	1301
898	1632
899	1586
899	1669
899	1852
900	1582
900	1815
900	1874
901	1126
901	1480
901	1794
902	1358
902	1637
902	1713
902	1718
903	1001
904	1029
904	1322
905	1221
905	1870
906	1405
906	1669
907	1206
908	1013
908	1190
908	1437
908	1798
908	1875
909	1497
909	1657
910	1227
910	1352
910	1476
910	1764
911	1291
911	1402
912	1040
915	1083
915	1446
915	1528
915	1554
915	1567
917	1081
917	1590
917	1666
917	1854
918	1078
918	1617
918	1808
918	1879
919	1242
919	1406
919	1757
919	1761
920	1180
920	1644
920	1861
921	1493
921	1673
921	1793
922	1376
922	1548
922	1606
923	1859
924	981
924	1062
924	1318
925	1033
925	1489
925	1773
925	1869
926	1547
927	1377
928	1123
929	1168
929	1636
930	983
931	1000
931	1063
931	1164
932	1171
934	1038
934	1561
934	1896
935	1004
935	1036
935	1092
937	1119
937	1221
938	1103
938	1255
939	1442
940	1419
942	1107
942	1833
943	1378
944	1366
945	1288
945	1420
945	1441
945	1661
945	1734
946	1166
947	1330
948	1657
948	1765
948	1773
949	1107
949	1209
949	1529
949	1739
949	1806
949	1870
950	1329
950	1495
951	1192
952	1461
952	1737
953	1126
954	1292
954	1402
955	1131
955	1172
955	1189
955	1732
955	1773
957	1279
957	1845
958	1011
959	1001
960	1616
961	1332
961	1338
961	1356
961	1653
961	1667
962	1747
963	1060
963	1643
964	1223
964	1540
965	985
965	1139
965	1882
966	1395
966	1492
966	1514
966	1696
967	1632
968	1478
969	1572
970	1392
970	1574
970	1759
971	1158
971	1202
972	1006
972	1200
972	1247
972	1334
972	1550
972	1813
974	1165
974	1384
975	994
975	1445
975	1477
975	1705
975	1808
976	1074
976	1320
977	1598
978	1388
978	1767
979	1298
979	1504
979	1891
980	1214
980	1465
980	1669
982	1089
983	1059
983	1338
984	1264
984	1821
985	994
985	1494
986	1582
987	1074
988	1642
988	1861
989	1329
990	1832
990	1873
991	1620
992	1109
992	1257
992	1605
992	1702
993	1260
993	1809
994	1119
994	1272
994	1880
995	1046
995	1113
995	1204
995	1398
996	1389
996	1570
997	1461
997	1764
998	1073
998	1839
999	1241
999	1298
1000	1100
1000	1389
1001	1368
1001	1391
1002	1058
1002	1263
1003	1281
1003	1559
1003	1652
1004	1032
1005	1196
1005	1285
1008	1290
1008	1689
1009	1112
1010	1151
1012	1829
1012	1878
1014	1274
1014	1403
1014	1594
1014	1691
1014	1868
1015	1679
1015	1757
1015	1842
1017	1171
1018	1072
1018	1336
1018	1868
1019	1519
1019	1619
1019	1734
1020	1821
1020	1885
1021	1108
1021	1168
1021	1254
1021	1572
1021	1627
1022	1048
1022	1209
1022	1478
1022	1571
1023	1322
1025	1043
1025	1150
1025	1519
1025	1862
1026	1387
1026	1485
1026	1800
1027	1579
1030	1065
1030	1403
1031	1829
1031	1890
1032	1074
1032	1117
1032	1893
1033	1245
1033	1606
1035	1459
1036	1096
1036	1254
1036	1294
1037	1116
1037	1260
1037	1342
1037	1422
1037	1501
1037	1559
1037	1683
1038	1117
1038	1135
1039	1398
1040	1071
1040	1214
1040	1516
1041	1277
1041	1535
1041	1703
1041	1815
1042	1060
1042	1146
1043	1059
1043	1437
1043	1728
1044	1220
1044	1313
1044	1344
1044	1849
1045	1480
1046	1246
1046	1274
1046	1284
1046	1352
1046	1362
1046	1812
1047	1112
1047	1810
1048	1336
1048	1727
1048	1777
1049	1238
1049	1438
1049	1469
1049	1651
1051	1364
1052	1524
1053	1080
1053	1686
1054	1211
1054	1446
1055	1765
1056	1473
1057	1389
1057	1565
1057	1653
1057	1717
1058	1549
1060	1064
1060	1509
1061	1362
1062	1114
1062	1376
1062	1553
1062	1643
1063	1436
1064	1266
1064	1703
1064	1892
1065	1222
1065	1530
1065	1587
1065	1731
1067	1572
1067	1780
1067	1791
1068	1567
1069	1201
1071	1420
1072	1083
1074	1156
1074	1408
1074	1837
1075	1717
1075	1865
1075	1881
1076	1449
1076	1711
1076	1879
1077	1826
1078	1383
1078	1419
1078	1430
1079	1614
1079	1630
1080	1162
1080	1188
1080	1331
1080	1492
1080	1598
1080	1833
1081	1590
1082	1219
1083	1148
1084	1336
1084	1497
1085	1735
1085	1844
1086	1636
1088	1790
1089	1205
1090	1832
1091	1562
1092	1585
1092	1767
1093	1221
1093	1331
1094	1574
1095	1192
1095	1290
1096	1157
1097	1427
1098	1541
1098	1773
1098	1882
1099	1483
1100	1462
1101	1333
1101	1613
1102	1644
1105	1330
1106	1140
1106	1223
1107	1190
1109	1292
1109	1662
1110	1666
1111	1497
1111	1854
1113	1296
1113	1327
1113	1808
1114	1245
1114	1792
1115	1573
1116	1288
1116	1501
1117	1284
1118	1254
1118	1734
1118	1860
1118	1891
1119	1131
1119	1406
1119	1658
1120	1574
1122	1338
1122	1383
1122	1539
1123	1551
1124	1673
1126	1271
1126	1509
1127	1325
1127	1374
1127	1465
1127	1551
1128	1654
1130	1234
1130	1294
1131	1204
1132	1666
1133	1293
1133	1476
1133	1517
1134	1721
1134	1738
1134	1803
1135	1340
1137	1453
1138	1458
1138	1642
1138	1819
1139	1529
1139	1608
1139	1711
1140	1330
1140	1554
1140	1681
1142	1362
1142	1843
1143	1662
1144	1786
1145	1779
1146	1232
1146	1267
1146	1279
1147	1233
1147	1369
1148	1366
1148	1434
1148	1635
1148	1879
1149	1449
1150	1270
1150	1486
1151	1854
1152	1248
1154	1447
1154	1588
1156	1825
1157	1815
1158	1638
1158	1748
1159	1401
1159	1781
1160	1294
1160	1834
1161	1313
1161	1586
1161	1723
1161	1788
1162	1226
1162	1237
1162	1610
1162	1640
1163	1381
1163	1533
1163	1672
1164	1531
1165	1607
1166	1173
1166	1717
1167	1840
1168	1323
1168	1463
1168	1875
1169	1377
1169	1436
1169	1670
1169	1700
1169	1860
1170	1665
1171	1396
1171	1765
1171	1861
1172	1459
1172	1830
1173	1871
1174	1431
1174	1679
1176	1396
1177	1255
1177	1658
1177	1668
1177	1773
1178	1865
1179	1293
1179	1646
1179	1845
1179	1850
1181	1427
1181	1488
1184	1214
1184	1723
1184	1827
1185	1609
1186	1584
1186	1736
1187	1428
1188	1538
1189	1558
1189	1772
1191	1211
1191	1871
1192	1436
1192	1620
1193	1207
1193	1591
1194	1291
1194	1568
1194	1825
1195	1371
1195	1523
1196	1590
1196	1727
1197	1527
1197	1598
1197	1734
1197	1753
1198	1207
1198	1293
1200	1726
1200	1813
1201	1588
1201	1765
1201	1882
1202	1236
1202	1550
1203	1561
1204	1431
1206	1601
1206	1885
1207	1293
1207	1533
1208	1238
1209	1554
1209	1802
1210	1337
1211	1468
1211	1492
1212	1540
1212	1702
1212	1882
1214	1564
1215	1628
1215	1727
1215	1838
1218	1437
1218	1740
1218	1787
1219	1603
1219	1672
1219	1693
1220	1266
1221	1594
1222	1302
1222	1485
1222	1744
1224	1403
1225	1682
1225	1735
1228	1229
1229	1485
1229	1527
1230	1302
1231	1303
1231	1556
1232	1894
1233	1502
1233	1727
1233	1776
1235	1300
1235	1375
1236	1484
1236	1783
1236	1866
1237	1662
1237	1724
1237	1864
1237	1876
1238	1406
1238	1662
1239	1729
1239	1850
1240	1442
1241	1261
1241	1284
1241	1386
1241	1630
1243	1254
1243	1782
1245	1371
1246	1554
1248	1845
1249	1649
1250	1733
1250	1806
1250	1849
1251	1280
1252	1639
1252	1704
1254	1429
1255	1275
1255	1647
1255	1748
1257	1422
1257	1468
1257	1491
1258	1470
1258	1852
1260	1844
1261	1332
1261	1351
1262	1893
1266	1316
1266	1535
1268	1878
1269	1337
1270	1502
1273	1369
1273	1679
1273	1886
1274	1304
1274	1536
1274	1589
1275	1509
1276	1640
1276	1660
1276	1822
1277	1303
1277	1333
1277	1694
1277	1719
1278	1766
1278	1857
1278	1877
1280	1701
1283	1341
1283	1706
1284	1345
1284	1457
1284	1484
1284	1812
1286	1383
1286	1698
1287	1380
1288	1413
1288	1423
1289	1479
1289	1612
1291	1301
1293	1527
1293	1529
1293	1615
1294	1616
1294	1672
1294	1756
1296	1433
1297	1458
1299	1684
1300	1512
1300	1624
1300	1841
1301	1312
1301	1332
1301	1429
1302	1732
1302	1818
1303	1508
1303	1553
1303	1684
1303	1821
1303	1827
1303	1881
1304	1658
1304	1690
1306	1565
1307	1542
1307	1745
1307	1819
1308	1391
1308	1759
1311	1392
1311	1585
1314	1383
1314	1432
1314	1672
1314	1748
1314	1788
1315	1521
1316	1434
1316	1517
1318	1598
1318	1613
1318	1730
1318	1785
1320	1406
1321	1442
1322	1337
1322	1528
1322	1746
1325	1366
1325	1823
1326	1488
1327	1522
1327	1752
1328	1860
1329	1374
1329	1585
1330	1803
1331	1425
1333	1402
1333	1532
1333	1780
1335	1405
1335	1631
1335	1721
1335	1856
1336	1384
1341	1653
1341	1688
1341	1791
1342	1600
1343	1863
1344	1656
1344	1844
1345	1518
1348	1464
1348	1585
1349	1839
1350	1731
1352	1536
1352	1577
1353	1409
1353	1859
1354	1418
1356	1527
1356	1894
1359	1465
1359	1623
1359	1854
1360	1625
1362	1461
1362	1583
1362	1865
1363	1421
1363	1422
1364	1708
1367	1574
1367	1575
1367	1621
1368	1454
1368	1770
1369	1449
1369	1629
1370	1384
1371	1608
1371	1835
1373	1755
1376	1769
1377	1402
1377	1560
1377	1576
1378	1406
1378	1437
1378	1571
1378	1805
1378	1817
1380	1818
1382	1525
1382	1781
1383	1401
1383	1407
1383	1779
1384	1563
1384	1675
1385	1804
1387	1754
1387	1874
1388	1504
1388	1856
1389	1746
1390	1801
1391	1523
1391	1582
1392	1471
1392	1768
1393	1497
1393	1833
1394	1498
1395	1489
1395	1643
1396	1761
1400	1488
1401	1707
1403	1430
1403	1513
1403	1722
1403	1807
1404	1510
1404	1660
1404	1873
1405	1817
1407	1445
1407	1715
1407	1894
1409	1515
1410	1461
1412	1568
1412	1714
1414	1655
1414	1829
1415	1784
1416	1618
1417	1441
1419	1425
1419	1502
1422	1557
1425	1721
1425	1819
1428	1609
1428	1745
1428	1751
1429	1641
1430	1869
1432	1539
1432	1841
1434	1462
1435	1514
1437	1874
1441	1492
1442	1800
1443	1610
1443	1802
1444	1811
1444	1818
1446	1725
1447	1537
1448	1689
1449	1499
1449	1652
1449	1801
1450	1610
1450	1647
1453	1786
1454	1607
1455	1502
1456	1497
1457	1537
1460	1864
1460	1892
1461	1684
1462	1707
1464	1652
1466	1780
1468	1668
1468	1741
1469	1627
1471	1808
1472	1612
1472	1656
1472	1791
1474	1870
1475	1610
1476	1654
1477	1660
1477	1797
1477	1840
1478	1500
1480	1544
1482	1714
1483	1802
1483	1808
1484	1778
1484	1857
1487	1618
1488	1708
1488	1752
1490	1894
1492	1737
1493	1537
1493	1746
1493	1787
1494	1619
1495	1520
1495	1833
1496	1832
1497	1758
1499	1703
1499	1749
1501	1839
1506	1821
1509	1842
1510	1657
1511	1621
1511	1880
1517	1576
1517	1874
1522	1648
1522	1664
1522	1867
1523	1528
1523	1639
1524	1784
1527	1548
1527	1871
1530	1562
1530	1671
1531	1689
1533	1575
1534	1721
1535	1803
1536	1576
1536	1724
1540	1571
1540	1597
1541	1579
1544	1717
1545	1725
1546	1894
1547	1712
1547	1723
1548	1572
1549	1686
1550	1747
1551	1606
1551	1822
1552	1599
1552	1760
1553	1566
1553	1691
1553	1713
1555	1701
1557	1565
1557	1580
1558	1886
1559	1792
1562	1767
1562	1843
1562	1899
1563	1823
1563	1895
1564	1758
1566	1626
1568	1667
1568	1778
1569	1782
1570	1621
1570	1641
1571	1682
1572	1838
1573	1784
1574	1658
1574	1876
1575	1666
1576	1636
1578	1816
1579	1811
1580	1683
1580	1747
1585	1856
1586	1870
1588	1758
1590	1763
1591	1646
1593	1850
1596	1688
1602	1666
1602	1712
1606	1637
1608	1757
1610	1635
1610	1690
1610	1748
1610	1853
1611	1685
1612	1661
1613	1698
1613	1775
1618	1796
1623	1667
1629	1687
1629	1822
1630	1749
1630	1892
1631	1655
1631	1806
1632	1685
1633	1834
1634	1779
1635	1757
1637	1654
1641	1699
1641	1723
1642	1754
1644	1747
1645	1685
1646	1687
1646	1735
1647	1803
1648	1839
1649	1710
1650	1892
1659	1692
1661	1694
1664	1829
1666	1752
1666	1867
1668	1855
1672	1867
1677	1868
1683	1685
1690	1691
1691	1799
1693	1734
1693	1836
1699	1724
1699	1844
1700	1874
1711	1728
1712	1810
1713	1882
1714	1777
1716	1753
1722	1807
1722	1892
1725	1737
1726	1887
1727	1883
1734	1763
1735	1894
1738	1846
1740	1786
1742	1751
1743	1819
1745	1793
1747	1833
1749	1797
1751	1763
1751	1879
1758	1767
1758	1850
1760	1825
1761	1789
1771	1800
1774	1794
1775	1869
1778	1807
1782	1791
1785	1837
1789	1827
1793	1895
1796	1811
1797	1869
1800	1846
1805	1889
1808	1841
1809	1811
1810	1880
1811	1896
1820	1874
1820	1886
1830	1869
1834	1893
1839	1864
1840	1873
1843	1868
1845	1881
1851	1856
1852	1898
1867	1899
1868	1871
1877	1895
1879	1881