0	37
0	99
0	293
0	391
0	527
0	539
0	580
0	1757
1	224
1	837
1	1488
1	1600
1	1868
2	1051
2	1080
2	1206
2	1328
2	1567
2	1600
3	432
3	1586
4	1695
4	1727
5	116
5	220
5	674
5	931
5	1368
6	401
6	512
7	557
7	1624
7	1786
8	157
8	1546
8	1851
9	246
9	606
9	750
10	1314
10	1477
10	1598
10	1698
11	118
11	311
11	393
11	651
11	896
11	1422
11	1435
12	110
12	937
12	1749
13	48
13	358
13	535
13	941
13	955
13	972
14	474
14	486
14	1131
14	1185
14	1234
15	50
15	397
15	459
15	812
15	1187
15	1331
15	1619
16	715
16	810
16	1397
16	1542
16	1855
17	697
17	743
17	918
17	1410
17	1481
18	987
18	1077
18	1344
18	1574
19	701
19	944
19	1539
19	1552
20	880
20	1321
20	1656
21	991
21	1071
21	1394
21	1772
22	926
22	1634
23	366
23	813
24	32
24	39
24	287
24	1453
24	1679
25	236
25	360
25	840
25	860
25	938
25	1050
25	1097
26	45
26	54
26	395
26	943
26	1358
27	344
27	721
27	1056
27	1326
27	1782
27	1850
28	575
28	631
28	790
28	941
29	293
29	1364
29	1377
29	1453
29	1457
30	32
31	167
31	221
31	654
31	1597
32	130
32	312
32	467
32	1187
33	368
33	476
33	827
33	1140
33	1180
34	682
34	1702
35	1458
35	1674
35	1705
36	452
36	540
36	1146
36	1219
36	1232
37	354
37	620
37	765
37	1012
37	1179
38	120
38	197
38	229
38	1245
38	1295
38	1407
39	167
40	306
40	568
41	1083
42	293
42	404
42	927
42	1164
42	1466
42	1707
43	614
43	778
43	1282
43	1433
43	1743
44	643
44	1085
44	1191
44	1635
45	135
45	269
45	545
45	1155
45	1516
46	382
46	743
46	1057
47	145
47	1276
47	1317
48	1431
49	1498
49	1649
50	230
50	505
50	657
51	780
51	946
51	990
52	183
52	229
52	837
52	1888
53	528
54	334
54	757
54	1246
54	1837
55	97
55	507
55	519
55	748
56	492
56	522
56	1216
57	212
57	859
57	1207
57	1429
58	190
58	251
58	958
58	1084
58	1137
58	1342
59	279
59	397
59	697
59	965
59	1006
59	1199
59	1553
59	1746
59	1770
60	1052
61	1662
61	1794
62	326
62	686
62	1003
62	1370
62	1663
63	92
63	303
63	356
63	716
63	1034
64	93
64	522
64	1264
65	445
65	1327
66	310
66	438
66	1810
66	1892
67	83
67	256
67	1390
67	1827
68	407
69	395
69	744
69	786
69	1503
70	583
70	694
70	722
70	850
70	1156
70	1336
71	288
71	556
71	580
71	1094
71	1407
71	1863
72	554
72	747
72	781
72	1130
72	1470
72	1844
73	127
73	175
73	271
73	361
73	1620
73	1771
74	837
74	1498
74	1665
74	1763
74	1891
75	86
75	1072
75	1129
75	1314
75	1794
76	936
76	980
76	1413
76	1496
76	1792
77	1010
77	1621
78	1440
79	487
79	726
79	801
79	1339
79	1825
80	565
80	731
80	1092
80	1199
80	1444
81	1303
81	1313
81	1774
82	110
82	1204
82	1350
82	1777
83	536
83	582
83	660
83	695
83	1006
84	187
84	814
84	836
84	876
84	1164
84	1408
84	1603
84	1665
84	1892
85	501
85	1429
85	1802
85	1896
86	522
86	837
86	1050
86	1454
87	125
87	1258
87	1408
88	229
88	413
88	616
88	1413
88	1568
88	1808
89	291
89	488
89	504
89	1078
89	1279
89	1295
90	506
90	1806
91	255
91	576
91	940
91	1299
92	112
93	737
93	1315
93	1856
94	173
94	274
94	782
94	1054
94	1566
94	1749
95	112
95	179
95	286
95	970
95	1193
95	1251
95	1258
95	1741
96	1196
96	1783
97	199
97	262
97	286
97	650
97	773
97	860
97	1070
98	230
98	250
98	533
98	622
98	676
98	842
98	863
98	1066
98	1095
98	1298
98	1317
98	1380
99	1220
100	211
100	314
100	510
100	628
100	698
100	913
100	1150
100	1619
101	593
101	657
101	833
101	1622
102	197
102	223
102	666
102	1315
102	1514
103	278
103	456
103	731
103	1082
103	1159
103	1383
103	1450
104	773
104	965
105	176
105	599
105	764
105	861
105	991
105	1146
105	1172
105	1325
105	1342
105	1364
105	1864
106	677
107	891
108	269
108	510
108	1663
108	1847
109	1212
109	1658
110	1024
110	1512
110	1732
111	166
111	1417
111	1675
111	1765
112	344
112	506
112	844
113	1899
114	348
114	743
114	1134
115	566
115	1362
115	1382
116	549
116	730
116	741
116	1385
117	139
117	378
117	676
117	740
117	981
117	1225
117	1527
118	188
118	303
118	1214
119	424
119	485
119	923
119	1336
120	153
120	167
120	353
120	1427
120	1719
121	710
122	438
122	1192
122	1351
122	1535
122	1695
122	1768
123	448
123	730
124	972
124	1577
124	1597
124	1623
125	236
125	453
125	508
125	658
125	715
125	815
125	1726
126	636
126	822
126	1111
126	1829
127	168
127	1166
127	1293
127	1420
127	1427
127	1467
128	308
128	322
128	399
128	502
128	679
128	838
128	1215
129	514
129	642
129	1078
129	1511
131	486
131	535
131	799
131	1248
132	254
132	532
132	1158
132	1512
132	1863
133	144
133	808
133	844
133	978
133	1132
134	175
134	449
134	1337
134	1461
134	1505
135	1037
135	1382
135	1484
136	389
136	826
136	1169
136	1251
137	1121
138	566
138	890
138	1056
138	1070
138	1124
138	1449
139	720
139	1263
139	1678
139	1854
140	458
140	743
140	838
140	1014
140	1393
140	1437
141	286
141	637
141	645
142	415
142	451
142	880
142	904
142	1135
143	327
143	1007
143	1157
143	1315
143	1317
143	1426
143	1529
143	1554
143	1764
144	1848
145	353
145	1104
146	1609
147	859
148	182
148	953
148	1391
148	1637
149	445
149	820
149	988
149	1438
150	909
150	1097
150	1591
150	1828
151	1130
151	1810
152	254
152	902
152	942
152	1376
152	1520
152	1627
153	237
153	996
153	1422
153	1567
154	977
154	989
154	1707
155	538
155	1038
155	1632
156	221
156	504
156	519
156	598
156	706
156	1108
156	1594
157	521
158	1515
158	1583
158	1740
159	1670
160	736
160	803
160	815
160	973
160	1724
161	697
162	364
162	372
162	485
162	1126
162	1369
162	1516
163	554
163	630
163	1331
164	453
164	729
164	1166
165	1190
165	1786
166	330
166	898
166	936
166	1077
166	1524
167	684
168	543
168	773
168	1075
168	1424
168	1433
168	1758
169	884
170	308
170	718
170	808
171	318
171	370
171	538
171	605
172	403
172	453
172	1433
173	285
173	439
173	502
173	645
173	1323
173	1723
174	577
174	711
174	905
174	1693
174	1714
175	686
175	1291
176	265
176	1408
177	298
177	400
177	551
177	1533
178	494
178	1120
178	1362
178	1828
179	508
179	899
179	1605
179	1689
179	1809
180	883
181	267
181	459
181	606
181	1553
182	779
182	1068
182	1232
182	1291
182	1559
183	563
183	1443
183	1875
184	226
184	386
184	410
184	1538
184	1578
184	1618
185	398
185	876
185	1621
185	1880
186	1006
186	1412
186	1779
187	759
187	802
188	518
188	1207
189	634
189	989
189	1267
190	972
191	366
192	539
192	619
192	656
192	1780
193	419
193	745
193	865
193	1372
193	1836
194	395
194	445
194	628
194	1132
194	1555
194	1785
195	500
195	556
196	375
196	1871
197	775
197	1046
197	1164
197	1246
197	1464
197	1637
197	1728
198	1068
198	1150
199	487
199	732
200	510
200	1079
200	1344
200	1536
200	1813
201	416
201	564
201	881
201	1302
201	1422
201	1489
201	1781
201	1886
202	1209
202	1785
202	1893
203	327
203	439
203	769
203	1162
203	1172
204	320
204	368
204	493
204	1630
204	1779
204	1800
205	227
205	469
205	865
205	1255
205	1529
206	360
206	615
206	744
206	1088
206	1397
206	1427
207	724
207	772
207	1221
208	315
209	379
209	908
209	1890
210	844
211	268
211	1290
211	1555
211	1652
211	1743
212	1899
213	760
213	1495
214	681
214	1195
214	1405
215	1600
215	1862
216	250
216	673
217	573
218	249
218	284
218	350
218	1609
219	342
219	544
219	584
219	1354
219	1841
221	233
221	530
221	555
221	815
221	1230
221	1582
221	1602
222	271
222	506
222	608
222	873
222	1118
222	1477
222	1544
222	1725
222	1804
223	495
223	1049
223	1081
223	1502
224	432
224	599
224	992
224	1258
224	1639
224	1787
225	475
225	690
225	713
225	882
225	1078
226	309
226	512
227	441
227	1654
228	687
228	894
228	1005
228	1416
228	1611
229	345
229	468
229	953
229	1693
229	1854
230	595
230	1209
230	1741
230	1745
231	492
231	533
231	1111
231	1324
231	1521
231	1531
231	1874
232	286
232	615
232	984
232	1720
233	1108
234	704
234	1006
234	1248
234	1305
234	1538
234	1806
235	388
235	1479
236	263
236	742
236	941
236	1014
236	1296
237	795
237	942
237	1820
238	687
238	1022
238	1340
238	1465
239	1878
240	641
240	958
240	1096
240	1394
240	1603
240	1858
241	366
241	542
241	1406
242	930
242	977
243	444
243	474
243	588
243	1594
244	392
244	888
244	1264
244	1269
245	382
245	435
245	1153
245	1700
245	1837
246	491
246	641
246	1070
247	968
247	1224
247	1440
248	1032
248	1327
248	1531
249	448
249	629
249	1500
249	1539
250	510
250	725
251	324
251	535
251	1602
252	564
252	982
252	1300
252	1627
253	480
253	869
253	948
253	1430
253	1700
253	1788
254	601
254	761
255	640
255	1552
255	1742
256	337
256	816
256	1299
256	1379
256	1477
257	368
257	572
257	1756
258	1882
259	734
259	852
260	516
260	560
260	1084
260	1856
261	419
261	602
261	1222
261	1598
261	1698
262	352
262	434
262	674
262	1044
262	1618
263	347
263	366
263	785
263	841
263	1023
263	1763
263	1844
264	407
264	1239
265	567
265	681
265	1074
265	1836
266	361
266	417
266	479
266	808
266	1306
267	973
267	1036
267	1241
267	1891
268	715
269	615
269	758
270	562
270	986
270	1040
270	1305
270	1420
270	1555
271	555
271	633
271	1660
271	1736
272	533
272	683
272	1117
272	1305
272	1698
273	344
273	1533
274	438
274	678
274	1024
274	1331
274	1467
274	1612
274	1833
275	410
275	657
276	296
276	502
276	536
276	699
276	856
276	1075
276	1546
277	547
277	549
277	837
277	879
278	573
278	598
278	1412
278	1759
279	385
279	498
279	1655
280	466
280	934
280	1224
280	1311
280	1704
281	403
281	869
281	1674
281	1735
282	368
282	646
282	660
282	1187
282	1283
282	1313
282	1370
282	1388
282	1706
282	1837
283	784
283	1046
284	442
284	686
284	699
284	1265
284	1416
284	1573
284	1628
285	687
285	887
285	965
285	978
285	1660
287	409
287	899
287	1122
287	1308
287	1569
287	1828
288	539
289	895
289	1275
289	1344
289	1444
289	1481
290	422
290	541
290	1760
291	313
291	588
291	1081
291	1083
291	1628
292	855
292	1242
292	1332
292	1802
293	697
293	949
293	1570
294	513
294	1029
294	1291
294	1320
294	1824
295	916
295	1218
295	1243
296	372
297	1251
298	458
298	626
298	873
298	929
299	525
299	723
300	1434
300	1542
301	480
301	673
301	1380
301	1615
301	1673
302	1078
302	1108
302	1327
302	1348
302	1495
303	434
303	515
303	618
303	806
303	908
304	779
304	1334
305	1115
306	343
306	665
306	1350
307	716
307	1101
307	1399
308	309
308	402
308	563
308	1069
308	1072
308	1373
309	336
309	562
309	940
309	1297
309	1457
309	1601
310	603
310	1172
310	1498
310	1597
311	1375
312	428
312	875
312	1461
312	1606
312	1809
313	1702
314	1086
315	926
316	357
316	1635
316	1796
317	1023
317	1094
318	343
318	667
318	957
318	1106
318	1278
318	1646
319	802
319	1464
319	1639
319	1681
320	424
320	850
320	1257
320	1496
321	562
321	1118
321	1119
322	455
323	540
323	751
323	778
323	879
323	1013
323	1232
324	778
324	1534
325	1762
326	431
326	702
326	1608
326	1864
327	370
327	400
327	1485
328	1746
329	452
329	1027
329	1763
330	694
330	721
330	942
330	1073
330	1622
331	409
331	461
331	1553
332	1532
332	1644
333	1379
333	1531
333	1854
334	420
334	1054
334	1108
334	1896
335	544
336	462
336	486
337	558
337	736
337	933
337	1577
337	1646
337	1697
338	1020
339	898
339	1541
339	1606
340	711
340	936
340	1116
340	1417
340	1664
341	375
341	1330
341	1395
341	1479
341	1577
342	501
342	794
343	778
343	912
344	506
344	1604
345	987
345	1184
345	1261
346	1448
346	1609
347	1785
348	588
348	954
348	1057
348	1275
348	1489
348	1768
348	1779
348	1865
349	532
349	1074
350	395
350	452
350	627
350	1300
351	1508
352	1287
352	1610
353	536
353	1499
354	1091
355	1266
355	1718
356	743
356	745
356	1096
358	644
358	937
358	1014
359	1404
359	1423
361	1428
361	1526
362	489
362	1107
362	1110
362	1322
363	695
363	1483
363	1884
364	724
364	1209
364	1500
364	1773
365	514
365	677
365	832
367	1881
369	1673
370	842
371	414
371	1018
371	1155
371	1227
372	785
372	894
372	1021
372	1340
372	1779
373	533
373	746
373	1054
373	1096
373	1411
373	1448
374	1322
374	1650
374	1829
374	1841
375	1365
375	1557
376	1081
376	1844
376	1882
377	432
377	785
378	552
378	1056
378	1666
378	1714
379	637
379	1090
380	1016
381	403
381	727
381	1532
381	1612
381	1845
382	1307
382	1768
383	917
383	1612
383	1814
384	1350
384	1495
385	1375
385	1531
386	1214
386	1467
387	434
387	1150
387	1183
387	1460
389	633
389	662
389	725
389	939
389	998
389	1841
389	1899
390	581
390	601
390	1001
390	1215
390	1424
390	1511
390	1586
390	1844
391	503
391	646
391	885
391	1524
391	1607
391	1661
391	1727
392	949
393	1032
393	1245
393	1328
394	1120
394	1296
395	747
395	813
396	523
396	965
396	1886
397	1101
398	467
399	458
399	770
399	1504
401	638
401	813
401	1454
401	1644
402	620
402	1146
402	1455
403	431
403	1224
403	1235
404	836
404	1343
405	481
405	979
405	1189
405	1299
405	1812
406	558
406	605
406	616
406	931
406	1647
406	1782
407	546
407	1384
407	1476
407	1777
408	905
408	1469
409	1327
409	1772
410	461
410	617
410	1007
410	1310
410	1862
411	1283
411	1330
411	1361
411	1397
411	1819
412	1171
412	1478
412	1665
412	1760
412	1833
412	1863
413	718
413	985
413	1412
414	557
414	714
415	1170
416	861
417	479
417	520
417	659
417	802
417	860
417	1612
417	1639
417	1861
418	766
418	1174
418	1645
419	1444
420	545
420	1323
421	862
421	1489
422	619
422	1351
423	1078
423	1525
424	511
424	848
424	1129
424	1410
425	489
425	615
425	1085
425	1475
426	732
426	1470
427	592
427	775
427	876
427	1673
427	1828
427	1837
428	436
428	724
428	1457
428	1553
429	712
429	1468
430	609
430	1671
430	1756
430	1837
431	947
431	1331
432	525
432	592
432	1143
432	1321
432	1356
432	1764
432	1861
432	1887
433	580
433	964
434	921
434	1030
435	504
436	624
436	1323
436	1345
436	1602
437	541
439	493
439	713
439	967
439	1418
439	1530
440	517
440	587
440	1457
441	596
442	462
442	1445
442	1535
442	1796
443	557
443	633
443	1253
443	1294
444	780
445	832
445	1648
446	1041
446	1105
447	587
447	1011
447	1043
447	1234
447	1483
447	1500
447	1697
448	829
448	998
448	1127
448	1308
448	1366
448	1627
449	980
449	1395
449	1712
450	778
450	1014
450	1326
450	1516
450	1680
451	484
451	640
451	823
451	1138
451	1552
452	571
453	520
453	1159
453	1213
453	1823
454	672
454	878
454	1101
454	1427
454	1495
455	666
455	701
455	1346
456	826
456	857
456	1009
457	608
457	1653
457	1836
458	779
458	1354
458	1679
460	854
460	1367
460	1608
461	1267
461	1478
462	1058
462	1161
462	1763
463	1052
463	1085
463	1110
463	1402
464	633
464	822
464	1006
464	1252
464	1347
465	1592
465	1795
465	1882
466	967
466	1603
467	826
467	1321
468	619
468	934
468	1007
468	1163
468	1642
469	542
469	901
469	1031
470	1257
471	787
471	1563
471	1743
472	1433
472	1826
473	951
474	717
474	824
474	1780
475	536
475	733
475	1159
475	1718
476	765
476	1609
476	1799
477	549
477	560
477	1214
477	1244
478	589
478	741
478	1219
478	1875
479	525
479	551
479	676
479	1008
480	1001
480	1474
481	733
481	1056
481	1679
482	635
482	994
482	1082
482	1144
482	1315
482	1516
482	1552
483	1362
483	1653
484	876
484	1246
484	1492
484	1565
484	1631
484	1655
485	1144
485	1368
485	1538
485	1726
486	1256
486	1394
486	1538
486	1612
487	551
487	950
487	1022
487	1281
488	835
488	839
488	1014
488	1022
488	1638
488	1760
488	1769
488	1822
488	1866
489	691
489	1246
489	1885
490	735
490	963
490	1040
490	1189
491	811
491	1103
492	553
493	1510
493	1866
494	503
494	1036
494	1837
495	854
495	902
495	1301
495	1348
495	1368
495	1503
496	966
496	1601
497	1081
497	1182
497	1659
498	680
498	711
499	655
499	804
499	1083
500	1387
500	1527
501	1611
502	623
502	683
502	1029
502	1374
502	1747
503	622
503	795
503	1394
503	1594
504	1068
504	1151
505	544
505	703
505	950
505	1210
505	1857
506	1045
506	1450
507	1255
508	555
508	812
508	1668
509	549
509	895
509	1281
509	1547
510	758
510	1165
510	1177
510	1283
510	1700
511	1581
512	920
512	1032
512	1414
512	1701
513	641
514	637
514	1096
514	1210
514	1680
515	1370
516	603
516	635
516	855
517	1448
517	1851
518	678
518	981
518	1336
519	1107
521	1069
521	1491
521	1833
521	1894
522	877
522	1624
522	1848
522	1870
523	828
523	1572
523	1858
524	898
524	1885
525	1034
525	1505
525	1538
526	546
527	774
527	939
527	1144
528	1141
528	1768
529	1223
530	883
530	1335
530	1529
531	881
532	1278
532	1785
533	1850
534	1154
534	1212
535	577
535	800
535	1062
535	1432
535	1438
535	1488
535	1493
535	1741
536	1850
537	546
537	859
537	1496
538	998
538	1115
538	1655
538	1671
538	1682
538	1783
538	1862
539	569
539	1750
540	1056
540	1395
541	674
541	792
541	872
541	1792
542	558
542	563
542	698
542	833
542	1786
543	634
543	715
543	1276
543	1871
544	774
544	933
544	942
544	1482
544	1500
544	1533
544	1771
545	546
545	990
545	1157
546	1228
546	1832
547	766
547	1636
547	1686
548	1116
549	1037
549	1498
549	1619
549	1786
549	1832
550	1034
550	1080
550	1248
551	856
551	1025
551	1036
551	1144
551	1211
552	918
552	943
552	1161
552	1796
553	591
553	1011
553	1117
553	1481
553	1815
555	1006
555	1106
555	1518
555	1721
555	1828
556	662
556	784
556	1053
556	1472
556	1555
557	628
557	1526
558	721
558	1671
559	560
560	695
560	1092
560	1831
561	1488
561	1560
561	1839
562	602
562	767
563	1069
563	1257
564	1067
564	1624
564	1773
565	1054
566	976
566	1058
566	1300
566	1518
566	1756
567	605
567	1042
568	852
568	1779
568	1832
569	884
569	1225
570	679
570	755
570	975
571	1031
571	1304
572	1013
572	1892
573	1321
573	1825
573	1873
574	684
575	635
575	745
575	1572
577	1063
578	1454
579	833
579	1279
579	1856
580	631
580	779
580	966
580	969
580	1056
580	1358
580	1617
581	807
581	1076
581	1125
581	1525
582	607
582	798
583	1303
584	626
584	648
584	1211
584	1341
584	1432
584	1668
585	855
585	1059
585	1190
585	1642
586	1803
587	1100
587	1455
588	1211
588	1230
588	1800
588	1823
589	670
589	1207
589	1316
589	1466
589	1503
589	1655
590	729
590	1123
591	630
591	1278
592	1317
592	1355
593	907
593	1312
593	1782
594	800
594	1172
594	1437
595	661
595	744
595	978
595	1030
595	1196
595	1276
595	1445
596	1781
597	765
597	1094
597	1506
597	1689
598	1442
598	1546
599	1040
599	1529
600	1173
600	1615
601	710
601	786
602	1266
602	1822
603	940
603	1295
604	671
604	1647
605	695
605	1344
606	1318
607	670
607	1389
607	1467
608	713
608	785
608	986
608	1298
608	1337
609	1229
609	1574
609	1636
609	1782
610	1058
610	1363
610	1730
610	1783
611	1393
611	1725
612	697
612	727
612	1157
612	1701
613	826
613	1226
614	843
614	865
614	899
614	983
614	1307
614	1852
615	832
615	972
615	1294
615	1770
616	855
616	1042
616	1511
617	761
617	868
618	838
618	1177
620	627
620	1215
620	1684
620	1831
621	1114
621	1265
621	1679
622	1233
622	1550
622	1640
622	1884
624	787
624	790
624	925
624	1128
624	1856
625	953
626	1316
626	1721
626	1751
627	1177
627	1293
627	1469
627	1575
627	1664
627	1845
628	689
628	918
628	1617
629	801
629	893
629	917
629	1345
629	1646
629	1868
630	784
630	1049
630	1102
630	1282
630	1605
631	1023
631	1056
631	1229
631	1757
632	1330
632	1375
632	1564
632	1566
633	1000
633	1206
633	1216
633	1305
633	1483
633	1652
634	1110
634	1182
634	1510
635	1081
635	1451
636	749
636	1471
637	829
637	1100
638	1357
638	1685
638	1746
639	645
639	1591
639	1735
639	1839
640	1495
640	1595
640	1659
641	1131
641	1340
642	833
642	1417
642	1706
642	1795
643	758
643	855
643	1209
643	1742
644	901
644	1383
644	1418
645	717
645	1099
645	1822
646	1270
646	1520
646	1838
647	1349
648	1350
648	1590
649	1401
650	872
650	1550
650	1793
651	970
651	1105
651	1477
651	1671
652	790
652	1136
653	1363
653	1387
654	1095
654	1457
654	1623
655	1148
655	1232
656	864
656	1216
656	1804
657	1299
657	1405
657	1676
657	1899
658	995
659	853
659	1113
659	1274
659	1465
659	1748
660	864
660	1019
661	1250
661	1624
661	1780
662	1205
662	1729
663	818
663	1440
664	1133
664	1722
665	947
665	1291
665	1300
666	1273
666	1832
667	818
668	1279
668	1610
668	1681
668	1771
669	1061
669	1488
669	1697
669	1821
669	1898
670	1214
670	1218
671	711
671	880
671	1840
672	729
672	751
673	1023
673	1786
673	1889
674	1246
674	1266
674	1361
674	1420
674	1850
675	748
675	1072
675	1225
675	1441
676	896
676	931
676	1280
677	959
677	1115
678	744
678	1520
679	994
679	1883
680	1085
681	1604
681	1760
682	958
682	1193
682	1351
682	1488
682	1659
682	1731
683	688
683	717
683	1619
683	1670
684	847
685	1802
686	1150
687	1423
687	1573
687	1846
688	1780
689	922
690	952
690	958
690	1113
690	1220
690	1785
691	1063
691	1209
691	1591
691	1595
692	696
692	1896
693	750
693	821
693	1397
693	1467
693	1806
694	820
694	871
694	1349
694	1616
695	1145
695	1570
695	1625
696	1383
698	1500
698	1501
698	1706
700	1107
700	1445
700	1512
701	923
701	1387
701	1457
702	896
702	1528
702	1723
703	762
703	829
703	1537
704	1316
704	1564
705	1800
706	1051
706	1866
707	869
707	1226
707	1509
708	731
708	812
708	1640
709	1183
709	1329
710	714
710	886
710	908
710	1057
710	1828
711	895
711	952
711	1234
711	1591
711	1749
711	1897
712	1073
712	1396
713	725
713	833
713	977
713	1091
714	1481
715	1037
715	1345
717	731
717	874
717	1019
717	1678
718	1094
718	1165
718	1169
718	1723
719	736
719	1735
719	1848
721	1135
722	794
722	1255
723	746
723	845
723	1528
723	1697
723	1865
724	1210
725	801
725	1125
726	1763
727	747
727	1259
728	905
728	1769
729	870
729	1056
729	1641
730	1148
730	1159
730	1396
731	1443
731	1884
732	789
732	1496
732	1669
733	1612
734	763
734	938
734	1592
734	1652
735	1092
735	1316
735	1371
736	761
736	809
736	1220
736	1651
737	818
737	1393
737	1763
738	908
738	964
738	1166
738	1194
738	1798
739	887
740	1091
741	1219
741	1440
741	1757
742	1270
742	1324
742	1488
742	1552
742	1646
743	1202
743	1310
743	1387
744	1476
744	1538
744	1693
744	1812
745	1026
745	1102
745	1339
746	934
746	1126
747	1236
748	976
748	1196
749	909
749	1265
749	1721
749	1727
750	947
750	1799
751	789
751	1367
752	837
752	985
752	1309
752	1330
753	957
753	1241
754	1882
755	1015
755	1584
756	802
756	1536
757	888
757	1079
757	1107
757	1184
758	800
758	1041
759	1852
760	878
760	1305
760	1585
761	1709
761	1780
762	823
762	847
762	979
762	1339
762	1454
763	990
763	1174
765	944
765	1550
765	1728
767	1753
768	940
769	1367
769	1398
770	1030
770	1255
771	797
771	1293
772	1193
772	1686
773	1119
773	1389
774	1028
774	1421
774	1896
775	1709
776	793
776	1226
776	1855
777	1134
777	1140
777	1650
778	1030
778	1735
778	1760
779	1191
779	1613
780	831
780	882
780	1815
781	997
781	1668
782	1814
783	991
783	1186
783	1593
784	1175
784	1434
784	1743
785	833
785	854
785	1582
786	1744
787	1373
788	997
788	1182
788	1673
788	1682
788	1778
789	920
789	1585
789	1696
790	796
791	1084
792	811
792	1877
793	1163
794	959
794	1309
795	1121
795	1146
795	1244
795	1285
795	1342
795	1373
795	1673
795	1756
796	818
796	839
796	896
796	1053
796	1105
796	1321
796	1473
797	853
797	1376
797	1675
798	1445
798	1730
799	987
799	1206
799	1232
800	1570
801	1764
802	1430
802	1724
803	1553
803	1752
804	995
804	1089
804	1328
804	1582
804	1714
805	820
807	1191
807	1253
807	1316
808	875
808	958
809	810
809	980
809	1719
809	1788
810	983
810	1046
811	1358
812	1038
812	1256
812	1584
812	1625
813	1255
815	938
815	1589
815	1756
816	883
816	1176
817	1634
818	934
818	1048
818	1076
818	1566
819	1193
819	1665
820	866
820	884
820	1037
820	1568
821	893
821	1175
821	1292
821	1407
821	1596
822	1080
823	1782
823	1784
824	897
824	912
824	1237
825	1334
825	1558
826	872
826	1026
826	1170
826	1615
827	1183
827	1853
828	1046
828	1571
829	1620
830	1395
830	1647
830	1663
831	1841
832	1028
832	1050
832	1066
832	1295
833	839
833	1554
834	1347
834	1679
835	1380
835	1405
835	1802
835	1838
836	1025
837	1255
837	1391
838	913
838	1791
839	1556
840	1445
841	1293
841	1471
841	1759
843	862
843	1191
843	1206
843	1654
843	1886
843	1898
844	979
844	1291
844	1470
844	1521
844	1544
845	889
845	1428
846	961
846	1304
846	1866
847	1203
847	1298
849	990
850	1141
850	1176
850	1186
850	1443
851	1183
851	1376
852	1359
852	1623
853	963
853	1348
853	1475
854	1429
855	1009
855	1208
856	923
856	1251
856	1345
856	1627
857	902
857	1135
857	1454
857	1755
858	1014
859	978
859	1141
859	1162
859	1173
860	1781
861	1002
861	1302
862	921
862	963
862	1512
862	1777
863	1294
864	1533
865	1455
865	1742
867	1118
868	936
868	1751
869	1007
870	950
870	1044
870	1440
871	1115
871	1217
871	1411
871	1651
872	1291
872	1505
873	933
873	1041
873	1043
873	1195
873	1216
873	1369
875	877
875	1683
875	1827
876	890
877	1870
878	1546
879	1671
880	1148
880	1514
880	1567
880	1712
881	1352
881	1486
881	1765
881	1833
882	1739
883	960
883	1155
883	1379
884	1046
884	1052
884	1121
884	1310
884	1676
884	1710
884	1720
885	1161
885	1618
885	1883
887	894
887	917
887	1471
887	1706
887	1886
888	935
888	1017
888	1041
891	1528
892	1086
892	1208
892	1690
894	1368
895	947
895	1034
895	1312
895	1341
896	1046
896	1758
897	1149
897	1348
898	1257
898	1327
898	1556
899	1177
900	1049
901	1529
901	1580
902	1285
902	1698
903	984
904	1123
904	1125
904	1687
905	911
905	1285
905	1449
906	1568
906	1666
908	1285
908	1425
908	1459
909	1117
909	1520
909	1762
909	1852
910	1474
910	1494
910	1496
910	1828
912	963
912	1095
912	1545
913	1409
914	1123
914	1506
914	1611
915	1678
915	1813
916	1592
916	1664
916	1760
917	1234
919	958
919	1030
919	1161
919	1235
919	1254
919	1354
920	1282
920	1358
920	1436
921	1495
921	1864
922	1107
922	1660
922	1859
923	1442
923	1460
924	944
924	979
924	1129
924	1439
924	1449
924	1528
925	1456
925	1596
926	1421
926	1422
927	1819
928	994
930	1193
930	1391
931	1542
931	1647
932	1460
932	1805
933	1021
933	1335
933	1409
933	1548
934	1298
935	1024
935	1142
936	956
936	1012
936	1286
937	1508
937	1608
937	1716
938	1278
938	1337
938	1465
938	1523
939	1167
939	1208
939	1807
939	1814
939	1845
940	945
940	1135
940	1191
940	1480
940	1722
940	1753
940	1886
941	1336
941	1673
943	1474
944	1125
944	1213
946	1000
946	1022
946	1562
946	1788
947	1127
948	1229
948	1763
949	1130
949	1296
950	953
950	1319
950	1751
951	977
951	1543
952	1152
952	1286
952	1390
952	1707
953	1266
953	1438
953	1628
953	1680
954	1537
955	1321
955	1843
956	1224
956	1352
956	1659
957	974
957	1633
958	1092
958	1161
958	1721
959	1624
962	1409
962	1707
962	1806
962	1833
962	1878
963	1021
963	1381
963	1769
964	1760
964	1781
965	1437
966	1051
969	1485
969	1885
970	1019
970	1725
971	1767
971	1802
972	1377
972	1414
972	1513
972	1640
973	1086
973	1279
974	1411
974	1732
977	1117
977	1240
977	1310
977	1496
977	1532
977	1810
978	1003
978	1652
978	1849
979	1106
979	1180
979	1636
980	1683
980	1699
981	1141
981	1411
982	1246
982	1827
983	1698
984	1051
984	1705
985	1161
986	1101
987	1232
988	1475
988	1553
989	1199
989	1845
990	1401
990	1581
991	1259
991	1385
991	1464
991	1507
991	1630
992	1299
992	1595
993	1093
994	1382
994	1541
994	1892
995	1830
997	1622
999	1260
999	1312
1001	1085
1001	1321
1001	1435
1001	1464
1001	1774
1001	1809
1002	1717
1003	1030
1003	1390
1003	1460
1003	1488
1003	1720
1004	1448
1004	1478
1005	1062
1005	1605
1005	1643
1006	1296
1006	1830
1006	1869
1007	1028
1007	1107
1007	1727
1008	1399
1008	1632
1008	1752
1009	1212
1009	1217
1009	1576
1011	1283
1011	1636
1012	1023
1012	1502
1012	1599
1013	1083
1013	1415
1013	1693
1013	1837
1014	1513
1014	1515
1014	1561
1014	1608
1014	1724
1017	1750
1017	1810
1018	1270
1018	1648
1019	1632
1020	1517
1020	1807
1022	1023
1023	1126
1023	1402
1023	1499
1023	1639
1024	1062
1024	1509
1024	1836
1025	1527
1026	1596
1026	1814
1026	1835
1027	1446
1028	1180
1028	1791
1029	1053
1029	1840
1030	1091
1030	1121
1031	1422
1031	1724
1032	1601
1033	1435
1033	1596
1033	1602
1034	1510
1035	1485
1036	1357
1036	1466
1036	1790
1036	1826
1037	1255
1038	1699
1039	1834
1040	1400
1040	1516
1040	1676
1041	1409
1041	1496
1041	1644
1042	1172
1042	1184
1042	1254
1043	1300
1043	1316
1043	1474
1043	1564
1043	1871
1044	1236
1044	1357
1045	1818
1046	1125
1046	1722
1047	1431
1047	1709
1048	1727
1049	1177
1049	1746
1050	1587
1050	1742
1051	1147
1051	1561
1051	1895
1052	1508
1052	1537
1052	1562
1053	1465
1053	1566
1054	1709
1055	1244
1056	1788
1057	1296
1057	1792
1058	1150
1059	1184
1059	1630
1059	1848
1060	1378
1060	1805
1062	1334
1064	1612
1065	1270
1066	1194
1066	1509
1066	1719
1066	1755
1067	1238
1067	1243
1068	1738
1069	1317
1069	1840
1070	1386
1070	1830
1071	1733
1072	1635
1073	1321
1073	1449
1073	1537
1074	1200
1074	1676
1074	1822
1074	1899
1075	1145
1075	1329
1077	1108
1078	1626
1078	1711
1078	1833
1079	1600
1079	1844
1080	1113
1080	1171
1080	1879
1081	1680
1082	1194
1082	1313
1082	1320
1082	1345
1083	1761
1084	1372
1085	1375
1085	1517
1085	1569
1087	1659
1087	1826
1088	1845
1089	1271
1089	1457
1091	1891
1092	1531
1092	1651
1092	1657
1093	1366
1093	1403
1094	1096
1094	1140
1094	1793
1095	1381
1096	1441
1097	1294
1097	1549
1097	1665
1097	1672
1097	1749
1098	1388
1098	1636
1099	1351
1100	1258
1100	1646
1101	1544
1101	1550
1101	1811
1101	1823
1102	1191
1102	1506
1102	1803
1103	1484
1103	1834
1104	1398
1104	1897
1105	1124
1105	1467
1105	1521
1107	1134
1109	1694
1111	1518
1112	1648
1113	1602
1113	1791
1113	1853
1114	1287
1114	1794
1115	1347
1115	1596
1115	1733
1117	1469
1117	1772
1118	1157
1119	1244
1119	1706
1120	1196
1120	1233
1120	1342
1121	1188
1121	1190
1121	1218
1121	1249
1121	1434
1122	1138
1122	1635
1123	1294
1123	1817
1123	1894
1126	1268
1126	1739
1127	1297
1127	1573
1128	1412
1128	1622
1128	1809
1129	1227
1129	1396
1129	1773
1130	1144
1130	1338
1130	1400
1130	1689
1131	1891
1133	1682
1134	1548
1138	1423
1138	1454
1138	1698
1138	1720
1139	1208
1140	1772
1140	1824
1141	1267
1141	1785
1142	1865
1143	1471
1144	1298
1144	1604
1144	1655
1144	1833
1145	1177
1145	1617
1147	1183
1147	1799
1147	1861
1149	1168
1149	1212
1149	1313
1149	1426
1149	1540
1151	1220
1151	1854
1151	1896
1153	1397
1153	1489
1155	1367
1156	1379
1156	1871
1157	1459
1157	1485
1157	1799
1158	1638
1158	1693
1158	1702
1158	1818
1159	1253
1159	1357
1159	1639
1159	1695
1160	1439
1160	1570
1162	1734
1163	1357
1163	1556
1163	1696
1164	1218
1164	1831
1165	1881
1167	1626
1168	1876
1169	1200
1169	1703
1170	1681
1171	1450
1171	1770
1173	1201
1173	1521
1174	1778
1175	1786
1177	1733
1177	1766
1178	1459
1179	1374
1179	1481
1180	1418
1180	1518
1181	1420
1181	1687
1182	1273
1182	1584
1182	1613
1182	1741
1184	1620
1186	1218
1186	1862
1187	1237
1187	1759
1187	1811
1188	1373
1188	1677
1188	1891
1189	1312
1189	1363
1189	1695
1190	1476
1190	1639
1190	1785
1192	1702
1193	1246
1194	1797
1196	1372
1197	1376
1197	1620
1198	1330
1198	1660
1199	1434
1199	1746
1200	1852
1201	1301
1202	1210
1202	1464
1202	1566
1202	1756
1203	1423
1203	1616
1203	1814
1204	1429
1205	1306
1205	1563
1205	1819
1206	1437
1206	1584
1208	1852
1210	1274
1210	1398
1210	1499
1210	1549
1212	1726
1213	1613
1213	1896
1215	1732
1216	1425
1217	1357
1217	1869
1217	1872
1218	1331
1220	1422
1220	1439
1220	1568
1222	1483
1222	1535
1222	1686
1225	1236
1225	1512
1225	1551
1225	1706
1226	1231
1227	1863
1229	1296
1229	1419
1229	1427
1229	1745
1230	1855
1231	1363
1231	1552
1231	1563
1232	1592
1233	1403
1233	1434
1233	1621
1233	1890
1234	1620
1234	1791
1235	1429
1235	1651
1236	1613
1236	1739
1237	1385
1237	1809
1238	1370
1239	1285
1239	1680
1240	1682
1240	1703
1241	1392
1241	1484
1241	1567
1241	1724
1242	1300
1242	1462
1243	1621
1244	1361
1244	1528
1246	1249
1247	1344
1247	1653
1247	1752
1249	1310
1250	1876
1251	1356
1251	1403
1251	1510
1251	1565
1252	1430
1252	1839
1253	1397
1254	1479
1254	1711
1255	1526
1255	1795
1255	1810
1257	1734
1258	1566
1258	1571
1260	1534
1262	1358
1262	1526
1262	1619
1263	1497
1264	1522
1264	1716
1265	1267
1265	1692
1265	1799
1266	1340
1266	1385
1266	1628
1268	1559
1268	1682
1268	1735
1270	1585
1270	1604
1270	1738
1270	1814
1271	1272
1271	1396
1271	1548
1271	1650
1272	1397
1272	1617
1274	1721
1275	1649
1276	1394
1276	1610
1277	1284
1278	1280
1279	1539
1281	1361
1281	1418
1283	1465
1283	1873
1285	1609
1285	1723
1286	1878
1288	1353
1288	1560
1288	1781
1288	1801
1289	1583
1289	1796
1289	1826
1290	1353
1290	1594
1290	1836
1291	1405
1291	1456
1291	1479
1292	1716
1293	1867
1295	1495
1295	1553
1295	1838
1296	1468
1297	1687
1299	1478
1302	1539
1304	1430
1305	1542
1307	1451
1307	1534
1307	1664
1309	1595
1309	1703
1309	1781
1310	1464
1310	1582
1312	1321
1312	1676
1314	1403
1314	1667
1315	1839
1316	1454
1316	1612
1319	1423
1319	1515
1319	1763
1322	1475
1323	1582
1324	1526
1324	1618
1324	1699
1326	1417
1329	1734
1330	1793
1331	1605
1331	1894
1333	1359
1333	1392
1333	1547
1335	1466
1335	1522
1336	1850
1337	1694
1337	1723
1337	1787
1338	1791
1340	1496
1340	1750
1341	1480
1342	1473
1342	1495
1344	1361
1344	1691
1346	1418
1347	1442
1350	1867
1351	1743
1351	1883
1353	1397
1353	1496
1353	1571
1353	1676
1353	1827
1353	1882
1355	1368
1356	1592
1360	1419
1360	1750
1363	1522
1363	1558
1365	1838
1366	1604
1366	1732
1367	1444
1368	1542
1371	1529
1373	1449
1374	1651
1374	1654
1375	1779
1377	1817
1378	1746
1379	1402
1379	1603
1379	1679
1379	1796
1381	1621
1382	1734
1383	1839
1383	1852
1385	1810
1385	1863
1386	1465
1387	1744
1388	1629
1388	1887
1389	1636
1392	1463
1392	1534
1393	1452
1393	1539
1393	1545
1395	1642
1397	1695
1397	1703
1397	1792
1398	1686
1399	1556
1400	1439
1402	1844
1403	1630
1404	1839
1404	1850
1405	1446
1405	1663
1407	1585
1408	1759
1410	1616
1414	1452
1418	1440
1419	1544
1419	1572
1419	1579
1419	1859
1422	1528
1422	1825
1423	1478
1423	1675
1423	1867
1424	1673
1424	1700
1424	1792
1424	1811
1426	1632
1429	1500
1430	1632
1432	1619
1433	1840
1434	1620
1434	1638
1435	1655
1435	1745
1436	1514
1437	1496
1438	1637
1438	1694
1439	1462
1439	1540
1440	1673
1441	1699
1442	1460
1442	1611
1443	1790
1443	1833
1443	1844
1445	1646
1446	1543
1447	1727
1447	1815
1448	1881
1449	1575
1449	1644
1450	1770
1451	1846
1452	1508
1455	1702
1457	1775
1458	1744
1458	1850
1460	1632
1461	1691
1461	1753
1461	1805
1462	1494
1462	1796
1463	1797
1463	1866
1466	1615
1468	1628
1469	1732
1469	1777
1470	1761
1473	1693
1477	1601
1478	1702
1480	1789
1485	1849
1486	1795
1487	1605
1487	1768
1489	1626
1489	1748
1490	1525
1490	1627
1490	1877
1491	1852
1493	1684
1495	1816
1495	1873
1496	1825
1498	1798
1499	1639
1501	1567
1502	1537
1502	1733
1504	1579
1504	1657
1506	1870
1507	1597
1508	1552
1508	1880
1509	1830
1510	1567
1510	1790
1511	1777
1512	1572
1513	1643
1513	1693
1513	1846
1514	1872
1515	1623
1515	1663
1517	1568
1518	1865
1519	1597
1520	1603
1521	1813
1521	1852
1521	1860
1525	1801
1526	1608
1526	1659
1527	1633
1529	1631
1530	1808
1531	1733
1531	1795
1532	1543
1532	1576
1534	1828
1536	1711
1536	1802
1537	1739
1537	1820
1538	1631
1538	1854
1543	1664
1544	1769
1544	1833
1545	1879
1546	1652
1549	1642
1550	1609
1550	1833
1551	1626
1552	1755
1553	1804
1554	1589
1554	1754
1556	1567
1559	1829
1561	1762
1563	1567
1563	1737
1564	1840
1565	1595
1567	1634
1567	1820
1569	1736
1570	1615
1570	1632
1572	1627
1572	1869
1574	1866
1575	1840
1579	1673
1579	1758
1580	1654
1580	1736
1581	1872
1585	1679
1585	1774
1586	1591
1586	1837
1586	1892
1588	1760
1590	1741
1590	1751
1591	1602
1591	1801
1592	1622
1592	1637
1593	1728
1594	1654
1595	1743
1596	1610
1597	1646
1600	1711
1603	1671
1605	1770
1605	1829
1610	1738
1610	1799
1610	1886
1612	1648
1614	1655
1614	1718
1616	1668
1620	1626
1620	1832
1622	1829
1624	1827
1627	1639
1627	1695
1628	1875
1634	1683
1635	1668
1635	1718
1637	1662
1638	1813
1641	1744
1642	1697
1642	1698
1643	1866
1644	1659
1647	1658
1647	1898
1650	1793
1654	1691
1655	1695
1655	1828
1659	1784
1661	1726
1662	1831
1662	1835
1667	1834
1668	1805
1677	1863
1680	1686
1681	1702
1682	1815
1683	1698
1688	1746
1688	1851
1689	1702
1689	1832
1694	1730
1697	1862
1698	1720
1701	1805
1705	1857
1708	1813
1711	1713
1715	1752
1721	1842
1721	1851
1721	1859
1727	1730
1727	1883
1728	1819
1735	1748
1740	1771
1742	1883
1744	1896
1751	1897
1763	1776
1763	1799
1763	1810
1770	1788
1778	1872
1782	1821
1782	1827
1789	1881
1797	1865
1809	1815
1851	1897
1858	1883
1865	1882