0	277
0	1735
1	126
1	161
1	365
1	619
1	849
1	1283
1	1354
1	1629
2	87
2	161
2	360
2	608
2	1109
2	1126
2	1362
3	568
3	617
3	1708
4	51
4	97
5	880
5	1741
5	1821
6	451
6	884
6	1108
6	1713
7	240
7	496
7	959
7	961
7	1003
7	1611
7	1681
7	1699
8	138
8	285
8	379
8	537
8	926
8	985
8	1467
8	1830
9	221
9	1482
9	1744
9	1856
10	714
10	1230
10	1245
10	1318
10	1341
10	1847
11	556
11	568
11	1457
11	1860
12	17
12	976
12	1702
12	1823
13	165
13	374
13	478
13	1117
14	454
14	637
14	680
14	1343
14	1404
14	1681
14	1732
14	1751
15	301
15	1825
16	484
16	662
16	775
16	1284
16	1671
16	1876
17	152
17	490
17	741
17	882
17	956
17	995
17	1649
17	1727
17	1814
17	1852
18	814
18	1359
18	1481
18	1486
18	1844
19	1541
19	1694
20	573
21	211
21	1213
21	1603
22	273
22	376
23	165
23	167
23	1872
24	461
24	1118
24	1119
24	1264
24	1292
24	1414
24	1692
25	885
26	65
26	432
26	1208
26	1675
27	103
27	450
27	701
28	504
28	568
29	1562
30	79
30	103
30	116
30	150
30	365
30	790
30	808
30	922
30	951
30	1408
30	1473
31	861
32	69
32	127
32	413
32	965
32	1193
32	1624
33	503
33	1344
33	1680
34	251
34	263
34	1036
34	1127
34	1621
35	154
35	459
35	526
35	1711
36	172
36	181
36	1131
36	1280
36	1800
37	464
37	611
37	908
37	969
37	1051
38	872
38	996
38	1614
39	295
39	415
39	456
39	464
39	747
39	1130
40	521
40	591
40	1669
40	1682
41	184
41	934
42	815
42	1122
43	111
43	564
43	612
43	752
43	1110
43	1207
43	1682
43	1800
43	1821
43	1833
44	234
44	380
44	391
44	685
44	686
44	754
44	885
44	938
44	1433
44	1630
45	532
45	695
45	930
45	1240
45	1337
45	1452
45	1855
46	462
46	551
46	573
47	624
47	1611
47	1637
47	1705
48	1222
49	718
49	828
50	157
50	830
50	891
50	1123
50	1621
52	275
52	465
52	496
52	510
52	1495
53	364
53	430
53	635
53	1587
53	1848
54	184
54	372
54	725
54	1177
54	1250
55	76
55	280
55	1060
55	1432
56	161
56	471
56	566
56	1141
57	1185
58	898
58	1435
58	1796
59	700
59	801
59	1474
59	1615
60	358
60	465
60	520
60	523
60	784
60	1387
60	1610
60	1776
61	189
61	354
61	851
61	1454
61	1682
62	537
62	752
62	892
62	1436
62	1745
63	1057
63	1417
63	1610
64	134
64	210
64	291
64	514
64	703
64	729
64	759
64	826
64	846
64	1222
65	287
65	370
65	928
65	1892
66	379
66	582
66	791
66	905
66	952
66	1372
67	257
67	319
67	676
67	1291
68	408
68	532
68	661
68	863
69	218
69	338
69	636
69	1315
69	1510
69	1873
70	189
70	462
70	999
70	1192
70	1358
71	80
71	82
71	902
71	908
71	1139
71	1738
72	741
72	857
72	935
73	685
73	687
73	1519
74	681
74	1058
74	1804
75	216
75	525
75	1645
75	1818
76	840
76	1007
76	1398
76	1800
77	1200
78	391
78	1156
78	1552
78	1613
79	683
79	987
80	331
80	572
80	1764
81	168
81	1446
81	1483
81	1485
82	528
82	651
82	802
82	1154
82	1271
82	1680
82	1877
83	195
83	991
84	384
84	501
84	1046
84	1587
85	809
85	1497
85	1579
85	1660
85	1747
85	1812
86	502
86	617
86	944
86	1530
86	1657
86	1848
87	103
87	510
87	878
87	901
87	1484
88	326
88	721
88	940
88	1527
88	1770
89	889
89	1100
89	1646
90	177
90	824
91	879
92	123
92	461
92	625
92	977
92	1009
92	1892
93	501
93	1433
93	1451
93	1691
94	1180
94	1283
95	668
95	1043
95	1074
95	1099
95	1145
95	1212
95	1452
95	1886
96	309
96	1157
96	1248
97	195
97	1060
97	1505
98	585
98	696
98	1056
98	1319
98	1440
99	443
99	861
99	1027
99	1233
99	1579
100	1432
101	649
101	1333
102	506
102	533
102	849
103	142
103	521
103	665
103	1620
104	738
104	789
104	1415
104	1460
104	1856
105	132
105	329
105	1135
106	172
106	1459
107	400
107	556
107	561
107	835
107	953
107	1063
108	203
108	521
108	1720
109	552
109	785
109	1833
110	210
110	308
110	686
110	747
111	1154
111	1563
111	1782
112	610
112	1124
112	1188
113	238
113	745
113	837
113	1141
114	1088
114	1237
114	1356
114	1368
115	748
115	1517
115	1581
116	753
116	805
117	1027
117	1823
118	378
118	521
118	817
118	1648
119	130
119	511
119	592
119	602
119	654
119	1193
119	1387
119	1724
119	1822
119	1855
120	537
120	862
120	1343
120	1356
121	752
121	1335
121	1759
122	371
122	567
122	797
122	1254
123	201
123	379
123	928
123	1072
123	1235
123	1652
123	1817
124	1360
124	1496
124	1726
125	208
125	1018
125	1463
126	290
126	373
126	1665
126	1703
127	767
127	1602
128	260
128	921
129	653
129	1832
129	1864
130	354
130	891
130	1487
130	1694
130	1753
131	152
131	517
131	563
131	926
131	1265
131	1307
131	1315
131	1362
131	1890
132	475
132	549
132	701
132	1562
133	360
133	388
133	412
133	670
133	823
133	1031
133	1365
133	1673
134	964
135	353
135	428
135	649
135	1812
136	508
136	1327
136	1450
136	1590
136	1779
137	591
137	625
137	1048
137	1867
138	1170
138	1537
138	1612
138	1700
139	239
139	312
139	1166
139	1788
140	932
140	1552
140	1617
141	575
141	604
141	1498
142	508
142	555
142	1608
143	829
143	1599
143	1823
144	234
144	884
144	945
144	1595
145	296
145	522
145	1117
145	1446
145	1493
146	1168
146	1433
147	299
147	734
147	1074
147	1843
147	1880
148	641
148	955
148	1142
148	1821
149	247
149	255
149	721
149	1189
150	165
150	501
150	535
150	1361
150	1613
151	483
151	961
151	1217
152	1057
152	1732
152	1850
153	569
153	596
153	734
153	952
153	1217
153	1729
154	589
154	744
154	1147
154	1369
154	1867
155	716
156	838
156	976
156	1241
157	1034
157	1425
158	202
158	544
158	559
158	1076
158	1643
158	1757
158	1850
159	697
159	723
160	270
160	645
160	876
160	1103
160	1880
161	564
161	960
161	1025
161	1267
161	1683
162	220
162	1004
162	1503
163	1271
163	1342
163	1456
164	190
164	769
164	780
164	1117
164	1226
164	1315
164	1413
164	1766
165	371
165	848
165	1185
165	1292
165	1812
166	1634
166	1638
167	1224
167	1272
167	1696
168	915
168	1195
168	1331
168	1476
168	1491
168	1602
168	1609
169	509
169	598
169	758
169	1180
169	1483
170	514
170	611
170	966
170	1721
171	540
171	1501
171	1687
171	1791
172	286
172	341
172	633
172	1486
173	303
173	562
173	596
173	846
173	1300
174	1243
174	1467
174	1528
175	708
175	800
175	903
175	1113
175	1423
176	417
176	642
176	1140
176	1600
176	1662
177	333
177	691
177	765
177	1008
177	1017
177	1864
178	1376
178	1454
178	1463
178	1492
178	1823
179	1137
179	1789
180	417
180	1140
180	1171
180	1778
182	319
182	420
182	435
182	1305
182	1596
182	1819
183	523
183	1455
183	1649
183	1725
184	990
184	1550
184	1809
184	1884
185	1363
185	1736
185	1817
186	755
186	898
186	1575
187	619
187	1261
188	263
188	780
188	1503
188	1529
188	1628
188	1759
188	1835
189	254
189	355
189	987
189	1829
190	1348
191	319
191	608
191	1216
192	271
192	835
192	1370
193	797
193	883
193	1563
193	1712
194	434
194	1184
194	1372
194	1573
194	1700
195	922
195	1267
195	1270
196	465
196	732
196	1090
196	1660
196	1776
196	1872
197	322
197	726
197	1390
198	1121
199	759
199	1252
200	852
201	453
201	483
201	491
201	544
201	925
202	313
202	658
202	803
202	932
202	1236
203	282
203	395
203	774
204	924
204	1017
204	1483
205	691
205	1550
205	1815
206	1031
206	1354
206	1477
207	291
207	418
207	422
208	301
208	1761
209	614
209	1494
210	391
210	970
210	1110
210	1331
210	1394
210	1625
211	224
211	411
211	522
211	570
211	1039
211	1440
211	1449
211	1659
212	453
212	495
212	884
212	1050
212	1338
213	331
213	350
213	792
213	973
213	1116
214	785
214	930
214	1686
215	588
215	1777
215	1858
216	373
216	907
216	1289
216	1317
216	1658
216	1760
217	307
217	561
217	1815
218	536
218	1022
219	788
219	811
219	1307
220	406
220	1436
221	570
221	904
221	1696
222	282
222	951
222	1136
223	1357
224	493
224	588
224	829
224	1068
224	1095
224	1324
224	1602
225	637
226	576
226	759
226	882
226	892
226	1712
227	1027
228	453
228	994
228	1674
229	1130
229	1524
230	591
230	900
230	1387
230	1494
231	1107
231	1136
231	1329
231	1386
231	1591
232	1084
232	1187
232	1564
233	235
233	439
233	462
233	924
233	1665
234	441
234	580
234	1215
234	1370
235	340
235	692
235	760
235	915
235	1613
236	477
236	754
236	1076
236	1135
236	1267
237	545
237	714
237	1595
238	1233
239	745
239	1165
239	1557
239	1578
240	443
240	837
240	1581
240	1707
241	1246
241	1497
241	1635
242	318
242	742
242	1124
242	1828
242	1866
243	350
243	1169
243	1468
244	1656
245	675
245	1110
245	1728
246	1031
246	1183
246	1234
246	1511
246	1762
247	390
247	1426
247	1813
247	1864
248	473
248	1705
249	1032
249	1119
249	1588
250	1175
250	1459
250	1545
250	1559
251	620
251	758
251	1121
251	1803
252	815
252	828
252	887
252	1581
253	961
253	1348
253	1466
253	1822
254	366
254	381
255	329
255	1275
255	1672
256	321
256	585
256	1296
256	1467
256	1477
257	805
257	1146
257	1313
258	610
258	1774
259	361
259	544
259	880
259	884
259	905
259	1819
260	370
260	772
260	796
260	1268
260	1313
260	1697
261	369
261	377
261	446
261	749
261	959
261	1617
262	299
262	411
263	646
263	1892
264	312
264	653
264	966
264	970
265	339
265	522
265	1121
265	1476
266	682
267	439
267	1395
267	1530
268	463
268	783
268	1136
268	1188
268	1638
268	1672
269	516
269	667
269	754
269	1187
269	1866
269	1867
270	339
270	852
270	1523
270	1655
270	1680
271	881
271	975
271	1181
271	1428
271	1736
272	729
272	741
272	778
272	1187
272	1724
273	856
273	903
273	1510
274	1250
274	1375
274	1562
275	618
275	913
275	1127
275	1794
276	702
276	1085
276	1194
276	1875
277	572
277	1060
277	1454
277	1561
278	736
279	1238
280	1212
280	1708
281	426
281	866
281	930
281	933
281	1122
281	1246
281	1357
282	945
282	948
282	1158
283	499
283	667
283	1101
284	815
284	873
284	1289
285	773
285	786
285	835
285	896
285	1627
286	988
286	1085
286	1119
287	1082
287	1194
287	1487
287	1725
288	527
288	734
288	1278
288	1822
289	839
289	1713
289	1720
289	1760
289	1835
290	683
290	746
290	1174
290	1529
292	1226
292	1544
292	1680
292	1772
293	325
293	767
293	872
293	1080
293	1143
293	1537
294	1285
294	1340
295	878
295	954
295	1576
296	556
296	758
296	1082
296	1549
297	950
298	327
298	357
298	561
298	1181
298	1481
299	676
299	881
299	1055
300	442
300	1561
301	490
301	559
301	806
302	756
302	1524
302	1594
302	1596
302	1719
303	830
303	890
303	1321
303	1674
304	1800
305	701
305	1660
306	902
306	1033
306	1305
306	1798
307	465
307	892
307	1133
307	1657
308	1024
308	1300
309	453
309	1418
309	1426
309	1670
310	1535
311	749
311	925
312	606
312	1474
312	1642
313	595
313	1580
313	1585
313	1785
314	1496
315	1386
316	330
316	377
316	708
316	1138
316	1420
317	450
317	1101
317	1141
317	1485
318	653
318	1569
319	583
319	1652
320	406
320	1266
320	1360
320	1599
321	1308
321	1319
322	1021
322	1797
322	1806
323	1740
323	1807
324	631
324	1257
324	1859
324	1880
325	362
325	864
325	1603
326	1581
326	1839
327	730
327	1254
328	1060
328	1276
328	1509
328	1726
329	460
329	1223
329	1575
330	1172
330	1287
330	1544
331	428
331	1832
332	800
332	906
332	1711
333	651
333	713
333	1182
333	1510
333	1865
334	379
334	605
334	995
334	1291
335	900
335	982
335	1606
336	515
336	926
337	512
337	588
338	1154
338	1839
339	1067
339	1536
340	946
340	971
340	1034
340	1244
340	1363
341	864
341	1047
341	1066
341	1181
341	1360
341	1573
342	987
342	1224
342	1338
342	1378
343	1262
343	1341
344	1300
344	1378
344	1449
344	1766
345	1785
346	815
346	904
346	913
346	1067
346	1489
346	1610
346	1831
347	809
347	1179
347	1505
348	450
348	986
348	1012
349	480
349	722
349	1634
350	445
350	1170
350	1240
350	1893
351	985
351	1291
352	492
352	1278
352	1401
352	1588
353	1522
354	1150
354	1373
355	685
355	1403
355	1785
356	674
356	727
356	756
357	1574
358	463
358	512
358	522
358	850
358	937
358	1505
359	1660
360	974
360	1352
360	1838
361	511
361	1543
362	667
363	448
363	916
364	888
364	1202
364	1301
364	1456
365	1180
365	1482
365	1512
365	1574
366	1085
366	1613
366	1729
366	1882
367	394
367	1044
367	1058
367	1168
367	1211
368	1080
369	432
369	1160
369	1448
370	625
371	659
371	956
371	1084
371	1349
371	1873
372	452
372	840
372	1645
373	420
373	470
373	881
373	1081
373	1502
374	723
374	841
374	901
374	1454
374	1465
374	1553
374	1716
375	377
375	551
375	961
376	580
376	747
376	875
377	542
378	634
379	677
379	811
379	1224
380	547
380	1001
380	1607
381	485
381	1307
381	1419
382	911
382	1110
382	1693
383	882
383	1471
383	1664
383	1813
384	393
384	463
384	1368
384	1795
385	551
385	923
385	1461
385	1655
386	978
386	1060
386	1516
387	871
387	1190
387	1674
389	513
389	835
389	1536
390	1484
390	1538
390	1778
390	1815
391	1031
391	1758
392	445
392	963
392	1026
392	1254
393	1669
394	720
394	864
394	1154
394	1463
394	1640
395	1094
395	1302
395	1676
396	606
396	1226
396	1382
397	1092
397	1798
398	750
398	825
398	975
398	1510
399	763
399	865
399	1336
400	1019
400	1618
401	1175
401	1496
401	1629
402	1124
402	1560
402	1566
403	1512
404	662
404	1135
404	1139
404	1176
404	1703
404	1726
405	534
405	997
405	1772
407	516
407	709
407	1364
407	1629
407	1858
408	1112
408	1287
408	1293
408	1514
409	637
409	773
410	454
410	497
410	946
410	1384
411	529
411	640
411	1115
411	1627
411	1813
412	950
412	1163
412	1378
412	1429
413	665
413	733
413	1251
413	1379
413	1628
413	1679
414	428
414	577
414	821
414	1460
414	1560
414	1804
415	1389
416	1306
416	1663
416	1826
417	1029
417	1261
417	1726
419	1427
420	646
420	883
420	1084
420	1854
421	1148
421	1220
421	1268
422	647
422	852
422	961
422	1759
423	464
423	610
423	776
424	606
424	1023
424	1064
424	1266
424	1664
425	529
426	654
426	1220
426	1259
427	687
427	943
427	1314
428	486
428	792
428	1012
428	1419
429	931
430	484
430	673
430	1759
431	468
431	469
431	708
431	908
431	1462
432	560
432	660
432	1608
433	443
433	546
433	826
433	1689
433	1822
434	968
434	1641
434	1836
435	533
436	1158
437	697
438	774
438	1578
439	1616
439	1626
440	1876
441	777
441	999
441	1047
441	1053
441	1120
441	1830
442	1339
442	1385
442	1413
443	1302
443	1412
444	483
444	554
444	978
444	1172
444	1696
445	882
446	792
446	833
446	838
446	896
446	1684
446	1754
447	945
447	1479
448	684
448	1286
448	1362
448	1392
448	1710
449	590
449	1082
450	561
450	660
450	753
450	1283
450	1842
451	1561
452	501
452	866
452	922
452	964
452	1224
453	999
453	1029
453	1143
453	1516
454	520
454	582
454	781
455	534
455	686
455	689
455	931
455	964
455	1372
455	1661
455	1731
456	586
456	639
456	681
456	1843
457	1184
458	1709
459	655
459	724
459	1463
460	692
460	764
460	1031
461	728
462	1032
462	1165
462	1691
462	1746
463	1235
463	1266
463	1270
463	1562
464	1311
464	1475
465	1122
465	1255
465	1307
465	1802
466	1746
466	1849
467	964
467	1460
467	1516
468	905
468	925
468	1040
468	1464
468	1865
469	559
469	603
469	1031
469	1353
469	1795
470	1673
471	1087
471	1319
471	1468
472	1409
472	1755
473	537
473	606
473	1575
474	983
474	988
475	551
475	823
475	967
475	1385
475	1507
475	1828
475	1840
476	1000
476	1306
477	1034
477	1635
477	1791
478	522
478	1196
479	942
479	1097
479	1469
479	1656
480	1088
481	922
482	1170
482	1395
482	1639
483	816
483	858
483	865
483	1241
484	550
484	812
484	1586
485	1287
486	828
486	967
486	1095
486	1188
486	1631
486	1745
487	527
487	626
487	679
487	1646
487	1820
488	587
488	862
488	1642
489	929
489	1189
489	1422
490	813
490	1277
490	1565
491	498
491	601
491	653
492	1288
493	611
493	1498
493	1823
494	1269
494	1635
495	859
495	1276
495	1293
495	1535
496	1685
496	1839
496	1896
497	913
497	1427
497	1758
498	695
498	711
499	1654
499	1881
500	981
501	783
501	1013
501	1108
501	1205
501	1260
502	1130
502	1198
502	1490
504	957
504	1403
504	1472
505	1608
506	604
506	1577
506	1830
506	1880
507	1007
507	1359
508	963
508	1216
508	1581
509	840
509	1014
509	1019
509	1203
510	1067
511	1010
511	1876
512	1342
515	551
515	1453
516	1064
516	1133
516	1354
518	726
518	762
518	1678
519	571
519	685
519	1096
519	1347
519	1500
519	1701
520	1122
520	1197
520	1506
521	741
521	792
521	812
521	1306
521	1314
521	1350
522	710
522	1514
523	716
523	1244
523	1340
523	1757
524	800
524	1621
524	1639
525	550
525	625
525	1246
526	996
526	1572
526	1775
526	1778
527	673
527	1422
528	774
529	636
529	687
529	955
529	1048
529	1191
529	1347
529	1381
529	1519
529	1759
530	722
530	1178
530	1675
531	640
531	831
531	1891
532	1779
532	1831
533	1452
534	629
534	671
534	1157
535	872
535	1071
535	1777
536	596
536	672
536	1583
537	622
537	750
537	793
538	942
538	1221
538	1415
539	674
539	1114
539	1180
539	1668
539	1869
541	1357
541	1411
542	579
542	621
542	798
542	920
542	1501
542	1510
543	1477
544	1112
544	1240
544	1258
544	1338
544	1497
545	824
545	1638
545	1696
546	776
546	785
546	1271
546	1589
546	1784
548	646
548	817
548	1399
550	800
551	559
551	700
551	1091
551	1827
552	690
552	1101
552	1353
552	1781
553	1411
554	790
554	1026
554	1798
555	680
555	955
555	1662
556	1645
556	1700
557	780
557	1107
557	1412
557	1849
558	823
558	1050
558	1564
558	1596
558	1607
558	1715
559	606
559	949
559	1783
559	1844
559	1853
560	656
560	1043
560	1172
560	1292
560	1445
560	1563
561	562
561	1678
561	1840
562	939
562	1131
562	1371
562	1632
562	1686
562	1896
563	682
563	1898
564	899
564	1268
565	1530
566	962
566	1267
566	1465
566	1538
567	796
567	1226
568	785
568	889
569	718
569	990
570	579
570	1025
570	1701
570	1757
571	701
571	985
571	1822
572	738
572	828
572	1040
572	1349
573	1332
573	1718
574	1287
575	1335
575	1685
576	821
576	1708
576	1848
577	1303
577	1670
578	1381
579	925
579	1237
579	1361
579	1583
579	1863
580	793
580	944
580	1536
581	699
581	792
581	1073
581	1851
582	857
582	1301
582	1881
583	681
583	771
583	960
583	1606
584	1403
585	996
586	602
586	871
586	1143
586	1675
587	1076
587	1251
587	1293
587	1315
587	1771
588	600
588	1105
588	1110
588	1440
588	1485
588	1690
589	965
589	1475
589	1720
590	941
590	1417
591	1173
591	1280
591	1823
592	888
592	1173
592	1379
592	1401
593	1837
594	778
594	1071
594	1367
595	855
595	1860
596	815
596	1045
596	1248
597	657
597	960
597	1158
597	1199
597	1415
597	1508
598	1400
599	915
599	1154
599	1402
599	1813
600	1204
600	1808
602	1011
602	1392
602	1848
603	1317
603	1357
603	1514
604	730
604	1753
605	1076
605	1860
607	940
607	1276
609	936
609	1588
610	773
610	1003
610	1503
611	1146
612	711
612	1591
613	625
613	1120
613	1179
613	1251
613	1408
613	1730
614	825
614	933
614	1314
614	1325
614	1390
614	1532
615	1232
615	1262
616	903
616	1151
616	1422
617	651
617	831
617	1821
618	667
618	1664
618	1771
618	1777
619	689
619	700
619	899
620	775
620	1164
620	1738
621	1024
621	1143
621	1812
622	1876
623	1712
624	1535
625	1824
626	1254
626	1342
626	1566
626	1879
627	858
627	1262
627	1266
627	1340
627	1854
628	1233
629	691
629	1102
629	1595
629	1893
630	846
630	945
630	1005
630	1674
630	1791
631	645
631	1279
631	1520
631	1837
632	725
632	865
632	906
633	1467
633	1534
633	1656
633	1779
633	1861
634	801
634	1298
634	1425
634	1491
634	1551
635	739
635	1061
636	670
637	688
637	1132
638	1084
639	688
639	1691
639	1790
640	682
640	709
640	841
640	908
640	1137
641	715
641	779
641	965
641	1065
641	1123
641	1179
641	1192
641	1258
643	818
643	847
644	1257
644	1358
644	1396
644	1712
645	885
645	1130
646	973
646	1261
646	1296
646	1776
647	716
647	1455
647	1625
647	1627
648	1269
648	1320
648	1329
648	1334
648	1431
648	1669
648	1692
648	1811
649	1484
650	1167
650	1741
650	1881
651	729
651	1886
652	1503
653	1490
653	1683
653	1768
654	1280
654	1429
654	1464
655	846
655	1165
656	1675
657	968
657	1106
657	1213
657	1335
658	1214
658	1232
658	1822
659	818
659	1132
659	1305
659	1747
660	1136
660	1568
661	1048
661	1363
661	1809
663	703
663	1165
663	1485
663	1748
663	1855
664	1016
664	1220
664	1366
664	1856
665	786
665	1289
665	1304
665	1410
665	1516
665	1574
666	1024
666	1343
666	1552
667	955
667	1062
668	677
668	1718
669	716
669	728
670	890
670	1034
670	1443
671	1482
671	1644
671	1877
672	1095
672	1118
672	1474
673	761
673	1180
673	1239
673	1550
673	1788
674	917
674	1055
674	1619
674	1851
675	825
675	1117
675	1122
675	1284
675	1889
676	738
676	823
676	853
676	1219
676	1324
677	1011
677	1692
677	1716
677	1752
678	998
678	1265
678	1705
679	811
679	926
679	1011
679	1122
679	1719
679	1832
680	1446
680	1799
681	945
681	1775
683	801
683	1068
684	843
684	997
685	998
685	1878
686	1350
687	795
687	898
687	1164
687	1399
687	1662
688	1075
688	1773
689	883
689	1012
689	1532
689	1753
690	712
690	1298
690	1529
690	1695
691	1258
691	1386
691	1794
692	787
692	1150
692	1322
692	1886
693	748
693	1279
693	1319
693	1636
693	1722
694	1352
695	957
695	1195
695	1449
695	1623
696	769
696	902
696	1869
698	1122
700	1578
701	958
701	1503
702	1129
702	1595
703	929
703	1058
703	1744
704	863
704	994
704	1720
705	993
706	1037
706	1079
706	1555
706	1758
707	1071
707	1230
707	1368
708	1309
708	1322
708	1392
709	1108
710	1108
710	1167
710	1224
710	1898
711	1234
711	1266
712	730
712	1622
712	1629
713	846
713	1580
713	1636
713	1697
713	1733
714	834
714	1836
716	1029
716	1192
716	1750
717	1737
717	1807
718	975
719	1269
719	1851
720	925
720	976
720	1361
721	760
721	1235
721	1674
721	1855
722	1177
723	949
723	1258
723	1812
724	1114
724	1240
726	1034
726	1280
726	1362
726	1614
727	1031
727	1521
727	1761
728	971
728	1810
729	837
729	954
729	1036
729	1143
729	1385
729	1475
729	1837
730	1156
731	1345
731	1781
731	1884
732	1245
733	1500
733	1678
734	985
734	1259
734	1708
735	1202
735	1299
735	1326
736	1122
736	1508
736	1519
736	1575
736	1801
737	1013
737	1811
738	1636
738	1812
739	816
739	1429
739	1531
740	1431
741	992
741	1190
741	1398
741	1576
741	1731
741	1867
742	1166
742	1203
742	1221
743	1469
743	1820
744	1406
745	959
745	1778
746	1152
746	1869
747	1467
748	784
748	1356
748	1447
749	1552
749	1645
750	1221
750	1248
751	916
751	1053
751	1502
752	1040
752	1468
752	1769
752	1785
753	957
753	1378
753	1381
754	1475
754	1526
755	1116
755	1472
755	1543
755	1729
756	828
756	1381
757	1172
757	1290
757	1415
758	1149
758	1283
759	892
759	969
759	1846
760	813
760	1082
760	1247
760	1326
760	1829
762	1652
762	1696
762	1879
763	1096
763	1290
763	1634
763	1791
764	1801
765	1515
765	1756
766	1306
766	1561
767	839
767	1401
767	1444
768	959
769	1195
769	1717
770	956
770	1250
771	1164
771	1466
771	1728
774	1375
774	1690
774	1801
775	806
775	1731
775	1876
776	1511
777	1205
777	1333
777	1459
777	1872
778	1326
778	1593
778	1689
780	815
780	880
780	1064
780	1226
781	983
782	1188
782	1330
782	1349
782	1461
782	1667
783	1237
783	1320
783	1686
783	1755
784	1186
785	994
785	1445
786	927
786	1044
786	1486
786	1874
788	926
789	970
789	1003
789	1086
789	1144
789	1436
789	1524
789	1617
789	1789
790	1000
792	1825
793	1045
793	1462
794	866
794	1577
794	1886
795	903
795	1256
795	1424
795	1460
795	1556
796	809
796	957
796	1247
796	1742
796	1807
796	1887
797	994
797	1187
797	1401
797	1448
798	1284
798	1412
798	1444
798	1460
798	1894
799	861
799	929
799	1550
799	1699
799	1895
800	1093
800	1241
800	1798
801	1387
801	1408
802	1042
802	1789
803	1354
803	1394
804	1721
805	990
805	993
805	1811
806	842
806	1137
806	1284
806	1751
807	1017
807	1310
808	1410
809	1105
809	1448
809	1542
810	1122
810	1189
810	1427
811	829
811	1089
811	1678
811	1717
812	975
812	1326
812	1894
813	1380
813	1858
814	1032
814	1451
814	1599
814	1862
816	1314
816	1434
816	1521
816	1621
816	1893
817	825
817	1339
817	1716
818	1062
819	998
819	1012
819	1493
820	1239
820	1394
820	1545
820	1889
822	1456
822	1791
822	1815
822	1864
823	1129
823	1709
823	1762
824	852
824	904
824	1429
825	1133
825	1556
826	1227
827	1223
828	1203
828	1382
828	1631
829	940
829	1209
829	1480
829	1750
830	891
831	1591
832	1109
833	1286
833	1665
834	915
834	980
834	1022
834	1176
834	1595
834	1843
834	1860
835	975
835	1257
835	1590
835	1824
836	1094
837	934
837	1734
838	1285
838	1350
839	1344
839	1464
839	1679
840	1224
840	1882
841	1024
841	1413
841	1460
841	1535
841	1594
842	1570
843	1111
843	1294
843	1610
844	1003
844	1636
844	1710
845	1009
845	1661
845	1697
846	1316
847	861
847	1135
847	1490
848	1208
848	1562
849	1028
849	1612
850	1085
850	1116
850	1345
850	1501
851	896
851	1387
851	1640
852	1210
853	901
853	960
853	1770
854	1020
854	1289
855	1115
856	875
856	1253
856	1594
856	1866
857	891
857	1214
858	1376
858	1783
859	878
859	1137
859	1303
860	1808
861	926
861	1072
861	1585
861	1669
862	961
862	1161
862	1242
862	1353
863	907
863	1186
864	1194
864	1627
864	1712
864	1886
865	1387
866	1878
866	1895
867	972
867	1001
867	1010
868	1185
868	1358
868	1744
869	1444
870	1195
870	1448
871	1268
871	1845
873	1603
874	901
874	1023
874	1426
875	1075
875	1350
875	1829
877	1863
878	1767
879	1122
879	1290
879	1714
880	1317
880	1489
881	883
881	948
881	1253
881	1717
882	959
882	1102
882	1699
883	1023
883	1366
883	1477
884	1038
884	1463
884	1562
886	1084
886	1868
887	1794
888	889
888	1119
888	1281
888	1578
888	1641
889	1296
889	1437
890	1665
891	1652
892	924
892	977
892	1563
893	960
893	1339
894	1773
895	1207
895	1374
895	1432
896	1163
896	1322
897	1234
897	1535
898	1634
899	1250
899	1363
899	1648
899	1785
899	1788
899	1843
900	1674
900	1896
901	933
901	1796
901	1894
902	1375
902	1512
904	1058
904	1438
904	1672
905	1520
905	1761
906	1066
906	1848
906	1869
907	1417
907	1530
908	1043
908	1343
909	1403
910	1639
911	1885
912	1071
912	1129
912	1495
912	1726
912	1782
914	1055
914	1243
914	1580
915	1744
915	1845
916	933
916	1085
916	1093
916	1204
917	1559
918	1378
918	1409
918	1474
919	1044
919	1461
920	937
920	1071
920	1148
922	970
922	1006
922	1063
922	1417
923	1001
923	1049
923	1333
923	1645
924	953
924	961
924	1004
924	1086
924	1601
924	1829
925	1001
925	1310
925	1642
925	1763
927	1373
927	1590
927	1685
927	1689
928	1278
928	1415
928	1892
929	958
929	1120
929	1397
930	954
930	1856
931	1253
931	1335
931	1715
931	1769
931	1838
931	1880
932	1205
932	1412
932	1852
933	1003
933	1490
933	1790
934	1315
934	1465
934	1526
934	1593
935	1028
935	1266
936	1595
937	960
937	1503
937	1791
937	1827
938	1293
939	1008
939	1699
940	1131
940	1465
941	1678
942	1174
942	1257
942	1751
943	1339
944	1069
944	1659
946	967
946	1252
947	1427
947	1617
948	1153
948	1650
948	1763
949	1468
950	1124
950	1550
950	1585
951	974
951	1108
952	1454
952	1752
953	1466
953	1471
953	1652
953	1688
954	1193
954	1521
954	1842
955	1153
955	1435
955	1447
957	1238
957	1529
957	1539
957	1583
957	1614
957	1772
957	1789
961	990
961	1012
961	1397
961	1777
962	1178
962	1182
962	1402
962	1639
962	1798
964	1215
964	1241
966	1062
967	1460
967	1649
968	1246
968	1578
968	1788
969	1138
969	1180
970	1669
970	1861
972	1012
973	1248
973	1844
974	1221
975	1885
977	1357
977	1416
977	1752
977	1782
979	1087
979	1206
979	1214
979	1440
979	1588
979	1645
980	1066
982	1055
982	1208
983	1079
983	1224
983	1663
984	1401
984	1570
984	1663
984	1722
984	1884
985	1486
986	1154
986	1415
986	1609
986	1713
986	1843
987	1300
987	1777
989	1002
989	1675
989	1744
990	1312
991	1638
993	1143
993	1178
993	1489
993	1897
994	1270
994	1428
994	1538
995	1005
996	1587
997	1836
998	1052
999	1163
999	1290
999	1323
1000	1188
1000	1898
1001	1077
1002	1803
1002	1898
1003	1238
1003	1251
1005	1235
1005	1668
1005	1750
1006	1257
1006	1643
1006	1760
1008	1090
1008	1367
1008	1605
1008	1607
1008	1758
1008	1845
1009	1165
1009	1730
1010	1051
1012	1242
1012	1492
1013	1807
1015	1617
1016	1415
1016	1502
1016	1592
1016	1856
1018	1306
1018	1413
1018	1632
1018	1753
1019	1245
1019	1260
1019	1376
1019	1595
1019	1691
1019	1733
1019	1824
1020	1745
1021	1092
1021	1399
1022	1132
1022	1370
1022	1553
1023	1144
1024	1104
1024	1499
1024	1836
1025	1295
1025	1482
1026	1228
1026	1324
1026	1671
1026	1855
1028	1658
1028	1759
1030	1571
1032	1050
1032	1282
1032	1358
1032	1554
1032	1571
1033	1872
1034	1587
1034	1821
1035	1123
1036	1623
1037	1187
1037	1263
1037	1834
1037	1840
1040	1222
1040	1564
1041	1174
1041	1242
1041	1331
1042	1124
1042	1304
1042	1311
1043	1107
1044	1316
1044	1357
1045	1123
1045	1137
1045	1357
1045	1370
1045	1835
1049	1888
1049	1897
1050	1141
1050	1182
1050	1201
1050	1542
1051	1245
1053	1298
1054	1465
1054	1555
1056	1131
1056	1182
1057	1318
1057	1744
1058	1090
1058	1278
1058	1558
1058	1758
1058	1767
1059	1672
1060	1371
1060	1594
1063	1156
1063	1349
1063	1889
1064	1319
1064	1733
1064	1810
1065	1073
1065	1098
1065	1371
1066	1485
1066	1652
1067	1338
1068	1385
1068	1570
1068	1883
1069	1665
1069	1691
1070	1614
1070	1652
1071	1352
1071	1417
1072	1288
1072	1412
1072	1507
1072	1527
1072	1663
1073	1273
1073	1632
1074	1533
1074	1567
1074	1683
1074	1706
1074	1892
1075	1364
1075	1562
1076	1104
1076	1756
1076	1809
1077	1312
1077	1487
1078	1084
1081	1355
1081	1764
1082	1124
1082	1633
1083	1291
1083	1709
1083	1841
1085	1300
1086	1151
1086	1440
1087	1168
1087	1219
1087	1525
1087	1837
1088	1515
1089	1211
1089	1526
1091	1373
1091	1664
1093	1892
1094	1138
1094	1266
1094	1687
1095	1269
1095	1288
1097	1777
1098	1296
1099	1422
1100	1230
1100	1390
1100	1462
1101	1787
1102	1662
1102	1783
1102	1864
1103	1708
1105	1379
1106	1524
1106	1747
1107	1255
1107	1538
1107	1646
1107	1709
1108	1617
1108	1791
1109	1516
1109	1537
1109	1723
1110	1458
1110	1576
1111	1514
1111	1586
1112	1291
1112	1553
1112	1635
1113	1214
1114	1381
1115	1221
1115	1634
1118	1640
1119	1448
1122	1274
1122	1372
1123	1211
1124	1127
1124	1165
1124	1700
1125	1537
1125	1568
1125	1852
1126	1253
1127	1343
1128	1218
1128	1899
1129	1462
1129	1516
1129	1628
1130	1255
1131	1708
1132	1657
1132	1770
1133	1229
1133	1563
1133	1635
1133	1656
1134	1289
1134	1858
1135	1206
1135	1682
1135	1799
1136	1149
1136	1166
1136	1621
1136	1769
1137	1292
1139	1650
1141	1381
1141	1417
1141	1579
1141	1688
1141	1716
1141	1786
1142	1300
1142	1593
1142	1831
1143	1588
1143	1735
1144	1614
1145	1211
1145	1247
1145	1565
1146	1369
1146	1520
1146	1894
1147	1190
1147	1716
1148	1287
1148	1320
1150	1805
1152	1245
1153	1339
1153	1472
1153	1532
1153	1886
1154	1567
1155	1565
1155	1632
1156	1760
1157	1426
1157	1430
1157	1670
1159	1864
1160	1394
1160	1551
1161	1614
1162	1390
1165	1170
1165	1855
1166	1311
1166	1463
1166	1644
1166	1757
1166	1790
1166	1811
1169	1254
1169	1335
1169	1765
1171	1714
1171	1772
1172	1246
1173	1485
1173	1673
1173	1696
1173	1864
1174	1338
1174	1847
1175	1218
1175	1327
1175	1490
1176	1442
1176	1566
1176	1658
1176	1668
1177	1396
1178	1725
1180	1473
1180	1662
1182	1756
1184	1276
1184	1432
1184	1839
1185	1613
1185	1799
1185	1850
1186	1550
1187	1215
1187	1750
1188	1604
1189	1692
1190	1343
1191	1386
1192	1415
1193	1215
1193	1339
1193	1780
1194	1767
1195	1253
1196	1229
1198	1470
1199	1697
1199	1875
1200	1560
1200	1591
1201	1260
1201	1348
1201	1850
1201	1863
1203	1702
1205	1635
1206	1250
1207	1720
1208	1548
1208	1728
1208	1815
1208	1875
1209	1319
1209	1855
1211	1346
1212	1501
1212	1593
1213	1251
1213	1406
1213	1692
1214	1560
1217	1292
1217	1303
1218	1564
1218	1609
1219	1518
1219	1881
1220	1858
1221	1351
1222	1540
1222	1650
1222	1652
1222	1661
1222	1832
1223	1453
1223	1505
1224	1772
1224	1830
1224	1862
1225	1250
1225	1805
1227	1495
1227	1821
1229	1682
1230	1640
1231	1577
1231	1815
1232	1612
1233	1544
1233	1827
1234	1711
1234	1744
1234	1770
1235	1444
1235	1666
1235	1793
1235	1822
1237	1897
1238	1449
1239	1260
1239	1320
1239	1407
1239	1441
1239	1861
1239	1897
1240	1243
1240	1245
1241	1739
1241	1784
1242	1246
1242	1507
1243	1343
1244	1554
1244	1607
1244	1788
1245	1853
1245	1893
1247	1287
1247	1617
1248	1863
1249	1427
1249	1680
1250	1748
1251	1322
1252	1332
1253	1550
1253	1559
1254	1269
1255	1839
1256	1315
1258	1385
1259	1261
1261	1616
1262	1440
1262	1898
1263	1565
1263	1666
1264	1304
1264	1704
1266	1347
1268	1289
1268	1801
1269	1485
1269	1492
1269	1587
1270	1786
1270	1836
1271	1317
1271	1398
1272	1797
1274	1619
1274	1892
1275	1640
1275	1813
1276	1814
1277	1424
1278	1450
1278	1789
1278	1800
1278	1885
1279	1630
1279	1651
1280	1391
1280	1420
1280	1478
1281	1394
1281	1683
1282	1751
1282	1765
1282	1810
1283	1607
1283	1815
1284	1377
1284	1520
1284	1807
1284	1880
1286	1486
1286	1753
1287	1867
1288	1402
1288	1584
1288	1844
1289	1531
1289	1666
1290	1481
1290	1747
1292	1759
1295	1428
1296	1540
1297	1377
1297	1810
1299	1450
1300	1418
1300	1671
1301	1432
1306	1817
1311	1732
1312	1569
1312	1694
1313	1339
1313	1352
1313	1467
1313	1795
1313	1828
1313	1886
1314	1415
1314	1431
1315	1718
1316	1565
1316	1670
1316	1765
1317	1405
1317	1530
1317	1598
1317	1637
1317	1728
1317	1867
1318	1507
1318	1515
1318	1579
1318	1703
1319	1395
1319	1421
1319	1431
1320	1414
1320	1511
1320	1556
1320	1562
1320	1766
1320	1800
1321	1720
1321	1852
1321	1897
1322	1463
1324	1486
1324	1508
1325	1353
1325	1518
1325	1892
1327	1771
1327	1855
1328	1471
1329	1388
1330	1456
1330	1882
1331	1441
1331	1729
1333	1739
1333	1786
1334	1586
1335	1435
1335	1469
1336	1620
1337	1367
1337	1493
1337	1559
1337	1847
1339	1796
1339	1822
1341	1552
1342	1457
1342	1640
1344	1446
1346	1871
1347	1409
1347	1477
1348	1424
1348	1669
1350	1690
1350	1854
1351	1776
1352	1702
1353	1387
1353	1646
1353	1726
1354	1824
1354	1852
1356	1615
1356	1858
1356	1886
1357	1419
1357	1796
1359	1759
1361	1484
1361	1630
1362	1885
1365	1680
1365	1782
1366	1716
1367	1736
1367	1760
1368	1415
1368	1857
1369	1606
1369	1690
1370	1598
1370	1779
1371	1596
1371	1696
1372	1392
1372	1632
1374	1650
1375	1521
1375	1727
1377	1625
1377	1669
1377	1709
1377	1716
1377	1745
1378	1705
1378	1819
1379	1755
1380	1520
1381	1593
1381	1668
1381	1756
1381	1895
1382	1463
1383	1724
1383	1762
1386	1664
1389	1574
1390	1489
1390	1562
1390	1568
1390	1650
1392	1394
1392	1796
1393	1842
1394	1513
1394	1815
1395	1726
1396	1807
1397	1848
1398	1413
1398	1568
1398	1685
1398	1701
1399	1582
1400	1470
1400	1566
1400	1646
1401	1600
1401	1634
1401	1649
1402	1832
1403	1419
1403	1820
1405	1523
1405	1605
1406	1602
1408	1759
1409	1727
1409	1742
1410	1445
1410	1619
1413	1430
1413	1492
1413	1527
1414	1887
1414	1890
1415	1679
1416	1512
1419	1809
1422	1673
1423	1600
1424	1580
1424	1619
1425	1828
1425	1884
1426	1449
1427	1761
1428	1634
1429	1432
1429	1513
1432	1722
1433	1684
1435	1524
1435	1655
1439	1669
1440	1714
1441	1790
1444	1665
1444	1694
1446	1683
1447	1802
1448	1460
1448	1761
1448	1770
1449	1566
1449	1692
1451	1757
1452	1612
1452	1806
1454	1536
1455	1778
1458	1565
1459	1688
1459	1782
1460	1711
1462	1647
1462	1858
1462	1873
1463	1567
1463	1608
1464	1683
1465	1482
1467	1890
1468	1470
1470	1510
1471	1835
1472	1770
1472	1841
1475	1546
1475	1587
1477	1685
1478	1804
1478	1876
1480	1798
1482	1495
1483	1593
1484	1599
1484	1879
1485	1812
1486	1621
1486	1623
1486	1628
1488	1726
1488	1811
1489	1726
1489	1748
1491	1751
1493	1683
1493	1791
1497	1723
1499	1524
1500	1724
1500	1883
1502	1869
1503	1817
1504	1847
1507	1698
1509	1870
1509	1897
1510	1854
1510	1865
1511	1523
1512	1874
1513	1519
1514	1729
1514	1861
1517	1748
1518	1728
1519	1531
1519	1556
1519	1742
1520	1702
1521	1886
1523	1599
1523	1859
1524	1609
1526	1784
1526	1888
1527	1684
1528	1872
1529	1763
1532	1727
1532	1896
1533	1858
1534	1720
1535	1601
1537	1620
1537	1666
1539	1684
1539	1747
1539	1792
1540	1895
1542	1619
1543	1862
1544	1557
1545	1645
1547	1766
1547	1879
1549	1655
1550	1707
1551	1822
1552	1562
1553	1895
1554	1595
1556	1690
1559	1804
1562	1726
1563	1769
1565	1568
1565	1660
1567	1653
1570	1883
1572	1652
1574	1593
1576	1581
1576	1728
1577	1579
1579	1743
1580	1897
1581	1649
1585	1890
1586	1597
1587	1597
1587	1802
1589	1724
1589	1784
1590	1844
1591	1819
1593	1667
1593	1796
1594	1662
1594	1852
1596	1650
1597	1609
1598	1705
1599	1618
1599	1835
1607	1688
1610	1796
1612	1895
1614	1677
1614	1736
1615	1644
1615	1872
1616	1626
1617	1739
1619	1879
1623	1653
1623	1678
1623	1727
1623	1801
1625	1720
1625	1721
1625	1826
1626	1847
1629	1720
1630	1667
1630	1860
1635	1757
1641	1782
1641	1883
1645	1857
1645	1882
1646	1753
1652	1757
1653	1790
1654	1821
1655	1672
1656	1816
1659	1797
1661	1705
1662	1680
1666	1854
1668	1835
1671	1739
1672	1691
1675	1882
1676	1681
1677	1678
1678	1815
1680	1712
1681	1710
1682	1744
1685	1691
1689	1740
1689	1897
1691	1758
1695	1824
1696	1774
1696	1834
1696	1877
1696	1889
1700	1710
1703	1749
1708	1783
1711	1759
1712	1781
1714	1781
1718	1798
1721	1728
1721	1796
1722	1750
1723	1747
1726	1753
1726	1831
1726	1890
1729	1774
1731	1778
1732	1800
1734	1866
1735	1768
1737	1881
1742	1847
1752	1761
1753	1884
1755	1885
1769	1775
1769	1789
1769	1851
1769	1876
1773	1834
1773	1849
1781	1808
1781	1848
1783	1822
1791	1899
1793	1832
1797	1812
1801	1853
1814	1849
1818	1858
1827	1870
1834	1881
1845	1885
1867	1870
1880	1882