0	92
0	111
0	241
0	333
0	709
1	5
1	160
1	342
1	372
1	638
1	1168
2	143
2	528
2	768
2	1063
3	209
3	332
3	335
3	497
3	692
4	58
4	389
4	390
5	346
5	932
5	1027
5	1135
6	312
6	486
6	814
6	837
6	890
7	604
7	725
8	766
8	872
8	989
8	1060
8	1092
9	123
9	135
9	172
9	394
9	427
9	579
9	791
10	66
10	200
10	267
10	337
10	552
11	1141
12	251
12	291
12	815
12	834
12	880
13	146
13	517
13	612
13	711
13	951
13	1031
14	38
14	380
14	925
15	496
15	706
16	145
16	354
16	697
16	716
16	751
16	826
16	931
17	262
17	352
17	762
17	1071
17	1134
17	1167
18	339
18	352
18	652
19	31
19	104
19	223
19	449
19	453
19	602
19	627
19	683
20	208
20	384
20	412
20	721
20	739
20	750
20	795
21	203
21	348
21	594
21	687
22	332
22	621
22	827
22	830
22	969
23	789
23	896
23	1018
24	68
24	395
25	152
25	467
25	553
25	1143
25	1189
26	119
26	282
26	326
26	499
26	921
26	1079
27	287
27	543
27	752
27	773
27	794
28	378
28	565
28	792
29	142
29	233
29	271
29	353
29	449
29	989
30	52
30	207
30	748
31	75
31	576
31	647
31	902
31	957
32	70
32	300
32	523
32	1157
33	504
33	701
33	926
33	961
34	790
35	75
35	84
35	86
35	146
35	539
35	575
35	619
35	1130
36	961
36	1085
37	512
37	1170
38	173
38	253
38	306
38	611
38	772
38	781
38	807
39	218
39	838
39	932
39	992
40	57
40	399
40	791
40	1196
41	210
41	938
42	142
42	555
43	492
43	613
43	807
43	1070
43	1142
44	120
44	341
44	823
44	898
44	966
45	171
45	373
45	433
45	450
45	844
45	890
45	1008
45	1168
46	409
46	875
46	901
47	949
48	934
48	1087
49	105
49	663
49	939
49	1016
49	1155
50	321
50	427
50	758
50	1137
51	117
51	156
51	187
51	1082
52	63
52	414
52	469
52	508
52	625
52	964
53	404
53	822
53	902
53	1047
54	475
54	510
54	515
54	986
54	1009
54	1108
55	57
55	107
55	405
55	410
55	967
55	1118
56	124
56	435
56	980
56	1070
57	215
57	253
57	552
58	358
58	575
59	94
59	447
60	867
60	1002
61	566
61	744
62	187
62	406
62	671
63	162
63	465
64	160
64	388
64	601
64	929
64	931
65	158
65	1123
67	79
67	130
67	513
67	770
67	847
67	1167
68	412
68	866
68	919
68	1058
69	232
69	732
69	988
69	1098
69	1102
70	157
70	583
70	740
70	1051
71	1116
72	299
72	653
73	95
73	495
73	594
73	708
74	868
74	1139
75	482
75	976
75	1045
76	484
76	903
77	372
77	506
77	849
78	564
78	580
78	661
78	1009
79	244
79	425
79	620
79	1066
80	465
80	473
80	513
80	524
80	947
80	1010
80	1021
81	695
81	784
81	815
81	970
81	1081
82	198
82	862
82	1138
83	478
83	643
84	101
84	106
84	794
85	687
85	1155
87	651
87	882
88	96
88	662
89	188
89	357
89	855
89	1002
90	543
90	1174
91	277
91	980
91	1011
91	1152
91	1155
92	553
92	862
92	905
92	1155
93	322
93	1062
94	211
94	226
94	423
94	858
95	210
95	498
95	696
96	380
96	444
96	483
96	689
96	927
96	942
96	962
96	1053
97	225
97	290
97	754
97	1000
98	245
98	412
98	559
98	574
98	618
99	175
99	419
99	877
100	413
100	426
100	865
101	593
101	846
102	116
102	477
102	539
102	720
102	1008
102	1092
103	381
103	499
103	763
103	835
103	869
104	227
104	239
104	359
104	810
104	889
104	1006
106	159
106	319
106	621
106	674
106	830
106	904
106	951
106	1115
106	1185
107	125
107	550
107	693
107	885
107	908
107	960
107	1165
108	154
108	162
108	311
108	376
108	872
108	1028
109	572
109	1134
110	1007
110	1057
110	1138
111	195
111	670
111	843
111	1097
111	1162
112	122
112	255
112	614
112	622
112	689
112	761
112	782
112	841
112	1108
113	1007
114	545
114	663
114	665
114	678
114	924
115	269
115	372
115	403
115	771
115	938
115	1099
116	271
116	364
116	476
117	398
117	460
117	1048
118	214
118	442
118	749
118	751
118	1051
119	124
119	570
119	603
120	257
120	336
120	671
120	741
120	858
120	1085
121	954
122	346
122	721
122	873
123	187
123	315
123	410
123	839
123	892
123	1038
124	132
124	573
124	748
124	749
124	908
124	1176
125	295
125	454
125	646
125	835
125	1030
126	331
126	407
126	492
126	652
126	806
126	814
126	1102
127	546
127	816
128	410
129	369
129	433
129	436
129	443
129	626
129	738
129	963
129	1120
130	1098
131	819
131	987
132	751
133	292
133	762
133	844
133	1025
133	1042
134	173
134	210
134	323
134	605
134	996
134	1098
135	624
135	1122
136	229
136	1002
136	1154
137	257
137	601
137	1030
138	282
138	469
138	581
138	665
138	697
138	926
139	515
139	698
139	925
139	969
140	202
140	344
140	1062
141	379
141	510
141	651
141	1085
141	1158
142	293
142	830
143	441
143	818
143	1013
143	1040
144	467
144	540
144	659
145	203
145	503
145	595
145	845
146	347
146	397
146	402
146	635
146	988
147	448
147	622
148	1183
149	706
149	806
150	669
150	692
150	788
150	841
151	191
151	1125
152	584
152	687
152	794
152	869
153	487
153	731
153	1145
154	219
154	308
154	395
154	745
154	838
154	945
155	163
155	493
155	805
155	923
155	992
155	1139
156	222
157	324
157	447
157	546
157	703
157	792
157	955
157	1017
158	947
158	1101
159	223
159	232
159	606
159	723
159	903
160	210
160	442
160	482
160	781
161	162
161	229
161	291
161	437
161	965
162	542
162	774
163	308
163	671
164	397
164	452
164	786
164	917
165	288
166	187
166	207
166	785
166	813
167	695
167	1145
168	269
169	986
170	884
171	297
171	658
171	753
171	981
171	1199
172	616
172	1069
173	731
173	1109
174	1018
174	1182
174	1187
175	801
176	1068
177	199
177	202
177	417
177	623
177	760
177	886
177	1055
178	532
178	753
178	898
179	188
179	486
179	874
179	1179
180	294
180	550
180	1016
181	208
181	278
181	514
181	676
182	556
182	957
182	989
182	1003
183	459
183	937
184	218
184	796
184	1076
185	257
185	287
185	894
186	470
186	578
186	1024
187	616
187	726
187	1176
188	205
188	421
188	657
188	887
188	986
189	383
189	936
189	1089
190	222
190	323
190	360
190	438
190	926
190	934
190	1102
191	193
191	788
191	974
191	1133
192	271
192	293
192	664
192	850
192	984
192	1024
193	1044
193	1176
194	946
195	888
195	968
195	993
196	202
196	650
196	1052
197	294
197	346
197	420
199	245
199	310
199	430
199	553
200	416
200	465
200	512
200	526
200	1092
201	225
201	472
201	482
201	495
201	805
202	1136
203	289
203	904
203	980
203	1036
203	1051
204	215
204	251
204	747
205	486
205	646
206	496
206	764
206	950
206	1172
208	217
208	235
208	648
208	1023
208	1133
209	544
209	997
209	1143
209	1146
210	216
210	412
210	545
210	585
210	745
210	915
210	985
211	415
211	553
211	997
212	242
212	518
212	625
212	920
212	940
212	1060
213	1096
214	462
214	699
214	734
215	653
215	858
215	893
215	901
215	920
215	1145
216	264
216	509
216	862
216	981
217	333
217	891
217	957
217	985
217	1173
218	509
218	741
218	1042
219	1082
220	838
221	491
222	1030
223	404
223	653
223	938
224	389
224	652
224	786
224	835
225	623
225	1074
225	1090
226	282
226	336
226	343
226	460
226	638
226	650
226	768
227	395
227	438
227	680
227	876
228	559
228	652
228	774
228	840
228	1088
228	1192
229	447
229	777
230	262
230	441
230	497
230	959
230	1072
231	417
231	771
232	740
232	1104
233	502
233	523
233	543
233	593
233	683
233	861
233	882
233	926
233	936
233	1049
234	317
234	523
234	647
234	949
234	1128
235	467
235	673
235	786
235	889
236	586
237	646
237	803
237	1070
238	946
239	1176
240	336
240	458
240	712
240	966
240	1031
240	1065
240	1138
241	911
242	428
242	531
242	610
242	634
242	1095
243	972
244	316
244	544
244	767
245	536
245	1080
245	1179
246	1102
246	1137
246	1159
247	382
247	391
248	870
248	1054
249	512
249	953
250	1021
250	1164
251	1199
252	671
253	508
253	848
253	907
253	916
254	374
255	482
255	563
255	767
255	933
255	994
256	514
256	560
256	681
256	716
256	732
256	971
257	633
257	1129
257	1174
258	555
258	594
258	1198
259	761
260	420
260	535
261	766
262	430
262	828
262	978
262	1021
263	746
263	859
263	952
263	953
263	1058
264	1020
264	1021
265	277
265	315
265	671
265	880
266	443
266	1144
266	1150
267	306
267	1021
267	1086
267	1140
267	1148
267	1197
268	287
268	373
268	416
268	761
269	501
269	1154
270	485
270	888
271	469
271	522
271	1072
271	1099
271	1105
271	1156
272	388
272	905
272	951
273	351
273	573
273	834
273	853
273	993
273	1056
273	1080
273	1094
274	387
274	615
274	982
275	767
275	790
276	641
277	372
277	525
277	607
277	1198
278	584
278	879
278	913
278	990
278	1160
279	436
279	769
279	1026
279	1182
279	1184
280	586
281	763
281	802
281	865
281	1047
282	309
282	1186
283	473
283	592
283	602
283	663
283	925
283	1010
283	1106
284	462
284	787
284	1015
285	569
285	629
286	400
286	571
286	699
286	722
286	817
287	1187
288	693
288	712
288	862
288	981
288	1029
289	745
289	992
289	1111
291	323
292	1089
293	851
293	1043
293	1141
293	1156
294	499
294	511
294	646
295	493
295	965
296	332
296	338
296	561
296	605
296	1052
297	480
297	501
297	1027
297	1181
298	686
298	712
298	915
299	346
299	523
299	542
299	576
299	831
299	862
300	480
300	511
300	545
300	546
301	426
301	709
302	686
302	715
302	817
302	957
302	1058
303	308
303	400
303	410
303	593
303	813
304	369
304	771
305	874
305	894
305	897
306	382
306	393
306	617
306	632
306	727
306	986
306	1050
306	1054
306	1094
307	430
307	779
307	1016
308	484
308	908
308	1058
308	1141
308	1143
309	451
309	476
309	688
310	435
310	481
310	516
310	631
310	660
310	850
310	951
311	433
311	939
311	964
312	618
312	659
312	930
313	356
313	420
313	737
313	1129
314	1054
316	345
316	1000
316	1004
316	1106
317	481
317	669
317	761
317	769
317	946
317	948
318	1034
319	704
319	1047
320	1186
321	429
321	505
321	739
322	492
322	505
322	1196
323	856
323	933
323	962
324	350
324	653
324	882
324	912
325	394
325	652
325	699
325	922
326	382
326	679
326	951
326	980
326	1082
327	502
327	561
327	578
327	822
327	920
327	1074
327	1092
328	559
329	989
330	413
330	703
330	981
330	995
330	1031
330	1084
331	434
331	716
331	738
332	368
332	962
332	1096
332	1191
333	748
333	1021
334	515
335	504
335	754
335	873
335	889
336	503
336	814
336	825
336	1113
336	1152
336	1165
337	567
337	739
338	549
338	982
338	1043
338	1182
339	468
339	833
339	982
339	1025
339	1146
340	899
340	931
341	359
341	517
341	988
342	851
343	556
343	850
343	993
344	660
344	751
344	775
344	828
345	489
345	510
345	605
345	1013
346	747
346	752
346	893
347	1199
348	362
348	388
348	768
348	874
348	921
349	499
349	529
349	916
351	738
351	812
351	991
351	1155
352	799
352	1006
352	1096
353	435
353	979
353	1056
353	1061
354	402
354	658
355	676
355	785
355	969
355	981
356	566
356	575
356	631
356	908
356	1081
357	526
357	732
358	1058
359	598
359	985
359	1197
360	368
360	784
360	793
360	993
361	377
361	864
361	1098
362	690
362	714
363	1015
363	1046
363	1125
364	495
364	1175
365	402
365	500
365	1041
366	567
366	696
367	379
368	795
368	796
368	909
368	1099
369	499
369	1044
369	1080
369	1180
370	444
370	677
371	520
371	542
371	746
371	896
371	1178
372	1035
372	1178
373	641
373	885
374	771
375	891
376	377
376	428
376	481
376	979
377	601
377	1071
377	1116
378	386
378	574
378	1152
378	1173
379	1048
380	507
381	636
381	648
381	922
381	1022
381	1035
381	1125
382	700
382	863
382	908
383	456
384	490
384	693
385	913
385	1194
386	706
387	405
387	830
388	440
388	817
388	1073
389	630
389	1075
389	1109
390	731
390	1069
390	1194
391	517
391	542
391	607
391	613
391	750
391	802
392	1070
392	1084
392	1105
393	586
394	521
394	604
394	700
394	974
395	532
395	1149
396	496
397	860
397	879
397	969
397	990
397	1105
398	961
399	404
399	577
401	486
401	825
401	937
401	1126
402	569
402	990
402	1059
403	828
404	607
404	638
404	822
404	1022
404	1168
404	1173
405	507
405	597
405	682
405	819
405	1060
406	842
406	1189
407	481
407	541
407	550
407	617
407	1164
408	803
409	783
410	716
410	717
411	805
411	844
411	997
412	472
412	624
412	837
412	1031
412	1134
413	446
413	573
413	785
413	905
413	953
414	666
414	752
415	603
415	828
415	867
416	548
416	582
416	794
416	1011
416	1074
416	1146
417	537
417	605
417	834
418	620
419	478
419	492
419	581
419	804
419	836
420	572
420	699
420	978
420	1172
421	654
421	1081
422	511
422	608
422	853
422	1050
422	1183
423	507
423	1114
424	431
424	491
424	1012
424	1152
425	663
425	826
425	931
426	740
426	1020
426	1074
427	517
427	583
428	560
428	714
428	800
428	901
428	1055
429	634
429	865
429	866
429	1195
430	547
430	684
430	730
430	760
431	523
431	604
431	768
431	1094
431	1096
431	1135
432	452
433	607
433	976
433	1018
433	1133
434	619
434	704
434	712
434	809
434	945
434	1060
435	630
436	731
436	749
436	846
437	554
437	1000
438	490
438	556
438	726
438	833
438	900
439	960
439	1045
439	1084
440	738
440	742
440	1076
441	463
441	784
441	862
442	445
442	517
442	637
443	578
443	712
443	732
443	889
444	621
445	476
445	811
445	850
445	899
445	1068
446	530
449	852
449	894
449	964
450	532
450	717
450	1069
450	1116
450	1165
451	508
451	685
453	600
453	860
453	1000
453	1039
455	468
455	721
456	611
456	1023
457	890
459	697
459	1120
459	1145
460	461
460	466
460	472
460	515
461	563
461	794
462	593
462	594
462	1197
463	661
463	775
463	1025
464	873
464	1150
465	616
465	681
465	922
466	984
466	1184
467	729
467	773
468	494
468	655
468	806
468	1061
468	1159
469	653
469	1023
470	910
471	580
471	637
473	832
474	832
474	847
474	925
475	572
475	940
475	1153
477	505
477	595
477	714
477	1182
478	724
478	906
479	790
479	907
480	533
480	660
480	696
480	826
481	797
481	847
481	1158
483	908
484	626
484	854
484	922
484	1099
485	609
485	650
485	777
485	913
485	1053
485	1160
486	572
486	975
487	614
487	646
487	651
487	1085
488	688
488	725
488	741
488	785
488	835
489	849
489	951
490	892
490	1135
491	864
491	1036
492	610
492	695
493	1033
494	900
495	1048
496	755
496	784
499	517
499	702
499	1084
499	1110
499	1177
500	652
501	602
501	1025
502	867
503	713
504	704
504	892
505	602
505	761
505	846
505	1111
506	528
509	793
510	555
510	607
510	1000
511	551
511	556
511	733
512	541
513	556
513	1126
514	752
514	876
514	1072
516	580
516	609
518	794
518	1022
518	1188
519	1190
520	527
520	685
520	1159
521	596
521	601
521	603
521	904
522	897
522	1015
522	1057
522	1164
523	573
523	720
524	689
524	826
524	1096
524	1117
525	699
525	742
525	772
525	834
525	864
526	906
526	992
526	1144
527	530
527	565
527	622
528	1036
529	553
529	689
529	870
529	910
529	978
530	856
531	885
531	1019
532	869
532	1029
532	1107
533	557
533	680
533	711
533	985
534	643
534	743
534	897
534	977
534	1053
534	1079
535	1168
536	640
536	652
536	1025
536	1126
536	1182
536	1197
537	856
537	1181
538	719
538	780
538	1138
539	1075
540	712
540	720
540	984
540	1098
541	779
542	832
542	868
543	735
543	769
543	846
543	847
544	690
544	710
544	913
544	956
545	821
545	1151
546	739
546	1191
548	890
548	1138
549	710
549	798
549	948
549	960
550	736
550	959
550	1115
551	1126
553	811
553	993
554	749
555	648
556	705
556	800
557	1069
557	1158
558	888
559	621
559	991
559	1064
560	654
560	830
560	850
561	644
561	661
561	1053
562	584
562	671
562	723
562	792
563	827
563	958
563	1197
564	934
566	587
567	962
568	898
568	916
568	1164
569	993
569	994
570	686
570	701
570	877
571	1038
571	1072
571	1092
571	1100
572	804
572	867
573	772
574	773
574	914
574	1068
576	591
576	650
576	835
576	961
576	1155
577	977
577	1174
578	840
578	868
580	666
580	1127
580	1143
581	1028
582	638
582	946
583	1157
584	598
584	1040
585	596
586	717
586	835
586	1043
588	896
588	1028
589	620
589	771
590	774
590	998
590	1154
590	1178
591	756
591	761
591	840
592	658
592	724
592	763
592	860
592	1075
593	775
596	731
596	779
596	1158
597	640
597	943
599	891
599	942
600	609
600	938
601	837
601	963
601	1036
602	694
602	1020
602	1057
603	953
603	1096
604	725
605	631
605	691
605	722
605	1173
607	818
608	1008
610	676
610	818
611	822
613	679
613	739
613	908
614	709
614	836
614	1025
614	1109
614	1115
615	725
615	1148
616	856
616	1086
618	668
618	1147
619	718
619	822
619	833
619	968
620	1098
621	1049
622	1016
622	1023
622	1050
623	1178
624	658
624	1172
625	638
625	684
626	871
626	890
626	1025
626	1090
628	748
628	1162
629	1016
630	1040
631	737
631	871
631	963
632	953
632	1005
632	1141
633	807
633	1153
633	1193
635	789
635	825
636	1113
637	645
637	1075
638	714
639	986
639	1092
639	1167
640	733
641	790
641	956
642	849
642	1184
644	684
644	764
644	914
644	1023
644	1084
646	997
648	1172
649	873
649	978
650	906
650	1038
651	679
651	1004
651	1176
652	815
652	958
652	1000
652	1007
652	1045
652	1138
653	902
653	909
655	1020
656	703
657	791
657	878
657	1178
658	776
660	844
660	847
660	1124
661	865
662	1103
664	856
664	868
665	750
665	929
666	963
666	1012
667	1109
669	931
669	966
669	1002
669	1124
670	741
670	840
670	1164
671	695
671	924
672	784
672	1087
672	1174
673	675
673	809
674	704
674	767
674	1060
674	1085
674	1199
676	898
679	719
679	785
679	985
681	796
683	812
683	885
684	851
684	1029
686	737
686	1009
687	702
687	706
687	708
687	1186
688	926
688	963
688	989
688	1134
689	898
691	701
691	762
691	878
691	1101
693	782
693	1159
695	915
695	985
695	1121
696	701
696	757
696	1182
697	777
697	1137
698	897
700	956
702	796
703	1084
704	961
704	1035
704	1171
705	715
705	827
705	1047
705	1150
705	1169
706	989
707	1186
708	816
708	846
708	927
708	935
709	935
709	1111
709	1166
710	784
710	843
710	907
710	952
711	805
711	923
713	762
713	801
713	867
713	952
714	948
714	1178
715	1034
716	1063
716	1104
716	1105
716	1152
717	1086
718	1070
719	930
720	794
720	849
721	921
721	1080
722	1049
723	1106
723	1136
724	921
724	1132
724	1152
725	743
726	864
726	1008
726	1139
727	845
727	1102
728	843
728	1161
729	1064
730	930
730	1182
731	876
731	1042
731	1181
732	761
732	766
732	893
732	1041
732	1069
734	1051
734	1125
735	1062
736	823
737	940
737	1059
738	868
738	1064
739	889
740	1047
740	1105
741	888
741	956
741	1126
742	970
742	981
743	1131
744	891
744	909
745	921
745	1012
746	806
747	905
747	1098
747	1121
748	850
748	928
748	1041
748	1064
748	1156
748	1173
749	1166
749	1181
750	961
752	1053
752	1113
752	1141
753	826
753	952
755	929
759	854
759	1164
760	778
761	1099
762	843
762	876
762	980
762	1094
762	1158
764	783
764	1091
764	1139
765	850
766	817
766	1056
767	1120
767	1148
769	1104
770	813
770	820
770	1197
771	1137
773	833
773	930
776	1013
777	1053
778	789
779	1008
780	908
782	830
784	891
784	908
784	1070
785	866
785	974
786	1071
789	1066
790	828
792	1198
793	1040
794	887
794	951
794	1106
795	800
795	804
795	918
796	862
796	1146
797	1033
798	1051
798	1197
799	1140
800	918
800	978
800	1009
801	826
801	943
801	1111
801	1122
801	1148
802	1176
803	1162
805	849
807	863
808	890
808	1017
808	1163
809	866
809	983
811	834
811	941
811	1164
812	828
812	1089
815	1028
815	1078
815	1127
816	879
817	898
817	1032
817	1189
818	939
820	1119
820	1166
822	866
823	830
824	999
824	1081
826	1026
826	1095
826	1187
827	879
827	926
828	1187
829	898
829	911
831	898
832	1166
834	847
835	1078
836	888
837	839
838	844
839	885
839	889
840	943
840	960
841	1002
841	1031
842	863
842	1119
842	1171
843	1032
844	943
844	1141
845	877
846	859
846	1143
846	1187
847	956
848	855
848	1058
848	1064
848	1066
851	1191
852	985
852	1070
852	1077
854	946
854	1099
854	1151
855	1077
855	1182
857	919
858	1041
859	986
859	1039
859	1074
859	1084
860	1021
861	1131
861	1169
862	876
862	1032
864	987
864	1061
865	890
866	1162
868	871
868	893
870	897
870	942
870	961
870	1001
871	1091
873	894
875	883
876	1090
879	990
879	1046
879	1057
879	1191
881	973
881	1066
882	894
884	1035
884	1135
885	943
885	1140
887	1106
889	970
891	1006
892	1068
894	1046
895	940
895	1159
896	1120
896	1122
896	1165
898	934
900	1170
901	915
901	1178
902	963
902	1158
903	971
903	1046
904	934
904	1007
905	914
905	959
907	1125
908	1043
909	1064
910	1110
913	985
915	987
916	1019
916	1099
916	1126
917	1032
920	981
920	1095
923	941
924	1137
926	982
927	939
927	958
927	1111
929	1198
932	1196
933	1138
934	1011
937	1170
939	954
939	1180
939	1198
942	1025
942	1127
944	1046
947	952
947	1013
949	1145
952	969
952	1105
953	1112
957	1004
958	1192
959	1149
960	1166
960	1171
961	1190
962	1094
967	1063
968	1053
968	1089
974	1025
976	1076
981	1171
984	1005
985	1063
985	1099
985	1178
986	1065
988	1093
989	1166
990	1098
991	1031
992	993
993	1108
994	1147
995	1150
996	1157
997	1134
999	1014
999	1092
1002	1190
1005	1160
1009	1036
1010	1152
1010	1177
1015	1147
1016	1030
1016	1051
1016	1163
1017	1192
1019	1184
1024	1080
1024	1182
1028	1033
1029	1047
1032	1196
1035	1141
1035	1142
1037	1137
1037	1165
1039	1171
1044	1071
1044	1081
1046	1168
1047	1098
1051	1191
1051	1195
1055	1143
1060	1102
1063	1172
1065	1169
1067	1156
1069	1071
1070	1102
1071	1075
1073	1189
1075	1134
1078	1081
1083	1134
1085	1119
1085	1140
1090	1094
1090	1099
1098	1180
1098	1195
1100	1135
1100	1168
1101	1114
1102	1193
1103	1149
1109	1172
1119	1167
1122	1164
1122	1173
1142	1147
1147	1178
1147	1192
1175	1191