0	271
0	400
0	885
0	937
1	290
1	446
1	1005
2	552
2	862
2	882
2	911
2	1129
3	86
3	1019
4	143
4	494
4	508
4	590
4	635
4	884
4	987
4	1186
5	9
5	416
5	846
5	882
5	1104
6	564
6	597
7	563
7	626
8	711
8	839
9	81
9	107
9	638
10	807
11	139
11	216
11	867
11	899
11	1093
11	1149
12	195
12	417
12	645
12	1051
12	1115
13	636
13	836
13	947
13	1192
14	1010
14	1109
15	108
15	211
15	646
15	882
15	1142
16	303
16	351
16	421
17	309
17	913
18	239
19	70
19	626
19	751
20	223
20	225
20	376
20	628
20	732
20	923
21	135
21	646
21	1165
22	695
22	708
22	940
22	963
22	991
23	698
23	846
23	887
24	156
24	468
24	633
24	712
24	900
25	232
25	370
25	419
25	447
25	832
25	846
25	908
26	34
26	565
26	659
26	781
26	1011
27	85
27	168
27	793
27	869
27	1066
27	1077
28	595
29	84
29	333
29	584
29	1190
30	509
30	734
31	81
31	85
31	158
31	353
32	351
32	711
32	724
33	748
33	893
33	895
33	921
33	929
34	183
34	217
34	265
34	369
34	997
35	509
35	615
35	1037
36	546
36	720
37	461
37	753
37	851
38	105
38	705
38	846
38	918
38	953
38	972
39	105
40	144
40	427
40	639
40	911
41	420
42	120
42	157
43	366
43	767
43	806
43	889
44	572
44	732
44	815
44	1043
44	1183
45	812
45	927
46	66
46	519
46	539
46	579
47	52
47	93
47	399
47	927
47	1159
48	85
48	87
48	582
48	680
48	1140
49	111
49	766
50	180
50	442
50	449
50	834
50	917
51	145
51	151
51	159
51	229
51	1162
52	306
52	585
52	613
52	1142
53	106
53	139
53	676
53	853
53	1129
54	304
54	312
54	584
54	953
55	244
55	304
55	372
55	558
55	587
55	679
56	294
56	310
56	514
56	666
56	709
56	1197
57	793
57	955
57	983
57	1019
58	129
58	147
58	857
58	1057
59	116
59	582
59	1061
60	219
60	318
60	330
60	453
60	623
61	89
61	443
61	470
61	1029
62	111
62	971
62	1034
63	420
63	472
63	699
63	1111
64	228
65	440
65	964
66	150
66	680
66	762
66	878
66	991
66	1192
67	172
67	365
67	865
67	1150
68	343
68	825
69	192
69	477
69	793
69	1085
70	345
70	389
70	528
70	532
70	548
71	386
71	523
71	627
71	843
72	207
72	290
72	593
72	719
72	870
73	654
73	838
73	907
73	1076
73	1104
73	1106
74	442
74	619
74	956
74	1044
75	192
75	556
75	775
75	1160
76	259
77	844
78	650
78	758
79	248
79	387
79	758
80	579
80	662
80	735
80	831
80	1092
80	1198
81	400
81	429
81	470
81	665
81	702
81	1147
82	276
82	573
82	902
83	119
83	147
83	746
83	931
83	985
83	1116
84	143
84	181
84	575
85	123
85	911
86	91
86	121
86	216
86	462
86	520
86	709
86	729
86	1180
87	225
87	309
87	877
87	943
88	212
88	586
88	894
88	999
89	341
89	700
89	833
89	982
89	1017
90	115
90	749
90	1068
91	911
92	999
92	1053
92	1160
93	771
93	810
93	1137
94	504
94	780
95	213
95	314
96	367
96	406
96	642
96	918
97	100
97	388
97	408
97	742
97	888
98	472
98	511
98	528
98	546
98	938
98	953
98	1156
99	206
99	947
99	1023
99	1137
100	679
100	797
100	851
101	155
101	501
101	688
101	710
101	749
102	168
102	550
102	802
102	835
102	840
102	901
102	920
102	1066
103	279
103	689
103	950
103	1119
104	198
104	703
104	735
104	749
104	1066
105	260
105	274
105	496
105	531
105	949
105	1034
106	118
106	650
107	320
107	434
107	1153
108	206
108	778
109	347
109	964
109	1010
110	591
110	674
110	842
111	459
111	555
111	930
111	1041
111	1136
112	141
112	715
112	774
113	287
113	1023
114	154
114	433
114	605
115	748
115	860
115	1007
116	281
116	376
116	404
116	702
117	451
118	373
118	745
118	835
118	1035
119	258
119	320
119	327
119	1018
120	313
120	578
120	905
121	768
121	1170
122	338
122	635
123	185
123	588
124	172
124	178
124	298
124	414
124	442
124	680
124	846
124	962
124	1051
125	140
125	330
125	431
125	472
125	981
125	1016
126	181
126	414
126	607
126	945
126	1168
127	147
127	870
127	1155
128	335
128	606
128	622
128	628
128	773
128	793
129	619
129	734
129	893
129	1019
130	261
130	270
130	503
130	587
130	989
130	1181
131	534
131	602
132	140
132	524
132	583
132	592
132	977
133	136
133	654
133	1051
133	1143
134	196
134	449
135	137
135	419
135	666
135	687
135	849
135	1029
135	1108
135	1147
136	577
136	1076
136	1079
136	1108
137	385
137	439
137	475
137	600
137	1003
138	740
139	702
139	1051
140	737
140	1085
140	1186
141	658
141	687
141	806
141	1119
141	1179
142	146
142	670
142	839
142	1077
144	390
144	399
144	1186
145	312
145	323
145	549
145	790
145	892
146	194
146	461
146	636
146	763
147	911
147	1082
148	265
148	370
148	696
148	882
148	1155
148	1170
149	425
149	901
149	1021
150	231
150	478
150	495
150	595
150	634
150	699
150	1062
151	791
151	1058
152	390
153	173
153	378
153	612
153	882
153	1110
154	353
154	507
154	840
154	886
155	329
155	551
156	779
156	794
156	910
157	266
157	484
157	693
158	259
158	531
158	545
158	709
158	866
158	923
158	939
158	1042
159	405
159	553
159	851
159	1079
160	214
160	363
160	936
160	1161
161	612
161	648
161	1018
162	478
162	507
163	434
163	762
163	880
163	1167
164	194
164	485
164	710
164	761
164	799
164	886
164	893
164	1044
165	273
165	740
166	409
166	995
166	1026
167	233
167	741
168	174
168	327
168	425
168	591
168	936
168	1057
169	737
169	863
169	1077
170	230
170	391
170	504
170	546
170	591
170	951
170	1051
170	1085
170	1103
171	609
171	651
171	768
171	1144
171	1182
172	593
173	243
173	331
173	583
173	1177
174	472
174	783
174	1085
174	1116
175	509
175	583
175	726
175	815
175	1119
175	1128
176	547
176	669
176	751
176	853
176	1017
177	616
178	325
178	662
179	786
179	822
180	291
180	580
180	754
180	865
181	290
181	637
182	324
182	462
182	482
182	644
182	1007
182	1036
182	1073
183	455
183	736
183	787
183	876
183	956
184	215
184	245
184	319
184	447
184	555
184	595
184	1035
184	1099
185	534
185	590
185	788
186	348
186	777
186	1079
186	1135
187	625
187	1128
188	667
189	331
189	588
189	851
190	530
190	718
190	949
191	417
191	736
192	262
192	715
192	747
192	1135
193	270
193	401
194	711
194	777
195	251
195	342
195	448
195	733
195	837
195	886
195	969
195	1034
196	868
197	306
197	351
197	401
197	540
197	597
197	938
199	242
199	950
199	1002
199	1187
200	225
200	449
200	503
200	662
200	682
200	724
200	849
200	864
201	275
201	397
201	507
201	560
201	570
201	643
202	1157
203	766
204	1001
204	1183
205	969
206	902
207	211
207	238
207	631
207	697
207	779
208	1198
209	308
209	382
209	426
209	440
209	510
209	933
209	1135
210	888
210	915
211	670
211	944
211	1043
211	1068
211	1090
212	326
212	1035
213	493
213	742
213	776
214	237
214	575
214	694
215	370
215	420
215	556
215	890
215	1194
216	435
216	1099
217	342
217	434
217	891
217	1076
218	467
218	513
218	768
219	256
219	356
219	432
219	1028
220	518
220	554
220	870
221	238
221	1071
222	935
222	989
223	746
223	831
223	943
223	960
224	604
224	869
225	285
225	394
225	558
225	884
225	1182
226	381
226	977
226	1196
227	644
227	711
227	749
227	940
228	694
228	916
228	1194
229	759
229	766
231	548
231	672
231	844
231	877
232	287
232	1177
233	287
233	528
233	651
233	1081
234	259
235	312
235	376
235	742
235	831
235	1011
235	1081
236	276
237	284
237	726
237	918
238	283
238	904
238	1020
238	1133
239	745
239	813
239	1046
239	1131
240	369
240	573
240	837
240	931
241	624
241	711
241	953
241	1024
242	273
242	727
242	1014
242	1019
243	296
243	452
243	755
243	844
243	984
244	813
244	1041
244	1126
245	254
245	446
245	646
245	758
245	993
246	381
246	810
246	826
246	930
246	1192
247	478
247	668
247	948
247	1181
248	369
248	509
248	574
248	608
248	758
248	1004
249	359
249	478
250	649
250	1101
250	1157
251	1048
252	450
252	472
253	615
253	1049
254	554
255	351
255	681
255	1190
257	828
258	449
258	818
258	891
259	512
259	647
259	679
259	688
259	694
259	787
260	648
260	677
260	951
260	1025
261	344
261	428
261	501
261	1144
261	1196
263	265
263	454
263	741
263	953
263	1137
263	1164
264	1039
265	525
265	691
265	824
266	507
267	652
267	776
267	842
267	1023
268	361
268	806
268	943
268	1036
269	867
269	1013
269	1051
270	483
270	653
270	913
271	333
271	830
272	597
272	843
272	1047
273	555
273	1149
274	970
274	1099
275	905
275	1186
276	280
276	526
276	583
276	670
276	701
276	1114
277	670
277	685
277	1193
278	292
278	390
278	712
278	861
278	1187
279	390
279	432
279	583
279	976
279	1091
279	1144
280	331
280	340
280	635
280	872
280	1189
281	555
281	653
281	726
281	783
281	834
282	540
282	775
282	1062
283	497
283	525
283	778
284	285
284	670
284	1139
285	353
285	621
285	1127
286	633
286	994
286	1182
287	356
287	640
287	931
288	892
289	398
289	431
290	421
290	488
290	663
291	526
291	600
291	875
291	958
291	1069
291	1160
292	414
292	504
292	930
292	1025
292	1124
293	561
293	802
294	338
294	599
294	905
295	605
295	649
295	816
295	989
295	1099
295	1129
296	302
296	800
296	1122
297	564
297	732
298	300
299	719
299	765
300	318
300	427
300	496
300	698
300	805
300	818
300	835
300	1068
300	1091
301	685
301	955
301	993
301	1039
302	458
303	607
303	823
303	980
303	1012
304	519
304	598
304	672
304	990
304	1110
305	324
305	548
306	334
306	378
306	606
306	842
306	1142
306	1193
307	328
308	1026
308	1075
309	323
309	806
309	899
309	901
309	1175
310	548
310	1078
311	765
311	823
311	1001
312	665
312	850
312	892
313	594
314	507
314	668
314	699
314	803
314	893
314	983
315	598
315	637
316	387
316	520
316	767
316	1009
317	921
317	972
317	1132
318	409
318	1183
319	354
319	385
319	613
319	779
320	640
320	686
320	828
320	962
320	1029
320	1079
321	848
321	899
322	624
324	759
324	993
324	1089
324	1182
325	941
325	982
326	468
326	480
326	721
326	847
326	918
326	1039
326	1046
327	378
327	619
327	629
327	791
327	971
327	1178
328	678
328	893
328	927
328	1034
329	386
329	447
329	510
329	754
330	401
331	445
331	490
331	664
331	715
332	390
332	854
332	923
332	965
332	1139
333	1142
334	537
335	338
335	529
336	751
337	391
337	523
337	1014
337	1130
337	1151
338	678
338	966
339	768
339	934
340	387
340	617
340	950
340	1110
340	1150
340	1184
341	393
341	396
341	740
341	943
342	601
342	1177
343	899
343	946
343	1067
344	576
344	804
345	390
345	476
345	504
345	1140
346	380
346	575
346	659
346	739
347	601
347	622
347	692
348	377
348	605
349	967
350	384
350	423
350	959
351	355
351	653
351	761
352	390
352	428
352	549
352	806
352	850
352	1069
352	1159
353	470
353	714
353	1088
354	379
354	926
354	1003
355	713
355	986
355	1196
356	416
356	481
356	1016
357	376
357	1009
357	1061
358	1052
359	713
359	918
360	658
360	1098
361	798
362	564
362	724
363	868
363	982
364	965
365	764
365	875
366	588
366	837
366	1054
367	586
367	819
368	376
368	493
369	575
369	698
369	835
369	1026
369	1083
370	588
370	721
370	794
370	823
371	1159
372	677
372	741
372	998
373	732
373	1031
374	564
374	907
374	980
375	806
376	733
376	783
376	1131
377	393
378	513
378	741
378	910
378	1022
378	1062
379	510
379	748
379	863
379	979
379	1017
380	621
380	755
380	908
380	942
382	802
382	1085
382	1114
383	513
383	579
383	687
383	801
383	867
384	526
384	1039
385	475
385	1002
386	812
386	1107
386	1144
387	1053
387	1129
389	887
389	1144
390	664
391	486
391	493
391	619
391	1141
392	773
392	1189
393	652
393	1136
394	449
394	497
394	810
394	913
395	920
396	415
396	548
396	679
397	505
397	539
397	754
397	990
398	621
398	1160
399	929
400	906
400	1005
401	416
401	535
401	899
402	691
403	663
404	560
404	674
404	1027
404	1130
405	502
405	514
406	426
406	608
406	625
406	746
406	816
406	1014
407	689
408	550
408	607
408	890
408	1031
409	1097
410	424
410	474
410	1178
410	1192
411	442
411	652
411	697
411	739
411	1011
411	1036
412	1040
413	873
414	689
414	702
415	478
415	1115
416	502
416	847
416	1183
417	480
417	614
417	959
417	1134
418	516
418	678
418	958
418	1024
418	1055
419	909
420	940
421	975
421	1029
422	567
422	1036
422	1198
423	1098
424	994
425	1079
426	495
426	898
426	1060
427	495
428	651
428	1172
429	638
429	935
429	960
430	508
430	618
430	660
430	927
431	456
431	486
431	972
431	985
432	636
433	1016
433	1180
434	854
434	968
435	720
436	583
436	732
437	456
437	547
437	1184
438	610
438	784
438	882
438	1072
439	688
439	897
440	1051
440	1127
441	588
441	960
442	512
442	644
442	658
443	610
443	899
444	640
444	670
444	723
444	755
444	881
444	920
445	827
445	997
445	1043
445	1107
446	557
446	1033
447	789
447	1020
447	1097
447	1113
447	1158
448	559
448	581
448	865
449	514
449	1149
450	614
450	644
450	655
450	682
450	756
450	1059
450	1086
451	763
451	844
451	972
451	985
451	1034
452	593
452	1050
453	589
453	607
453	651
454	527
454	843
454	1080
455	677
455	732
456	525
456	874
457	491
457	737
457	797
458	494
458	738
459	827
459	932
459	996
459	1053
460	598
460	738
461	520
461	592
461	727
462	594
462	639
462	1104
463	596
463	1081
464	771
464	821
464	1145
465	500
465	610
465	715
465	739
466	1162
467	699
467	1057
467	1060
468	483
468	966
468	1045
469	470
469	571
469	655
469	944
470	539
470	694
470	1104
471	537
471	548
471	1078
471	1082
472	475
472	706
472	936
472	975
472	1159
473	519
473	574
473	1080
473	1169
474	803
474	808
474	930
474	1011
475	685
475	862
475	1006
475	1014
475	1035
476	485
476	641
476	1123
477	605
477	655
477	1031
477	1190
478	521
478	639
478	951
479	1148
480	658
480	859
480	918
480	1089
480	1165
480	1197
482	830
482	1196
483	790
483	1078
483	1161
484	560
484	564
484	600
484	852
484	871
484	1171
485	875
485	1060
486	619
486	792
486	805
487	618
489	701
489	740
489	839
489	901
490	565
490	1117
491	880
491	966
492	594
492	863
493	1005
494	742
494	840
495	991
496	552
496	685
496	722
496	784
497	802
498	668
498	880
498	970
499	724
499	857
500	515
500	615
500	1147
500	1181
501	975
502	612
502	831
502	897
503	771
503	863
503	928
504	901
505	661
505	874
506	548
507	805
507	1181
508	590
508	765
508	783
508	850
509	886
510	1191
511	702
512	774
512	837
512	1139
513	1162
514	660
514	695
514	1068
515	767
516	788
516	810
517	661
517	931
517	1055
518	624
518	655
518	724
519	558
519	889
519	982
520	1003
520	1148
521	633
521	1095
522	558
522	757
522	820
522	838
522	1163
523	756
523	1046
523	1193
524	998
525	725
525	996
525	1081
525	1086
526	768
526	1016
527	701
527	934
528	1081
528	1084
529	551
529	902
530	743
530	1161
531	957
531	1108
532	598
532	710
532	947
532	1054
533	828
534	930
534	1001
534	1045
535	1128
535	1152
536	729
537	992
538	1180
539	555
539	661
539	886
539	965
540	1078
541	610
541	684
541	746
541	925
541	1108
542	983
543	949
543	1151
544	666
544	966
544	979
544	1101
545	687
545	708
545	945
545	950
545	1029
546	547
546	623
546	857
546	904
547	574
547	674
547	846
548	676
549	730
549	839
549	874
549	1026
549	1058
549	1175
550	558
551	909
551	1014
552	602
552	821
552	873
552	1040
553	984
553	1138
554	1011
554	1090
555	704
555	770
555	954
556	900
557	642
558	857
558	999
558	1110
560	684
560	706
560	707
560	1076
561	612
561	767
561	987
561	1056
562	628
562	829
562	1103
563	1068
564	1087
564	1110
565	714
565	799
565	1099
566	696
566	875
567	809
567	882
567	889
568	1147
569	879
570	649
570	828
570	921
571	1149
572	1127
573	969
574	651
574	888
575	795
575	817
576	888
577	786
577	891
577	908
577	982
577	1180
578	1184
579	764
579	892
579	919
579	1023
579	1044
579	1131
581	1044
581	1093
581	1132
582	1190
583	985
583	1085
584	667
584	1011
584	1053
585	715
585	1137
586	690
586	847
586	1055
587	1102
588	595
588	692
588	1065
588	1184
588	1187
589	771
590	599
590	603
590	1193
591	784
592	792
593	690
593	868
593	921
593	994
595	662
596	882
596	890
596	956
596	1137
596	1173
597	770
597	806
597	1110
598	1024
598	1172
599	1120
599	1151
600	679
600	739
601	695
601	791
601	1135
601	1139
603	1194
604	978
604	1007
605	640
605	797
605	841
605	926
606	842
607	714
607	879
607	1171
609	637
609	1096
610	837
610	1001
610	1030
611	665
611	1132
612	897
613	829
613	1114
614	1159
616	806
616	916
617	698
617	701
619	911
619	1160
620	961
621	834
621	1042
621	1174
622	835
622	1015
622	1111
622	1160
623	655
623	996
623	1078
624	995
624	1043
624	1053
625	638
625	957
626	1003
627	1057
628	698
628	1003
629	636
630	803
630	910
630	1120
632	787
632	907
632	967
632	1069
633	919
633	949
634	887
635	821
636	642
636	744
636	894
636	1149
637	950
638	674
638	904
638	945
638	979
638	1137
640	879
641	892
641	1128
642	713
642	1033
643	798
643	843
643	1103
643	1162
644	710
644	768
644	877
645	710
645	1038
647	665
647	853
647	951
647	994
647	1089
648	724
648	854
648	1178
649	876
649	1184
650	1159
652	786
653	681
653	804
653	826
654	797
655	1064
656	888
656	914
656	1197
657	673
657	1076
658	1069
659	832
659	906
659	1000
660	771
660	788
661	743
661	1002
661	1119
662	719
662	956
664	722
664	967
665	707
666	1110
667	717
669	938
670	826
670	970
671	897
671	985
671	1004
672	862
673	979
673	1077
674	772
675	794
676	1107
676	1146
677	805
677	1025
678	747
678	952
679	968
679	1191
680	810
680	1171
680	1181
680	1198
681	1115
682	746
682	908
682	920
682	925
682	1084
683	894
683	1075
684	708
684	820
684	893
684	986
685	888
686	733
686	878
687	1128
688	691
688	700
688	974
688	1176
689	726
689	803
689	871
689	972
690	706
690	1007
691	888
691	892
691	1048
691	1102
691	1194
692	1019
692	1097
693	1006
693	1138
694	769
695	832
696	774
696	1058
698	783
699	880
700	831
701	878
702	801
702	1001
702	1151
702	1199
703	708
703	824
703	975
704	764
704	789
704	865
704	891
704	1177
705	756
705	873
705	1058
705	1139
706	925
707	722
707	1196
708	772
708	995
708	1054
711	831
711	1048
712	805
712	864
712	941
713	1018
713	1041
715	912
716	1082
718	1008
719	1160
719	1195
720	812
722	728
722	1082
722	1148
723	833
724	827
724	1019
724	1030
727	797
727	1064
729	813
729	1085
730	759
730	807
730	955
730	1066
731	792
731	1117
732	1041
732	1108
733	747
733	799
733	808
733	923
733	1163
734	781
734	914
734	928
734	1031
735	743
735	838
735	1163
735	1179
737	897
737	1055
738	1083
739	1126
740	881
740	954
740	964
740	1082
740	1194
741	757
741	863
741	1141
742	1082
742	1162
743	1040
743	1073
744	758
744	783
744	855
745	1080
745	1092
746	1159
747	990
748	840
748	914
749	944
750	999
750	1012
750	1149
751	786
751	806
751	953
752	992
753	764
753	992
755	780
756	933
756	1066
756	1116
756	1194
757	1068
758	1175
759	912
759	1154
759	1181
760	1032
760	1184
762	797
762	875
762	1014
764	854
764	963
765	973
765	986
765	1029
768	972
768	1188
769	889
769	992
769	1109
770	1037
771	1020
771	1113
772	864
772	1105
773	858
774	833
774	953
774	1112
774	1151
775	792
777	959
777	1126
777	1129
777	1194
778	844
778	900
778	956
778	1116
782	1088
783	1030
783	1060
784	937
785	799
785	846
785	1033
785	1063
785	1064
785	1124
787	791
788	1028
789	814
789	893
789	929
792	937
792	952
792	1026
792	1108
793	1136
794	1125
794	1149
795	1021
796	1050
796	1194
797	891
797	1127
798	947
798	1113
799	1039
800	1118
801	849
801	1011
801	1166
802	843
803	950
803	992
804	1102
806	1163
807	948
807	1083
807	1107
808	959
808	1067
808	1159
808	1188
811	943
812	894
815	894
815	930
815	964
815	1179
818	947
818	1045
820	829
820	1095
824	1019
824	1071
825	904
825	963
826	1036
827	962
827	1020
827	1100
828	1087
828	1100
829	1079
829	1194
830	1081
831	891
832	839
832	854
833	1056
834	1014
835	965
835	1015
835	1034
836	993
838	911
838	921
838	995
838	1007
839	948
842	893
842	1108
842	1139
843	943
843	1097
845	871
845	1011
846	897
846	907
847	849
847	1035
847	1091
848	1045
848	1050
848	1091
848	1172
849	929
849	1019
850	862
850	972
852	901
853	938
854	1026
854	1173
855	949
855	1051
855	1076
855	1152
856	995
856	1020
856	1092
860	929
861	985
861	1105
861	1109
864	955
866	1125
867	1026
868	1152
869	886
870	893
871	977
871	1150
872	1135
873	1157
875	940
876	978
876	1008
876	1170
876	1198
877	943
877	1036
877	1092
879	1016
879	1104
879	1125
882	1055
883	1158
884	904
888	902
889	1123
890	1170
891	1185
893	1192
894	1099
895	924
895	931
895	1045
895	1128
896	946
897	1010
897	1120
898	937
898	1048
900	974
900	980
901	1163
901	1184
902	910
902	1051
902	1063
903	1121
903	1170
906	1041
906	1044
906	1066
907	1058
908	1110
913	985
913	1129
915	986
915	1109
915	1175
916	1071
917	1129
920	1102
922	1126
923	1119
923	1169
926	1006
927	1176
930	967
931	943
931	1059
934	1025
934	1064
935	1010
936	1067
937	1193
939	964
941	1177
944	981
944	1029
946	1137
947	1110
949	970
950	1046
950	1195
951	1106
952	1073
954	973
955	1146
956	1164
957	1012
957	1075
957	1094
958	974
958	1195
959	1102
959	1195
960	967
963	982
963	1116
965	1039
966	1046
968	1130
971	1066
973	985
974	1042
979	992
980	1026
981	1151
982	1161
985	1042
986	1048
987	1133
988	1128
988	1156
989	1006
989	1018
995	1116
999	1054
999	1085
1000	1164
1001	1105
1001	1192
1002	1078
1003	1005
1003	1152
1007	1145
1008	1033
1009	1074
1009	1076
1011	1055
1013	1041
1013	1194
1014	1119
1018	1039
1019	1062
1019	1083
1021	1181
1023	1116
1023	1159
1023	1165
1024	1029
1024	1066
1024	1136
1026	1062
1026	1089
1027	1157
1029	1034
1029	1071
1033	1120
1036	1116
1036	1152
1037	1072
1038	1079
1039	1152
1041	1123
1043	1098
1044	1176
1045	1147
1050	1125
1052	1158
1053	1155
1054	1126
1054	1162
1056	1162
1057	1070
1058	1091
1059	1147
1060	1086
1061	1088
1062	1120
1062	1127
1064	1086
1064	1099
1067	1189
1068	1198
1069	1167
1071	1136
1083	1152
1092	1154
1093	1094
1095	1131
1096	1109
1102	1109
1106	1163
1109	1195
1110	1163
1111	1179
1114	1116
1117	1144
1123	1137
1123	1186
1130	1178
1136	1151
1139	1174
1140	1172
1140	1178
1155	1164
1188	1196