0	66
0	609
0	932
1	599
1	904
1	1049
1	1165
2	145
2	152
2	246
2	330
2	818
2	1064
2	1121
3	188
3	258
3	654
4	492
5	16
5	353
5	1142
5	1168
6	588
6	655
6	674
6	690
7	163
7	305
7	580
7	895
7	1025
8	174
8	205
8	692
8	866
8	1014
8	1026
9	325
9	1137
10	34
10	174
10	251
10	971
11	488
11	1072
11	1140
12	702
13	23
13	482
14	27
14	495
14	547
14	710
14	813
15	711
15	923
15	924
15	1030
16	843
16	1129
17	134
17	243
18	462
18	587
19	224
19	450
19	454
19	977
19	1192
20	306
20	508
20	727
20	829
21	557
21	1038
21	1129
22	785
22	853
22	886
23	218
23	483
23	502
23	567
23	665
23	673
23	1164
24	44
24	61
24	154
24	496
24	535
24	953
24	1051
24	1175
25	357
25	903
25	936
26	136
26	876
27	87
27	254
27	301
27	507
27	1025
27	1062
27	1095
28	1053
29	1040
30	71
30	362
30	412
30	580
30	902
30	924
31	113
31	452
31	727
31	770
31	973
31	1181
32	919
32	1033
33	198
33	718
34	36
34	404
35	161
35	744
35	1116
36	316
36	1051
37	97
37	584
37	733
37	766
37	1109
37	1148
38	205
38	940
39	835
39	910
40	438
40	494
40	1021
41	433
41	855
41	893
42	53
42	538
42	689
42	936
43	233
43	1095
44	222
44	250
44	719
44	775
44	1083
45	88
45	397
45	468
45	530
45	626
45	631
45	861
45	910
46	222
46	956
46	1040
46	1056
47	792
47	841
47	881
48	356
49	1154
50	381
50	762
50	1105
50	1113
50	1126
51	365
51	486
51	631
52	604
52	943
52	973
52	1029
52	1083
53	206
53	712
53	843
53	1031
53	1161
54	143
55	586
55	636
55	1005
56	468
56	683
56	707
56	894
56	922
57	103
57	233
57	386
57	588
57	657
57	956
58	395
58	558
59	282
59	747
59	891
59	902
59	944
59	1003
59	1019
60	117
60	135
60	305
60	660
60	717
60	756
61	816
61	938
61	1046
61	1192
62	99
62	334
62	525
62	894
62	1167
63	110
63	129
63	139
63	266
63	690
63	990
63	1074
64	491
64	939
64	1034
65	91
65	535
65	990
66	719
66	802
67	948
68	105
68	712
68	898
68	1141
69	288
69	310
69	327
69	535
69	1117
69	1142
70	113
70	212
70	221
70	298
70	1120
71	104
71	453
71	535
72	526
72	576
72	704
73	325
73	583
73	890
73	1011
73	1167
73	1168
74	764
74	781
74	1161
75	491
75	793
75	1104
75	1168
75	1192
76	389
76	485
76	973
76	1135
77	78
77	264
77	319
77	719
77	1077
77	1097
78	150
78	289
78	379
78	463
78	620
78	946
79	168
79	430
80	393
80	581
81	292
81	420
81	566
81	610
81	1041
81	1137
81	1177
82	167
82	535
82	979
82	1155
83	425
84	137
84	428
84	508
84	572
85	138
85	283
85	794
85	813
86	333
86	397
86	562
87	228
87	276
87	279
87	501
87	678
87	793
87	1198
88	126
88	314
88	727
88	995
88	1078
89	845
90	213
90	242
90	717
90	1151
91	129
91	194
91	268
91	289
91	591
91	763
91	807
91	1080
92	877
92	878
92	929
93	756
93	787
93	1151
94	505
94	1116
95	392
95	659
95	1103
96	549
96	728
96	1018
96	1194
97	352
97	416
98	336
98	434
99	564
99	1038
100	186
100	511
100	713
100	1181
101	213
101	1103
101	1146
102	339
103	407
104	484
104	899
104	1149
104	1152
105	894
105	959
105	981
106	204
106	375
106	381
107	200
107	291
107	916
108	462
108	1093
108	1109
109	505
109	747
109	1159
110	138
110	254
110	292
110	295
110	986
111	515
111	552
112	222
112	814
112	1081
113	325
113	465
113	832
114	362
114	526
114	593
114	1167
115	152
115	672
115	914
115	1130
116	352
116	607
116	780
116	898
116	1125
116	1181
117	209
117	227
117	641
117	736
118	148
118	311
118	337
118	474
119	693
119	847
120	229
120	341
120	744
120	976
121	234
121	258
121	273
121	576
121	839
121	1082
121	1199
122	141
122	161
122	272
122	1190
123	158
123	420
123	464
123	660
123	1036
124	264
124	877
125	215
125	681
125	846
126	338
126	690
126	884
126	1027
127	143
127	267
127	412
127	494
127	814
128	780
128	930
128	1123
129	397
129	495
129	553
129	921
129	1098
130	145
130	269
130	328
130	451
130	765
130	840
130	915
130	1058
131	351
131	706
131	894
132	156
132	204
132	213
132	302
132	649
132	967
133	180
133	767
133	1157
134	142
134	490
134	932
134	1049
135	179
135	410
135	496
135	646
135	907
135	1080
135	1116
136	669
136	859
136	923
136	928
137	180
137	592
137	662
137	774
137	823
138	241
138	649
138	687
138	689
138	862
139	209
139	332
139	392
139	647
139	1087
139	1129
140	230
140	297
140	572
141	281
141	290
141	325
141	454
141	647
141	898
142	234
142	261
142	1026
143	261
143	336
143	364
143	579
143	629
143	725
143	744
143	778
144	190
145	575
145	953
145	1097
146	223
146	322
146	828
147	406
147	806
147	810
147	846
147	892
147	1176
148	266
148	302
148	359
148	531
148	808
149	386
150	155
150	229
150	359
150	483
150	634
150	650
150	1167
151	360
151	1115
152	187
152	949
152	950
153	222
153	438
153	587
153	685
153	847
153	859
154	268
154	515
154	719
155	667
155	931
155	1072
155	1170
156	536
156	868
156	1062
156	1165
157	190
157	278
157	291
157	412
157	626
157	1079
157	1129
158	257
158	285
158	664
158	795
159	1076
160	919
161	548
162	264
162	333
162	988
162	1180
163	1171
164	541
164	557
165	612
165	724
165	740
165	897
165	920
165	1036
166	354
166	598
166	882
166	1006
167	208
167	600
167	927
169	277
169	466
169	601
169	892
169	1068
170	308
170	311
171	276
171	321
171	612
171	705
171	853
172	478
172	662
173	748
173	752
173	991
174	215
174	993
174	1021
174	1038
175	350
175	361
175	779
175	1071
176	620
176	639
177	199
177	1171
178	229
178	716
178	743
178	764
178	1183
179	239
179	1074
180	481
180	608
181	187
181	264
181	519
181	573
181	639
181	693
181	876
181	1014
182	461
182	565
183	202
183	925
184	439
184	481
184	729
184	750
184	921
185	350
185	493
185	764
186	256
186	747
186	753
186	1136
186	1148
188	232
188	512
189	1101
190	495
190	866
191	757
191	867
191	1042
192	244
192	453
192	1187
193	675
193	750
194	583
194	616
194	683
195	712
196	598
196	966
196	1197
197	790
197	894
197	1026
198	571
198	750
199	219
199	285
199	362
199	689
199	837
199	1142
200	317
200	396
200	572
200	836
200	913
201	506
201	898
202	696
202	869
202	926
203	837
203	852
203	982
204	339
204	1182
205	561
205	658
205	667
205	797
205	818
206	355
206	362
206	561
206	562
206	641
206	737
206	1048
206	1153
207	268
207	747
208	268
208	329
208	614
208	764
208	821
208	1149
208	1178
209	284
209	457
209	1054
209	1078
210	387
210	662
210	774
210	881
211	526
211	723
211	805
211	834
211	1049
212	248
212	814
212	1078
212	1136
213	323
213	341
213	757
213	1114
214	308
214	754
214	917
214	950
215	307
215	542
215	645
215	1156
216	458
216	499
216	854
217	406
217	488
217	631
217	649
217	923
217	941
217	1148
218	274
218	340
218	388
218	527
218	884
218	980
218	1009
218	1125
219	529
219	994
220	290
220	361
220	676
220	806
220	1111
221	580
221	620
221	694
221	807
221	820
222	292
222	447
223	454
223	695
223	869
223	1071
224	433
224	540
224	651
224	835
224	1008
224	1086
224	1163
225	596
225	634
226	579
226	740
226	942
226	1008
226	1134
227	277
228	489
228	713
228	768
228	1004
228	1051
229	470
229	830
229	1069
230	721
230	1109
231	627
231	770
231	1114
232	268
232	302
232	463
232	956
232	983
233	702
233	1019
234	622
234	883
235	635
235	944
235	1087
235	1096
236	317
236	717
236	734
236	826
236	986
236	1060
237	343
237	783
237	792
237	973
238	291
238	858
239	426
240	772
240	813
240	855
241	366
241	446
241	644
241	746
241	951
241	984
242	493
242	995
242	1127
243	678
243	824
243	1000
243	1082
244	399
244	511
244	877
244	910
244	954
244	1033
244	1117
245	663
246	508
246	645
246	663
246	877
246	1108
247	395
247	701
247	765
247	837
247	901
247	1132
248	415
248	475
248	674
248	786
248	888
248	901
248	915
249	374
249	756
249	877
250	1185
251	291
251	785
251	1109
252	283
252	707
253	311
253	994
253	1077
254	271
254	702
254	1112
255	375
255	762
255	1043
257	292
257	548
257	752
257	968
257	1173
258	444
258	928
258	1075
259	352
259	631
259	729
260	295
260	364
260	497
260	1146
260	1159
261	323
261	388
261	431
261	780
261	916
261	992
262	1131
263	870
263	893
264	378
265	289
265	621
265	822
266	490
267	908
268	387
268	678
269	1051
269	1072
270	272
270	538
270	980
270	1022
270	1198
271	378
271	626
271	702
271	733
271	993
271	1068
271	1080
272	290
272	354
272	830
272	1069
272	1098
273	736
273	905
274	275
274	307
274	669
274	812
274	1100
275	517
275	528
276	388
276	414
276	420
276	874
276	1024
277	531
277	631
277	716
277	1072
278	330
278	365
278	714
278	901
278	940
280	352
280	616
280	777
281	720
281	723
283	294
283	328
283	649
283	1055
284	363
284	572
284	589
284	662
284	942
284	985
284	1073
285	373
285	440
285	499
286	695
286	743
286	1163
287	473
288	546
288	734
288	868
289	587
290	623
290	657
290	1134
290	1155
291	650
291	1132
292	521
292	1165
293	557
293	858
293	1164
294	298
294	456
294	521
294	839
295	505
295	796
296	618
296	1122
297	593
297	676
297	855
297	878
297	1075
298	410
298	987
298	1120
299	708
299	716
299	871
299	984
299	1044
300	630
300	1080
301	353
301	542
301	575
301	665
301	858
301	1134
302	366
302	601
302	1186
303	475
304	359
304	649
304	713
304	914
304	1034
304	1160
305	585
306	329
306	426
306	535
307	755
307	886
307	1177
308	404
308	593
308	823
309	368
309	982
309	1102
309	1108
309	1174
310	311
310	319
310	461
310	464
310	522
310	668
310	1015
310	1063
311	644
311	666
311	1002
311	1026
311	1112
311	1173
312	690
312	1160
312	1175
313	949
314	833
315	845
315	973
316	459
316	712
316	882
316	963
317	717
317	719
318	589
318	699
319	376
319	537
319	752
319	834
319	937
320	411
321	454
321	812
321	1079
322	805
322	935
322	1075
323	520
323	628
324	516
324	558
325	340
325	427
325	978
325	1077
326	359
326	491
326	647
326	689
326	788
326	1057
327	533
328	897
328	1092
329	358
329	400
329	575
329	907
330	764
330	792
330	993
330	1108
331	764
331	938
332	882
332	920
332	1013
333	562
334	557
334	607
334	754
334	860
335	835
336	1128
336	1142
336	1177
337	866
338	531
338	663
338	1086
338	1165
339	496
339	510
339	623
339	727
339	1036
339	1117
340	541
340	865
340	1009
340	1070
340	1139
341	439
341	540
341	555
341	591
341	631
341	698
341	871
341	959
342	491
342	746
342	1054
343	763
343	835
343	915
344	463
344	584
344	1176
345	523
345	675
345	805
345	814
345	1149
346	763
346	1092
347	679
347	901
347	1118
347	1123
348	966
348	996
349	444
349	1139
349	1188
350	870
350	931
350	976
350	1074
351	641
352	482
352	899
353	465
353	491
353	928
353	1189
354	949
354	1142
355	720
355	731
355	1045
355	1157
356	591
357	493
357	588
357	821
359	671
359	797
359	867
359	979
359	1131
360	421
360	710
361	515
362	839
363	545
363	815
363	1183
364	428
364	544
364	780
364	1144
365	485
365	714
365	914
365	958
365	1015
365	1026
366	420
366	469
366	987
367	536
367	899
367	1160
368	628
368	684
368	734
369	548
369	817
369	832
369	1014
370	498
371	955
372	420
372	566
373	667
373	733
373	769
373	964
374	379
374	468
374	695
374	932
374	1043
374	1085
375	515
375	609
375	671
375	898
376	855
376	998
377	515
377	693
377	794
377	832
377	1115
377	1163
378	860
379	560
380	524
380	837
381	838
381	1121
382	555
382	604
382	626
383	446
383	982
384	643
384	979
385	436
385	739
385	789
385	1080
385	1118
386	690
386	805
386	850
386	859
386	912
387	742
387	863
388	565
389	623
389	888
390	988
391	634
391	1085
392	997
393	625
393	779
393	1003
393	1047
393	1096
394	555
394	1126
395	621
395	705
395	812
395	1161
396	1192
397	563
398	522
398	582
398	668
398	874
399	457
399	1155
400	866
401	1169
402	411
402	466
402	513
402	594
402	697
402	1054
403	449
403	701
403	964
403	1190
404	405
404	439
404	719
405	962
405	1046
406	1116
406	1146
407	675
408	528
408	846
409	936
409	1059
410	493
410	891
411	841
411	1010
412	732
412	919
413	856
413	987
414	1119
415	484
415	798
415	968
415	995
416	616
416	831
417	517
417	814
417	1183
418	1011
419	583
419	653
419	1062
419	1086
420	429
421	564
421	606
421	900
421	1050
422	1032
423	697
423	997
424	504
424	691
424	1124
424	1194
425	1060
426	433
426	928
426	1002
427	791
427	792
427	1078
428	643
428	814
429	968
429	994
429	997
429	1145
430	571
430	596
430	880
430	894
431	553
431	633
431	847
431	1062
432	865
432	980
433	1141
434	494
434	733
434	890
434	1105
434	1199
435	759
436	567
436	797
437	575
437	659
437	661
437	828
437	882
437	982
437	1025
438	1126
440	474
440	897
440	1123
441	521
441	552
441	593
441	795
442	548
443	686
443	794
443	893
445	1074
446	483
446	632
446	656
446	830
447	607
448	1180
449	464
449	508
449	733
449	1067
450	693
450	732
450	748
450	1127
450	1187
451	482
451	520
451	982
451	1143
452	1189
453	669
453	704
453	863
453	921
453	965
453	983
454	476
454	781
454	826
454	1078
455	563
455	624
456	801
457	918
457	1019
457	1087
458	586
458	595
458	626
458	740
458	917
458	970
459	545
459	861
459	1073
460	762
461	1075
462	728
462	1008
462	1022
463	713
463	780
463	825
463	858
463	1163
464	596
464	665
464	833
465	928
465	1121
466	666
466	767
466	1199
467	580
467	600
467	609
467	980
467	1117
467	1121
468	686
468	821
469	560
469	569
469	897
470	692
470	705
471	1117
471	1130
472	648
472	679
472	726
472	980
472	1080
472	1108
473	645
474	491
474	781
474	844
474	910
475	926
475	1117
476	878
476	897
477	631
477	660
477	802
478	497
478	1093
479	1156
480	776
480	1009
480	1173
481	620
481	772
481	1193
482	496
483	502
483	928
483	990
484	734
484	999
485	575
485	590
485	1024
486	976
486	1001
486	1180
487	567
487	710
487	868
487	910
488	902
488	1040
489	726
490	591
490	748
490	821
490	1037
491	580
491	619
491	656
491	853
491	1103
492	580
492	775
492	996
492	1145
493	697
493	724
493	1122
494	658
494	704
494	725
494	746
494	1068
494	1080
495	672
495	808
497	784
497	850
497	874
498	810
498	978
500	535
500	603
500	690
500	815
500	950
500	1183
501	518
501	759
501	863
501	873
501	1042
501	1194
502	632
502	746
502	977
502	1110
503	523
503	620
503	1051
505	524
506	1098
507	745
508	577
508	984
509	674
510	626
510	681
510	768
510	1131
511	599
511	616
511	617
511	891
511	957
511	1094
511	1153
511	1161
512	561
512	604
513	696
513	722
514	611
514	656
515	927
515	1099
516	551
516	666
516	679
516	936
516	984
517	595
517	770
517	892
517	1111
518	727
518	884
518	940
519	801
519	959
520	619
520	771
520	852
520	956
521	899
522	611
522	695
522	993
522	1101
523	1036
524	652
526	753
528	627
528	716
529	573
529	778
529	973
529	1088
530	1071
531	817
532	991
534	576
534	720
534	991
534	1010
534	1060
534	1187
535	935
536	830
536	1148
537	554
537	618
537	823
537	1114
538	1160
539	769
540	1123
541	938
541	957
541	1143
542	929
542	1104
543	604
543	1189
544	652
544	924
545	1157
546	730
546	886
546	1155
547	731
547	746
547	1118
548	550
548	572
548	626
548	935
548	1058
548	1079
549	615
549	639
549	647
549	785
550	695
550	875
551	815
551	907
552	1001
552	1139
554	721
554	1098
555	561
555	588
555	696
556	624
557	878
557	997
557	1083
558	567
558	573
558	1039
559	977
559	1009
559	1197
560	791
560	826
560	937
560	953
561	670
561	955
562	745
563	837
564	1099
566	581
566	890
566	935
566	1125
567	799
567	811
568	834
568	889
568	1009
568	1032
569	888
570	680
570	723
570	810
570	910
570	1159
571	670
571	999
572	874
572	1030
573	1137
574	725
574	1095
575	756
575	765
575	812
575	999
576	765
577	613
578	612
579	645
579	1087
580	673
580	920
580	980
580	1022
580	1074
580	1132
580	1159
581	874
581	881
582	652
582	733
582	769
583	1016
585	710
586	883
586	1010
587	904
587	1072
587	1106
587	1119
588	1163
590	776
590	939
590	1113
590	1161
591	706
591	972
592	872
592	985
593	677
593	959
594	623
594	1160
597	873
597	952
597	961
597	1067
598	674
599	690
599	760
600	994
600	1125
601	698
601	994
602	651
603	1053
603	1184
604	1035
604	1143
605	639
606	635
606	736
606	795
606	1074
608	771
608	1153
610	667
610	792
610	1142
610	1164
611	1128
612	1060
612	1062
614	828
615	863
616	839
616	923
616	969
616	1087
617	688
617	817
617	1050
617	1191
618	754
618	1039
618	1102
618	1189
619	761
620	747
621	890
622	709
623	630
623	804
624	698
624	759
624	945
624	1188
625	977
627	994
627	1067
628	667
628	695
628	1117
629	649
629	888
630	666
630	913
632	703
632	1038
632	1144
634	817
636	775
636	840
636	1027
636	1095
636	1140
636	1167
636	1175
637	754
637	929
637	1067
637	1164
638	889
639	647
639	1033
640	645
640	794
641	1127
642	714
642	758
642	1109
643	959
644	905
644	1057
645	693
645	893
645	929
645	983
648	842
648	855
648	1183
648	1194
649	668
650	1081
651	669
651	1095
652	762
653	828
653	880
654	853
654	1008
655	847
655	922
655	1089
656	747
656	879
656	1087
656	1168
657	838
657	1080
657	1090
658	958
658	1011
658	1092
659	846
660	709
660	1157
661	889
661	1123
662	708
662	835
663	808
664	695
664	702
664	813
666	1149
668	880
669	939
669	993
671	1069
672	751
672	1151
672	1186
674	742
675	1105
676	931
677	775
677	941
678	1155
679	1125
680	861
681	738
681	749
681	1032
682	976
682	1103
683	729
683	1119
684	722
684	784
684	916
684	1109
684	1120
684	1182
685	782
685	900
686	946
687	968
687	1121
688	776
688	816
688	901
688	1181
689	812
689	813
689	1182
690	910
691	763
691	789
691	959
691	1073
692	773
692	784
693	896
693	923
696	841
697	816
697	843
698	840
698	1031
699	796
699	1016
700	939
701	842
701	1163
702	906
705	844
706	747
706	1194
707	1011
708	888
708	1039
708	1148
709	1146
710	743
711	828
713	759
714	1037
715	819
715	1074
715	1158
716	976
717	965
718	725
718	1147
719	872
719	1021
720	1196
721	1162
722	771
722	931
722	988
723	1158
723	1165
724	784
724	1030
725	726
726	765
726	962
727	1156
728	765
729	745
729	879
729	1022
731	887
731	1198
732	808
732	1189
733	781
733	911
733	1187
734	1058
734	1133
735	1124
736	765
738	1157
739	989
740	810
741	1081
742	877
742	934
742	1037
743	925
743	1139
744	751
744	770
745	943
745	1038
747	793
747	883
747	1016
749	1190
753	908
753	1019
753	1037
754	761
754	915
754	1078
755	1101
756	985
756	1076
757	1152
758	788
758	1081
758	1112
759	798
759	809
759	950
759	1064
760	823
761	914
763	927
763	1033
764	982
766	789
766	860
767	850
767	1015
768	769
768	953
769	966
770	1085
771	891
771	959
772	811
772	896
773	792
773	807
773	945
774	847
776	1091
778	1194
779	797
779	938
779	1131
779	1189
780	1174
781	1158
781	1189
783	1196
784	792
784	794
784	856
786	869
787	806
787	1083
788	802
788	994
790	838
790	909
791	1055
793	946
793	1010
794	1131
795	818
795	1071
795	1126
796	820
796	900
796	1146
797	1149
799	1154
800	810
800	840
800	1045
800	1100
801	1166
803	973
804	822
804	824
806	1094
806	1185
807	960
807	1165
807	1167
808	889
809	1149
810	944
810	1052
811	1117
811	1152
812	1123
812	1133
813	1066
814	1188
815	1017
816	897
817	899
817	903
817	912
817	940
818	844
818	855
818	1196
819	913
819	1068
820	922
820	1076
820	1111
821	1110
822	826
823	898
823	1014
824	854
824	1051
825	1034
826	830
826	1169
827	849
827	930
828	928
829	1039
829	1164
830	980
830	1140
832	943
833	928
834	1059
834	1159
836	1143
838	940
841	890
841	1002
842	951
843	845
845	986
846	928
846	1042
848	1061
850	944
851	1157
852	895
852	924
852	973
853	943
854	857
854	902
854	914
854	920
854	977
855	997
855	1153
856	1000
858	940
859	1191
860	919
860	1079
860	1188
861	877
861	1153
862	932
862	1049
863	1032
864	932
865	998
866	949
866	985
868	1104
870	1087
875	975
879	1096
880	1031
882	962
883	1094
885	956
886	890
887	906
887	1199
889	1064
890	991
891	1093
891	1177
891	1192
893	1167
893	1195
896	945
897	919
897	966
897	1082
898	980
898	1036
898	1163
899	1100
899	1175
901	937
902	929
903	1103
904	1066
907	943
907	964
907	1102
909	963
909	1031
910	982
910	1009
911	1097
911	1166
912	1162
913	923
913	1112
915	957
915	1167
916	936
917	1111
919	1096
920	1033
923	1052
923	1079
925	969
926	1059
926	1067
927	1027
927	1198
928	1039
932	1102
933	1040
935	984
935	1000
935	1190
936	1096
937	1062
938	1156
939	1023
941	1063
944	1139
944	1160
945	1101
946	1034
947	1127
948	1081
950	1032
951	1040
952	963
952	1028
953	1109
953	1143
953	1197
954	999
956	1020
957	1068
957	1121
957	1157
960	1054
962	1136
963	1015
963	1113
964	1132
965	984
965	1194
966	1062
967	1198
968	998
969	1025
972	1043
973	1162
974	1074
977	1041
979	1029
981	1111
982	1075
984	1031
984	1032
986	1029
988	1169
989	1015
990	1077
993	1160
995	1023
996	1031
999	1196
1000	1082
1002	1022
1002	1102
1006	1162
1007	1015
1008	1017
1009	1087
1009	1113
1011	1041
1011	1198
1012	1027
1012	1129
1012	1190
1014	1093
1016	1051
1018	1030
1019	1142
1022	1099
1022	1189
1023	1143
1025	1197
1026	1101
1026	1188
1027	1186
1030	1078
1030	1151
1033	1186
1034	1135
1034	1138
1035	1173
1036	1083
1036	1098
1039	1153
1046	1051
1048	1173
1049	1174
1056	1089
1056	1131
1062	1198
1064	1135
1064	1152
1064	1188
1065	1121
1066	1127
1069	1120
1071	1175
1072	1189
1076	1130
1079	1179
1080	1171
1081	1120
1084	1112
1086	1091
1088	1180
1090	1099
1092	1193
1094	1109
1100	1168
1101	1133
1103	1104
1107	1132
1108	1150
1108	1157
1109	1167
1114	1196
1117	1176
1119	1197
1121	1137
1125	1182
1126	1154
1128	1138
1131	1182
1135	1148
1143	1181
1152	1154
1154	1176
1161	1173
1164	1172
1167	1190
1171	1195