0	207
0	841
1	433
1	502
1	1089
2	48
2	131
2	216
2	1068
3	293
3	434
3	680
3	808
3	934
4	299
4	335
4	460
4	513
4	580
4	589
4	713
4	729
4	767
4	838
5	86
5	508
5	645
5	739
5	1043
6	38
6	212
6	313
6	428
6	527
6	571
6	1173
7	111
7	860
7	908
8	30
8	230
8	527
8	684
8	832
9	717
9	746
9	845
9	1115
10	717
10	931
11	281
11	368
11	510
11	567
11	776
11	995
12	39
12	947
13	36
13	424
13	701
14	22
14	492
14	877
15	153
15	193
15	690
16	76
16	812
16	933
17	144
17	233
17	279
17	454
17	684
17	781
17	877
17	934
18	94
18	452
18	774
18	945
18	1119
19	836
20	494
21	141
21	453
21	840
22	97
22	321
22	527
22	628
22	848
22	1116
22	1149
23	655
23	779
23	833
24	461
24	538
24	767
25	522
25	529
25	901
25	1157
25	1177
26	318
26	426
26	587
26	588
26	612
26	902
27	29
27	280
27	315
27	1091
28	826
28	843
28	1006
28	1126
29	108
29	629
29	731
29	826
29	932
29	1001
30	55
30	166
30	187
30	511
30	775
30	1037
31	174
31	486
31	675
31	1051
31	1150
32	250
32	655
32	931
33	99
33	831
34	105
34	213
34	235
34	278
34	434
34	594
34	894
34	915
34	949
34	1067
34	1070
35	79
35	1023
35	1060
35	1178
36	82
36	401
37	287
37	1159
38	233
38	569
38	973
39	122
39	906
40	434
40	786
41	365
41	554
41	897
42	311
42	587
43	452
43	784
43	849
44	551
44	1155
45	173
45	508
45	732
46	175
46	391
46	448
46	507
46	777
46	908
47	210
47	585
47	631
47	830
48	320
49	254
49	590
49	617
49	956
49	1112
50	335
50	377
50	684
50	792
50	1093
51	487
51	564
51	567
51	849
52	97
52	151
52	429
52	583
52	658
53	55
53	614
53	877
53	942
53	980
54	580
54	826
54	933
54	1097
55	124
55	133
55	255
55	344
55	507
55	787
55	803
56	1194
57	939
57	990
57	1134
58	343
58	384
58	411
58	435
58	550
58	579
58	807
58	1078
58	1180
59	403
59	850
59	1143
60	378
60	1111
61	254
61	458
61	601
61	958
61	992
61	1008
61	1017
62	160
62	468
62	482
62	1126
63	1165
64	197
64	952
64	989
64	1106
65	497
66	169
66	370
66	420
66	445
66	1133
67	148
68	662
68	963
68	1179
69	233
69	669
69	819
69	884
70	689
71	90
71	142
71	182
71	492
71	497
71	505
71	686
71	798
71	812
71	861
72	415
72	588
72	914
72	1100
73	293
73	920
74	252
74	395
74	442
74	501
74	946
75	194
75	202
75	396
75	522
75	571
76	360
76	726
76	842
76	892
76	1018
76	1030
77	425
77	717
78	93
78	101
78	159
78	282
78	697
78	973
79	185
79	334
79	405
79	498
79	613
79	1003
80	148
80	208
80	514
80	764
81	315
81	473
81	943
81	946
81	1074
82	92
83	178
83	566
84	109
84	211
84	273
84	569
84	588
84	915
84	1078
85	824
85	991
85	1128
85	1129
86	294
86	823
87	440
87	890
88	269
88	330
89	187
89	492
89	866
89	872
90	626
90	722
90	762
91	196
91	504
91	626
91	913
91	948
92	257
92	454
92	455
92	470
93	108
93	323
93	344
93	795
93	876
93	1160
94	194
94	611
94	867
94	915
94	1150
95	192
95	319
95	734
95	750
95	1085
96	111
96	246
96	475
96	666
97	743
98	294
98	843
98	858
99	337
99	535
99	563
99	798
100	335
100	913
100	1073
101	673
102	204
102	217
102	478
102	699
102	714
103	113
103	736
103	825
104	347
104	470
104	616
104	678
104	849
104	1084
105	136
105	137
105	621
105	820
105	993
106	368
106	628
107	142
107	275
107	622
107	712
108	647
108	753
108	865
108	899
108	939
108	1181
109	238
109	774
109	807
109	856
109	1186
110	167
111	632
112	740
112	786
113	1127
114	163
114	460
114	628
115	296
115	629
115	812
115	1075
116	317
116	681
116	730
117	310
117	1141
117	1197
118	542
118	683
118	1161
118	1166
119	150
119	168
119	451
119	952
120	539
120	582
120	591
120	896
121	255
121	271
121	931
121	947
121	1107
123	742
123	1138
125	623
125	835
125	1114
126	211
126	621
126	927
126	1027
126	1149
127	319
127	352
127	643
127	807
127	893
127	1029
128	132
128	185
128	474
129	543
129	974
130	169
130	389
130	1037
131	175
131	454
131	643
131	856
131	1061
132	578
133	164
133	620
134	407
134	742
134	877
135	325
135	336
135	590
135	805
136	533
136	802
136	904
136	914
136	1089
137	490
137	687
137	1078
138	408
138	779
138	1105
139	303
139	429
139	1093
140	606
140	1033
141	434
141	458
141	968
141	1063
141	1182
142	553
142	563
142	888
142	1072
143	149
143	276
143	327
143	588
143	646
143	679
143	777
144	489
144	535
144	606
145	230
145	1165
146	520
146	1015
146	1142
147	236
147	310
147	549
147	1132
148	678
148	757
148	770
148	982
148	1062
148	1103
148	1198
149	490
149	733
149	866
149	989
150	285
150	750
151	288
151	647
151	913
152	490
152	789
152	914
152	1193
153	185
153	257
153	1061
154	302
154	457
154	1148
155	216
155	473
155	524
155	705
156	968
156	1068
157	353
157	438
157	823
158	298
158	876
158	1002
158	1160
159	204
159	1070
159	1083
159	1169
160	550
160	1049
160	1081
161	461
161	507
161	952
161	978
161	1125
162	968
163	573
163	813
163	1185
164	283
164	946
165	415
165	700
165	722
165	1094
165	1188
165	1195
166	351
166	554
166	601
166	667
167	403
167	458
167	947
168	370
168	810
168	1086
169	519
169	885
169	930
169	995
170	536
170	544
170	826
171	374
171	382
171	843
171	870
171	1035
171	1189
172	306
172	951
172	1127
173	515
174	830
174	912
174	1095
175	200
175	890
175	969
175	1164
176	438
176	507
177	326
177	441
177	491
177	496
177	590
177	1069
178	229
178	348
179	1030
180	219
180	768
180	800
181	427
181	974
181	1157
181	1164
182	385
182	504
182	1146
183	268
183	414
183	439
183	601
183	689
183	729
183	1069
183	1103
183	1180
184	277
184	692
184	1038
184	1109
185	257
185	549
185	990
185	1134
186	311
186	607
186	722
186	1197
187	496
187	1019
187	1156
188	359
188	668
188	954
188	1109
189	630
189	909
190	603
190	756
190	854
190	865
190	875
190	923
191	524
191	687
191	808
192	246
192	471
192	1005
193	547
193	550
193	1106
194	512
194	534
194	742
195	407
196	423
196	549
196	691
196	1087
197	971
198	434
198	599
199	308
199	344
199	459
200	217
200	224
200	403
200	994
200	996
201	507
201	541
202	584
202	901
202	1001
203	237
203	417
203	784
203	1154
204	440
205	558
205	873
205	1024
206	223
206	438
207	239
207	480
207	892
208	500
208	741
208	768
208	932
208	1053
208	1077
209	370
209	392
209	627
209	682
209	1127
210	526
210	933
210	1046
210	1091
211	256
211	348
211	711
212	432
213	337
213	1026
214	322
214	1127
215	289
215	550
215	926
215	953
215	1006
215	1030
216	797
216	1079
217	596
218	263
218	670
218	1135
219	619
219	728
219	852
219	1016
219	1103
220	529
220	612
220	1028
220	1109
220	1162
221	354
221	1025
221	1092
222	232
223	241
223	398
223	577
223	1136
224	425
224	590
224	791
224	1168
225	807
226	233
227	564
227	748
227	928
227	1002
227	1007
227	1125
228	460
228	495
228	890
229	450
229	474
229	946
230	301
230	360
230	367
230	1093
231	955
232	409
232	578
232	711
232	936
234	806
234	825
235	853
235	926
235	933
236	472
236	834
236	921
236	1014
236	1168
237	257
237	401
237	540
237	892
238	435
238	461
238	798
238	1012
238	1158
239	634
239	985
240	320
240	766
240	1061
241	771
241	779
241	850
241	984
242	256
242	313
242	648
242	1044
243	835
243	1164
244	808
245	842
245	860
245	1040
245	1063
246	330
246	677
247	959
247	1012
247	1030
248	509
248	534
248	795
249	386
250	1023
251	293
251	359
251	444
251	692
251	791
251	890
251	1118
251	1165
252	264
252	297
252	413
252	731
252	965
253	420
253	651
253	912
254	397
254	583
254	641
255	256
255	488
255	587
255	618
255	973
255	1010
256	550
256	797
257	386
257	843
258	309
258	342
258	443
258	968
259	694
259	854
259	877
259	954
260	470
260	704
260	753
260	1002
261	544
261	630
261	834
261	1178
262	789
262	794
262	815
263	679
263	861
263	1146
264	638
264	797
264	1070
265	319
265	780
265	797
265	1143
265	1170
266	730
267	1005
267	1140
268	718
269	855
269	1057
269	1071
269	1087
269	1154
270	1009
271	492
271	702
271	953
272	473
272	790
272	839
272	878
272	881
273	1190
274	278
274	414
274	547
275	342
275	498
275	551
275	566
275	594
275	1144
275	1197
276	1041
277	709
278	402
278	795
278	1195
280	355
280	368
280	509
280	591
280	723
280	849
280	960
281	885
282	426
282	748
283	326
283	359
284	291
285	649
286	711
286	1153
287	734
287	1184
288	309
289	392
289	740
290	645
290	654
290	668
290	730
290	735
290	1072
291	548
291	720
292	763
292	1000
292	1027
293	517
293	762
293	1003
293	1188
294	344
294	614
294	776
294	867
295	706
295	808
295	984
295	1116
296	709
296	913
297	335
297	995
297	1089
298	326
298	535
298	733
298	869
299	328
299	499
299	715
300	991
301	676
301	1076
301	1091
301	1092
301	1158
301	1176
302	335
302	444
302	903
302	1017
302	1084
302	1121
303	628
303	723
303	793
303	891
304	796
304	1197
305	1011
305	1167
306	468
306	594
306	964
306	980
306	1136
307	625
307	680
307	1171
307	1199
308	433
308	1039
308	1111
309	693
309	719
309	729
309	754
309	854
309	1127
310	367
310	590
310	629
310	698
310	1043
310	1187
311	324
311	440
311	593
311	813
311	1078
311	1191
312	998
312	1126
312	1136
313	364
313	585
313	634
313	796
313	809
313	1160
314	528
315	405
315	651
315	698
315	872
315	996
316	426
316	750
316	869
316	906
316	930
318	876
318	975
319	421
319	748
320	542
320	626
320	654
320	1173
321	560
321	1185
322	460
322	941
323	447
323	597
323	1032
324	427
324	545
324	724
324	861
324	893
324	1069
324	1167
325	639
325	694
325	769
326	363
326	814
326	849
327	613
327	976
328	425
328	480
328	817
328	953
328	1177
329	515
329	557
329	626
329	653
329	830
330	363
330	818
330	971
331	383
331	690
332	360
332	880
333	425
333	1051
334	379
334	495
334	669
334	681
334	824
335	1027
336	828
337	370
337	473
337	1129
337	1193
338	674
338	847
338	911
339	448
339	469
339	919
339	1146
340	489
340	603
340	650
340	854
341	870
342	421
342	533
342	600
342	904
343	781
343	791
344	521
344	548
344	1005
344	1187
345	991
345	1084
346	372
346	424
346	455
346	530
346	569
346	610
347	810
347	844
347	956
347	1093
348	555
348	600
349	650
349	706
349	1068
349	1142
350	741
350	850
351	536
351	940
351	1179
352	793
352	809
352	884
352	1077
353	972
354	930
354	952
355	451
355	571
355	1071
356	625
356	988
356	1148
357	392
357	960
357	1045
357	1181
358	783
358	883
360	834
361	379
361	401
361	617
362	656
362	786
362	1003
362	1047
363	1058
363	1120
363	1135
363	1159
363	1175
364	421
364	492
364	556
364	569
364	597
364	828
364	942
365	939
365	1009
366	438
366	536
367	1149
368	572
368	638
368	684
368	926
368	987
368	1084
369	507
369	661
369	705
369	751
369	829
369	919
369	1087
370	653
371	416
371	797
371	1039
372	720
372	1048
373	767
373	1081
374	459
374	488
374	570
374	651
374	686
374	718
374	1050
375	742
376	377
376	391
376	1087
378	956
379	553
380	468
380	1162
380	1176
381	716
381	804
381	978
381	1066
381	1114
382	601
382	1005
382	1142
383	442
383	1081
383	1114
385	634
387	412
387	745
387	774
387	853
387	1025
387	1031
387	1164
388	574
388	1090
389	869
389	1183
390	587
391	515
392	544
392	616
392	722
392	916
392	1017
393	549
393	619
393	928
393	1107
394	1137
396	560
396	626
396	832
396	1176
397	636
398	806
398	1165
399	536
399	630
400	492
400	577
400	897
401	707
401	912
402	754
402	837
402	879
402	900
402	1194
403	914
403	1006
403	1135
404	757
404	822
405	500
406	727
406	752
406	922
406	1142
406	1156
406	1159
407	527
407	615
408	804
408	908
408	926
408	1119
409	526
409	544
409	567
409	776
409	876
410	540
410	550
410	1071
411	440
411	720
412	785
412	832
412	865
412	914
412	930
414	829
414	846
414	971
415	1041
415	1103
416	672
416	1113
417	716
417	743
417	961
418	512
418	742
418	1045
418	1151
419	701
420	525
421	626
421	1129
422	513
422	646
422	817
422	992
423	517
423	842
424	586
424	782
424	1024
424	1055
425	1042
426	434
426	685
426	706
426	882
427	806
427	1161
428	644
428	657
428	888
428	1121
429	486
430	1078
431	694
431	880
431	917
431	1071
431	1101
431	1144
433	673
433	779
433	970
434	880
435	464
435	551
435	676
436	967
436	985
437	604
437	667
437	1172
439	561
439	805
439	1031
441	468
441	483
441	625
441	768
442	715
442	899
442	911
442	1082
442	1093
443	525
443	626
443	1138
444	706
444	1197
446	546
446	672
447	654
447	809
447	887
447	932
449	476
449	754
449	955
449	974
451	502
451	539
451	708
451	1112
452	521
452	640
452	785
453	1166
455	778
455	853
455	889
455	936
456	837
457	565
457	580
457	787
457	806
457	862
457	909
458	489
458	776
458	1145
459	597
459	872
460	803
460	864
461	961
461	1071
462	547
462	710
462	895
462	951
462	1102
463	711
463	1190
464	1166
464	1190
465	468
465	809
465	835
465	851
466	779
466	787
466	1170
467	628
467	752
468	576
468	961
469	542
469	1147
470	592
470	670
470	1191
470	1192
471	560
471	1144
471	1169
472	503
472	557
472	706
472	947
472	1159
473	812
473	918
474	558
474	1006
475	506
475	571
475	811
476	1079
476	1142
477	676
477	738
477	1106
478	809
479	551
479	700
480	1078
481	570
481	607
481	879
481	1071
482	863
482	1058
483	692
483	802
484	495
484	582
484	895
485	573
485	625
485	750
485	781
485	1138
486	666
486	1008
486	1156
486	1170
487	545
489	527
489	780
489	1011
491	726
491	1187
492	1095
493	972
494	601
494	769
494	776
494	1082
495	593
495	935
496	740
496	872
497	717
497	1037
498	591
498	737
498	815
499	532
499	724
499	865
499	875
500	808
500	901
500	996
503	634
503	1045
504	821
504	823
504	834
504	1167
505	546
505	667
505	670
505	949
505	1134
506	519
506	655
506	977
506	1146
507	553
507	727
507	770
507	872
507	910
509	917
512	551
512	941
512	957
512	1023
512	1056
513	712
513	897
513	1153
514	544
514	619
514	643
515	801
515	1174
516	638
517	1043
518	552
518	795
518	1004
518	1050
518	1137
518	1186
519	526
519	1093
520	585
520	776
520	846
521	655
521	845
523	742
523	800
524	856
525	539
525	541
525	551
525	809
525	1038
527	616
527	617
527	686
527	1091
528	664
528	969
528	1050
529	621
530	719
530	920
530	1087
530	1161
531	958
532	757
532	775
532	883
533	629
533	886
533	1017
534	858
534	873
535	728
535	995
536	587
537	627
539	717
539	1131
540	1162
541	701
541	746
541	747
542	1061
542	1196
543	920
544	1112
544	1117
545	653
545	847
546	922
547	888
548	847
548	1104
548	1194
549	585
549	632
549	814
549	973
549	1113
550	784
550	957
551	744
551	1155
552	605
552	938
552	1108
552	1118
552	1166
553	734
553	1184
553	1198
554	780
555	568
555	822
555	919
555	944
555	1131
556	835
557	745
557	791
557	930
557	1097
558	1184
559	579
559	769
559	1087
559	1109
560	837
560	914
560	938
562	962
563	622
563	766
563	873
563	880
564	672
564	825
565	708
565	743
565	872
566	596
566	770
566	990
569	671
569	815
570	786
570	1181
573	920
573	1076
575	894
576	769
576	894
576	986
577	1038
577	1048
578	683
579	1000
579	1056
580	734
580	891
581	638
581	1047
582	1116
583	701
583	983
585	898
585	1082
585	1193
586	845
586	1126
586	1183
588	759
588	893
588	1119
588	1155
589	839
590	690
590	697
590	756
590	791
590	806
592	890
592	1064
593	675
593	873
594	833
595	888
595	1020
596	859
596	896
596	932
596	933
597	679
597	829
598	614
598	786
598	841
598	1103
599	808
599	934
600	695
601	789
601	1096
602	769
602	918
602	1133
603	865
603	964
604	1039
604	1169
605	831
605	914
605	975
606	745
606	753
606	848
606	1063
607	645
607	783
607	903
608	745
608	1187
609	675
610	663
610	969
610	1183
611	761
612	625
613	1043
614	909
615	1111
616	759
616	869
616	1172
617	658
617	1090
618	670
619	1077
620	733
620	755
621	762
621	906
621	943
623	744
624	726
624	1095
625	1041
627	705
627	879
627	884
627	938
628	1095
628	1114
628	1127
629	790
629	1171
631	712
631	883
632	907
633	965
634	860
634	1015
635	690
635	758
635	999
637	992
638	662
638	930
639	702
639	1049
641	1013
641	1046
641	1119
642	785
642	788
642	933
643	728
644	1032
644	1064
645	716
647	706
647	1000
648	760
650	738
651	1058
651	1173
651	1174
652	847
653	736
653	1054
655	931
658	999
659	949
659	1148
659	1167
660	868
660	869
661	1129
661	1190
662	963
664	998
665	1076
667	669
667	711
668	746
668	1139
668	1157
669	751
669	776
670	732
670	1004
671	698
671	800
671	854
671	983
671	1053
672	1160
673	713
673	993
674	925
674	947
675	956
675	1038
675	1045
676	872
677	885
677	938
677	968
678	1152
678	1193
679	837
679	1004
679	1015
680	891
680	987
681	789
682	974
683	777
683	848
683	1010
683	1052
683	1053
683	1054
684	1100
685	1056
685	1184
686	944
687	988
687	994
688	769
688	982
689	1098
690	1145
691	744
692	756
692	870
692	1159
693	813
693	873
695	829
695	975
695	1131
696	933
696	1074
697	903
697	1018
697	1081
698	959
698	1076
699	734
699	738
699	1029
700	910
700	1195
702	994
702	1130
703	747
703	974
703	1072
703	1114
704	1045
705	909
705	938
705	1006
706	774
706	1092
706	1184
707	738
707	907
708	749
708	911
708	1073
708	1122
709	884
710	923
710	1036
710	1081
711	866
711	987
711	1097
711	1190
711	1192
713	1133
715	1144
716	731
716	1036
718	737
718	834
718	1116
719	1102
720	870
720	1124
721	1036
722	730
722	767
722	770
723	726
723	1101
723	1176
724	1085
724	1133
724	1176
725	936
725	1173
726	1108
727	768
728	735
728	808
731	807
731	953
731	966
732	809
732	987
733	1110
734	861
735	766
736	1068
738	942
738	975
738	1017
738	1170
740	799
740	987
740	1156
743	1041
744	956
744	1169
746	913
747	888
747	1082
748	1055
749	755
749	1158
749	1181
750	928
751	905
752	1126
753	1101
754	783
754	806
754	1180
755	873
756	826
756	1059
757	933
757	1125
758	763
758	922
758	932
759	1073
761	772
761	892
762	867
762	976
765	919
765	927
765	932
767	867
768	846
768	1125
769	1183
770	1088
771	839
771	864
771	1094
771	1096
771	1195
772	1198
773	813
773	1126
774	1155
775	864
775	1023
775	1126
776	850
778	868
779	837
780	1199
781	941
784	937
785	888
785	916
785	952
785	1024
785	1198
786	1091
786	1182
787	997
788	1134
788	1147
788	1190
789	850
789	1077
790	811
790	1012
790	1061
791	888
791	1158
791	1198
792	828
792	848
792	942
792	1014
794	989
796	1002
796	1096
797	886
797	917
797	987
798	848
798	927
798	1049
798	1064
798	1168
800	962
800	1145
802	804
802	1099
803	972
803	1199
804	1073
805	859
805	944
806	988
807	883
807	1128
808	892
808	1181
809	885
809	888
809	954
809	1027
809	1038
810	1141
811	979
811	1006
811	1101
811	1180
813	818
813	1039
814	1017
814	1115
814	1158
815	999
815	1034
816	817
818	819
819	969
819	1030
819	1166
820	881
821	997
822	917
822	1003
823	834
823	909
823	944
824	955
824	981
824	995
824	1044
824	1111
825	988
825	1187
826	971
827	923
828	1083
829	842
830	1091
830	1093
830	1125
832	1129
833	991
834	1030
835	926
835	991
835	1111
836	1139
837	872
837	942
837	1128
839	1196
841	973
842	1032
843	1080
843	1153
845	1032
847	1029
849	1085
850	1020
852	1163
854	990
854	1006
856	1034
856	1183
857	1059
857	1163
858	1114
858	1162
861	1107
862	866
862	894
862	928
863	911
863	1093
865	980
866	999
867	1007
867	1048
868	1100
869	1163
871	1066
872	1064
873	1073
874	1008
874	1052
875	1150
876	1138
877	890
877	900
877	934
878	894
878	1198
880	1156
881	885
881	956
881	1025
882	1039
882	1171
883	1160
885	955
886	998
886	1046
887	888
887	950
888	987
888	1010
888	1140
889	984
889	1010
892	933
894	1130
899	1144
900	971
901	925
901	1011
901	1128
902	1022
903	1104
904	992
906	1156
907	921
907	958
907	1031
908	1055
909	1004
909	1055
913	956
913	1028
913	1111
913	1140
913	1148
914	923
915	1011
916	1138
917	1158
918	931
919	970
920	1126
920	1158
921	1056
922	1133
923	1113
924	1062
924	1190
925	993
925	999
925	1074
925	1184
926	1044
927	1019
928	1005
929	946
929	979
929	1021
933	1054
933	1145
934	1172
939	1163
940	1178
941	1112
942	1018
942	1091
943	1130
945	1161
946	1086
948	979
952	982
952	1122
953	1106
954	1141
955	972
958	1022
959	1156
960	997
961	1044
961	1158
964	980
964	983
964	1099
968	1187
969	1190
970	1074
971	1132
971	1191
976	1181
977	1074
978	1135
979	1072
981	998
984	1111
986	1135
988	1062
991	1064
992	1097
992	1107
994	1181
997	1012
998	1063
1000	1059
1001	1157
1003	1159
1004	1027
1006	1016
1007	1017
1007	1182
1008	1097
1009	1150
1009	1166
1010	1086
1010	1157
1014	1196
1016	1136
1018	1159
1019	1169
1020	1028
1021	1024
1021	1058
1022	1077
1022	1118
1026	1090
1029	1043
1029	1045
1031	1052
1031	1071
1037	1142
1038	1150
1042	1062
1042	1084
1042	1192
1046	1129
1047	1125
1051	1179
1053	1134
1054	1093
1055	1151
1058	1109
1059	1062
1062	1087
1063	1162
1065	1083
1065	1098
1067	1106
1069	1081
1069	1129
1070	1143
1073	1095
1076	1179
1079	1084
1081	1151
1089	1193
1090	1167
1090	1171
1092	1095
1093	1185
1096	1123
1098	1111
1101	1180
1102	1131
1104	1191
1106	1132
1119	1198
1125	1126
1130	1147
1132	1136
1147	1171
1150	1158
1157	1195
1160	1171
1160	1191
1174	1187