0	123
0	125
0	377
0	966
0	1046
1	252
1	577
1	787
1	963
1	1198
2	665
2	742
2	1042
2	1106
2	1121
3	379
3	508
3	1191
4	319
4	382
4	401
4	485
4	1092
5	252
5	353
5	1063
6	22
6	139
6	186
6	307
6	431
6	542
6	1008
6	1056
7	306
7	664
7	907
8	287
9	87
9	224
9	503
9	625
9	766
9	822
10	252
10	258
10	512
10	541
10	895
10	947
11	26
11	65
11	824
11	1038
12	70
12	102
12	362
12	468
13	107
13	141
13	144
13	162
13	486
13	801
13	1060
13	1123
14	43
14	298
14	375
14	429
14	642
14	666
14	724
15	321
15	324
15	623
15	875
16	21
16	32
16	375
16	756
16	769
16	875
16	1190
17	577
17	601
17	710
17	1198
18	305
18	384
18	829
18	1143
19	385
19	1128
20	191
20	275
20	281
20	481
21	88
21	443
21	456
21	576
21	796
21	798
21	992
21	1160
21	1191
22	324
22	397
22	409
22	447
22	1037
22	1107
22	1126
22	1142
23	507
23	625
23	981
24	316
24	343
24	506
24	771
25	358
25	704
26	201
26	300
26	386
26	649
26	784
27	300
27	428
27	663
27	716
28	46
28	223
28	338
28	339
28	832
28	1165
29	83
29	91
29	379
29	818
29	914
29	1137
29	1186
30	337
30	355
30	870
31	113
31	673
31	727
31	1010
31	1180
32	593
32	883
32	916
32	1054
32	1165
33	218
33	562
33	781
33	1088
34	126
34	389
34	527
35	364
35	586
35	886
35	1157
35	1162
36	127
36	441
37	338
37	1079
38	46
38	68
38	96
38	190
38	482
38	964
39	285
39	918
39	951
40	341
40	1065
41	61
41	692
42	416
42	586
42	1193
43	530
43	869
43	898
43	924
43	933
44	494
44	892
44	928
44	945
44	1035
45	454
45	930
45	1107
46	111
46	217
46	474
46	680
46	989
47	95
47	271
47	626
48	277
48	892
49	83
49	102
49	252
49	710
49	893
49	1164
50	279
50	370
50	517
51	1060
52	134
52	558
52	621
53	109
53	229
53	259
53	326
53	389
53	574
53	837
54	904
54	951
55	68
55	236
55	297
55	493
55	918
55	1117
55	1120
55	1185
56	125
56	215
56	410
56	454
56	530
56	735
56	932
56	953
57	480
57	564
57	753
57	908
57	1196
58	273
58	458
58	683
59	129
59	252
59	326
59	587
60	121
60	703
60	1013
60	1045
60	1174
61	87
61	356
62	194
62	790
62	909
62	1030
63	136
63	652
63	1135
64	419
64	575
64	626
64	693
64	1106
64	1177
65	268
65	440
65	1137
65	1142
66	109
66	488
66	528
66	803
66	819
67	740
67	1023
68	106
68	141
68	473
68	702
68	763
68	893
68	1118
68	1162
69	183
69	215
69	333
69	438
70	512
70	532
70	762
71	198
71	212
71	334
71	607
72	233
72	954
72	1096
72	1162
73	90
73	231
73	406
73	588
73	992
73	1077
74	285
74	374
74	698
75	934
75	977
75	1054
75	1066
75	1123
76	647
76	840
76	988
76	1121
77	176
77	394
77	728
77	833
77	897
77	929
77	1156
77	1161
78	238
78	543
78	628
78	692
78	1070
78	1134
79	524
79	614
79	875
80	244
80	852
80	1180
81	256
81	300
81	414
81	751
81	821
81	986
82	687
82	1183
83	159
83	174
83	350
83	535
84	379
84	619
84	679
84	914
84	1064
85	552
85	554
85	703
85	808
85	889
86	474
86	546
87	283
87	332
87	775
87	837
87	898
87	959
87	1141
87	1182
88	137
88	307
88	474
88	517
88	590
88	668
88	830
88	893
89	780
89	821
89	827
89	874
89	1051
90	319
90	327
90	365
90	894
90	997
91	871
91	918
91	1193
92	207
92	614
92	764
92	1161
93	160
93	854
93	1127
94	506
94	1104
95	96
95	126
95	230
95	486
95	539
95	845
96	334
96	608
96	944
97	565
97	853
97	978
98	177
98	377
99	393
99	772
99	773
99	909
99	916
99	1119
100	224
100	774
100	802
100	986
100	1137
101	466
102	368
103	323
103	426
103	595
103	647
103	675
103	690
103	786
103	981
104	243
104	419
104	697
104	770
104	819
105	195
105	866
106	451
106	513
106	826
107	264
107	297
107	329
107	731
107	925
107	991
107	1014
107	1058
107	1161
108	122
108	232
108	627
108	1104
108	1141
109	491
109	919
109	1039
109	1159
110	564
111	272
111	697
111	1096
112	593
113	257
113	290
113	304
113	596
113	955
113	1045
113	1169
114	442
114	678
115	666
115	740
115	845
115	1018
115	1086
116	354
116	787
116	1154
117	248
117	358
117	600
117	713
117	991
118	855
118	1064
118	1145
119	132
119	332
119	430
119	773
120	575
120	904
120	1063
120	1088
121	158
121	661
122	233
122	694
122	1035
122	1071
123	209
123	490
123	555
123	580
124	304
124	1164
124	1185
125	434
125	646
125	1009
126	1171
127	410
127	507
127	752
127	866
127	921
127	1042
128	657
129	506
129	834
129	844
129	1178
130	209
130	470
130	1049
131	154
131	241
131	997
131	1040
132	238
132	422
132	599
132	662
132	714
132	1155
133	621
133	915
133	1143
134	295
134	578
134	961
134	1138
134	1141
135	223
135	1036
136	267
136	316
136	325
136	334
136	766
136	1088
136	1124
137	248
137	564
137	718
137	1054
138	188
138	668
138	684
138	706
139	557
139	1119
139	1139
140	506
140	609
140	615
140	1157
141	414
141	917
142	200
142	558
142	662
142	688
142	867
142	995
143	199
143	556
143	1068
143	1160
144	167
144	192
144	514
144	856
145	457
145	662
145	734
145	830
145	849
146	490
146	748
146	859
147	739
147	932
147	1133
148	588
148	709
148	791
148	948
148	968
148	1003
148	1133
148	1179
149	235
149	359
149	1166
150	444
150	1080
150	1190
151	206
151	249
151	508
151	573
151	684
151	942
152	615
153	177
153	287
153	534
153	540
153	874
154	568
155	862
156	209
156	402
156	778
156	1171
157	429
157	516
157	1160
158	829
158	868
158	987
159	238
159	349
159	714
159	827
159	1043
160	381
160	946
161	378
161	651
161	785
163	295
163	565
164	791
165	542
165	1004
166	383
166	776
167	307
167	584
167	1100
167	1112
167	1188
168	220
168	490
168	620
168	698
168	853
168	866
168	1136
169	219
169	577
169	650
170	386
170	432
170	512
170	531
170	947
170	970
171	519
171	672
171	857
172	215
172	374
172	441
172	743
172	1184
173	650
173	1131
174	572
174	726
174	835
175	398
175	399
175	417
175	807
176	349
176	511
176	1043
177	233
177	397
177	460
177	812
177	884
177	979
178	271
178	343
178	604
178	647
178	710
178	727
178	891
179	378
179	848
180	259
180	433
180	523
180	644
180	691
180	818
181	407
181	951
182	241
182	369
182	582
182	1037
183	540
183	745
183	798
184	443
184	972
184	989
184	1033
185	361
185	744
185	745
185	1004
186	923
187	777
188	426
188	463
188	520
188	724
188	884
188	1102
189	355
189	376
189	438
189	493
189	1024
190	486
190	601
190	769
190	1093
191	350
191	628
191	1158
192	475
192	515
192	1064
193	453
193	754
193	991
194	318
194	350
194	356
194	438
194	453
194	566
194	580
194	853
195	820
195	849
195	900
196	375
196	625
196	1161
197	234
197	771
197	1112
197	1133
198	348
198	919
199	360
199	453
199	585
199	681
200	334
200	972
201	699
201	1161
201	1179
202	349
202	357
202	809
202	895
202	1179
203	394
203	1014
203	1124
204	224
204	454
204	1187
205	356
205	498
205	615
205	698
205	990
205	1014
205	1020
205	1073
206	418
206	488
206	945
207	220
207	716
207	836
207	874
208	586
208	836
208	869
208	1047
209	377
209	386
209	471
209	936
210	230
210	468
210	510
210	520
210	541
210	658
210	1102
210	1189
211	581
211	606
211	1048
211	1173
212	409
212	623
212	649
212	694
212	696
212	709
212	911
212	1036
212	1069
212	1135
212	1170
213	431
213	596
213	610
213	1079
213	1097
213	1183
214	563
214	958
214	1055
215	392
216	579
216	674
217	631
218	342
218	451
218	575
218	583
219	412
220	662
221	474
221	793
221	826
221	839
221	972
221	1081
222	290
222	332
222	727
222	1030
223	366
223	516
223	856
223	1111
224	280
224	288
224	472
224	1010
224	1167
225	593
225	746
225	1154
226	600
226	760
227	331
227	714
227	1182
228	248
229	327
229	340
229	364
229	844
230	309
230	514
230	559
230	662
230	964
230	1065
230	1132
232	1174
233	459
233	706
233	801
233	915
233	1129
233	1197
234	739
234	833
234	1146
235	585
235	1033
236	774
236	809
236	853
237	436
237	1002
238	396
238	475
238	655
238	840
239	303
239	962
239	1196
240	873
240	902
240	928
240	1001
240	1089
240	1124
240	1141
241	418
241	1050
241	1094
242	428
242	473
242	911
243	736
244	250
244	299
244	310
244	632
244	847
244	912
245	1024
245	1116
246	707
246	860
247	294
247	545
247	919
247	1184
249	767
250	494
250	560
250	569
250	689
250	1091
251	884
251	945
251	1107
252	555
252	653
252	993
252	995
253	753
253	934
254	317
254	359
254	776
255	793
256	402
256	540
256	739
256	1000
257	315
257	327
257	524
257	704
257	918
257	1036
258	378
258	425
258	592
258	741
258	860
258	1133
259	663
259	1175
260	277
260	313
261	495
261	729
261	772
261	943
261	949
262	718
263	680
265	388
265	838
266	284
266	793
266	1150
267	489
267	1176
268	1165
269	556
269	691
270	448
270	936
270	1076
271	926
272	356
272	636
272	888
272	1047
273	379
273	615
274	617
274	719
275	860
275	930
275	1120
275	1153
276	333
276	875
276	976
276	1178
277	311
277	1148
278	518
278	1154
279	381
279	589
279	831
280	954
281	783
282	311
283	326
283	647
284	286
284	931
284	993
285	477
286	303
286	388
286	665
286	848
287	636
288	443
288	774
288	978
289	740
290	1124
291	578
291	665
291	849
291	942
292	300
292	717
292	816
292	918
292	1002
293	637
293	800
293	987
294	303
294	322
294	454
294	667
294	700
294	752
294	772
295	369
295	729
295	838
296	562
296	681
296	850
297	431
297	1125
298	299
298	338
298	683
298	845
298	1195
300	569
300	1081
301	318
301	415
302	381
302	436
302	890
302	1193
303	753
303	781
303	806
303	1074
304	347
304	1066
304	1116
305	380
305	608
305	965
305	1068
305	1121
305	1151
306	608
306	654
306	873
307	1176
308	944
309	390
309	705
309	711
309	806
309	852
309	932
309	1025
310	1046
310	1059
311	540
311	894
312	495
312	522
312	746
312	949
312	956
313	701
313	1040
314	864
314	1165
315	360
315	721
315	919
315	1070
316	415
316	785
316	1046
316	1197
317	409
317	469
317	605
317	850
317	866
317	902
318	733
318	1074
319	387
319	462
319	502
319	605
319	834
320	626
320	910
320	1156
321	476
321	495
321	640
321	855
322	927
322	1125
322	1194
323	331
323	762
323	812
323	1079
324	354
324	435
324	466
324	839
324	1167
326	420
326	739
326	951
326	979
326	1112
327	407
327	546
328	510
328	797
328	1060
328	1090
329	559
329	796
330	715
331	559
331	606
331	639
331	640
331	655
332	472
332	514
332	869
332	984
332	1044
332	1048
332	1069
333	472
333	952
333	1066
334	589
335	391
335	437
335	494
335	726
335	777
335	967
335	1012
336	712
338	684
338	692
338	696
338	852
338	861
339	721
339	1088
339	1111
340	597
340	934
341	788
341	824
341	872
341	1024
342	1111
343	509
343	889
343	939
344	443
344	835
344	882
344	1125
345	1033
346	591
346	855
346	921
346	1072
347	773
347	932
347	990
348	357
348	873
348	1078
348	1186
349	419
349	1166
350	444
350	459
350	726
351	1038
351	1129
352	803
353	622
354	596
354	1028
355	586
355	610
355	868
356	834
356	936
356	1003
356	1061
357	495
357	541
357	781
357	1077
358	1095
359	436
359	1122
359	1166
360	492
360	629
360	916
361	1112
361	1124
362	418
362	784
362	944
362	946
362	1033
362	1038
362	1039
363	379
363	458
363	615
363	663
363	818
363	939
364	432
365	483
365	622
366	926
367	572
368	1148
369	605
369	700
370	540
370	663
370	739
371	1068
371	1128
372	690
372	1191
373	598
373	1033
373	1110
374	395
374	972
375	678
375	818
376	661
376	1031
377	561
377	1025
378	441
378	749
378	778
379	904
379	1097
379	1156
380	395
380	641
380	892
381	415
381	476
381	491
381	650
381	880
381	1019
381	1041
381	1119
383	553
383	647
384	952
384	1102
385	399
385	780
385	818
385	1026
386	560
386	774
386	1010
387	601
387	613
387	733
387	915
388	529
388	1101
388	1148
389	521
389	958
389	1058
390	659
390	704
391	634
392	677
392	763
392	1155
393	577
393	584
393	679
393	790
393	1126
394	403
394	986
394	1195
395	434
395	673
395	868
396	1079
397	826
397	843
397	924
397	1030
398	526
398	926
398	1086
399	826
399	1028
399	1101
400	406
400	468
400	855
400	973
401	667
401	1095
403	1077
404	531
404	824
404	1004
404	1024
404	1101
404	1131
404	1160
405	592
405	819
406	768
407	472
407	667
407	769
407	833
407	958
407	1074
408	499
408	567
408	673
408	696
409	875
409	1173
410	935
410	1053
411	709
411	723
411	779
411	780
411	829
411	1066
412	596
412	610
412	655
413	425
413	541
413	887
413	911
413	925
413	1070
414	625
414	741
414	1124
414	1125
417	497
417	585
417	730
417	1133
417	1147
418	476
418	498
418	1087
421	1134
422	470
422	506
422	931
423	584
423	984
424	472
424	781
424	851
425	651
425	824
425	931
426	593
427	491
427	605
427	1058
429	798
429	957
429	1068
430	578
430	1028
431	529
431	611
431	1008
431	1101
432	665
433	779
434	496
435	599
436	686
436	1052
436	1177
437	710
437	771
437	879
438	758
438	861
438	927
439	691
439	960
440	672
440	697
440	950
440	1052
440	1153
441	689
441	863
441	920
441	1049
442	565
442	977
443	703
443	1029
443	1199
444	634
444	669
444	845
445	607
446	497
447	847
447	893
448	1042
448	1056
448	1065
449	870
449	908
449	915
449	941
449	1001
450	493
450	735
450	942
450	1141
451	652
451	926
451	962
451	1128
452	473
452	604
452	627
452	787
453	673
453	919
454	461
454	635
454	794
454	848
454	926
455	686
455	994
456	577
456	860
456	1184
457	483
457	685
457	687
457	832
457	846
457	1193
458	514
458	769
458	805
458	1128
458	1167
459	476
459	714
459	741
459	1062
460	548
460	566
460	808
461	1072
461	1073
462	602
462	732
462	961
464	573
464	829
464	914
464	930
464	1169
465	862
465	1091
466	918
466	1090
467	833
468	589
469	539
469	669
469	1114
470	684
470	786
470	963
471	564
471	680
471	1004
472	658
472	748
472	983
472	1059
473	515
473	636
473	1112
474	688
475	656
475	665
476	601
478	724
478	917
479	1162
480	559
480	656
481	636
481	840
481	866
481	1030
481	1149
482	509
482	632
482	905
482	1055
483	558
483	900
483	975
483	982
483	1106
484	723
485	734
485	856
485	958
486	833
486	1166
486	1192
487	953
488	698
488	844
488	1038
488	1089
489	511
489	565
489	610
489	906
489	951
489	982
489	1092
489	1190
490	594
490	1062
490	1134
491	662
492	857
493	675
493	1166
495	814
495	822
496	1040
497	553
497	590
497	618
497	890
497	987
497	1140
498	537
498	751
498	809
499	925
500	622
500	637
500	659
500	998
501	556
501	605
501	648
501	868
503	582
503	812
503	1151
503	1161
503	1166
504	523
504	716
504	846
504	882
504	975
505	593
505	875
505	1006
506	681
507	1144
508	784
508	806
509	743
509	896
509	1095
510	699
511	569
511	704
511	853
513	522
513	824
513	1103
514	639
514	687
514	1179
515	1007
515	1117
516	846
517	1128
518	1024
519	970
519	1002
519	1138
519	1159
521	556
521	879
521	1126
522	606
522	607
522	634
522	980
522	996
522	1163
523	653
523	1019
523	1032
524	1025
524	1107
525	708
526	836
527	533
528	853
528	1191
529	1105
530	894
530	1095
531	1097
532	686
532	846
532	961
533	1040
534	1027
535	643
535	721
535	933
535	969
535	1009
536	604
536	684
536	1186
537	584
537	903
537	1174
538	572
538	573
538	629
538	826
538	829
538	939
539	846
540	919
541	644
541	664
541	680
542	809
542	1063
543	746
544	616
544	724
544	851
544	914
544	980
544	1040
544	1097
544	1102
544	1153
545	712
545	1047
546	926
547	852
547	893
547	1134
548	576
548	832
548	910
549	636
550	715
550	721
550	1077
551	956
552	643
552	652
552	798
552	1023
553	700
553	701
553	1162
554	933
555	620
555	985
556	695
556	897
557	1085
557	1180
559	1135
559	1142
561	826
561	1083
562	1109
563	564
563	682
563	762
563	968
563	1142
564	861
564	1008
565	750
565	1058
566	1079
566	1118
566	1197
567	885
568	725
568	821
568	896
568	897
569	740
569	1105
570	999
571	827
571	901
571	1088
571	1180
572	1011
572	1052
572	1068
573	837
574	734
575	702
575	715
575	810
575	859
576	763
576	971
576	1134
578	791
579	669
579	759
580	707
580	820
580	975
580	1096
580	1148
582	1011
583	590
583	1037
583	1105
583	1158
584	676
585	741
585	784
585	1159
586	731
586	782
586	948
587	843
587	1070
587	1112
587	1115
588	709
589	680
589	850
590	819
590	898
590	916
590	992
591	597
591	790
591	1067
591	1195
592	1069
592	1178
593	797
593	1016
593	1021
594	1104
594	1196
595	694
595	1030
596	984
597	1085
597	1103
598	1147
599	1026
600	988
601	688
601	784
601	894
601	908
602	1196
603	967
604	606
604	1027
604	1094
604	1101
605	1021
606	905
606	999
607	1058
607	1164
607	1199
608	674
609	643
609	792
609	997
610	691
610	1128
611	703
611	764
612	859
612	912
613	851
613	972
613	1031
616	943
617	638
617	790
618	929
618	1075
620	799
620	1064
620	1120
621	1019
621	1175
622	748
622	772
622	842
622	1034
622	1139
623	624
623	628
623	743
623	753
623	952
624	874
624	888
625	656
626	674
626	684
626	692
626	744
626	1048
626	1180
628	807
628	953
628	966
628	1135
629	786
629	845
629	1088
630	655
630	922
630	1025
631	1148
632	663
632	986
632	1064
633	882
633	995
634	955
635	663
635	998
635	1190
636	732
636	947
637	734
638	712
638	738
639	679
639	763
639	1025
640	1123
641	848
641	957
641	1141
642	655
642	780
642	905
643	1067
643	1152
645	1176
646	857
648	752
649	667
649	1071
650	735
650	745
651	876
651	1094
652	969
652	1091
653	671
653	749
653	851
653	999
655	761
656	736
656	1003
657	866
657	1172
658	768
659	964
659	1022
660	781
660	817
660	921
660	943
660	1035
661	1146
662	912
663	821
664	1020
664	1172
665	744
665	820
665	1138
667	1019
667	1191
668	773
668	795
669	1071
670	701
671	746
671	906
671	927
672	903
672	1133
675	963
678	968
678	1117
680	1009
680	1134
681	819
682	762
682	872
682	1078
683	752
683	858
684	811
685	767
685	839
685	1145
688	894
688	1043
688	1114
689	828
689	874
690	1000
692	874
692	881
693	943
693	986
696	711
696	930
696	956
696	1126
697	820
697	974
698	865
698	1065
698	1090
699	1022
700	794
700	845
700	1036
701	732
701	929
701	1196
702	728
702	1195
703	883
703	1130
704	919
704	1017
704	1076
705	819
706	917
707	996
707	1068
707	1182
708	990
708	1069
708	1078
708	1196
709	888
709	988
709	993
710	733
710	1046
711	732
711	907
712	850
713	851
714	911
714	967
714	1052
715	1161
717	842
718	817
718	918
718	923
718	1081
719	799
719	905
720	875
720	1037
721	727
721	759
722	1094
723	1164
724	811
724	874
724	892
724	1016
725	925
727	775
727	826
727	1024
728	901
728	997
728	1034
729	1034
729	1060
731	906
732	792
732	1091
733	1047
736	812
737	1066
738	877
738	907
740	927
740	1134
741	751
741	849
742	888
743	1073
744	1041
744	1109
744	1199
746	748
747	846
747	859
747	1018
747	1060
748	804
748	877
748	1115
749	833
749	1170
750	770
750	878
750	1079
752	1098
755	1137
755	1175
756	908
757	999
757	1082
758	1132
758	1160
759	762
759	801
759	945
759	964
761	893
761	979
762	900
763	1103
765	1084
766	862
767	1015
767	1155
767	1197
770	771
770	1154
771	814
772	1110
773	1080
774	804
774	1001
776	1009
776	1168
777	798
779	1038
779	1043
779	1164
780	845
781	1185
782	1073
783	936
783	1184
784	1014
785	867
786	815
786	1133
786	1170
786	1183
787	802
787	1166
788	1154
789	945
789	1041
790	1014
792	1019
793	895
793	957
794	1039
796	812
796	825
797	848
797	1076
797	1167
799	825
800	971
800	1123
800	1199
802	932
803	875
803	908
803	1005
804	958
805	920
805	1151
806	811
806	952
807	980
810	1044
812	948
812	989
813	891
815	1022
815	1113
816	895
817	848
817	1136
817	1186
819	907
819	1056
821	961
822	989
823	1149
824	860
824	976
826	840
827	867
827	1139
829	893
831	1198
833	847
833	868
833	878
836	1034
836	1090
837	1009
838	851
838	902
838	1000
838	1116
840	857
840	996
840	1053
840	1168
841	1187
843	1112
844	1002
844	1058
845	1035
847	917
848	1152
849	1009
849	1105
851	984
852	1197
856	866
856	957
857	925
857	998
858	1066
860	889
860	1186
862	955
862	1001
862	1092
865	1025
865	1064
867	1015
868	1121
869	951
869	1021
869	1127
870	936
870	1106
871	948
872	1090
873	1190
874	981
875	1181
876	897
876	1179
879	949
882	1062
883	941
884	1039
884	1156
885	942
886	1061
887	905
887	1029
889	994
890	1158
891	897
891	1187
892	973
894	899
894	984
894	1110
897	946
897	1096
898	983
899	930
900	1090
902	944
902	988
902	1038
902	1126
903	1058
904	976
904	1111
904	1131
906	997
906	1181
907	974
907	1023
909	942
910	923
910	1197
911	984
912	1103
913	995
913	1022
914	976
915	991
915	1036
919	1166
921	970
921	1061
921	1181
922	963
922	984
922	1028
925	936
925	1008
926	1055
927	1166
929	959
929	1053
929	1100
929	1150
931	955
932	990
933	1090
936	1032
937	1046
937	1134
938	1029
940	1024
940	1089
942	1133
942	1143
943	1042
943	1070
946	1048
947	1102
949	1080
950	1015
952	1092
953	1000
954	970
954	1070
955	1136
957	1108
963	964
963	1061
965	1011
965	1073
971	1062
971	1160
972	1017
974	1079
976	1076
978	1084
981	1079
982	1147
983	1103
984	1041
984	1057
985	1047
986	1011
986	1110
987	1021
987	1096
987	1161
989	1097
991	1163
992	1078
992	1186
992	1194
995	1168
996	1115
997	1000
997	1009
999	1182
1001	1027
1001	1140
1005	1181
1005	1187
1006	1137
1009	1133
1011	1144
1012	1028
1013	1099
1015	1040
1016	1131
1018	1189
1019	1041
1019	1193
1021	1036
1025	1100
1025	1141
1026	1198
1028	1159
1031	1040
1031	1169
1035	1192
1037	1065
1038	1141
1044	1106
1049	1102
1049	1129
1053	1151
1055	1091
1057	1176
1058	1069
1060	1109
1062	1065
1062	1147
1064	1172
1065	1198
1067	1121
1068	1083
1071	1145
1075	1138
1082	1093
1085	1090
1085	1119
1085	1129
1085	1158
1089	1184
1090	1103
1092	1186
1092	1196
1096	1170
1098	1132
1098	1167
1105	1169
1106	1117
1110	1164
1111	1141
1112	1147
1114	1133
1115	1198
1119	1126
1120	1123
1137	1167
1139	1142
1139	1161
1146	1151
1148	1181
1152	1175
1160	1198
1178	1194