0	74
0	214
0	724
0	739
0	1014
0	1107
0	1110
1	283
1	797
1	927
2	85
2	450
2	893
2	895
2	902
2	1001
2	1043
2	1122
2	1174
3	48
3	162
3	226
3	469
3	902
3	1120
4	106
4	420
5	555
5	1016
6	34
6	305
6	378
6	396
6	864
7	309
7	559
7	693
8	281
8	872
8	887
9	117
10	228
10	906
10	1031
11	516
11	638
12	176
12	369
12	424
12	960
13	325
13	516
13	824
14	351
14	448
14	466
14	581
14	775
14	953
15	102
15	138
15	250
15	353
15	590
15	857
15	926
15	1079
16	45
16	668
16	951
16	1004
16	1152
17	97
17	579
18	30
18	440
19	281
19	721
20	807
20	847
21	48
21	91
21	521
21	655
21	752
21	854
21	1163
22	461
22	1036
23	161
23	187
23	296
23	353
23	1121
24	188
24	203
24	580
24	769
25	113
25	315
25	395
25	577
25	799
25	885
26	56
26	88
26	95
26	231
26	259
26	406
26	615
26	898
26	1077
26	1109
27	74
27	182
27	419
27	851
27	989
28	151
28	168
28	511
28	560
28	572
28	763
28	818
29	68
29	189
29	193
29	199
29	491
29	886
29	915
30	88
30	440
31	360
31	372
31	440
31	505
31	567
31	839
31	1087
31	1138
32	338
32	673
32	707
32	1135
33	39
33	60
34	543
35	130
35	292
35	1103
35	1120
35	1158
36	173
36	215
36	500
36	550
36	714
36	1150
37	551
37	647
37	653
37	1073
38	141
38	537
38	745
38	909
38	1001
39	342
39	359
39	536
39	737
39	783
39	877
40	59
40	468
40	744
40	863
40	960
40	1108
41	147
41	675
41	1058
42	170
42	358
42	538
42	546
42	738
42	1020
43	368
43	411
43	992
43	1021
43	1192
44	112
44	150
44	490
44	1040
44	1178
45	62
45	413
45	453
45	910
45	965
46	304
46	465
46	573
46	647
46	713
46	723
46	903
46	1093
46	1175
47	154
47	250
47	519
47	944
47	1013
48	951
48	959
49	333
49	378
49	489
49	900
50	289
50	757
50	918
50	1015
50	1035
50	1133
51	228
51	624
51	860
51	1036
52	635
52	654
52	761
52	874
52	902
53	562
53	1120
53	1187
53	1198
54	394
54	708
54	786
55	522
55	893
55	1006
55	1131
56	84
56	751
56	971
56	1141
57	120
57	154
57	793
57	807
58	186
58	547
58	733
58	767
58	1015
59	376
59	533
59	788
59	1066
59	1070
60	402
60	1197
61	103
61	560
62	79
62	339
63	540
64	281
64	481
64	549
64	942
65	361
65	653
65	684
65	789
65	971
65	1008
66	265
66	382
66	616
66	640
66	786
66	1106
67	231
67	440
67	596
67	622
67	799
68	444
68	503
68	506
68	521
68	1013
68	1080
69	570
69	611
70	446
70	511
70	679
70	1142
71	459
72	535
72	1003
73	251
73	252
73	610
73	752
73	1112
74	429
74	615
74	738
75	191
75	1064
76	290
76	293
76	536
76	949
76	982
77	704
77	1131
78	438
78	869
78	1180
79	1016
79	1038
80	126
80	764
80	821
80	1064
81	308
81	359
81	983
82	1037
83	238
83	444
83	967
83	1005
83	1115
84	276
84	318
84	638
85	224
85	760
85	947
86	227
86	369
86	488
86	1151
86	1172
87	580
87	725
87	989
87	1081
88	91
88	192
88	322
88	654
88	838
88	970
88	1040
89	181
89	612
89	842
90	449
90	451
90	462
90	515
90	863
90	955
90	983
91	210
91	404
91	1054
91	1058
92	645
92	967
92	1145
93	438
93	541
93	638
93	999
94	531
94	720
94	916
96	108
96	1085
97	583
97	631
97	637
98	158
98	161
98	823
99	939
100	123
100	230
100	645
100	938
101	251
101	862
101	1007
101	1061
101	1135
101	1142
102	128
102	370
102	457
102	974
103	204
103	351
103	515
103	813
103	873
103	948
103	961
104	176
104	487
104	774
105	205
105	451
105	488
105	699
105	700
105	1103
105	1106
106	154
106	177
106	206
106	381
106	777
106	1101
106	1167
107	188
107	508
107	662
107	956
107	1156
107	1174
107	1194
108	177
108	766
108	978
108	1021
108	1125
109	223
109	411
109	829
110	407
110	960
111	463
111	707
111	960
112	304
112	379
112	488
112	1142
113	786
113	1040
114	881
114	987
114	1024
114	1039
114	1063
114	1172
115	427
115	505
115	508
115	1133
116	166
116	321
116	1065
116	1170
117	1014
118	612
119	469
119	748
119	808
119	1169
120	149
120	705
120	829
121	315
121	884
121	1061
122	587
122	670
123	287
123	562
123	1033
123	1174
124	404
124	493
124	552
124	770
125	374
125	426
125	669
125	1053
125	1136
126	201
126	512
126	551
126	1084
127	433
127	663
127	666
128	487
128	514
129	428
129	513
130	326
130	1021
131	739
131	808
131	842
132	781
132	907
132	1051
133	251
133	556
133	968
134	178
134	287
134	379
134	427
134	602
134	718
134	864
134	873
134	911
134	1083
135	788
136	447
136	513
136	550
136	688
136	777
136	912
136	921
137	277
137	914
138	454
138	592
139	264
139	502
139	919
140	909
140	1174
141	322
141	664
141	900
141	916
141	927
142	451
142	535
142	593
142	778
142	1174
142	1184
143	191
143	241
143	755
143	844
143	1043
143	1045
144	188
144	721
144	728
144	961
144	974
144	1018
145	475
145	743
146	282
146	376
146	581
146	588
146	620
146	638
146	851
146	954
146	1038
146	1062
147	418
147	651
147	662
148	236
148	431
148	927
149	713
150	164
150	447
150	531
150	641
150	889
151	269
151	312
151	411
151	423
151	707
151	1055
152	499
152	617
152	1145
153	204
153	308
153	384
153	451
153	666
154	265
154	626
154	1067
154	1198
155	247
155	849
155	860
156	209
157	1091
158	372
158	1155
159	332
159	904
159	987
159	1042
159	1061
160	284
160	481
160	858
160	1111
161	704
161	992
161	1112
162	187
162	388
162	510
162	520
162	859
162	1180
163	957
163	1015
164	206
164	240
164	313
164	814
164	1119
165	887
166	280
166	368
166	459
166	482
166	853
167	644
167	879
167	1041
168	791
169	415
169	466
170	234
170	985
171	219
171	395
171	578
171	806
171	1023
172	252
172	334
172	424
172	574
172	710
172	931
172	970
173	845
174	261
174	363
174	418
174	442
174	685
174	780
174	838
174	992
175	498
175	696
175	763
175	1000
176	338
176	812
176	981
176	1042
176	1087
177	227
177	350
177	515
177	717
178	737
178	882
178	1075
179	206
179	267
179	578
180	494
180	620
181	292
181	296
181	360
181	391
181	598
181	605
181	742
181	1193
182	239
182	358
182	533
182	806
183	870
183	1185
184	511
184	961
185	647
185	1052
186	867
186	1081
187	659
187	746
187	865
188	307
188	463
188	464
188	593
188	821
188	849
189	208
189	323
190	1116
190	1166
191	675
191	1194
192	240
192	495
193	282
193	924
194	217
194	584
194	889
194	966
195	322
195	348
195	359
195	655
195	1140
196	792
196	930
196	1011
196	1166
197	977
198	236
198	321
198	698
198	816
198	893
198	1026
198	1146
199	218
199	248
199	1003
200	332
200	470
200	1086
201	254
201	509
201	528
201	560
202	648
203	637
203	734
203	779
203	803
204	255
204	585
204	616
204	629
204	1027
204	1062
205	240
206	528
206	585
206	851
206	1063
207	498
207	685
207	743
207	1008
207	1158
207	1167
208	336
208	458
208	555
208	607
208	903
209	550
209	697
209	877
210	573
210	730
210	1063
210	1130
210	1174
211	967
212	950
213	689
213	787
213	956
213	1088
213	1101
213	1182
214	364
214	591
214	786
214	1033
215	405
215	711
215	954
216	488
216	593
216	836
216	915
216	1071
217	663
217	903
217	1050
218	370
218	644
218	1012
219	684
219	898
219	1149
219	1150
219	1167
219	1185
220	826
221	227
221	644
221	827
221	1007
222	338
222	688
222	993
223	254
223	413
223	653
223	902
223	1000
224	462
224	570
224	795
225	873
226	472
226	1001
226	1044
227	407
227	604
227	711
227	996
228	390
228	475
228	513
228	591
228	862
229	257
229	272
229	697
229	777
230	743
230	915
230	978
230	1024
230	1057
230	1127
230	1194
231	339
231	671
231	833
231	938
231	1035
232	899
232	1011
233	278
233	300
233	706
233	778
234	1051
234	1189
235	236
236	244
236	460
236	576
236	717
236	845
236	934
236	1022
237	314
237	517
237	762
238	457
238	742
238	830
239	524
239	754
239	835
239	926
239	1043
240	593
240	606
240	674
240	763
240	825
240	1023
241	304
241	567
241	602
241	811
241	1011
241	1071
241	1078
241	1091
242	560
242	709
242	757
242	1055
242	1174
243	259
243	505
243	642
243	782
243	852
243	1092
244	342
244	747
244	822
244	1101
245	506
245	811
245	1102
245	1189
246	383
246	715
247	341
247	852
247	990
247	1106
248	398
248	621
248	686
248	1118
249	838
249	1006
249	1106
250	281
250	520
250	717
251	396
251	847
251	904
252	383
252	497
252	513
252	824
252	982
252	1080
253	290
253	795
254	565
255	581
255	694
255	701
255	736
256	301
256	525
256	631
256	641
256	1152
257	558
257	869
258	639
258	1137
259	277
259	1092
259	1175
259	1176
260	428
260	969
260	1069
261	328
261	446
261	461
261	482
261	1098
262	579
262	592
262	955
262	1150
263	434
263	835
263	888
263	910
263	1140
264	516
264	585
265	453
266	1006
267	412
267	664
267	723
267	957
267	1078
267	1146
268	777
268	867
268	899
268	1088
268	1174
269	607
269	1153
270	325
270	477
270	562
270	626
270	921
270	1159
271	380
271	407
271	829
271	974
271	1056
272	295
272	337
272	432
272	796
272	1193
273	722
274	291
274	646
274	803
275	320
275	560
275	1035
277	295
277	485
277	1153
278	471
278	748
279	1034
279	1141
280	422
280	496
280	763
281	677
281	689
281	1153
281	1158
282	600
282	976
282	1113
283	1009
284	637
284	814
285	357
285	989
286	1030
287	758
287	781
287	864
287	1011
287	1173
288	370
288	534
288	614
288	682
288	979
288	1048
288	1074
288	1183
289	883
289	1065
289	1191
290	322
290	359
290	454
290	791
290	892
290	1163
292	674
293	1135
294	508
294	601
294	655
295	1042
296	750
296	982
297	646
298	355
298	580
298	901
298	1033
299	318
299	551
299	635
299	1049
300	325
300	345
300	617
300	646
300	672
300	771
300	1028
301	379
301	934
301	950
302	333
302	601
302	749
302	880
302	926
302	1030
303	373
303	411
303	999
305	461
305	628
305	857
305	876
306	567
306	688
306	698
307	475
307	719
307	998
308	856
308	881
309	553
309	570
309	715
309	747
310	355
310	372
310	576
310	1021
310	1051
311	654
311	698
312	502
312	696
312	776
312	917
312	992
313	836
313	968
313	1088
314	1002
315	797
315	868
315	964
315	1043
316	986
317	931
317	1112
318	483
318	602
318	734
319	364
319	430
319	1074
320	414
320	423
320	1090
321	402
322	733
322	1119
323	456
323	1014
324	442
324	794
325	503
325	917
325	1037
325	1160
326	517
326	528
326	1031
326	1036
327	346
327	722
327	993
327	1104
327	1125
328	361
328	465
328	485
328	639
328	793
328	996
328	1191
329	756
329	1166
329	1190
330	543
330	581
330	817
330	939
330	1193
331	578
331	943
332	499
332	1126
332	1177
333	915
333	1196
334	428
334	605
334	726
334	826
334	1036
335	790
335	827
335	1105
336	645
336	798
337	377
337	495
337	677
337	692
337	715
337	886
338	364
338	546
338	923
338	1138
339	1029
339	1038
340	524
340	864
340	1010
341	865
341	941
341	1168
341	1190
342	418
343	496
343	701
343	981
343	1154
344	552
344	1190
345	402
345	481
345	643
345	1055
345	1144
347	416
347	590
347	668
347	953
347	1087
348	623
348	1170
349	420
350	382
350	541
350	626
351	1062
352	587
352	612
352	962
352	1154
352	1195
353	371
353	409
353	848
354	637
354	723
354	998
354	1165
355	560
356	449
356	921
356	1067
357	675
357	1091
357	1109
357	1122
357	1150
358	933
359	480
360	761
360	967
360	1101
361	398
361	556
361	797
361	936
362	753
362	1176
362	1199
363	1085
364	789
364	1174
365	599
365	1052
366	864
366	1173
367	651
368	703
368	778
368	812
368	1015
368	1187
369	607
370	641
370	665
370	680
371	620
371	692
372	671
372	807
372	841
372	932
373	804
373	975
373	1143
374	1145
375	1075
376	469
376	638
376	703
376	942
376	1061
377	383
377	1125
377	1162
377	1164
378	1028
379	446
379	987
379	1117
380	524
380	536
380	965
381	485
381	557
381	659
381	676
381	825
383	954
383	1036
384	646
384	1032
385	1148
386	864
387	697
388	494
388	548
388	626
388	629
388	663
388	777
389	412
389	567
389	675
389	902
390	395
390	413
390	757
391	406
391	429
391	612
391	910
392	471
392	748
393	486
394	675
394	992
396	462
396	640
396	659
396	684
396	1152
396	1168
397	949
399	885
399	1120
400	697
400	727
400	1071
400	1183
401	480
401	658
401	1040
402	635
402	713
402	748
402	787
403	973
403	974
403	1167
404	605
404	606
404	914
405	691
405	964
405	1052
405	1177
406	739
406	836
406	1027
407	426
407	579
407	680
407	1183
408	680
408	939
408	1094
409	491
409	571
409	1063
410	1161
411	623
412	592
412	795
412	821
413	415
413	974
413	1197
414	618
414	1086
415	964
416	456
416	957
416	1003
416	1105
416	1134
416	1171
417	478
417	637
417	1107
418	500
419	844
421	735
421	1053
422	805
423	886
423	1023
424	572
424	673
424	853
424	921
424	966
425	566
425	757
426	799
426	1191
427	577
427	990
427	1140
428	1165
429	1075
429	1168
430	1083
431	864
431	916
431	1108
432	865
433	652
433	812
433	1187
434	1155
434	1182
435	853
435	1027
435	1102
436	755
437	595
437	755
437	809
437	837
437	838
438	902
439	1157
440	884
441	444
441	648
441	736
441	910
442	820
442	1101
443	462
443	817
443	927
443	1074
443	1171
444	706
444	1076
445	968
446	679
446	835
446	1170
447	714
447	794
447	1122
447	1167
448	1101
449	464
449	663
449	1119
452	473
452	706
452	1105
452	1110
453	643
453	707
453	914
454	1198
455	501
455	597
455	618
455	1066
456	572
456	1030
457	637
457	725
459	467
459	496
459	891
459	1162
459	1194
460	930
461	483
461	1053
461	1110
462	588
462	768
462	781
462	885
463	857
463	1027
464	611
464	732
466	1006
466	1047
467	776
467	991
467	1021
467	1035
467	1077
467	1154
468	470
468	824
469	544
469	608
469	696
469	835
469	885
470	990
471	800
471	1019
472	626
472	873
472	1165
472	1177
473	603
473	704
473	716
473	737
474	984
475	583
475	798
475	1082
475	1135
475	1173
476	609
476	1075
477	490
477	637
477	844
477	1153
478	657
478	826
479	668
479	898
479	1122
479	1134
480	996
480	1069
481	548
481	826
482	625
482	975
482	1178
483	591
484	641
484	809
484	1037
485	930
486	820
486	1095
486	1108
486	1150
487	600
487	782
488	778
488	850
488	938
488	1185
489	642
490	823
490	1126
491	668
491	1042
492	640
493	1004
493	1121
494	567
494	578
494	727
494	729
494	1123
495	496
495	859
496	767
496	1059
497	503
497	644
497	743
497	996
498	1120
499	658
499	1171
500	1119
501	941
501	1110
502	527
503	553
503	569
503	1000
504	847
505	569
505	1117
505	1145
506	577
506	762
506	983
507	550
507	927
507	987
507	1077
507	1114
507	1135
508	836
508	1011
509	767
509	905
511	528
511	1029
512	817
512	818
512	972
512	1154
513	590
515	653
515	720
515	887
515	940
516	1023
517	762
517	870
518	617
518	692
518	931
518	1043
520	672
520	812
520	907
520	1126
521	721
522	896
522	986
523	909
524	690
524	901
525	905
525	910
525	1069
526	549
526	575
527	940
527	966
527	1000
528	668
528	993
529	582
529	954
529	1117
529	1181
530	889
530	1075
530	1171
531	733
531	1033
532	658
532	764
532	766
532	823
533	577
533	747
533	871
533	1163
534	609
534	811
534	861
534	892
534	932
534	1051
535	551
536	550
536	909
537	869
537	962
538	1138
538	1157
539	585
539	648
539	809
539	952
541	591
541	663
541	1117
542	648
542	941
543	748
543	852
543	866
543	1014
544	854
544	883
545	569
545	712
545	1094
546	789
546	1161
547	885
549	777
549	782
549	821
549	1171
549	1176
550	715
550	832
551	649
552	1016
552	1040
553	642
553	1131
554	674
555	979
555	1029
557	861
557	961
557	1190
559	753
559	1179
560	614
560	1111
561	574
561	1097
561	1114
561	1161
562	999
563	852
563	1111
563	1155
563	1193
564	603
564	1117
565	590
565	1020
567	689
567	762
567	908
567	1027
568	747
568	941
569	993
570	627
570	996
571	1048
572	582
572	631
572	854
572	1181
573	664
573	1018
573	1097
574	691
574	1143
575	732
575	810
575	843
577	614
577	734
578	755
578	784
578	1036
578	1060
580	597
580	713
581	1113
582	791
582	815
582	832
582	949
582	1024
583	681
583	866
584	647
584	929
585	825
585	1045
585	1061
586	601
586	623
586	1195
587	657
587	690
588	929
589	648
589	959
589	1120
589	1182
590	603
591	762
591	770
591	793
592	1187
594	602
594	861
594	1091
596	757
596	880
596	1076
596	1153
597	940
597	1193
598	644
599	619
599	882
599	910
599	925
600	748
600	810
600	1005
600	1080
601	951
601	970
602	764
602	950
603	953
604	1195
605	988
606	750
606	781
606	1008
606	1134
606	1158
609	649
609	805
609	830
609	891
609	962
609	1097
609	1122
609	1138
611	956
612	975
613	1087
614	683
614	836
614	873
615	642
615	820
616	981
617	946
618	1027
618	1068
618	1153
619	856
620	631
620	998
622	878
623	918
625	651
625	662
626	710
626	1011
627	639
627	729
627	882
627	936
627	984
628	703
628	740
629	684
629	1060
630	1133
631	795
632	759
632	781
632	884
632	1164
633	771
633	946
633	1193
634	767
634	830
634	1075
635	682
635	992
635	1037
636	768
637	975
637	1136
638	1160
639	1189
640	856
640	863
640	1180
641	999
642	656
642	1170
643	728
644	694
644	1065
644	1102
645	655
645	738
645	1033
645	1166
647	808
649	878
649	1120
650	928
650	930
651	1090
651	1170
652	720
652	1081
652	1197
653	1051
654	1154
655	1035
655	1087
656	910
657	966
657	1023
658	867
658	1013
658	1081
659	1063
660	996
661	714
661	1026
662	1079
664	811
665	1195
666	938
667	738
667	1005
667	1011
668	1160
669	773
669	943
669	1027
670	724
670	779
671	962
672	1024
673	876
674	676
674	1024
676	733
676	827
676	1061
676	1063
677	702
677	875
677	974
678	717
679	873
679	890
679	1133
680	986
681	834
681	1011
681	1059
684	833
684	1019
685	791
685	796
686	709
686	743
686	760
686	954
687	794
688	876
688	908
688	1004
690	779
690	790
690	891
690	1172
691	796
691	858
691	992
691	1016
691	1173
691	1179
692	984
694	1013
695	1076
696	1101
698	1015
699	995
699	1154
700	743
700	979
700	1174
701	705
701	1148
702	749
702	865
702	1171
703	827
703	868
704	1019
705	1009
705	1081
705	1113
706	1122
707	770
707	917
708	1178
709	850
709	1047
710	1161
711	798
711	880
711	951
711	1035
711	1127
712	889
712	931
713	950
713	990
714	978
715	987
718	1073
720	751
722	933
723	848
724	1067
725	820
725	901
725	1082
726	795
726	832
726	895
726	896
727	1110
727	1151
727	1199
728	939
728	1102
728	1184
729	1013
731	803
731	1157
732	794
732	835
732	1094
732	1186
733	894
733	918
733	932
733	951
733	954
734	1000
734	1159
735	1184
736	913
736	956
736	1147
737	976
738	752
739	1042
741	1188
741	1199
742	758
742	1092
743	1188
744	841
744	1085
744	1151
746	968
747	884
747	956
748	836
751	925
751	1063
752	762
752	796
753	957
753	1022
753	1126
753	1146
755	1026
757	923
757	987
757	1023
757	1042
758	791
758	914
758	1000
758	1072
759	928
759	1041
759	1158
760	1186
764	811
764	825
765	801
765	1033
765	1176
765	1195
766	957
766	1087
767	831
769	1121
769	1145
770	1184
771	785
772	831
772	940
773	1085
773	1146
774	1131
775	780
775	795
775	828
775	842
775	1171
776	794
776	1018
776	1032
777	1127
778	960
778	1003
778	1171
779	1008
779	1091
779	1101
780	972
781	1013
782	960
783	994
784	839
784	849
786	1058
788	1092
789	1144
790	828
791	855
791	953
791	958
791	1015
791	1076
792	997
793	819
795	847
795	893
796	801
796	885
797	1135
798	1108
799	929
802	1132
803	854
804	1171
804	1173
806	920
807	817
809	889
809	937
809	1042
810	1169
811	1095
812	1098
814	963
814	1045
816	1153
816	1169
819	1139
819	1174
820	950
822	839
822	1063
822	1198
823	988
824	843
826	1123
827	1141
830	866
830	877
832	1172
833	1073
834	859
834	880
835	1096
835	1113
836	896
836	1135
837	861
838	849
839	1007
839	1121
840	889
841	1014
841	1105
843	1080
844	861
844	941
846	965
846	1143
847	972
847	1004
848	1082
848	1091
849	862
850	983
850	1124
851	896
851	1146
854	947
854	952
854	1013
855	950
861	1091
861	1100
862	1082
862	1158
863	871
863	1083
863	1159
864	1181
865	1123
866	1090
867	900
867	943
868	1129
869	1079
870	873
872	918
872	926
872	1131
874	1049
874	1063
874	1193
875	941
878	897
878	1195
879	1023
879	1130
880	1049
880	1122
882	959
882	1043
882	1147
883	1157
886	998
886	1003
890	1011
891	982
891	1079
892	970
892	1054
893	1170
894	1189
896	931
897	1051
898	1081
898	1172
900	981
901	998
902	1078
903	913
903	984
904	923
904	1065
907	1076
908	1028
908	1125
909	931
909	1052
912	993
915	1012
917	1128
920	1026
920	1088
920	1112
921	996
922	1049
922	1096
922	1112
923	958
923	1105
924	1035
925	1140
929	1186
930	1176
935	971
936	978
936	987
937	1166
939	1186
941	1103
945	1060
946	978
946	1013
946	1134
947	1017
947	1102
949	1127
950	1106
951	973
952	1042
953	1046
954	1051
954	1081
954	1105
954	1183
955	1005
956	1142
958	1096
959	1013
965	1187
967	1003
967	1020
967	1199
968	1110
970	1008
975	1103
977	1008
978	1059
978	1178
980	1184
981	1047
984	1077
986	1101
986	1146
988	1035
989	1084
990	1013
990	1151
991	1008
995	1042
996	1077
1001	1057
1001	1082
1002	1033
1004	1191
1007	1103
1008	1150
1008	1177
1008	1178
1009	1051
1009	1099
1012	1130
1017	1125
1020	1031
1022	1028
1022	1132
1025	1170
1027	1041
1027	1189
1031	1038
1035	1137
1036	1099
1039	1042
1039	1081
1039	1132
1042	1083
1049	1187
1050	1119
1050	1139
1050	1186
1052	1152
1052	1198
1057	1111
1059	1138
1059	1185
1063	1103
1065	1067
1066	1185
1070	1132
1071	1154
1076	1085
1076	1141
1077	1150
1080	1180
1081	1107
1086	1167
1089	1172
1090	1113
1091	1196
1094	1171
1096	1156
1101	1154
1105	1191
1105	1198
1107	1194
1132	1191
1133	1176
1139	1194
1139	1199
1151	1196
1152	1160
1155	1187
1157	1190
1160	1190
1162	1183
1164	1175
1165	1189
1174	1182
1177	1180