0	284
0	566
0	748
0	925
0	1033
1	274
2	56
2	281
2	857
3	86
3	160
3	248
3	746
3	852
4	683
4	837
4	911
5	122
5	296
5	585
5	1110
5	1120
6	25
6	478
6	837
7	436
7	441
7	1034
7	1045
8	283
8	380
8	526
8	792
9	369
9	1094
10	352
10	699
11	415
11	432
11	474
11	735
11	925
11	1115
11	1160
12	331
12	426
12	452
12	949
13	788
13	840
14	347
15	147
15	272
15	541
15	1111
15	1142
16	515
16	823
16	835
16	888
16	994
17	527
17	1036
17	1083
18	795
19	181
19	457
19	842
19	865
19	983
19	1057
19	1133
19	1152
20	509
20	578
20	777
20	1078
21	52
21	190
21	900
22	525
22	681
23	206
23	560
23	572
23	597
23	639
24	518
24	633
24	643
24	745
25	697
25	749
25	931
26	313
26	1171
27	95
27	136
27	352
27	394
27	499
27	1081
27	1122
28	35
28	68
28	677
28	778
28	983
29	55
29	89
29	110
29	329
29	344
29	656
29	915
29	982
30	42
30	413
30	948
30	1158
31	44
31	129
31	600
31	610
31	700
31	1094
32	164
32	415
32	504
32	562
32	616
32	769
32	786
32	872
33	691
34	338
34	374
34	441
34	509
34	641
34	862
34	1085
34	1162
35	176
35	308
35	524
35	578
35	774
36	44
36	533
36	536
36	726
36	745
36	779
36	939
36	941
36	1100
37	389
37	650
37	747
38	582
38	687
38	878
38	984
39	1171
40	46
40	274
40	855
41	162
42	1151
43	190
43	269
43	611
43	1151
44	131
44	189
44	374
44	592
45	136
45	171
45	573
46	672
46	708
46	950
46	971
46	1106
46	1153
47	701
47	845
48	90
48	242
48	262
48	304
48	457
48	669
48	915
49	77
49	123
49	171
49	694
50	388
50	389
50	510
50	560
50	730
50	851
50	903
50	915
51	176
51	183
51	449
51	519
51	685
51	842
51	1021
52	382
53	305
53	429
53	483
53	556
53	1144
54	293
54	298
54	825
55	771
55	937
55	943
55	1194
56	389
56	715
56	720
57	89
57	120
57	163
57	939
57	949
58	151
58	219
58	471
58	509
58	773
58	802
58	915
59	86
59	334
59	430
59	913
59	1103
59	1142
60	750
61	512
61	991
62	268
62	797
62	1156
63	1060
64	90
64	131
64	301
64	546
64	670
64	786
64	932
65	220
65	290
65	695
65	816
66	308
66	536
66	624
66	798
67	233
67	306
67	400
67	937
67	971
68	211
68	294
68	420
68	665
69	156
69	460
69	586
69	587
69	647
69	724
69	819
70	321
70	610
71	133
71	435
71	458
71	564
72	199
73	621
73	837
74	415
74	421
74	748
74	849
74	959
74	1061
74	1095
74	1145
75	301
76	593
76	835
77	344
77	514
77	516
77	820
77	1107
78	228
78	667
78	998
78	1131
79	931
79	1120
79	1199
80	316
80	687
80	736
81	208
81	237
81	308
81	442
81	721
81	772
81	833
81	1057
82	587
82	602
82	715
82	777
83	290
83	619
83	689
83	707
83	758
83	782
83	1000
84	790
84	837
85	97
85	241
85	243
85	1100
87	93
87	407
87	933
88	284
88	449
88	952
88	969
89	682
89	781
89	815
89	936
90	307
91	734
92	345
92	399
92	477
92	889
92	907
92	997
92	1043
92	1101
93	266
93	536
93	635
93	721
93	797
93	841
93	1074
94	97
94	303
94	854
94	924
94	1136
94	1194
95	309
95	420
95	1120
95	1155
96	531
96	644
96	677
96	1084
96	1108
97	250
97	731
97	735
97	1165
98	146
98	371
98	830
98	1030
98	1041
99	350
99	416
99	449
99	684
99	731
99	1150
100	341
100	421
100	473
100	618
100	714
100	734
100	754
100	999
101	145
101	348
101	893
102	288
102	570
102	640
102	724
102	839
102	965
103	525
103	1121
104	377
104	904
104	1135
105	155
105	1177
106	182
107	863
108	276
108	577
108	764
108	1048
108	1128
109	243
109	324
109	532
109	583
109	952
109	1126
110	883
111	276
111	328
112	967
113	576
113	686
113	1114
114	181
114	579
114	1088
114	1099
115	379
116	433
116	539
116	979
117	354
117	359
117	501
117	704
117	741
117	899
117	1041
118	156
118	254
118	292
118	773
119	220
119	399
119	558
119	693
119	711
120	756
120	780
120	958
120	1197
121	959
121	1056
121	1071
122	516
122	786
122	828
122	1038
123	217
123	298
123	551
123	738
123	805
123	1041
124	505
124	722
124	752
125	280
126	1148
127	238
127	419
127	723
127	921
128	230
128	292
128	449
128	1197
129	196
129	228
129	759
129	1131
130	1000
131	207
131	266
131	268
131	1123
131	1191
132	599
132	756
132	764
132	990
132	1024
132	1027
133	389
133	1129
134	343
135	412
135	1114
136	635
136	710
136	900
137	150
137	152
137	427
137	626
137	970
138	1067
139	264
139	770
140	497
140	592
140	651
140	827
140	1047
141	243
142	345
142	505
142	684
142	1168
142	1197
143	582
144	594
144	733
144	833
144	993
145	604
145	958
145	1018
146	260
146	338
146	500
146	553
146	586
146	1079
147	612
147	671
147	1061
148	168
148	506
148	689
148	1064
149	299
149	421
149	430
149	591
149	739
149	891
149	948
150	771
150	890
150	1150
151	239
151	356
151	423
151	646
151	658
151	876
151	1076
152	269
152	1000
153	465
153	705
153	967
154	297
156	398
156	602
156	898
156	988
156	1190
157	997
158	413
158	643
158	738
158	861
158	1056
159	247
159	723
159	906
159	988
159	1059
160	258
160	353
160	798
160	878
160	950
160	1000
161	206
162	396
162	583
164	241
164	289
164	529
164	598
164	620
164	667
164	846
164	911
164	1073
165	484
165	531
165	589
165	1028
165	1045
166	369
167	353
167	388
167	391
168	493
168	500
168	574
168	770
168	889
169	678
169	844
169	858
169	1170
170	242
170	378
170	1140
171	338
171	370
171	468
172	268
172	549
172	668
172	915
172	1168
173	1009
174	455
174	467
174	494
174	516
174	781
174	783
174	1068
174	1144
175	754
175	1064
175	1067
176	227
176	356
176	782
176	1072
176	1161
176	1169
176	1189
177	226
177	775
177	1067
178	646
178	693
178	728
178	884
179	321
179	342
179	359
179	496
179	680
179	1053
179	1138
180	311
180	967
180	1077
180	1100
181	456
181	491
181	502
181	506
181	622
182	871
183	219
184	239
184	568
185	236
185	529
185	609
185	620
186	731
186	1003
186	1186
187	206
187	382
187	908
188	653
189	477
189	979
190	265
191	488
191	637
192	379
192	701
192	757
192	763
193	741
194	306
194	317
194	475
194	642
194	889
194	1005
195	329
195	515
195	713
196	496
196	528
196	577
196	638
196	906
196	1126
197	1087
198	447
198	567
198	737
199	285
199	291
199	359
199	497
199	526
199	805
200	426
200	518
200	714
200	738
200	793
201	441
202	366
202	939
202	959
202	1094
203	212
203	336
203	694
203	866
203	949
203	1066
203	1169
204	573
204	1107
204	1115
205	230
205	468
205	586
205	823
206	503
206	640
206	759
206	995
206	1191
207	340
207	1140
208	317
208	466
208	839
209	570
210	269
210	593
210	615
210	827
210	1012
211	378
211	379
211	414
211	536
211	827
211	1036
212	372
212	679
212	1103
213	614
214	748
215	239
215	263
215	712
216	530
216	582
216	603
216	781
216	1055
217	548
217	774
217	797
218	330
218	771
218	883
218	1052
219	298
219	441
219	447
219	561
219	715
219	775
219	923
219	1046
219	1195
220	1080
221	584
221	622
221	650
221	738
221	1142
222	537
222	1177
223	562
224	623
224	653
224	793
224	1169
225	308
226	414
226	656
227	653
227	905
227	1166
228	249
228	326
228	934
229	375
229	1015
229	1100
230	285
230	608
230	638
230	693
230	789
230	817
231	579
231	652
231	1020
232	352
232	360
233	621
233	714
234	653
234	675
234	695
234	1115
234	1117
235	299
235	447
235	733
235	1156
235	1184
236	654
236	730
237	248
237	432
237	607
237	688
237	900
237	916
237	957
237	1138
238	249
238	575
239	654
239	786
239	1181
239	1191
240	257
240	542
240	982
240	1176
241	865
241	1195
242	719
242	848
242	1146
242	1197
243	318
243	624
243	671
243	900
243	977
244	311
244	761
244	815
245	295
245	380
245	555
245	853
246	483
246	1135
247	292
247	463
247	695
247	832
247	1008
247	1110
248	343
248	687
249	345
249	491
249	510
249	638
249	674
249	687
249	715
249	738
249	897
251	540
251	605
251	617
251	635
251	976
251	1153
252	542
252	914
252	1012
253	386
253	490
253	913
253	1137
253	1182
254	474
254	766
254	1199
255	349
255	849
256	465
256	1036
257	312
257	540
257	615
257	687
257	957
258	311
258	781
258	967
258	989
259	772
260	825
260	1104
261	533
261	599
261	867
261	954
262	343
262	370
262	802
262	945
262	1142
265	339
265	649
265	1080
266	954
267	329
267	373
267	953
267	999
268	327
268	608
268	657
268	797
268	875
268	911
269	309
269	470
269	488
269	706
269	856
270	975
270	1183
271	370
273	969
274	393
274	774
274	873
274	994
274	1148
275	382
275	572
275	737
275	887
275	1007
275	1030
276	697
277	503
277	528
277	1049
278	320
278	848
278	1168
278	1189
279	944
280	287
280	311
280	428
280	435
280	472
281	642
281	1005
282	772
282	991
282	1080
283	303
283	350
283	485
283	805
283	1106
284	638
284	1054
285	1111
286	425
287	607
287	659
287	668
287	720
287	828
287	1034
288	407
288	428
288	438
288	674
288	778
288	820
288	848
289	873
290	482
290	759
290	872
290	919
290	995
290	1084
290	1172
291	460
291	499
291	626
292	420
292	563
292	757
292	852
292	890
292	947
293	323
293	402
293	637
293	1085
294	303
294	390
294	667
294	759
294	926
295	434
295	857
295	875
295	1127
296	772
296	845
297	1064
298	352
298	743
298	984
298	1149
299	458
299	480
299	1074
300	307
300	436
300	930
301	405
301	690
301	886
301	1056
302	465
302	567
302	829
302	1019
302	1028
302	1099
303	554
303	1109
304	370
304	644
304	873
304	1090
305	460
305	555
305	928
305	1034
305	1042
306	637
306	821
306	1118
307	366
307	545
307	759
307	792
307	1010
308	313
308	887
309	326
309	642
309	648
310	605
310	724
310	758
310	860
310	922
310	935
310	1053
311	344
311	416
311	1156
312	503
312	519
312	700
312	1173
313	400
313	724
313	776
313	958
313	1136
314	395
314	829
314	1081
315	479
316	320
316	447
316	597
316	762
317	342
317	952
317	1074
318	436
318	599
318	1043
318	1144
318	1160
319	423
319	426
319	499
319	1098
320	788
320	897
322	735
323	1158
324	637
324	713
324	729
325	413
325	438
325	542
325	923
326	386
326	574
326	899
327	431
327	507
327	754
327	813
327	917
328	709
328	1181
329	555
329	651
329	896
329	989
330	817
331	432
331	536
331	655
331	793
331	943
331	999
332	425
332	749
332	860
333	337
333	678
333	729
333	959
333	1138
334	538
334	1035
335	630
336	656
336	979
337	755
337	785
337	836
338	344
338	550
338	599
338	987
339	433
339	508
339	866
340	612
340	929
340	938
340	951
340	1106
341	399
341	583
341	639
341	994
342	495
342	530
342	740
343	446
343	957
343	1143
344	348
344	779
344	861
344	921
345	442
345	537
346	864
347	909
347	1029
348	724
348	772
348	993
349	420
350	540
350	545
350	774
350	883
351	352
351	797
351	823
351	1078
352	650
352	991
352	1062
353	463
353	500
353	757
353	1077
354	370
354	965
354	1061
355	1048
356	376
356	617
356	852
356	917
357	567
357	1085
357	1113
358	949
358	977
359	782
359	874
359	1157
360	388
360	400
360	546
361	441
361	815
361	982
362	1010
363	1068
363	1179
364	734
364	1173
365	517
365	978
366	421
366	1092
367	878
367	1044
367	1138
368	737
368	787
368	996
368	1124
369	475
369	530
370	400
370	616
370	799
370	963
371	409
371	1107
372	770
372	998
372	1097
372	1108
373	498
373	752
373	755
373	802
373	986
374	464
374	910
374	1020
374	1036
375	579
375	763
376	538
377	546
377	650
377	901
377	1027
377	1174
377	1177
378	501
378	509
378	760
378	824
378	970
379	873
379	1053
379	1122
380	694
381	875
381	1021
382	393
382	732
382	813
383	459
383	1045
383	1062
383	1115
384	515
384	883
385	701
386	416
386	447
386	1093
387	450
387	669
387	715
387	738
387	936
387	1016
387	1192
389	445
389	788
389	875
389	1144
390	446
390	649
390	936
391	434
391	463
391	1116
392	439
392	1065
392	1186
393	991
393	1090
394	479
394	1103
395	438
395	594
395	1000
395	1086
396	512
396	600
396	839
396	984
397	627
397	794
398	615
398	904
399	692
399	1054
400	664
400	701
400	719
400	967
400	1189
401	679
401	798
401	1074
402	547
402	1017
403	823
403	862
404	438
404	525
404	755
404	1117
404	1158
405	892
406	434
406	955
406	1185
407	678
407	1194
408	716
409	526
409	995
410	414
410	491
410	923
410	1068
411	502
411	570
411	1037
411	1106
412	706
413	604
413	941
414	810
414	991
414	1034
415	705
415	730
415	737
415	973
417	443
417	474
417	985
418	656
418	663
418	774
419	591
419	798
419	1090
419	1095
419	1123
420	895
421	665
421	997
422	687
422	920
423	435
423	905
423	1016
424	461
425	719
425	954
425	1005
426	578
426	876
426	964
427	628
427	1157
428	667
428	1186
429	558
429	577
429	767
429	1052
430	458
430	608
430	1135
431	892
433	979
434	579
434	1144
435	898
435	923
436	447
437	533
437	634
437	1148
438	622
438	936
438	947
438	1181
439	690
439	778
439	990
439	991
439	1143
440	473
440	489
440	730
440	746
440	815
440	832
440	994
441	612
441	761
441	956
442	690
442	710
443	838
443	983
444	502
444	833
444	1016
444	1057
445	764
445	895
446	482
446	526
446	590
446	785
447	550
447	571
447	667
447	934
447	1164
448	588
448	859
448	1019
449	929
449	1051
449	1060
449	1091
450	467
450	725
450	1168
451	908
451	1049
452	912
452	917
453	456
454	1057
455	715
455	970
456	693
456	772
456	1045
457	869
458	468
458	581
458	755
459	550
459	675
459	792
459	1035
460	489
460	644
460	919
461	796
461	999
461	1158
462	556
462	700
462	892
462	958
463	519
463	828
463	1032
464	1091
464	1153
465	900
465	1066
465	1135
466	724
467	889
467	1092
468	783
469	589
469	764
469	1196
470	631
470	703
471	847
472	496
472	742
473	493
473	521
473	565
473	600
473	737
473	757
473	777
473	851
475	539
475	747
475	1126
476	926
477	482
477	812
477	928
477	1008
479	581
479	801
479	1013
479	1090
480	657
480	1168
481	734
482	517
482	601
482	792
482	910
484	615
484	856
484	865
484	948
484	983
485	534
485	632
485	834
485	1159
486	898
486	1087
487	1009
489	811
489	1114
490	546
490	565
490	913
490	946
492	652
492	726
492	773
493	776
493	854
494	585
494	674
495	776
496	573
496	616
496	738
496	781
497	589
497	758
497	814
497	899
497	1086
499	675
500	780
500	837
500	945
501	677
501	872
501	1104
501	1132
502	692
503	539
503	839
504	579
504	647
504	927
504	1000
505	619
505	1096
505	1118
506	538
506	892
506	954
507	678
507	1004
507	1020
509	628
509	790
509	1058
510	653
510	904
510	1075
511	949
511	985
512	815
512	954
512	1190
513	1166
515	795
515	1091
516	1039
516	1102
516	1122
517	740
517	850
517	1040
517	1091
517	1183
518	791
518	822
518	1092
519	734
520	577
520	986
521	1138
522	893
522	1100
523	654
523	991
523	1050
524	859
525	672
525	795
525	1060
526	550
526	901
527	615
527	1057
528	579
528	594
529	585
529	1066
530	535
530	748
530	773
530	936
530	1154
531	834
532	777
532	996
533	902
533	981
533	1122
534	902
535	647
535	1004
536	787
536	1139
538	832
538	1038
539	846
539	879
539	990
540	851
540	1097
540	1138
541	735
541	836
541	984
542	722
542	945
542	1131
543	754
544	864
545	696
545	1194
546	583
546	819
547	975
548	571
549	971
550	607
550	674
550	806
550	1150
551	656
551	1178
552	604
552	715
552	974
554	778
554	1046
555	579
556	637
556	838
556	906
556	1109
556	1114
556	1121
557	904
557	1055
558	712
558	717
558	825
558	920
558	1037
558	1161
559	768
560	852
563	783
563	860
563	929
563	986
563	1109
564	1167
565	949
565	1041
565	1061
566	1117
567	730
567	1150
567	1155
568	1039
568	1126
569	692
569	827
569	852
570	993
571	863
571	1185
572	638
572	771
573	910
573	1154
574	945
575	601
575	783
575	906
576	838
577	1026
577	1087
578	620
578	886
579	781
579	957
580	787
580	924
580	1001
580	1078
581	749
581	971
582	601
583	1112
583	1188
584	639
584	804
585	674
585	921
585	1042
585	1107
586	1059
587	645
588	600
588	775
589	1170
591	818
591	849
591	862
592	1104
594	759
594	940
595	995
596	805
596	990
597	932
597	983
598	694
598	716
600	988
601	968
601	1173
602	695
602	932
603	1166
604	938
604	1121
606	964
607	612
607	768
607	806
607	875
608	959
609	789
609	1040
611	673
611	1162
611	1199
612	919
612	1003
613	844
613	880
613	966
613	1121
614	920
614	1117
615	686
615	1120
616	625
616	1076
616	1135
617	740
617	1047
618	872
618	1185
619	627
619	756
619	1061
620	690
621	660
621	841
622	719
623	679
623	784
623	1025
623	1137
624	1068
626	989
627	723
627	754
627	769
628	1005
629	696
629	1112
629	1160
630	633
630	718
630	1029
630	1139
631	803
632	692
632	781
632	1098
633	873
635	662
635	780
636	758
637	1127
638	697
639	891
639	968
639	1199
640	895
640	990
641	864
641	923
641	949
642	1048
643	695
643	877
643	926
644	914
644	1015
644	1041
645	1039
646	832
646	1033
648	1148
648	1189
649	1000
650	1104
650	1162
651	1032
651	1081
653	949
654	833
654	843
654	878
654	1031
655	755
655	770
656	657
657	684
658	682
658	1031
659	673
659	708
659	810
659	1154
659	1181
661	1037
662	909
662	947
662	1128
664	818
664	948
664	1061
665	1010
666	703
666	870
667	808
667	819
668	839
668	889
669	705
669	1060
670	750
670	907
670	1060
672	1130
673	787
673	890
673	898
673	942
674	1164
675	888
676	939
677	815
677	924
677	1194
678	702
678	1043
678	1055
679	848
679	1179
681	709
681	965
681	1000
681	1130
682	844
682	859
683	741
683	810
683	847
683	1077
685	753
685	779
685	899
686	897
686	1197
687	1099
688	895
688	947
689	1162
691	1002
691	1003
691	1140
692	754
692	1100
693	1090
694	1193
695	1132
696	896
696	984
697	953
698	1068
698	1169
699	759
699	1113
699	1197
700	936
700	1071
701	921
702	755
702	824
702	842
702	941
702	1085
703	816
703	844
704	745
704	827
704	981
704	1122
705	920
705	1096
705	1152
706	730
706	1019
707	885
707	931
707	1006
707	1141
708	916
708	1084
709	712
709	845
709	1020
709	1159
711	729
711	787
711	899
713	924
713	938
714	1086
715	762
715	772
715	1134
716	1004
717	838
717	928
717	1121
717	1180
718	768
718	1075
718	1145
718	1159
719	759
719	764
719	838
720	989
720	1185
721	902
722	1180
723	1125
724	727
724	875
724	1085
725	910
727	1150
728	890
728	1032
729	949
730	1118
731	898
731	1034
731	1149
733	815
734	833
734	849
734	885
734	1050
734	1080
735	1142
736	1110
737	740
737	1109
737	1179
738	1077
740	837
740	1066
741	1058
742	1086
744	1000
744	1149
745	1006
745	1007
746	759
747	792
747	874
747	897
747	939
747	1011
748	1002
748	1052
749	1071
750	785
750	873
750	963
751	765
751	795
751	948
751	950
752	1101
753	815
754	1138
755	846
755	1113
756	818
756	925
756	1111
757	798
759	772
759	847
759	1152
760	859
761	961
761	1086
762	996
763	861
763	1122
764	1030
764	1137
767	853
767	1098
768	900
769	896
770	917
771	1058
772	809
772	1095
773	1008
773	1162
774	982
774	1078
774	1090
774	1150
775	819
775	1082
777	888
777	930
778	866
778	1044
779	940
780	970
781	1030
781	1069
784	1070
785	842
785	935
785	961
785	973
785	1054
786	1035
787	1022
788	851
788	1172
790	1092
790	1107
791	918
791	1187
793	841
794	884
794	899
794	1007
794	1084
795	964
796	868
798	799
798	848
798	938
800	1006
801	960
801	1037
802	921
802	1080
803	995
803	1006
803	1047
804	915
804	961
804	1096
805	840
805	872
805	994
805	1108
805	1124
807	1078
808	993
810	913
810	970
812	1138
812	1146
813	1058
813	1101
814	883
815	1114
816	991
816	1097
817	900
817	1003
817	1126
819	916
819	1186
820	1027
821	961
821	1030
821	1096
822	863
823	877
826	952
826	1029
827	1051
828	1049
828	1093
829	1104
830	941
830	1063
831	902
831	1010
831	1096
832	899
832	903
833	1147
834	1038
834	1074
835	1054
835	1140
836	851
836	929
836	945
837	1017
837	1052
837	1188
839	921
839	1078
839	1163
840	846
841	960
842	1033
842	1145
844	937
844	1083
845	880
845	942
845	1003
845	1036
845	1168
846	983
847	1011
847	1131
848	1195
849	1045
849	1148
850	867
852	983
854	960
854	1111
855	863
855	1011
855	1062
856	999
856	1000
856	1053
857	949
858	984
860	953
860	1077
861	959
861	1013
862	1005
863	1096
864	1016
866	1024
867	877
867	1008
870	899
870	961
870	1179
871	930
874	959
874	1014
874	1104
874	1109
875	884
875	996
876	1066
877	967
877	1058
878	987
878	1095
878	1146
879	924
880	1094
881	1017
881	1056
882	1025
882	1040
882	1157
883	948
883	1000
884	987
884	1178
885	960
886	996
886	1040
886	1190
887	964
888	982
888	1180
889	1033
890	1039
890	1087
890	1116
890	1163
890	1170
894	1192
899	1132
899	1150
900	1069
901	981
902	1107
902	1135
904	909
904	998
905	1110
906	921
906	925
907	984
907	1197
908	1000
908	1199
909	1046
910	953
911	1021
911	1156
912	1089
913	1153
916	1156
917	1170
918	1092
919	990
919	1007
919	1008
919	1076
921	1031
923	967
923	1169
924	975
924	1014
925	1190
926	953
926	993
926	1067
926	1119
927	1019
927	1062
930	991
930	1066
930	1118
933	1196
935	1156
936	1196
940	1022
941	1053
942	951
943	1173
945	959
947	1061
947	1175
949	1046
949	1194
952	1107
953	1137
955	981
955	1023
957	1167
958	1014
958	1051
962	1009
962	1019
965	1042
965	1111
967	1125
968	1028
971	999
971	1199
972	1108
973	1155
974	1077
974	1139
975	1008
975	1157
976	992
976	1001
978	1090
978	1188
980	1176
981	1073
984	1197
985	1061
986	1053
989	1123
990	1194
998	1078
999	1056
1005	1091
1008	1123
1008	1193
1009	1144
1010	1031
1010	1153
1011	1039
1012	1047
1015	1167
1016	1076
1018	1145
1021	1161
1024	1196
1025	1173
1027	1114
1027	1189
1028	1100
1029	1080
1029	1107
1033	1073
1034	1108
1036	1104
1038	1090
1039	1045
1039	1168
1042	1086
1042	1141
1043	1061
1048	1171
1052	1195
1053	1161
1056	1198
1057	1180
1058	1171
1065	1163
1066	1075
1071	1156
1073	1178
1075	1166
1076	1197
1077	1138
1079	1165
1080	1179
1081	1108
1084	1186
1087	1178
1089	1181
1099	1147
1099	1166
1100	1152
1100	1178
1100	1180
1104	1128
1105	1109
1108	1185
1111	1136
1112	1181
1123	1175
1134	1169
1144	1195
1162	1171