0	87
0	173
0	275
0	401
0	775
0	1003
0	1159
0	1187
1	384
1	835
2	81
2	850
2	1181
3	561
3	654
3	838
4	259
4	271
4	322
4	441
4	469
4	604
5	44
5	431
5	908
5	1095
6	194
6	258
6	345
6	1006
6	1032
7	21
7	56
7	616
7	632
7	664
7	1186
8	842
9	184
9	206
9	356
9	758
9	917
10	146
10	260
10	322
11	208
11	301
11	824
12	813
12	989
13	273
13	657
14	41
14	79
15	491
16	255
16	394
16	528
16	542
16	779
17	225
17	289
17	614
18	223
18	226
18	248
18	435
18	702
18	932
19	38
19	280
19	403
19	480
19	510
20	183
20	543
20	630
20	767
20	816
21	504
21	588
21	806
21	1196
22	342
22	706
22	868
22	1014
22	1153
23	854
23	855
23	883
24	609
24	1110
25	265
25	661
25	677
25	904
25	950
26	254
26	436
26	1158
27	989
27	1010
27	1157
28	116
28	243
28	664
28	1181
29	145
29	337
29	538
29	1004
29	1144
30	573
30	850
30	1002
31	184
31	328
31	386
31	438
31	476
31	511
31	611
31	1112
32	81
32	178
32	258
32	857
32	1027
33	255
33	447
33	506
33	1018
34	249
34	1109
35	62
35	160
35	366
35	542
35	874
35	1046
36	179
36	394
36	509
36	612
36	701
36	726
36	807
36	1032
37	447
37	475
37	525
37	672
37	745
37	922
38	71
38	245
39	152
39	358
39	691
39	897
40	141
40	247
40	477
40	845
40	943
40	1007
41	72
41	255
41	298
41	839
41	1001
42	86
42	326
42	523
42	694
42	1142
43	488
44	264
44	596
44	837
44	1144
45	701
46	109
46	121
46	311
46	394
46	792
46	878
46	924
46	1063
47	164
47	274
47	285
47	420
47	602
47	819
47	876
47	886
47	974
48	304
48	468
48	990
49	109
49	140
49	430
49	510
49	795
50	87
50	384
50	448
50	561
50	620
50	625
50	714
50	1059
50	1129
51	203
51	493
51	819
51	823
51	915
51	1013
51	1032
51	1046
51	1117
52	859
52	939
53	142
53	157
53	805
54	57
54	399
54	713
54	811
55	346
55	464
55	842
55	992
56	215
56	258
56	290
56	463
56	683
57	319
57	493
57	569
57	601
57	900
57	907
58	144
58	820
58	885
58	1032
59	1031
59	1186
60	416
60	420
61	912
61	1072
62	222
62	352
62	503
62	1030
63	941
64	69
64	396
64	807
64	899
65	119
65	398
65	486
65	756
66	1166
67	303
67	489
67	1022
67	1079
68	749
68	1099
68	1117
69	314
69	681
69	1114
70	711
70	1007
70	1056
71	138
71	378
71	815
71	1044
71	1171
72	535
72	599
72	836
72	1047
73	125
73	637
74	148
74	564
74	595
74	632
74	761
75	182
75	686
75	734
76	608
76	735
76	1012
76	1043
77	275
77	375
77	737
77	903
77	993
78	757
79	670
80	714
80	944
80	1171
81	175
81	404
81	521
81	625
81	634
81	1184
82	539
82	709
83	94
83	115
83	508
83	647
83	1020
84	123
84	247
84	424
84	599
84	1064
85	545
86	148
86	672
86	931
86	937
86	980
88	421
88	479
89	98
89	483
89	564
89	778
89	1136
90	390
90	426
90	685
91	280
91	964
92	396
92	517
92	677
92	764
92	833
93	284
93	410
93	510
93	575
93	621
93	879
94	179
94	574
94	940
94	1179
95	116
95	456
95	911
96	147
97	230
97	251
97	313
97	690
97	744
97	805
98	122
98	321
98	329
98	427
98	450
98	776
98	809
99	613
99	928
100	167
100	744
100	979
100	1065
101	267
101	548
102	245
102	694
102	738
102	956
102	1044
102	1072
102	1141
103	580
104	912
105	522
105	1168
106	426
106	886
106	887
107	240
107	422
107	613
107	690
107	741
107	773
107	911
108	432
108	954
108	975
108	995
108	999
108	1052
108	1062
109	368
109	400
109	493
109	517
109	551
109	565
110	225
110	550
110	852
111	697
112	213
112	228
112	484
112	760
112	955
113	292
113	494
113	719
113	893
113	998
113	1074
114	590
114	662
114	732
115	394
115	443
115	448
115	808
115	873
115	876
115	979
116	993
116	1040
116	1130
117	242
117	376
117	567
117	962
117	996
117	1117
117	1137
118	177
118	362
118	565
118	876
118	1175
119	135
119	198
119	288
119	697
119	749
119	996
120	150
120	190
120	857
120	925
120	1100
121	194
121	593
121	696
121	1015
122	294
122	475
122	706
122	965
123	682
123	973
124	215
124	254
124	361
124	473
124	838
124	954
125	534
125	822
126	1030
126	1130
127	279
127	293
127	323
127	437
127	552
127	687
127	727
127	788
127	1169
128	826
128	956
128	1198
129	1007
130	216
130	596
130	613
130	801
130	866
130	1171
131	177
131	639
131	757
131	857
132	230
132	317
132	512
132	1187
133	343
133	856
134	390
134	967
134	994
135	179
135	473
135	693
135	709
135	891
135	1038
136	722
136	1154
137	225
137	502
137	517
137	1087
138	204
138	226
138	234
138	482
138	533
138	703
138	825
139	200
139	295
139	751
139	1003
140	323
140	504
140	546
141	566
141	625
141	753
141	1101
142	849
142	927
143	864
143	1006
143	1168
144	223
144	425
144	550
144	921
144	1015
144	1049
144	1062
145	160
145	268
145	634
145	753
145	1099
146	154
146	515
146	817
146	993
146	999
147	346
147	403
147	549
147	603
147	725
148	165
148	238
148	1049
148	1076
149	336
150	202
150	465
150	473
150	946
151	189
151	226
151	365
151	1069
152	258
152	741
152	965
152	1034
152	1143
153	403
153	441
153	613
153	894
153	1193
154	207
154	665
154	743
154	846
154	896
154	1062
155	522
155	741
155	939
155	974
156	695
156	844
157	459
157	464
157	720
157	811
157	996
157	1039
158	209
158	393
158	605
158	678
158	700
159	253
159	714
159	936
160	339
160	605
160	838
160	935
160	1093
161	248
162	552
162	942
163	525
163	618
163	677
163	829
163	1186
164	478
164	498
164	537
164	973
164	1075
164	1087
165	713
165	774
165	849
165	973
165	1174
166	807
166	859
166	912
167	599
167	860
167	922
168	531
168	570
168	718
169	755
170	381
171	251
171	288
171	293
172	314
172	388
172	492
172	851
172	875
172	907
172	916
172	918
173	342
173	363
173	369
173	979
174	220
174	1159
175	210
175	230
175	368
175	1175
176	559
176	587
177	232
177	491
177	1035
178	704
178	731
178	950
179	228
179	365
180	830
180	1125
180	1135
181	271
181	300
181	472
181	535
181	593
181	740
181	990
182	252
182	379
182	489
183	364
183	547
183	732
183	1026
183	1095
184	572
184	1109
185	506
186	774
186	923
186	1042
186	1126
187	535
187	729
187	909
187	939
187	1122
188	1087
189	320
190	448
190	869
190	965
190	1175
191	261
191	730
191	1058
192	263
192	625
192	847
192	1066
192	1151
193	834
194	199
194	369
194	425
195	221
195	546
195	987
195	1175
196	741
196	990
196	1164
197	335
197	979
197	1157
198	812
199	275
199	403
199	535
199	646
199	897
199	1021
200	741
201	477
201	951
201	1026
201	1105
201	1116
202	396
202	1129
202	1156
203	291
203	524
203	696
203	1017
203	1072
203	1084
204	205
204	273
204	292
204	503
204	807
204	1071
205	448
205	480
205	1033
205	1063
206	409
207	856
207	917
207	1034
208	242
208	269
208	657
208	1021
208	1106
209	227
209	268
209	482
209	526
209	545
209	651
209	1109
210	492
210	656
210	989
211	238
211	452
211	763
211	1001
212	651
212	844
212	887
212	1048
213	312
213	328
213	380
213	574
213	1028
214	1002
215	224
215	420
216	590
216	962
217	228
217	812
217	986
217	1047
218	448
218	726
218	1128
219	260
219	427
219	609
219	676
219	933
220	643
220	1017
220	1027
220	1191
221	718
221	830
221	867
223	448
223	491
224	356
224	605
225	351
225	441
225	884
226	383
227	237
227	697
227	706
227	877
228	292
228	297
228	476
228	770
228	945
228	1165
229	358
229	918
229	1005
229	1053
231	723
232	960
232	1164
233	393
233	500
233	716
233	743
233	1017
233	1034
233	1158
234	536
234	574
234	719
234	1149
235	288
235	336
235	381
235	579
235	632
235	660
235	825
236	416
237	704
238	326
238	707
238	937
238	954
239	995
239	1056
240	263
240	796
240	898
240	1159
241	532
241	1114
242	402
242	823
242	1052
243	788
244	432
244	551
244	849
245	746
245	963
246	804
247	343
247	475
247	525
247	603
247	821
247	1086
248	1051
248	1097
248	1157
249	394
249	439
249	891
250	386
250	456
251	365
252	486
252	501
252	590
252	630
252	727
252	974
253	789
253	1159
254	285
254	614
254	620
254	960
255	512
255	668
255	946
255	1112
255	1183
256	509
256	768
256	1062
257	282
257	466
257	484
258	1028
259	410
259	520
259	714
259	978
260	655
260	688
260	795
260	859
261	324
261	577
261	969
261	1131
262	603
262	902
262	1053
262	1159
262	1185
263	641
263	782
263	820
263	1000
263	1125
264	278
264	398
264	427
264	531
264	852
265	326
265	619
265	860
265	1050
266	362
266	623
266	1185
267	666
267	935
268	277
268	778
268	966
268	1031
268	1164
269	486
269	701
269	752
269	816
270	807
271	301
271	335
271	356
271	490
271	680
271	683
272	316
272	726
272	800
272	1083
273	527
273	577
273	723
273	854
273	994
273	1080
274	407
274	793
275	333
275	442
275	598
275	758
275	924
275	1101
275	1163
275	1188
276	707
276	733
276	890
276	1076
276	1102
277	556
277	829
277	1165
278	289
278	688
278	864
280	1019
281	601
281	744
281	965
281	1068
282	350
282	648
282	1101
283	469
283	506
283	1108
284	514
284	1071
284	1178
285	324
285	340
285	438
286	824
287	454
287	1125
288	298
288	723
288	955
289	832
289	902
289	908
289	1073
289	1199
290	345
290	567
290	703
291	590
292	423
293	530
293	641
294	347
294	572
294	730
294	873
294	1179
295	377
295	540
296	308
296	320
296	390
296	600
296	1019
297	409
298	554
298	978
299	863
299	895
299	956
299	1141
299	1156
300	600
301	894
301	1059
302	367
302	409
302	944
302	1060
303	309
303	475
303	562
303	859
303	972
303	1087
303	1165
305	890
305	1083
306	365
307	948
307	971
308	401
308	443
308	636
308	928
309	324
309	721
309	997
310	464
310	651
311	557
311	737
311	826
311	1077
312	422
313	445
313	597
313	660
313	760
313	892
313	1109
314	395
314	542
314	577
314	667
314	679
314	889
314	1160
315	358
315	564
315	579
315	667
315	860
315	1172
316	872
316	1174
318	432
318	487
318	673
318	864
319	378
319	438
319	551
319	746
319	1074
319	1077
320	459
320	860
320	944
320	973
320	1046
321	612
321	618
322	496
322	539
322	699
322	822
323	334
323	455
324	542
324	563
324	585
325	430
325	465
325	707
326	389
326	620
326	934
326	1034
326	1138
327	458
327	778
327	1030
328	759
328	785
328	952
328	1056
328	1190
329	389
329	424
329	462
329	550
329	676
330	1094
330	1159
330	1174
331	350
331	356
331	515
331	541
331	565
331	627
331	1173
332	598
332	803
332	1005
332	1020
333	621
334	1156
334	1161
335	959
336	373
336	708
337	500
337	939
337	1051
338	404
338	415
338	1061
338	1119
338	1130
339	372
339	805
339	1170
339	1189
340	353
340	498
340	520
340	844
341	569
341	617
341	869
341	881
341	1111
343	465
343	633
343	866
343	1011
344	381
344	494
344	784
344	1047
344	1072
344	1128
345	542
345	924
345	1184
346	405
346	584
346	800
346	991
346	1143
346	1162
347	610
347	825
347	1039
348	800
348	867
349	380
349	543
349	595
350	934
350	976
350	1068
351	621
351	1032
352	472
352	476
352	902
352	925
353	464
353	599
353	1096
354	554
354	796
355	811
355	1053
355	1178
356	1054
357	520
357	735
357	785
357	871
358	505
358	563
358	1034
358	1046
358	1169
358	1172
359	390
359	1016
359	1055
359	1109
360	729
360	810
360	919
362	408
362	582
362	619
362	652
362	734
363	586
363	790
363	953
363	992
364	975
364	1146
365	568
365	916
365	972
366	475
366	520
366	871
367	477
367	524
367	631
368	502
368	567
368	690
368	916
368	1199
369	419
369	429
369	433
369	445
369	1094
370	727
371	479
371	700
371	1012
372	568
372	769
372	872
372	935
372	991
373	587
373	1060
373	1197
374	1066
374	1144
374	1164
375	423
375	815
376	377
376	565
376	680
376	1000
377	922
377	1052
378	495
378	982
378	1139
380	580
381	997
381	1011
382	644
383	754
383	977
383	1027
383	1053
383	1150
383	1168
384	1038
385	431
386	467
386	910
386	1129
386	1148
387	553
387	601
387	647
387	703
387	735
387	804
387	997
388	719
388	874
388	1126
389	1193
390	817
390	1181
391	403
391	558
391	1058
392	870
392	1051
392	1082
393	782
393	849
394	498
394	711
394	793
394	813
394	814
394	1058
395	877
395	1062
395	1104
396	425
396	500
396	502
396	942
397	1121
398	586
398	750
398	1026
399	601
400	490
400	1065
401	419
401	519
401	609
401	798
401	1179
402	667
402	922
402	934
402	1088
402	1135
403	703
403	851
404	466
404	920
405	462
405	549
405	580
405	611
405	808
405	968
405	1169
406	869
406	946
407	479
407	524
407	634
407	641
407	975
407	980
408	727
408	825
408	911
408	1074
409	430
410	447
410	608
410	877
411	674
412	608
412	673
412	1030
413	426
413	441
413	489
413	590
413	743
413	754
414	664
414	1150
415	568
416	745
416	918
416	933
417	766
418	1117
419	773
419	1195
420	552
420	596
420	1119
421	777
422	440
422	1136
423	437
424	703
424	1129
425	508
425	599
426	453
426	575
426	1060
426	1132
427	626
427	1130
428	1084
428	1099
429	535
429	691
429	901
429	917
429	1143
429	1177
430	694
430	987
431	592
431	1165
432	586
432	622
432	745
432	1155
433	552
434	496
434	981
435	543
435	1037
435	1109
436	967
437	959
437	1135
438	948
438	1086
439	509
439	743
439	1031
442	605
442	1008
442	1072
442	1103
443	544
443	645
444	590
444	660
444	823
444	1033
445	793
445	819
446	955
447	792
447	1052
448	470
448	678
448	806
449	555
449	951
451	805
452	1199
453	533
453	589
454	789
454	951
454	1002
455	468
456	822
456	1108
456	1165
457	1114
459	507
460	864
460	872
461	476
461	536
461	818
461	1174
462	480
462	923
463	1174
463	1177
463	1193
464	546
464	714
464	766
465	1074
465	1091
466	827
466	885
466	1081
466	1152
467	747
467	934
467	1187
469	865
469	1120
469	1198
470	911
470	1177
471	990
472	474
472	953
473	1061
474	986
474	1074
474	1169
474	1182
475	640
475	676
475	879
475	1052
476	561
476	577
476	588
476	917
476	1089
478	840
478	873
479	772
479	876
479	1133
480	681
480	914
480	954
480	962
480	1172
481	584
481	957
481	1138
482	704
482	821
484	545
484	627
484	774
484	989
485	737
485	927
485	969
486	640
486	757
486	1015
486	1098
486	1181
486	1192
487	728
487	1104
488	568
488	667
489	564
489	970
490	803
491	689
491	721
491	1174
492	620
492	865
493	520
493	568
493	650
493	1048
493	1067
497	558
498	512
498	1078
499	878
499	1121
500	772
500	830
501	664
501	989
501	1198
502	828
502	830
502	922
503	524
503	756
503	812
503	1140
504	742
504	746
504	1039
505	727
505	1113
506	914
506	1034
507	702
507	817
507	993
508	540
508	909
508	945
509	543
509	680
509	717
509	919
511	540
511	659
511	797
511	941
511	963
512	532
512	646
513	578
513	700
514	529
514	609
514	707
514	859
514	1011
515	581
515	919
516	655
516	729
516	986
516	1094
517	548
517	610
517	681
517	741
518	734
521	660
521	923
521	926
521	1181
523	738
523	899
523	1068
523	1126
523	1188
524	773
524	1068
524	1147
525	887
525	946
525	1020
527	744
527	890
528	601
528	797
529	825
529	959
529	1002
529	1168
529	1179
531	734
532	570
532	639
532	649
534	1055
534	1144
535	642
535	682
535	701
535	852
536	953
538	609
538	1036
538	1167
538	1199
539	936
539	1079
539	1091
540	653
540	701
540	858
540	950
541	1195
542	713
542	719
542	946
542	1018
543	823
543	1066
544	1103
545	578
545	630
545	641
546	838
546	990
547	721
547	801
547	905
547	1025
547	1171
548	629
548	870
548	1002
549	575
549	1046
550	563
550	890
550	1019
550	1090
550	1175
551	932
551	1012
552	929
553	779
553	928
553	940
554	777
554	786
554	933
555	902
555	951
555	1104
555	1195
556	592
557	741
557	1105
559	567
559	676
559	822
560	569
560	1137
561	604
561	662
561	667
561	824
563	947
563	958
564	826
564	955
565	643
565	985
565	1002
565	1006
566	634
567	966
567	1117
569	617
569	702
569	705
571	628
571	837
573	879
573	935
573	1082
573	1103
573	1199
574	714
574	789
574	817
574	943
574	1179
574	1187
575	645
575	991
576	929
579	880
579	1077
580	674
580	872
580	896
581	819
581	910
581	1160
582	654
582	761
583	970
584	775
585	635
585	1006
585	1031
585	1098
585	1125
585	1160
586	813
586	1057
587	683
587	959
587	1007
589	602
589	689
590	952
591	633
591	744
591	1046
592	859
593	613
593	1136
594	719
595	611
595	1030
595	1195
597	843
597	1032
597	1063
599	791
599	965
600	782
600	1021
601	709
601	859
601	1039
601	1161
602	889
602	1097
603	1032
603	1097
604	656
604	670
604	837
604	948
605	1126
606	857
606	1011
606	1067
607	988
608	637
609	682
609	911
611	855
611	930
611	1155
612	742
612	838
612	924
612	1175
612	1184
613	619
613	831
614	931
615	752
615	847
615	976
615	1086
615	1100
615	1186
616	711
616	1051
617	949
617	1029
617	1032
617	1137
618	834
618	1031
619	1078
620	953
620	1080
621	886
621	902
621	1122
622	980
623	726
624	700
624	840
624	1010
625	728
625	1121
625	1175
626	787
626	830
627	824
627	1037
628	674
628	1037
628	1116
629	690
629	1005
631	671
631	690
631	854
631	1107
632	655
632	847
633	749
634	652
634	1070
635	819
635	899
636	1114
636	1195
637	866
637	1107
637	1130
638	774
639	1079
643	783
643	811
643	937
643	1011
643	1045
643	1196
644	888
645	653
645	738
645	1073
646	829
647	820
647	1138
648	651
648	822
650	726
650	761
651	669
651	1073
651	1137
652	778
652	781
652	798
653	780
654	798
654	921
655	1143
656	756
656	993
658	719
658	1093
659	755
659	1025
659	1048
659	1142
659	1178
659	1179
660	905
661	834
662	755
663	1018
663	1105
664	846
665	849
665	1031
666	826
666	1137
667	837
667	886
667	1005
667	1115
668	735
668	972
668	1178
669	969
670	840
670	986
670	1180
671	841
671	953
671	1096
672	969
672	1055
673	820
673	932
673	1076
674	1075
675	902
675	956
675	1079
676	781
676	1198
677	809
678	776
678	824
680	749
680	820
680	1042
681	748
681	829
681	1024
682	1090
683	750
684	726
684	1156
685	712
686	756
686	1034
686	1151
688	724
689	741
689	815
690	906
690	956
690	1105
692	702
692	825
692	1039
692	1075
692	1152
693	885
693	1071
693	1095
693	1133
695	780
695	955
695	1121
696	1080
696	1101
697	1169
698	1016
698	1028
698	1188
699	1066
700	773
704	815
704	1102
705	1007
706	861
708	718
708	1075
708	1134
709	764
709	824
709	1113
710	1034
710	1127
711	741
711	960
713	957
713	1162
715	1086
716	1147
718	1072
718	1092
719	1106
720	876
721	754
721	1020
723	736
723	888
724	1039
725	733
726	815
726	1021
726	1166
727	985
727	1157
730	1056
731	978
732	972
732	1076
732	1126
733	785
733	803
733	1011
734	1184
735	891
735	902
735	1050
736	909
737	807
737	833
737	850
737	949
737	998
737	1022
737	1144
738	1149
739	909
739	1116
739	1118
740	742
740	743
740	1064
740	1165
741	1097
741	1100
741	1184
741	1195
742	1080
742	1156
743	1067
744	837
746	848
746	1150
747	980
748	840
748	960
748	1027
749	940
749	1096
749	1125
750	1037
751	898
751	1022
751	1175
752	778
753	815
754	760
754	978
754	1122
755	1071
755	1149
758	1004
759	763
759	1065
760	1190
761	814
761	957
761	1012
761	1126
762	780
763	782
763	986
764	1117
765	885
765	1013
765	1105
768	904
769	807
769	921
770	1177
771	782
771	1094
772	786
772	798
772	838
772	843
772	1121
773	888
774	782
774	1030
776	980
776	1089
777	882
777	1037
778	862
778	1192
779	1098
779	1159
780	832
780	843
783	839
784	1044
785	833
785	1124
786	855
787	1167
788	1052
788	1113
789	1188
790	832
790	1021
791	1125
791	1197
794	974
794	1156
796	797
797	986
797	1049
799	803
799	1004
799	1022
800	931
800	1072
801	950
802	904
803	977
806	976
806	1143
806	1157
806	1186
807	893
807	1007
809	825
810	945
811	834
813	1049
817	890
818	976
819	944
820	1063
820	1126
820	1172
821	1176
822	1039
823	956
823	1099
825	910
825	912
825	1025
826	1042
827	1036
828	952
829	1050
832	1060
833	967
834	915
836	1193
837	1188
838	934
839	1055
840	949
840	1085
842	927
843	1178
844	986
846	1059
847	885
847	960
847	1043
847	1060
847	1133
847	1198
850	900
850	1095
851	1169
853	961
853	987
853	1127
853	1170
857	1024
858	939
859	960
861	1024
862	942
862	967
862	1109
865	1122
866	899
867	974
870	1058
870	1124
872	1002
873	927
877	1163
880	1009
888	1072
890	984
890	1175
894	930
895	990
895	1194
896	957
896	1164
899	1071
901	1154
902	983
904	1019
905	1183
908	1001
910	963
910	1101
910	1115
911	1100
912	1073
913	1019
914	1105
915	1082
916	1106
919	1020
919	1056
919	1170
920	1101
922	1003
922	1153
924	998
924	1108
924	1192
928	957
928	991
930	1136
931	1135
933	961
936	948
936	1139
937	1124
938	1124
938	1179
942	1153
943	1037
943	1114
944	1089
945	1062
945	1161
945	1186
946	962
948	953
948	1019
948	1053
950	961
950	1128
951	1028
954	1119
955	1058
958	986
958	1149
959	1191
960	1157
962	963
963	1075
963	1121
965	1054
965	1107
969	1166
972	1012
973	1187
978	1097
978	1123
980	1029
980	1074
981	1002
981	1107
982	1192
984	1041
984	1045
985	1034
985	1055
986	1078
989	1121
991	1035
992	1076
994	1161
995	1104
996	1172
997	1047
997	1105
999	1189
1000	1072
1001	1021
1001	1063
1003	1112
1003	1157
1004	1173
1004	1181
1006	1075
1009	1108
1011	1173
1012	1075
1014	1030
1015	1138
1016	1137
1019	1022
1019	1115
1020	1095
1020	1174
1021	1189
1022	1094
1023	1111
1024	1179
1025	1195
1027	1085
1028	1132
1030	1062
1031	1146
1033	1127
1034	1126
1035	1180
1036	1153
1039	1042
1041	1080
1042	1062
1044	1093
1049	1170
1050	1057
1050	1138
1052	1180
1057	1070
1057	1130
1060	1065
1061	1076
1065	1189
1068	1199
1076	1195
1080	1198
1093	1099
1093	1136
1094	1163
1097	1145
1097	1196
1098	1148
1098	1173
1099	1159
1102	1192
1106	1139
1109	1137
1110	1114
1117	1188
1119	1153
1123	1140
1127	1175
1127	1199
1130	1185
1135	1143
1139	1179
1146	1152
1157	1188
1160	1165
1167	1178
1179	1184