0	144
0	1033
0	1056
0	1170
1	127
1	287
2	3
2	41
2	463
2	514
2	617
2	831
2	950
3	411
3	1146
4	824
5	433
5	516
5	798
5	1048
6	235
6	439
7	73
7	104
7	141
7	239
7	335
8	90
8	464
8	841
9	253
9	574
9	592
9	1168
10	156
10	580
10	649
10	808
10	1082
11	483
12	663
13	20
13	140
13	409
14	571
14	716
15	169
15	574
15	694
15	831
15	838
15	1080
15	1182
16	19
16	81
16	93
16	474
16	586
17	267
17	486
17	561
17	596
17	1161
18	278
18	723
18	928
18	1160
18	1187
19	460
19	494
19	1114
19	1187
20	486
20	556
20	717
20	1189
20	1194
21	64
21	371
21	376
21	454
21	756
21	985
22	211
22	325
22	874
22	903
23	427
23	605
23	628
23	950
24	47
24	68
24	114
24	147
24	266
24	285
24	991
25	117
25	216
25	355
25	381
25	746
25	976
25	1184
26	276
26	711
26	1133
27	44
27	269
27	357
27	914
27	989
28	267
28	531
28	841
28	951
29	228
29	351
29	677
29	705
29	873
30	654
30	717
30	870
30	977
30	1097
30	1111
31	372
31	608
31	1103
32	273
32	823
32	924
32	1018
32	1046
33	35
33	133
33	377
33	478
33	536
33	708
34	216
34	425
34	521
34	591
34	638
34	1014
35	128
35	304
35	565
35	902
35	1081
35	1160
36	136
36	754
36	823
36	1141
37	263
37	459
37	915
37	919
37	1127
38	332
38	426
38	565
38	1142
39	1051
40	578
40	717
40	1015
40	1074
40	1095
40	1192
41	160
41	848
42	181
42	581
43	95
43	132
43	313
43	374
43	388
43	817
43	829
43	1115
44	157
44	253
44	523
44	1012
45	148
45	411
45	420
45	481
45	763
45	781
46	320
46	321
46	422
46	678
46	1098
47	261
47	299
47	550
47	702
47	825
47	961
48	360
48	551
49	201
50	303
50	372
50	602
50	679
50	790
51	771
52	54
52	277
52	369
52	534
52	555
52	805
52	1038
53	97
53	214
53	420
53	656
54	319
54	639
54	1034
55	209
55	361
55	978
55	1094
56	224
56	315
57	79
57	476
57	539
57	1173
58	439
58	512
59	512
59	605
59	695
59	834
59	888
59	1120
60	243
60	377
60	405
60	824
60	1057
61	79
61	143
61	812
61	906
62	852
62	853
62	931
62	960
63	81
63	930
64	274
64	473
64	676
64	757
64	809
64	985
65	449
65	512
65	561
65	1077
66	89
66	596
67	484
67	555
67	736
68	216
68	270
68	463
68	619
68	882
68	928
68	1181
69	150
69	857
70	316
70	414
70	1031
70	1117
71	114
71	829
71	976
71	1085
72	423
72	877
73	155
73	238
73	464
73	785
74	78
74	109
74	236
74	332
74	999
75	322
76	389
76	536
76	545
76	590
77	106
77	498
77	1175
78	155
78	208
78	344
78	431
78	505
78	647
78	658
78	679
78	844
79	145
79	162
79	1101
80	334
80	380
80	1190
81	526
81	1019
82	137
82	141
82	1037
83	364
83	690
83	909
83	932
83	1127
84	880
84	926
84	1185
85	298
85	451
85	731
85	789
86	297
86	715
87	265
87	351
87	792
87	889
87	943
88	383
88	447
88	559
88	1183
89	349
89	539
89	758
89	854
91	330
91	962
92	190
92	690
92	1070
92	1134
92	1146
92	1154
93	241
93	325
93	492
93	497
93	513
94	219
94	288
94	356
94	1040
94	1113
95	382
95	649
95	703
95	824
96	292
96	740
96	934
96	1005
96	1110
97	298
97	388
97	519
98	338
98	504
98	570
98	580
99	272
99	406
99	1007
100	193
100	244
100	332
100	810
100	814
100	839
101	320
101	983
101	1150
102	1111
103	833
103	1104
104	446
104	467
104	740
104	932
105	337
105	387
105	639
105	657
106	489
106	744
106	783
106	879
107	330
107	616
107	729
107	748
108	316
109	361
109	732
109	989
110	141
110	446
110	636
110	856
110	1169
111	136
111	212
111	814
111	1011
112	338
113	199
113	268
113	326
113	592
113	905
114	122
114	503
114	844
115	893
115	1043
116	503
116	576
116	938
116	1032
116	1110
116	1191
117	207
117	234
117	257
117	336
117	441
117	671
118	145
118	598
118	842
119	297
119	305
119	343
119	428
119	528
120	401
120	754
120	939
120	1113
121	573
121	1011
121	1152
122	167
122	684
122	802
123	323
123	758
124	170
124	429
124	1101
125	225
125	493
125	567
125	674
126	174
126	198
127	138
127	171
128	301
128	326
128	387
128	537
128	587
129	356
129	1042
130	890
131	495
131	510
131	693
131	879
131	1183
132	182
132	284
132	361
132	606
132	747
132	813
132	1020
133	914
133	1004
134	302
134	542
134	871
135	145
135	212
135	216
135	411
135	627
135	947
136	162
136	418
136	771
136	852
136	991
136	1033
136	1173
137	205
137	579
137	607
137	856
138	160
138	760
138	1096
139	827
139	850
140	217
140	537
140	678
140	783
140	816
141	157
141	336
141	383
141	859
141	1002
141	1143
142	345
142	416
142	531
142	795
142	942
143	318
143	661
143	1008
143	1053
144	1144
145	404
145	478
145	943
145	1065
146	256
146	382
146	1138
147	554
147	809
147	887
148	314
148	872
148	1132
148	1177
149	599
149	604
149	638
149	753
149	837
150	363
150	658
150	849
150	1181
151	729
151	750
151	977
151	1114
151	1167
152	369
152	1080
153	695
154	207
154	1132
155	655
155	743
155	779
156	436
156	489
156	727
156	938
156	1155
157	753
158	640
158	1134
159	165
159	237
159	258
159	728
159	819
159	971
159	1007
160	172
160	180
160	368
160	643
160	813
160	904
161	335
161	368
162	534
162	673
162	780
162	1040
163	169
163	637
163	796
164	754
164	997
165	180
165	727
165	809
165	864
165	1054
165	1149
166	616
167	488
167	1150
168	1028
169	227
169	516
169	533
169	909
169	923
170	229
170	729
170	991
171	467
171	666
171	746
171	1021
171	1059
171	1109
172	356
172	649
172	719
172	912
172	940
173	475
173	658
173	692
173	854
174	1041
175	996
176	322
176	395
176	746
176	1128
177	454
178	334
178	510
178	864
179	553
179	995
179	1039
180	348
180	973
180	1061
180	1127
180	1147
181	246
181	1149
182	308
182	705
183	267
183	732
183	776
183	1132
184	217
184	1051
184	1148
185	189
185	314
185	397
185	992
186	513
186	617
186	1190
187	251
187	464
188	552
188	713
189	434
189	639
190	660
190	893
190	1129
191	390
191	781
191	922
192	481
192	716
192	1013
193	443
193	623
193	766
193	1002
194	728
195	386
195	1014
196	357
196	506
196	557
196	755
196	853
196	1035
196	1041
197	748
197	759
197	786
198	397
198	735
198	1117
198	1134
199	492
199	917
199	919
199	940
200	244
200	249
200	337
200	345
200	840
200	887
200	945
200	1194
201	466
201	873
201	1012
202	522
202	864
202	924
202	1130
202	1177
203	834
203	988
203	1073
204	607
204	790
205	277
205	338
205	344
205	373
205	715
205	818
205	1029
206	491
206	539
206	688
206	814
206	902
207	286
207	330
207	665
208	233
208	279
208	453
208	1172
209	376
209	404
209	650
209	889
209	1058
209	1149
210	350
210	633
210	929
211	226
211	362
212	349
212	462
213	317
213	333
213	545
213	556
213	964
213	1153
214	340
214	1179
215	761
215	909
217	589
217	1059
217	1140
218	299
218	318
218	740
218	923
218	1008
218	1091
219	328
219	758
220	498
220	610
220	863
220	1120
221	500
221	509
221	526
221	610
222	236
222	1034
222	1039
223	514
223	579
223	1017
224	361
224	495
224	534
224	562
224	600
224	695
224	733
224	917
224	1192
225	612
225	896
225	984
226	311
226	422
226	478
226	937
226	1158
227	640
227	856
227	1060
227	1176
228	328
229	526
229	842
230	325
230	946
230	1051
230	1112
231	235
231	902
231	1141
232	306
232	339
232	345
233	320
233	399
233	554
233	809
233	849
233	1005
234	253
234	300
234	503
234	997
234	1008
234	1018
234	1112
235	492
235	867
236	819
237	389
237	471
237	1010
238	873
238	968
238	1152
239	484
239	777
240	358
240	787
240	1157
241	586
241	862
241	869
241	1182
242	251
243	406
243	628
243	772
243	811
243	1066
244	409
244	433
244	707
244	855
244	991
245	285
245	346
245	366
245	471
245	497
245	565
245	792
245	815
246	851
246	1151
247	705
247	905
247	1149
247	1167
248	361
248	584
249	439
249	974
250	449
250	1000
251	1195
252	944
252	1034
253	817
253	953
253	993
253	1166
253	1193
254	419
254	505
254	701
255	306
255	326
256	728
256	963
257	419
257	539
257	734
257	1171
257	1187
257	1197
258	661
258	910
258	925
259	375
259	479
259	641
259	642
259	775
259	859
259	971
259	1180
260	610
260	686
260	1054
261	669
261	902
261	1009
262	436
262	537
262	948
263	285
263	775
264	334
265	752
265	806
265	1002
265	1149
266	567
266	658
266	662
266	730
268	603
268	728
268	802
268	839
268	997
268	1044
269	745
269	1081
269	1094
270	409
270	489
270	559
270	687
270	760
270	831
271	358
271	371
271	587
271	1160
272	403
272	543
272	794
272	1187
273	418
273	607
273	938
273	1164
274	647
274	801
274	850
274	1155
275	398
275	487
275	847
275	984
275	1131
276	528
276	541
276	710
276	758
276	858
277	666
277	778
277	894
277	1122
278	300
278	759
279	666
279	967
279	1017
280	726
280	758
280	1102
280	1137
281	292
281	423
281	458
281	597
281	645
281	995
281	1104
281	1187
282	732
282	851
282	1151
283	585
283	876
284	357
284	515
284	562
284	694
284	1014
284	1077
284	1142
284	1178
285	364
285	610
285	750
285	846
285	1123
286	482
286	647
287	764
288	712
289	490
289	585
289	600
290	1188
291	318
291	628
291	1082
292	510
292	619
292	776
293	446
293	887
293	921
294	324
294	415
294	594
294	634
294	819
294	897
294	1008
294	1081
294	1086
295	635
296	382
296	554
296	562
297	365
297	818
297	1025
298	415
299	302
299	361
299	646
299	776
299	791
299	898
299	927
300	724
300	1032
301	488
301	1113
302	516
302	543
302	797
302	869
302	1160
303	386
303	535
304	923
304	1120
305	1193
306	526
306	812
307	434
307	557
307	569
307	961
308	669
308	683
308	741
308	1019
309	633
310	343
311	973
311	1150
312	455
313	891
314	917
315	348
316	797
316	852
316	1062
317	391
317	895
317	971
318	423
318	606
318	1059
319	537
319	1109
320	626
320	963
321	398
321	787
321	1137
321	1177
322	1068
323	334
323	506
323	728
324	406
324	531
324	639
324	894
324	935
325	536
325	547
325	580
325	662
325	702
325	889
325	917
326	581
326	600
327	333
327	350
327	800
327	989
328	675
328	678
328	1087
329	344
330	377
330	855
330	1027
330	1154
331	366
331	685
331	734
332	848
332	1001
333	751
333	823
334	345
334	462
334	694
334	928
335	383
335	504
335	1182
336	591
336	593
336	651
336	765
336	948
336	1022
336	1116
337	973
337	987
338	566
338	843
339	350
339	397
339	975
340	423
340	882
341	744
341	748
341	1021
342	743
342	814
342	1003
342	1127
343	536
344	500
344	699
344	715
344	808
344	835
344	913
345	840
345	986
346	935
347	567
347	659
347	774
347	847
347	896
348	552
348	622
349	406
349	659
349	802
349	1013
350	405
350	525
350	663
350	720
351	405
351	987
351	1168
352	720
352	886
352	965
353	505
353	585
353	1001
353	1086
353	1155
353	1191
354	706
355	433
355	593
355	791
356	499
356	753
356	756
357	378
357	637
357	678
357	679
357	720
358	368
358	596
358	848
359	457
359	740
359	985
359	1144
360	486
360	626
360	1189
361	539
361	548
361	636
361	708
361	1121
361	1145
362	448
362	815
362	1043
363	896
364	1021
364	1152
365	389
365	825
366	858
366	927
366	941
366	943
367	859
368	403
368	432
368	715
368	928
369	691
369	951
369	1160
370	482
370	1013
371	561
371	745
371	1089
372	988
373	402
373	1000
373	1147
375	584
375	612
375	613
376	384
376	1070
377	401
377	868
377	946
377	1097
378	998
378	1120
379	1179
380	591
380	671
380	776
380	935
381	387
381	667
382	423
382	769
382	828
382	892
382	1084
383	453
383	584
383	613
384	401
384	465
385	409
385	721
385	1014
385	1069
386	454
386	504
386	558
386	720
386	785
386	1039
387	541
388	629
388	694
388	758
388	970
388	1006
389	1129
390	840
390	1152
391	841
391	904
392	817
393	979
394	799
394	983
394	1005
394	1019
394	1163
395	748
395	1126
396	421
397	921
398	423
398	506
399	1012
399	1084
399	1154
400	456
400	553
400	666
400	991
400	1136
401	678
401	877
402	524
403	486
403	667
403	1115
404	610
404	816
404	923
405	606
405	731
405	917
406	411
406	493
406	1011
406	1187
407	620
407	624
407	928
408	464
408	634
408	1185
409	529
409	559
409	575
409	684
409	869
409	1036
410	715
410	878
410	1005
411	738
412	1061
412	1132
413	825
413	884
413	1066
414	742
414	765
414	1015
414	1162
415	814
416	699
416	802
416	981
416	1072
417	1007
418	500
418	504
418	508
418	737
418	763
418	1010
418	1157
420	538
420	637
420	775
420	933
420	1081
420	1156
421	463
421	588
421	673
421	782
421	1077
421	1147
423	460
423	612
423	767
424	752
424	867
425	1070
426	919
426	1101
427	959
428	562
429	520
429	709
429	815
430	758
431	1025
431	1027
431	1119
432	612
433	546
433	983
433	1128
433	1129
434	499
434	604
435	521
435	782
436	773
437	495
437	528
437	906
437	1148
438	525
438	534
438	734
438	1057
439	925
440	1105
440	1109
441	747
441	814
441	938
441	1140
442	545
442	842
443	449
443	572
443	1048
443	1169
444	537
444	726
444	875
444	1047
444	1140
445	832
445	952
445	960
446	583
446	1133
447	691
448	1000
449	458
449	1013
450	725
450	844
450	1044
451	524
452	536
452	600
452	678
452	1042
452	1184
453	928
453	1140
454	820
454	881
454	956
454	984
454	1170
456	640
456	808
456	1003
456	1038
457	850
457	875
457	942
458	574
458	885
458	911
459	776
459	947
460	511
460	639
460	938
461	690
461	714
461	860
461	996
462	702
462	1019
462	1059
463	496
463	540
463	543
463	959
464	476
464	677
464	776
464	783
464	987
465	532
465	1124
466	616
466	730
466	893
467	732
467	918
468	590
468	1067
468	1080
469	912
469	1050
470	875
470	1193
471	546
471	718
472	1069
473	732
473	1118
474	1062
475	754
475	916
475	1030
476	617
476	643
476	1108
476	1160
477	856
477	1016
477	1036
478	493
478	1049
479	576
479	767
479	1044
480	757
480	869
480	907
481	721
481	807
482	568
482	627
483	642
483	1172
484	977
485	499
486	851
486	937
486	1107
487	643
487	945
487	1146
488	522
488	788
488	958
488	1156
489	733
489	1085
489	1177
491	682
492	888
493	1002
493	1041
493	1102
494	629
494	958
494	1044
494	1114
496	956
496	1016
498	657
498	746
498	970
498	1051
499	812
500	503
500	879
500	950
501	595
501	705
501	1030
502	646
502	769
502	801
502	938
502	1140
502	1150
502	1170
503	526
503	837
503	1037
503	1165
504	758
504	818
504	834
504	857
505	571
506	784
506	1088
507	805
508	982
509	537
509	594
509	1013
510	1095
511	739
511	1050
512	879
512	1053
512	1076
513	702
513	916
513	1027
514	1153
515	938
516	797
516	816
516	853
517	641
517	878
517	1180
518	780
519	828
519	1001
519	1070
520	873
521	803
521	813
521	891
521	1126
521	1184
522	853
522	924
522	1154
523	664
525	692
525	1040
525	1165
526	580
526	829
526	1009
526	1120
526	1154
527	604
528	533
528	627
528	830
528	891
528	971
528	1135
528	1192
529	599
529	834
529	885
530	732
530	870
531	755
531	1079
532	660
532	787
532	818
532	987
532	1051
533	618
533	677
533	679
533	879
534	1118
535	1096
535	1117
536	721
536	794
536	877
536	1047
537	696
537	779
537	792
537	889
537	929
538	744
538	1074
538	1081
539	835
541	632
541	655
541	740
541	887
542	832
542	941
542	982
542	1198
543	733
544	753
544	805
544	951
544	1180
544	1199
545	746
545	834
545	925
546	749
546	1045
547	608
547	836
548	640
548	861
548	917
548	930
549	570
549	686
549	909
549	1103
549	1168
550	605
550	621
550	684
550	1009
551	726
551	919
551	1071
552	560
553	608
553	650
553	687
553	903
553	966
555	995
556	629
556	921
557	825
558	812
558	843
559	634
559	879
559	913
559	1088
561	765
561	769
561	816
561	838
561	910
561	1028
561	1169
562	840
562	1133
563	790
564	588
564	785
564	860
564	1028
564	1169
565	676
565	849
566	696
566	850
568	604
568	624
568	723
568	867
568	964
569	710
569	849
569	1177
569	1191
570	864
570	1092
570	1111
571	929
572	573
572	716
572	726
572	1034
573	768
573	790
573	795
574	862
576	650
576	982
577	780
577	907
578	990
578	1102
578	1157
579	981
580	758
581	835
581	1097
582	909
582	968
582	1171
583	823
583	983
584	844
584	856
585	785
587	734
587	1153
588	1107
589	663
589	677
589	804
590	1038
591	829
591	854
593	594
593	636
593	819
593	983
594	622
594	710
594	973
596	787
597	778
599	651
599	815
600	1146
600	1168
601	652
601	782
601	946
601	1191
602	776
602	807
602	1164
603	667
603	678
603	1024
604	734
604	873
604	994
606	656
606	702
606	972
607	675
607	692
607	718
607	758
607	1062
608	795
608	845
608	1018
609	684
609	892
610	1025
610	1086
611	944
611	972
611	1000
611	1073
611	1107
613	660
613	724
613	856
613	927
614	1035
615	800
615	872
617	671
617	985
618	805
618	1112
619	822
621	1119
622	659
623	1073
624	791
625	725
627	800
628	922
628	1104
629	858
630	676
630	1044
631	1034
633	1021
634	1092
635	1021
635	1072
635	1153
636	894
636	1184
638	1017
639	784
639	908
640	694
640	1075
640	1184
642	788
642	907
642	1132
643	1161
644	878
644	934
644	1193
645	680
645	710
645	749
645	979
645	1181
646	782
646	925
646	1044
647	697
647	919
648	699
648	910
648	931
648	1011
649	999
650	911
651	826
651	906
651	944
651	1039
652	712
652	915
653	733
653	974
654	874
654	1013
654	1026
654	1048
655	865
655	901
655	946
655	1163
656	658
656	1166
657	691
657	754
658	1004
658	1156
660	832
662	810
663	726
664	900
665	978
666	865
666	953
666	1024
667	818
667	1123
668	698
668	703
668	893
668	1007
668	1172
669	890
670	1064
671	937
672	735
672	772
672	1068
673	712
674	724
674	850
674	1013
675	833
676	708
676	730
676	757
676	856
676	876
676	1148
677	743
678	938
679	863
679	933
680	756
680	782
680	851
680	1028
681	817
681	828
681	954
681	1146
685	799
685	1186
686	913
686	1008
686	1080
687	690
687	885
689	731
689	966
689	1083
689	1184
690	707
690	851
690	934
691	780
691	838
691	929
693	753
693	793
694	792
694	1090
695	697
695	835
696	1071
696	1085
697	989
698	1081
698	1101
699	728
699	841
699	887
700	797
700	1137
700	1151
700	1186
701	915
701	964
702	708
702	871
702	883
702	914
703	856
703	990
704	928
704	976
704	1041
705	795
705	1024
705	1046
706	985
706	1133
707	956
707	968
708	853
709	807
710	1119
711	909
711	967
711	1029
712	762
712	826
712	1195
714	734
714	1012
714	1119
715	930
717	821
717	842
717	991
718	895
719	896
719	963
719	1021
720	978
721	895
721	1146
722	936
722	963
723	849
723	882
724	876
724	1009
726	973
726	1008
726	1080
727	1184
728	837
728	1161
729	975
729	1093
730	813
730	1096
731	817
731	839
731	1152
734	1188
735	795
735	848
736	798
736	1052
736	1076
736	1140
738	785
738	927
740	800
740	856
740	868
740	1141
741	940
742	819
742	1172
743	827
744	1029
744	1033
744	1070
744	1114
745	941
746	876
746	1150
747	827
747	886
747	1117
747	1150
749	872
750	984
750	1043
752	776
752	1157
753	978
753	1160
754	1046
755	946
755	1048
755	1116
756	857
756	859
757	846
757	884
757	954
757	1035
757	1073
757	1077
758	1145
759	902
759	906
759	924
759	1031
761	816
762	833
762	1196
763	988
765	1074
766	1175
768	999
770	805
770	903
771	861
772	858
772	1103
772	1143
773	874
773	1144
775	777
775	841
776	826
777	825
777	879
778	1006
778	1063
778	1116
779	1021
780	980
781	911
781	1091
781	1133
782	876
782	1070
783	860
783	940
784	911
784	1051
785	920
785	1100
787	880
787	1016
787	1104
788	995
788	1197
791	1113
794	1023
794	1089
796	874
796	875
796	1069
797	808
797	950
798	832
798	1127
799	876
801	873
801	1036
803	1037
803	1151
803	1194
806	940
809	875
815	895
816	844
817	864
818	939
819	1069
819	1071
821	906
821	1007
822	868
823	1033
823	1045
824	982
825	915
825	964
825	980
825	1133
827	911
827	1072
828	873
829	899
830	1043
830	1184
832	835
832	970
832	981
832	1034
833	1025
833	1150
833	1174
833	1179
835	1001
835	1160
836	928
836	1130
837	1139
837	1159
838	847
838	855
838	1051
838	1088
839	863
839	1029
842	1073
843	1178
844	982
844	1103
844	1141
847	899
847	959
849	1010
851	1146
853	868
853	988
853	1078
854	985
854	1042
855	1078
856	966
856	977
857	1161
859	864
859	966
859	1068
859	1076
860	1190
861	999
866	972
867	1149
870	919
870	963
870	1054
871	987
871	1007
872	908
872	1001
877	1064
878	1106
880	1119
881	961
882	968
882	1135
883	898
883	1045
884	1019
885	998
886	1014
887	1000
890	1020
892	1045
892	1047
892	1137
893	922
893	1072
895	1041
895	1114
897	915
899	927
899	1063
899	1078
901	1069
903	924
904	1106
905	1090
906	1040
906	1174
907	993
907	1037
909	1173
910	1094
910	1103
912	971
912	1111
914	1129
915	923
917	996
919	1005
919	1133
920	967
920	969
921	1083
922	979
922	1141
924	989
925	1193
928	934
928	1008
928	1041
928	1107
929	1152
932	1141
933	934
934	1041
936	1074
938	1183
939	1003
940	1141
942	949
942	963
942	1015
943	1160
944	1121
945	963
947	1062
948	991
948	1047
948	1130
954	1103
955	1145
956	1126
957	1043
958	1051
958	1096
959	975
959	985
959	1130
960	1173
961	1145
962	1068
963	1142
967	1030
968	983
969	1063
970	1010
970	1177
972	1140
973	1034
974	1196
975	1066
975	1125
976	1108
978	1116
979	1125
981	1113
981	1125
982	988
982	1181
987	1167
988	1091
989	1030
990	1026
993	1096
993	1113
994	1044
994	1062
994	1130
995	1155
995	1192
998	1196
1003	1163
1004	1075
1007	1135
1009	1024
1010	1045
1012	1113
1012	1156
1014	1160
1015	1156
1016	1086
1017	1126
1017	1178
1018	1042
1019	1094
1020	1021
1023	1035
1024	1025
1024	1120
1026	1165
1026	1172
1031	1070
1033	1045
1033	1066
1034	1123
1038	1186
1039	1198
1040	1157
1043	1055
1043	1139
1044	1063
1045	1127
1047	1170
1054	1060
1058	1073
1059	1144
1059	1146
1063	1083
1064	1177
1066	1138
1069	1186
1072	1178
1081	1102
1082	1142
1083	1088
1086	1159
1089	1152
1093	1149
1094	1155
1098	1196
1099	1144
1116	1131
1117	1185
1118	1157
1119	1195
1120	1128
1120	1152
1124	1168
1129	1133
1135	1188
1143	1159
1143	1175
1144	1156
1157	1193
1173	1196