0	382
0	458
0	898
0	1014
0	1087
0	1192
1	161
1	233
1	576
1	1075
2	441
2	844
3	120
3	1052
4	355
4	693
4	913
5	350
5	917
6	712
6	869
6	967
6	1101
7	619
7	696
8	383
8	511
8	572
8	623
8	715
9	108
9	947
9	1076
10	226
10	326
11	102
11	471
11	476
11	739
11	794
11	1003
11	1176
12	505
12	688
12	1004
13	217
13	364
13	779
13	1128
13	1176
14	400
14	701
14	778
14	934
14	946
14	977
15	145
15	211
15	879
15	999
16	35
16	113
16	459
16	466
16	726
16	964
16	1045
16	1083
17	190
17	780
17	927
17	1096
17	1100
18	54
18	324
18	717
19	120
19	473
19	627
20	572
20	844
20	853
20	1142
21	99
21	310
21	339
21	412
21	448
21	563
21	645
21	677
21	900
22	660
22	678
22	782
22	1174
22	1191
23	81
23	1088
23	1131
24	130
24	344
24	351
24	493
24	1157
25	307
25	463
25	574
25	615
25	760
25	1185
26	203
26	215
26	673
26	863
26	1098
27	315
27	559
27	600
27	941
28	548
28	730
28	773
28	1075
29	38
29	258
29	477
29	647
29	816
30	37
30	660
30	1025
31	505
31	610
31	651
31	1128
31	1129
32	213
32	838
32	999
32	1079
33	161
33	396
33	499
33	594
33	901
33	923
33	1129
34	113
34	363
34	370
34	463
34	517
34	828
35	285
35	410
35	498
36	203
36	350
36	358
36	633
36	716
36	764
36	924
36	1085
37	524
37	942
37	1040
37	1099
38	42
38	81
38	611
38	636
38	1001
38	1025
39	228
39	271
39	642
39	1016
40	357
40	624
40	1133
41	354
41	918
42	553
42	572
43	88
43	223
43	693
43	979
43	1165
44	301
44	552
44	597
44	906
45	185
45	348
46	65
46	352
46	453
46	603
46	857
46	1020
46	1087
47	449
47	679
47	978
48	189
48	214
48	433
48	782
48	858
49	905
49	1011
50	213
50	448
50	467
50	634
50	1031
50	1051
50	1193
51	223
51	419
51	860
51	1099
52	265
52	930
53	171
53	751
54	158
54	427
54	793
54	884
54	1181
55	109
55	789
55	1028
56	669
56	721
57	274
57	386
57	618
57	665
57	1191
58	230
58	318
58	398
59	341
59	666
59	854
59	916
59	959
59	1077
59	1150
60	179
60	288
60	746
60	1047
61	835
62	272
62	473
62	563
63	205
63	458
63	605
63	639
63	916
64	721
64	932
64	1153
64	1199
65	828
65	966
65	1071
65	1192
66	797
66	864
66	880
66	1082
67	419
67	470
67	545
67	702
67	916
67	968
67	992
67	1067
68	524
68	921
69	427
69	916
69	1028
69	1081
70	75
70	551
70	552
70	697
71	449
71	935
71	1074
72	873
72	1026
72	1114
72	1184
73	606
73	818
74	119
74	379
74	422
74	616
74	780
75	228
75	698
75	775
75	820
75	973
76	363
76	534
76	606
76	833
77	760
78	441
78	1002
79	121
79	137
79	444
79	990
79	1174
80	205
80	750
80	844
80	959
80	1185
81	99
81	278
81	352
81	670
81	759
81	839
81	853
81	1123
82	263
82	306
82	582
82	666
82	793
82	982
83	545
83	1057
84	388
84	797
84	992
85	133
86	131
86	581
86	899
86	1078
87	750
87	985
88	95
88	534
88	823
88	924
89	92
89	342
89	820
89	915
89	962
90	374
90	480
90	759
90	897
90	1005
91	241
91	566
91	687
91	870
92	455
92	538
92	705
92	926
92	1087
93	316
93	499
93	683
93	742
93	750
93	917
93	925
93	955
94	136
94	917
94	1163
95	203
95	214
95	477
95	670
95	908
95	1030
95	1118
96	496
96	922
96	974
96	988
97	152
97	154
97	537
98	113
98	210
98	377
98	459
98	978
99	268
99	620
99	655
100	383
101	273
101	947
101	950
102	448
102	1108
103	419
103	470
103	663
103	1089
104	643
104	1027
105	908
106	989
107	163
107	287
107	958
108	225
108	403
108	504
108	663
108	708
108	1037
109	627
109	903
109	933
109	1068
109	1104
110	201
110	210
110	752
110	827
110	943
110	982
110	1042
111	402
111	689
111	922
111	1032
111	1154
112	130
112	734
113	175
113	244
113	779
113	878
113	1016
113	1160
114	485
114	592
114	738
114	887
114	1131
115	562
115	606
115	645
116	157
116	566
116	858
116	1142
117	320
117	439
117	1044
118	205
118	691
118	1006
118	1083
119	179
119	290
119	391
119	1143
120	195
120	254
121	237
121	306
122	123
122	360
122	380
122	625
122	795
122	824
122	864
123	578
123	800
124	437
124	530
124	897
124	939
124	949
125	253
125	294
125	339
125	464
125	772
125	947
126	1175
127	131
127	474
127	1131
128	412
129	142
129	418
129	597
129	1051
130	209
130	874
131	579
131	809
131	841
131	977
131	1040
132	269
132	337
132	398
132	685
133	174
133	291
133	400
133	422
133	524
133	1011
133	1192
134	284
134	474
134	558
134	866
134	912
134	1003
134	1187
135	173
135	375
135	807
136	156
136	260
136	268
136	331
136	573
137	214
137	474
137	656
138	318
138	746
138	809
138	1066
139	570
139	1113
140	769
140	961
140	981
140	1074
140	1086
141	301
141	809
141	841
142	256
142	257
142	838
143	375
143	750
143	755
143	858
143	924
144	186
144	544
144	785
144	829
144	942
144	1047
144	1081
145	330
145	355
145	504
145	557
145	892
146	202
146	341
146	413
146	420
146	459
146	529
146	552
146	853
147	772
147	790
147	985
148	925
149	745
150	845
151	181
151	342
152	399
152	905
153	303
153	340
154	186
155	163
155	225
155	287
156	163
156	245
156	690
156	798
157	230
157	1019
157	1156
158	171
158	316
158	393
158	429
158	659
158	1154
159	767
159	821
159	1126
160	406
160	458
160	613
160	719
160	869
160	993
160	1014
160	1141
161	321
161	642
161	745
161	1170
162	600
162	671
162	780
162	959
162	961
162	1103
163	1127
163	1140
164	801
164	1102
164	1157
165	352
165	464
165	1089
166	348
166	773
166	890
166	935
166	1036
166	1173
167	565
167	676
167	1049
168	427
168	456
168	563
168	1190
169	566
169	721
169	841
170	207
170	957
171	311
171	555
171	708
172	298
172	309
172	324
172	405
172	597
172	727
172	1123
173	362
173	635
173	647
173	819
173	876
174	259
174	351
174	438
175	437
175	728
175	941
176	399
176	678
176	1156
177	723
178	408
178	992
179	243
179	549
179	1017
179	1169
180	700
180	765
180	880
181	618
182	661
182	683
183	455
183	498
184	858
185	199
185	396
185	408
185	512
185	543
185	1108
185	1111
186	248
186	313
186	733
186	879
186	1128
187	421
187	1139
188	216
188	790
188	920
189	257
189	392
189	425
189	573
189	586
189	858
190	271
190	566
190	936
191	655
191	947
192	762
193	279
193	797
194	695
194	1020
195	349
195	697
196	912
196	1079
197	218
197	397
197	580
198	527
198	773
198	805
198	1000
198	1070
199	206
199	465
199	521
199	1047
200	602
200	1117
201	307
201	587
201	714
201	870
201	895
202	1029
203	484
203	629
203	695
203	706
203	803
203	869
203	1166
204	393
204	710
205	228
205	741
205	903
205	1033
205	1071
206	632
206	660
206	710
206	1012
207	210
208	849
209	534
209	1044
210	398
210	417
210	585
210	765
211	415
211	897
211	1021
212	634
213	395
213	862
213	1086
214	450
214	1175
214	1192
215	808
215	899
216	219
216	327
216	407
216	463
216	500
216	637
216	726
216	1153
216	1187
217	227
217	1045
218	376
218	507
218	732
218	837
218	891
219	366
220	304
220	361
220	560
220	1069
221	240
221	413
221	619
221	623
222	231
223	824
223	1093
223	1154
224	440
224	486
224	632
224	826
224	1030
224	1165
225	964
226	409
226	909
227	308
227	496
227	667
227	730
228	521
228	881
228	908
228	922
228	1005
229	442
229	796
229	833
229	868
230	1104
230	1136
231	439
231	784
231	1162
231	1195
232	268
232	983
233	384
233	649
233	857
234	885
234	1012
235	937
236	270
236	635
236	725
236	850
236	1049
237	626
237	969
238	739
238	1169
239	518
239	723
239	997
239	1010
239	1081
240	434
240	537
240	671
240	1017
240	1062
241	357
241	435
241	644
241	961
241	1030
242	520
243	493
243	985
243	1043
243	1141
244	530
244	540
244	858
244	913
244	1144
245	321
245	433
245	769
246	257
246	1125
247	1001
247	1033
247	1041
248	345
248	471
248	826
248	1029
248	1166
249	403
249	701
249	742
250	466
250	506
250	1038
250	1089
251	459
251	781
251	833
251	941
252	653
252	1020
253	410
253	775
254	988
254	1086
254	1156
255	993
256	395
256	662
256	1098
257	398
257	618
257	634
257	858
257	1115
258	1152
259	595
259	1159
260	770
261	342
261	363
261	490
261	661
261	950
262	517
262	846
262	982
262	1065
263	313
263	624
264	415
264	468
264	589
264	875
264	1025
264	1040
265	478
265	523
265	711
265	740
265	792
266	466
267	296
267	592
267	999
268	425
268	766
268	829
268	995
269	634
269	738
269	782
270	1152
271	821
271	976
271	1151
272	301
273	498
273	553
273	849
273	1093
274	728
274	1148
275	812
275	1153
276	326
276	836
276	1009
276	1187
277	546
278	540
278	834
278	965
279	575
279	820
279	977
280	1171
281	292
281	332
281	1156
282	505
282	675
282	743
282	1051
283	590
283	874
283	891
283	1051
283	1100
284	813
285	554
285	956
285	1053
286	1083
287	749
288	861
288	915
288	936
288	944
288	951
289	524
289	622
289	912
289	976
289	1047
290	361
290	523
290	868
290	1151
290	1160
291	375
291	564
291	775
291	785
292	320
292	537
292	893
292	936
292	951
292	1157
293	312
293	796
293	896
293	964
293	1046
294	554
294	700
294	721
294	784
294	1116
295	359
295	665
295	1050
295	1113
296	463
296	931
296	1026
297	474
297	511
297	1085
298	572
298	633
299	709
299	786
300	379
300	402
300	647
300	1038
300	1073
301	544
302	385
302	452
302	799
302	1161
302	1181
303	308
303	403
303	653
303	696
303	782
304	826
305	901
305	978
305	1170
306	1001
306	1050
308	465
308	516
308	530
308	608
308	646
309	573
309	1026
309	1035
310	877
310	908
310	940
311	890
311	947
312	439
312	575
312	665
313	924
313	1015
313	1123
314	390
314	733
314	900
314	1105
315	799
315	849
315	943
315	1104
315	1190
317	450
317	701
317	719
317	765
317	954
317	1088
318	737
318	1186
319	582
319	730
319	803
320	396
320	869
320	940
320	1162
321	507
321	878
321	884
321	1073
322	421
322	426
322	711
322	1098
323	339
323	535
323	1054
323	1108
323	1163
324	343
324	660
324	847
324	1114
325	798
325	827
326	799
326	910
326	952
327	432
327	911
327	915
328	636
328	948
328	1152
329	1017
330	548
330	745
331	474
331	646
331	765
332	941
332	1004
333	412
334	453
334	500
334	507
334	612
334	639
334	750
334	998
334	1021
334	1089
335	345
335	411
335	843
335	925
335	1039
336	728
337	486
337	582
337	599
337	1066
338	399
338	666
338	887
338	1054
338	1152
339	356
339	519
339	684
339	1084
340	345
340	858
340	1131
341	600
341	1128
341	1135
342	589
342	714
343	939
344	557
344	641
344	802
344	1040
345	534
345	541
345	787
345	926
346	361
346	649
346	929
346	936
346	1032
347	544
347	959
348	423
348	590
348	597
348	939
349	573
349	989
350	518
350	602
350	648
350	889
351	645
351	833
351	928
352	435
352	859
352	1177
353	387
353	620
354	774
354	1146
355	601
355	1188
356	439
356	511
356	586
356	592
357	459
357	835
357	1003
358	467
359	673
359	724
359	1000
359	1071
360	1087
361	412
361	727
361	836
361	1112
362	531
362	1091
363	793
363	861
363	1113
364	438
364	621
364	1021
364	1129
365	480
365	652
365	700
365	832
365	950
366	610
367	992
368	369
368	573
369	402
369	631
369	970
369	1192
370	625
370	658
370	724
370	1110
371	775
371	920
371	1069
372	429
372	644
372	826
373	393
373	1042
373	1189
375	644
376	866
377	382
377	394
377	462
377	753
378	737
378	827
379	439
379	888
380	581
381	749
382	488
382	562
383	780
383	1127
383	1166
384	841
384	990
385	554
385	1084
386	397
386	909
386	1027
386	1048
387	571
388	508
388	552
388	825
388	968
389	413
389	729
390	618
390	671
390	778
390	966
390	1041
390	1130
391	619
391	640
393	508
393	857
393	916
394	1008
394	1144
395	527
395	596
395	654
395	1010
396	691
396	1083
396	1165
397	687
397	693
397	1064
397	1164
398	447
398	837
398	1000
398	1039
398	1133
399	790
399	873
399	1106
400	562
400	936
400	1070
401	846
403	834
403	901
403	1182
404	1018
404	1026
405	641
405	708
405	730
406	585
406	853
406	895
407	704
407	722
407	866
408	564
408	1166
409	829
409	1102
411	1177
412	691
412	819
412	978
414	650
415	684
415	883
415	941
415	1031
416	783
416	806
416	851
416	1079
417	810
417	1158
418	495
418	627
418	732
418	867
419	725
420	553
420	660
421	654
421	1166
422	516
423	602
424	739
426	508
426	574
426	1100
427	475
427	694
427	1130
428	694
428	1012
429	566
429	947
429	1018
430	533
430	591
430	700
431	637
431	971
431	989
431	1009
432	927
433	463
433	466
433	603
433	729
433	785
434	485
434	619
434	1179
435	601
435	839
436	608
436	1194
438	795
438	886
439	1130
439	1134
440	492
440	1008
440	1070
440	1111
441	601
441	847
441	902
442	1042
443	1133
444	741
444	833
445	673
445	855
445	870
445	1164
446	574
446	1075
446	1085
447	449
447	489
447	594
447	648
447	780
447	813
447	900
447	1031
449	667
449	813
449	904
449	1154
450	525
450	638
450	1008
451	520
451	725
451	807
451	1015
452	573
452	578
452	638
452	759
454	1117
455	767
456	511
456	688
456	881
456	966
457	528
457	571
457	768
457	919
458	555
458	621
458	755
458	965
460	711
461	658
461	746
461	878
461	1043
462	505
462	676
464	948
464	1079
465	677
465	946
466	594
467	560
467	658
467	714
467	758
468	624
468	1047
469	611
469	732
469	845
469	986
470	638
470	994
470	1032
471	594
471	1064
472	538
472	825
472	1140
473	522
473	612
473	935
473	940
473	1024
474	960
474	1112
475	502
475	745
475	783
475	892
476	980
477	591
477	663
477	841
477	900
478	552
478	818
479	1135
480	1198
481	785
481	1064
482	1167
483	659
484	1011
485	1125
486	1000
486	1172
487	683
487	952
487	996
487	1045
488	670
488	683
488	721
489	761
489	950
489	960
490	620
490	1058
490	1139
491	511
492	770
493	714
494	601
494	813
495	815
495	903
495	1053
496	712
496	1083
497	761
497	1115
498	921
500	581
501	549
501	892
501	958
502	547
502	947
503	860
504	561
504	570
504	1175
505	645
506	1005
506	1074
507	657
507	701
507	718
507	1111
508	515
508	923
509	650
509	761
509	1198
510	844
511	690
511	1022
512	560
512	623
512	651
512	784
512	942
512	1052
513	724
514	1068
515	655
515	999
516	731
516	982
516	1003
516	1097
517	633
517	725
517	1093
517	1173
518	579
518	784
518	891
518	969
519	702
519	953
520	903
521	576
521	943
521	947
522	734
524	833
525	748
525	1164
526	859
527	590
527	750
527	784
527	1143
528	930
528	1013
528	1026
529	560
529	629
530	600
530	1081
530	1140
532	1197
533	552
533	619
534	1001
535	795
535	825
535	1096
536	1164
537	853
537	876
537	901
537	950
538	1026
539	682
539	813
539	837
539	946
540	600
540	629
540	1078
540	1086
542	1068
542	1184
543	1022
543	1141
544	668
544	1000
544	1061
545	823
545	900
546	611
546	614
546	990
546	1081
546	1135
546	1169
547	1094
548	941
549	664
549	836
550	611
550	753
550	1147
551	904
552	604
553	571
553	822
554	718
554	892
555	733
555	806
556	909
557	635
557	910
557	1082
557	1109
558	832
558	981
558	1053
559	782
559	842
559	974
560	680
561	748
561	864
561	1047
562	801
562	884
562	1001
562	1073
563	1096
564	667
564	1110
565	605
565	1162
566	721
566	789
566	1053
566	1067
567	584
567	777
567	959
568	1002
568	1027
569	746
569	1096
570	618
570	685
570	1024
570	1089
571	710
571	832
572	674
572	776
572	910
572	1009
573	929
574	807
574	880
576	650
576	889
577	805
577	967
578	967
579	1051
580	1169
581	686
581	732
581	844
582	604
582	624
582	749
582	1179
583	613
583	703
583	1027
584	1084
585	773
585	865
586	898
586	1128
587	608
587	681
588	605
588	614
588	762
588	959
589	604
589	796
589	886
589	1134
589	1140
590	620
590	790
590	849
590	880
591	734
591	809
591	1096
592	726
592	883
592	960
593	817
593	994
594	1115
596	941
597	778
597	928
598	1123
599	638
599	654
600	649
600	656
600	680
600	779
600	1058
600	1140
600	1148
601	676
602	612
602	679
602	926
604	1119
605	620
605	900
606	1016
607	717
607	760
607	864
607	1140
607	1158
607	1193
608	882
609	1039
610	805
611	698
611	760
611	1023
612	1103
613	694
613	1148
614	714
614	715
614	929
614	1016
616	892
617	730
617	883
617	999
618	821
618	853
618	1173
619	737
619	1072
619	1182
620	1022
620	1060
621	1123
622	719
622	1003
622	1165
623	630
623	757
624	666
624	721
625	951
625	1151
626	638
626	667
626	788
626	820
627	1121
628	1012
628	1144
629	664
630	983
631	979
632	986
632	1197
633	764
633	1046
633	1073
634	641
634	771
634	1156
635	1065
635	1072
635	1177
636	802
636	1168
637	836
637	871
638	686
638	801
638	927
639	657
639	680
639	778
639	1056
640	1178
641	889
642	1071
643	815
644	1083
645	1054
646	808
649	698
649	736
649	1041
650	753
650	771
651	967
652	743
653	688
653	719
653	856
653	955
653	970
653	1054
654	833
654	854
654	1188
655	1055
656	1058
656	1182
657	917
657	991
658	1138
659	751
660	713
661	733
661	976
661	1017
661	1144
662	831
662	905
662	1143
663	908
664	932
664	1105
665	766
665	795
667	912
667	1022
669	866
671	678
672	708
672	732
672	794
673	722
673	817
673	1199
674	1002
674	1133
674	1173
675	871
675	983
675	1084
676	864
677	1028
677	1146
677	1194
678	712
678	1138
679	1021
679	1193
680	803
680	1012
681	901
682	820
682	1184
683	889
683	1059
683	1123
684	1134
684	1174
686	1114
688	696
688	887
688	900
688	964
689	1089
691	736
691	820
691	1120
692	1014
692	1064
693	758
693	958
693	994
694	885
695	780
695	917
696	894
696	965
697	1184
698	703
698	780
699	763
699	1171
701	830
701	859
702	731
702	880
702	953
703	705
703	718
703	980
703	1105
704	967
706	721
706	735
706	863
706	1017
707	1056
708	969
708	980
709	745
711	755
711	942
711	1150
712	1162
714	722
716	946
718	905
720	854
720	934
720	945
720	1138
722	832
722	952
722	1033
724	939
725	1067
725	1199
726	736
726	968
728	1035
730	792
730	942
730	1080
730	1188
731	1069
732	879
732	1097
733	788
733	863
733	1068
734	944
735	1101
736	1074
736	1190
738	1111
738	1123
739	1095
741	758
741	971
741	1145
741	1152
742	902
742	1070
744	965
744	986
745	1041
745	1186
747	907
748	778
749	1124
749	1172
750	1142
753	818
753	1172
754	1141
755	1054
756	859
756	1121
756	1137
757	1054
758	831
758	840
758	1062
758	1140
759	1020
759	1166
760	870
760	919
761	931
761	1061
762	845
762	1118
763	764
763	883
765	1023
765	1056
768	859
768	901
768	908
768	1128
769	1001
769	1067
769	1084
773	1007
774	934
774	978
774	1074
774	1138
775	856
775	1158
776	782
776	786
778	843
778	1007
778	1142
779	953
779	1096
779	1162
780	839
780	913
782	873
782	1073
783	912
783	949
783	1041
784	836
785	1132
786	1167
787	895
787	923
787	1013
787	1185
789	872
789	1087
789	1196
790	903
790	1031
791	944
791	1049
791	1063
791	1105
792	1088
792	1111
793	1006
794	1100
795	884
796	1120
797	1154
799	1109
800	1135
800	1172
802	869
804	852
804	896
805	925
805	1021
806	1171
807	1121
807	1151
808	837
809	869
809	1037
809	1187
811	1113
813	1124
813	1127
813	1149
814	1064
814	1151
815	900
815	931
817	1026
817	1170
818	1040
818	1184
821	884
823	1060
823	1065
823	1132
824	864
824	901
824	1008
826	902
827	978
827	1023
828	838
828	1016
828	1189
829	1055
830	999
830	1071
831	862
831	898
832	865
832	866
832	1025
832	1063
833	893
833	1023
833	1085
834	891
834	1050
840	1008
842	1173
843	1017
844	1104
845	1009
845	1139
845	1144
845	1174
846	1172
846	1180
847	1155
848	1052
849	861
850	938
852	1088
853	1025
857	933
857	968
857	1130
857	1165
859	873
859	935
860	911
860	992
861	972
861	1018
861	1154
862	896
862	1150
862	1185
862	1195
862	1198
863	864
863	921
864	965
864	1005
866	867
868	1029
870	1122
872	1023
874	909
874	1063
875	965
878	1027
879	1141
879	1166
880	926
882	1156
883	938
883	1014
884	948
884	1134
885	957
885	974
886	1129
886	1137
887	940
888	1076
890	1033
891	1011
891	1184
892	1166
892	1198
893	1167
894	970
895	995
895	1070
895	1111
895	1172
896	981
897	967
898	1053
899	1165
903	1121
904	971
905	924
905	993
905	1013
905	1052
905	1139
906	1133
909	971
910	1114
910	1157
911	1137
913	1006
913	1180
914	1174
915	1096
916	1102
916	1126
916	1185
917	1026
917	1161
917	1162
919	1010
919	1082
925	1045
925	1118
926	971
926	1120
926	1129
927	948
929	952
931	948
931	1166
933	1152
934	1096
936	984
936	1001
937	1153
939	1071
940	1127
940	1189
941	1088
943	965
943	980
944	1106
946	1014
946	1131
947	1002
949	1140
950	1183
951	996
951	1074
954	1143
955	1188
957	1153
957	1188
959	1062
960	996
961	1025
962	1052
962	1140
963	1069
963	1120
963	1171
965	1075
966	1172
967	999
967	1068
967	1117
968	1022
968	1028
968	1106
971	1171
972	1075
972	1185
973	1114
974	1115
975	1038
976	1068
977	1046
981	1175
982	1127
982	1141
983	1158
984	993
986	1022
987	1045
988	1043
988	1152
994	1040
996	1141
999	1142
1000	1034
1001	1182
1004	1118
1012	1187
1016	1126
1018	1070
1019	1052
1019	1103
1021	1156
1023	1095
1023	1184
1024	1131
1028	1176
1029	1112
1032	1051
1035	1139
1037	1138
1038	1136
1039	1065
1041	1180
1042	1091
1043	1048
1044	1122
1044	1168
1046	1137
1051	1101
1051	1179
1053	1179
1057	1167
1059	1090
1062	1190
1065	1090
1065	1188
1067	1187
1070	1169
1071	1165
1072	1113
1074	1109
1078	1156
1079	1136
1079	1171
1081	1125
1082	1098
1083	1157
1084	1131
1086	1187
1088	1143
1092	1157
1096	1114
1099	1168
1100	1138
1100	1187
1103	1108
1104	1109
1107	1152
1107	1154
1108	1125
1113	1147
1115	1193
1116	1122
1120	1126
1121	1145
1140	1185
1141	1195
1146	1173
1152	1163
1153	1171
1153	1196
1156	1185
1165	1184
1176	1191
1177	1188