0	8
1	389
1	402
1	686
1	778
1	1082
2	503
3	674
3	941
3	1147
3	1150
4	477
4	594
4	706
4	818
4	906
4	1030
5	19
5	123
5	213
5	515
5	678
6	107
6	362
6	482
6	888
7	175
7	204
7	283
8	1013
9	27
9	138
9	683
9	807
10	37
10	196
10	201
10	223
10	647
10	1145
11	283
11	615
11	929
11	1186
12	248
12	576
12	760
12	1044
12	1075
12	1160
12	1197
13	699
13	711
13	821
13	937
14	368
14	687
14	988
14	1012
15	79
15	477
16	92
16	425
16	882
17	101
17	688
17	839
17	922
17	1038
18	519
18	565
18	602
19	1117
20	179
20	393
20	534
20	777
20	946
20	967
20	1073
21	32
21	71
21	490
21	867
21	981
21	1040
21	1126
22	550
22	894
22	1026
23	366
23	483
23	693
23	907
24	506
24	746
25	171
25	643
25	809
25	824
26	143
26	146
26	642
26	877
26	912
27	28
27	210
27	218
27	589
27	693
27	776
28	130
28	348
28	424
28	519
29	188
29	277
29	669
29	729
29	969
30	667
30	788
30	1115
31	128
31	194
31	875
31	1022
32	197
32	462
32	534
33	197
33	625
33	715
33	792
33	1199
34	290
34	463
34	641
34	1080
34	1104
35	61
35	413
35	627
35	756
35	1160
36	608
37	370
37	489
37	547
37	580
37	1036
38	62
38	165
38	712
38	878
38	933
38	953
38	962
39	202
39	529
39	577
39	844
39	966
39	1020
40	296
40	759
40	1070
41	445
41	913
42	60
42	229
42	827
42	875
42	931
43	345
43	596
44	255
44	294
44	429
44	741
44	1042
44	1122
45	736
46	103
46	238
46	557
46	1022
46	1079
46	1131
47	165
47	806
48	126
48	213
48	263
48	731
48	1096
49	426
49	672
49	1035
50	240
50	548
51	410
52	317
52	654
52	886
52	988
52	1094
53	105
53	256
53	478
53	1033
53	1046
54	81
54	114
54	1196
55	67
55	514
55	971
55	1142
55	1150
56	482
56	998
56	1163
56	1181
57	255
57	320
57	443
57	555
57	1165
58	800
58	827
58	888
59	1117
60	342
60	757
60	914
61	417
61	643
61	868
62	113
62	128
62	153
62	350
62	557
63	822
63	1134
64	80
64	225
64	374
64	608
64	740
64	1017
64	1132
65	73
65	581
65	749
65	1170
66	514
66	638
66	974
66	1041
66	1130
67	730
67	1046
68	256
68	422
69	179
69	956
70	623
70	699
70	735
71	79
71	87
71	499
71	898
71	1054
72	685
72	889
73	262
73	650
73	1086
73	1199
74	530
74	541
75	144
75	946
76	342
76	420
76	500
76	1120
76	1174
77	413
77	1167
78	415
78	543
78	678
78	749
78	1047
78	1180
79	453
80	124
80	309
80	343
80	966
81	161
81	563
81	585
81	863
81	999
81	1119
81	1151
82	216
82	847
83	549
83	863
84	126
84	708
84	839
84	892
85	136
85	256
85	370
85	376
85	425
85	753
85	910
85	1049
86	190
86	218
86	414
86	665
86	956
86	1063
86	1071
87	623
87	868
87	1070
87	1071
88	591
88	729
88	931
89	402
89	1093
90	466
90	491
90	599
90	976
91	240
91	331
91	995
92	260
92	564
93	181
93	672
93	725
93	804
94	205
94	281
94	677
95	308
95	1046
96	142
96	401
96	547
96	669
96	833
96	849
97	172
97	592
97	729
98	867
98	908
99	138
99	239
99	272
99	769
99	1184
100	804
100	886
101	449
101	507
101	811
101	863
102	147
102	837
103	529
103	858
104	377
104	460
104	532
104	592
105	1100
105	1170
106	270
106	751
106	1010
107	607
107	625
107	791
107	1192
108	340
108	549
108	737
109	484
109	996
109	1070
110	644
110	796
110	884
111	385
111	612
111	1047
111	1092
111	1186
112	131
112	404
112	405
112	901
113	187
113	541
113	842
113	996
113	1063
114	388
114	456
114	541
114	633
115	333
115	500
115	547
115	658
115	668
115	787
115	878
115	937
115	1015
115	1135
116	666
116	758
116	793
116	1145
117	618
117	661
117	1023
118	646
118	670
118	968
118	1107
119	215
119	338
119	843
119	978
120	314
120	632
120	814
120	907
120	1122
121	189
122	173
122	423
122	771
122	838
122	965
123	245
123	370
123	1102
124	574
124	815
124	1023
124	1120
125	357
125	519
125	579
125	583
126	586
126	607
126	1173
127	392
127	829
127	993
127	1034
127	1044
127	1060
127	1075
128	144
128	172
128	338
128	657
128	878
129	621
129	779
129	1095
129	1133
130	139
130	227
130	263
130	294
130	331
130	912
131	289
131	769
131	786
131	1088
131	1141
131	1189
132	294
132	482
132	874
132	1196
133	244
133	514
133	848
134	313
134	389
134	470
134	538
134	608
134	830
134	918
135	290
135	372
135	382
135	494
135	957
136	530
136	548
136	668
136	713
136	1088
137	479
137	740
137	970
138	184
138	242
139	151
139	807
140	468
140	664
140	739
140	1043
141	287
141	568
142	219
142	697
142	988
142	1075
143	326
143	463
143	592
143	847
144	200
144	333
145	243
145	453
145	545
145	764
147	469
147	942
147	1083
148	197
148	688
149	963
150	162
150	182
150	729
150	946
150	989
150	1090
150	1188
151	239
151	736
151	745
152	530
152	644
152	837
152	873
152	923
152	942
152	961
153	763
153	791
154	477
154	587
154	743
154	823
154	1173
155	197
155	386
155	508
155	696
155	807
155	940
155	960
156	374
156	409
156	1178
157	427
157	616
157	1020
157	1063
157	1111
158	316
158	343
158	438
158	786
158	1075
159	339
159	657
159	707
159	744
159	755
159	900
159	1001
159	1058
160	533
160	614
161	276
161	511
161	633
161	843
161	948
161	1065
161	1113
161	1195
162	229
162	268
162	560
162	587
162	824
163	185
163	833
164	731
164	875
164	1117
164	1122
165	459
165	1034
166	436
166	657
166	664
166	958
167	344
168	289
168	1082
169	743
169	858
170	580
170	902
170	1186
171	585
171	776
171	858
171	1192
172	644
172	1171
173	306
173	803
173	856
174	604
174	1108
175	299
175	949
176	590
177	296
177	467
177	692
177	792
177	940
178	257
178	705
178	1064
178	1146
179	534
179	1137
180	383
181	896
181	1129
182	504
182	847
182	1004
183	241
183	366
183	393
183	476
183	509
183	591
183	679
183	1001
185	402
186	402
187	204
187	620
187	776
188	566
188	1133
189	520
189	590
189	966
189	1040
190	321
190	448
190	881
191	325
191	377
191	613
191	930
191	975
191	1050
192	244
192	418
192	538
192	650
192	935
193	377
193	450
193	818
193	842
193	942
193	1180
194	541
194	1124
195	361
195	435
195	459
195	553
195	706
195	735
195	898
195	925
195	1088
196	365
196	710
196	748
196	800
197	407
197	519
197	896
197	929
197	948
198	271
198	482
198	662
199	269
199	304
199	336
199	387
199	518
199	712
200	328
200	397
200	410
200	1018
200	1062
201	214
201	365
202	215
202	599
203	477
203	545
203	797
203	974
204	270
204	412
204	476
204	1179
205	390
206	834
206	897
206	1174
207	840
207	907
207	1174
208	250
208	518
208	587
208	1084
209	287
209	593
209	610
209	858
209	920
209	1071
209	1091
210	1036
211	217
211	297
211	645
211	682
211	1088
212	380
212	515
212	759
212	953
213	262
213	362
213	1097
213	1188
214	428
214	628
214	674
214	784
214	1017
214	1050
214	1140
215	371
215	666
215	914
215	1160
216	252
216	746
217	274
217	578
217	992
217	1078
218	459
218	599
218	733
218	755
218	1123
219	464
219	471
219	1125
219	1132
220	395
220	397
220	615
220	752
220	818
220	887
221	231
221	319
221	973
221	1002
221	1155
222	604
222	907
222	1094
223	753
223	780
224	441
224	756
225	246
225	429
226	406
226	684
226	1005
227	442
227	975
228	281
228	466
228	651
228	948
229	233
229	279
229	432
229	440
229	502
229	1106
230	482
230	587
230	1151
231	506
231	1124
232	304
232	788
232	816
232	898
232	913
233	304
233	353
233	459
233	519
233	706
233	1000
233	1193
234	419
234	665
234	870
234	922
234	1151
235	814
236	357
236	691
236	1034
236	1047
236	1149
237	343
237	730
237	889
237	964
237	1110
238	274
238	591
238	775
238	871
238	875
238	1020
239	298
239	522
239	654
239	966
240	555
240	592
240	649
241	374
241	588
241	1063
242	493
242	555
242	920
243	347
243	458
243	729
243	819
243	905
244	280
244	344
244	518
244	536
244	615
244	721
245	554
246	322
246	339
246	760
246	930
247	330
247	404
247	530
248	564
248	570
248	1037
248	1126
249	617
249	1124
249	1143
250	369
250	448
250	703
250	862
251	1009
252	336
252	352
252	730
253	1056
254	789
254	802
254	838
255	422
255	531
255	683
256	340
256	389
256	542
256	635
256	1002
257	372
257	439
257	557
257	704
257	788
257	925
257	1164
258	266
258	356
258	712
259	765
259	782
259	849
259	915
259	1001
259	1128
260	412
260	627
260	639
261	480
262	349
262	383
262	557
262	695
262	924
262	1001
262	1053
262	1111
262	1118
263	551
263	712
263	1166
264	544
264	583
264	843
265	410
265	1065
266	445
266	744
266	836
267	536
267	559
267	790
268	337
268	478
268	708
268	846
268	1006
268	1096
269	716
269	950
270	1047
270	1118
271	431
271	749
271	1052
271	1097
271	1157
272	278
272	521
272	655
273	523
273	695
273	1066
274	366
274	1118
275	389
275	567
275	618
276	507
276	1039
276	1075
277	528
277	748
277	799
278	503
278	1006
278	1039
279	329
279	352
279	448
279	962
279	1033
280	833
281	830
281	945
282	320
282	353
282	687
282	827
282	831
282	957
283	663
283	682
283	810
283	1089
284	377
284	940
284	1024
285	656
286	944
287	343
287	952
287	1028
287	1046
288	675
288	776
288	1138
289	598
289	694
289	818
289	926
290	398
290	426
290	477
290	533
290	946
290	1084
291	463
291	496
291	717
291	760
291	970
291	1016
292	770
292	1086
293	520
293	754
294	1040
295	513
295	547
296	301
296	647
296	813
296	1127
297	1159
298	509
298	1165
299	583
300	581
300	808
300	986
301	379
301	670
302	887
303	384
304	356
304	778
304	782
304	785
305	405
305	653
306	824
306	858
306	894
306	947
306	1042
306	1132
307	318
307	779
307	794
307	989
307	1015
308	348
308	473
308	660
308	680
308	738
308	847
308	881
308	928
309	377
309	525
309	616
309	758
309	978
309	1006
310	698
310	707
310	739
311	627
312	350
312	498
312	979
313	320
313	466
313	887
313	1072
314	625
314	984
315	641
315	857
315	969
316	387
317	559
317	924
318	327
318	692
318	790
318	805
318	1133
319	713
319	904
320	334
320	784
321	514
321	1006
322	683
322	911
322	985
322	994
322	1001
323	1070
324	986
325	388
325	422
325	600
325	927
325	1121
326	581
327	493
327	797
328	440
328	643
328	739
329	481
329	1017
330	374
330	518
330	1185
331	708
331	858
332	954
332	1106
333	466
333	652
333	1070
334	609
334	718
334	841
334	1000
334	1076
335	402
335	1103
336	606
336	679
336	775
336	841
336	864
336	914
336	1054
336	1178
337	447
337	564
337	669
337	742
337	1044
338	515
338	573
338	610
338	639
338	888
338	894
338	1103
339	394
339	1150
341	824
343	421
343	522
343	594
343	1195
344	420
344	895
344	1043
345	743
345	914
346	573
346	892
346	1008
346	1178
347	355
347	543
347	1026
348	439
348	588
348	595
349	487
349	591
350	895
351	487
351	929
351	957
352	569
352	855
353	826
353	999
353	1171
354	422
354	733
354	1012
354	1030
354	1148
355	809
355	899
355	942
356	660
357	1051
358	857
358	1183
358	1197
359	490
359	537
359	710
359	766
360	766
360	1003
360	1071
361	1009
362	479
363	422
364	637
364	883
364	1063
364	1106
365	424
365	665
365	707
366	915
366	1161
367	414
367	473
367	668
367	678
367	1004
368	373
368	783
368	854
368	959
369	559
370	403
370	555
370	648
370	1173
371	694
371	877
371	982
371	1084
372	397
372	520
372	583
372	811
372	1046
373	494
373	767
373	1156
373	1181
374	415
374	778
374	861
374	932
374	1061
375	715
375	810
375	940
375	976
375	1005
376	884
376	939
377	793
378	663
378	796
378	882
378	1030
379	559
379	610
380	575
380	990
380	1179
381	479
381	486
381	1196
382	461
382	655
382	732
383	450
383	690
383	822
383	960
384	466
384	987
385	400
385	797
386	428
386	621
386	1133
387	448
387	607
387	663
388	668
388	726
388	830
388	1040
388	1117
389	514
389	729
389	762
389	1101
389	1199
390	435
390	477
390	963
390	1021
390	1055
390	1075
391	662
391	946
394	482
394	1166
395	659
395	827
396	739
397	462
397	840
398	423
398	1027
399	1133
401	542
401	684
402	505
402	894
403	707
403	906
403	1111
403	1122
403	1131
404	797
404	811
405	773
405	822
405	901
406	893
406	1042
406	1081
406	1141
407	434
407	620
407	657
407	770
407	904
407	963
407	995
407	1164
408	784
408	803
408	1158
408	1194
409	490
410	645
410	727
411	757
412	485
412	515
412	964
413	817
413	1037
414	434
415	480
415	537
415	819
415	1050
416	1067
418	507
418	528
419	446
419	849
419	917
420	541
420	567
420	679
420	850
421	441
421	505
421	1039
422	508
422	1063
422	1194
423	441
423	477
423	586
423	1036
423	1072
424	559
424	632
424	832
425	597
425	783
425	852
426	571
426	577
426	647
426	861
427	789
428	629
428	654
428	821
428	834
429	1001
430	448
430	528
430	1007
430	1032
430	1130
430	1155
431	498
431	550
431	561
431	604
431	875
432	1084
433	1042
433	1076
433	1123
434	1182
435	810
436	458
436	524
436	645
436	842
436	998
436	1027
436	1110
436	1185
437	580
437	885
437	919
438	574
438	694
438	973
439	545
439	567
439	704
439	927
439	990
440	814
442	1070
443	521
443	908
444	623
444	1052
444	1055
444	1064
445	691
445	799
446	837
446	953
446	1185
447	543
447	591
447	771
447	896
447	904
447	966
447	1061
448	534
449	481
449	836
450	571
450	877
450	1141
451	891
452	493
452	1086
452	1188
453	530
453	866
453	1012
454	1195
455	493
455	581
455	842
455	981
456	680
456	1098
456	1102
457	460
457	736
457	774
458	551
458	790
459	617
460	493
460	501
460	831
460	1031
461	1097
462	576
462	945
462	1087
463	472
463	496
463	1192
464	730
465	761
466	665
466	772
466	778
466	942
468	496
468	591
468	669
468	912
468	1063
469	836
470	485
470	753
470	835
470	1051
471	504
471	547
471	1091
472	717
473	1038
474	550
474	597
474	773
474	788
474	810
474	844
474	1070
474	1155
475	490
475	893
475	1186
476	921
477	967
478	586
478	1193
479	778
480	798
480	912
480	979
481	495
481	684
481	1089
481	1139
481	1189
482	571
482	749
482	794
482	836
482	1055
484	624
484	625
484	764
484	808
485	749
486	706
486	812
487	852
487	952
487	1066
488	1048
489	538
489	659
489	714
490	693
490	750
491	802
492	1016
492	1096
493	820
493	1015
493	1043
494	506
494	829
494	1144
495	530
495	927
496	963
496	1118
497	1150
498	1192
499	928
500	573
500	635
501	538
501	594
501	668
501	854
501	1112
503	524
503	811
503	1039
503	1068
504	880
504	1093
504	1195
505	514
506	643
506	719
507	525
507	727
507	728
508	561
508	806
508	1041
509	750
509	947
510	523
510	1028
511	609
511	724
511	998
511	1129
511	1166
511	1182
512	702
513	533
513	697
513	927
514	809
514	1120
515	938
516	973
517	704
517	884
517	1132
518	576
518	964
519	749
519	940
520	574
520	1049
520	1136
521	698
521	1092
522	743
522	822
523	1076
524	592
524	634
524	763
525	1072
526	530
526	610
526	714
526	808
526	900
526	945
526	1035
526	1045
527	628
527	833
528	539
528	681
528	751
528	945
528	953
529	543
529	553
529	691
529	1037
530	1079
532	747
533	615
533	742
533	1087
534	692
534	880
534	1158
535	684
535	781
536	635
536	1008
536	1168
537	1162
538	806
539	1046
540	611
540	1101
541	928
542	808
542	823
542	1176
543	1156
544	583
544	632
544	694
545	905
546	660
546	802
546	810
546	873
547	861
547	1048
548	1046
548	1086
549	612
549	739
549	924
550	633
550	696
551	1025
551	1133
552	746
552	1153
553	986
554	632
554	922
555	624
556	630
556	711
556	824
556	960
556	1129
556	1187
557	602
557	635
557	692
557	959
558	970
558	1153
560	831
560	895
560	995
561	903
562	728
563	569
563	1149
565	684
565	1024
565	1149
565	1156
565	1185
566	853
567	835
567	871
568	642
568	773
568	966
570	597
570	735
570	811
570	1071
570	1142
571	1034
572	783
573	988
573	1026
574	732
574	1155
575	631
575	707
575	838
575	854
575	1014
575	1043
576	685
577	760
577	776
577	1141
578	1112
579	663
580	731
581	737
581	951
582	818
583	845
583	1170
583	1176
584	705
584	1156
585	1013
585	1069
586	1031
587	851
587	979
587	1178
588	626
588	830
590	943
591	798
591	911
592	851
592	976
593	929
595	688
595	856
595	866
595	1171
596	799
596	855
596	913
596	1062
596	1138
597	938
597	1108
597	1162
599	603
600	670
600	925
601	667
601	721
601	788
601	934
601	1125
602	604
605	1094
606	1066
607	969
608	1137
609	827
609	916
609	932
609	1134
609	1191
610	673
610	681
610	740
610	883
610	1050
610	1084
610	1177
611	1135
611	1148
612	802
612	1093
614	674
614	884
616	1126
617	715
617	773
617	851
617	880
618	697
618	821
618	939
619	834
620	651
620	911
620	1060
620	1122
621	657
621	953
621	1068
621	1127
622	806
622	987
623	955
623	975
625	1048
625	1189
626	860
626	1047
627	1083
628	922
630	911
630	931
630	1060
632	804
633	769
633	1146
633	1160
634	699
634	984
636	789
636	985
638	993
639	708
639	949
639	1084
639	1088
640	771
640	862
640	1148
641	786
641	882
641	1124
642	915
642	1058
643	671
643	1024
644	991
645	1122
647	777
647	891
649	745
649	971
649	1140
650	1145
652	774
652	893
654	937
654	1037
654	1069
655	677
655	734
655	845
655	1125
656	683
656	951
657	986
660	906
660	1183
661	758
661	982
662	707
662	803
662	831
662	1037
662	1090
662	1138
663	751
663	808
663	985
664	883
664	1122
665	958
665	1025
665	1170
667	773
667	912
668	1184
669	863
670	713
670	902
670	1106
671	727
671	1001
672	930
672	1185
672	1192
673	1119
674	773
675	776
675	999
675	1023
676	1021
676	1029
677	835
678	781
678	831
678	1003
678	1039
678	1117
681	899
681	1175
682	795
682	956
682	957
683	735
685	851
685	998
685	1084
688	971
689	754
689	862
689	984
691	1093
692	1051
692	1164
695	746
699	761
700	1038
700	1045
701	1159
702	766
702	980
703	828
703	936
704	1062
704	1086
704	1111
706	890
707	917
708	984
708	1029
709	757
709	918
709	940
710	849
710	1035
710	1037
710	1119
711	955
711	1005
712	775
712	988
712	1065
713	721
715	1160
716	1113
717	790
717	807
717	1051
719	820
720	1007
722	1058
722	1168
723	983
723	1082
723	1085
726	1013
726	1113
726	1172
726	1199
727	1180
728	794
729	839
730	1000
730	1058
730	1171
730	1198
731	830
732	751
732	780
732	794
732	1017
734	1085
734	1090
735	1055
736	810
738	886
738	1188
739	929
740	758
741	854
741	878
742	801
742	913
743	1122
745	1083
748	782
748	825
748	886
748	1103
748	1160
749	887
751	780
751	1067
752	1066
753	812
754	828
755	829
756	914
756	1078
757	819
757	986
757	1106
757	1140
758	761
758	779
758	835
760	978
760	1063
760	1182
761	1169
762	1091
762	1131
763	845
763	1061
766	818
766	1035
768	1071
770	1161
771	775
771	881
771	1088
772	843
772	913
772	982
773	908
774	1085
775	985
776	799
776	835
777	895
779	1165
781	831
781	948
781	1041
781	1065
781	1067
781	1076
783	888
784	946
785	1113
785	1117
786	984
786	1022
786	1034
788	978
789	919
791	1049
791	1118
793	842
794	907
796	1195
797	975
797	1163
798	937
799	823
799	921
800	1160
801	940
803	1124
804	856
804	942
805	960
805	1022
805	1099
806	1086
809	827
809	940
809	1008
809	1036
810	992
810	1164
811	986
811	1108
811	1166
812	987
812	1097
813	1048
813	1073
813	1156
814	1153
814	1162
815	1167
815	1183
815	1197
816	890
818	1133
819	1017
820	1097
821	945
823	896
823	1047
823	1074
823	1178
825	1140
826	1105
827	857
828	855
829	993
830	896
831	1187
832	909
833	962
834	876
834	977
834	1052
834	1151
835	1042
835	1127
836	894
837	851
838	1144
839	1142
839	1157
841	880
841	921
841	924
842	1053
842	1061
843	955
844	1002
845	928
846	1007
847	1049
847	1126
849	1034
850	996
851	862
851	1038
853	971
854	1181
856	1113
857	1027
857	1101
859	1068
859	1191
860	1122
861	1050
861	1132
862	918
862	983
863	986
863	1072
865	1058
865	1078
866	1117
866	1174
867	1156
869	1094
870	874
871	1178
871	1190
872	1149
873	1124
874	917
875	907
875	929
875	953
876	1179
878	1018
878	1028
878	1052
878	1108
878	1165
879	900
879	953
880	999
881	885
881	956
881	961
881	1005
881	1063
882	945
883	1066
885	911
887	993
887	1090
888	994
888	1012
888	1108
888	1137
888	1180
889	987
889	1113
890	930
890	979
890	1114
891	1099
893	1046
894	1075
894	1115
896	1129
896	1190
897	1079
898	1139
899	1009
901	1024
902	912
902	948
902	1195
904	1020
906	931
910	939
910	1091
911	925
911	1043
912	1053
912	1101
917	980
917	1101
918	1107
920	1016
920	1103
922	943
923	1122
926	1162
927	940
928	1149
929	982
929	1170
930	1087
931	1146
932	1181
934	1031
938	1042
939	1010
939	1093
939	1117
942	1112
944	1184
947	1136
947	1180
949	1043
951	1083
952	1049
952	1142
953	1019
957	1085
958	996
958	1197
959	1113
964	987
964	1155
966	1065
967	1057
969	1045
969	1179
970	1111
971	1023
971	1093
972	1162
974	1137
976	1069
977	1133
981	1037
983	1040
986	1148
986	1164
987	1170
988	1032
989	1152
989	1199
992	1061
993	1037
994	1118
996	1043
997	1138
998	1045
999	1024
999	1041
999	1128
999	1135
1007	1029
1008	1075
1009	1011
1009	1162
1010	1082
1010	1145
1010	1184
1012	1060
1013	1070
1014	1077
1014	1099
1017	1047
1019	1081
1021	1030
1023	1119
1024	1026
1028	1166
1031	1047
1032	1129
1033	1110
1034	1088
1035	1084
1036	1157
1041	1082
1043	1073
1043	1120
1045	1051
1045	1079
1045	1159
1049	1074
1050	1193
1056	1064
1056	1117
1056	1183
1057	1068
1059	1126
1060	1143
1065	1087
1066	1184
1069	1094
1070	1192
1071	1116
1072	1147
1078	1159
1079	1124
1079	1141
1085	1093
1086	1145
1088	1127
1091	1096
1091	1125
1094	1109
1103	1122
1112	1118
1115	1130
1130	1197
1140	1159
1147	1157
1152	1188
1154	1177
1157	1194
1187	1192