0	350
0	1017
1	41
1	280
1	687
2	561
2	577
2	884
2	906
3	43
3	149
3	515
3	1163
4	341
4	513
4	632
4	980
5	141
5	236
5	816
5	817
6	150
6	496
6	1021
7	34
7	37
7	197
7	948
8	84
8	669
8	938
8	1132
9	362
9	369
9	474
9	1081
9	1150
10	131
10	570
10	921
10	952
10	1013
10	1161
11	113
11	251
11	919
11	933
11	1032
11	1115
12	101
12	172
12	270
12	397
12	530
12	714
12	804
12	878
12	1058
12	1062
12	1182
13	233
13	476
13	532
13	723
13	825
13	938
14	637
14	1109
15	458
15	880
16	165
16	934
16	1068
17	371
17	506
18	474
19	131
19	392
19	546
19	850
19	953
19	1036
19	1127
20	295
20	668
20	779
20	966
20	1042
20	1082
21	559
21	726
21	732
21	986
21	1172
22	435
22	600
22	680
22	782
22	804
23	822
23	1054
24	164
24	246
24	284
24	499
24	644
24	796
24	1191
25	128
25	370
25	413
25	688
26	244
26	823
26	1151
27	162
27	404
27	651
27	844
28	74
28	925
29	322
29	675
29	989
29	1057
29	1129
30	183
30	217
30	242
30	765
30	800
30	1129
31	846
31	1125
32	478
32	634
32	833
32	881
33	124
33	291
33	354
33	477
33	502
33	926
33	1000
33	1071
34	479
34	642
34	921
34	985
34	1030
34	1103
35	113
35	383
36	530
36	662
36	755
36	1071
36	1084
37	88
37	364
37	487
37	655
37	661
37	834
38	53
38	57
38	376
38	388
38	451
38	455
38	577
38	649
39	769
39	1151
40	157
40	176
40	201
40	600
40	896
40	1151
41	294
41	627
41	766
41	901
42	51
42	571
42	649
42	1006
42	1185
43	444
43	546
43	927
43	1008
43	1170
44	255
44	821
44	1019
45	74
45	151
45	384
45	388
45	495
45	611
45	640
45	856
45	1074
46	132
46	415
46	733
47	150
47	242
47	512
47	559
47	814
48	170
48	401
48	666
48	707
48	741
49	101
49	371
49	846
50	448
50	690
50	767
50	881
51	246
51	384
51	1091
52	254
52	335
52	476
52	657
53	785
53	831
53	1021
54	270
54	392
54	432
54	468
54	699
54	755
54	906
55	216
55	660
56	518
56	554
56	687
56	705
56	883
56	1124
57	303
57	363
57	619
57	737
57	847
57	984
58	288
58	604
58	711
58	741
58	742
59	67
59	675
59	1178
60	160
60	332
60	454
60	504
60	518
60	773
60	895
61	968
62	318
62	720
62	768
62	852
62	888
62	908
63	384
63	482
63	552
63	898
63	947
64	75
64	958
64	1034
64	1087
65	726
65	903
65	978
65	1016
66	730
67	236
68	350
68	491
68	1016
68	1167
69	708
69	1159
70	214
70	638
70	831
71	83
71	333
71	950
71	1166
72	889
72	955
72	1020
73	90
73	321
73	581
73	654
73	1058
73	1127
74	378
74	701
74	782
74	843
74	873
74	952
75	907
76	266
76	807
77	424
77	470
77	880
77	1002
78	236
78	466
78	642
78	688
78	775
78	981
79	239
79	795
79	952
79	1139
80	341
80	539
80	1017
81	299
81	924
81	958
81	1106
82	205
82	683
82	711
82	1180
83	253
83	427
83	616
83	637
83	799
83	902
83	993
83	1061
84	312
84	940
85	568
85	695
85	783
85	787
85	847
86	107
86	156
86	358
86	481
86	797
86	915
86	1002
86	1119
87	662
87	1081
88	187
88	275
88	324
88	526
88	658
88	773
88	814
88	970
89	365
89	801
89	1021
90	369
90	526
90	834
90	1160
90	1161
91	389
91	427
91	609
92	441
92	623
92	660
92	1167
93	548
93	1072
94	95
94	385
94	715
94	796
94	863
94	969
94	1118
94	1120
95	345
95	410
96	386
96	523
96	777
96	851
96	960
96	1031
96	1152
97	339
97	703
97	966
97	1091
98	113
98	386
98	622
98	759
98	863
99	203
99	219
100	926
101	150
101	826
102	1196
103	1160
104	366
105	388
105	619
105	620
105	717
105	789
106	784
106	1070
107	152
107	763
107	772
107	1191
108	559
108	578
108	642
108	793
109	216
110	183
110	782
110	959
111	386
111	646
111	677
112	373
112	485
112	540
112	572
112	889
113	199
114	1078
115	299
116	610
116	623
116	724
116	1194
117	200
117	540
117	567
117	682
117	809
117	833
117	1024
117	1116
118	487
118	644
118	748
118	973
118	977
119	192
119	301
119	812
119	975
120	448
120	893
121	123
121	363
121	604
121	615
121	967
121	1046
121	1156
122	232
122	1169
123	445
123	682
123	739
123	1008
123	1133
124	207
124	353
124	644
124	937
125	131
125	365
125	447
126	273
126	313
126	601
126	912
126	1027
126	1028
127	279
127	640
127	685
127	837
127	1180
129	490
129	810
130	239
130	535
130	878
130	938
130	955
130	1101
130	1156
131	728
131	968
131	1040
132	409
132	556
132	732
132	1117
133	490
133	866
133	895
133	1064
133	1195
134	1170
135	238
135	391
135	486
135	876
136	242
136	480
136	665
136	757
136	1008
137	281
137	282
137	914
137	925
138	546
138	733
138	800
138	908
138	939
138	1015
138	1118
138	1152
139	202
139	417
139	849
140	150
140	546
140	670
140	972
141	401
141	714
141	802
141	909
141	922
141	971
141	1076
142	225
142	229
142	556
142	1002
143	257
143	748
143	877
144	368
145	179
145	211
145	231
145	245
145	297
145	319
145	347
145	489
145	618
145	699
145	928
146	632
146	1010
147	229
147	914
148	303
148	389
148	589
148	732
148	1004
149	625
149	651
150	423
150	519
150	586
150	694
150	1078
150	1092
151	489
151	490
152	414
152	468
152	868
152	977
152	1090
152	1125
153	239
154	414
154	429
154	592
154	656
154	955
155	366
155	1028
156	226
156	395
156	496
156	1043
157	199
157	322
157	670
157	914
157	989
158	485
158	714
158	977
158	1094
159	311
159	451
159	1160
160	224
160	246
160	368
160	380
161	473
161	897
162	248
162	839
162	918
163	238
163	245
163	271
163	327
163	997
164	271
164	675
164	864
164	966
164	987
164	1070
165	172
165	593
165	767
166	355
166	390
166	922
167	488
167	886
167	1143
168	172
169	234
169	531
169	720
169	1099
170	1081
171	663
171	666
171	1073
171	1103
172	974
172	1114
173	796
173	932
173	977
173	1185
174	991
175	427
175	664
176	491
176	753
176	1165
177	203
177	363
177	851
177	975
178	739
178	773
178	1061
179	647
180	754
180	878
180	1056
180	1172
181	237
181	720
181	848
181	904
181	937
182	315
182	516
182	953
183	723
183	832
183	1051
184	705
185	360
185	382
185	384
185	687
185	733
185	986
185	1098
186	406
186	587
186	902
186	1192
187	484
187	552
187	858
187	1181
188	314
188	1064
188	1175
189	392
189	664
189	845
190	346
190	685
190	784
191	670
191	1024
193	273
193	322
193	345
193	874
194	313
194	322
194	449
194	656
194	822
194	1169
195	246
195	465
195	537
195	568
195	602
195	624
195	816
195	895
195	978
196	649
196	696
196	1161
197	427
197	822
197	1136
198	314
198	428
198	884
198	983
199	206
199	308
199	834
199	986
200	546
201	403
201	527
201	831
201	937
201	970
201	1163
202	392
202	603
202	765
202	779
202	819
202	1010
202	1152
203	983
203	1021
204	405
204	563
204	597
204	697
205	455
205	596
205	617
205	724
206	1032
206	1057
207	398
207	745
207	991
207	1188
208	363
208	488
209	274
209	423
210	283
210	646
210	676
211	537
211	638
212	448
212	482
212	1068
213	464
213	699
213	1139
214	274
214	735
214	1192
215	537
215	849
215	1152
216	476
216	803
217	265
217	295
217	809
218	356
218	835
218	848
218	852
219	883
219	953
220	437
220	640
221	440
221	529
221	996
222	266
222	311
222	381
222	522
222	605
223	632
224	447
224	586
224	803
224	859
224	1044
224	1113
224	1143
225	1138
226	1118
227	396
228	565
228	669
229	1186
230	449
230	450
230	664
230	763
230	787
231	373
231	386
231	763
231	953
231	1042
231	1054
233	467
233	480
233	1013
234	295
234	352
234	907
235	599
235	771
235	881
235	986
236	1189
237	607
237	878
238	515
238	940
238	1017
240	278
240	442
240	795
240	987
241	420
241	552
241	1032
241	1151
242	519
242	958
242	1003
243	519
243	1177
243	1197
244	327
244	679
245	470
245	609
245	665
245	864
246	430
246	551
246	1043
247	275
247	542
247	644
247	950
248	412
248	604
248	679
248	690
248	942
248	1115
249	837
249	1107
250	944
251	569
251	847
252	394
252	404
252	440
252	820
253	454
253	635
253	877
253	1135
255	672
255	1055
256	274
256	299
256	800
256	813
256	820
256	1125
257	414
257	546
258	382
258	431
258	1031
258	1057
258	1184
259	1119
260	292
260	365
260	410
260	750
260	983
260	1091
260	1140
261	423
261	455
261	1116
262	638
262	715
262	1075
263	304
263	394
263	858
263	966
264	409
264	900
264	934
264	1004
264	1061
265	425
265	1148
265	1183
265	1197
266	298
266	554
266	1051
267	732
268	557
268	696
268	826
268	872
268	1053
269	536
269	595
269	761
270	336
270	562
270	1187
271	302
271	366
271	541
272	478
272	533
272	574
272	709
272	930
273	307
273	446
273	502
273	1127
273	1137
274	529
274	825
274	922
274	1189
275	1012
275	1143
276	463
276	610
276	661
276	911
277	312
277	330
277	349
277	928
278	500
278	1074
279	376
279	798
279	1071
280	469
280	693
280	760
281	354
281	471
281	1009
281	1087
282	909
282	1002
282	1054
282	1130
283	352
283	619
283	679
283	707
284	785
284	916
285	683
285	841
285	1038
285	1168
286	304
286	330
286	457
287	699
287	1147
288	603
288	844
288	952
288	1026
288	1030
289	608
289	784
290	1073
291	569
291	673
292	724
292	945
292	1014
292	1164
293	323
293	566
293	605
293	665
293	697
293	757
293	821
293	880
293	1067
294	301
294	387
294	638
294	806
294	1088
294	1089
295	333
295	701
295	891
295	896
295	946
295	967
295	1156
296	864
296	1091
296	1194
297	438
297	844
297	1133
298	491
298	1044
299	551
299	736
299	738
299	1128
300	702
300	717
300	732
301	883
301	931
301	1178
305	384
305	815
306	401
306	508
307	789
307	1102
308	1125
309	702
309	740
309	901
309	927
310	501
310	774
310	808
311	599
311	809
311	939
311	953
312	633
312	735
312	919
312	972
312	1015
312	1056
313	561
313	1022
314	346
314	364
314	446
314	468
314	1073
314	1107
315	564
315	708
315	816
316	322
316	378
316	656
316	1001
317	513
318	359
318	406
319	656
320	321
320	538
320	570
320	684
320	748
322	383
322	396
322	622
322	808
323	547
323	735
323	1145
324	473
324	685
324	846
324	1172
325	514
325	605
325	643
326	639
327	403
328	705
328	897
329	496
330	355
331	385
331	635
331	654
331	1025
331	1099
332	373
332	441
332	489
332	1183
333	646
333	849
333	997
333	1109
334	400
334	769
335	748
335	875
335	876
335	1059
336	879
337	427
337	429
337	443
337	487
337	773
338	1127
339	445
339	466
339	923
339	976
339	1099
340	503
340	507
340	837
340	1074
341	427
341	476
341	629
341	1156
342	381
342	396
342	776
342	895
343	919
343	973
343	1000
344	614
344	711
344	765
344	1049
345	412
345	968
345	994
345	1162
346	880
346	889
346	955
347	822
347	1114
347	1138
348	451
348	598
348	643
349	551
349	555
349	641
349	926
350	499
350	761
350	776
350	1025
350	1151
351	373
351	469
351	746
351	1111
352	1143
353	696
353	732
354	419
354	471
354	1141
355	362
355	405
355	578
355	930
356	382
356	821
356	939
357	917
357	955
357	1028
357	1197
358	591
359	501
359	622
359	796
359	1020
359	1194
360	769
361	670
361	1031
361	1189
362	541
362	614
362	1178
363	582
363	665
363	1064
364	477
364	542
364	777
364	897
364	1066
364	1101
365	610
365	666
366	459
366	466
366	576
366	684
366	813
366	869
366	949
367	911
369	488
369	516
369	540
369	947
370	492
370	561
371	425
371	625
371	747
371	954
372	574
372	607
372	643
372	673
372	851
372	964
373	534
373	561
373	777
373	1055
374	1160
374	1193
375	1144
376	378
376	941
377	446
377	456
377	609
377	666
377	678
377	849
377	889
377	970
378	674
379	438
379	514
379	593
380	720
380	1122
382	979
382	1024
382	1198
383	449
383	490
383	509
383	583
383	852
383	1035
384	497
384	743
384	1128
385	704
385	848
386	689
386	752
386	793
386	987
387	573
387	882
387	892
387	964
388	498
388	539
389	443
389	635
389	1037
389	1134
390	853
391	540
391	1005
391	1196
392	471
392	583
392	671
392	692
392	1082
393	526
394	546
394	1196
395	457
395	999
395	1107
395	1143
396	500
396	1009
396	1179
397	509
397	615
397	617
398	502
398	717
398	911
398	1035
399	402
399	828
400	498
400	1019
401	764
401	844
402	683
402	1057
402	1170
403	575
404	482
404	535
404	816
404	895
404	898
404	918
405	724
405	1021
406	726
406	822
406	885
406	924
406	936
406	1191
407	1042
408	773
409	425
409	594
409	801
410	787
410	1022
410	1171
411	537
411	548
412	478
412	579
412	908
413	482
413	858
413	985
414	736
414	845
415	484
415	602
415	660
415	679
416	459
416	484
416	603
416	824
416	865
417	707
418	651
418	692
418	1137
419	937
420	633
420	681
420	954
421	659
421	663
422	658
422	702
423	681
423	780
423	1141
424	568
424	998
425	454
425	679
425	777
425	1108
425	1114
425	1176
426	590
426	952
427	721
427	884
427	1097
428	817
428	853
428	980
428	1194
429	727
430	943
430	989
430	1056
431	956
431	1120
432	795
432	919
432	1181
433	478
433	1017
434	957
434	1025
435	767
435	798
435	1040
435	1042
435	1147
435	1162
436	1010
437	786
437	925
438	603
438	655
438	717
438	957
439	547
439	868
439	1063
439	1077
440	501
440	1163
441	780
442	756
442	778
442	836
442	905
442	1017
442	1105
442	1150
443	585
444	568
444	881
445	686
445	820
447	449
447	685
447	732
447	971
448	552
448	670
449	988
449	1092
449	1137
450	536
450	1047
450	1133
451	980
451	1025
451	1059
452	1195
453	488
453	642
453	733
453	907
454	485
454	728
454	839
454	985
455	474
455	564
455	634
455	942
455	1019
455	1190
456	460
456	917
458	793
458	813
458	1158
460	635
461	1088
462	1117
463	556
463	778
464	568
464	890
464	1192
465	909
465	927
465	1132
466	731
466	822
466	1049
466	1097
467	552
467	582
467	913
469	886
470	531
470	1119
471	552
471	747
471	873
472	544
472	689
472	763
472	787
472	1118
472	1195
473	917
473	1032
473	1104
474	573
474	650
474	1045
475	817
476	483
476	679
476	693
476	800
477	1163
479	683
480	740
481	827
481	860
482	566
482	690
482	757
482	770
482	976
482	1013
482	1136
484	559
484	671
484	782
485	584
485	802
485	1178
486	882
487	1066
487	1126
488	883
488	927
488	1042
488	1065
488	1172
489	845
489	1085
489	1171
489	1174
490	702
491	816
491	1168
492	682
492	823
492	972
492	1108
492	1194
493	745
493	825
493	911
494	609
494	614
494	642
494	739
495	717
497	1152
498	696
498	844
498	1047
498	1141
499	608
501	523
501	695
502	928
502	977
503	1012
503	1042
504	775
504	931
505	609
505	819
505	845
506	914
507	674
507	994
507	1197
508	602
508	814
508	1084
509	517
509	1167
509	1193
510	511
511	527
511	965
511	1048
511	1179
512	624
513	1135
513	1155
514	834
514	898
514	1020
514	1052
514	1097
515	764
515	812
515	935
516	827
516	872
518	769
518	907
518	940
519	729
519	778
519	992
520	929
520	959
520	1094
521	549
522	524
523	541
523	1004
523	1046
524	698
524	828
524	966
525	1097
526	1092
527	704
527	944
528	585
529	986
529	1194
530	962
530	1091
532	776
532	837
532	1148
533	1159
534	627
534	1012
534	1022
535	765
535	882
535	1098
536	846
536	901
536	1003
537	592
537	885
537	953
538	637
538	890
539	671
539	708
539	749
539	864
539	990
539	1068
540	1176
541	916
541	1110
542	910
542	1049
543	610
544	724
544	777
545	596
545	611
545	645
545	1076
546	748
546	1134
547	702
547	905
547	980
547	986
548	574
548	858
548	1093
549	572
549	858
549	1075
549	1109
550	1142
550	1168
551	606
552	812
553	672
553	679
553	692
553	939
555	751
555	753
555	763
555	913
556	628
556	636
556	882
556	920
556	1085
556	1171
558	624
558	872
559	637
559	804
559	966
559	986
560	590
560	1044
560	1175
561	718
561	841
561	1013
561	1085
562	656
562	787
564	711
566	733
566	813
567	760
569	848
569	1016
570	710
570	822
571	814
571	1038
573	774
573	817
573	1041
573	1147
573	1176
574	584
574	888
575	754
575	1117
576	796
576	995
577	648
578	874
579	1130
580	599
580	741
580	888
581	598
582	818
582	845
582	1060
583	832
583	860
585	1151
587	746
587	825
587	1019
587	1045
587	1075
588	634
588	637
588	857
590	633
590	862
590	1014
590	1021
590	1028
591	619
591	748
591	1135
592	884
592	920
593	714
594	596
594	802
595	684
595	716
595	771
595	785
596	801
597	691
597	963
597	971
598	812
598	1017
599	765
599	1098
599	1194
600	955
600	988
600	1025
601	675
601	700
601	722
601	872
601	1085
602	825
603	823
603	958
603	966
605	654
605	655
605	814
605	958
605	1007
605	1132
606	678
606	1084
607	631
608	871
609	903
609	970
610	850
610	949
611	673
611	922
611	937
611	1012
612	615
612	1020
612	1154
613	1011
614	792
616	691
616	801
616	1112
616	1155
617	1054
618	695
618	894
619	749
619	1022
619	1077
620	775
620	1053
620	1121
621	778
622	707
622	1056
623	805
623	1168
624	719
624	770
624	945
625	908
625	1000
626	844
626	941
627	656
627	711
628	865
628	1115
629	806
629	941
629	967
630	953
631	1024
632	675
632	748
632	778
633	748
633	1036
633	1038
634	657
634	1027
634	1063
635	693
635	735
635	894
636	864
638	906
638	964
639	1022
640	855
642	821
642	846
642	905
642	1061
642	1069
642	1134
643	697
643	1150
644	712
645	660
645	679
645	1155
646	787
647	822
647	831
647	911
647	1087
648	813
648	981
649	754
651	922
652	749
652	930
652	1127
653	906
653	1030
654	686
655	788
655	887
655	983
655	995
655	1025
655	1073
656	965
657	666
657	669
660	902
660	983
663	706
664	814
664	1078
666	669
666	874
667	710
668	976
670	771
670	895
671	932
671	1179
672	1097
673	715
673	1138
674	852
674	915
674	1002
674	1010
675	747
675	848
675	1096
675	1146
677	755
678	905
678	940
679	893
679	1058
679	1087
679	1198
684	718
684	761
684	1193
685	990
685	1020
686	831
686	1076
687	689
688	941
688	952
688	988
689	790
689	832
689	1108
690	887
690	1175
691	1144
692	811
692	1120
693	864
693	1171
695	1006
695	1043
697	778
697	983
698	1010
698	1077
699	702
699	804
700	825
701	841
701	1098
701	1123
702	852
703	741
703	749
703	918
704	940
705	777
705	815
705	1152
706	847
706	1116
707	752
708	726
708	762
708	821
709	798
709	975
709	1058
709	1076
711	825
711	1058
713	839
714	1003
714	1112
714	1197
716	998
716	1038
716	1080
716	1086
717	847
717	1070
718	1020
719	853
719	1101
720	816
720	995
720	1197
721	765
722	727
723	1039
724	898
725	1054
726	897
726	1134
726	1149
728	881
729	885
729	1054
729	1088
730	800
730	822
730	1064
732	878
733	814
734	813
734	898
734	900
736	789
736	910
736	1189
738	874
738	1000
741	1005
743	800
744	1084
744	1134
745	886
745	1049
746	964
746	1151
747	839
748	1018
749	995
750	835
751	1002
752	781
752	784
752	801
752	1095
753	810
753	900
753	1156
754	832
754	1040
754	1096
755	801
755	1010
755	1062
756	783
756	1083
758	812
758	1071
760	1017
760	1088
760	1111
761	907
762	1073
763	779
763	789
763	1018
764	1121
764	1180
765	1143
766	889
766	952
766	958
766	982
766	985
767	871
767	946
768	1058
768	1114
770	1153
772	1088
772	1164
773	1187
774	1007
775	799
775	977
776	817
776	819
776	889
777	961
778	902
778	936
778	998
778	1137
779	950
779	966
779	1105
779	1190
780	901
780	1156
782	808
782	929
782	1015
783	892
783	1035
784	893
786	894
786	1076
787	834
787	994
788	993
789	1190
790	797
790	1055
791	1028
791	1081
791	1082
792	968
792	1090
793	797
794	835
795	884
795	978
797	1077
798	974
799	834
799	972
799	1042
799	1043
799	1185
801	915
801	930
802	903
802	1113
804	814
804	975
804	1014
805	1178
807	1033
808	917
809	1064
810	966
812	1065
814	862
815	1081
817	951
819	985
821	872
821	1169
822	869
823	924
823	1024
824	832
824	889
824	1119
825	841
825	1077
825	1156
825	1161
826	1023
827	1148
829	895
829	907
829	1183
830	1110
834	992
836	1095
837	853
838	861
839	1091
840	926
840	1170
841	920
842	937
842	973
842	1112
843	1057
844	1048
845	848
846	1014
848	938
849	1193
850	967
853	993
853	1027
854	1021
854	1105
855	1054
856	875
856	1074
858	975
858	1043
861	921
863	1152
865	924
865	1017
865	1055
865	1087
867	1044
868	1038
868	1054
869	1156
870	945
871	938
871	1173
872	1105
872	1127
872	1171
874	887
874	1186
875	1000
876	1124
879	1074
879	1082
879	1160
881	988
882	1044
885	1144
886	1097
886	1104
887	1157
888	1095
888	1112
888	1136
889	1065
889	1097
889	1119
890	912
890	987
892	1026
892	1074
893	1177
895	930
898	988
899	978
902	935
903	1044
903	1187
904	1084
905	922
905	1132
905	1179
906	1076
907	1098
916	1175
917	1025
917	1146
917	1199
918	1086
918	1096
918	1148
920	966
922	1037
925	1019
929	986
930	950
931	1024
931	1164
932	1084
935	938
935	1051
935	1153
936	1127
937	1030
938	939
938	1180
938	1197
941	1146
941	1189
945	1196
949	1053
952	1002
952	1033
952	1088
953	974
953	980
954	1146
956	1003
957	968
958	1020
959	977
960	1102
964	966
964	1030
964	1074
970	1051
970	1099
972	1147
974	1185
980	1114
984	1096
985	1037
986	1007
987	1141
988	1048
990	1189
994	1163
995	1099
995	1133
997	1050
997	1176
998	1038
998	1046
999	1047
1000	1106
1001	1005
1003	1029
1003	1102
1003	1113
1003	1198
1006	1058
1008	1143
1009	1128
1011	1181
1014	1113
1014	1173
1014	1199
1015	1029
1021	1123
1022	1031
1022	1064
1022	1082
1022	1147
1023	1053
1023	1072
1023	1103
1023	1127
1024	1067
1024	1173
1030	1096
1031	1113
1031	1127
1032	1075
1032	1095
1033	1198
1037	1047
1037	1094
1040	1051
1040	1169
1043	1105
1053	1121
1054	1178
1054	1195
1055	1156
1056	1146
1058	1144
1061	1084
1061	1139
1061	1182
1062	1089
1063	1100
1067	1109
1069	1133
1070	1084
1077	1152
1079	1191
1086	1120
1088	1112
1089	1111
1094	1116
1094	1118
1096	1117
1103	1192
1105	1170
1108	1195
1110	1173
1113	1154
1117	1185
1126	1131
1129	1160
1138	1195
1139	1156
1163	1194
1164	1195
1171	1172
1186	1196