0	103
0	210
0	408
0	918
1	48
1	389
1	488
1	622
1	757
1	1061
2	167
2	512
2	903
3	586
3	696
3	897
4	153
4	438
4	538
4	603
4	629
4	745
4	777
4	1102
5	296
5	466
5	639
5	1076
5	1084
6	795
6	805
7	196
7	815
8	545
8	687
9	449
9	638
9	876
9	1160
10	30
10	184
10	435
10	605
11	148
11	421
11	585
11	671
11	978
11	1124
12	88
12	515
13	757
13	1155
14	143
14	435
14	617
15	45
15	99
15	405
15	652
15	693
15	1120
16	482
17	382
17	511
17	587
17	730
17	776
17	1163
18	133
18	309
18	721
19	245
19	257
19	459
19	602
19	628
20	205
20	660
21	29
21	107
21	817
21	868
22	193
22	423
22	531
22	679
22	828
22	861
22	1145
22	1162
23	289
23	296
23	351
23	397
23	453
23	580
23	1131
24	94
24	507
24	916
25	111
25	219
25	485
26	61
26	552
26	634
26	638
26	911
26	948
26	1080
27	519
27	1028
28	435
28	523
29	202
29	465
29	681
29	819
29	891
29	892
29	1129
29	1199
30	129
30	190
30	675
30	778
30	1025
30	1082
31	242
31	569
31	872
31	990
31	1173
32	89
32	253
32	818
32	848
33	707
33	740
34	101
34	165
34	217
34	320
34	744
34	842
34	1087
35	141
35	595
35	1026
36	61
36	309
36	656
36	672
36	1062
37	58
37	809
37	893
38	543
38	636
38	1085
39	355
39	389
39	828
39	929
40	208
40	504
40	542
40	739
40	788
41	111
41	223
41	297
41	510
41	800
41	1123
42	205
42	424
42	542
42	1070
43	88
43	232
43	361
43	455
43	589
43	852
43	953
43	964
43	994
43	1077
43	1087
44	337
44	423
44	927
44	1154
45	177
45	1070
46	173
46	595
46	872
46	921
46	1090
47	122
47	131
47	628
47	1181
47	1186
48	178
48	654
48	1190
49	189
49	305
49	969
50	337
50	447
50	476
51	76
51	317
51	540
52	227
52	294
52	531
53	313
53	506
53	554
53	598
53	709
54	139
54	331
54	426
54	939
54	1060
55	747
56	524
56	1107
56	1123
57	137
57	225
57	607
58	896
59	971
60	191
60	1067
60	1148
61	104
61	306
61	364
61	542
61	1097
62	137
62	366
62	470
62	478
62	587
62	838
62	878
62	1179
63	103
63	388
63	577
63	735
64	103
64	227
64	936
64	1034
65	186
65	324
65	455
65	560
65	893
66	99
66	197
66	549
66	1079
67	194
67	223
67	353
67	394
67	431
67	543
67	716
68	332
68	357
68	365
68	493
68	583
68	864
69	420
69	526
69	770
69	799
69	869
69	998
70	156
70	271
70	393
70	629
70	823
71	881
71	937
71	1149
71	1177
72	193
72	389
72	736
72	1015
73	102
73	180
73	193
73	604
73	638
74	165
74	449
74	588
74	710
75	117
75	193
75	197
75	368
75	668
75	1140
75	1164
76	197
76	420
76	472
76	494
76	613
76	637
76	804
77	247
77	485
77	721
78	763
78	774
78	886
79	349
79	763
79	1047
79	1150
80	475
80	816
81	682
81	840
81	921
81	933
81	1119
82	384
82	561
82	630
83	231
83	389
83	605
84	505
84	643
85	561
85	597
85	811
86	113
86	267
86	986
87	113
87	141
87	565
87	707
88	253
88	1094
89	180
89	423
89	905
89	1089
90	240
90	526
90	935
91	209
91	385
91	392
91	412
91	623
91	637
91	638
91	895
91	1039
92	304
92	500
92	731
93	192
93	266
93	391
93	396
93	859
94	507
94	689
94	818
94	827
94	857
94	903
94	1168
94	1194
95	263
95	645
95	671
95	690
95	864
95	884
95	996
95	1010
95	1056
96	435
96	448
96	561
96	759
97	487
97	489
97	565
97	598
97	719
97	1077
97	1092
97	1102
97	1108
98	492
98	1067
98	1079
99	906
99	1038
100	389
100	580
100	966
100	1030
101	584
101	1038
102	114
102	150
102	373
102	961
102	977
103	633
104	616
105	309
105	390
105	447
105	612
105	791
105	872
105	1174
106	125
106	279
106	622
106	845
106	1129
106	1161
107	158
107	168
107	232
107	392
107	667
107	812
107	817
107	994
108	368
108	604
108	749
108	862
109	443
109	612
109	865
110	132
110	181
110	546
110	551
111	302
111	1056
111	1072
111	1109
112	162
112	889
112	1161
113	616
113	757
113	980
113	1027
114	466
114	470
114	728
114	907
114	941
115	219
115	445
115	581
115	740
115	788
115	864
115	870
116	447
116	702
116	1000
116	1072
116	1155
117	145
117	200
117	258
117	556
117	665
117	1084
118	347
118	358
119	612
119	633
120	496
120	793
120	833
120	897
120	1024
120	1142
121	382
121	401
121	454
121	484
121	773
121	1139
121	1159
122	165
122	402
122	430
122	1100
123	444
123	647
124	541
124	739
125	141
125	174
125	367
125	380
125	482
125	593
125	654
125	1038
125	1056
126	618
126	755
126	824
126	955
127	232
127	709
127	836
127	873
127	964
128	1197
129	337
129	758
129	791
130	336
130	703
130	919
130	934
131	144
131	324
131	1026
131	1116
131	1158
132	223
132	392
132	559
132	1027
133	372
134	597
134	831
134	973
135	581
136	145
136	604
136	953
136	1105
137	204
137	313
137	676
138	919
138	925
138	1073
138	1142
139	273
139	921
139	993
139	1050
140	1189
141	553
141	623
141	839
141	1120
142	163
142	1091
143	403
143	422
143	647
143	673
143	1064
144	154
144	608
144	759
144	844
144	1189
145	642
145	698
145	729
145	1051
145	1159
145	1166
146	498
146	910
147	180
147	1011
148	273
148	368
148	996
149	440
149	951
150	682
150	722
150	965
150	1050
151	190
151	479
151	962
151	1164
152	318
152	413
152	422
152	729
152	883
152	927
153	158
153	250
153	757
153	1053
154	280
154	352
154	431
154	802
154	1021
154	1090
154	1171
155	345
156	217
156	444
156	522
156	582
156	753
156	959
157	158
157	433
157	679
157	1159
158	515
158	583
158	1104
159	261
159	1068
159	1169
160	196
160	694
160	817
161	847
161	934
162	232
162	520
162	855
163	309
163	476
163	697
163	704
163	729
163	866
163	1071
164	786
164	869
165	360
165	637
165	893
166	758
166	953
167	470
167	480
167	643
167	749
167	755
168	1000
168	1162
168	1171
168	1194
169	252
169	484
169	493
169	830
170	332
170	779
170	823
170	1108
171	221
171	232
171	347
171	943
171	1051
172	451
172	468
173	347
173	649
173	692
173	967
174	420
174	494
174	515
174	1102
174	1159
175	427
175	541
175	804
175	1068
176	488
176	879
176	899
176	1067
177	467
177	1058
178	609
178	644
178	687
178	962
178	1050
178	1080
179	184
179	377
179	1131
180	1027
180	1028
181	277
181	294
181	298
181	388
181	895
181	912
181	1026
182	250
182	363
182	699
182	876
183	330
183	431
183	473
183	569
183	641
184	339
184	535
184	912
185	352
185	435
185	540
185	610
185	801
185	803
186	208
186	922
186	1070
186	1087
187	364
187	1162
188	453
188	540
188	746
188	751
188	1002
189	345
189	410
189	505
189	676
189	880
189	930
189	953
190	641
190	653
190	828
190	834
190	1083
191	307
191	441
191	673
191	701
191	859
191	1110
191	1143
191	1179
192	752
192	761
193	434
193	805
193	959
194	979
195	365
196	455
196	718
197	660
197	805
198	508
199	240
199	717
199	915
200	495
200	861
200	866
201	414
201	465
201	729
201	922
202	508
202	692
203	320
203	504
203	654
203	814
204	316
204	333
204	468
204	685
204	762
204	995
205	946
206	213
206	329
206	375
206	438
206	991
206	1040
206	1152
207	723
207	1070
208	330
208	371
208	802
209	220
209	757
209	1164
210	215
210	645
210	711
210	1084
210	1171
210	1193
211	322
211	357
211	410
211	720
211	789
212	948
212	1190
212	1194
213	292
213	1125
214	215
215	251
215	421
215	631
215	687
215	713
215	889
215	1093
216	314
216	372
216	722
217	631
217	700
217	982
218	539
218	706
218	712
218	1031
219	460
219	812
220	652
220	982
221	549
221	772
221	794
221	915
222	266
222	443
222	995
224	436
224	543
224	576
224	611
224	1081
225	476
225	936
225	1030
225	1195
226	234
226	451
226	771
226	959
226	1006
226	1189
227	506
227	808
227	911
227	1008
228	586
228	953
228	1006
229	534
229	716
229	1148
230	455
230	1067
230	1103
231	647
231	768
232	356
232	528
232	530
233	891
233	929
234	236
234	241
234	295
234	336
234	734
234	1006
234	1061
234	1084
235	645
235	1050
236	242
236	847
236	870
237	253
237	446
237	790
237	1097
238	523
238	703
238	909
238	1025
238	1108
239	330
239	738
239	858
239	859
239	998
239	1106
240	791
240	823
240	1013
240	1035
241	277
241	437
241	627
241	679
241	764
241	765
241	964
241	1138
242	629
242	712
242	980
243	722
244	430
244	952
244	1067
244	1078
245	313
245	1160
245	1167
246	341
246	420
246	712
247	475
247	506
247	614
247	691
247	971
247	985
247	1161
248	279
248	786
248	997
248	1046
248	1100
249	544
249	623
249	1162
250	702
250	946
250	1003
252	364
252	616
252	677
252	930
253	346
253	617
253	979
254	576
254	629
254	1077
254	1108
255	419
255	729
255	764
256	553
256	779
257	292
257	914
257	1185
257	1186
258	285
258	1119
259	549
260	269
260	522
260	819
260	833
260	890
260	1028
260	1199
261	807
262	283
262	541
262	576
262	708
262	721
262	1142
263	323
263	444
263	1081
263	1166
264	308
264	698
264	851
264	1144
265	1060
266	658
266	764
267	386
267	675
267	911
268	282
268	998
270	1128
271	355
272	368
272	372
272	649
272	650
273	362
273	380
273	696
273	734
273	1065
273	1193
274	411
274	541
274	566
274	598
274	800
274	814
275	648
275	774
275	791
276	524
276	839
276	853
276	1012
277	362
277	381
277	407
277	591
277	637
277	726
277	1085
278	704
278	1196
279	374
279	400
279	967
279	1141
280	456
280	579
280	775
280	787
280	1040
281	417
281	490
281	762
282	772
282	1119
282	1121
283	381
283	451
283	675
283	1007
283	1017
284	956
284	994
285	398
285	1183
286	540
286	677
286	1029
287	416
287	451
287	1126
288	598
289	522
290	342
290	849
290	882
290	909
290	912
290	1054
291	626
291	755
291	1188
291	1189
292	424
292	1163
293	309
293	1045
294	661
294	678
294	895
294	1095
294	1189
295	301
295	395
295	662
295	1039
296	475
296	634
296	953
297	575
297	722
298	421
298	685
298	790
298	1092
298	1144
299	755
300	359
300	402
300	601
300	1046
300	1071
301	344
301	860
302	434
302	603
302	904
303	323
303	547
303	1081
304	548
304	948
305	585
305	738
305	932
306	752
306	805
307	499
307	807
307	842
309	444
309	614
309	857
310	742
310	856
310	1154
311	345
311	590
311	1155
312	319
312	435
312	791
312	914
312	920
313	927
313	991
313	1029
314	782
314	833
314	847
314	863
315	710
315	941
315	1192
316	909
316	1170
317	327
317	581
317	882
317	1162
318	817
318	1026
319	463
319	576
319	603
319	794
319	831
319	1020
320	601
320	773
320	958
321	480
321	496
321	698
321	999
322	379
322	413
322	785
322	939
323	373
323	442
323	860
324	457
324	512
324	657
324	679
325	628
325	960
325	1129
326	492
326	548
326	614
327	368
327	679
327	903
327	1019
328	395
328	479
328	848
329	492
329	507
329	881
329	963
330	691
330	860
330	1078
331	621
331	771
332	593
332	607
332	630
332	751
332	980
332	1069
333	681
334	728
334	765
334	778
334	787
334	1009
335	341
335	965
336	801
337	353
337	413
337	645
338	817
339	1176
340	379
340	589
340	863
340	957
340	983
340	1031
340	1143
341	1174
342	866
342	964
343	698
343	932
344	361
345	690
345	916
346	1020
346	1030
346	1044
346	1088
346	1164
347	390
347	415
347	440
348	631
348	943
349	903
349	1035
350	367
350	572
350	945
350	1159
351	764
351	967
352	448
352	728
352	1057
353	470
353	899
353	954
354	390
354	521
354	777
355	547
355	795
355	867
356	826
357	389
358	770
358	820
358	964
358	1022
358	1081
359	470
359	882
359	894
359	1178
360	582
360	1050
361	798
361	1023
361	1078
361	1174
362	871
363	714
363	719
363	996
363	1170
364	718
364	911
365	555
365	637
366	592
366	750
366	803
366	926
367	410
368	878
368	1154
369	982
369	1123
370	573
370	987
371	637
372	986
372	1001
374	524
374	737
374	1113
375	889
375	1059
376	463
376	504
376	756
376	771
377	467
377	668
377	918
378	740
378	863
378	929
380	547
381	452
381	1101
382	961
382	1149
383	476
383	773
383	962
384	408
384	436
384	914
384	1121
385	652
385	664
386	593
387	535
387	672
387	833
388	895
389	604
389	908
389	909
390	509
390	712
390	832
390	949
392	466
392	579
392	674
394	819
394	979
394	1042
395	549
395	700
395	706
395	1060
396	1144
397	911
399	402
400	640
400	652
400	806
400	990
400	1176
401	688
401	829
402	426
402	498
402	628
403	478
403	509
403	740
403	809
403	1182
404	689
404	807
404	1061
405	484
405	499
406	572
407	812
407	963
407	1019
408	819
408	1140
409	487
409	655
409	760
409	807
409	963
410	762
410	813
410	907
410	978
410	1047
411	538
411	823
411	1089
411	1126
412	551
412	660
412	832
412	995
413	504
413	758
413	1060
414	432
414	819
414	847
415	953
416	493
416	659
416	671
416	835
416	863
416	1079
417	525
417	673
417	712
417	782
417	899
417	1197
418	687
419	623
419	634
419	668
419	780
419	781
419	932
419	1108
419	1109
420	675
420	928
420	1190
421	474
421	652
421	690
421	1106
422	662
422	764
422	846
422	906
422	1069
423	705
424	579
425	918
426	755
426	1111
426	1153
427	997
428	470
428	630
428	757
429	513
429	536
429	600
429	751
429	805
429	854
429	887
430	598
430	741
430	881
430	969
431	500
431	1181
431	1190
432	813
434	584
434	854
434	903
434	973
434	1026
434	1136
435	471
435	717
435	912
436	968
436	974
437	629
437	636
437	793
437	1026
437	1141
438	551
438	1170
439	895
439	1058
440	545
440	820
440	842
441	1112
441	1163
442	508
442	1037
443	887
443	927
443	988
444	1112
444	1114
445	468
445	552
445	632
445	732
445	851
445	968
445	1149
446	612
446	687
446	1046
447	464
447	1120
447	1130
448	776
448	1004
448	1133
449	955
450	921
451	965
452	560
452	647
453	961
454	1146
455	664
455	788
455	825
455	1133
456	929
456	978
456	1065
458	996
458	1079
459	676
459	859
460	826
460	857
461	594
461	806
461	825
461	952
462	673
462	850
462	1000
462	1160
463	513
463	816
463	877
463	1125
463	1136
464	554
464	878
464	988
464	1021
465	740
466	470
467	550
467	642
467	799
467	858
467	1073
468	823
468	875
468	885
469	1143
470	748
470	800
471	763
471	794
471	1060
472	704
472	949
473	755
474	858
476	478
476	740
477	611
478	792
478	1084
479	603
479	816
479	1145
480	596
480	682
480	881
481	697
481	821
482	683
482	898
482	990
483	951
484	859
484	874
484	962
484	1113
484	1188
485	622
485	812
485	1038
485	1139
486	897
487	539
487	744
488	1047
489	715
489	718
490	510
491	1166
492	529
492	841
492	1153
493	938
493	1036
493	1098
494	993
494	1134
496	1135
497	532
497	1174
498	844
499	594
499	741
499	770
501	1083
501	1142
501	1161
502	611
502	643
503	955
503	993
503	1021
504	603
504	725
504	1038
505	571
505	744
505	790
505	998
506	648
507	884
508	614
508	720
509	615
509	632
509	847
509	923
510	540
510	565
510	762
510	1022
510	1090
510	1161
511	643
511	696
511	798
511	1036
511	1166
512	533
512	1174
512	1180
513	948
513	1022
513	1126
514	570
514	811
514	855
515	891
515	940
515	1008
515	1143
515	1145
515	1153
515	1195
516	557
517	863
517	949
518	661
518	875
518	1088
519	888
519	1150
520	570
520	705
520	814
520	1055
521	543
521	611
521	858
521	934
521	1078
521	1108
523	996
523	1019
524	599
525	675
525	781
525	953
526	635
526	699
526	1019
527	814
527	960
527	1199
528	947
528	1076
529	991
529	1131
531	846
531	1113
532	626
532	664
532	844
532	847
532	884
532	1126
533	629
533	837
533	933
533	942
533	1055
534	646
534	713
534	1053
535	635
535	841
535	875
535	970
536	730
536	805
536	986
537	704
537	1060
538	678
538	711
538	1052
538	1170
540	666
540	819
541	1177
542	775
542	887
542	1114
543	637
543	1015
544	943
544	1193
545	658
545	839
545	1172
546	779
547	607
547	1083
548	559
548	709
548	915
548	1059
548	1089
549	559
549	703
549	984
549	1099
549	1118
549	1160
551	590
551	795
551	1068
552	557
552	1158
553	711
553	955
554	988
554	1164
555	952
556	689
557	657
558	988
558	1119
558	1151
560	850
560	1012
561	734
561	815
562	1025
562	1113
563	588
564	1042
566	789
566	978
567	611
567	686
567	1047
568	864
568	1129
568	1171
569	632
571	594
572	993
573	639
573	966
573	1186
574	673
575	828
575	1017
575	1076
575	1095
576	605
576	650
576	776
576	994
576	1167
577	1180
578	1104
578	1181
579	630
579	860
579	1182
580	1034
580	1089
580	1126
581	774
581	976
582	594
582	682
582	950
582	1153
583	647
583	1080
583	1131
584	737
584	760
584	798
584	937
584	1156
584	1162
586	1007
587	817
587	847
587	1004
587	1041
587	1185
588	679
588	822
588	832
588	865
588	1066
589	1065
589	1176
590	631
590	978
590	1110
591	1179
592	622
592	758
592	1036
593	616
593	647
593	1058
593	1117
594	616
595	598
595	645
595	653
595	1073
596	1105
597	875
597	1036
598	774
598	836
598	1127
599	756
601	648
601	667
601	816
601	1064
602	1006
603	936
604	681
604	836
604	854
605	910
605	1175
606	708
606	731
606	891
607	769
607	787
607	880
607	971
607	1179
608	820
609	718
609	764
609	770
609	920
609	1012
610	1031
611	644
612	718
612	751
612	1045
612	1047
613	778
613	979
613	1163
614	846
614	1140
614	1149
615	892
615	948
616	670
616	1042
617	697
618	781
618	1080
619	748
619	1135
620	790
620	1042
620	1150
622	950
623	833
623	881
623	969
624	822
624	857
624	879
624	911
624	929
625	759
626	848
626	927
627	783
627	913
627	1081
628	646
628	890
629	928
629	1087
629	1165
630	735
630	867
630	955
630	1078
630	1138
630	1147
630	1162
631	661
631	695
632	695
632	836
632	1087
633	880
633	971
633	1075
633	1118
634	1092
635	944
636	773
636	876
637	695
638	755
638	814
638	883
638	964
639	721
639	767
640	966
641	708
641	752
641	968
642	1192
645	837
645	1084
647	752
648	674
648	744
648	999
648	1137
649	757
650	819
650	822
650	1048
650	1151
650	1194
651	749
651	759
651	898
651	1000
652	768
652	1168
653	899
653	925
654	726
654	817
655	774
655	1191
657	797
657	1192
659	774
659	1131
660	1019
661	775
661	836
662	993
663	1017
663	1124
664	981
664	1158
665	751
666	928
666	1117
667	762
667	765
667	878
667	910
669	851
669	917
669	1028
669	1069
670	787
671	716
671	762
672	697
672	1163
674	1105
674	1166
675	733
676	704
676	787
676	848
677	773
677	790
677	822
677	896
677	941
678	688
678	1039
679	962
680	719
680	1135
681	730
681	1118
682	917
683	1063
683	1104
684	762
684	944
684	991
684	1004
685	855
687	889
687	903
688	986
690	691
690	997
690	1191
691	1003
693	789
694	1037
695	716
697	737
698	774
698	1130
699	794
699	1114
700	793
700	809
700	1178
701	901
701	946
702	881
703	1032
704	853
704	921
705	742
705	805
705	987
705	1143
706	1112
706	1139
707	756
707	785
707	933
707	965
708	1019
709	1007
709	1136
711	807
711	1016
711	1047
712	866
712	902
712	972
713	808
713	825
713	973
716	849
717	916
717	1057
718	945
718	1031
719	1009
720	902
720	952
720	962
721	774
721	859
722	745
722	761
722	976
724	1099
724	1134
725	941
725	1074
726	1098
727	867
727	1156
728	860
728	957
729	869
729	1034
731	1010
733	737
733	798
733	863
735	1010
736	935
736	972
737	776
738	973
739	741
739	805
740	803
740	854
740	1098
741	946
741	1086
742	991
743	854
745	888
745	1061
747	775
747	975
747	1008
748	1098
748	1161
749	778
749	881
749	1150
750	1066
750	1152
750	1158
751	805
753	924
754	1177
755	787
755	862
756	774
756	778
756	860
756	890
757	1149
758	1010
758	1159
758	1198
760	791
760	838
760	873
760	916
761	1046
761	1069
761	1199
762	806
762	971
762	1109
763	773
763	859
763	1016
763	1067
763	1104
764	1008
765	1071
766	918
766	1034
767	835
768	945
768	1033
769	1146
770	866
772	947
772	1107
772	1153
773	993
775	792
776	1087
777	915
777	1012
778	1021
778	1133
779	882
779	1132
780	860
780	913
780	923
782	927
782	991
782	1065
783	818
784	848
785	845
785	1071
785	1084
785	1149
787	875
788	807
788	983
789	891
790	845
790	952
790	1017
790	1128
792	831
793	1107
793	1187
795	890
796	898
796	922
796	1160
796	1194
797	843
798	810
798	874
799	931
799	1130
800	826
800	835
802	882
802	892
802	1098
803	834
803	883
803	1082
803	1143
804	840
804	1042
805	882
805	1045
806	838
806	966
807	817
807	936
807	1070
808	1018
809	910
809	1164
809	1169
810	1082
811	1178
811	1186
812	927
812	1176
813	816
813	870
814	967
815	924
819	1096
820	893
820	1091
820	1144
821	936
821	960
821	991
822	863
824	1135
825	936
825	1193
828	840
828	1057
828	1060
832	1073
833	1127
835	1064
836	1008
836	1069
837	851
837	964
837	1004
837	1023
837	1170
838	936
839	851
839	952
839	960
839	1133
839	1179
841	855
841	1164
842	847
842	1041
843	1141
845	1170
846	1186
848	995
848	1039
848	1088
850	968
850	1162
851	1122
852	962
854	878
858	891
859	1191
864	1075
865	900
865	929
865	960
868	1169
871	1079
871	1082
871	1147
871	1154
874	1142
875	891
875	1038
875	1167
879	1000
879	1153
880	977
883	885
883	1098
884	1083
885	1148
886	901
886	997
886	1074
887	1095
888	1071
888	1115
888	1133
890	1181
892	915
893	987
895	1089
895	1179
896	933
896	1120
898	995
899	1001
900	976
900	1047
905	1066
907	1054
907	1124
907	1161
908	978
909	972
911	916
911	1103
911	1122
912	1116
913	1065
914	952
914	1197
915	1031
915	1101
916	925
916	1089
916	1124
917	1087
917	1157
919	1007
919	1178
920	1155
921	1023
924	991
927	950
928	997
928	1002
929	1099
934	957
936	1118
937	1047
937	1148
939	1109
940	1034
940	1064
941	988
941	998
942	1125
944	947
944	1162
945	1046
946	1030
950	969
953	988
956	1117
957	1153
959	1007
959	1120
960	975
961	980
961	1049
961	1087
966	1005
966	1058
974	1011
975	1057
975	1169
977	1144
979	1011
979	1150
981	1061
981	1094
984	1051
987	1124
989	1002
989	1131
989	1155
990	1004
992	1168
993	1125
994	1161
996	1167
997	1164
998	1033
999	1050
1003	1055
1006	1043
1008	1177
1009	1106
1010	1038
1011	1139
1014	1072
1015	1048
1015	1069
1016	1109
1017	1141
1021	1190
1023	1081
1029	1108
1029	1161
1031	1107
1031	1148
1032	1078
1034	1078
1035	1154
1039	1158
1041	1061
1044	1149
1045	1174
1046	1186
1049	1136
1052	1105
1052	1197
1054	1169
1056	1129
1059	1151
1061	1149
1062	1100
1065	1182
1066	1174
1070	1079
1071	1150
1078	1080
1078	1134
1079	1169
1080	1156
1095	1141
1097	1152
1107	1124
1126	1143
1128	1169
1128	1189
1140	1152
1147	1160
1147	1184
1163	1167
1166	1184
1195	1199