0	527
0	613
0	831
0	960
1	209
1	407
1	802
2	212
3	36
3	104
3	157
3	663
3	675
3	792
3	1020
3	1057
4	117
4	236
4	609
5	193
5	362
5	795
5	875
6	121
6	349
6	488
6	897
7	945
7	1005
8	17
8	1042
8	1100
8	1189
9	506
9	600
9	636
9	1123
10	158
10	173
10	884
11	273
11	497
11	973
12	678
12	913
13	1103
13	1152
14	275
14	348
15	180
15	192
15	595
15	817
15	907
15	1141
16	500
16	1103
17	419
17	1080
18	60
18	261
18	311
18	370
19	394
19	572
19	844
19	1055
20	507
20	795
20	808
21	340
21	422
21	717
21	855
21	1043
22	566
22	750
22	899
23	346
23	387
23	738
23	757
24	699
24	849
24	1077
25	82
25	373
25	410
25	721
25	883
25	975
26	438
26	609
26	649
26	650
26	732
26	951
26	1166
27	215
27	530
27	601
27	661
28	195
28	523
28	583
28	701
28	836
28	894
29	287
29	453
29	624
29	652
29	690
29	770
29	774
29	935
30	86
30	210
30	443
30	620
30	1017
30	1082
31	73
31	98
31	403
31	710
31	728
31	1172
32	162
32	316
33	576
33	739
33	823
33	1078
34	276
34	602
34	656
34	699
34	1011
35	320
35	551
35	638
35	901
35	1185
36	195
36	506
36	890
36	1105
37	328
37	448
37	910
37	952
37	1049
38	552
39	291
39	986
39	1125
40	75
40	429
40	1080
40	1168
41	106
41	215
41	523
41	892
41	994
41	1010
41	1094
41	1102
42	277
42	554
42	1117
43	59
43	99
43	206
43	504
43	677
44	54
44	311
44	621
44	669
44	848
44	1023
45	324
45	689
45	701
45	740
45	1143
46	1117
46	1162
46	1186
47	577
48	162
48	177
48	305
48	450
48	698
49	195
49	274
49	707
49	1076
49	1130
50	282
50	485
50	613
50	954
50	1005
51	109
51	149
51	339
51	584
51	815
51	1057
51	1180
52	183
52	352
52	424
52	464
52	860
52	942
52	1068
53	598
53	631
53	1022
53	1141
54	192
54	689
54	1073
55	274
55	565
55	634
55	687
55	711
55	728
55	1072
56	263
56	370
56	461
56	484
56	499
56	713
56	997
56	1046
56	1061
57	159
57	256
57	342
57	448
57	728
57	1043
58	729
59	884
59	1054
59	1160
60	152
60	195
60	345
60	645
60	739
60	1062
61	189
61	980
62	603
63	243
63	657
63	751
63	811
64	147
64	462
64	1164
65	185
65	476
66	234
66	430
67	70
67	586
67	643
67	692
67	841
67	937
67	1173
67	1188
68	138
68	174
68	442
68	629
68	740
68	1059
69	132
69	485
69	703
69	829
70	99
71	753
71	887
71	892
72	489
72	1116
72	1140
72	1163
73	352
73	512
73	577
74	210
74	455
74	485
74	498
74	665
74	668
74	753
74	1043
75	354
75	563
76	101
76	141
76	638
76	905
76	967
77	457
77	979
77	1188
78	623
78	743
78	1124
78	1164
79	89
79	106
79	470
79	1117
79	1161
80	151
80	168
80	307
80	608
81	185
81	209
81	237
81	940
82	239
82	286
82	429
82	1022
83	167
83	236
83	267
83	448
83	458
83	531
83	781
84	195
84	955
85	298
85	577
86	229
86	441
86	538
86	625
86	631
86	1041
86	1076
87	1144
87	1179
88	864
88	1018
88	1124
89	999
89	1169
90	104
90	185
90	533
90	582
90	694
90	1084
91	689
91	891
91	930
92	314
92	548
92	649
93	357
94	462
94	726
95	626
95	1162
95	1164
96	307
96	380
96	383
96	1067
97	98
97	138
97	211
97	697
98	312
98	738
98	805
98	1034
99	246
99	627
99	685
99	719
99	756
100	990
101	719
101	780
101	818
101	1092
101	1102
102	463
102	836
103	301
103	710
103	1027
104	553
104	818
105	288
105	784
105	1077
105	1144
105	1147
106	649
106	842
106	858
106	1059
107	838
107	1174
108	139
108	213
108	427
108	487
108	605
108	970
109	538
109	1137
110	376
110	792
110	972
111	181
111	470
111	829
111	848
112	163
112	711
113	120
113	767
113	897
113	1029
113	1033
114	494
114	570
114	1114
115	546
115	634
115	707
116	715
117	939
117	1124
118	140
118	285
118	421
119	450
119	501
119	641
119	1031
119	1050
119	1168
120	355
120	1147
121	366
121	369
121	445
121	857
122	1028
123	276
123	312
123	448
123	593
123	670
123	787
123	1030
124	243
124	374
124	548
124	975
125	256
125	448
125	921
125	1026
125	1154
126	470
127	525
127	687
127	908
128	464
128	712
129	687
130	162
130	427
130	831
130	1066
131	219
131	326
131	368
131	471
132	560
132	852
132	1089
133	412
133	534
133	757
133	763
133	1169
134	1152
135	227
135	770
135	841
136	330
136	533
136	594
136	824
137	560
137	1059
138	851
139	191
139	648
139	895
140	491
140	712
140	981
140	1012
141	566
141	904
141	1147
141	1149
142	1175
143	396
143	918
144	972
145	319
145	529
145	806
146	284
146	323
146	372
147	515
147	583
147	820
147	1153
148	920
149	250
149	315
149	355
149	566
150	408
150	831
150	1119
152	362
153	213
153	702
153	727
153	892
153	994
153	1165
153	1198
154	572
154	1097
154	1103
155	164
155	797
156	293
156	660
157	433
157	704
158	194
158	712
158	1012
158	1145
159	351
159	717
159	812
159	845
159	1140
159	1142
160	335
160	594
160	721
160	807
160	1019
161	363
161	441
161	956
161	999
162	865
162	939
162	1038
162	1128
163	647
163	850
163	988
164	321
164	589
164	694
164	1078
165	301
165	595
165	628
165	731
166	1018
166	1197
167	421
167	451
167	627
167	759
168	491
168	541
168	548
168	555
168	713
168	788
169	254
169	476
169	667
170	354
170	607
170	666
171	500
171	857
171	1008
171	1085
172	195
172	939
172	951
172	960
172	993
172	1054
172	1074
173	200
173	366
173	654
173	781
173	1004
173	1041
174	234
174	252
174	309
174	725
175	235
175	299
175	480
175	592
176	179
176	237
176	522
176	641
176	672
176	681
177	280
177	650
177	918
178	402
178	1152
179	306
179	371
179	373
179	840
179	978
180	467
180	485
180	570
180	846
180	1100
181	697
181	857
181	889
182	865
183	236
183	309
183	671
183	898
183	1084
184	685
185	188
185	456
185	764
185	886
185	928
185	982
186	493
186	710
186	894
186	1002
186	1054
186	1070
186	1094
186	1108
187	427
187	607
187	766
188	500
188	1019
188	1097
188	1110
189	382
189	572
189	646
189	739
189	866
189	939
189	1003
189	1123
190	437
190	977
191	632
191	831
191	872
192	231
192	429
192	635
192	1144
193	202
193	585
193	919
193	941
193	1036
193	1061
193	1078
193	1152
193	1173
195	262
195	446
196	454
196	564
196	961
196	1023
197	386
197	616
197	654
197	857
197	1057
198	628
198	894
199	750
200	252
200	583
200	805
200	1013
200	1020
200	1026
201	212
201	756
201	771
202	240
202	593
202	718
202	1129
202	1176
203	330
203	568
204	336
204	359
204	870
205	206
205	315
205	327
205	524
205	640
205	641
206	535
206	560
206	645
206	705
206	853
206	1106
207	521
207	876
208	462
208	900
208	943
208	1085
209	231
209	282
209	354
209	399
209	981
209	1126
210	672
210	712
210	933
210	999
211	367
212	595
212	806
212	962
213	441
213	629
213	979
214	357
214	664
214	717
214	805
215	498
215	631
215	759
215	843
216	227
216	444
216	645
216	667
216	790
216	880
217	289
217	467
217	516
217	1139
218	397
218	687
218	952
219	256
219	895
220	333
221	1023
222	781
222	876
223	295
223	496
223	1158
224	764
225	340
225	999
225	1039
225	1151
226	295
226	729
226	836
226	902
227	514
227	660
227	1077
227	1193
228	653
229	280
229	497
229	707
229	850
229	928
229	982
230	656
230	1004
231	339
231	761
232	371
232	443
232	625
232	909
233	542
234	672
234	673
234	867
234	870
234	1197
235	732
236	306
236	459
236	607
236	1026
236	1132
236	1192
237	722
237	815
237	975
237	1079
237	1113
238	399
238	912
239	352
240	241
240	320
240	519
240	531
240	643
240	859
240	1116
241	417
242	515
242	749
242	980
243	498
243	1006
244	563
244	633
244	739
244	742
244	865
244	947
244	979
245	1139
246	275
246	713
247	626
247	764
247	972
247	1073
247	1117
248	807
248	843
249	361
249	387
249	422
249	810
249	1014
249	1088
250	423
250	516
250	562
251	436
251	450
251	527
251	683
252	561
252	568
252	596
252	876
253	475
253	1077
253	1145
254	342
254	662
254	1034
255	532
255	578
255	1122
257	1045
258	711
258	1168
259	293
259	421
259	609
259	952
260	421
260	1039
261	540
262	264
262	280
262	399
262	598
262	826
262	1048
263	497
263	977
263	1137
263	1180
264	404
264	718
264	1045
265	272
265	283
265	458
265	683
265	727
265	1024
266	361
266	421
266	613
266	660
266	1075
267	587
267	871
267	1059
267	1129
268	555
268	692
268	961
268	988
268	1001
269	676
269	1194
270	375
270	499
270	564
270	760
271	279
271	608
272	907
273	663
273	906
273	921
274	393
274	461
274	726
274	1004
274	1136
275	1125
276	545
276	789
276	834
276	845
276	900
277	773
277	910
278	536
278	877
279	369
279	419
279	497
279	919
280	459
280	758
280	958
281	966
281	1069
282	409
282	942
282	1014
283	314
283	358
283	410
283	437
283	565
283	585
283	1009
284	584
284	820
284	878
284	959
284	1122
285	528
285	724
285	737
285	829
286	490
286	617
286	685
287	691
287	706
287	1115
288	319
288	453
288	896
289	372
289	430
289	664
289	749
289	1059
289	1098
289	1152
290	595
290	836
291	398
291	534
291	717
292	502
292	690
292	835
292	954
292	1083
293	371
293	521
293	969
294	367
294	547
294	554
294	705
294	912
294	1186
295	444
295	898
295	955
296	837
296	1059
297	421
297	1082
298	300
298	867
299	377
299	396
299	745
299	993
300	359
300	449
300	480
300	720
300	743
300	986
300	1086
301	307
301	783
301	1158
302	549
302	674
302	764
303	897
304	783
304	871
304	925
305	347
305	392
305	429
305	537
305	798
305	940
305	961
305	1157
306	319
306	958
306	1068
307	425
307	528
307	926
308	1109
308	1115
309	631
309	805
309	1020
309	1117
310	713
310	929
311	793
311	804
311	851
312	665
312	880
313	781
313	1092
314	672
314	687
314	704
314	743
315	458
315	554
315	1146
316	726
316	834
316	963
317	540
318	356
318	668
318	803
319	327
319	414
319	969
320	1185
321	436
321	475
321	507
321	557
321	777
321	1104
322	355
322	529
323	648
324	357
324	968
325	763
326	813
326	842
326	944
327	571
327	598
327	1001
327	1162
328	936
328	1129
329	1067
330	1121
331	739
331	938
331	1062
332	354
332	434
332	621
332	692
333	623
333	1026
334	475
334	953
334	1033
334	1115
335	387
335	434
335	628
335	722
335	815
335	1083
336	1139
337	377
337	507
337	662
337	1166
338	389
338	846
338	935
338	991
339	884
340	558
340	840
340	1065
341	488
341	516
341	877
341	882
341	914
341	963
341	1022
342	506
342	633
342	691
343	1052
344	657
344	953
345	464
345	528
345	672
345	1130
346	676
346	689
346	751
346	1010
346	1057
346	1138
347	356
347	608
347	682
347	862
347	961
347	981
347	1155
348	474
349	723
349	898
349	1030
349	1040
350	693
350	827
351	494
351	655
351	844
352	606
352	1150
353	458
353	757
353	1186
354	751
355	671
355	1055
356	393
357	549
357	831
357	1140
357	1147
358	560
358	862
358	1063
360	751
360	901
361	1170
362	386
362	684
362	778
362	820
362	1094
363	445
363	580
363	717
364	463
364	588
364	921
364	1007
365	592
365	931
366	454
366	1035
366	1147
367	528
367	1189
368	458
368	871
368	1185
369	495
369	496
369	546
369	659
369	690
369	1088
370	672
370	773
370	825
370	1182
371	1021
371	1145
372	539
374	762
374	1093
374	1117
374	1197
375	475
375	589
375	914
376	765
376	808
376	925
377	450
377	782
377	961
378	430
378	456
378	725
378	781
378	1170
379	766
379	797
379	1135
380	451
381	532
382	648
382	802
382	916
382	930
383	875
384	475
384	792
384	1158
385	640
385	669
385	1120
386	659
386	848
387	643
388	495
388	551
388	899
389	562
390	678
390	927
390	1115
391	531
392	594
392	752
392	848
392	1018
392	1178
394	762
394	1108
395	398
395	421
395	508
395	689
396	451
396	558
396	663
396	959
396	1073
396	1148
397	1088
398	417
398	539
399	512
399	944
399	967
400	785
401	751
401	855
401	904
402	413
402	571
404	478
404	1088
404	1134
404	1163
405	992
405	1187
406	868
406	1186
407	459
407	475
407	721
407	946
407	1100
408	466
409	508
409	582
409	604
409	714
409	791
410	561
410	597
410	1181
411	869
411	922
412	813
412	955
413	939
413	998
413	1003
413	1161
414	517
414	992
414	1172
415	764
415	1050
416	587
416	1196
417	726
417	729
417	769
418	567
418	627
418	757
418	851
418	966
419	624
419	649
419	720
419	957
419	961
420	549
420	971
421	663
421	992
421	1094
422	958
422	1162
423	640
423	652
423	841
423	1195
424	479
424	543
424	940
425	500
426	719
426	942
426	1064
428	481
429	728
430	557
430	572
430	604
430	768
431	680
431	929
431	948
431	1136
431	1180
432	571
432	836
433	1179
434	636
434	864
434	966
434	1041
435	513
435	565
435	639
436	853
436	903
437	500
437	703
437	988
437	1133
438	575
438	811
439	730
440	573
440	853
440	947
440	1037
441	454
441	543
441	884
441	1191
442	638
442	802
442	850
443	637
443	714
443	774
443	991
444	892
444	1111
446	718
446	974
447	591
447	734
447	1036
447	1053
447	1156
447	1175
448	1182
449	691
449	1063
449	1067
450	614
451	581
451	603
451	676
451	747
451	785
451	1153
452	464
452	856
454	541
454	776
454	1047
455	463
455	465
455	820
456	703
456	854
456	1062
456	1151
457	582
458	460
458	639
458	772
458	805
458	828
459	923
459	975
459	999
459	1156
461	468
461	690
461	1060
461	1179
462	542
462	1058
463	858
465	539
465	1149
467	637
467	1139
467	1170
468	896
469	537
469	975
469	1002
470	731
472	541
472	740
473	707
473	959
474	730
474	1166
475	789
475	949
476	751
476	816
477	1035
477	1130
478	1176
478	1194
479	645
479	797
479	823
479	947
479	1023
480	568
480	1014
480	1185
481	483
481	542
481	647
481	786
482	831
482	1196
483	586
483	842
483	1180
484	759
485	559
485	693
485	734
486	532
486	741
487	518
487	894
487	985
488	1182
489	1102
490	735
490	890
490	1016
490	1191
491	788
491	928
491	1087
492	1153
493	971
494	709
495	863
495	871
495	1083
496	930
496	1031
497	886
498	788
499	516
499	579
499	598
499	893
499	1015
501	832
502	1082
502	1194
502	1197
503	856
504	610
505	1156
506	549
506	664
506	732
506	880
506	962
506	1034
506	1145
507	1092
508	608
508	1107
508	1145
509	584
509	946
509	1013
509	1125
509	1182
510	878
511	763
512	804
512	1126
512	1144
513	645
514	794
514	816
514	924
515	569
515	679
515	776
515	865
517	815
517	876
518	540
518	800
519	1076
519	1108
520	552
520	603
520	695
520	710
520	853
520	1016
520	1025
521	780
521	886
521	942
522	1188
523	586
523	639
523	759
523	801
524	881
525	968
525	1153
526	907
526	1093
527	1076
527	1164
528	575
528	772
528	957
528	1114
529	885
530	547
530	804
531	1090
532	819
533	857
533	861
533	862
534	807
534	1074
535	580
537	913
537	1050
537	1092
537	1198
538	786
538	824
538	842
539	642
539	963
541	1055
543	772
544	628
545	926
545	1119
546	787
546	900
546	905
546	937
547	634
547	727
547	785
547	790
548	673
548	760
548	785
548	1075
549	1122
549	1145
550	1006
550	1047
550	1123
551	553
552	866
552	1008
552	1010
552	1073
552	1134
553	596
553	945
553	982
554	868
555	648
555	832
555	926
555	930
556	915
556	951
556	1150
557	750
557	1151
558	592
558	692
558	729
559	568
560	842
560	1146
561	1108
562	639
562	845
562	873
563	715
563	731
563	1129
564	954
565	743
565	900
565	1105
565	1195
565	1198
566	813
566	972
569	905
569	1067
570	728
570	890
570	891
571	576
571	765
571	773
571	943
572	1128
573	912
573	981
573	998
574	698
574	775
574	1123
575	1093
576	658
576	681
577	718
577	881
577	1000
578	1101
578	1173
579	986
579	1163
580	590
580	625
580	857
581	621
581	1069
582	598
582	860
582	962
582	1010
582	1090
583	642
583	708
583	724
583	787
583	1072
584	674
584	1063
587	939
588	906
588	1190
589	653
589	1069
589	1071
589	1167
590	1188
591	1119
592	1027
592	1099
593	594
593	1151
594	1135
594	1143
595	960
595	991
595	1016
595	1027
595	1086
595	1159
596	780
596	847
597	1089
598	733
598	1089
599	746
600	1175
601	716
601	745
601	867
601	1033
601	1071
602	605
602	1035
603	707
603	812
603	838
604	1066
605	684
605	779
605	887
605	896
606	720
607	700
609	679
609	850
610	694
610	728
610	904
611	632
612	911
612	1151
613	647
614	652
614	939
615	938
616	703
616	809
616	935
617	782
618	659
619	630
619	1180
622	761
622	983
622	1068
624	629
625	977
625	1141
625	1194
626	895
627	635
627	726
627	1065
627	1099
628	770
629	986
629	1101
630	681
630	1075
631	661
631	667
632	911
633	998
634	711
635	679
636	705
636	966
636	1176
637	674
637	772
637	1101
638	820
638	1011
638	1028
638	1113
639	855
639	953
640	982
641	907
642	710
642	781
642	1016
642	1093
643	675
643	698
643	1098
643	1126
643	1188
644	854
644	1197
645	917
645	985
646	650
646	1012
646	1086
646	1140
647	678
647	1039
647	1102
648	929
649	695
649	804
649	1150
650	852
651	733
651	740
651	798
651	1123
652	834
652	1091
653	987
653	1130
653	1169
653	1181
654	1054
654	1175
655	1125
656	686
656	908
656	1069
657	1070
658	886
658	929
659	727
659	1177
660	920
660	1153
661	663
661	905
661	1118
662	821
662	878
662	888
662	1123
663	758
664	1116
667	856
667	1068
668	881
668	953
668	1014
669	745
669	867
669	1126
670	850
670	1010
670	1049
672	755
672	849
673	768
673	926
673	1037
673	1162
674	822
674	976
674	1059
675	1012
675	1018
676	817
676	940
676	1129
677	772
677	979
677	987
677	1040
678	981
678	1061
679	1049
679	1195
680	797
680	1184
681	817
681	928
682	1136
683	974
683	1057
683	1116
687	713
687	897
687	963
687	1010
688	979
689	876
689	1178
690	845
691	850
692	698
692	768
692	810
692	825
693	998
693	1099
694	890
695	951
696	975
697	763
697	1102
698	719
700	805
703	771
703	856
704	785
704	874
704	880
704	961
704	1116
705	1109
706	961
706	1140
707	1017
709	954
709	1006
709	1087
710	848
710	1004
711	1048
712	817
712	869
713	1088
714	882
714	1144
714	1153
715	809
716	924
717	748
717	1052
717	1102
718	810
718	1146
719	740
719	742
719	786
719	989
720	880
721	859
721	902
721	1060
722	797
724	752
724	829
724	968
724	1069
725	1155
727	796
727	920
728	777
728	950
728	1069
728	1165
729	755
730	1051
730	1175
731	1186
731	1192
732	827
734	1124
735	918
735	977
735	1032
735	1112
736	801
737	952
737	1109
737	1145
739	891
739	1004
739	1062
742	1066
743	777
743	838
743	995
743	998
744	801
744	861
745	859
745	965
745	1016
746	826
747	1143
748	1192
749	773
750	1194
751	1058
751	1114
752	949
752	976
752	1131
754	1049
754	1057
755	833
755	926
756	951
757	942
757	1093
759	816
759	1117
760	1044
761	1003
762	1127
762	1163
765	815
767	770
767	845
767	1131
767	1163
768	1114
769	891
769	940
770	1170
771	887
772	853
772	1096
772	1181
774	893
774	1012
775	853
776	888
776	889
776	925
776	1170
777	794
778	908
779	835
779	931
779	1147
780	891
782	849
782	1176
786	1055
786	1189
787	1079
788	1074
788	1171
789	896
792	813
792	941
792	1162
793	1007
793	1155
794	1051
795	950
795	974
797	1148
798	802
798	985
798	1012
799	811
799	879
800	841
800	937
800	943
802	826
802	881
802	1108
802	1143
802	1187
803	854
803	975
803	1032
803	1121
804	1188
805	899
805	929
806	862
806	942
807	920
808	965
808	1109
810	944
810	1015
811	1045
811	1199
813	1132
814	930
814	969
814	1143
814	1196
815	1110
817	907
819	827
819	1143
820	883
820	889
820	993
821	1037
823	1051
824	894
824	901
824	932
824	952
824	1196
825	988
825	1066
827	1078
827	1085
828	1122
829	962
829	996
830	1109
831	850
832	1085
835	1033
835	1119
837	884
838	1032
839	1055
839	1166
840	892
840	985
841	857
841	942
841	1072
841	1090
842	950
842	1021
844	906
844	920
846	1122
851	936
852	1057
852	1175
854	885
855	930
857	1044
857	1048
859	860
859	1135
860	886
861	1065
862	876
862	975
863	1038
864	1009
866	941
866	1012
866	1149
867	1066
868	1147
869	1066
869	1179
871	1141
872	997
874	928
875	1026
878	1158
879	938
879	1064
879	1163
879	1181
880	926
880	1196
881	922
883	915
883	935
883	1011
884	1118
886	1136
887	960
887	995
887	1180
893	1079
894	1095
894	1158
895	1030
895	1150
895	1199
896	1151
897	1123
900	947
901	996
904	994
906	977
908	1034
908	1065
908	1187
909	916
909	938
909	983
909	1062
909	1063
910	1074
911	1113
912	915
914	1017
914	1045
915	938
915	1142
915	1159
915	1160
916	1041
920	1151
927	1085
927	1099
929	957
930	1029
930	1044
931	934
931	1151
932	1031
932	1098
932	1145
933	948
933	1036
934	969
934	1002
934	1034
935	1065
935	1191
936	1185
937	1090
938	968
939	1007
940	1046
942	946
942	1103
945	951
948	1038
948	1138
949	1135
950	1103
950	1107
951	1029
954	1078
961	965
961	1020
961	1043
961	1082
964	976
966	978
966	1044
966	1126
967	1081
971	1064
974	1080
974	1117
974	1123
975	996
975	1158
977	1109
978	990
978	1067
981	1114
982	1007
982	1143
984	995
985	1119
986	1082
986	1196
987	1121
990	1057
991	1107
992	1054
993	1130
995	1168
997	1012
997	1134
998	1113
998	1176
1001	1020
1001	1058
1001	1086
1001	1141
1003	1047
1005	1085
1006	1155
1008	1030
1008	1129
1010	1080
1014	1051
1015	1037
1015	1134
1017	1140
1020	1142
1024	1115
1024	1172
1029	1099
1034	1168
1038	1078
1039	1049
1040	1158
1041	1126
1041	1183
1043	1101
1043	1121
1043	1170
1045	1053
1047	1124
1050	1138
1054	1125
1056	1140
1057	1157
1058	1189
1064	1197
1065	1078
1065	1130
1066	1151
1066	1188
1069	1156
1070	1084
1079	1095
1083	1119
1096	1198
1101	1196
1109	1196
1132	1168
1132	1174
1135	1198
1136	1170
1138	1191
1141	1163
1145	1183
1150	1199
1164	1168
1165	1198
1167	1183