0	99
0	621
0	917
0	1291
1	620
1	690
1	796
2	1511
3	178
3	1294
3	1331
4	32
4	404
4	594
4	983
4	1394
4	1434
4	1504
5	881
5	1343
5	1412
6	255
6	442
6	491
6	620
6	773
7	244
7	302
7	782
7	1243
7	1513
8	265
8	532
9	1449
9	1566
10	276
10	846
10	1111
10	1438
11	19
11	689
11	1047
11	1261
11	1286
11	1454
12	683
12	722
12	1247
13	146
13	910
13	934
13	1065
13	1156
13	1196
13	1334
14	999
14	1099
14	1190
14	1199
14	1332
15	163
15	442
15	589
15	974
15	982
15	1189
16	743
16	860
16	1516
17	814
17	1011
17	1257
17	1316
17	1429
18	787
18	1040
18	1213
18	1462
19	846
19	1121
19	1289
20	65
20	90
20	299
20	564
20	747
20	1461
21	133
21	334
21	505
21	677
21	958
21	1016
21	1395
21	1402
22	232
22	690
22	875
22	1275
23	1348
24	452
24	737
24	905
24	996
24	1374
25	414
26	48
26	817
26	881
26	897
27	167
27	298
27	712
27	1516
28	79
28	192
29	1024
29	1328
30	115
30	140
30	392
30	1024
30	1043
30	1358
31	273
31	700
31	814
31	876
31	1122
32	586
32	720
32	809
32	854
32	1032
32	1046
32	1143
32	1324
32	1434
33	139
33	437
33	1055
34	200
34	219
34	753
34	915
34	1227
34	1282
34	1545
34	1553
35	154
35	575
35	702
35	1529
36	952
36	1079
37	477
37	579
37	633
38	580
38	694
38	1233
38	1294
39	242
39	566
39	902
39	910
40	297
40	401
40	421
40	1170
40	1254
40	1511
41	590
41	1168
41	1470
41	1517
42	243
42	925
42	1211
42	1244
43	400
43	1249
43	1499
44	253
44	953
44	1274
44	1366
44	1472
45	901
45	1165
45	1188
45	1269
45	1384
46	181
46	296
46	883
46	1049
46	1297
47	56
47	134
47	148
47	455
48	588
48	932
48	1454
49	298
49	320
49	637
49	661
49	798
49	1118
50	88
50	730
50	1199
50	1224
51	298
51	975
51	1382
51	1390
52	1316
53	186
53	398
53	1462
54	182
54	618
54	1155
55	264
55	1407
57	261
57	303
57	306
57	403
57	1222
57	1402
58	199
58	894
58	1368
59	287
59	329
59	572
59	897
60	951
60	1209
60	1253
61	244
61	319
61	638
61	693
61	971
61	1088
61	1299
61	1478
62	230
62	581
62	933
62	1178
62	1331
62	1568
63	198
63	601
63	759
63	957
63	1442
63	1563
63	1588
64	112
64	126
64	526
64	853
64	880
64	911
64	1026
65	405
65	439
65	655
65	1178
66	117
66	207
66	729
66	1121
66	1512
66	1593
67	885
67	988
67	1027
68	500
68	528
68	1392
69	373
69	746
69	755
69	1007
69	1542
69	1582
70	237
70	311
70	342
70	1042
70	1225
71	423
71	792
71	1134
71	1320
71	1386
72	122
72	371
73	87
73	306
73	462
73	1094
73	1193
73	1243
74	121
74	167
74	224
74	312
74	518
74	1052
74	1159
74	1373
74	1448
75	523
75	1219
76	513
76	857
76	1524
77	266
77	944
77	1138
77	1533
78	1169
78	1205
78	1584
79	183
79	348
79	754
79	994
79	1123
79	1132
79	1363
80	604
80	619
80	668
80	703
80	722
80	880
81	388
81	460
81	582
81	631
81	1107
81	1360
81	1595
82	561
82	618
82	1052
82	1058
82	1523
83	196
83	743
84	191
84	1181
84	1453
85	167
86	407
86	571
86	779
86	937
86	1440
86	1494
87	679
87	989
87	993
88	309
88	364
88	524
88	541
88	805
89	251
89	511
89	586
89	1161
89	1199
89	1441
90	186
90	685
90	1438
91	456
91	658
91	1167
91	1231
92	321
92	391
92	866
92	1059
93	203
93	280
93	1028
93	1103
93	1596
94	196
94	219
94	352
94	604
94	605
94	884
94	1310
94	1459
94	1544
94	1590
95	439
95	711
96	661
97	321
97	478
97	1325
97	1552
98	766
98	933
98	1285
99	427
99	545
99	883
99	1392
100	456
100	1288
100	1420
100	1555
101	926
101	1032
101	1588
102	1330
103	689
104	491
104	760
104	932
104	1276
105	348
105	855
105	926
105	1413
105	1532
106	355
106	1478
107	184
107	1096
107	1115
107	1178
108	912
108	1175
108	1399
109	257
109	322
109	553
109	1034
109	1291
109	1456
109	1559
110	816
110	1038
110	1190
110	1281
111	140
111	169
111	751
111	774
112	262
112	448
112	776
112	1017
112	1121
112	1251
113	734
113	1119
114	252
114	1234
114	1418
114	1578
115	124
115	670
115	953
115	1189
116	204
116	515
116	527
116	724
117	336
117	338
117	622
117	1175
117	1461
118	906
118	1000
118	1087
118	1430
118	1541
119	940
120	1593
121	954
121	1349
121	1413
121	1473
122	951
122	983
122	1502
123	512
123	1536
124	1093
124	1236
124	1570
125	473
125	727
125	855
126	131
126	269
126	718
126	804
127	1010
127	1076
127	1244
127	1494
128	545
128	834
128	990
128	1559
129	540
129	738
129	841
129	1401
130	1444
131	778
131	1391
131	1514
132	592
132	892
132	1112
132	1546
133	335
133	523
133	562
133	672
133	992
133	1423
134	160
134	483
134	930
134	1195
135	1214
135	1503
135	1595
136	323
136	1075
136	1095
136	1197
137	584
137	810
138	225
138	610
138	899
139	186
139	277
139	533
139	655
139	690
139	1252
139	1351
140	713
141	173
141	262
141	296
142	353
142	467
142	548
142	806
142	994
143	153
143	158
143	1205
143	1225
143	1404
144	383
144	676
144	1093
144	1294
144	1565
145	147
145	525
145	679
145	700
145	1235
146	178
146	260
146	770
146	1160
146	1190
147	617
147	1365
148	213
148	751
148	843
148	844
148	961
148	1093
148	1146
148	1201
148	1390
149	507
149	1086
149	1404
150	395
150	994
150	1212
150	1577
151	196
151	1444
152	305
153	331
153	430
153	666
153	877
153	1029
153	1537
154	909
154	1099
155	654
155	1284
156	608
156	1000
157	519
157	1294
157	1300
157	1556
158	241
158	487
158	732
158	797
158	1054
158	1538
159	223
159	505
159	579
159	1038
160	211
160	377
160	533
161	922
162	1182
162	1481
163	289
163	857
164	402
164	880
164	1388
165	474
165	858
165	866
165	1018
165	1113
165	1582
166	350
166	361
166	921
166	1068
166	1262
166	1571
167	473
167	570
167	693
167	1121
167	1454
168	892
168	931
168	1028
168	1268
168	1579
169	720
169	735
169	791
169	836
169	1322
170	541
170	622
171	459
171	1030
172	183
172	654
172	785
172	1369
173	206
173	1203
174	1282
174	1340
175	722
175	1020
175	1439
175	1571
176	200
176	823
176	1112
177	479
177	598
177	932
177	1387
177	1444
178	384
178	785
178	1278
178	1287
178	1562
179	221
179	1014
179	1134
179	1570
180	321
180	398
180	938
180	1045
180	1054
180	1193
181	863
181	1160
181	1232
181	1447
182	765
182	1385
183	1021
183	1344
183	1364
184	423
184	683
184	1577
185	237
185	361
185	374
185	1304
186	281
186	678
186	796
186	992
186	1379
186	1532
187	198
187	474
187	616
187	799
187	855
187	1038
188	1200
188	1419
188	1553
189	942
189	1232
189	1400
189	1551
190	474
190	578
190	1309
191	638
192	670
192	818
192	1090
192	1107
192	1597
193	255
193	651
194	648
195	431
195	483
195	1046
195	1126
196	503
196	1078
196	1154
197	529
197	880
197	925
198	304
198	1243
198	1383
198	1394
199	660
199	716
199	1126
200	297
200	1350
201	724
201	816
201	1009
202	273
202	1127
202	1244
202	1401
203	398
203	412
203	450
203	864
203	954
203	1331
203	1358
203	1407
204	473
204	516
204	561
204	1023
204	1161
205	224
205	1195
206	248
206	707
206	1075
207	944
207	1124
207	1203
207	1439
208	582
208	1375
208	1378
209	403
209	920
209	962
210	955
211	996
211	1006
211	1076
211	1205
211	1228
211	1300
212	588
212	785
212	1532
213	337
214	921
214	972
215	863
215	905
215	1170
215	1194
215	1535
216	251
216	506
216	1086
217	944
217	1156
218	221
218	1234
218	1326
219	360
219	652
219	668
219	898
219	1297
220	259
220	715
220	724
220	917
220	1184
220	1222
221	245
221	689
221	960
221	1537
221	1548
221	1561
222	911
223	267
223	326
223	1267
224	753
224	831
224	897
225	381
225	818
225	1302
226	375
226	468
226	662
226	1222
227	593
227	1186
228	327
228	808
228	1178
229	456
229	1272
230	239
230	762
230	953
230	1190
230	1207
230	1535
231	317
231	478
231	562
231	919
231	965
231	1187
231	1384
232	334
232	765
232	788
232	1046
232	1061
232	1303
233	1143
233	1244
233	1318
234	1139
234	1503
235	718
235	727
235	740
235	799
235	1246
235	1337
235	1499
236	304
236	935
236	1064
237	1020
237	1506
238	748
238	1544
239	369
239	1435
240	457
240	920
240	989
240	1060
240	1311
241	342
241	1524
242	635
242	654
242	907
243	458
243	481
243	1511
243	1534
243	1560
244	539
244	1062
244	1299
245	328
245	1083
246	361
246	655
246	878
246	912
246	1270
247	1427
248	321
248	925
248	1341
249	340
250	509
250	617
250	822
250	927
250	1250
250	1594
251	705
251	1416
252	470
252	594
252	1088
252	1118
252	1281
253	741
253	1445
254	513
254	823
254	1049
254	1528
255	624
255	1497
256	1156
256	1296
256	1503
257	444
257	1196
257	1308
257	1361
258	260
258	367
258	604
258	1004
258	1029
258	1196
259	582
259	807
259	1435
259	1499
259	1553
260	988
261	309
261	362
261	925
262	273
262	373
262	529
262	897
262	1041
263	431
263	999
263	1260
263	1310
264	992
265	876
265	953
265	1486
265	1549
266	849
266	968
266	1289
266	1361
267	1116
268	663
269	476
269	826
269	926
269	998
269	1262
269	1321
269	1498
270	432
270	450
270	470
270	1295
271	413
271	472
271	667
272	395
272	428
273	381
273	870
274	649
274	803
275	661
275	764
275	825
276	552
276	1278
276	1326
276	1494
276	1577
277	964
277	1218
277	1513
277	1583
278	993
278	1142
278	1470
278	1540
279	332
279	608
279	652
279	679
279	778
279	1017
279	1312
280	909
281	406
281	536
281	565
281	884
281	1150
282	380
282	922
282	1096
282	1147
283	299
283	315
283	893
283	944
283	1261
283	1472
284	939
285	400
285	634
285	685
285	845
285	924
285	1045
285	1066
285	1079
286	644
286	690
287	447
287	1109
288	492
288	898
288	998
288	1007
288	1095
288	1483
289	1321
290	501
290	549
290	781
290	799
290	936
290	1039
290	1224
291	368
291	663
291	859
291	1299
291	1580
292	485
293	804
293	841
293	859
293	1018
293	1432
294	848
295	457
295	959
296	409
296	516
296	1229
296	1307
296	1488
297	665
297	820
298	491
298	524
298	699
298	754
298	1132
298	1407
299	1262
299	1295
299	1405
300	557
301	388
301	795
301	1067
301	1496
301	1547
302	635
302	767
302	874
302	1286
302	1308
302	1437
302	1509
302	1582
303	470
303	699
303	1185
303	1255
303	1262
303	1365
304	1293
305	655
305	1113
305	1503
307	693
307	1008
307	1408
308	445
308	820
308	1202
308	1487
308	1513
309	1105
309	1224
309	1420
310	336
310	655
310	859
310	922
310	1224
311	678
311	797
311	1083
311	1225
311	1539
312	1352
312	1506
312	1559
313	1115
313	1228
314	781
314	908
314	986
314	1047
314	1324
314	1360
314	1415
314	1490
314	1547
315	532
315	685
315	913
315	1136
315	1596
316	750
316	1157
316	1340
316	1370
317	1323
318	452
318	653
318	690
319	1191
319	1461
319	1501
319	1548
320	381
320	907
320	1373
321	940
321	1425
322	1077
322	1258
322	1417
323	609
323	662
323	1184
323	1309
324	532
324	683
324	995
324	1514
325	358
325	797
325	1125
325	1228
326	1250
326	1288
326	1431
327	768
327	1518
328	487
328	946
328	984
328	991
328	1054
328	1466
329	418
329	623
329	1199
329	1315
329	1364
329	1529
330	979
331	359
331	475
331	964
331	1245
332	577
332	1237
332	1261
333	936
334	341
334	671
334	785
335	365
335	719
335	908
335	1030
335	1133
336	474
336	604
336	810
336	894
337	478
337	733
337	844
337	947
337	1037
337	1152
338	561
338	890
339	732
340	388
340	395
340	412
340	600
340	1304
340	1526
341	722
341	1051
341	1128
341	1149
341	1541
342	436
342	1033
342	1112
342	1359
343	927
343	1188
343	1316
343	1338
343	1394
344	483
344	930
344	1001
345	717
345	851
345	1227
346	1212
346	1240
347	472
347	734
347	835
348	695
348	1067
348	1529
349	873
349	1323
350	364
350	1062
350	1258
350	1582
351	429
351	471
352	458
352	997
352	1477
354	548
354	599
354	1523
355	451
355	737
355	764
355	994
355	1317
355	1464
355	1530
356	369
356	456
356	678
356	868
356	965
356	1096
356	1206
356	1209
357	998
357	1044
358	1306
359	931
359	1316
359	1490
360	745
360	747
360	1438
360	1539
361	393
361	690
361	866
361	1259
361	1493
361	1518
361	1591
362	794
362	1321
363	430
363	854
363	967
363	1185
364	392
364	739
364	1025
364	1192
365	430
365	1174
366	426
366	1172
366	1417
367	454
367	484
367	1226
367	1495
368	424
368	522
368	641
368	1387
368	1497
369	665
369	733
369	766
370	725
371	1137
371	1555
372	397
372	515
372	574
372	601
372	894
372	1184
373	989
373	1170
374	941
374	1106
374	1193
374	1324
374	1481
375	854
375	971
375	1596
376	850
376	964
376	1012
376	1316
376	1364
377	1419
378	787
379	796
379	1221
380	757
380	1272
381	484
381	958
381	1094
381	1099
381	1214
381	1397
382	412
382	569
382	1223
382	1340
383	576
383	806
383	1014
383	1386
383	1474
384	854
384	996
385	693
385	866
385	1129
385	1191
385	1247
385	1306
386	672
387	885
387	1427
387	1587
388	967
388	1585
389	621
389	996
389	1271
389	1402
389	1496
390	1058
390	1100
390	1204
390	1522
390	1576
391	423
391	671
391	1552
392	575
392	752
392	823
392	933
393	665
393	1012
393	1275
394	604
394	851
394	941
394	972
394	1051
394	1485
395	1174
396	843
396	1047
397	1531
398	450
398	758
398	896
398	1055
398	1182
398	1451
399	1159
399	1207
399	1408
400	1349
401	674
401	944
401	1184
401	1399
401	1488
402	550
402	628
402	970
403	1451
403	1500
404	447
404	723
404	1059
405	535
405	696
405	907
405	1483
406	438
406	645
406	1112
406	1121
406	1381
406	1387
407	1087
407	1323
408	766
408	1021
408	1226
408	1372
409	454
409	456
409	1550
410	659
410	1137
411	555
411	795
411	1071
412	417
412	764
412	770
412	1038
412	1063
412	1309
413	437
413	484
413	494
413	541
413	545
413	1055
414	661
414	964
415	1049
416	778
416	812
416	837
416	1248
416	1436
416	1488
416	1494
417	569
417	598
417	665
417	1261
417	1502
418	878
418	889
418	1213
419	1509
420	771
420	1391
421	732
421	1126
422	562
422	609
422	702
422	1045
422	1398
423	440
423	522
423	1555
424	670
424	1359
424	1486
424	1504
425	1025
425	1196
425	1400
426	651
426	914
426	958
426	981
426	1015
426	1075
426	1159
426	1401
426	1582
427	660
427	798
427	1247
427	1474
428	444
428	491
428	1176
428	1494
429	890
429	963
430	466
430	627
430	720
430	1024
431	1386
432	671
432	1155
433	1423
434	596
435	625
435	645
435	969
435	1467
435	1516
436	610
436	674
436	706
436	991
436	1261
436	1507
438	1326
438	1596
439	1304
440	1329
441	571
441	890
442	1503
443	514
443	586
443	643
443	668
443	693
443	730
443	1079
443	1515
444	876
444	1009
444	1177
445	500
445	604
445	705
445	1140
445	1229
445	1377
445	1417
445	1592
446	1230
447	1259
448	960
448	1196
448	1270
449	470
449	586
449	589
449	645
449	850
449	1046
449	1468
450	462
450	1006
450	1597
451	680
451	947
451	956
451	1096
451	1237
452	1104
453	566
453	805
453	1316
453	1317
454	459
454	658
454	1369
455	514
455	540
455	667
455	733
455	748
455	1313
456	634
456	844
456	1198
456	1475
456	1502
457	538
457	1435
458	718
459	657
459	846
459	893
459	1329
459	1521
460	983
460	1293
460	1312
460	1359
460	1550
461	985
461	1438
462	479
462	1304
463	466
463	891
463	906
463	1308
464	584
464	1220
464	1271
464	1316
464	1592
465	1122
466	624
466	1102
466	1448
466	1579
467	559
467	571
467	1201
468	859
468	1525
469	491
469	851
469	1096
469	1231
469	1522
470	488
470	1553
471	623
471	954
471	1173
472	527
472	660
472	981
473	567
473	656
473	827
474	1178
474	1195
475	766
475	781
475	1178
475	1319
476	804
476	1372
476	1598
477	1001
477	1200
477	1381
477	1569
478	746
478	1158
478	1200
478	1275
478	1595
479	506
480	730
481	494
481	811
481	1221
481	1288
482	617
482	929
482	1002
483	515
483	1179
483	1398
485	669
485	955
485	1492
486	586
486	737
486	1150
487	697
487	839
487	1137
487	1538
488	604
488	773
488	1164
488	1236
489	738
489	1251
490	856
490	1313
491	1013
491	1303
492	751
492	804
492	808
492	1087
493	689
493	775
493	956
493	1435
493	1508
494	499
494	729
494	879
494	1026
495	879
495	1497
496	1329
497	600
497	796
498	865
498	1054
498	1100
499	765
499	830
499	1076
499	1231
499	1327
499	1452
500	691
500	1208
501	596
501	639
502	520
502	1185
502	1495
503	617
504	1001
504	1039
504	1225
505	1078
506	1523
507	979
507	1163
507	1313
507	1486
508	831
508	868
509	527
509	797
509	972
510	1065
511	517
511	740
511	762
511	879
511	883
511	1244
511	1339
512	622
512	872
513	1549
514	531
514	1277
514	1479
514	1572
515	518
515	535
515	761
515	1203
516	678
516	709
516	943
516	1421
516	1428
517	1140
517	1253
518	1359
519	800
519	866
519	928
519	1087
519	1176
520	677
520	705
520	1594
521	941
522	735
522	1053
522	1065
522	1276
522	1563
523	988
524	669
524	1081
526	846
526	1253
526	1357
526	1383
526	1446
528	839
528	1147
528	1569
529	1341
530	743
531	684
531	815
531	871
531	1019
531	1026
531	1230
531	1355
532	1112
533	568
533	842
533	871
533	1163
533	1320
533	1366
533	1451
534	648
534	707
534	1320
535	670
535	1388
535	1597
536	552
536	991
536	1561
537	755
537	933
538	724
538	893
538	1075
539	1527
540	1528
541	911
541	1020
541	1377
542	757
542	1077
543	827
544	1591
545	873
545	940
545	1169
545	1259
545	1496
546	765
547	953
548	891
548	1041
548	1090
548	1394
549	880
549	1156
549	1276
550	999
551	913
551	1070
551	1140
551	1162
554	859
554	1146
554	1327
554	1545
555	709
555	790
555	1121
556	580
556	604
556	771
556	870
556	952
556	1026
556	1441
557	900
557	1094
557	1558
558	889
558	1183
558	1462
559	743
559	1164
559	1472
560	676
560	842
560	1092
560	1243
560	1514
561	1283
561	1354
562	756
562	1533
563	1172
563	1501
564	588
564	704
564	1552
565	823
565	1033
566	900
566	1535
567	619
567	1061
567	1256
568	1411
568	1514
569	755
569	1405
570	675
570	821
570	1157
570	1198
570	1263
570	1585
571	617
571	1312
571	1455
571	1554
572	834
572	1230
573	1075
573	1581
575	609
575	880
575	901
575	1507
575	1552
576	590
576	641
576	652
576	1170
576	1205
577	1055
578	1490
579	1339
580	635
580	921
580	1068
581	626
581	1202
582	1196
582	1208
583	631
583	798
583	1172
583	1479
583	1590
584	1151
584	1560
585	821
585	837
585	865
586	1098
586	1147
586	1203
587	954
587	1330
588	1299
588	1395
589	1010
590	1129
591	820
591	975
591	1034
592	1019
593	776
593	1048
593	1063
594	1056
594	1161
594	1270
594	1358
595	1011
595	1519
596	745
596	1253
596	1449
597	765
598	888
598	1045
599	1191
600	926
601	783
601	1118
601	1458
602	1175
602	1390
602	1548
603	1254
604	712
604	733
604	774
604	889
605	1358
605	1442
606	1287
606	1407
607	905
607	1108
607	1180
608	629
608	686
608	1505
608	1592
609	870
609	1269
610	1112
610	1491
611	648
611	938
611	1010
611	1057
612	613
612	1013
612	1082
612	1236
612	1403
614	731
615	1088
615	1136
616	684
616	765
616	1371
616	1567
617	636
617	809
617	1557
618	846
618	926
618	929
619	927
619	994
619	1314
619	1582
620	987
620	1250
621	833
621	881
621	1057
621	1227
621	1420
622	1245
622	1386
622	1593
623	1342
623	1573
624	725
624	754
624	1539
625	822
625	1238
627	653
627	839
627	1181
627	1412
627	1432
627	1560
628	818
628	1011
628	1044
628	1212
628	1215
629	1138
629	1433
629	1465
630	1312
631	843
631	1171
632	1234
632	1278
633	1317
633	1471
634	1074
634	1136
634	1330
634	1515
634	1575
635	843
635	1428
636	891
636	1438
636	1565
637	946
638	730
638	764
638	1007
638	1360
639	1379
640	666
640	813
640	862
640	1275
641	665
641	984
641	1296
641	1356
642	1334
642	1337
642	1481
643	809
643	1345
644	655
644	1156
645	812
645	1366
645	1380
645	1428
646	904
646	997
646	1475
647	1202
648	812
648	999
648	1441
649	879
649	1069
650	1080
651	1086
651	1495
652	1545
653	1058
653	1543
654	1234
654	1253
655	1047
655	1056
655	1077
656	955
656	1123
656	1400
657	845
657	1008
657	1587
658	782
659	915
659	1379
659	1540
660	1164
661	770
661	1263
662	945
662	1049
662	1438
663	1070
663	1488
664	1540
664	1562
665	721
665	1150
665	1516
666	759
666	1028
666	1133
667	762
667	934
667	1589
668	1390
669	838
669	988
669	1467
670	1019
670	1205
671	929
671	1211
671	1555
672	903
672	1201
673	1186
675	1571
677	726
677	1413
678	715
678	1090
679	1038
679	1311
680	1472
681	1034
681	1131
681	1207
681	1506
682	1241
683	688
683	944
683	1246
683	1485
684	796
684	807
684	975
684	1245
684	1442
686	1191
687	713
688	857
689	1014
690	722
690	1032
690	1327
691	1218
691	1568
692	1027
692	1230
693	732
693	1578
694	1100
694	1187
695	1079
697	988
697	1025
697	1187
698	1005
698	1175
699	768
699	991
700	1439
700	1486
701	1419
702	784
702	956
702	1140
702	1349
704	705
704	742
704	963
704	1597
706	713
706	1230
706	1239
706	1539
707	1255
708	758
708	787
708	952
710	1003
711	964
711	977
711	1321
711	1344
712	733
712	763
712	1195
712	1412
713	760
713	939
713	972
713	1231
713	1341
714	1306
714	1378
715	1056
715	1233
715	1579
716	1023
717	953
718	1165
719	732
719	930
719	937
719	1413
719	1522
719	1528
720	1259
720	1438
721	1329
722	1543
723	1202
723	1351
724	1357
724	1440
725	820
725	1009
725	1383
726	1015
726	1147
727	1384
728	790
729	1220
729	1308
730	969
731	806
731	818
731	1523
731	1570
732	785
732	808
732	1210
733	1228
734	1402
735	1311
735	1436
736	1185
736	1243
736	1328
736	1516
736	1519
737	932
737	1107
737	1491
737	1528
738	833
738	957
738	1035
738	1454
738	1573
739	1069
739	1180
739	1503
740	922
740	1297
741	972
741	1342
742	1159
742	1575
743	780
743	1508
744	777
745	812
746	859
746	1066
747	895
747	1290
747	1521
748	858
748	983
748	1525
749	984
749	1227
749	1418
749	1441
750	936
750	1300
750	1402
752	783
752	1195
752	1426
752	1430
753	1288
753	1301
754	1350
754	1439
755	765
755	862
755	1139
755	1526
756	1035
757	812
757	1066
757	1186
757	1470
758	840
758	1520
758	1552
759	1543
760	1276
761	1032
761	1297
762	826
762	1080
762	1323
762	1363
763	1063
763	1589
764	876
764	992
764	1004
764	1021
764	1260
764	1488
767	800
767	818
767	1277
767	1407
768	770
768	783
769	952
769	1497
769	1564
770	1171
770	1474
770	1591
771	1043
771	1194
772	999
772	1097
773	1203
774	855
774	873
774	877
774	1251
774	1581
775	1252
775	1510
776	856
776	995
776	1023
776	1044
776	1142
776	1287
777	1354
780	915
781	941
781	1188
781	1191
781	1234
781	1404
782	799
782	1594
783	1067
783	1272
783	1395
784	984
784	1125
784	1126
785	989
785	1250
785	1478
785	1568
786	1200
787	1038
787	1108
787	1273
787	1317
787	1594
789	1464
790	888
791	1322
792	937
792	1469
793	876
793	1214
794	1191
794	1298
794	1430
794	1453
795	1176
795	1545
796	1104
797	984
797	1545
798	1561
799	889
799	969
799	1075
800	1019
800	1084
800	1520
801	1005
802	1467
803	1352
804	818
804	847
804	1005
805	1008
805	1145
805	1366
805	1576
806	1243
807	1367
808	1304
810	1510
811	1043
811	1044
811	1074
811	1328
812	1019
812	1285
812	1527
814	1006
814	1375
815	990
815	1396
815	1561
816	962
816	1114
816	1351
816	1378
816	1564
817	839
817	902
817	991
817	1159
819	1205
819	1456
819	1499
820	881
820	1009
820	1435
821	1277
821	1525
822	1441
823	1079
823	1194
823	1305
824	1030
824	1134
825	902
825	1463
825	1560
826	1018
826	1072
826	1266
828	1283
829	1231
830	1408
830	1590
831	1094
831	1287
831	1382
831	1507
832	1234
832	1424
832	1455
833	1132
834	842
834	1290
835	1269
836	1217
836	1227
837	970
837	1429
838	902
838	960
838	1135
838	1291
838	1364
838	1494
838	1529
840	1471
841	909
841	995
841	1082
841	1384
842	1054
842	1229
842	1395
842	1597
843	847
843	931
843	1437
843	1465
843	1590
844	1048
845	1148
845	1179
846	1213
846	1396
846	1577
847	878
847	905
847	1210
847	1331
848	874
848	931
849	878
849	1027
849	1103
849	1300
850	1019
850	1107
850	1533
851	872
851	904
851	1113
851	1117
851	1460
851	1538
852	1388
852	1565
853	1104
853	1111
853	1237
853	1279
853	1586
854	1108
854	1337
855	1394
855	1558
856	1180
856	1302
856	1379
857	1040
857	1301
858	1148
859	1311
861	1245
862	1049
862	1326
863	1069
863	1446
864	1198
865	1476
867	1559
868	982
868	1592
869	967
870	1450
871	878
871	1231
872	1191
872	1229
873	965
873	984
873	1010
873	1115
873	1376
873	1474
876	884
877	888
878	933
878	1085
878	1401
880	1090
882	1454
882	1542
883	1197
884	1107
885	1011
885	1288
885	1298
886	1188
886	1320
886	1463
887	1116
887	1127
887	1410
888	1270
889	1318
890	1054
890	1508
891	1093
891	1256
892	1046
892	1248
892	1294
892	1427
893	1120
893	1581
895	1396
895	1586
897	1164
897	1344
899	1575
901	1134
901	1328
903	1131
903	1511
904	1316
904	1364
904	1557
905	1018
906	1284
906	1583
907	1062
909	1020
909	1046
910	1271
911	1013
911	1265
911	1318
911	1446
911	1449
912	942
912	968
912	1009
912	1227
912	1291
912	1325
913	1104
915	981
915	1246
915	1552
916	937
916	1013
917	1262
918	1012
918	1079
918	1363
919	1000
919	1079
919	1463
920	1296
921	971
921	1420
922	1110
922	1263
923	991
923	1041
923	1383
924	1072
925	1034
926	932
927	1447
928	1023
928	1082
928	1559
930	1324
930	1429
931	1199
931	1244
932	1144
933	968
933	1052
934	1296
934	1464
935	1059
935	1092
935	1355
936	1149
936	1161
936	1580
937	1220
937	1325
938	1324
938	1389
938	1455
940	1097
941	1164
942	980
942	1389
943	1286
943	1321
944	1187
945	1151
945	1200
945	1426
946	1028
946	1335
946	1541
947	1299
947	1539
948	1189
948	1423
949	1071
949	1091
949	1377
950	1223
950	1371
951	1230
951	1422
951	1433
954	1341
954	1525
957	1031
957	1345
958	1319
958	1364
958	1571
960	1218
961	1127
961	1146
962	1499
963	1488
964	1330
964	1383
965	987
965	1413
966	1544
967	971
967	1460
967	1579
968	1219
969	1142
969	1173
969	1186
969	1308
969	1381
969	1506
970	1199
971	1142
971	1438
972	973
972	1150
974	1250
974	1544
975	1098
975	1474
976	1061
977	1084
977	1463
977	1550
978	1323
979	1351
979	1533
981	1599
982	1037
982	1373
982	1406
983	990
983	1153
983	1317
984	1021
984	1453
984	1580
985	1323
986	1597
987	1181
987	1349
988	1067
988	1594
989	1000
989	1203
989	1220
989	1434
990	999
990	1231
991	1133
991	1344
991	1455
991	1593
992	1140
992	1469
994	1066
994	1146
994	1563
994	1578
996	1265
997	1324
997	1590
998	1211
998	1346
999	1031
999	1283
999	1507
1000	1190
1000	1372
1003	1312
1004	1347
1004	1484
1006	1219
1006	1478
1007	1150
1008	1148
1008	1221
1008	1227
1008	1248
1008	1388
1008	1596
1011	1195
1011	1579
1012	1483
1013	1491
1014	1318
1015	1355
1016	1064
1016	1302
1018	1205
1019	1525
1021	1036
1021	1226
1021	1528
1022	1546
1023	1452
1024	1164
1025	1450
1026	1535
1027	1058
1030	1559
1031	1088
1032	1051
1037	1336
1038	1247
1038	1269
1039	1260
1040	1248
1040	1362
1041	1069
1041	1501
1041	1599
1042	1127
1042	1278
1042	1500
1042	1523
1043	1185
1043	1559
1044	1061
1045	1119
1045	1379
1046	1284
1046	1462
1046	1526
1047	1469
1047	1520
1048	1549
1050	1475
1052	1094
1052	1147
1054	1149
1054	1315
1055	1202
1055	1270
1057	1081
1057	1099
1058	1363
1059	1228
1059	1445
1059	1460
1061	1067
1064	1166
1064	1251
1066	1072
1066	1527
1067	1458
1068	1138
1068	1275
1068	1401
1069	1154
1069	1292
1069	1390
1069	1414
1070	1100
1070	1126
1070	1255
1072	1354
1072	1536
1073	1199
1073	1221
1073	1365
1075	1207
1075	1359
1075	1394
1076	1332
1077	1133
1077	1360
1077	1559
1079	1152
1079	1435
1080	1309
1080	1569
1081	1421
1082	1549
1083	1494
1084	1087
1084	1191
1084	1212
1084	1262
1086	1337
1087	1243
1087	1526
1088	1216
1088	1230
1088	1575
1089	1587
1090	1134
1090	1460
1091	1158
1091	1188
1094	1361
1094	1528
1094	1553
1096	1182
1096	1456
1098	1147
1098	1430
1100	1377
1101	1547
1103	1260
1103	1327
1105	1119
1105	1202
1105	1511
1106	1433
1110	1365
1111	1167
1112	1212
1113	1277
1113	1558
1115	1182
1115	1590
1116	1315
1116	1402
1117	1335
1117	1404
1117	1435
1117	1541
1120	1288
1121	1192
1121	1270
1122	1283
1122	1482
1124	1515
1125	1160
1126	1535
1129	1359
1129	1557
1130	1389
1131	1282
1131	1559
1132	1342
1132	1585
1133	1140
1134	1141
1134	1150
1134	1574
1135	1180
1135	1425
1136	1433
1137	1181
1137	1593
1138	1193
1139	1530
1139	1554
1139	1566
1141	1307
1141	1502
1142	1164
1142	1438
1142	1531
1142	1598
1143	1540
1144	1506
1145	1294
1145	1298
1146	1283
1148	1188
1149	1470
1149	1536
1150	1587
1151	1488
1152	1223
1152	1365
1157	1583
1158	1354
1158	1392
1161	1210
1161	1456
1163	1215
1163	1377
1165	1339
1166	1265
1166	1306
1166	1367
1167	1554
1168	1251
1168	1258
1168	1598
1170	1259
1170	1324
1171	1218
1174	1541
1175	1565
1176	1193
1176	1246
1176	1308
1179	1193
1179	1266
1181	1204
1181	1498
1183	1199
1187	1514
1189	1256
1191	1216
1192	1238
1192	1393
1192	1520
1194	1561
1197	1289
1197	1338
1200	1411
1201	1479
1202	1283
1203	1437
1204	1364
1205	1388
1208	1253
1208	1555
1210	1277
1210	1424
1210	1435
1211	1304
1214	1304
1215	1342
1215	1571
1217	1323
1217	1386
1219	1365
1220	1262
1225	1257
1225	1389
1225	1513
1227	1263
1228	1471
1229	1397
1229	1534
1230	1317
1230	1360
1230	1526
1231	1392
1231	1555
1231	1575
1234	1581
1235	1417
1236	1561
1237	1491
1240	1394
1241	1323
1242	1370
1242	1579
1243	1303
1244	1336
1244	1432
1244	1456
1247	1273
1251	1524
1252	1514
1253	1372
1253	1410
1253	1559
1256	1338
1257	1588
1258	1301
1260	1299
1261	1291
1263	1399
1263	1415
1264	1502
1265	1325
1265	1547
1266	1457
1267	1454
1268	1329
1269	1583
1270	1555
1271	1334
1273	1537
1274	1414
1274	1573
1276	1282
1276	1337
1280	1424
1280	1517
1281	1304
1282	1551
1283	1296
1285	1483
1286	1459
1287	1293
1287	1489
1290	1481
1291	1331
1292	1478
1293	1426
1296	1419
1300	1417
1301	1322
1301	1478
1303	1449
1307	1400
1308	1376
1311	1497
1311	1515
1313	1512
1315	1367
1316	1380
1316	1446
1316	1469
1318	1532
1319	1596
1321	1506
1321	1563
1321	1586
1322	1583
1322	1597
1326	1540
1329	1381
1332	1546
1333	1494
1334	1406
1334	1439
1336	1418
1337	1504
1337	1515
1338	1431
1339	1353
1340	1448
1340	1514
1342	1373
1342	1500
1342	1504
1342	1581
1343	1551
1345	1440
1345	1500
1346	1538
1347	1431
1347	1486
1348	1508
1348	1573
1350	1482
1350	1506
1353	1383
1354	1409
1359	1480
1359	1564
1361	1525
1366	1545
1368	1545
1369	1599
1370	1527
1370	1531
1371	1447
1372	1597
1373	1430
1375	1581
1377	1510
1378	1594
1379	1420
1380	1427
1380	1445
1385	1514
1386	1499
1388	1590
1391	1577
1393	1410
1393	1512
1394	1599
1396	1548
1399	1510
1400	1557
1402	1495
1402	1561
1403	1435
1405	1509
1406	1547
1408	1599
1409	1527
1412	1441
1415	1573
1415	1586
1416	1488
1417	1453
1420	1472
1426	1569
1427	1535
1429	1525
1429	1576
1434	1575
1436	1542
1441	1531
1441	1570
1441	1598
1443	1528
1444	1589
1445	1539
1449	1593
1450	1592
1452	1528
1453	1471
1454	1558
1456	1492
1457	1535
1460	1582
1461	1595
1465	1486
1467	1560
1470	1506
1471	1578
1471	1599
1472	1554
1477	1515
1478	1593
1481	1592
1487	1583
1489	1539
1495	1505
1499	1567
1503	1561
1504	1548
1510	1574
1511	1581
1515	1596
1527	1577
1528	1573
1534	1581
1536	1538
1573	1580