0	418
0	1566
1	219
1	339
1	539
1	862
1	1130
1	1367
1	1581
2	9
2	243
2	346
2	886
3	265
3	269
3	520
3	538
3	1011
4	203
4	1368
4	1420
5	155
5	502
5	583
5	1197
6	1536
7	725
7	822
7	901
7	1298
8	44
8	46
8	404
8	709
8	1250
8	1297
9	807
10	185
10	456
10	604
10	838
10	1330
11	14
11	683
11	1140
12	491
12	572
12	573
12	1439
13	72
13	1066
14	236
14	292
14	358
14	522
14	1288
15	198
15	332
15	982
15	1246
15	1333
15	1385
15	1491
16	639
16	1543
16	1587
17	553
17	1149
17	1290
17	1571
18	197
18	736
18	751
18	830
18	877
19	1129
19	1187
19	1537
20	141
20	653
20	851
20	1597
21	111
21	141
21	360
21	551
21	603
21	1448
22	263
22	474
22	598
22	989
23	273
23	482
23	662
23	748
24	717
24	730
24	1279
24	1356
24	1400
24	1413
25	389
25	505
25	915
25	933
26	582
26	762
26	977
26	1257
26	1568
27	229
27	428
27	988
28	145
28	321
28	1036
28	1367
29	385
29	1566
30	227
30	810
30	816
30	888
31	1449
32	148
32	802
32	1396
33	287
33	568
33	918
33	1299
33	1543
34	522
35	306
35	455
35	1435
36	486
36	814
36	1029
36	1226
37	573
37	1018
37	1202
38	149
38	883
39	336
39	572
39	918
39	1245
40	119
40	306
40	657
40	1196
41	218
41	462
41	799
41	1301
42	72
42	364
42	769
43	386
43	548
43	829
43	1496
44	576
44	914
44	992
44	1390
44	1491
45	275
45	557
45	818
45	1274
45	1408
45	1478
45	1496
46	78
46	495
46	726
47	963
48	328
48	1063
48	1092
49	468
49	990
49	1209
49	1363
49	1471
49	1532
50	455
50	765
51	257
51	414
51	1034
51	1488
52	142
52	299
52	1279
53	241
54	250
54	762
54	961
55	580
55	638
55	881
56	300
56	614
56	841
56	1328
56	1406
56	1470
57	207
57	216
57	490
57	632
57	1023
57	1298
58	365
58	1136
58	1224
58	1388
58	1514
59	370
59	1025
59	1318
59	1381
60	147
60	183
60	915
61	139
61	593
61	1340
61	1553
62	585
62	638
62	761
62	837
63	904
63	1233
63	1394
64	177
64	535
64	600
64	1015
64	1231
65	798
65	918
65	1014
65	1037
65	1075
65	1184
65	1570
66	529
66	1534
67	99
67	1087
68	745
68	1039
68	1292
68	1580
69	86
69	89
69	530
69	826
69	914
69	978
69	1262
69	1357
70	656
71	875
71	956
71	1182
71	1380
72	1124
73	1166
74	643
74	1359
75	534
75	692
75	1291
75	1389
76	135
76	1068
76	1090
77	384
77	481
77	542
77	638
77	1079
77	1356
78	321
78	332
78	665
78	1364
79	1069
80	240
80	412
80	993
80	1255
81	323
81	413
81	621
81	774
81	1412
82	341
82	1311
82	1592
83	434
83	993
83	1202
83	1250
84	1211
84	1270
84	1556
85	200
85	1330
85	1416
86	763
86	823
86	913
86	1184
86	1237
86	1501
86	1592
87	246
87	337
87	1392
88	233
88	732
88	1140
88	1569
88	1571
89	571
89	815
89	1592
90	619
90	1279
90	1333
91	355
91	506
91	805
92	564
92	1035
92	1327
92	1502
93	505
93	675
93	1091
93	1176
93	1424
94	293
95	475
95	738
96	184
96	314
96	563
96	708
96	856
97	227
97	691
97	1070
97	1377
98	767
98	1111
98	1350
99	225
100	163
100	348
100	425
100	801
100	1277
100	1397
101	300
101	408
101	416
101	806
101	967
102	325
102	344
102	840
102	892
102	897
102	1490
103	425
103	990
104	786
104	803
105	109
105	590
105	1039
105	1062
106	489
106	956
106	1138
107	431
107	603
108	945
109	1169
110	339
110	932
111	842
111	901
111	961
111	1220
111	1274
111	1326
112	734
112	872
112	1190
112	1409
113	126
113	182
113	345
113	1115
114	733
114	734
114	1190
115	178
115	192
115	586
115	1043
115	1251
115	1318
115	1550
116	837
117	218
117	279
117	569
117	815
117	1332
117	1448
118	1013
119	294
119	668
119	732
119	1437
120	157
120	1394
121	1414
122	843
122	957
122	1067
123	838
124	274
124	520
124	799
124	881
124	1259
124	1323
124	1356
124	1509
125	230
125	287
125	524
125	882
125	997
125	1144
125	1383
125	1513
126	542
126	546
126	1005
126	1418
126	1499
126	1525
127	282
127	1059
127	1082
127	1127
127	1160
127	1427
127	1597
127	1598
128	244
128	388
128	535
128	1347
128	1401
129	387
129	402
129	498
129	708
129	738
129	845
130	272
130	317
131	328
131	825
131	841
131	980
132	356
132	458
132	838
132	1313
132	1324
133	493
133	876
133	1107
133	1388
133	1450
134	754
134	998
134	1096
136	171
136	221
136	807
136	1544
137	347
137	547
137	892
137	1096
137	1220
137	1323
137	1479
137	1529
138	243
138	289
138	331
138	698
138	1436
139	891
139	905
139	1400
140	460
140	959
140	1272
140	1557
141	150
141	752
141	1129
141	1198
141	1444
142	164
142	1098
142	1333
142	1529
143	1004
144	412
144	672
144	1510
144	1594
144	1596
145	156
145	402
145	953
145	1081
146	477
146	1515
147	313
147	1205
148	610
148	1450
149	436
149	658
149	754
149	1046
150	722
150	951
150	1275
150	1330
151	599
151	686
151	1126
151	1591
152	524
152	705
152	803
152	1435
153	1406
153	1511
153	1515
154	200
154	1153
154	1330
154	1386
154	1586
155	290
155	955
155	1073
155	1156
155	1236
155	1296
156	350
156	449
156	571
156	672
156	950
156	1266
156	1322
156	1596
157	496
157	1445
157	1447
157	1524
157	1542
158	168
158	511
158	1208
158	1582
159	1189
159	1203
160	1131
160	1199
160	1527
161	369
161	1322
161	1412
162	612
162	702
163	183
163	254
163	1013
163	1355
163	1379
163	1413
164	384
164	952
164	1435
165	239
165	548
165	802
165	1031
166	317
166	803
166	850
166	945
166	1199
166	1428
167	243
167	883
167	1026
167	1173
167	1303
168	247
168	393
168	897
168	1228
169	317
169	893
169	1195
170	813
170	1228
170	1435
170	1566
171	291
171	1038
172	318
172	1046
173	462
173	1069
173	1292
173	1380
174	196
174	566
174	1025
174	1383
175	448
175	477
175	495
175	1310
175	1460
176	217
176	231
176	295
176	387
176	521
177	413
177	1352
178	1135
179	477
179	588
179	736
179	910
179	1422
180	241
180	781
180	1223
180	1301
181	370
181	1440
181	1546
182	300
182	1188
182	1386
183	226
183	776
183	1210
183	1407
184	276
184	610
184	1246
185	482
185	746
185	947
185	1389
186	517
186	1006
186	1024
186	1199
186	1330
187	746
188	757
188	1326
189	342
189	372
189	851
189	964
190	944
190	993
191	1539
192	264
192	275
192	294
192	526
192	900
192	1097
193	206
193	1516
194	613
194	1337
194	1417
195	342
195	641
195	646
195	1275
195	1498
196	563
196	676
196	942
196	1019
196	1183
197	539
197	963
197	1554
198	777
198	812
198	1173
198	1207
198	1264
199	1048
199	1270
199	1306
199	1307
200	446
200	477
200	988
200	1228
201	370
201	515
201	692
201	950
201	1533
202	485
202	971
202	1128
203	404
203	1029
203	1079
203	1128
203	1129
203	1345
204	632
204	838
204	1079
204	1224
204	1236
205	1114
205	1254
206	248
206	456
206	598
206	1312
207	231
207	910
207	1166
208	549
208	558
208	637
209	865
209	965
209	1237
209	1365
209	1552
210	550
210	689
210	713
210	1271
210	1447
211	346
211	411
211	566
211	995
211	1146
212	1002
212	1075
212	1488
213	610
213	706
213	718
213	808
213	1395
213	1396
213	1479
214	518
214	555
214	680
214	853
214	1322
215	234
215	504
215	808
215	1243
215	1285
216	1489
217	495
217	1161
218	228
218	602
218	841
218	910
218	1534
219	683
219	1174
220	441
220	1350
220	1571
221	407
221	1283
222	282
222	592
222	959
222	1086
223	581
223	1376
223	1591
224	485
224	557
225	226
225	630
225	966
226	238
226	423
226	952
226	1358
227	1406
227	1488
228	401
228	1341
228	1375
229	689
229	817
230	1195
230	1273
230	1515
231	674
231	867
231	906
232	551
232	982
233	842
233	1331
233	1386
233	1541
234	739
234	916
234	1071
234	1083
234	1210
234	1252
235	592
235	714
235	1260
236	436
236	1017
236	1090
236	1432
237	451
237	1000
237	1056
238	379
238	483
238	731
238	1286
239	546
239	1083
239	1335
240	404
240	496
240	540
240	608
240	680
240	780
240	858
240	1021
240	1024
240	1567
241	390
241	456
241	1308
241	1514
242	299
242	791
243	413
243	1046
243	1070
243	1351
243	1511
244	424
244	634
244	1200
245	446
245	1047
245	1084
245	1174
245	1549
246	711
246	887
246	1171
246	1581
247	354
247	637
247	895
248	945
248	1079
248	1577
249	336
249	1400
250	808
250	972
251	585
251	1011
251	1242
252	524
252	979
252	1412
253	635
253	701
253	905
253	1411
253	1553
254	255
254	412
254	935
254	1082
254	1237
254	1459
255	1061
255	1098
255	1276
255	1286
255	1557
256	519
256	539
256	566
256	634
256	799
256	1445
256	1489
256	1562
257	336
258	306
258	362
258	488
258	837
258	1074
259	484
259	608
259	929
259	1393
260	358
260	363
260	542
260	1457
260	1586
261	353
261	1027
262	1549
263	415
263	1206
264	1228
264	1252
264	1276
264	1322
265	1103
266	385
266	395
266	621
266	802
267	1250
267	1583
268	344
268	511
268	791
268	899
268	1341
268	1345
268	1501
269	993
269	1185
270	922
270	1108
270	1378
271	368
271	994
271	1098
272	715
272	1588
273	755
273	1270
274	284
274	540
274	1154
274	1421
275	332
276	433
276	499
276	675
276	924
276	1481
277	714
277	872
277	1267
277	1472
278	719
278	880
278	1364
279	391
279	895
279	1196
279	1231
280	782
280	1100
280	1244
280	1323
280	1452
280	1500
281	304
281	699
281	853
281	1039
282	363
282	1180
283	690
283	931
283	961
284	412
284	456
284	566
284	1393
284	1555
285	878
286	992
286	1253
286	1437
287	672
287	861
287	1043
287	1493
288	405
288	868
288	898
289	384
289	424
289	634
289	1067
289	1100
289	1148
289	1562
289	1596
290	739
290	1164
291	1086
291	1337
291	1413
292	525
292	1545
293	821
294	568
294	903
294	1122
294	1295
295	422
295	820
296	534
296	561
296	609
296	624
296	1233
296	1554
296	1566
297	1120
297	1580
298	675
298	695
299	704
299	1147
300	305
300	389
300	1299
300	1489
301	947
302	723
302	1225
302	1367
303	704
303	886
303	1070
303	1125
303	1404
303	1524
304	434
304	828
304	936
304	1288
304	1299
304	1342
305	517
305	1302
306	448
306	1342
306	1566
307	347
307	650
307	673
307	731
307	1568
308	319
308	759
308	1288
308	1330
308	1440
309	1073
310	677
311	522
311	662
311	1292
312	990
312	1284
312	1568
313	530
313	651
313	862
313	1369
314	625
314	685
314	862
314	932
314	1467
314	1506
315	430
315	541
315	872
315	884
315	1354
315	1385
315	1445
316	367
316	493
316	700
316	1239
318	1081
318	1162
318	1404
318	1416
319	401
319	584
319	1098
319	1360
320	515
320	599
320	1077
321	439
321	591
321	1401
321	1538
322	508
322	855
322	1452
322	1547
323	793
323	852
323	1340
324	394
324	549
324	743
324	758
324	1507
325	677
325	1232
326	502
326	611
326	675
326	1137
326	1353
327	744
327	998
328	729
328	917
328	1007
329	817
329	902
329	1158
329	1253
329	1293
329	1484
330	358
331	417
331	1224
332	549
332	918
332	1264
332	1330
333	417
333	705
334	464
334	902
334	1156
334	1405
334	1429
334	1432
335	866
335	974
335	1208
336	566
336	790
336	1326
336	1579
337	515
337	535
337	955
337	982
337	1098
337	1144
337	1233
338	796
338	1387
338	1505
339	350
339	1505
340	655
340	805
340	1082
340	1264
340	1521
341	546
341	1098
341	1277
341	1429
342	456
342	819
342	896
342	1058
342	1374
343	368
343	727
344	678
344	1234
344	1503
344	1528
345	469
345	956
345	1191
345	1348
346	883
346	979
347	607
347	719
347	1268
348	623
348	811
348	1150
348	1291
348	1395
348	1399
348	1470
348	1545
349	1445
350	526
350	535
351	356
351	1369
352	810
352	1055
352	1271
352	1338
352	1371
352	1439
353	1094
353	1102
354	578
355	865
356	1120
356	1441
356	1465
356	1468
356	1475
357	400
357	1281
357	1313
358	470
358	621
358	939
358	1182
359	683
359	695
360	550
360	1555
361	407
361	423
361	968
361	1006
361	1043
361	1305
361	1487
362	870
363	602
363	827
363	1049
363	1106
363	1134
363	1312
364	394
364	524
364	588
364	637
364	1224
364	1259
364	1268
365	427
365	702
365	872
366	516
366	533
367	894
368	542
368	1426
369	546
369	609
369	1348
370	1329
371	931
371	1219
372	1072
373	484
373	837
373	1270
374	513
374	608
374	1115
374	1277
375	753
375	756
375	1306
376	429
376	836
376	1114
377	587
377	589
377	701
377	1170
377	1196
378	920
378	1144
378	1207
379	406
379	439
379	452
379	532
380	398
380	478
380	1299
380	1549
381	676
381	1021
381	1568
382	1085
383	701
383	1179
383	1250
385	683
385	703
385	1004
386	586
386	1411
387	912
387	1354
388	679
388	1447
389	752
389	1200
389	1215
390	603
390	627
391	588
391	1409
391	1488
392	407
392	982
392	1070
393	601
393	1116
393	1409
393	1472
394	745
394	762
395	1070
395	1462
396	608
396	780
396	1084
396	1123
396	1321
397	411
397	517
397	770
397	1417
399	874
399	1195
399	1309
400	572
400	661
400	681
400	1009
400	1272
401	934
401	999
401	1027
402	634
403	430
403	490
403	515
403	1077
403	1166
403	1566
404	706
404	1035
404	1410
405	588
405	708
405	1081
406	424
406	559
406	566
406	637
406	1170
407	940
407	1449
409	1268
410	568
410	1485
410	1494
411	1430
412	431
412	567
412	834
412	1206
412	1267
413	478
413	714
414	781
414	918
415	592
415	1380
415	1491
417	845
417	1340
418	1080
419	999
419	1256
419	1443
419	1492
420	546
420	619
420	708
420	952
420	1115
420	1308
420	1370
421	614
421	1025
421	1347
422	585
422	610
422	990
424	686
425	625
425	1304
426	1057
427	1186
427	1271
427	1411
427	1538
428	439
428	1170
428	1535
429	681
429	1523
430	432
430	743
430	1025
430	1210
430	1259
430	1327
430	1482
431	664
431	1359
432	447
432	629
432	697
432	1110
432	1248
432	1419
433	650
433	813
433	1013
434	1088
435	1552
436	583
436	639
436	750
436	949
437	506
437	1368
438	771
438	859
438	957
438	1519
439	881
439	1484
439	1521
440	467
440	695
440	828
440	1271
440	1364
440	1463
440	1489
441	835
441	981
441	1262
441	1456
442	1407
443	614
443	1434
443	1521
444	798
444	1004
444	1155
444	1214
444	1463
444	1578
445	693
445	1104
446	736
446	855
447	619
447	1518
449	609
449	936
449	1145
449	1506
450	473
450	692
450	873
451	461
451	693
451	771
451	1032
451	1103
451	1361
451	1584
452	949
452	1081
452	1161
452	1166
452	1188
452	1390
453	494
453	768
453	864
453	1253
454	590
454	816
454	1294
454	1343
455	1146
456	936
456	1063
456	1257
457	1327
458	507
458	740
458	1039
458	1337
458	1436
459	750
459	953
459	975
459	987
459	1003
459	1134
459	1422
460	507
460	786
460	1214
461	1533
462	482
462	851
462	1490
463	1043
463	1296
464	676
464	1056
464	1318
464	1434
465	691
465	906
465	1003
465	1076
465	1214
465	1297
466	596
466	783
466	1087
466	1216
466	1500
467	677
467	1190
469	627
469	772
469	859
469	1481
470	512
470	552
470	799
470	811
470	919
470	1077
470	1244
470	1333
471	713
471	1428
472	528
472	535
472	1391
473	960
473	1015
473	1049
473	1122
473	1250
474	1454
474	1513
476	1283
477	859
477	1293
477	1421
477	1594
478	553
478	827
479	1495
480	531
480	657
480	663
480	877
480	1033
480	1168
480	1214
480	1230
481	935
481	1113
481	1315
482	998
482	1372
482	1382
483	632
483	763
483	1495
483	1506
484	845
484	1004
484	1094
484	1209
485	1366
486	663
486	1229
486	1287
486	1523
487	1387
487	1442
488	720
488	957
488	1277
489	546
489	844
489	1238
489	1413
489	1564
490	628
490	736
490	1149
491	558
491	666
491	776
491	887
491	1129
492	760
492	820
492	1047
492	1402
493	506
494	641
494	1287
495	920
495	1119
495	1193
495	1260
495	1581
496	641
496	722
496	760
496	1386
496	1482
497	923
497	1291
498	503
498	665
498	1181
498	1526
499	511
499	725
500	737
500	859
500	1466
501	683
501	804
501	1089
501	1388
502	524
502	1029
502	1031
503	570
503	1107
503	1404
504	985
504	1070
504	1184
505	782
505	947
505	974
505	1006
505	1243
506	1473
507	913
507	1152
507	1489
508	1406
508	1580
509	554
509	704
509	869
509	906
509	1016
509	1368
509	1490
510	836
510	890
510	1338
510	1367
510	1385
511	758
511	1425
512	513
512	622
512	719
512	900
512	1169
512	1593
513	725
513	782
513	874
513	958
513	1092
513	1241
513	1376
514	639
514	1282
514	1365
514	1514
515	685
515	719
515	1059
515	1182
515	1373
515	1533
516	716
517	999
517	1040
518	1180
519	835
520	552
520	564
520	990
520	1010
520	1057
520	1157
521	638
521	1504
522	799
522	1317
522	1585
522	1587
523	849
523	1314
523	1381
523	1494
523	1547
524	803
524	1388
524	1554
525	527
525	1011
525	1042
526	1242
526	1474
526	1569
527	653
527	832
527	1209
528	718
529	622
529	1156
529	1285
529	1499
530	599
530	726
530	861
530	1061
530	1333
530	1379
531	891
531	994
531	1109
531	1219
531	1439
531	1477
532	634
532	874
532	1087
533	772
533	982
533	1114
533	1237
534	823
534	1555
534	1597
535	1099
535	1219
535	1232
535	1567
536	1197
536	1248
537	607
537	1390
537	1475
537	1589
537	1590
538	555
538	790
538	829
539	625
539	825
539	1190
540	733
540	804
540	1408
541	656
541	1328
541	1431
542	1020
543	984
543	1094
544	781
544	1284
545	827
545	1390
546	1047
547	782
547	1091
547	1186
549	686
549	698
549	933
549	963
549	993
549	1258
549	1358
550	1088
551	619
551	879
551	1050
551	1519
551	1593
552	771
552	857
552	984
553	674
554	959
554	1022
554	1142
554	1487
554	1523
555	989
555	1085
556	1169
557	656
557	762
557	1564
558	1332
559	878
559	1076
559	1184
559	1571
560	587
560	1032
560	1062
560	1259
560	1575
562	1157
562	1539
563	700
563	1002
563	1105
563	1146
563	1312
564	887
564	1100
565	690
565	845
565	955
565	994
565	1580
566	607
567	628
567	712
567	927
567	970
567	1451
568	632
569	826
570	1052
570	1361
570	1402
571	734
571	819
571	823
571	1399
572	1415
573	1025
573	1478
574	689
574	1005
574	1036
574	1182
574	1216
574	1537
575	622
575	822
575	1013
575	1165
575	1300
576	708
576	925
576	991
576	1031
577	579
577	1187
577	1532
578	754
578	887
578	981
578	1096
578	1327
578	1333
580	956
580	1027
580	1300
581	629
581	1444
583	691
583	918
583	1492
584	616
584	769
584	975
584	1078
585	1052
585	1186
585	1280
586	1093
586	1129
586	1178
587	1185
588	747
588	952
588	1085
589	862
589	873
589	1070
589	1457
589	1488
590	662
590	1251
590	1501
591	641
591	1006
592	608
592	759
592	1250
593	885
594	691
594	706
594	960
594	1000
594	1426
595	804
595	937
596	622
596	801
596	1014
596	1230
597	679
598	813
598	943
598	950
598	1338
598	1508
600	993
600	1124
600	1324
600	1360
601	927
601	964
601	1010
602	628
602	787
602	1069
602	1080
603	848
605	1347
605	1430
605	1480
606	1154
606	1338
606	1545
607	720
608	821
608	896
608	945
608	1188
609	980
609	1421
610	1353
611	806
611	1136
611	1143
611	1295
612	1018
612	1131
612	1434
612	1452
613	1297
613	1349
614	848
614	863
614	888
614	1365
614	1517
615	1462
616	982
616	1547
617	696
617	787
617	796
617	1112
617	1565
618	773
618	782
618	878
618	899
619	653
619	965
619	1305
620	860
620	1356
620	1515
620	1529
621	886
621	911
621	1181
621	1273
621	1372
621	1414
623	801
624	1151
625	1467
626	660
626	859
627	800
627	1141
629	1010
629	1127
629	1290
629	1469
630	754
630	1085
630	1164
631	880
631	1197
632	1489
633	702
633	1523
634	668
634	933
634	1249
635	1023
636	1055
636	1067
636	1403
637	901
637	1260
638	912
638	1529
639	828
639	954
639	1022
639	1385
640	799
640	901
640	1020
640	1164
640	1313
640	1460
640	1522
641	932
641	1399
642	1011
642	1098
642	1110
642	1282
642	1514
642	1516
643	673
643	1162
644	790
644	1419
644	1576
645	1047
645	1053
645	1294
645	1348
646	930
647	744
647	753
647	877
647	1188
648	1079
648	1140
649	684
649	969
650	806
650	1080
650	1117
650	1280
650	1315
652	1007
652	1300
652	1330
652	1442
653	661
653	823
653	1222
653	1363
653	1524
654	672
654	756
654	983
654	1077
654	1550
655	1107
655	1351
656	718
656	1199
657	791
657	833
658	994
658	1420
658	1427
659	884
659	985
659	1006
659	1432
659	1580
660	1070
661	1465
662	1426
662	1584
662	1590
663	668
663	737
663	946
663	1120
663	1468
663	1593
664	788
664	792
664	935
664	1523
665	984
665	999
665	1413
665	1561
666	816
666	1551
667	1268
667	1448
667	1477
668	1077
668	1145
668	1597
669	1077
670	840
670	1137
670	1278
670	1365
671	1048
671	1335
672	673
672	1092
672	1266
672	1558
673	699
673	825
673	1021
674	782
675	683
675	706
675	1146
675	1150
675	1331
677	821
677	1016
677	1250
677	1291
677	1334
677	1580
678	749
678	760
678	831
678	1194
678	1201
678	1300
679	1280
680	1412
681	954
681	961
681	1328
681	1504
682	696
682	797
682	872
682	914
683	963
683	1280
684	1209
684	1505
684	1560
685	1015
686	866
686	1382
687	781
687	939
688	888
688	1138
689	708
690	1384
690	1484
690	1598
691	729
691	992
691	1074
691	1147
692	813
692	1188
692	1375
692	1504
693	788
693	1019
694	1299
695	987
696	1103
696	1293
697	1554
697	1589
698	1078
699	844
699	1244
700	922
700	1229
700	1453
700	1458
701	1043
701	1276
702	1544
703	714
704	752
705	817
705	930
706	820
706	1371
706	1543
707	1065
708	1085
708	1144
709	997
709	1281
710	779
710	934
710	993
710	1133
710	1230
710	1469
711	1279
711	1286
711	1316
711	1376
712	1459
714	1082
715	990
715	1462
716	1394
717	1462
719	864
719	1476
719	1568
720	1136
721	842
722	1036
722	1279
722	1583
723	1355
723	1421
724	851
724	1238
724	1357
724	1563
726	884
726	1413
726	1544
726	1588
727	995
727	1142
727	1445
727	1450
728	750
728	783
729	1171
730	1129
730	1461
731	819
732	1103
733	834
733	1304
734	832
734	1091
735	851
735	912
735	1008
735	1017
735	1125
735	1542
736	1189
738	1554
739	860
739	1015
739	1060
739	1426
740	1229
741	769
741	1211
741	1522
742	1020
742	1486
743	1485
744	1073
744	1166
744	1373
745	1132
745	1281
746	1305
746	1398
746	1484
747	986
748	922
749	1081
750	1133
750	1227
750	1429
750	1452
750	1512
751	1025
752	1152
752	1203
752	1416
752	1499
753	1202
753	1254
753	1433
754	1320
754	1482
755	1447
756	988
756	1201
756	1223
756	1438
757	777
760	1245
761	907
761	1034
761	1118
763	1085
763	1343
764	1442
765	772
765	864
765	867
765	905
765	1067
765	1139
765	1257
765	1263
766	795
766	1344
766	1358
767	973
767	1239
767	1301
767	1520
768	1031
768	1296
769	1045
769	1055
769	1529
769	1544
771	782
772	1177
772	1197
773	1507
774	1055
774	1492
775	1289
775	1304
776	1065
776	1220
776	1252
776	1517
777	1125
777	1151
778	839
778	1400
779	834
779	1025
780	888
780	1308
780	1528
781	806
782	1002
783	1483
784	1163
785	1207
785	1489
786	1410
787	999
787	1151
788	973
788	1444
788	1479
789	1313
790	1240
790	1364
790	1584
791	991
792	837
792	968
792	1187
793	1539
793	1546
794	830
794	1216
794	1245
794	1302
794	1313
796	1552
797	801
797	1057
798	1032
798	1472
798	1536
799	1183
799	1357
800	944
800	991
801	839
801	1209
801	1253
801	1432
801	1514
802	882
802	932
802	1020
803	1058
804	947
804	1205
804	1350
805	1056
805	1060
805	1571
806	1041
808	886
808	888
808	973
808	1251
809	1188
809	1259
809	1336
810	824
810	1149
812	1338
812	1353
813	1008
813	1321
813	1423
813	1470
814	1276
815	1253
815	1381
815	1475
816	832
816	892
817	1299
818	1152
818	1386
818	1449
818	1551
819	1131
819	1182
819	1239
820	1026
820	1547
821	1256
823	1155
824	1215
825	1255
826	1109
826	1537
827	1258
828	1038
828	1237
828	1538
829	1275
830	851
830	1088
830	1168
830	1590
831	1376
831	1435
831	1493
831	1561
832	852
832	1272
832	1575
833	954
834	877
836	1024
838	1127
839	1358
840	1006
840	1426
840	1481
841	1488
841	1577
842	1531
843	905
843	920
843	1402
843	1419
843	1467
843	1513
844	1270
844	1310
845	1254
845	1358
846	1040
846	1051
846	1122
846	1392
847	921
849	1280
849	1574
850	1012
850	1222
851	1403
852	1095
852	1395
853	1084
854	900
855	1200
855	1456
856	880
856	885
856	1133
857	976
860	1538
862	1454
863	1282
863	1505
864	1245
864	1256
864	1454
865	1174
866	987
866	1086
866	1342
866	1467
867	951
867	1513
868	904
868	1408
869	1416
869	1427
870	955
870	1136
871	1062
872	1219
872	1418
872	1467
872	1521
872	1523
872	1582
873	1069
873	1580
874	1152
875	1137
875	1410
875	1561
876	996
876	1264
876	1369
877	887
877	1282
877	1421
878	920
878	1341
879	1219
879	1391
880	905
880	994
881	1450
881	1482
881	1583
882	1194
883	901
883	1084
884	945
884	1290
884	1390
885	1085
886	1308
886	1551
887	1064
887	1534
888	1263
889	1531
890	1317
891	1122
892	1079
892	1098
892	1213
892	1385
893	1123
893	1566
895	1034
896	1167
897	1490
898	1347
898	1401
898	1561
899	956
899	1527
900	995
901	1065
901	1552
902	1006
903	1432
904	1408
905	1141
906	914
906	1444
907	1335
908	1097
908	1137
908	1394
909	1477
910	1192
911	1175
913	1109
913	1266
915	1243
916	948
917	1048
917	1368
918	936
920	979
920	1391
920	1484
921	1277
921	1550
922	1239
924	957
924	981
924	1509
926	1071
926	1196
926	1342
927	1188
927	1378
927	1415
928	1107
928	1220
928	1564
930	943
930	1005
930	1318
930	1339
931	1200
932	1292
932	1434
932	1566
934	981
934	1000
934	1245
936	1156
936	1401
938	1289
938	1577
939	1423
940	999
940	1020
940	1356
941	1544
942	1237
942	1590
943	1027
943	1170
943	1509
944	1044
944	1302
945	1007
945	1011
945	1042
945	1102
946	1418
949	1472
951	1384
952	957
952	1444
952	1504
953	1188
953	1548
954	972
954	1295
954	1443
955	1270
955	1322
955	1332
957	1576
959	1322
959	1347
960	1253
960	1478
962	1069
962	1220
963	1338
964	1125
964	1170
964	1340
966	1528
967	1012
968	983
968	1336
969	1251
969	1328
969	1375
970	1136
970	1183
970	1397
972	1516
973	1323
973	1454
973	1530
974	1033
974	1158
975	1119
975	1167
975	1425
976	1318
978	1131
980	1589
981	1151
981	1218
982	1007
984	1054
984	1164
984	1344
984	1435
985	1003
985	1237
985	1567
987	1132
987	1337
988	1340
989	1283
990	1256
992	1181
993	1267
994	1325
994	1392
994	1447
995	1089
995	1216
995	1448
996	1139
996	1140
996	1143
996	1274
997	1167
997	1556
998	1103
999	1594
1000	1006
1000	1110
1000	1297
1000	1498
1001	1014
1001	1106
1001	1564
1002	1244
1002	1387
1003	1304
1003	1491
1003	1537
1005	1581
1007	1018
1007	1222
1007	1279
1007	1339
1008	1192
1009	1043
1009	1202
1009	1243
1009	1316
1010	1500
1010	1562
1011	1185
1013	1201
1013	1533
1014	1332
1015	1168
1016	1057
1016	1123
1016	1554
1018	1394
1018	1597
1019	1100
1019	1375
1019	1536
1020	1145
1020	1236
1022	1126
1022	1541
1023	1235
1023	1272
1023	1478
1024	1195
1025	1395
1026	1274
1026	1285
1026	1362
1026	1398
1028	1386
1028	1503
1029	1412
1030	1060
1030	1321
1031	1278
1032	1518
1033	1422
1035	1041
1035	1092
1035	1221
1036	1130
1036	1555
1036	1560
1037	1201
1039	1247
1039	1475
1040	1151
1040	1537
1041	1270
1041	1431
1041	1455
1042	1212
1043	1103
1043	1303
1044	1345
1044	1480
1046	1087
1046	1284
1046	1494
1047	1157
1047	1293
1048	1194
1048	1263
1049	1285
1050	1095
1050	1108
1050	1214
1050	1420
1051	1363
1052	1099
1053	1239
1053	1535
1053	1540
1054	1343
1054	1594
1057	1104
1058	1422
1059	1089
1059	1140
1059	1158
1061	1416
1061	1462
1062	1074
1062	1516
1062	1532
1063	1077
1065	1184
1065	1227
1065	1479
1066	1401
1067	1253
1067	1457
1068	1110
1068	1521
1068	1595
1069	1134
1069	1369
1069	1416
1073	1362
1074	1266
1075	1375
1076	1352
1076	1356
1076	1436
1077	1178
1077	1189
1077	1492
1080	1588
1081	1180
1082	1090
1083	1194
1084	1474
1085	1225
1085	1385
1087	1088
1087	1138
1087	1215
1087	1574
1088	1196
1088	1299
1088	1481
1088	1526
1089	1499
1090	1458
1092	1150
1093	1194
1093	1237
1093	1304
1093	1519
1093	1596
1094	1472
1096	1236
1096	1497
1097	1290
1098	1234
1098	1533
1098	1584
1099	1125
1099	1393
1099	1486
1099	1490
1099	1534
1100	1354
1101	1321
1101	1447
1101	1561
1102	1106
1103	1224
1104	1595
1105	1255
1110	1431
1110	1474
1111	1599
1113	1120
1114	1228
1115	1131
1115	1319
1116	1269
1117	1523
1118	1259
1120	1217
1120	1414
1120	1479
1120	1513
1121	1155
1125	1131
1127	1292
1128	1262
1128	1537
1128	1583
1129	1514
1131	1457
1131	1554
1133	1165
1133	1348
1133	1434
1135	1151
1137	1379
1139	1196
1139	1269
1139	1416
1140	1262
1140	1551
1142	1209
1144	1365
1145	1233
1145	1481
1146	1384
1146	1501
1147	1174
1151	1195
1151	1410
1151	1524
1152	1173
1152	1204
1153	1205
1155	1291
1155	1330
1155	1569
1156	1503
1157	1383
1157	1566
1159	1559
1160	1250
1161	1324
1161	1382
1162	1290
1163	1557
1165	1373
1165	1480
1167	1379
1168	1597
1169	1250
1170	1200
1170	1362
1170	1597
1171	1265
1171	1323
1172	1282
1173	1226
1173	1556
1174	1233
1174	1347
1174	1572
1175	1185
1175	1513
1179	1443
1180	1505
1181	1239
1184	1539
1185	1249
1186	1346
1186	1349
1189	1517
1190	1212
1190	1226
1190	1238
1191	1218
1192	1323
1194	1261
1195	1274
1195	1372
1196	1432
1197	1455
1198	1430
1198	1435
1198	1513
1199	1533
1202	1230
1202	1576
1205	1391
1208	1396
1211	1398
1214	1281
1214	1351
1215	1311
1215	1571
1216	1576
1222	1488
1223	1254
1223	1387
1225	1331
1225	1557
1226	1306
1228	1289
1228	1346
1228	1421
1231	1449
1232	1361
1232	1516
1232	1574
1233	1342
1233	1518
1234	1486
1234	1506
1235	1490
1237	1534
1239	1366
1240	1345
1242	1599
1249	1273
1249	1364
1250	1257
1250	1272
1252	1374
1253	1487
1253	1550
1255	1274
1257	1478
1258	1385
1259	1261
1259	1433
1259	1437
1259	1525
1260	1369
1261	1464
1264	1303
1264	1304
1264	1378
1264	1484
1266	1301
1266	1319
1267	1358
1267	1373
1270	1429
1270	1440
1270	1456
1271	1380
1272	1499
1273	1385
1273	1505
1274	1317
1275	1429
1275	1430
1276	1498
1277	1347
1278	1445
1279	1352
1279	1521
1280	1586
1281	1492
1283	1329
1283	1543
1285	1333
1288	1450
1288	1535
1290	1494
1291	1468
1291	1507
1293	1481
1293	1495
1294	1316
1294	1417
1294	1573
1297	1355
1298	1318
1298	1408
1298	1478
1298	1504
1301	1442
1303	1399
1303	1594
1304	1361
1304	1580
1310	1348
1311	1341
1311	1594
1312	1350
1313	1422
1315	1531
1317	1454
1318	1437
1320	1576
1322	1490
1323	1327
1324	1410
1329	1387
1331	1488
1332	1449
1335	1454
1335	1560
1341	1387
1344	1581
1345	1511
1346	1446
1348	1410
1349	1525
1351	1403
1351	1506
1353	1416
1353	1525
1359	1599
1360	1555
1361	1531
1363	1538
1363	1580
1364	1526
1366	1413
1366	1468
1367	1368
1367	1514
1367	1579
1368	1435
1368	1491
1371	1407
1371	1571
1375	1583
1377	1383
1377	1585
1378	1463
1383	1492
1384	1420
1384	1568
1385	1465
1385	1540
1387	1469
1388	1495
1392	1456
1392	1524
1394	1578
1397	1543
1397	1582
1399	1435
1403	1415
1403	1454
1405	1459
1405	1576
1409	1414
1410	1534
1411	1572
1427	1514
1429	1544
1434	1547
1435	1507
1436	1569
1437	1442
1448	1496
1452	1516
1457	1585
1458	1556
1460	1494
1460	1540
1464	1514
1471	1516
1471	1570
1472	1494
1476	1510
1483	1571
1483	1583
1493	1532
1493	1556
1493	1559
1502	1507
1504	1538
1505	1593
1513	1577
1515	1572
1521	1587
1531	1543
1572	1590
1574	1587