0	317
0	556
0	1065
0	1209
0	1309
0	1444
1	858
1	958
1	1489
2	362
2	677
2	884
2	1035
3	134
3	332
3	1065
3	1075
4	1035
4	1096
4	1472
5	59
5	93
5	169
5	482
5	1390
5	1412
6	409
6	799
6	969
7	520
7	667
7	1061
7	1342
7	1494
8	68
8	129
8	1396
8	1429
9	198
9	327
9	678
9	1404
9	1454
9	1543
9	1547
9	1550
10	126
11	391
11	408
11	608
11	611
11	781
11	1142
11	1428
11	1513
11	1548
12	465
12	744
12	1056
12	1123
12	1212
12	1556
13	71
13	772
13	1406
14	1273
14	1595
15	17
15	618
15	1224
16	221
16	826
16	1257
16	1262
17	41
17	67
17	610
17	631
17	913
18	311
19	228
19	558
19	1294
20	274
20	315
20	393
20	610
20	867
21	287
21	872
21	1294
21	1334
22	58
22	490
22	1543
22	1555
22	1566
23	398
23	937
23	1472
23	1594
24	46
24	472
24	648
24	1216
24	1249
24	1303
24	1573
25	74
25	76
25	155
25	700
25	1120
25	1206
25	1240
25	1250
25	1402
26	122
26	423
26	546
26	747
26	1570
27	82
27	479
27	552
27	1019
27	1068
27	1105
28	138
28	413
28	542
28	1550
29	661
29	759
29	863
29	1227
29	1315
29	1330
29	1339
30	46
30	345
30	641
30	803
30	1297
31	816
31	1009
31	1130
31	1170
31	1174
32	319
32	547
32	1288
33	124
33	607
33	717
34	120
34	499
35	509
35	781
35	935
35	1500
36	773
36	801
36	1270
37	409
37	956
37	1225
38	72
38	327
38	332
39	407
39	547
39	1269
39	1530
40	341
40	890
40	1519
41	167
41	540
41	759
41	836
41	969
41	1007
41	1136
42	78
42	480
42	756
42	1555
43	137
43	305
43	429
43	629
43	968
44	250
44	1161
45	50
45	808
45	1413
46	210
46	714
46	1255
47	1078
47	1210
47	1576
48	464
48	533
48	667
48	1085
48	1373
48	1384
49	156
49	529
49	627
49	1281
50	324
50	660
50	862
50	1162
50	1347
51	682
52	566
52	928
52	1451
52	1584
53	168
53	260
53	1015
53	1184
53	1352
54	133
54	238
54	1380
54	1567
55	295
55	537
55	902
55	1013
55	1096
56	158
56	270
56	477
56	1557
57	104
57	196
57	232
58	807
58	842
58	1196
58	1208
58	1302
58	1395
60	264
60	388
60	654
60	674
60	1023
60	1299
60	1363
60	1465
60	1483
61	555
61	571
61	812
61	1194
62	614
62	635
62	671
62	784
62	818
63	168
63	554
63	615
63	797
64	1580
65	1361
66	284
66	567
66	1413
67	510
67	664
67	1448
68	203
68	379
68	459
68	617
69	243
69	981
69	1146
69	1350
69	1388
70	456
70	665
70	1285
70	1566
71	550
71	616
71	818
71	1087
71	1323
71	1526
72	740
72	1087
72	1167
72	1253
72	1370
73	926
73	1070
73	1448
74	79
74	403
74	943
74	983
74	1507
75	306
75	951
75	1219
75	1478
75	1488
76	606
76	800
76	1179
77	162
77	213
77	453
77	537
77	1447
77	1564
78	773
78	1263
78	1383
79	304
80	81
80	246
80	651
81	1000
81	1342
82	141
82	545
82	764
82	903
83	826
83	1155
84	463
84	765
85	615
85	1348
85	1552
85	1597
86	175
86	334
86	1141
86	1509
87	452
87	459
87	1280
87	1514
88	91
88	1069
88	1350
89	338
89	355
89	1195
90	180
90	388
91	511
91	915
91	1314
92	354
92	832
92	1091
92	1262
92	1406
93	97
93	284
93	1208
94	237
94	303
94	399
94	980
94	1447
95	269
95	338
95	557
95	570
95	734
95	918
96	479
96	1406
97	907
97	1306
97	1530
97	1557
98	300
98	402
99	270
99	1068
100	358
100	555
101	110
101	174
101	301
101	826
101	1260
102	288
102	310
102	868
102	1167
102	1204
103	683
103	843
103	1022
103	1109
103	1453
103	1503
103	1592
104	570
104	1186
104	1458
105	470
105	516
105	687
105	1585
106	720
106	804
106	861
106	1032
107	368
107	733
107	900
107	1253
107	1480
108	274
108	456
108	1169
108	1278
109	614
109	895
109	934
109	1067
109	1299
110	741
110	1098
110	1424
110	1483
110	1565
110	1589
111	570
111	1357
111	1599
112	158
112	284
112	1174
112	1407
112	1587
113	149
113	155
113	677
113	915
113	1088
114	706
114	759
114	796
114	1177
115	207
116	305
116	612
116	1550
117	438
117	1235
117	1579
118	380
118	1206
118	1297
119	149
119	243
119	284
119	411
119	532
119	1212
120	682
120	825
120	1397
121	527
121	726
122	415
122	606
122	763
122	866
122	1216
123	456
123	466
123	922
124	311
124	314
124	629
124	635
124	643
124	846
125	318
125	571
125	887
125	929
125	1596
126	1058
127	242
127	299
127	1027
127	1413
127	1433
127	1491
127	1583
128	198
128	363
129	821
129	1075
130	134
130	312
130	885
130	887
130	1056
130	1187
130	1478
130	1567
131	475
131	538
131	625
132	998
133	496
133	901
134	272
134	479
134	889
134	1104
134	1111
134	1238
134	1285
134	1412
135	392
135	435
135	488
135	725
136	745
137	575
137	601
137	909
137	1403
137	1433
138	633
138	833
138	1119
139	220
139	283
139	289
140	176
140	417
140	862
140	1159
140	1255
140	1365
140	1432
140	1479
141	166
141	754
141	817
141	928
142	535
142	654
142	1526
143	472
143	723
143	1221
144	359
144	472
144	722
144	809
144	814
144	911
144	1314
145	952
145	1062
145	1179
145	1342
145	1547
146	357
146	555
146	630
146	1062
146	1309
146	1490
147	601
147	1051
147	1420
148	648
148	860
148	1341
148	1451
149	302
149	526
149	1189
150	411
150	1001
151	343
151	652
151	920
152	370
152	520
152	964
152	1097
153	618
153	660
153	899
153	983
153	1213
154	465
154	1089
154	1289
155	471
155	660
155	1039
156	432
156	494
156	861
156	955
156	1281
156	1400
156	1522
156	1561
156	1589
157	466
157	578
157	723
158	207
158	404
158	580
158	760
158	806
158	998
158	1031
158	1563
159	409
159	756
159	1351
159	1357
159	1397
159	1525
160	507
161	557
161	972
161	1085
162	545
162	622
162	972
162	1323
163	265
163	310
163	1325
164	264
164	318
164	753
164	963
164	1052
164	1364
164	1594
165	429
165	1270
165	1284
165	1356
165	1382
166	638
167	547
167	580
167	1062
167	1339
168	320
168	893
168	928
168	1080
169	542
169	759
169	1315
169	1391
170	197
170	263
170	602
170	695
170	735
170	774
170	1119
171	912
172	219
172	1380
172	1453
173	666
173	1062
173	1185
173	1546
174	609
174	759
174	1055
174	1063
174	1142
174	1199
175	334
175	593
175	859
175	885
175	1136
175	1534
176	248
176	256
176	391
176	1178
176	1339
176	1436
176	1441
177	400
177	525
177	662
177	1392
177	1436
178	369
178	697
178	953
178	984
178	1118
178	1457
178	1539
178	1545
179	228
179	949
180	869
180	1240
180	1508
181	324
181	828
181	1134
181	1179
182	370
182	733
182	746
182	1066
183	754
183	1402
184	317
184	384
184	533
184	892
184	1340
184	1454
185	522
185	707
185	1245
186	192
186	497
186	891
186	1008
186	1224
187	447
187	505
187	737
187	959
187	1150
187	1386
188	192
188	577
188	901
188	1162
188	1534
189	600
189	683
189	757
189	818
189	1090
190	770
190	924
190	972
190	1209
190	1419
191	722
191	1074
191	1312
191	1507
192	221
192	247
192	587
192	622
192	852
193	363
193	460
193	1221
194	238
194	262
195	1410
195	1451
196	323
197	1514
197	1594
198	606
198	671
198	882
198	999
198	1491
199	567
199	1193
199	1465
200	285
200	320
200	389
200	393
200	637
201	301
201	512
201	1495
202	275
202	1001
202	1128
203	417
203	526
203	914
203	952
203	1163
203	1200
203	1403
203	1537
204	295
204	323
204	928
204	1026
204	1071
204	1502
205	305
205	1068
206	227
206	1328
206	1533
208	436
208	486
208	687
208	911
208	1442
209	331
209	343
209	695
209	783
209	1273
209	1451
210	457
210	728
211	402
211	475
211	482
211	778
211	949
211	1478
212	378
213	428
213	972
213	1113
214	274
214	641
214	888
215	551
215	1184
216	701
216	846
217	1306
217	1422
217	1547
218	446
218	548
218	884
219	552
219	706
219	863
219	1066
220	453
220	627
220	795
221	336
221	874
221	1400
222	242
222	340
222	732
222	1349
222	1367
223	1199
223	1556
224	281
224	1245
224	1280
225	514
225	588
225	779
225	948
225	975
226	256
226	401
226	506
226	614
226	727
226	1127
226	1566
227	1270
227	1399
228	813
228	1009
228	1372
229	288
229	1070
229	1261
230	878
230	1128
230	1263
231	1018
231	1410
232	653
232	837
232	1019
232	1461
233	977
233	1271
234	257
234	507
234	536
234	1158
235	636
235	1058
235	1238
236	514
236	692
236	1392
237	244
237	923
237	979
237	1234
237	1264
237	1566
238	525
238	705
238	1209
239	734
239	748
239	961
239	1040
239	1280
239	1470
239	1552
240	481
240	805
241	333
241	829
241	830
241	1191
242	278
243	1466
243	1559
244	1335
244	1399
244	1431
245	408
245	481
245	773
246	293
246	572
246	1353
246	1422
246	1535
247	606
247	932
247	965
248	415
248	956
248	1166
248	1261
248	1352
248	1588
249	288
249	751
249	1218
250	310
250	401
250	745
250	1186
250	1444
251	463
251	640
251	1239
251	1528
252	289
252	503
252	613
252	1216
252	1232
252	1527
253	943
253	1449
253	1512
253	1575
254	561
254	1499
255	1034
255	1206
256	683
256	860
256	907
256	1211
256	1297
257	1272
257	1401
258	1325
258	1338
259	516
259	725
259	759
259	866
259	1161
260	927
260	1240
261	481
261	533
261	632
261	814
261	1484
262	1397
263	749
263	1106
263	1111
263	1257
263	1396
263	1506
264	541
264	544
264	578
264	1084
264	1247
264	1425
265	445
265	978
265	1584
266	274
266	1047
266	1444
267	279
267	649
267	802
267	1082
268	1216
268	1336
268	1571
269	1141
269	1557
270	333
270	576
270	1116
270	1526
271	308
271	1104
271	1243
271	1246
271	1300
272	304
272	423
272	577
272	634
272	995
272	1529
272	1563
273	290
273	610
273	1077
273	1427
273	1478
274	756
274	1360
274	1362
274	1517
275	474
275	636
275	679
275	1335
276	776
277	1512
278	892
278	1428
279	389
279	419
279	583
279	1058
279	1162
279	1547
280	483
280	584
280	595
280	673
280	938
280	1231
281	364
281	409
281	562
281	1421
282	566
282	1150
283	319
283	422
283	898
284	315
284	559
284	821
284	828
284	857
284	993
284	1189
284	1462
284	1490
285	387
285	1388
285	1530
285	1565
286	1230
286	1256
287	343
287	406
288	772
288	1029
289	308
289	333
289	766
289	1302
290	594
290	744
290	951
290	1571
291	908
291	970
291	975
291	1384
292	1120
292	1287
293	378
293	974
293	1014
293	1535
294	422
294	578
294	639
294	1576
295	472
295	1134
295	1154
295	1345
296	1199
297	379
297	796
297	1128
297	1499
298	1341
299	317
299	471
299	661
299	1160
299	1187
299	1302
299	1433
299	1540
300	1158
301	522
301	738
301	786
301	1186
302	831
302	1171
303	643
303	1287
303	1305
304	349
304	507
304	610
304	795
304	977
304	1306
305	394
305	1194
305	1259
305	1407
306	415
306	426
306	534
306	642
306	874
307	430
307	965
307	1294
308	1158
308	1488
308	1532
309	944
309	1020
309	1081
309	1096
310	408
310	498
310	1066
311	764
311	784
311	1025
311	1545
312	485
312	886
312	1234
312	1280
313	901
313	1581
314	340
314	803
314	929
315	346
315	587
315	810
315	1168
315	1423
316	1405
316	1540
317	403
317	812
318	484
318	568
318	573
318	1143
318	1483
319	384
319	1040
319	1266
320	1203
321	573
321	1289
322	343
323	689
323	1084
324	569
324	862
324	951
324	1048
325	1170
326	813
327	337
327	397
327	609
327	776
327	1235
328	374
328	508
328	761
328	1356
329	551
329	788
329	1031
329	1088
330	1026
331	849
331	878
331	1513
332	356
332	866
332	878
332	960
332	1387
332	1471
332	1475
333	1312
333	1316
334	393
334	544
334	619
334	1237
334	1555
335	417
335	638
335	862
335	1088
335	1405
336	532
336	779
336	1040
336	1208
336	1261
336	1335
336	1368
336	1380
337	619
337	949
337	1265
338	444
338	520
338	974
338	1558
339	1009
339	1013
339	1445
340	868
340	980
340	1395
340	1500
341	413
341	492
341	626
341	1233
341	1256
342	833
342	835
342	1189
343	818
343	1081
344	895
345	467
345	876
345	963
345	1216
345	1332
345	1380
346	987
346	1321
347	380
347	1012
348	427
348	1480
349	548
349	1253
350	610
351	377
351	700
351	709
351	872
351	953
351	1345
351	1541
352	473
352	703
352	738
352	741
352	1370
352	1402
353	646
353	702
353	899
353	1254
354	421
354	1027
354	1583
355	673
355	784
355	999
355	1024
355	1230
355	1350
355	1377
355	1417
356	357
356	480
356	1516
358	721
358	850
358	1382
359	373
359	882
359	1404
360	497
360	773
360	1005
360	1016
360	1258
361	643
361	1563
361	1564
361	1583
362	392
362	510
363	784
363	1428
364	1198
365	475
365	774
365	1051
366	1472
367	500
367	1004
367	1245
367	1337
367	1468
368	620
368	1021
368	1347
368	1450
369	378
369	1065
369	1188
369	1530
370	870
370	1134
371	622
371	721
371	981
372	472
372	571
372	825
372	895
372	974
373	574
374	666
374	682
374	1561
375	782
375	1082
376	1271
376	1589
377	1215
377	1438
378	1065
378	1163
378	1413
378	1584
379	455
379	938
380	410
380	539
380	896
380	998
380	1026
380	1215
381	512
382	771
383	863
384	596
384	890
384	1512
385	545
385	983
385	990
386	1098
386	1469
387	485
387	661
387	740
387	751
387	864
387	899
387	1370
387	1564
388	1052
388	1212
388	1328
389	694
389	1024
389	1193
389	1460
390	1293
390	1544
391	591
391	701
391	914
391	916
391	1112
391	1160
392	642
392	727
392	1427
393	579
393	896
393	1266
393	1505
394	740
394	1227
395	1130
396	428
396	911
396	1068
396	1119
396	1268
396	1353
397	440
397	450
397	1533
398	529
399	831
399	1009
399	1054
399	1269
400	427
400	686
400	1294
400	1577
401	619
401	1050
401	1064
401	1543
402	478
402	689
402	724
402	1399
402	1538
403	1073
404	463
404	498
404	748
404	1057
405	1119
406	427
406	711
406	851
406	1412
406	1597
407	660
407	1030
407	1536
408	939
408	1287
408	1335
409	1015
409	1033
409	1581
410	582
410	1126
410	1167
410	1368
411	469
411	510
412	760
412	1429
412	1449
413	532
413	729
413	760
413	896
413	1030
413	1155
413	1393
414	1182
415	837
415	989
415	1216
415	1386
415	1580
416	704
416	838
416	862
417	589
417	634
417	875
417	1485
418	735
418	774
418	1365
418	1458
419	708
420	955
420	1024
420	1248
420	1517
421	453
421	1118
422	1065
422	1069
422	1128
423	757
423	1074
423	1376
423	1572
424	931
424	1037
424	1113
425	631
425	1026
425	1048
425	1150
426	746
426	1320
426	1393
426	1463
427	853
427	983
427	1131
427	1143
428	588
428	887
428	1310
428	1456
429	642
429	736
430	744
430	1135
430	1280
430	1281
430	1346
431	1212
432	550
432	611
432	1249
433	548
433	599
433	607
433	1281
433	1587
434	543
434	761
434	765
434	833
435	616
435	1072
436	784
436	1030
437	653
437	1086
438	819
439	854
440	562
440	1126
441	919
441	1417
441	1579
442	498
442	604
442	1389
442	1405
443	628
444	507
444	1413
444	1553
446	1542
446	1563
447	787
447	879
447	1132
448	567
448	668
449	808
449	877
449	1028
449	1119
450	503
450	630
450	689
450	1373
451	646
451	831
451	857
451	1046
451	1365
452	536
452	567
452	607
452	815
452	1008
452	1374
452	1390
453	894
454	492
454	710
454	1229
454	1262
454	1396
454	1506
454	1510
455	1230
455	1285
455	1434
456	570
456	980
456	1392
456	1512
457	598
457	1057
458	1381
459	854
459	891
459	1133
459	1157
460	485
460	1176
460	1393
461	1342
461	1426
462	832
463	554
463	895
463	1188
463	1213
463	1441
464	932
465	761
465	1415
466	514
466	1084
466	1131
467	701
467	820
468	1041
468	1371
468	1482
469	780
469	843
469	846
469	1061
469	1142
469	1151
469	1357
470	633
470	642
470	1026
470	1407
470	1439
471	1130
471	1479
472	1492
473	1512
474	902
474	1202
474	1492
475	1429
476	856
477	488
477	1308
478	942
479	1110
479	1251
480	778
480	855
480	1216
481	595
481	752
481	1103
481	1471
483	870
483	1083
484	999
484	1065
484	1465
485	927
486	614
486	1033
486	1219
486	1468
487	675
487	717
487	949
487	964
488	548
488	1065
488	1148
489	563
489	845
489	1523
490	666
491	836
491	1070
491	1277
492	753
493	655
493	722
493	753
494	1051
494	1309
494	1505
495	688
496	1307
496	1498
497	667
497	851
497	966
497	1143
498	1537
499	1077
499	1105
499	1555
500	830
500	1373
501	1146
502	608
503	809
503	1027
503	1208
504	1018
504	1088
505	1136
506	687
506	1373
507	753
509	518
509	836
509	1259
510	850
511	558
511	607
511	618
511	768
511	848
511	990
511	1002
511	1060
512	1008
513	862
513	1082
513	1208
513	1393
514	1073
514	1194
514	1280
515	737
515	1007
515	1016
516	522
516	898
516	1287
516	1297
516	1345
517	1551
518	1122
518	1256
519	669
519	1361
520	629
520	730
520	774
520	1196
520	1229
520	1564
521	1336
523	603
523	1107
523	1129
524	1031
524	1164
524	1253
525	1105
526	730
526	892
527	1053
527	1218
528	895
528	1336
528	1381
529	844
529	1184
530	636
530	1058
530	1222
530	1244
531	884
531	1506
532	883
532	1019
532	1475
533	827
533	1132
534	737
534	783
534	1013
534	1136
534	1165
535	666
535	843
535	962
535	1216
535	1240
535	1425
536	871
537	1179
537	1296
538	1043
538	1156
539	545
539	937
539	1523
540	663
541	883
542	551
542	1190
543	616
543	672
543	1127
543	1283
543	1453
543	1574
543	1592
544	586
544	984
546	645
546	758
546	1288
547	1069
547	1098
547	1151
547	1411
548	599
548	1403
549	727
549	913
549	1124
549	1163
549	1234
549	1587
550	974
550	1405
550	1492
551	588
551	1039
551	1427
553	1250
554	1382
554	1490
554	1584
555	1187
555	1384
555	1575
556	648
556	1198
557	750
557	1052
557	1372
557	1429
557	1510
557	1520
557	1598
559	770
559	1069
559	1521
559	1533
560	650
560	815
560	1062
560	1156
560	1230
560	1549
561	955
561	1150
562	869
562	1396
562	1440
563	591
563	692
563	774
563	882
563	1454
563	1512
564	640
564	905
564	914
564	1511
565	655
565	1214
565	1323
566	794
566	1049
566	1209
567	743
567	1118
568	599
568	1431
569	968
569	1139
570	665
570	1212
570	1457
571	696
571	1018
571	1237
571	1411
572	937
572	1426
574	840
575	1372
575	1468
576	897
576	1276
576	1592
577	1180
578	753
578	908
579	854
580	1528
581	741
581	1258
582	1220
584	1236
585	1478
587	1521
587	1544
588	700
589	781
590	741
590	956
590	1068
590	1504
591	807
591	1273
591	1293
591	1305
592	1501
593	1211
593	1394
594	771
594	1582
595	1131
595	1263
596	924
596	974
597	1374
598	1104
598	1451
599	1197
600	823
600	1302
601	830
601	857
601	1018
601	1115
601	1159
601	1344
602	996
603	862
603	1276
603	1422
604	925
604	1480
604	1513
605	1511
606	1498
607	1336
607	1493
608	657
608	1261
608	1412
608	1431
609	770
609	1020
609	1538
610	762
610	1170
610	1366
610	1376
611	1304
612	686
612	1408
612	1458
613	677
613	1467
613	1506
615	988
615	1285
616	1450
618	1020
618	1450
618	1517
619	923
619	1205
619	1384
620	1120
620	1324
620	1481
621	981
621	1288
621	1590
622	848
622	863
623	772
623	1072
623	1121
623	1169
623	1533
624	734
624	870
624	1374
624	1448
624	1469
626	1043
626	1083
626	1372
627	740
627	1478
628	866
628	1077
628	1320
628	1595
629	641
629	694
629	860
629	902
630	849
630	1034
630	1315
630	1342
630	1460
631	748
631	872
631	918
631	1177
631	1451
631	1561
632	856
632	1069
633	722
633	1009
634	959
634	1333
634	1359
634	1564
635	700
635	911
635	1228
635	1503
636	721
636	896
637	1088
638	785
638	1240
639	756
639	1151
640	1012
640	1137
640	1216
640	1509
641	754
641	1389
642	646
642	890
642	1508
643	889
643	1112
643	1499
643	1594
644	821
644	896
644	1546
645	1510
646	974
646	1182
647	822
647	847
647	946
647	1182
648	726
648	1260
648	1396
648	1415
649	739
649	1235
649	1236
649	1440
650	784
650	988
650	1360
651	1271
651	1561
652	849
653	753
653	1021
654	856
654	1405
655	1516
656	1003
656	1415
656	1486
657	1372
658	1403
659	709
659	1060
660	939
660	979
660	1234
660	1251
660	1299
660	1362
662	1350
663	1418
663	1583
664	1586
665	1193
665	1259
665	1396
666	1207
666	1344
667	1162
668	818
668	1489
669	688
669	1341
669	1475
670	958
671	755
671	803
671	996
671	1128
672	727
672	876
672	1398
673	928
673	983
673	1483
674	1253
675	682
675	1314
675	1343
676	847
676	1135
677	800
677	1296
678	740
678	855
678	1044
679	1393
680	1111
680	1121
680	1465
680	1494
680	1498
681	1128
681	1313
682	705
682	1299
682	1366
682	1413
683	1470
684	1505
685	945
686	1095
686	1304
686	1571
687	701
687	1486
687	1579
688	1051
688	1561
689	978
689	1289
690	1134
690	1172
690	1294
690	1326
690	1545
691	969
691	1177
691	1181
691	1598
692	749
692	791
692	966
692	1211
692	1277
693	1414
693	1493
694	1047
695	776
695	1106
696	883
696	1254
697	1062
698	1077
699	834
699	1508
700	932
700	1031
700	1580
701	1107
701	1295
702	1280
702	1597
703	867
703	1151
704	803
704	852
704	1441
706	918
706	1188
706	1541
706	1595
707	1288
708	1259
709	1316
710	852
710	894
710	1000
710	1214
710	1453
711	950
711	1192
711	1343
711	1348
711	1466
712	795
712	1145
712	1282
713	937
713	1435
714	956
715	913
715	1127
715	1243
716	1041
717	1413
718	804
719	722
719	895
719	951
719	983
719	1008
719	1435
720	1388
720	1395
721	1459
722	869
722	988
722	1534
723	853
723	1158
723	1191
724	828
724	927
724	1541
725	1557
726	748
726	990
726	1360
726	1541
727	884
728	1229
730	1330
731	879
731	936
731	1094
731	1459
733	1213
733	1249
734	1318
734	1348
734	1498
735	1013
735	1040
735	1290
736	1050
736	1084
736	1397
736	1562
738	1578
739	1033
739	1083
741	747
741	926
741	1057
741	1493
742	1035
743	1128
743	1552
745	1410
746	830
746	1076
746	1084
746	1319
746	1346
746	1523
747	1052
748	937
748	1159
748	1464
750	821
750	886
750	982
751	1025
751	1169
752	804
753	979
753	1491
754	880
754	883
754	899
754	984
755	1355
755	1419
756	921
756	1011
756	1337
757	1036
757	1437
759	1393
759	1540
760	888
760	1315
761	928
761	1079
761	1251
761	1258
761	1556
764	1117
764	1398
766	789
766	1589
767	854
769	868
769	1180
769	1218
769	1249
769	1528
770	1030
770	1583
771	1092
771	1313
771	1587
772	1037
773	906
773	927
775	1179
775	1255
776	871
776	1117
777	893
777	1389
777	1441
778	938
778	1190
778	1442
778	1565
780	1361
781	1246
781	1478
781	1535
782	864
782	1312
783	976
783	1090
783	1438
784	907
784	1045
785	791
785	1078
785	1479
786	826
786	964
786	1105
786	1553
787	793
787	1354
788	1010
790	850
790	1154
790	1177
791	1181
791	1373
792	855
792	1322
792	1428
793	1210
794	1144
795	882
795	1069
795	1082
796	939
796	1556
797	1308
798	821
798	987
799	1386
799	1527
800	1148
800	1271
801	1396
803	1542
805	884
805	1154
805	1494
805	1585
806	812
806	950
806	1342
807	1009
809	1137
809	1189
809	1263
809	1391
811	1451
812	1196
812	1276
812	1355
812	1546
813	1143
813	1162
813	1283
814	1389
814	1432
815	1332
815	1522
815	1527
816	914
816	935
817	953
817	1258
818	835
818	930
818	1455
819	1391
819	1559
820	988
820	1265
821	1035
821	1370
822	993
822	1027
822	1098
822	1112
822	1449
823	1188
824	1549
825	1234
825	1307
825	1368
826	896
826	1003
826	1011
826	1052
826	1247
827	1002
827	1315
827	1337
827	1440
827	1525
828	830
828	1029
828	1039
828	1266
828	1524
829	1096
829	1252
830	1558
831	1175
831	1267
832	900
832	1043
832	1209
832	1292
832	1587
832	1589
833	1078
833	1588
835	1091
836	1497
837	1086
837	1379
838	1027
839	1082
839	1583
840	1073
840	1462
841	927
841	1229
841	1479
841	1596
842	1430
842	1599
844	1478
845	1331
846	1127
846	1237
848	1238
849	1035
849	1099
849	1485
852	1196
853	1450
854	947
855	1509
858	1504
861	944
863	1251
863	1599
864	1098
865	1402
866	1273
866	1397
867	1057
867	1523
868	1004
868	1276
869	970
869	994
869	1161
869	1486
870	1040
871	1186
871	1452
872	1026
872	1466
873	1442
874	1142
874	1546
874	1566
876	1282
876	1556
877	1330
879	1169
880	943
880	967
880	1166
880	1257
881	1017
881	1147
881	1230
881	1554
882	1598
883	894
883	1442
884	1345
884	1369
885	1511
886	1091
887	1282
888	1061
888	1111
889	1101
889	1213
890	1172
890	1353
890	1496
892	1278
892	1309
892	1498
894	1083
894	1543
895	920
895	1440
896	1316
896	1378
898	1268
899	1162
899	1174
899	1210
900	1369
901	1203
901	1441
901	1442
902	1425
902	1519
903	994
903	1361
903	1531
904	1175
904	1587
905	1057
905	1107
905	1251
905	1368
906	1551
907	1352
908	1038
908	1039
908	1285
908	1460
909	1132
910	966
911	1217
913	1537
914	956
915	954
915	1112
915	1464
916	1095
916	1136
916	1484
916	1531
917	924
917	1042
917	1254
918	1567
919	938
919	1192
919	1295
921	1203
922	1252
922	1261
923	1019
924	1170
924	1220
926	1238
927	1116
927	1437
928	960
928	988
929	1061
929	1529
930	1017
930	1405
930	1565
932	1050
932	1424
933	1540
935	1421
935	1486
935	1599
936	1015
937	1088
938	1294
939	1084
939	1583
940	1042
940	1589
941	984
942	1096
944	1088
944	1265
946	961
946	1001
946	1064
947	1191
947	1495
948	994
949	1031
949	1200
951	1295
951	1310
952	964
952	1026
954	1518
955	966
957	1308
958	1202
959	1125
959	1469
959	1548
960	1092
961	997
962	975
963	1176
964	1324
965	1233
965	1380
965	1584
966	979
967	1061
967	1197
967	1221
967	1449
968	1258
969	1484
970	1461
971	1033
971	1338
971	1400
972	1321
973	1401
974	1116
974	1186
974	1356
974	1564
974	1576
975	1365
975	1408
975	1466
976	1454
977	1053
977	1297
977	1530
980	1533
981	999
982	1479
982	1519
983	1163
983	1199
983	1572
984	1190
984	1570
985	1031
985	1113
985	1270
985	1331
986	1107
986	1134
987	1404
988	1572
988	1591
989	1047
989	1363
991	1283
992	1564
992	1597
993	1017
993	1126
994	1430
995	1397
995	1591
997	1244
997	1453
997	1454
998	1550
999	1242
999	1277
999	1373
999	1411
1000	1183
1000	1236
1000	1317
1002	1054
1002	1478
1003	1144
1003	1155
1003	1368
1003	1381
1003	1488
1004	1210
1004	1305
1004	1489
1004	1577
1005	1023
1005	1024
1005	1436
1006	1350
1006	1582
1007	1521
1007	1525
1008	1384
1009	1248
1010	1066
1010	1140
1010	1496
1011	1049
1011	1109
1011	1317
1011	1332
1012	1256
1013	1589
1014	1158
1015	1216
1015	1446
1016	1045
1017	1437
1018	1023
1019	1245
1019	1246
1021	1230
1021	1322
1022	1030
1023	1151
1023	1495
1024	1107
1024	1208
1024	1529
1027	1445
1028	1310
1029	1298
1029	1445
1030	1044
1031	1321
1032	1545
1034	1231
1034	1427
1036	1184
1036	1233
1036	1563
1036	1595
1037	1042
1038	1454
1040	1049
1041	1241
1041	1381
1042	1150
1042	1321
1042	1454
1043	1537
1045	1209
1046	1543
1047	1139
1047	1157
1047	1293
1047	1307
1047	1347
1047	1520
1048	1180
1048	1287
1048	1457
1049	1514
1050	1281
1050	1294
1050	1476
1050	1582
1051	1303
1051	1330
1051	1409
1053	1068
1053	1189
1054	1164
1054	1178
1054	1201
1056	1059
1056	1407
1057	1339
1061	1250
1061	1562
1062	1292
1062	1504
1064	1384
1065	1315
1065	1422
1066	1310
1066	1380
1067	1120
1068	1532
1069	1101
1069	1259
1069	1325
1070	1244
1070	1280
1071	1392
1071	1488
1073	1210
1073	1554
1075	1512
1076	1178
1076	1202
1078	1249
1078	1338
1078	1584
1080	1358
1081	1329
1081	1587
1083	1098
1083	1336
1083	1394
1085	1187
1085	1375
1086	1405
1088	1565
1090	1153
1090	1341
1090	1382
1090	1396
1091	1271
1092	1403
1092	1456
1093	1353
1093	1509
1096	1275
1097	1157
1097	1229
1097	1236
1097	1274
1097	1324
1098	1157
1098	1404
1099	1293
1099	1538
1100	1291
1102	1204
1102	1426
1105	1280
1107	1281
1108	1536
1109	1169
1109	1184
1110	1146
1110	1219
1110	1323
1110	1552
1111	1352
1112	1130
1112	1261
1114	1220
1114	1596
1116	1289
1116	1558
1118	1201
1119	1372
1119	1432
1120	1484
1121	1546
1121	1560
1122	1453
1123	1309
1124	1488
1126	1390
1126	1399
1134	1247
1134	1464
1135	1385
1136	1226
1136	1315
1136	1578
1137	1198
1137	1510
1138	1346
1138	1474
1140	1384
1142	1297
1142	1332
1144	1206
1144	1391
1144	1526
1145	1443
1146	1370
1149	1405
1150	1430
1151	1223
1151	1548
1152	1203
1152	1417
1152	1480
1154	1209
1154	1423
1156	1301
1158	1296
1158	1595
1159	1342
1159	1450
1159	1576
1162	1324
1163	1256
1163	1556
1164	1506
1164	1554
1165	1513
1166	1383
1166	1522
1167	1218
1167	1392
1167	1459
1167	1503
1169	1375
1169	1590
1170	1182
1170	1456
1171	1269
1171	1469
1172	1566
1173	1560
1174	1280
1175	1256
1175	1410
1176	1217
1178	1470
1181	1377
1183	1420
1185	1355
1186	1540
1187	1471
1187	1569
1188	1275
1190	1586
1191	1208
1191	1355
1192	1194
1194	1237
1195	1496
1196	1398
1197	1372
1198	1401
1200	1397
1200	1437
1202	1263
1203	1364
1204	1588
1205	1301
1206	1376
1208	1237
1212	1420
1214	1253
1214	1289
1214	1574
1215	1334
1216	1334
1216	1440
1217	1567
1219	1224
1219	1383
1219	1402
1220	1450
1221	1255
1224	1437
1225	1343
1225	1371
1225	1394
1226	1456
1228	1294
1229	1309
1230	1392
1231	1289
1232	1380
1232	1565
1233	1441
1235	1289
1235	1572
1237	1404
1238	1367
1238	1427
1241	1407
1241	1564
1242	1552
1244	1525
1245	1478
1246	1342
1247	1518
1249	1387
1249	1408
1249	1410
1249	1460
1251	1552
1253	1481
1253	1488
1255	1363
1255	1477
1255	1516
1257	1342
1260	1404
1261	1351
1262	1401
1263	1583
1265	1345
1266	1317
1266	1366
1267	1501
1268	1269
1270	1305
1270	1369
1270	1411
1270	1429
1271	1574
1272	1289
1273	1428
1276	1500
1279	1394
1281	1338
1281	1490
1282	1337
1282	1574
1283	1565
1284	1456
1284	1520
1286	1480
1289	1592
1293	1411
1293	1527
1296	1439
1298	1415
1298	1552
1299	1355
1299	1424
1299	1465
1301	1345
1302	1359
1303	1490
1305	1449
1305	1464
1305	1581
1308	1566
1311	1436
1311	1555
1312	1530
1313	1451
1313	1506
1315	1373
1315	1536
1316	1507
1318	1340
1318	1564
1319	1327
1322	1384
1323	1349
1323	1389
1324	1445
1324	1570
1325	1420
1327	1334
1327	1368
1328	1515
1329	1473
1329	1564
1330	1427
1334	1342
1335	1528
1335	1562
1336	1428
1336	1468
1336	1535
1337	1575
1339	1396
1341	1511
1342	1527
1343	1481
1344	1507
1345	1388
1345	1525
1345	1598
1350	1592
1351	1540
1352	1539
1353	1362
1354	1509
1356	1374
1358	1445
1363	1539
1366	1499
1368	1411
1371	1384
1371	1437
1374	1527
1375	1427
1375	1441
1377	1593
1378	1517
1379	1451
1380	1391
1381	1473
1382	1581
1383	1450
1384	1480
1384	1487
1393	1473
1397	1589
1398	1480
1398	1549
1399	1506
1399	1592
1401	1426
1402	1555
1402	1569
1405	1487
1406	1513
1406	1555
1412	1434
1412	1577
1414	1480
1415	1524
1416	1468
1416	1488
1417	1588
1422	1516
1423	1573
1423	1585
1424	1513
1425	1501
1425	1519
1427	1489
1429	1555
1431	1597
1432	1475
1433	1442
1433	1522
1434	1466
1435	1493
1436	1579
1438	1518
1444	1446
1444	1568
1449	1530
1450	1482
1450	1561
1451	1547
1453	1593
1457	1458
1457	1496
1458	1512
1459	1532
1460	1552
1460	1587
1463	1483
1466	1589
1467	1547
1467	1577
1484	1549
1485	1571
1487	1541
1497	1573
1501	1522
1508	1539
1512	1590
1518	1551
1522	1525
1531	1567
1539	1560
1540	1581
1542	1585
1560	1591