0	280
0	1052
1	411
1	952
1	1057
1	1195
2	850
2	1098
2	1120
2	1485
3	278
3	474
3	487
3	620
3	1570
4	1410
5	324
5	1257
5	1289
6	97
6	1069
7	11
7	413
7	895
7	979
7	1376
8	48
8	95
9	413
9	1031
9	1206
9	1319
9	1373
9	1472
10	33
10	132
10	928
11	300
11	611
11	767
11	875
11	935
11	1410
12	369
12	549
12	752
13	85
13	174
13	185
13	799
14	117
14	454
14	466
14	1017
14	1509
14	1525
15	992
15	1220
16	381
16	485
16	712
16	960
16	1068
16	1132
16	1592
17	492
17	583
17	947
17	1263
18	100
18	499
18	1383
19	129
19	436
19	570
19	974
19	1114
19	1397
20	31
20	253
20	608
20	829
20	1219
21	25
21	100
21	226
21	1115
21	1454
21	1457
21	1558
22	86
22	188
22	270
22	536
22	1097
23	79
23	580
23	1418
24	145
24	696
24	1000
24	1203
24	1558
25	117
25	404
25	608
25	848
25	896
25	936
26	257
26	371
26	451
27	449
27	531
27	780
27	939
27	1074
27	1256
28	40
28	813
28	926
29	230
29	256
29	458
29	652
29	1157
30	100
30	207
30	745
30	962
30	1457
30	1583
31	497
31	1471
32	353
33	384
33	593
33	708
33	892
33	1084
34	132
34	1128
34	1257
34	1479
35	151
35	782
35	859
35	1123
35	1549
36	920
36	1299
37	921
38	83
38	794
38	913
38	931
39	446
39	737
39	1394
40	239
40	553
40	733
40	751
40	1063
40	1390
41	947
41	1006
42	387
42	495
42	558
42	677
42	771
43	94
43	606
43	620
43	909
43	1195
44	120
44	1025
44	1590
45	260
45	947
46	934
46	1046
46	1064
47	359
47	455
47	497
47	1063
47	1212
48	732
48	920
48	981
48	1324
49	1094
49	1393
49	1552
50	595
50	705
51	727
52	525
52	1273
52	1426
53	968
54	86
54	922
54	1445
55	129
55	868
56	103
56	148
56	149
56	278
56	433
56	490
56	529
56	649
56	1279
57	511
57	655
57	707
57	944
57	1573
58	64
58	436
58	735
58	924
58	1357
59	421
60	390
60	1202
61	235
61	1507
62	445
62	693
62	893
63	530
63	595
64	1047
64	1249
65	1022
66	880
66	1017
66	1437
67	830
68	316
68	765
69	672
69	798
69	826
69	903
69	1257
70	80
70	118
70	440
70	891
70	1018
70	1276
70	1502
71	209
71	495
71	644
71	1032
71	1088
71	1119
71	1161
71	1463
72	130
72	253
72	643
73	603
73	1118
73	1366
73	1399
74	360
74	775
74	1195
74	1345
74	1387
74	1518
74	1575
75	1087
75	1376
75	1415
75	1527
76	104
76	323
76	330
76	649
76	1128
76	1377
76	1471
77	636
78	953
79	746
79	1056
79	1246
80	930
80	985
80	1042
80	1243
80	1572
81	88
81	229
81	781
81	799
81	914
81	1041
81	1195
82	237
82	304
82	759
82	815
82	974
82	987
82	1265
82	1309
82	1531
83	659
83	1430
83	1559
84	1253
84	1319
85	981
85	1241
86	731
87	435
87	672
87	770
87	992
88	175
88	320
88	1199
88	1327
89	96
89	711
89	1503
90	370
90	1207
90	1280
90	1463
90	1489
91	120
92	150
92	168
92	198
92	870
92	1451
93	414
93	768
93	1050
93	1302
94	555
94	699
94	1522
95	340
95	342
95	865
95	1028
95	1048
95	1076
96	329
97	374
97	539
97	758
97	827
97	941
97	1014
97	1474
97	1513
98	115
98	747
98	1195
99	200
99	206
99	1272
100	623
100	946
100	1096
100	1391
101	1495
101	1574
102	292
102	511
102	659
102	696
102	805
103	218
103	759
103	1017
103	1285
104	130
104	372
104	457
104	510
104	521
104	1057
104	1058
104	1291
105	207
105	916
106	237
106	1531
107	1195
108	1467
108	1548
109	201
109	933
110	645
110	1293
110	1329
111	226
111	283
111	1021
111	1364
111	1393
112	1121
112	1305
112	1330
113	1219
113	1235
113	1349
114	250
114	669
114	906
114	1094
115	161
115	1070
116	375
116	904
116	1125
116	1147
116	1401
116	1447
118	512
118	526
118	666
119	164
119	501
119	1049
119	1053
119	1066
119	1559
120	1177
120	1189
120	1292
121	294
121	929
121	1154
121	1260
121	1306
122	330
122	1422
122	1565
123	365
123	426
123	653
123	710
123	915
123	1293
124	664
124	685
125	208
125	375
125	881
125	899
125	1091
126	210
126	599
126	662
126	880
126	919
126	1272
126	1314
127	383
127	417
127	822
127	1235
127	1562
128	299
129	281
129	414
129	1205
129	1322
129	1343
129	1360
129	1595
131	1045
131	1365
131	1451
132	434
132	1238
132	1483
133	472
133	627
133	1437
134	293
134	402
134	464
135	156
135	702
135	761
135	1400
136	156
137	446
137	471
137	543
137	609
137	1454
138	1161
139	570
139	672
139	1346
140	469
140	530
140	1406
141	270
141	1137
141	1498
142	443
142	516
142	569
142	988
142	1403
143	241
143	425
143	699
143	993
143	1320
143	1522
143	1549
144	587
144	806
145	292
145	954
145	1065
145	1499
146	795
146	1109
146	1186
146	1385
147	258
147	531
147	1106
147	1587
148	396
148	549
149	230
149	922
149	980
149	1368
150	927
150	1219
150	1357
151	1196
151	1337
152	490
152	873
153	403
153	1027
153	1216
153	1396
154	828
155	223
155	231
155	593
155	902
155	1113
156	327
156	1073
156	1335
156	1342
156	1538
157	195
157	266
157	713
157	854
157	1131
157	1144
157	1436
157	1523
158	307
158	881
158	997
159	327
159	1151
159	1532
160	226
160	253
160	799
160	1259
160	1290
161	1452
162	425
162	694
162	768
162	939
162	1426
163	217
163	969
163	1078
163	1284
163	1300
163	1535
164	1385
164	1560
165	914
165	1282
166	230
166	452
166	907
167	333
167	585
168	455
168	540
168	1030
168	1279
169	333
169	465
169	1317
170	640
170	903
170	1416
171	702
171	1034
171	1346
171	1456
172	268
172	367
172	542
172	697
172	1137
172	1297
172	1354
173	228
173	336
173	522
173	786
173	1568
174	846
174	1319
174	1374
175	292
175	1126
175	1188
176	182
176	597
176	1549
177	311
177	613
177	1270
178	422
178	857
178	1282
178	1373
178	1537
179	1298
180	426
180	687
180	795
180	1002
181	258
181	271
181	318
181	721
181	828
181	941
181	1478
181	1489
182	555
182	723
182	1206
183	522
183	582
183	940
183	1095
183	1153
183	1265
184	425
184	485
184	1254
185	264
185	1407
185	1547
186	234
186	296
186	967
186	980
186	1374
186	1454
187	278
187	298
187	673
187	1233
188	357
188	403
188	833
189	506
189	847
189	1234
189	1490
190	718
190	1241
191	440
192	605
192	802
192	818
192	927
192	985
192	1558
193	1588
194	1088
194	1426
195	338
195	568
195	673
195	966
195	1291
196	213
196	292
196	718
196	729
196	818
196	820
196	1008
196	1061
196	1244
197	853
197	1178
197	1383
197	1452
197	1467
197	1563
198	656
198	696
198	720
198	976
198	986
198	1126
198	1362
198	1427
199	639
199	641
199	763
199	804
200	258
200	327
200	357
200	401
200	1064
200	1284
201	355
201	790
201	1231
201	1524
202	738
202	1014
203	216
203	312
203	540
203	695
203	813
203	822
203	1053
203	1183
203	1468
204	568
204	674
204	680
204	719
204	855
204	1524
205	588
205	683
205	995
205	1256
205	1310
206	282
206	390
206	454
206	497
206	742
206	929
206	965
206	1094
206	1554
207	490
207	600
207	675
207	931
207	1548
208	1168
208	1271
208	1596
209	614
209	649
209	1441
210	310
210	369
210	400
211	224
212	396
212	620
212	703
212	1406
213	457
213	582
213	762
213	874
213	1078
213	1198
213	1253
214	557
214	807
215	1029
215	1219
215	1295
215	1340
216	449
216	479
216	1441
216	1521
217	1311
218	954
218	1125
218	1190
219	678
220	594
220	1045
220	1056
221	346
221	478
221	610
221	731
221	1001
221	1442
222	876
222	1350
222	1497
223	493
223	587
224	1532
225	1043
225	1176
225	1218
225	1263
225	1279
225	1501
226	1067
227	259
227	291
227	581
227	736
228	1428
229	832
229	977
230	362
230	463
230	1224
231	637
231	734
231	1143
231	1222
232	348
232	455
232	546
232	850
232	866
232	1101
232	1329
232	1347
233	959
233	1077
233	1205
234	399
234	690
234	1017
234	1061
236	1307
237	994
237	1329
237	1420
238	566
238	985
238	1593
239	1063
239	1535
240	323
240	823
240	1445
241	346
241	934
241	1334
241	1568
242	473
242	558
242	578
242	611
242	1152
242	1441
242	1585
243	371
243	1223
243	1273
243	1412
244	639
245	855
245	1039
245	1151
245	1415
245	1549
246	284
246	576
246	689
246	1498
246	1580
247	402
247	1099
247	1555
248	1590
249	571
249	1393
250	415
250	1043
250	1478
250	1516
251	409
251	632
251	778
251	1538
252	1465
253	1285
253	1288
253	1325
254	689
255	543
255	940
255	1021
255	1030
256	282
256	583
256	667
257	493
257	907
258	355
258	779
258	1160
258	1466
258	1493
258	1530
258	1546
259	311
259	457
259	815
259	889
260	421
260	568
260	681
260	1115
260	1536
261	338
261	428
261	799
261	1235
261	1346
261	1360
262	480
262	597
262	880
262	1486
262	1519
263	1111
263	1560
264	409
264	460
264	776
264	1293
265	343
265	421
265	504
265	778
266	313
266	411
266	425
266	1078
267	673
267	732
267	1153
267	1197
267	1239
268	283
268	480
268	731
268	1111
269	334
269	1064
269	1438
269	1490
270	381
270	603
270	704
270	794
270	1113
270	1335
271	676
272	417
272	958
272	1248
272	1317
273	550
273	745
273	1275
274	586
274	637
274	1297
274	1455
275	309
275	311
275	758
275	824
275	872
275	1065
275	1144
275	1258
275	1485
275	1519
276	539
276	585
276	1010
277	609
277	715
277	917
277	985
277	1007
277	1028
277	1459
277	1550
278	373
278	644
278	1409
279	404
279	421
279	563
279	628
279	958
280	315
280	449
280	526
280	665
280	716
280	1052
280	1219
281	480
281	1414
281	1481
282	1020
282	1260
282	1290
283	548
284	307
285	1393
285	1499
286	427
286	490
286	1234
286	1420
287	585
287	731
287	1106
287	1481
288	870
288	967
288	1136
288	1365
288	1584
289	848
289	1033
289	1549
290	822
290	1379
291	704
291	1552
292	471
292	492
292	578
292	600
292	751
292	1001
292	1238
292	1362
293	454
293	1172
294	388
294	519
294	675
294	820
294	825
294	858
294	1147
294	1286
295	864
296	474
296	633
296	902
296	930
297	460
297	907
297	1256
297	1296
298	393
298	1198
299	574
299	671
300	826
301	540
301	646
302	512
303	808
303	914
303	1347
304	783
305	713
305	723
306	384
306	515
306	982
306	1222
306	1281
306	1345
307	507
307	1081
307	1112
308	974
308	996
308	1052
308	1078
309	481
309	568
309	585
309	689
309	861
309	1090
310	350
310	1243
310	1584
311	334
311	734
311	1500
312	425
312	1553
313	1269
313	1511
314	1106
314	1262
314	1414
314	1539
315	469
315	555
316	405
316	625
316	1004
317	425
317	602
317	688
317	799
317	972
317	1270
318	454
318	715
318	801
318	1213
318	1431
318	1557
319	324
319	503
319	1208
320	1407
321	407
321	803
321	884
321	1079
322	444
322	488
322	1040
322	1493
323	393
323	460
323	807
323	1230
323	1466
324	848
325	339
325	607
325	664
325	874
325	1035
325	1585
326	684
326	1325
327	621
327	687
327	1374
328	381
328	781
328	813
329	1183
329	1385
330	1129
331	383
331	910
331	1240
331	1430
332	832
332	1121
332	1578
333	709
333	883
333	886
333	1042
334	685
334	1072
334	1157
335	438
335	1296
336	920
336	962
337	528
337	697
337	764
337	1401
338	349
338	520
338	780
338	930
338	1425
338	1478
338	1538
338	1545
339	1266
339	1532
340	717
340	747
340	1336
341	380
341	838
342	439
342	848
342	1286
343	1380
343	1421
344	387
344	916
344	1365
345	885
345	1024
345	1262
346	348
346	539
346	566
346	725
346	1083
347	490
347	1377
347	1378
348	1196
349	665
349	703
349	915
349	1328
349	1500
349	1511
351	442
351	550
351	709
351	1275
351	1538
351	1599
352	380
352	800
352	915
352	993
352	1001
352	1441
353	1157
353	1535
354	1269
355	1385
356	1351
357	1271
357	1429
357	1553
358	390
358	569
358	1085
359	460
359	553
360	960
360	1143
361	735
361	1110
361	1125
362	465
362	550
362	596
362	1014
362	1535
362	1581
363	574
363	730
363	757
363	1092
363	1118
363	1517
364	636
364	691
366	407
366	1105
366	1158
367	517
367	1031
367	1068
367	1243
367	1457
368	654
368	684
368	805
368	900
368	1208
368	1499
369	555
369	693
369	705
369	737
369	1044
370	875
370	1416
371	938
371	940
371	1178
372	547
372	741
372	853
372	1034
372	1205
372	1538
373	549
373	758
373	907
373	947
373	1262
373	1312
374	1101
374	1177
374	1234
374	1361
375	547
375	767
375	863
375	1030
376	490
376	683
376	917
376	1203
376	1380
376	1551
376	1575
377	541
377	796
377	1095
377	1120
377	1196
377	1391
378	393
378	931
378	1335
378	1487
379	908
379	1250
380	470
380	818
380	874
381	390
381	1256
382	742
382	820
382	968
382	1488
385	638
385	1108
385	1124
386	649
386	727
386	1589
387	469
387	476
387	508
387	1186
387	1200
387	1572
388	420
388	524
388	662
388	805
388	819
388	1107
388	1309
389	776
389	1563
390	756
390	1160
390	1324
391	1052
392	1023
392	1233
392	1504
393	398
393	574
393	995
394	784
394	1592
395	618
397	679
398	419
398	432
398	513
398	532
398	611
398	1044
398	1128
399	535
399	610
399	626
399	990
400	1301
401	585
401	601
401	679
401	753
401	828
401	966
402	516
402	601
402	1040
402	1125
402	1147
402	1376
402	1452
403	1564
404	440
404	1540
405	632
405	701
406	484
406	1383
406	1545
408	612
408	1496
409	859
409	919
409	946
409	1385
409	1434
409	1435
410	704
410	746
411	964
412	836
412	1113
412	1516
413	639
413	923
413	925
413	1227
414	425
414	494
414	787
414	1169
414	1348
414	1372
414	1461
415	441
415	631
415	636
415	1210
416	515
416	577
416	632
416	1011
416	1171
417	952
418	444
418	1192
418	1332
418	1443
419	496
419	701
420	1496
421	924
421	1277
422	623
422	1028
422	1448
423	742
423	862
424	975
424	985
424	1309
425	472
425	1121
425	1422
426	555
427	504
427	801
427	983
427	1444
428	582
428	1409
428	1458
429	530
429	835
429	1547
430	996
430	1507
431	811
431	988
431	1049
432	445
432	523
432	535
433	749
433	774
433	1037
433	1424
434	671
434	815
435	1123
436	1169
436	1418
436	1435
437	538
437	906
437	1231
438	480
438	784
438	1100
439	442
439	575
439	747
439	1576
440	700
440	1363
441	564
441	684
441	1274
441	1387
442	496
442	788
443	691
443	692
443	1232
444	619
445	1462
446	1066
446	1369
446	1441
447	592
447	863
447	1427
448	509
448	743
448	955
448	1385
449	459
449	808
450	461
450	1230
450	1313
451	837
452	1122
452	1266
453	592
453	776
453	993
453	1249
453	1251
453	1342
454	967
454	1489
455	714
455	940
455	1177
456	739
456	846
456	932
456	1325
457	622
457	704
457	710
457	809
457	1153
457	1456
457	1483
457	1504
458	584
458	1317
459	553
459	1036
459	1314
460	473
460	1398
461	466
461	1463
462	837
462	1499
463	768
463	1298
465	886
466	1434
466	1507
467	1146
467	1272
468	639
468	678
468	1110
469	587
469	588
470	483
470	865
470	906
470	1197
470	1553
471	614
471	892
471	1021
471	1026
471	1030
472	625
472	706
472	756
472	1029
472	1044
472	1167
472	1234
472	1528
473	480
473	871
473	1218
473	1242
473	1262
473	1432
474	725
474	738
474	1506
475	709
475	808
475	1507
476	663
476	1050
477	906
477	952
477	1111
478	750
479	886
479	896
479	1338
479	1398
480	491
480	517
480	650
480	773
480	1003
481	621
481	913
481	945
481	1087
481	1563
482	635
482	785
482	1525
482	1560
482	1564
483	1417
483	1522
484	881
484	1486
485	768
485	1172
485	1272
485	1427
486	493
486	541
486	867
486	1264
487	752
488	736
488	950
488	1577
489	1098
489	1297
489	1379
490	1364
491	523
491	1155
491	1178
491	1524
492	1311
493	677
493	1000
493	1172
494	1300
494	1479
494	1532
495	918
495	1547
496	746
496	912
496	1056
496	1364
497	928
497	938
498	865
498	1091
498	1182
500	1139
500	1343
500	1399
500	1574
501	861
501	1262
501	1308
501	1497
502	560
502	617
503	1527
504	546
504	558
505	671
505	1284
505	1552
506	617
506	962
506	1168
507	628
507	979
508	829
508	903
508	1042
508	1242
509	547
509	562
509	692
509	1200
510	892
510	905
510	1062
510	1193
510	1488
511	614
511	678
511	852
511	859
512	1065
512	1425
512	1551
513	1161
513	1528
514	612
514	759
514	1394
514	1551
515	692
515	1009
515	1206
515	1279
516	741
516	935
516	1174
516	1236
516	1451
517	1358
517	1467
517	1469
518	1106
518	1406
518	1550
519	579
519	1122
520	977
521	780
521	1164
523	1191
523	1267
523	1359
524	858
524	942
524	1501
525	556
525	565
525	1115
525	1189
525	1466
526	1169
526	1489
527	581
527	1519
528	924
528	984
530	567
530	936
530	990
531	860
531	976
531	1074
531	1103
532	1107
533	611
534	839
535	745
536	699
536	1218
536	1273
537	581
537	1212
537	1423
538	789
538	825
538	844
538	1318
538	1514
540	798
540	1166
540	1278
540	1291
540	1409
540	1548
541	933
541	943
541	1070
541	1178
541	1521
543	960
543	1483
544	784
544	1514
545	820
545	1109
546	581
546	794
546	957
546	1594
547	997
547	1021
547	1225
548	589
548	688
549	1010
549	1026
551	800
551	1537
552	1494
553	961
553	1141
553	1369
553	1555
554	1487
555	1035
555	1093
555	1489
555	1561
556	833
556	1043
556	1057
556	1114
557	647
557	885
557	1027
557	1117
558	997
558	1201
559	1375
559	1411
560	588
560	741
560	812
560	813
560	1179
561	771
561	1133
561	1190
561	1426
562	1003
562	1333
562	1343
563	872
563	1543
563	1582
564	1053
564	1261
564	1513
565	937
565	1375
566	648
566	1470
567	1127
567	1245
567	1410
568	602
568	638
568	1234
569	596
569	1036
569	1114
570	734
570	850
570	979
570	1417
570	1420
570	1550
570	1552
571	615
571	883
571	917
571	932
572	718
573	828
573	1182
573	1340
574	589
574	652
574	757
574	823
574	906
575	1467
575	1579
577	652
577	1187
577	1228
577	1281
578	619
578	945
578	1129
579	666
579	1163
579	1334
579	1439
580	658
580	762
580	1163
580	1388
580	1564
581	643
581	857
581	1336
582	896
583	791
583	860
583	893
583	1081
583	1527
584	1102
585	694
585	726
585	1590
586	866
586	1298
587	928
587	1114
587	1488
588	887
589	752
589	1423
589	1442
590	688
590	1034
591	683
591	780
591	1078
592	1102
592	1451
593	709
593	1200
594	1030
594	1366
594	1548
595	882
595	1252
596	674
596	933
596	1399
596	1430
597	647
598	611
598	886
598	1037
598	1425
599	725
599	1489
600	1558
601	1501
602	751
602	793
602	877
602	1237
602	1357
603	753
603	882
603	1017
603	1152
603	1303
604	652
604	716
604	754
604	1062
605	882
605	1040
605	1076
605	1120
605	1438
606	979
606	1376
607	664
607	1537
608	708
608	1052
609	741
610	1068
610	1335
611	1328
612	966
612	1038
614	708
614	1013
614	1409
614	1551
615	735
615	1151
615	1579
616	706
617	1049
617	1557
618	744
618	1216
618	1250
618	1426
619	891
619	1463
620	1369
621	645
621	933
621	1109
621	1474
623	1268
623	1395
624	888
624	1071
624	1432
625	711
626	728
626	839
629	784
629	849
629	920
630	910
630	1563
631	1259
631	1300
632	808
632	1363
632	1414
633	1008
634	766
635	791
635	849
635	1083
635	1110
635	1215
635	1374
636	776
636	792
636	980
636	1224
636	1232
636	1594
637	707
637	898
637	1180
638	670
639	805
639	821
639	1170
639	1474
639	1599
640	1176
641	1355
642	875
642	1056
642	1364
643	788
644	943
645	761
645	1140
645	1374
646	1201
646	1204
646	1553
647	696
647	1537
647	1577
648	1033
648	1290
648	1313
648	1545
649	1271
650	1243
651	690
651	703
652	1354
652	1383
652	1521
653	822
654	1182
654	1305
654	1353
654	1583
655	1547
657	702
657	954
657	976
657	1198
657	1316
658	924
658	1283
658	1531
659	670
659	876
659	987
659	1236
659	1306
660	731
661	922
661	1192
661	1270
662	860
662	1020
663	1142
663	1521
664	719
664	744
664	749
664	1064
664	1287
664	1327
666	682
666	1157
666	1334
666	1368
667	987
667	1185
667	1240
668	1176
669	1030
669	1033
669	1305
669	1594
670	1087
670	1280
671	1234
672	898
672	1546
673	880
673	1085
673	1096
673	1510
676	1224
676	1340
677	963
677	1041
677	1300
677	1324
678	879
679	793
679	898
680	750
680	1468
680	1501
683	829
683	1334
684	971
684	1050
684	1476
685	1279
686	924
686	1091
686	1426
687	1092
687	1440
688	1045
688	1267
688	1299
688	1340
688	1366
689	741
689	793
689	884
689	1363
691	1098
691	1442
692	826
692	1059
692	1176
692	1529
693	874
693	1181
694	932
695	1277
695	1561
695	1575
696	1198
696	1574
697	1185
697	1243
698	759
699	1412
700	945
701	1055
701	1115
702	1598
703	747
703	1063
703	1411
704	751
704	1165
705	981
705	1085
706	907
706	938
706	1248
707	1494
708	913
709	1020
709	1136
710	821
710	857
711	1544
712	716
712	1430
713	742
713	810
713	1554
714	1011
715	734
715	782
715	1182
715	1275
716	983
716	1128
716	1297
717	1111
717	1358
717	1572
718	847
718	896
718	1598
719	860
719	1033
720	789
720	790
720	1039
720	1226
722	786
722	1029
722	1398
723	741
723	1229
723	1288
724	985
724	1092
725	960
726	758
726	875
727	769
727	896
727	1063
727	1360
728	898
728	1211
728	1376
729	893
729	944
729	1186
729	1210
729	1229
729	1248
730	757
730	811
730	1068
730	1290
730	1307
730	1393
730	1430
731	835
731	1459
732	828
732	1531
732	1585
735	1057
735	1242
736	876
736	1179
737	1043
738	1129
738	1162
739	1572
740	986
740	1165
740	1447
741	1310
741	1563
742	752
743	1059
743	1418
743	1471
744	1276
745	749
745	780
745	786
745	872
745	1128
745	1575
746	892
746	1070
746	1397
747	1136
747	1432
747	1478
748	935
748	1367
749	884
750	790
750	1002
750	1041
750	1230
751	1195
751	1294
752	1091
752	1121
753	952
753	1076
753	1126
754	1221
754	1599
755	943
755	1184
755	1480
756	1148
756	1365
756	1437
757	760
757	1061
757	1098
758	853
758	911
758	1216
758	1506
758	1554
758	1563
759	937
760	874
760	1148
760	1473
761	882
761	1297
762	940
762	972
762	1230
762	1382
763	1031
763	1575
764	1020
764	1127
764	1133
764	1134
765	1143
765	1225
765	1583
768	1069
768	1228
768	1522
769	861
769	869
769	949
769	988
769	1230
769	1375
769	1540
771	865
771	1137
771	1153
772	1441
773	971
773	1073
773	1415
775	906
775	990
775	1058
775	1431
776	836
776	867
776	1393
777	1167
777	1562
778	1042
778	1174
778	1349
778	1545
779	1087
779	1411
780	813
780	843
780	1189
781	1139
781	1228
781	1287
781	1467
782	1276
783	1471
784	1232
784	1533
785	816
785	1423
786	933
786	992
786	1437
787	878
787	1310
788	906
789	980
789	1440
789	1458
790	1197
791	850
791	1024
791	1310
791	1501
792	982
793	1156
794	966
795	900
796	1532
797	1570
798	1030
798	1058
798	1163
798	1240
799	1000
800	853
800	931
800	1562
802	912
803	1177
803	1555
804	1244
804	1380
804	1401
805	1485
806	1198
806	1520
806	1578
806	1583
807	1057
807	1157
807	1167
807	1290
807	1402
807	1526
808	814
808	1216
809	1539
810	1248
810	1490
811	839
811	1286
811	1420
812	1505
813	952
813	1029
815	975
815	1200
815	1372
815	1472
816	905
816	1374
816	1420
816	1448
817	1278
817	1413
817	1567
817	1596
819	1030
819	1344
819	1376
819	1555
820	846
820	872
820	978
820	1464
821	1578
822	1357
822	1475
823	929
823	1194
823	1262
823	1453
824	924
824	1148
824	1203
825	939
825	1324
826	881
826	1012
828	1214
828	1465
829	1481
830	915
830	1025
830	1203
830	1311
830	1393
830	1498
831	872
831	1559
832	875
833	958
833	1123
833	1135
833	1400
834	1466
836	1039
836	1273
836	1311
836	1508
836	1543
837	870
837	1368
837	1509
837	1538
838	1404
839	1050
840	1484
840	1557
840	1593
841	1539
842	973
842	1157
842	1521
843	1130
844	879
844	1268
845	1445
846	1306
846	1489
847	932
847	1203
847	1308
849	1372
850	1039
851	1011
851	1410
851	1443
851	1552
851	1585
852	978
852	1000
852	1195
852	1461
853	953
853	1284
853	1288
853	1577
854	970
855	856
855	1515
856	1141
856	1482
856	1578
858	1455
859	911
859	1060
859	1267
861	868
861	893
861	1156
861	1193
862	1211
863	1068
864	1016
864	1147
864	1184
864	1403
864	1514
866	1364
867	1126
867	1468
868	1519
869	1008
869	1051
869	1436
870	984
870	1109
870	1317
870	1510
871	1203
871	1374
872	894
872	1093
873	938
873	982
873	1051
874	938
874	1248
874	1355
874	1460
875	923
875	924
876	1339
877	999
877	1052
877	1225
877	1579
878	1144
879	1049
879	1123
880	1031
880	1057
880	1328
880	1446
881	1399
881	1540
882	954
882	1504
884	1305
885	1471
886	1549
887	1094
888	1146
888	1317
889	1361
890	1461
891	1119
891	1505
892	1197
892	1230
894	1092
894	1490
894	1555
896	1372
897	1349
898	914
898	1215
898	1317
898	1335
898	1415
898	1424
899	1054
899	1173
900	1327
900	1453
900	1504
901	938
901	1027
901	1237
902	1408
903	1173
904	1497
904	1504
904	1584
905	1130
905	1183
905	1581
906	1035
906	1164
906	1468
907	1271
907	1594
908	1045
908	1254
910	976
910	982
910	1121
910	1318
910	1367
910	1555
911	1052
913	934
914	934
914	1137
915	1260
917	1273
917	1451
917	1491
918	1141
920	1130
923	1060
925	1419
926	1069
926	1182
927	1076
927	1108
927	1497
927	1548
928	948
928	1217
929	935
929	981
929	1516
931	1044
931	1094
931	1150
932	1524
933	1046
933	1111
933	1449
934	1058
934	1176
934	1179
934	1201
934	1469
934	1493
935	1110
936	984
936	1290
937	1108
937	1185
938	966
938	1552
940	1040
940	1277
941	998
941	1068
942	1098
942	1402
942	1562
943	1138
943	1336
943	1391
943	1494
944	1118
944	1477
945	1251
946	980
946	1109
947	1190
947	1281
948	1493
949	966
949	1528
950	1023
951	1466
952	1164
953	1036
953	1381
953	1441
954	1291
955	1584
955	1588
956	1187
957	988
958	1282
959	990
959	1027
959	1272
960	1215
960	1408
961	1242
961	1558
964	1481
965	1057
966	1236
967	1561
969	989
969	1121
970	1224
970	1242
970	1251
971	1266
972	1452
973	1035
973	1369
976	1457
977	1277
977	1391
977	1477
978	1396
979	1042
979	1336
980	1135
980	1474
981	1525
981	1540
981	1550
983	1181
983	1481
984	1550
985	1448
985	1510
986	1439
987	1086
987	1262
989	1561
989	1585
991	1174
991	1554
992	1594
994	1338
994	1471
994	1520
994	1526
995	1388
995	1554
996	1043
996	1145
996	1311
996	1581
998	1048
999	1452
999	1493
1000	1373
1003	1438
1004	1433
1005	1357
1005	1387
1008	1295
1009	1052
1009	1142
1011	1380
1012	1035
1012	1342
1013	1046
1013	1279
1014	1106
1014	1183
1014	1310
1015	1484
1016	1478
1017	1396
1019	1419
1019	1526
1020	1258
1021	1386
1023	1212
1024	1041
1024	1485
1027	1129
1027	1324
1027	1345
1028	1222
1029	1325
1030	1326
1030	1370
1030	1374
1031	1056
1031	1278
1031	1379
1032	1102
1034	1049
1034	1193
1034	1247
1035	1157
1035	1326
1037	1267
1038	1261
1038	1397
1039	1475
1039	1590
1041	1126
1042	1393
1043	1447
1046	1080
1046	1139
1048	1150
1048	1182
1049	1456
1050	1062
1050	1497
1050	1568
1051	1192
1052	1314
1052	1371
1052	1449
1052	1593
1053	1446
1053	1548
1058	1309
1059	1133
1060	1079
1061	1532
1062	1206
1062	1270
1063	1129
1064	1248
1064	1516
1066	1378
1068	1270
1068	1411
1068	1497
1069	1346
1069	1533
1070	1170
1071	1087
1072	1400
1073	1127
1073	1273
1073	1363
1074	1249
1074	1344
1075	1408
1075	1462
1078	1540
1080	1255
1080	1387
1080	1430
1081	1287
1081	1446
1082	1104
1082	1163
1082	1215
1082	1389
1082	1453
1082	1549
1084	1555
1085	1383
1087	1450
1088	1293
1089	1201
1089	1591
1091	1458
1092	1425
1093	1294
1094	1142
1094	1500
1094	1553
1096	1363
1097	1112
1098	1258
1099	1290
1099	1512
1101	1150
1101	1306
1102	1130
1102	1266
1103	1175
1103	1397
1103	1561
1105	1300
1105	1307
1105	1452
1106	1297
1106	1498
1107	1197
1107	1230
1107	1274
1107	1338
1108	1151
1108	1210
1108	1459
1109	1329
1110	1508
1111	1115
1112	1161
1113	1379
1114	1155
1115	1457
1115	1549
1116	1395
1116	1502
1119	1576
1120	1335
1121	1435
1122	1153
1122	1393
1124	1174
1124	1294
1125	1211
1125	1572
1127	1244
1127	1316
1127	1372
1127	1485
1128	1157
1128	1408
1128	1517
1128	1532
1129	1379
1132	1219
1132	1296
1132	1387
1132	1426
1132	1477
1136	1279
1137	1476
1138	1158
1138	1355
1138	1392
1140	1380
1142	1302
1144	1495
1145	1412
1146	1153
1146	1380
1148	1278
1148	1577
1149	1194
1149	1523
1150	1215
1151	1434
1151	1445
1154	1476
1155	1299
1155	1375
1156	1590
1157	1405
1158	1282
1159	1398
1162	1437
1162	1556
1163	1463
1165	1238
1166	1531
1167	1415
1167	1441
1168	1180
1171	1329
1172	1439
1173	1477
1173	1574
1174	1370
1176	1184
1176	1292
1176	1550
1179	1597
1183	1231
1183	1412
1184	1486
1185	1293
1185	1454
1185	1538
1187	1458
1188	1320
1188	1395
1188	1433
1189	1201
1189	1506
1190	1423
1190	1582
1192	1332
1192	1469
1192	1478
1192	1590
1195	1213
1195	1433
1196	1369
1196	1546
1197	1270
1197	1596
1198	1232
1199	1279
1199	1449
1202	1394
1203	1596
1204	1468
1205	1263
1205	1515
1206	1242
1207	1374
1207	1457
1207	1573
1207	1588
1209	1413
1210	1354
1210	1452
1213	1279
1214	1229
1214	1427
1215	1342
1216	1566
1216	1584
1219	1308
1221	1288
1221	1317
1222	1359
1222	1413
1224	1406
1227	1309
1227	1323
1227	1593
1228	1532
1229	1510
1230	1333
1230	1561
1231	1364
1231	1459
1232	1275
1234	1467
1235	1501
1237	1440
1237	1585
1238	1454
1238	1579
1241	1471
1242	1446
1242	1460
1242	1533
1244	1313
1244	1542
1245	1436
1247	1533
1248	1365
1248	1504
1249	1465
1252	1366
1253	1429
1254	1408
1255	1380
1258	1467
1259	1519
1260	1569
1261	1292
1262	1312
1263	1524
1263	1533
1265	1423
1265	1475
1268	1478
1269	1410
1270	1364
1271	1396
1272	1484
1272	1508
1272	1540
1273	1349
1274	1350
1274	1502
1274	1534
1275	1384
1275	1448
1275	1530
1276	1401
1280	1478
1281	1335
1281	1570
1281	1578
1284	1403
1284	1525
1287	1304
1287	1411
1290	1384
1294	1388
1296	1315
1296	1536
1297	1451
1297	1512
1298	1311
1299	1343
1299	1528
1300	1349
1300	1568
1301	1375
1301	1573
1304	1374
1304	1465
1306	1400
1308	1429
1310	1350
1310	1592
1311	1569
1315	1454
1315	1539
1316	1317
1316	1513
1316	1526
1318	1370
1319	1362
1321	1489
1322	1592
1324	1543
1325	1366
1326	1390
1327	1403
1329	1342
1329	1419
1331	1377
1331	1567
1331	1598
1333	1392
1334	1368
1334	1513
1335	1510
1336	1595
1337	1401
1337	1570
1338	1416
1338	1419
1341	1389
1341	1415
1341	1478
1343	1591
1345	1374
1346	1445
1347	1515
1350	1456
1352	1556
1355	1505
1356	1504
1361	1573
1363	1402
1363	1413
1364	1447
1364	1584
1366	1386
1366	1475
1368	1390
1369	1484
1369	1599
1374	1465
1375	1557
1375	1562
1376	1391
1378	1581
1379	1462
1380	1398
1380	1528
1381	1432
1383	1586
1388	1446
1388	1594
1392	1568
1394	1417
1394	1588
1396	1580
1400	1593
1402	1496
1410	1456
1411	1444
1412	1557
1412	1576
1413	1493
1414	1499
1414	1512
1415	1566
1417	1423
1417	1494
1419	1448
1421	1539
1423	1449
1423	1574
1426	1441
1427	1535
1431	1543
1433	1487
1434	1467
1440	1565
1442	1579
1443	1487
1444	1541
1448	1535
1454	1549
1455	1546
1457	1512
1462	1482
1463	1559
1474	1587
1475	1590
1477	1533
1483	1571
1486	1535
1492	1561
1503	1569
1507	1554
1514	1569
1516	1598
1518	1588
1523	1598
1525	1578
1531	1537
1537	1570
1546	1555
1560	1595
1581	1599
1586	1594