0	466
0	500
0	922
0	1567
1	186
1	472
1	959
2	47
2	211
2	262
2	493
2	1565
3	311
3	891
4	1140
4	1281
5	252
5	1254
5	1295
6	390
6	476
7	49
7	466
7	789
7	1058
7	1431
8	89
8	350
8	461
8	881
9	76
9	270
10	595
10	906
10	1361
11	1032
11	1047
12	422
12	749
13	955
13	966
13	1588
14	1560
14	1582
15	73
15	109
15	250
15	1231
15	1302
15	1565
16	162
16	565
16	811
16	867
16	1013
16	1022
16	1296
17	234
17	423
17	1217
18	577
18	632
18	1376
19	78
19	490
19	1048
20	167
20	257
20	749
20	869
20	962
21	23
21	164
21	280
21	1155
21	1180
22	126
22	218
22	769
22	1015
22	1136
23	418
23	495
23	518
23	1245
23	1250
23	1502
23	1583
24	234
24	1301
25	120
25	139
25	144
25	221
25	310
25	356
26	40
26	921
27	49
27	411
27	1368
28	195
28	591
29	82
29	553
29	568
29	869
30	395
30	512
30	830
30	835
30	1277
31	259
31	445
31	452
31	724
31	1320
32	280
32	655
32	776
32	972
33	264
33	298
33	490
33	542
33	632
33	734
33	1045
33	1197
33	1579
34	1367
35	49
35	449
35	928
35	1425
36	215
36	842
37	201
37	1574
38	1557
39	334
39	454
39	971
39	991
39	1108
40	258
40	466
40	535
40	731
40	1262
40	1437
40	1518
40	1582
40	1590
41	866
41	1403
41	1422
41	1579
42	1131
43	163
43	786
44	827
44	1024
44	1200
44	1480
45	167
45	261
45	264
45	632
45	1474
46	303
46	763
46	1245
46	1261
46	1324
46	1525
47	321
47	637
47	642
47	1263
47	1559
48	190
48	253
48	1216
49	77
49	1063
50	119
50	161
50	485
50	486
50	1224
50	1245
50	1586
51	153
51	1004
51	1501
52	589
52	738
52	1277
53	302
53	647
53	695
53	755
53	1002
54	241
54	265
54	644
54	839
54	903
54	996
54	1516
55	427
55	643
55	935
55	1005
56	236
56	1220
56	1510
57	214
57	235
57	847
57	917
57	966
57	1122
57	1194
57	1459
58	115
58	202
58	247
58	442
58	900
58	1291
59	241
59	470
59	568
59	817
60	1494
61	171
61	922
61	937
61	1217
61	1455
62	74
62	691
62	846
62	945
62	1283
62	1540
63	343
63	377
63	767
63	827
63	953
63	1211
64	407
64	1045
64	1059
65	118
65	131
65	218
65	987
66	708
66	778
66	854
66	1007
66	1542
67	801
67	1575
68	113
68	224
68	477
68	769
68	850
68	1166
68	1337
69	296
69	588
70	646
70	816
70	840
70	1106
70	1166
70	1212
71	1166
71	1196
71	1439
72	96
72	104
72	670
72	911
72	1100
72	1286
72	1382
73	528
73	1595
74	306
74	760
74	1153
74	1509
75	550
75	1028
75	1362
75	1435
76	394
76	893
76	917
76	987
76	1071
76	1084
76	1208
77	493
77	528
77	533
77	871
77	1190
77	1332
77	1579
78	892
78	964
78	1019
79	196
79	800
79	1259
79	1420
80	1091
81	148
81	303
81	403
81	1096
81	1436
82	183
83	698
83	705
83	777
83	991
83	1238
83	1448
83	1533
84	580
84	882
84	1115
84	1328
85	182
85	403
85	645
85	1135
86	227
86	673
86	970
86	1000
86	1402
87	414
87	891
87	1301
87	1367
88	201
88	263
88	812
88	924
88	991
88	1014
88	1202
88	1565
89	530
90	143
90	161
90	1098
90	1312
90	1514
91	804
92	512
92	696
92	768
92	1128
92	1389
92	1420
93	633
93	1190
93	1458
94	156
94	1172
94	1323
95	149
95	216
95	565
95	1053
96	515
96	551
96	1011
97	551
97	970
98	161
99	803
99	942
99	1091
100	223
100	396
100	445
100	932
101	181
101	550
101	736
101	742
101	820
101	961
101	1340
102	198
102	615
102	684
102	1324
103	133
103	412
103	728
103	1120
103	1554
104	622
104	1310
105	1076
105	1218
105	1247
105	1508
106	165
106	176
106	936
106	962
106	1123
106	1387
107	962
108	511
108	799
108	868
108	1327
108	1445
108	1573
109	340
109	353
109	670
109	896
109	1219
109	1379
109	1546
110	467
110	701
110	1094
110	1242
110	1318
111	435
111	748
111	935
111	1312
112	480
112	593
112	765
112	878
112	1328
113	212
113	344
113	1212
113	1362
113	1368
114	205
114	240
114	271
114	1212
114	1292
115	436
115	1301
116	370
116	461
116	705
116	1512
117	717
117	1344
118	276
119	397
119	672
119	1142
119	1414
120	287
120	312
120	933
120	982
120	1086
120	1231
121	188
121	359
121	531
121	952
121	1016
121	1128
121	1435
121	1476
122	915
123	786
123	867
123	1300
123	1444
123	1485
124	501
124	668
124	745
124	806
124	1053
125	185
125	908
125	939
126	491
127	769
127	1322
128	149
128	211
128	618
128	631
128	903
128	1146
128	1184
128	1222
128	1562
129	803
129	1578
130	1545
131	601
131	801
132	978
133	488
133	1386
133	1489
134	501
134	894
134	966
134	1208
134	1220
135	398
135	940
135	1376
135	1469
136	288
136	676
136	1087
136	1391
137	302
137	1535
138	271
138	750
138	1183
138	1214
138	1273
138	1558
139	204
139	683
139	1042
140	1042
140	1338
141	532
141	927
141	1180
141	1306
141	1520
142	550
142	641
142	746
142	898
143	827
143	1036
143	1371
144	201
144	239
144	399
144	472
144	835
144	1010
144	1294
144	1560
145	520
145	973
146	498
146	745
146	1175
146	1389
146	1485
147	178
147	465
147	692
147	784
147	915
147	1198
148	701
148	858
148	1197
148	1491
149	201
149	859
149	957
150	1257
150	1298
150	1505
151	715
151	773
151	810
151	1541
152	381
152	562
152	638
152	1575
153	1404
154	1592
155	492
155	1118
155	1233
156	1175
157	359
157	1086
157	1362
157	1440
158	1152
158	1371
159	274
159	728
159	981
160	258
160	974
160	1044
160	1378
160	1433
160	1518
161	335
161	667
161	1004
161	1074
161	1554
161	1561
162	647
162	710
162	751
163	667
163	983
163	1433
163	1437
164	663
164	718
164	865
164	1533
165	1549
166	373
166	1020
166	1170
167	524
167	798
167	1121
167	1190
168	892
169	1556
170	195
170	310
170	542
170	1139
171	454
171	525
171	1103
172	683
172	915
172	1158
172	1211
172	1501
172	1586
173	186
173	427
173	892
173	1141
174	326
174	413
174	513
174	540
174	966
174	1231
174	1326
174	1352
174	1478
175	597
175	978
175	981
176	1327
176	1379
177	619
177	1304
177	1307
178	415
178	525
178	600
178	1017
178	1320
178	1565
179	891
179	968
179	1395
180	1197
180	1520
181	768
181	941
181	954
182	1014
182	1432
183	243
183	379
183	925
184	940
185	921
185	1004
185	1215
185	1264
186	590
186	742
186	879
186	1564
187	831
187	1115
188	1237
188	1492
189	993
190	324
190	656
190	865
190	1240
191	313
192	207
192	864
192	1075
192	1147
192	1419
193	924
194	628
194	942
194	1460
195	457
195	1379
196	885
196	1297
197	557
197	782
198	390
198	855
198	1043
198	1597
199	728
199	1010
199	1067
200	295
200	402
200	906
200	1261
201	411
202	384
202	771
202	1056
202	1218
202	1570
202	1578
203	734
203	974
203	1108
204	394
204	696
204	1102
204	1122
204	1205
205	439
205	449
205	759
205	1113
205	1196
205	1373
205	1410
205	1494
206	503
206	506
206	878
207	385
207	449
207	1097
208	608
208	973
208	1490
208	1523
209	220
209	1529
210	289
210	319
210	375
210	419
210	968
210	1110
210	1349
210	1355
211	1200
212	833
213	290
213	299
213	419
213	649
213	741
213	792
213	1052
214	378
214	1344
215	749
215	1305
216	447
216	587
216	925
216	1110
217	230
217	549
217	1295
218	510
218	623
218	904
219	738
219	1001
219	1037
219	1334
219	1393
219	1513
220	549
220	1575
220	1580
221	848
221	1090
221	1126
222	266
222	405
222	443
222	900
222	1121
222	1332
222	1345
223	326
223	1162
223	1292
224	295
224	1417
224	1596
225	386
225	419
225	840
225	857
225	917
225	1164
225	1278
226	645
226	1292
226	1553
227	1028
227	1098
227	1281
227	1422
228	392
228	477
228	1074
228	1125
228	1462
229	251
229	283
229	698
230	653
230	1415
230	1440
231	682
231	1105
231	1127
231	1457
232	313
232	667
232	1051
232	1408
233	466
233	507
233	1233
234	268
234	500
234	718
234	820
234	1499
234	1569
235	256
235	257
235	613
235	946
235	1257
236	1307
237	683
237	947
237	982
237	1045
238	330
238	424
238	444
238	466
238	549
238	1274
238	1281
239	618
239	641
239	745
239	774
239	1133
240	773
240	1154
240	1509
241	530
241	805
241	916
242	354
242	967
242	990
242	1113
242	1225
242	1291
243	295
243	412
243	730
243	993
243	1144
243	1406
243	1452
244	488
244	897
245	559
245	1218
245	1436
246	822
247	345
247	611
247	1245
247	1337
247	1411
247	1531
248	787
248	802
248	1132
248	1404
248	1477
248	1537
249	281
249	740
249	869
250	367
250	701
251	744
251	976
251	1022
252	571
252	671
252	751
252	797
252	1455
253	271
253	567
253	923
253	1180
253	1213
254	709
254	1136
255	402
255	1038
255	1549
256	371
256	402
256	597
256	1505
257	341
257	384
257	396
257	432
257	1052
258	1424
259	297
259	482
259	951
259	1363
260	476
260	483
260	720
260	904
260	1593
261	609
261	650
261	652
261	828
261	1354
261	1571
262	1083
262	1462
263	294
263	1028
263	1062
263	1120
263	1333
264	455
264	545
264	655
264	713
264	1282
264	1561
265	362
265	519
265	1223
265	1428
266	966
266	1467
267	357
267	856
267	992
267	1283
267	1493
268	445
268	592
268	761
268	1348
269	655
269	792
269	931
269	1379
270	483
270	553
270	777
270	1097
270	1401
271	463
271	566
271	772
271	778
271	1231
271	1306
271	1544
271	1572
272	660
272	1252
272	1271
273	388
274	802
275	731
275	912
275	1372
276	442
276	1530
277	331
277	1088
277	1146
278	310
278	556
278	712
278	1017
278	1084
279	361
279	496
279	706
280	507
280	1346
281	459
281	525
281	1082
281	1393
282	557
282	817
282	954
282	1173
283	397
283	560
283	914
283	1149
284	469
284	488
284	885
284	1230
284	1343
284	1554
285	321
285	1334
286	526
286	544
286	555
287	923
287	941
288	339
288	479
288	783
288	1281
288	1422
288	1599
289	422
289	895
289	920
289	933
289	1489
289	1587
290	608
290	730
290	916
290	1040
290	1087
291	342
291	1235
291	1374
292	613
292	1006
292	1177
292	1255
292	1326
292	1353
293	319
293	978
293	1275
294	1008
295	311
295	373
295	391
295	556
295	602
295	651
296	898
296	1301
296	1572
297	565
298	1067
298	1114
299	1186
299	1588
300	379
300	600
300	1004
300	1306
300	1408
300	1462
300	1477
301	371
301	677
301	1305
301	1516
301	1565
302	1188
302	1415
303	311
303	451
303	630
303	677
303	1139
304	792
304	976
305	404
305	1172
305	1309
305	1508
306	428
306	847
306	876
306	1286
306	1450
306	1454
307	974
307	1077
307	1223
307	1576
308	485
308	805
308	1279
308	1359
308	1441
309	662
309	980
309	1315
309	1487
310	713
310	716
311	558
311	902
311	1383
312	547
312	922
312	1144
312	1167
312	1260
312	1303
312	1431
313	691
313	1593
314	316
314	975
314	1060
314	1076
314	1136
314	1257
315	472
315	747
315	860
315	942
315	1212
315	1362
315	1388
316	405
316	789
316	885
316	964
316	1573
317	346
317	564
317	587
317	917
318	586
318	920
318	1148
318	1172
318	1458
319	1408
319	1515
320	442
320	1166
320	1356
321	1047
321	1371
321	1505
322	465
322	571
322	1288
323	652
323	826
323	1003
323	1417
324	397
324	834
324	1059
324	1165
324	1174
324	1213
324	1227
324	1585
325	433
325	683
326	347
326	642
326	749
326	1524
327	633
327	1493
328	411
329	418
329	530
329	867
330	434
330	1529
331	666
332	628
332	849
332	950
332	1370
332	1481
333	679
333	772
333	827
333	1380
333	1583
333	1598
334	629
334	1004
334	1364
335	590
335	1103
335	1295
336	425
336	561
336	761
336	1027
336	1176
337	347
337	528
337	823
337	1021
337	1214
338	770
338	1555
339	464
339	1372
341	863
341	1126
341	1494
342	438
342	536
342	1119
342	1389
342	1448
342	1456
343	377
343	442
343	492
343	699
344	497
344	1058
344	1114
344	1123
345	517
345	829
345	1399
345	1540
346	383
346	1144
346	1597
347	1266
347	1364
347	1381
347	1464
348	464
348	919
348	936
348	1510
349	472
349	489
349	1332
350	554
350	791
350	844
350	1019
351	1103
351	1184
351	1381
352	716
352	1014
353	697
353	712
353	1146
353	1570
354	906
354	1034
354	1500
354	1597
355	372
355	975
356	587
356	619
356	637
356	853
356	1417
356	1533
357	898
357	1009
357	1468
358	495
358	802
358	1433
359	629
359	1014
359	1459
360	384
360	443
360	703
360	781
360	1444
360	1458
360	1531
361	592
361	644
361	1019
362	367
362	1103
363	428
363	473
363	610
363	664
363	792
363	831
363	933
363	955
364	437
364	1004
364	1321
364	1482
365	869
366	383
366	872
366	948
366	1004
367	591
367	667
367	901
367	1260
368	582
368	593
368	783
368	935
368	1029
369	427
369	683
369	835
369	1009
370	564
370	995
370	1510
371	596
371	598
371	789
371	832
371	980
371	1059
373	906
373	1574
374	718
374	1155
374	1520
375	518
375	1053
375	1328
375	1519
375	1586
376	592
376	767
376	911
377	1006
377	1188
377	1293
378	499
378	721
378	914
378	1056
378	1246
379	553
379	656
379	1037
379	1468
380	1214
381	415
381	850
381	875
381	957
381	967
381	1135
382	487
382	528
382	971
383	420
383	1135
383	1286
383	1312
383	1443
384	459
384	942
384	962
384	1245
384	1253
384	1283
385	419
385	682
385	835
385	1324
385	1592
386	543
386	972
387	539
387	1142
387	1384
388	415
388	634
388	1242
388	1472
389	1551
390	1009
390	1597
391	1045
391	1253
392	1110
392	1148
393	432
393	801
394	577
395	527
395	539
395	879
395	1168
396	788
396	874
396	1428
397	1559
398	882
398	1281
398	1301
398	1380
398	1581
399	504
399	825
400	744
400	1257
400	1304
400	1352
401	949
401	1199
403	545
403	762
404	529
404	587
404	656
404	711
404	796
404	1038
404	1325
405	1450
406	552
408	705
408	1237
409	788
409	1018
410	497
410	1408
411	1205
412	1064
412	1319
413	721
413	818
413	849
413	961
413	1082
415	468
415	509
415	606
415	1533
415	1576
416	693
416	1349
416	1471
417	766
417	1123
419	807
419	910
419	973
419	979
419	1162
419	1185
419	1281
420	1277
420	1283
421	1335
422	820
422	875
422	991
422	1260
422	1407
423	583
423	609
424	515
424	602
424	1596
425	466
426	917
426	933
426	1102
427	610
427	657
427	669
427	999
427	1055
428	759
428	1023
428	1112
428	1465
429	477
429	1337
430	928
430	1526
431	1109
431	1543
432	490
432	744
432	1377
433	933
433	1209
433	1470
434	1103
435	449
435	837
435	1101
436	1156
436	1312
436	1535
436	1580
437	1033
438	849
438	911
438	1175
439	1005
439	1293
440	730
440	899
440	938
441	739
441	1090
442	533
442	728
442	1162
442	1556
443	490
444	602
444	962
444	1375
444	1446
445	588
445	718
445	895
445	1314
445	1321
445	1483
446	458
446	459
446	1282
447	563
447	814
447	819
447	994
447	1162
448	1341
448	1514
449	761
449	771
449	794
450	740
450	809
450	983
451	1038
451	1151
451	1397
451	1442
452	491
452	562
452	666
452	1425
453	570
453	1434
454	808
454	972
454	1070
454	1182
454	1337
455	1286
456	633
456	978
456	1114
457	1035
457	1086
457	1147
458	477
458	692
459	907
459	924
459	1302
460	894
461	1231
462	1420
463	643
464	547
464	1038
465	674
465	833
465	1270
465	1422
465	1429
466	820
466	840
466	1041
467	568
467	580
467	610
467	1000
467	1196
467	1568
468	734
468	1363
469	827
469	1082
470	654
470	747
471	820
471	1277
472	768
472	1150
472	1453
473	671
473	699
473	1474
473	1532
474	944
474	953
474	1052
474	1081
475	533
475	1308
475	1309
476	1073
477	724
477	1097
477	1160
477	1228
477	1287
478	662
478	1028
478	1200
478	1348
478	1469
479	1403
479	1418
480	555
480	705
480	954
480	1024
481	1371
482	884
482	1033
482	1298
483	576
483	659
483	911
483	1107
483	1269
483	1327
483	1448
483	1453
483	1546
483	1574
484	1459
484	1510
485	619
486	1045
486	1319
487	611
487	749
487	1449
488	953
488	1402
488	1555
489	538
489	567
489	592
489	807
489	1076
490	1139
490	1195
490	1301
490	1391
490	1401
490	1481
491	1439
491	1450
491	1496
492	523
492	687
492	1348
492	1401
493	625
493	924
493	1366
494	620
495	665
495	1194
495	1196
495	1213
495	1232
496	741
496	767
496	923
496	1306
497	817
498	823
499	921
499	1265
499	1317
499	1364
499	1581
500	1416
501	769
502	610
502	710
502	730
502	806
504	1098
504	1281
504	1344
505	1093
505	1365
506	1363
507	668
507	1061
507	1532
508	939
508	1196
508	1428
509	1056
510	776
510	899
510	1197
511	768
511	1371
511	1536
512	604
512	845
512	1271
512	1588
513	719
513	913
513	1589
514	889
514	972
515	734
515	1514
516	1088
517	629
517	1412
517	1596
519	630
519	812
519	838
519	858
519	1023
519	1056
519	1489
520	739
520	1006
520	1295
521	1061
521	1159
521	1480
521	1497
522	663
522	1203
523	1358
524	1166
525	582
525	911
525	1156
525	1328
526	889
526	1318
527	1373
528	619
528	988
528	999
528	1171
528	1197
529	552
529	1212
529	1582
530	1360
531	560
531	825
531	860
531	1192
532	1365
533	656
533	895
533	1450
534	1229
534	1287
534	1378
535	837
535	1419
535	1501
536	829
536	961
536	1400
537	857
537	1093
537	1146
537	1457
538	1315
539	542
540	667
540	728
540	1048
540	1372
541	599
541	756
541	909
541	914
541	1365
541	1479
542	564
542	710
542	1138
542	1246
542	1393
542	1464
542	1549
543	1419
543	1582
544	1002
545	865
545	881
545	902
545	973
545	1314
546	707
546	886
546	899
546	1178
546	1313
547	599
547	906
547	965
547	1143
547	1260
548	681
548	716
548	1486
548	1573
549	586
549	935
549	1161
550	1173
550	1208
550	1215
550	1221
551	586
551	827
551	1429
551	1563
551	1572
552	995
552	1079
553	744
553	898
554	1129
554	1153
554	1232
554	1506
555	1039
555	1101
556	728
556	1401
557	591
558	796
558	1229
559	689
559	1088
560	1281
561	750
561	775
562	790
562	887
562	1276
562	1344
563	1082
563	1133
563	1517
564	735
564	1199
564	1363
565	1143
565	1462
566	681
566	1556
566	1570
567	743
567	925
567	1367
568	580
568	1241
568	1266
569	1032
569	1156
569	1350
570	825
570	1107
570	1365
570	1416
571	658
571	1023
571	1222
571	1536
571	1540
572	585
573	620
573	697
573	755
573	853
573	946
573	1550
574	1597
575	729
575	742
576	590
576	619
576	1019
576	1385
577	1378
578	711
578	859
578	893
578	1396
579	607
579	694
579	749
579	1101
580	831
580	1349
581	1308
582	983
583	1243
584	1385
585	591
585	818
585	872
585	1082
585	1153
585	1405
585	1412
586	947
587	743
587	1211
587	1335
588	590
588	1145
588	1408
588	1451
588	1582
589	824
589	848
589	988
589	1021
589	1054
589	1560
590	877
590	908
590	1168
590	1208
591	961
591	976
591	984
591	1387
591	1548
592	688
592	1268
592	1298
593	753
593	1098
593	1380
594	806
594	1162
594	1258
594	1384
595	1177
595	1255
596	946
597	973
597	1155
598	808
598	1415
598	1586
599	873
599	1084
600	801
600	976
600	1001
600	1313
600	1532
601	978
601	1028
601	1502
602	1392
603	813
603	934
603	1046
605	988
606	911
606	1163
607	1445
607	1503
608	653
608	931
608	1284
608	1451
609	727
609	1309
609	1344
609	1374
610	721
611	629
611	765
612	1154
613	817
613	962
613	1113
613	1366
614	656
614	888
614	1113
616	1246
617	750
617	937
617	1343
617	1427
618	655
618	998
618	1515
619	841
619	1098
619	1382
619	1580
620	1171
620	1526
621	716
621	1058
622	800
622	949
622	1276
622	1586
623	904
623	1365
624	1592
625	654
625	886
625	1168
625	1390
625	1584
626	760
626	1135
626	1360
627	868
628	893
628	1149
629	969
629	1364
629	1525
630	1191
630	1194
630	1474
631	690
631	1277
633	1309
634	730
635	1038
635	1304
636	1140
636	1377
637	921
637	1194
637	1447
637	1574
638	1389
639	1085
639	1150
640	1144
641	690
641	844
641	1353
642	653
642	1120
643	1183
644	926
644	1449
645	657
645	873
645	1346
646	1303
646	1307
646	1422
646	1426
646	1486
647	1011
647	1057
648	832
648	1132
648	1189
649	784
649	795
649	1491
650	1183
650	1246
650	1251
650	1348
651	752
651	780
651	884
651	1132
651	1182
651	1335
651	1463
652	757
653	1242
654	969
654	1018
655	842
657	852
657	1208
657	1501
658	1142
658	1248
659	968
659	1360
660	744
661	1087
661	1094
661	1115
662	786
662	1397
663	808
663	817
663	1046
663	1384
663	1396
663	1454
663	1544
663	1554
664	855
664	1159
664	1450
664	1553
665	1278
665	1554
665	1577
666	1332
666	1494
667	1302
668	1128
668	1192
670	784
670	1131
671	892
671	1068
671	1522
672	1240
673	975
673	1181
673	1370
674	933
674	1038
674	1530
675	901
675	1028
675	1462
675	1555
676	761
677	1022
677	1023
677	1383
677	1573
678	813
679	1167
680	967
680	1393
681	1300
683	814
683	1353
684	686
684	771
685	839
685	1313
686	768
686	781
686	1161
687	1437
687	1597
688	1344
689	883
690	842
691	1334
692	841
692	1020
692	1219
695	1199
697	992
697	1020
697	1036
697	1245
697	1329
698	1049
698	1431
699	753
699	760
699	917
699	1144
699	1350
699	1543
699	1581
700	894
701	992
701	1100
701	1287
701	1524
702	1085
702	1113
702	1447
704	774
704	811
704	1469
704	1507
704	1596
705	787
705	852
705	1504
706	1352
706	1356
706	1398
707	1438
707	1517
709	720
709	916
709	1077
709	1173
709	1295
709	1308
710	1313
711	1315
711	1387
712	717
712	1582
713	909
713	1376
713	1400
713	1527
714	1111
714	1247
714	1346
715	989
715	1285
716	793
716	994
716	1290
717	1512
718	894
718	923
718	1167
720	1231
720	1347
721	844
721	1013
721	1279
721	1510
722	775
722	1182
722	1392
722	1426
722	1462
723	1068
724	1487
725	1311
725	1474
726	1460
726	1550
726	1579
727	799
727	1212
728	824
728	959
728	1331
728	1388
729	846
729	1366
730	1258
731	808
731	827
731	1040
732	1179
733	889
733	993
733	1046
734	823
734	1030
735	1046
736	1134
736	1366
736	1455
737	991
737	1527
737	1528
738	755
738	1119
738	1228
738	1366
739	854
740	840
740	1200
740	1359
742	770
742	837
742	1503
743	1364
743	1457
744	1272
744	1313
744	1452
745	1323
746	930
746	946
746	1271
747	1301
747	1478
748	1026
748	1072
748	1350
748	1547
748	1585
749	801
749	1177
750	1122
751	758
751	777
751	799
753	776
753	929
753	932
753	1217
754	1501
756	996
756	1179
756	1468
757	987
757	1015
757	1306
758	988
758	1032
758	1145
758	1512
760	951
760	1189
761	899
761	1092
762	847
762	863
762	1028
762	1153
763	1543
764	811
764	1084
764	1493
765	957
766	858
766	1435
767	1227
767	1586
768	1119
769	815
769	1399
769	1535
769	1553
770	897
770	1508
771	1358
772	924
772	940
772	1119
773	1028
773	1101
773	1362
774	870
775	1122
775	1353
776	917
776	1015
776	1226
776	1325
776	1552
777	931
777	1207
778	792
778	1046
778	1106
778	1596
779	1268
781	1182
782	1199
783	819
783	1006
783	1373
783	1522
784	1013
785	970
785	1015
785	1144
786	849
786	966
786	1558
787	883
787	1437
788	1003
788	1056
788	1596
789	863
789	1452
789	1571
790	851
790	1549
791	1114
791	1313
792	860
792	1002
793	990
794	929
794	958
794	989
794	1225
794	1310
795	894
795	1030
795	1186
795	1381
795	1571
796	825
796	1137
796	1498
797	993
797	1177
798	1088
800	808
800	923
800	958
801	1399
802	941
802	1111
802	1526
803	1484
803	1597
804	836
804	864
804	919
804	1274
805	1462
805	1531
806	890
806	1355
806	1539
807	1272
807	1465
808	1481
811	831
811	1166
811	1404
811	1438
811	1545
811	1584
812	1010
813	853
814	965
814	1551
815	1089
815	1130
815	1304
816	1343
817	1293
818	924
818	1207
818	1243
818	1276
819	1423
820	1100
821	1037
821	1286
822	1020
822	1049
823	1113
823	1201
825	947
825	976
825	1503
826	938
826	1067
826	1076
826	1217
826	1599
828	846
828	1057
828	1063
829	1236
831	881
832	1247
833	854
833	897
833	1095
834	1538
835	1127
835	1432
835	1534
837	1023
837	1177
838	877
838	961
838	1282
840	1072
841	984
842	1392
843	1300
843	1497
843	1561
844	865
844	1242
844	1298
844	1461
847	943
847	1265
847	1310
847	1424
847	1434
847	1565
848	882
849	1076
849	1507
850	1535
851	1163
851	1528
852	918
852	1204
853	1354
854	1371
855	1003
855	1101
855	1352
855	1459
856	904
856	1104
856	1320
857	939
857	1419
858	896
859	1256
859	1407
859	1570
860	926
860	1133
861	1007
861	1249
861	1382
861	1583
862	1097
862	1404
863	917
864	1064
864	1447
866	1164
866	1339
867	1454
868	1074
869	1166
869	1201
869	1321
871	1006
871	1474
872	948
872	957
873	1091
873	1313
873	1595
874	893
874	995
874	1226
875	1164
876	1176
876	1270
876	1425
878	880
878	1208
878	1213
878	1532
879	1076
880	1241
881	1506
882	1042
882	1124
882	1228
882	1478
883	1227
884	1065
884	1313
885	1359
885	1455
886	926
886	1090
886	1341
888	1287
889	1337
889	1432
890	1158
890	1578
890	1592
892	1150
892	1201
892	1241
892	1291
892	1433
893	949
893	1180
893	1182
894	1322
895	1050
896	920
900	1131
900	1279
901	1270
901	1361
903	1135
903	1153
903	1164
903	1222
903	1473
904	1548
904	1566
905	952
905	958
905	1252
905	1581
906	1149
906	1477
907	1514
908	991
908	1509
909	1188
909	1256
909	1562
911	961
911	1120
911	1211
913	927
915	1336
916	1481
917	1191
917	1267
918	1513
919	1050
919	1054
919	1065
920	1087
920	1511
920	1527
921	1112
921	1397
921	1445
922	1219
922	1296
923	950
923	1108
923	1250
923	1477
925	1168
926	988
926	1098
927	1530
930	1396
931	975
933	1154
934	944
934	1444
934	1508
935	1156
936	1417
936	1420
936	1494
937	978
937	1249
938	1117
938	1309
944	992
946	947
946	1020
946	1593
948	1217
948	1363
949	1050
949	1325
951	1101
951	1303
951	1315
952	1469
952	1476
954	1477
954	1578
955	1283
955	1453
956	1558
957	1210
958	1219
958	1526
959	1197
960	1342
961	1137
962	1256
963	1386
963	1475
963	1560
963	1573
964	1387
966	1384
967	1144
967	1167
967	1398
967	1444
968	1254
969	1075
969	1472
971	1061
971	1108
971	1431
972	1298
972	1301
973	1132
973	1251
973	1266
974	1328
974	1594
975	1540
975	1562
976	1410
977	1127
977	1291
978	1442
979	1217
979	1323
979	1360
980	996
980	1149
980	1543
981	1444
983	1060
983	1289
984	1538
985	996
985	1210
985	1483
985	1562
986	987
986	1450
986	1522
986	1583
987	1133
987	1571
988	1157
988	1421
989	1010
989	1305
990	1066
990	1391
990	1392
990	1404
991	1393
991	1423
992	1152
992	1578
993	1219
993	1294
993	1364
993	1575
994	1055
994	1121
994	1468
995	1310
996	1102
996	1231
996	1253
996	1285
996	1472
997	1143
997	1509
1000	1008
1000	1138
1000	1284
1002	1095
1003	1365
1004	1108
1004	1348
1004	1377
1004	1397
1007	1384
1007	1412
1008	1189
1009	1354
1009	1377
1010	1045
1010	1402
1012	1102
1013	1160
1013	1314
1013	1347
1015	1029
1016	1263
1017	1174
1017	1306
1017	1451
1018	1072
1018	1112
1020	1493
1022	1160
1023	1336
1023	1501
1025	1146
1025	1229
1025	1312
1026	1027
1026	1321
1027	1510
1028	1135
1028	1367
1029	1224
1029	1416
1029	1473
1031	1195
1032	1140
1032	1214
1033	1286
1034	1134
1035	1351
1035	1587
1036	1230
1036	1444
1037	1236
1037	1398
1038	1143
1039	1192
1039	1396
1040	1061
1040	1114
1040	1196
1042	1051
1042	1182
1045	1100
1047	1327
1047	1453
1048	1234
1048	1394
1050	1182
1050	1247
1052	1181
1052	1529
1053	1162
1053	1408
1053	1598
1056	1435
1057	1102
1058	1345
1059	1348
1060	1499
1060	1573
1061	1146
1061	1193
1061	1230
1061	1284
1061	1495
1062	1323
1063	1312
1064	1069
1064	1216
1064	1378
1064	1446
1066	1296
1066	1309
1066	1583
1068	1538
1068	1595
1069	1562
1069	1573
1071	1187
1071	1419
1071	1504
1072	1361
1073	1164
1073	1170
1073	1574
1074	1076
1074	1330
1074	1574
1075	1506
1078	1148
1078	1278
1078	1482
1079	1189
1079	1228
1079	1449
1079	1511
1079	1513
1080	1155
1080	1213
1081	1147
1081	1334
1081	1383
1082	1096
1082	1435
1082	1460
1083	1470
1084	1358
1084	1374
1085	1118
1085	1128
1085	1530
1085	1588
1086	1184
1087	1207
1087	1541
1088	1244
1090	1232
1092	1379
1093	1197
1094	1122
1095	1452
1097	1374
1099	1284
1099	1459
1100	1313
1101	1102
1101	1206
1101	1559
1102	1388
1102	1509
1103	1457
1105	1162
1106	1240
1106	1334
1106	1424
1106	1448
1107	1244
1107	1379
1107	1470
1108	1241
1108	1362
1108	1591
1109	1389
1110	1593
1111	1550
1113	1144
1113	1361
1115	1485
1116	1177
1117	1213
1117	1318
1118	1245
1118	1534
1119	1529
1120	1237
1121	1203
1123	1585
1124	1133
1124	1575
1125	1257
1125	1401
1125	1555
1126	1521
1126	1586
1128	1283
1130	1572
1133	1221
1133	1362
1134	1192
1134	1233
1134	1297
1135	1490
1136	1304
1137	1203
1137	1357
1137	1453
1138	1498
1139	1150
1139	1321
1140	1164
1140	1483
1141	1184
1141	1425
1142	1215
1142	1358
1142	1447
1142	1493
1143	1262
1143	1310
1143	1503
1144	1213
1146	1297
1146	1341
1146	1436
1147	1513
1148	1410
1149	1595
1150	1192
1152	1400
1154	1223
1154	1239
1154	1284
1154	1494
1155	1185
1156	1283
1156	1369
1157	1213
1158	1432
1158	1508
1159	1430
1160	1270
1160	1531
1161	1383
1161	1464
1162	1340
1163	1411
1163	1523
1164	1389
1166	1192
1166	1524
1167	1183
1168	1391
1169	1313
1170	1184
1171	1300
1172	1257
1174	1327
1175	1184
1175	1583
1176	1201
1176	1476
1176	1508
1176	1594
1177	1340
1177	1531
1178	1479
1179	1206
1180	1236
1180	1276
1182	1265
1183	1255
1183	1486
1183	1543
1184	1428
1185	1423
1187	1387
1187	1485
1188	1356
1188	1408
1189	1587
1191	1264
1192	1305
1193	1531
1197	1241
1198	1444
1201	1301
1202	1390
1202	1532
1203	1246
1203	1397
1203	1413
1204	1454
1204	1487
1208	1550
1209	1595
1215	1346
1216	1411
1219	1557
1220	1363
1220	1397
1220	1556
1221	1511
1224	1254
1224	1502
1225	1237
1226	1228
1227	1287
1227	1560
1228	1502
1229	1428
1229	1580
1230	1232
1231	1282
1231	1312
1232	1516
1233	1320
1233	1397
1234	1485
1234	1528
1235	1395
1236	1417
1237	1244
1242	1440
1244	1372
1245	1309
1245	1543
1246	1451
1248	1465
1250	1591
1253	1327
1253	1527
1254	1394
1256	1346
1256	1409
1257	1534
1258	1464
1258	1589
1264	1477
1265	1269
1266	1597
1267	1292
1269	1551
1272	1317
1272	1407
1275	1413
1278	1305
1279	1496
1280	1307
1282	1493
1284	1343
1284	1351
1286	1324
1289	1530
1292	1511
1296	1298
1296	1512
1296	1589
1299	1595
1301	1475
1302	1428
1303	1380
1305	1342
1306	1502
1307	1587
1308	1598
1312	1340
1312	1386
1312	1520
1315	1350
1316	1475
1317	1433
1319	1509
1321	1343
1321	1470
1323	1411
1323	1482
1325	1369
1325	1489
1325	1516
1325	1545
1326	1438
1326	1452
1326	1483
1332	1457
1336	1551
1337	1364
1337	1384
1338	1452
1339	1549
1341	1439
1341	1567
1342	1431
1343	1587
1345	1448
1345	1554
1346	1521
1348	1417
1350	1354
1353	1514
1354	1582
1355	1538
1358	1361
1358	1398
1358	1496
1359	1416
1361	1444
1361	1482
1364	1459
1364	1553
1366	1445
1367	1405
1368	1485
1369	1398
1369	1598
1371	1405
1374	1556
1375	1566
1376	1593
1377	1445
1381	1509
1382	1452
1382	1558
1383	1592
1386	1563
1387	1439
1388	1413
1388	1496
1391	1494
1392	1436
1394	1459
1395	1466
1397	1560
1401	1413
1401	1559
1401	1583
1406	1416
1411	1502
1412	1521
1420	1496
1420	1514
1422	1575
1423	1546
1424	1433
1428	1514
1436	1580
1441	1570
1442	1541
1444	1549
1447	1574
1450	1548
1452	1589
1453	1486
1453	1596
1459	1489
1465	1593
1467	1586
1471	1476
1473	1538
1480	1530
1480	1531
1481	1599
1488	1531
1488	1574
1489	1524
1497	1592
1498	1532
1500	1579
1504	1557
1512	1593
1515	1573
1516	1565
1531	1564
1536	1546
1538	1551
1541	1593
1545	1589
1548	1564
1566	1596
1586	1592