0	882
1	151
1	1006
1	1230
1	1474
2	40
2	627
2	775
2	822
2	1223
2	1478
3	49
3	407
3	527
3	992
3	1566
4	1013
4	1506
5	619
5	860
5	1174
5	1568
6	147
6	1470
7	141
7	1594
8	39
8	301
8	595
8	642
8	1006
8	1123
8	1355
9	222
9	296
9	735
9	986
9	1218
9	1415
10	333
10	494
10	831
11	190
11	206
11	550
11	556
11	1263
12	120
12	216
12	332
12	1193
12	1561
12	1595
13	100
13	261
13	302
13	680
13	970
13	1018
14	339
14	632
14	1165
15	1227
16	957
16	1147
16	1417
17	719
17	1032
17	1212
17	1239
17	1368
17	1415
18	369
18	648
18	1102
18	1315
18	1352
18	1364
18	1407
19	307
19	361
19	904
19	942
19	1098
20	193
20	567
20	1458
20	1535
21	58
21	160
21	453
22	76
22	557
22	559
22	1120
22	1453
22	1471
22	1551
23	667
23	1329
23	1485
24	1284
24	1292
24	1423
25	220
25	530
25	720
25	784
25	1181
26	234
26	1041
26	1135
27	45
27	667
27	685
27	802
27	951
27	1137
27	1252
27	1334
27	1548
27	1583
28	195
28	415
28	560
29	103
29	313
29	714
29	842
29	896
29	932
29	960
30	163
30	347
30	1188
30	1594
31	413
31	1149
31	1466
31	1509
32	49
32	271
32	373
32	539
32	1172
32	1220
32	1375
33	765
33	874
33	984
34	346
34	519
34	660
34	701
34	1300
35	127
35	626
35	1179
35	1355
35	1519
36	318
36	419
36	1233
36	1336
37	236
37	829
38	334
38	437
38	521
38	822
38	1045
38	1356
39	62
39	265
39	353
39	555
39	681
39	947
39	1012
39	1171
39	1477
40	77
40	177
40	308
40	559
40	1256
41	172
41	273
41	367
41	371
41	731
41	1210
42	158
42	1457
43	103
43	412
43	582
43	862
44	528
44	814
45	1069
46	470
46	1506
47	562
47	630
47	820
47	1247
47	1313
48	83
48	311
48	581
48	598
48	610
48	949
48	1283
49	101
49	919
49	925
49	1125
50	204
50	393
50	481
50	538
50	669
50	677
50	863
50	894
50	1356
50	1377
51	533
51	870
51	907
52	1316
53	343
53	545
53	666
53	1200
54	83
54	677
54	1226
54	1565
55	130
55	499
55	767
55	968
55	1218
55	1589
56	869
56	1184
56	1319
57	971
57	1049
57	1085
58	434
58	532
58	1070
59	430
59	1138
59	1301
59	1433
59	1578
60	739
60	749
60	1333
61	556
61	824
61	1117
61	1401
61	1584
62	463
62	558
62	789
62	1504
63	454
63	803
63	903
63	1278
63	1386
63	1473
64	212
64	523
64	761
65	280
65	603
65	954
65	1189
65	1252
66	204
66	608
66	746
66	770
66	1043
67	243
67	271
67	1028
67	1424
68	242
68	478
68	1429
68	1504
68	1551
69	114
69	384
69	888
70	118
70	200
70	521
70	893
70	898
71	175
71	209
71	422
71	763
71	895
71	1050
71	1145
72	292
72	565
72	1168
73	172
73	507
74	214
74	288
74	1151
75	1043
75	1130
75	1549
76	194
76	405
76	605
76	883
77	374
77	395
77	594
77	623
77	929
77	1110
77	1246
77	1312
78	303
78	372
78	725
79	780
79	1088
79	1440
80	128
80	342
80	552
80	1069
80	1189
80	1431
81	591
81	1156
81	1323
81	1391
82	162
82	762
83	1000
83	1248
83	1480
84	853
84	887
84	1429
85	98
85	601
85	647
85	909
85	1186
85	1229
85	1278
86	423
86	1436
87	175
87	199
87	461
87	1002
87	1417
88	432
88	671
88	1465
88	1502
88	1532
89	183
90	290
90	337
90	774
90	994
90	1096
90	1146
91	169
91	880
91	959
92	555
92	640
92	1250
93	645
94	103
94	131
94	329
94	359
94	1438
94	1569
95	119
95	946
95	1518
96	936
96	1107
96	1141
97	276
97	540
97	827
97	863
97	1033
97	1245
97	1347
98	505
98	676
99	527
99	544
99	858
99	924
99	1264
100	933
100	1337
101	199
101	1171
101	1301
101	1355
102	491
102	521
102	531
102	1526
103	413
103	492
103	556
103	882
103	1222
103	1534
104	907
104	1180
105	402
105	640
106	230
106	269
106	1156
106	1257
107	269
107	555
107	1436
107	1562
108	187
108	208
108	1475
109	983
109	1185
109	1261
110	669
110	837
110	1201
110	1383
111	137
111	421
111	1154
111	1198
111	1305
112	975
112	1129
112	1257
113	492
113	541
113	805
113	846
113	953
113	1089
114	145
114	1226
115	229
115	473
115	721
115	1161
115	1515
116	601
116	679
116	1208
117	366
117	558
118	1141
118	1367
119	873
119	999
119	1158
120	348
120	1233
120	1281
120	1464
121	277
121	593
121	1182
121	1435
121	1513
122	974
122	1503
123	386
123	402
123	811
123	920
123	1254
124	961
124	1039
125	555
125	1458
126	895
126	976
126	1589
126	1594
127	768
127	1058
127	1264
127	1338
128	608
128	713
128	828
128	929
129	1205
130	293
130	333
130	349
130	1180
130	1370
130	1576
130	1589
131	491
131	1576
132	210
132	666
132	801
132	1562
133	859
133	907
133	975
133	1452
134	152
134	269
134	586
134	1037
134	1242
134	1356
134	1463
134	1563
135	175
135	176
135	229
135	1014
135	1437
136	589
136	847
136	1112
136	1505
137	727
138	638
138	1097
139	402
139	974
139	1283
140	594
141	1271
141	1347
141	1353
142	1078
142	1520
143	222
143	596
144	453
144	609
144	656
144	1118
144	1434
145	441
145	1503
146	171
146	774
147	868
147	1127
148	360
148	578
148	795
148	988
148	1378
148	1432
148	1588
149	782
150	287
150	288
150	464
150	858
151	945
151	1200
152	397
152	421
152	608
152	681
153	1521
154	424
154	1092
154	1201
155	259
155	412
155	617
155	745
155	991
156	872
156	1007
156	1263
157	174
157	356
157	555
157	826
157	887
158	513
158	795
158	892
158	1307
159	693
159	1284
160	1256
160	1463
160	1580
161	701
161	1003
161	1282
161	1447
161	1588
162	575
162	987
162	1027
162	1404
163	399
163	772
164	666
164	1515
165	354
165	551
165	1257
166	540
166	829
166	1062
167	399
167	466
167	686
167	1227
168	272
168	1212
169	218
169	343
169	474
169	572
169	905
169	1166
169	1179
169	1194
169	1435
170	554
170	813
170	900
170	939
170	951
170	971
170	1176
170	1484
171	683
171	1165
171	1566
172	228
172	775
172	1411
173	582
173	726
173	785
173	847
173	880
173	913
173	1156
174	574
174	811
174	1136
174	1482
174	1520
175	361
175	883
175	931
175	1253
176	559
176	702
176	1069
176	1134
176	1199
177	1008
177	1444
178	255
178	419
178	484
178	1278
178	1281
179	322
179	663
179	810
179	858
179	903
179	1031
179	1120
180	422
180	738
180	1037
180	1271
181	359
181	595
181	779
182	359
182	585
182	995
183	216
183	260
183	597
183	818
183	942
184	1051
185	189
185	614
185	965
185	1069
186	641
186	1189
187	1346
188	357
188	371
188	1331
189	504
189	674
189	1196
190	304
191	701
191	772
191	869
191	1378
192	249
192	552
192	714
192	1080
192	1566
193	518
193	903
193	1239
194	451
194	496
194	504
194	597
194	1295
195	852
196	816
196	898
196	1171
197	362
197	870
198	234
198	285
198	358
198	1254
199	1046
199	1102
199	1163
199	1294
200	283
200	1210
200	1514
201	332
201	343
201	495
201	645
201	764
202	361
202	408
202	535
202	692
202	911
203	209
203	580
203	720
203	1498
204	471
204	623
204	879
205	441
205	446
205	722
205	1515
206	545
206	631
206	650
206	1005
206	1492
207	466
207	572
207	591
207	881
207	1340
207	1497
207	1517
208	512
208	517
208	1410
209	232
209	363
209	715
209	1445
209	1540
210	213
210	876
210	1296
210	1506
210	1557
211	419
211	1030
211	1372
211	1383
211	1562
212	273
212	711
212	722
212	1371
213	216
213	263
213	381
213	404
213	412
213	1045
213	1319
213	1500
213	1541
214	564
214	902
214	1552
215	593
216	916
216	1243
216	1299
217	674
217	883
217	1005
217	1309
218	408
218	1038
218	1221
219	270
219	581
219	1088
219	1306
220	619
220	665
220	776
220	793
220	813
220	1529
221	365
221	931
221	1395
222	273
222	359
222	463
222	707
222	964
222	1280
222	1449
223	234
223	295
223	408
223	773
223	993
224	1114
224	1304
225	1095
225	1169
226	531
226	842
226	1004
226	1240
226	1318
226	1396
227	556
227	1302
227	1424
228	229
228	587
228	643
228	1094
228	1221
228	1388
229	943
229	1505
229	1596
230	765
230	1283
230	1432
231	438
232	587
232	832
233	406
233	556
233	827
233	892
234	394
234	498
234	781
234	1064
234	1414
235	844
235	861
236	837
236	1125
236	1503
236	1518
237	1058
237	1187
237	1289
237	1543
238	297
238	664
238	956
238	1269
238	1402
238	1480
239	686
239	1001
239	1516
240	284
240	460
240	725
240	945
241	450
241	1108
241	1143
241	1270
241	1471
242	1410
242	1587
243	770
243	815
243	1001
243	1045
244	342
245	387
245	693
245	836
245	852
246	937
247	723
247	867
247	898
247	901
247	945
247	1235
247	1349
248	295
248	598
248	1222
249	494
249	808
249	901
249	1175
250	626
250	734
250	1086
251	350
251	551
251	1227
251	1495
252	381
252	579
252	659
252	934
252	1073
252	1156
252	1344
252	1472
252	1580
253	1376
253	1381
254	511
254	830
254	1130
254	1588
255	650
255	1015
256	276
256	551
256	1430
257	769
258	655
258	827
258	980
258	1467
259	805
259	1009
259	1338
259	1341
259	1531
259	1596
260	376
260	463
260	509
261	297
261	313
261	1308
261	1444
261	1563
262	411
262	718
262	814
262	821
262	958
263	309
263	393
263	1199
264	1007
264	1363
265	1189
266	485
266	689
266	706
266	947
266	1103
266	1408
266	1491
267	397
267	633
267	890
267	901
268	634
268	982
268	1040
269	580
269	1007
270	295
270	343
271	937
271	965
272	413
272	424
272	1165
273	386
273	1119
273	1242
274	398
274	615
275	364
275	1433
276	584
276	1380
276	1574
277	1100
277	1407
278	598
278	818
279	989
279	1123
280	379
280	1008
280	1027
280	1337
280	1371
281	765
282	767
282	852
282	979
282	1012
283	744
283	873
283	1141
284	312
284	350
284	368
284	548
284	613
284	960
284	976
284	1583
285	497
285	927
285	1298
286	610
286	647
286	1045
286	1098
286	1235
287	568
287	1206
288	315
288	750
288	777
288	1161
288	1300
288	1340
289	316
289	597
289	658
289	669
289	1269
289	1302
289	1380
290	716
290	1021
291	391
291	1017
291	1069
291	1370
292	392
292	923
292	1153
292	1512
293	603
293	614
293	664
293	1153
293	1581
294	598
294	689
294	1458
295	716
295	815
295	1068
295	1205
295	1356
295	1541
296	422
296	649
297	503
297	514
297	938
297	1228
298	805
298	1074
298	1419
299	393
300	388
300	541
300	1191
301	614
301	1052
301	1139
301	1369
301	1574
302	561
302	774
302	898
302	1069
302	1412
302	1483
303	464
303	943
303	1244
305	544
305	976
305	1022
306	396
306	475
306	628
306	1150
306	1177
306	1599
307	502
307	893
307	931
307	1314
307	1443
307	1444
307	1524
308	384
308	436
308	688
308	794
308	1011
308	1508
309	1041
309	1211
309	1290
309	1346
309	1443
309	1457
309	1486
310	665
310	1403
311	1494
312	645
312	1249
313	772
313	1052
313	1064
313	1128
313	1277
313	1334
314	638
314	835
314	857
314	1316
315	640
315	924
315	1204
316	1054
316	1231
316	1323
316	1440
317	553
317	623
317	876
317	1091
317	1143
317	1444
318	604
318	1361
319	639
319	803
319	843
319	872
319	1066
320	1260
320	1498
320	1516
321	1118
322	655
322	904
323	886
323	1427
323	1535
324	1303
324	1396
325	1081
325	1415
325	1458
326	676
326	1142
326	1440
326	1498
326	1504
327	431
327	655
327	1139
327	1294
327	1592
328	772
328	1469
329	1446
330	567
330	757
330	1131
330	1471
331	549
331	968
331	1497
332	493
332	878
332	1407
333	507
333	606
333	869
334	517
334	798
334	842
334	855
334	1427
335	901
335	1087
336	681
336	1221
336	1354
336	1393
336	1473
337	476
337	870
337	1221
338	447
338	1011
338	1462
339	591
339	961
340	343
340	662
341	1160
341	1192
341	1526
342	853
342	1412
342	1582
343	1192
344	603
344	1276
344	1499
344	1513
345	581
345	727
345	905
345	1099
345	1255
345	1294
346	373
346	780
346	838
346	1312
346	1327
346	1512
347	765
348	553
348	664
349	769
349	952
350	399
350	453
350	706
350	1510
351	425
351	866
351	985
351	1364
352	842
353	485
353	754
353	1491
353	1507
354	552
354	698
354	1279
354	1475
354	1552
355	807
355	918
355	1230
356	797
356	864
356	1321
358	365
358	490
359	473
359	1088
359	1182
359	1281
359	1363
359	1371
359	1577
360	571
360	1472
361	375
361	692
361	1007
361	1049
361	1179
361	1578
362	452
362	1453
362	1481
363	466
363	717
363	977
363	1003
364	570
364	1178
364	1373
365	505
365	1245
365	1287
365	1532
365	1587
366	380
366	462
366	465
366	866
366	1051
366	1507
367	534
367	929
367	1154
367	1219
368	401
368	922
369	457
369	825
369	1344
369	1463
369	1573
370	697
370	751
370	1126
370	1573
371	773
371	1459
371	1555
372	602
372	679
372	854
372	917
372	931
372	1568
373	420
373	507
373	533
373	1290
373	1541
373	1581
374	549
374	567
374	1019
375	449
375	833
375	964
375	1007
375	1032
375	1279
375	1283
376	1263
376	1307
377	1553
378	718
378	728
379	1039
379	1062
379	1199
379	1291
379	1381
379	1492
380	402
380	421
380	999
380	1141
381	699
381	1349
382	660
382	986
382	1069
382	1112
382	1171
382	1276
382	1320
382	1538
383	396
383	416
383	702
383	838
383	1459
384	429
384	430
384	973
384	1488
385	508
385	774
386	474
386	679
386	721
386	786
386	973
386	1026
386	1269
388	400
388	801
388	952
388	1293
389	556
389	1104
390	440
390	1154
390	1430
390	1588
391	1238
392	1017
392	1183
393	405
393	473
393	753
393	1112
393	1325
393	1517
394	981
394	1451
394	1473
394	1568
395	1299
397	829
397	1338
397	1369
397	1557
398	915
398	1557
399	474
399	727
399	770
399	1105
399	1203
399	1360
400	808
400	845
400	961
401	799
401	1314
402	588
402	607
402	1006
402	1108
402	1150
403	819
403	1030
403	1162
403	1215
403	1553
404	727
404	833
404	903
405	1295
406	472
406	794
406	935
406	976
406	1014
406	1334
406	1422
407	952
407	1512
408	430
408	1474
409	1137
409	1164
409	1357
410	825
410	1232
411	773
411	985
412	770
412	1057
412	1277
412	1501
413	1406
414	445
414	732
414	1496
415	1377
416	696
416	709
416	1489
417	582
417	997
417	1447
418	550
418	610
418	627
418	731
418	1244
419	1455
420	862
420	1002
420	1165
420	1426
420	1572
421	866
421	1210
422	1239
422	1264
423	791
423	917
423	1001
423	1098
424	426
424	1160
424	1267
425	521
425	522
425	689
425	1474
426	1225
426	1245
426	1447
427	1180
428	764
428	1254
428	1553
429	500
429	570
429	1342
429	1383
429	1391
430	615
430	1075
430	1400
432	756
432	1075
432	1288
432	1336
432	1525
433	620
433	800
433	1365
433	1440
433	1540
434	1572
435	1078
436	634
436	759
436	839
437	1329
438	1147
438	1546
439	1005
439	1337
439	1545
440	476
440	823
440	993
440	1362
440	1493
441	526
442	647
443	576
443	751
443	1033
443	1200
443	1246
443	1481
443	1537
444	759
444	786
444	1064
444	1310
446	663
446	1141
446	1193
446	1542
447	548
447	1253
448	630
449	640
449	760
449	1280
449	1482
450	839
450	932
451	1023
452	542
452	1256
453	498
453	785
454	1121
454	1245
454	1297
454	1551
455	670
455	675
455	1422
455	1464
456	570
456	1119
456	1255
457	467
457	528
458	807
458	1102
458	1475
459	821
459	1264
459	1332
460	563
460	1229
460	1308
460	1439
461	710
461	955
461	1112
461	1118
461	1321
462	612
462	1411
464	793
464	816
464	823
464	1555
465	1190
466	520
466	781
466	1548
466	1574
467	681
467	1392
468	808
469	961
469	1544
470	625
470	1375
471	796
471	1089
471	1185
471	1383
471	1413
472	785
472	1124
472	1149
473	1437
474	989
474	1109
474	1463
475	1335
475	1411
476	766
476	770
476	1140
476	1160
477	591
477	861
477	1108
478	790
478	823
478	1370
478	1429
478	1562
479	743
479	878
479	958
480	493
480	1049
480	1064
482	632
482	999
482	1245
482	1344
482	1596
483	812
483	997
483	1000
483	1219
484	673
484	1070
485	629
485	944
485	1216
485	1451
486	650
487	573
487	760
487	1181
487	1198
488	861
489	604
489	1428
489	1537
490	558
490	900
490	1475
491	676
491	836
491	1288
492	1022
492	1057
492	1397
492	1412
492	1420
492	1470
492	1526
493	616
493	621
493	703
493	996
494	646
494	1278
495	1012
495	1132
495	1332
495	1519
496	822
496	1406
497	1390
499	760
499	1260
499	1498
499	1514
500	578
500	854
500	1276
500	1288
500	1572
501	1116
501	1508
502	780
502	938
502	966
502	1009
502	1478
503	610
503	1089
503	1108
503	1595
504	603
504	1063
505	865
505	981
505	1535
505	1564
506	1369
507	554
507	1156
507	1531
508	948
508	1299
509	517
509	1114
509	1430
510	787
510	986
510	1013
510	1225
510	1337
510	1356
511	872
511	910
511	1421
511	1599
512	1010
512	1065
512	1109
512	1234
513	660
513	1558
514	758
514	780
514	1276
514	1413
515	773
515	926
515	960
516	1525
517	1006
517	1020
518	633
518	637
519	1152
519	1156
519	1222
520	715
520	779
520	926
521	786
521	1191
522	1247
522	1262
523	816
523	1290
523	1365
524	878
524	1345
524	1489
525	593
525	1408
525	1554
525	1584
526	581
526	706
526	729
527	1120
528	565
528	637
528	796
529	628
529	980
529	1222
529	1487
529	1583
530	1175
530	1186
530	1369
530	1499
531	589
531	997
531	1037
531	1451
532	1075
533	1034
533	1245
533	1481
534	870
534	950
535	647
535	1209
535	1576
536	675
537	1370
538	730
538	744
538	805
539	1106
540	778
540	798
540	1025
540	1038
540	1583
541	936
542	643
542	672
542	851
542	1275
542	1361
542	1534
543	644
543	1148
543	1358
544	1134
544	1364
544	1540
545	578
545	822
545	1282
546	906
546	1270
546	1562
547	646
547	1295
547	1585
548	552
548	941
548	971
549	707
549	1082
549	1258
551	1092
551	1287
552	581
552	664
553	1002
553	1464
554	628
554	923
554	1417
555	912
555	1253
555	1425
556	747
556	1217
556	1417
557	592
557	1104
558	634
558	1035
558	1078
559	754
559	1311
559	1420
559	1497
560	723
560	804
560	1151
560	1198
561	1585
562	858
562	979
562	1243
563	606
563	986
563	1548
564	827
564	1311
565	585
565	612
565	807
565	1038
565	1293
565	1366
565	1426
566	822
567	720
567	808
567	1377
568	809
568	950
568	1019
568	1020
568	1191
568	1590
569	639
569	671
569	841
569	1052
569	1102
569	1218
570	1440
571	1508
572	686
572	791
572	1192
572	1230
572	1411
573	660
573	986
573	1264
573	1471
574	941
575	681
575	812
575	877
575	1051
575	1240
575	1465
576	1518
577	794
577	821
577	1148
577	1500
577	1541
578	919
578	1460
578	1519
579	603
579	1266
579	1528
580	1010
581	637
582	740
583	763
583	875
583	968
583	1484
584	943
584	1214
585	861
586	680
586	1374
587	993
587	1493
588	768
588	926
588	976
588	1271
588	1509
588	1536
589	633
589	1144
589	1510
589	1595
590	697
592	595
592	685
593	702
593	1078
594	762
594	1100
594	1525
595	1438
595	1497
597	693
597	1353
597	1423
597	1434
597	1462
598	1087
598	1144
599	1191
600	1376
601	1193
601	1242
601	1468
602	1325
602	1373
602	1517
603	1237
604	911
604	1189
604	1324
605	1198
605	1222
606	1455
606	1548
607	798
607	1511
607	1592
608	1396
609	952
609	1207
609	1237
610	686
610	788
610	811
610	1091
610	1260
611	1047
611	1089
612	687
613	741
613	804
613	1077
613	1317
613	1397
614	738
614	866
614	1005
615	1226
616	698
616	795
616	825
616	1085
616	1394
616	1503
617	833
617	1137
617	1307
618	877
618	1091
618	1238
618	1493
619	665
619	901
620	663
620	1265
621	891
621	1367
621	1410
622	657
623	772
623	832
623	957
623	1378
624	675
624	702
624	1104
625	943
625	968
625	1523
626	627
626	893
626	1431
627	633
627	1248
627	1502
629	662
629	711
629	1137
629	1198
630	1253
630	1254
630	1417
631	1015
631	1514
632	693
632	1175
632	1597
633	1283
634	1211
635	681
636	1055
636	1181
636	1210
636	1313
636	1456
637	1397
637	1408
638	1144
638	1238
638	1315
640	870
640	940
641	1032
642	1357
642	1410
643	873
643	1191
643	1559
644	748
644	1053
644	1178
644	1405
644	1538
645	697
645	1090
647	1024
648	688
648	1194
648	1205
649	1004
649	1185
649	1253
649	1302
650	972
650	1133
651	903
652	681
652	1181
653	681
653	722
653	795
654	664
655	969
655	975
655	1429
656	735
656	1081
656	1237
657	739
657	777
657	987
657	1247
657	1371
658	1000
658	1400
658	1501
659	718
660	672
660	1165
660	1239
661	905
661	990
661	1160
661	1586
662	663
662	1329
662	1473
663	910
663	1091
663	1415
664	1091
664	1293
664	1311
665	928
665	1515
666	1343
667	1262
668	1268
669	1247
670	1578
671	831
671	1425
671	1557
672	1337
672	1492
673	704
674	804
675	939
675	1049
675	1254
676	750
677	946
677	1385
678	900
678	1144
678	1243
678	1306
678	1430
678	1472
679	976
679	985
679	1069
679	1297
679	1419
680	983
680	985
680	993
682	1504
683	1170
683	1244
683	1376
684	771
684	830
684	997
684	1246
684	1596
685	1399
686	1551
687	823
687	1584
690	725
690	1010
691	852
691	1078
691	1109
691	1384
691	1503
693	1438
694	1202
695	1030
695	1068
695	1122
695	1125
696	1139
696	1145
697	800
697	1155
698	967
699	1168
699	1433
699	1448
700	985
700	1243
701	1272
701	1273
702	908
702	973
702	1033
702	1250
702	1452
703	774
703	981
703	1105
703	1110
703	1174
704	1598
705	950
705	1270
705	1466
706	1201
707	1302
708	1200
708	1328
708	1568
709	906
709	1125
711	1281
712	900
712	908
712	1215
712	1242
712	1416
712	1587
714	1061
715	875
715	1365
716	1289
716	1303
716	1437
717	718
717	969
718	1230
719	737
719	920
719	1414
719	1588
720	1086
721	727
721	805
721	825
721	1222
722	858
722	1412
723	1351
724	1335
725	1178
726	874
726	879
726	924
726	1351
727	735
727	1285
727	1583
728	878
728	1015
729	815
729	1039
730	737
730	1206
731	1437
732	921
733	1303
734	1109
734	1265
734	1294
734	1301
735	748
735	1286
735	1523
736	1190
736	1284
736	1387
737	1267
738	759
738	993
738	1544
739	917
739	1265
740	1132
741	777
741	919
741	1143
741	1222
741	1491
742	1196
743	1362
743	1435
743	1546
745	1113
746	879
746	1186
747	1445
747	1505
747	1515
749	808
749	1167
749	1573
750	994
751	935
751	1127
752	845
752	1326
752	1435
753	1012
753	1156
753	1261
753	1264
753	1412
754	1328
754	1388
754	1430
755	777
755	1492
756	921
756	1257
756	1406
756	1561
757	932
757	1281
757	1467
758	1211
758	1302
758	1366
758	1573
759	996
759	1074
759	1435
760	917
761	1363
761	1576
762	1355
763	934
763	1391
764	1217
764	1241
765	802
765	806
765	1079
765	1152
766	795
767	931
767	1530
768	865
768	1025
768	1415
769	851
769	1129
769	1360
769	1592
770	1204
770	1279
771	1032
771	1087
771	1210
771	1367
772	927
773	1424
774	1305
775	837
776	1053
776	1368
776	1540
777	972
777	977
777	1004
777	1256
778	1030
779	788
779	826
779	953
779	1029
780	822
780	1015
780	1401
780	1539
781	1357
781	1480
782	1279
782	1565
783	1370
783	1530
783	1584
784	1247
786	1000
786	1375
787	1036
788	1436
788	1540
789	875
789	896
790	1452
791	866
791	987
791	1484
792	1208
792	1553
793	1081
793	1185
793	1259
793	1318
793	1436
794	1119
794	1254
794	1265
794	1540
796	1205
796	1452
797	965
797	1595
798	1174
798	1327
799	801
799	933
799	1159
799	1496
800	1031
800	1126
800	1174
800	1448
800	1525
801	1070
801	1190
802	1071
802	1269
802	1570
804	1015
805	1383
805	1388
806	1093
806	1237
806	1322
806	1499
807	1049
808	890
808	1063
808	1274
808	1484
809	1478
810	910
810	1225
811	1473
811	1496
812	874
812	1068
812	1549
813	1120
813	1377
813	1509
813	1537
814	878
814	1412
814	1440
815	961
815	1263
816	969
816	980
817	1306
817	1324
820	930
820	1140
820	1169
820	1178
820	1449
821	1174
821	1579
822	920
822	1306
822	1470
822	1593
823	1105
824	1379
824	1556
825	1203
826	1495
826	1547
827	998
827	1495
827	1527
828	880
828	1076
829	933
829	1074
829	1078
829	1196
829	1366
829	1402
830	1259
830	1408
831	1074
831	1100
831	1162
831	1472
832	881
832	1258
832	1307
832	1346
832	1598
833	912
833	963
834	1468
835	1106
835	1494
836	1517
836	1597
837	1419
837	1480
838	1469
840	1423
842	1189
843	1336
844	860
844	1411
845	1177
845	1381
846	1323
847	1074
847	1425
848	1370
848	1580
849	934
849	1024
849	1172
850	1031
850	1059
850	1098
850	1176
850	1213
851	1166
853	935
853	1048
853	1572
854	1010
855	1101
856	947
856	1040
856	1075
856	1294
856	1449
857	1235
857	1313
857	1395
860	1445
860	1452
862	881
862	1537
863	1038
865	1114
865	1374
866	1599
867	1360
868	1075
868	1315
868	1582
870	948
870	1313
870	1391
871	1481
872	979
872	1215
873	1114
873	1116
873	1341
874	1340
875	1459
877	887
878	978
878	1132
878	1591
879	988
879	1014
879	1036
879	1238
880	1107
880	1437
880	1590
881	1039
881	1345
882	899
882	1437
884	1561
885	1321
885	1408
886	900
886	1148
886	1366
886	1422
886	1578
887	979
888	905
888	1183
888	1505
889	1422
890	1074
891	929
891	1170
892	1427
892	1553
893	1466
893	1479
894	1006
894	1097
894	1489
895	973
895	1280
895	1566
896	1509
897	1242
897	1469
898	1252
899	1292
899	1385
900	1256
901	995
903	1103
903	1134
904	1244
904	1342
906	1043
906	1276
906	1468
907	1086
907	1094
909	1411
910	918
910	1111
911	1329
911	1360
912	1418
912	1571
914	1146
914	1266
914	1298
915	962
915	1277
916	1108
916	1397
916	1450
917	965
917	1036
918	926
918	936
919	1193
919	1355
919	1558
920	1342
920	1389
921	1590
923	955
925	967
925	1552
926	1155
926	1515
927	1100
927	1282
928	1176
928	1575
929	1008
929	1065
929	1404
930	1432
931	1323
931	1416
931	1583
932	951
932	1092
933	1088
933	1444
933	1511
933	1524
934	1325
934	1534
934	1559
935	1158
936	948
937	1135
938	972
938	1320
938	1333
939	1370
940	1573
941	1114
942	1001
942	1033
943	984
944	1040
944	1175
944	1320
944	1380
944	1450
945	1041
946	1395
947	1115
948	1020
948	1209
948	1272
949	1240
949	1411
949	1428
950	1063
950	1157
951	984
951	1031
951	1253
951	1261
951	1287
951	1492
951	1599
952	1275
952	1414
952	1519
953	1025
953	1068
953	1166
953	1212
953	1281
954	957
954	1195
954	1379
955	1131
955	1169
955	1442
956	1165
956	1342
957	1342
958	1077
958	1191
958	1340
958	1567
959	1072
959	1299
959	1352
959	1555
961	1286
961	1343
962	1121
962	1454
964	1054
964	1156
964	1279
964	1559
965	1548
966	1213
967	1024
967	1097
967	1238
968	1235
968	1359
968	1490
969	1403
970	1419
970	1598
971	1181
973	995
973	1452
974	1042
974	1314
975	1137
975	1199
976	1474
976	1535
980	1299
981	1128
982	1164
982	1537
983	1236
983	1573
986	1021
986	1453
989	1151
989	1493
990	1228
991	1149
992	1084
992	1256
992	1350
992	1417
993	1452
994	1227
995	1028
995	1046
995	1375
996	1137
997	1261
997	1369
998	1373
998	1466
999	1105
999	1190
1000	1293
1000	1413
1002	1045
1004	1063
1004	1249
1004	1534
1005	1114
1005	1243
1005	1596
1006	1255
1006	1307
1007	1285
1008	1278
1008	1302
1009	1044
1010	1476
1012	1077
1012	1359
1012	1469
1013	1447
1013	1525
1013	1548
1014	1370
1014	1517
1014	1520
1015	1024
1015	1426
1016	1553
1018	1520
1019	1055
1019	1116
1019	1391
1020	1202
1020	1278
1023	1040
1023	1105
1023	1492
1024	1543
1025	1552
1028	1424
1028	1554
1032	1280
1033	1224
1033	1598
1034	1285
1034	1300
1034	1451
1034	1587
1035	1184
1035	1594
1036	1500
1036	1598
1038	1469
1041	1332
1041	1339
1043	1119
1043	1252
1043	1272
1043	1431
1044	1158
1044	1302
1044	1458
1045	1190
1045	1449
1045	1574
1046	1337
1046	1513
1049	1081
1049	1156
1051	1479
1052	1215
1052	1236
1052	1347
1052	1493
1053	1143
1053	1222
1054	1191
1054	1257
1055	1067
1055	1170
1055	1475
1056	1301
1057	1093
1058	1435
1058	1445
1059	1079
1059	1259
1059	1345
1059	1359
1060	1179
1063	1466
1064	1163
1064	1171
1064	1223
1066	1139
1068	1337
1069	1293
1070	1148
1070	1256
1071	1074
1071	1326
1071	1437
1072	1372
1072	1577
1073	1197
1073	1243
1074	1419
1074	1529
1075	1500
1077	1430
1078	1104
1079	1571
1080	1086
1080	1387
1081	1417
1083	1239
1085	1392
1086	1247
1087	1151
1087	1173
1087	1256
1090	1124
1090	1406
1090	1481
1092	1341
1094	1329
1096	1488
1097	1351
1098	1165
1099	1199
1099	1238
1099	1267
1099	1286
1100	1241
1104	1217
1104	1225
1104	1239
1104	1396
1107	1583
1109	1212
1110	1347
1110	1348
1110	1445
1111	1544
1111	1593
1112	1352
1113	1116
1113	1131
1114	1219
1116	1294
1117	1152
1117	1590
1118	1189
1118	1435
1118	1562
1120	1303
1121	1333
1122	1494
1122	1513
1123	1297
1123	1548
1125	1553
1128	1135
1129	1488
1129	1506
1129	1551
1131	1426
1131	1531
1133	1499
1134	1245
1135	1542
1136	1348
1138	1385
1138	1487
1140	1584
1143	1406
1144	1324
1146	1242
1150	1176
1151	1276
1151	1591
1152	1154
1152	1388
1153	1314
1153	1370
1153	1429
1155	1550
1156	1358
1160	1289
1160	1513
1162	1266
1162	1353
1163	1169
1164	1522
1166	1254
1166	1272
1166	1451
1167	1197
1167	1218
1169	1573
1171	1542
1172	1282
1175	1211
1175	1478
1176	1274
1179	1553
1184	1195
1185	1577
1187	1239
1189	1372
1191	1438
1192	1221
1192	1310
1194	1205
1196	1243
1197	1486
1199	1200
1200	1239
1201	1275
1201	1317
1201	1377
1202	1390
1203	1251
1210	1268
1213	1470
1215	1440
1216	1437
1216	1540
1217	1434
1219	1393
1221	1529
1221	1532
1224	1370
1224	1377
1227	1447
1228	1325
1229	1273
1230	1309
1232	1438
1234	1409
1234	1592
1235	1273
1235	1369
1239	1320
1241	1265
1241	1415
1242	1509
1246	1408
1246	1546
1248	1490
1249	1382
1250	1307
1250	1313
1250	1518
1251	1448
1252	1253
1252	1266
1252	1457
1255	1398
1255	1426
1256	1516
1257	1487
1258	1332
1259	1327
1259	1330
1261	1473
1262	1565
1265	1357
1265	1486
1267	1303
1267	1485
1268	1388
1268	1413
1269	1409
1270	1311
1272	1465
1273	1310
1275	1431
1275	1453
1276	1288
1279	1491
1281	1587
1284	1367
1286	1471
1288	1566
1289	1375
1290	1349
1290	1383
1292	1534
1294	1311
1294	1539
1297	1365
1299	1417
1302	1371
1303	1447
1303	1517
1306	1507
1307	1340
1308	1390
1309	1314
1311	1418
1313	1507
1315	1442
1317	1510
1319	1479
1321	1360
1321	1384
1324	1539
1324	1563
1325	1377
1327	1559
1329	1403
1329	1536
1330	1431
1331	1464
1335	1370
1337	1415
1337	1524
1338	1345
1338	1492
1339	1486
1340	1412
1343	1522
1345	1438
1345	1441
1346	1518
1347	1385
1347	1418
1347	1522
1347	1572
1348	1587
1349	1387
1350	1385
1350	1472
1350	1509
1350	1537
1351	1590
1352	1390
1353	1398
1354	1356
1354	1511
1357	1452
1358	1568
1359	1454
1359	1558
1361	1392
1362	1520
1363	1463
1365	1558
1366	1417
1366	1429
1366	1463
1368	1373
1370	1558
1372	1391
1373	1594
1374	1532
1378	1387
1380	1526
1380	1584
1384	1497
1385	1510
1389	1548
1392	1442
1392	1581
1393	1400
1395	1516
1398	1511
1400	1461
1404	1553
1405	1456
1408	1481
1408	1536
1409	1445
1411	1524
1411	1544
1416	1468
1420	1528
1423	1558
1423	1581
1425	1483
1427	1562
1429	1454
1431	1432
1443	1583
1444	1483
1444	1583
1447	1533
1452	1529
1457	1535
1459	1498
1460	1517
1461	1519
1463	1570
1464	1466
1465	1548
1467	1562
1473	1573
1479	1565
1486	1517
1486	1531
1488	1591
1490	1576
1494	1571
1498	1544
1498	1554
1498	1585
1502	1560
1507	1557
1507	1577
1515	1542
1519	1592
1520	1557
1523	1548
1528	1534
1535	1545
1536	1590
1540	1567