0	325
1	700
1	1132
2	208
2	360
2	1475
3	114
3	160
3	695
4	319
4	1363
4	1479
5	1595
6	726
6	811
6	1143
6	1166
6	1260
7	151
7	191
7	360
7	627
7	1043
8	426
8	644
8	935
8	949
8	1168
8	1322
8	1372
9	983
9	990
9	1366
10	214
10	269
10	317
10	391
10	457
10	660
10	1022
10	1239
10	1440
11	485
11	602
11	1111
11	1224
11	1509
12	242
12	603
12	845
12	977
12	1221
12	1322
13	80
13	107
13	298
13	1562
14	550
14	1201
14	1234
15	241
15	797
16	898
17	397
17	459
17	756
17	1032
18	192
18	1236
19	36
19	268
19	385
19	799
19	882
19	1408
19	1527
20	75
20	1331
21	266
21	268
21	373
21	630
21	1064
22	831
22	1539
23	413
24	1032
24	1513
25	28
25	718
25	1318
26	313
26	1441
26	1596
27	331
27	678
27	1024
27	1164
27	1196
27	1321
27	1342
28	617
28	1192
28	1366
29	443
29	1423
29	1518
30	1109
30	1504
31	225
31	309
31	321
31	421
31	573
32	318
32	551
32	736
32	831
33	212
33	340
33	925
34	37
34	862
34	1367
35	514
35	907
35	1015
36	156
36	376
36	419
36	500
36	691
36	1117
36	1308
36	1524
37	870
38	125
38	214
38	349
38	376
39	535
39	1111
39	1596
40	316
40	364
40	767
40	885
40	951
41	208
41	580
41	778
41	916
41	959
42	1505
43	1113
44	137
44	725
44	842
44	993
44	1115
44	1599
45	568
45	630
45	1112
45	1380
45	1408
45	1537
45	1580
46	1433
47	123
47	483
47	519
47	688
47	691
48	387
48	422
48	482
48	1473
49	71
49	76
49	137
49	466
49	514
49	708
49	929
49	1210
49	1245
49	1424
49	1537
50	126
50	835
50	893
50	1178
50	1270
50	1312
50	1470
51	709
51	883
51	912
51	928
51	1165
51	1186
51	1575
52	522
52	766
52	1543
53	172
53	951
53	1315
53	1583
53	1592
53	1598
54	398
54	1148
54	1164
54	1212
54	1348
55	297
55	489
55	650
55	927
55	1177
55	1215
55	1287
56	215
56	759
56	862
56	1245
56	1320
56	1482
57	58
57	356
57	535
58	394
58	435
58	1043
58	1047
59	1433
60	297
60	435
60	857
60	1202
60	1383
60	1405
60	1513
60	1587
61	706
61	750
61	924
61	1027
61	1086
61	1197
61	1255
62	156
62	533
63	164
63	746
63	791
63	857
63	946
63	1033
63	1139
63	1336
64	663
64	856
64	929
65	747
65	772
65	1134
65	1592
66	283
66	879
66	1311
66	1443
66	1472
66	1474
66	1571
67	945
67	1317
68	243
68	246
68	448
68	498
68	1323
68	1439
69	805
69	1043
69	1454
70	693
70	768
70	860
70	1198
70	1284
70	1439
71	408
71	705
71	991
72	643
72	1364
72	1426
73	675
73	1207
73	1504
74	177
74	327
74	898
74	1071
74	1109
75	245
75	1064
75	1298
75	1401
76	126
76	162
76	534
76	1066
76	1091
76	1488
77	125
77	147
77	1041
77	1164
77	1461
78	562
78	822
79	99
79	377
79	817
79	1488
80	201
80	709
80	1241
80	1284
81	300
81	370
81	597
81	857
81	996
81	1224
81	1231
82	452
82	509
82	1301
82	1492
82	1546
83	998
83	1006
83	1248
84	434
84	909
85	284
85	1299
85	1585
86	476
86	758
86	785
86	1576
87	107
87	311
87	468
87	791
87	840
87	866
87	1168
88	262
88	315
88	519
88	596
88	1069
88	1395
89	322
89	510
89	538
90	283
90	498
90	839
90	972
90	1373
91	1062
91	1387
92	183
93	366
93	411
93	776
93	831
93	1188
93	1267
94	316
94	1300
94	1569
95	504
95	1219
95	1307
96	113
96	946
96	1155
96	1568
97	609
97	1139
98	622
98	1006
98	1018
98	1300
98	1411
99	238
99	297
99	530
99	848
99	914
99	1057
99	1138
100	793
100	952
100	1118
100	1189
100	1394
100	1501
101	201
101	361
101	789
101	952
101	1153
101	1419
102	287
102	942
102	1180
103	844
103	927
103	1112
104	401
104	622
104	1193
105	330
105	416
105	910
105	1279
105	1358
106	109
106	447
106	653
106	1158
106	1346
106	1551
107	358
107	553
107	1322
108	752
109	609
109	850
109	1136
110	339
111	626
112	777
112	830
112	945
112	1172
113	126
113	398
113	449
113	555
113	867
114	692
114	1517
115	480
115	618
115	1291
116	413
116	695
117	165
117	354
117	619
117	889
117	1109
118	481
118	540
118	1002
118	1253
118	1478
119	315
119	387
119	565
119	1413
120	187
120	369
120	486
120	653
120	941
120	972
120	1062
120	1315
120	1455
120	1571
121	972
122	713
122	1090
123	724
123	799
123	1048
123	1065
123	1251
123	1454
124	239
124	504
124	540
124	680
124	913
124	1423
125	1123
126	922
127	431
127	1339
127	1367
128	935
128	1234
128	1328
129	1158
129	1510
130	687
131	187
131	313
131	873
131	1095
131	1118
132	527
132	1053
133	750
133	1011
133	1302
134	263
134	313
134	398
134	463
134	785
134	788
134	1116
134	1169
134	1294
135	417
135	606
135	773
135	1030
135	1077
135	1352
135	1595
136	519
136	1161
137	548
137	1255
138	889
138	1437
139	239
139	844
139	1000
139	1102
139	1243
139	1552
140	178
140	218
140	1114
141	854
142	832
143	833
143	1043
143	1157
144	225
144	257
144	281
144	359
144	614
144	1088
144	1119
144	1423
145	188
145	332
145	442
146	301
146	378
146	422
146	926
146	1355
147	454
147	1060
147	1307
147	1566
148	955
149	1276
150	285
150	341
150	483
150	507
150	1523
150	1596
151	332
151	522
151	677
151	847
151	1098
151	1369
151	1375
151	1435
152	162
152	601
152	680
152	825
153	154
153	202
153	204
153	565
153	887
153	1240
154	466
154	606
154	929
154	1140
154	1534
155	629
155	758
155	1238
155	1307
155	1417
155	1580
156	295
156	791
156	1066
156	1192
157	241
157	359
157	952
157	1055
157	1415
158	294
158	621
158	778
158	791
158	841
158	1580
159	339
159	437
159	1484
160	578
160	801
160	1001
161	184
161	893
161	1007
161	1369
162	196
162	363
162	664
162	675
162	1016
163	887
163	1200
164	624
164	1317
164	1322
164	1536
165	315
165	340
165	684
166	327
166	1399
167	609
167	906
168	228
168	243
168	446
168	648
168	677
168	864
168	1014
168	1158
168	1227
168	1356
168	1560
169	712
170	238
170	996
170	1042
171	1192
171	1248
172	1255
173	370
173	495
173	1065
173	1168
174	698
174	809
174	1235
174	1370
175	526
175	1342
176	795
176	1193
176	1435
176	1492
177	573
178	1342
178	1573
179	712
180	446
180	583
180	630
181	494
181	1001
182	675
182	864
183	582
183	741
183	972
183	1145
184	599
184	889
184	1519
185	372
185	887
185	1177
185	1282
186	323
186	424
186	612
186	833
186	1172
187	211
187	350
187	867
187	1283
187	1554
188	454
188	611
188	657
188	1016
188	1020
188	1135
188	1266
188	1390
189	627
189	1192
189	1402
190	452
190	892
190	1040
191	515
191	668
192	1007
192	1366
192	1385
193	1338
193	1524
194	648
194	949
195	488
195	1521
196	527
196	559
196	871
196	1475
197	268
197	298
197	889
197	1120
197	1278
197	1280
198	390
198	599
198	937
198	1135
198	1171
198	1324
198	1363
199	497
199	699
199	879
199	1561
200	357
200	950
200	1251
200	1331
200	1546
201	454
201	777
201	795
202	430
202	434
202	514
203	507
203	712
203	749
203	1149
204	209
204	280
204	291
204	861
204	870
204	1135
204	1367
205	520
205	656
206	960
206	1122
206	1541
207	487
207	522
207	534
207	647
207	1374
208	324
208	649
208	728
208	1383
209	230
209	976
209	1373
210	1311
211	798
212	766
212	1181
213	486
213	1077
213	1452
214	395
214	472
214	994
214	1052
214	1156
214	1290
214	1384
214	1446
215	1290
216	583
216	635
216	1208
216	1404
217	249
217	401
217	708
217	748
217	988
217	1374
218	429
218	464
218	1274
219	568
219	652
219	713
219	871
219	1498
220	295
220	1302
221	260
221	852
221	1322
222	323
222	828
222	1194
223	626
223	684
223	1272
223	1361
224	1063
224	1278
224	1585
225	581
225	840
225	1243
225	1407
226	1478
227	508
227	864
228	347
228	781
228	1295
228	1416
229	288
229	1216
229	1270
229	1574
230	708
231	1074
232	453
232	607
232	615
232	1218
232	1284
233	1141
234	497
234	521
234	855
234	1146
235	347
235	530
235	699
235	820
235	843
235	955
235	1041
235	1202
235	1421
236	523
236	1591
237	1084
237	1236
238	343
238	494
238	1298
238	1368
239	482
239	945
239	1226
239	1313
240	305
240	1519
240	1588
241	637
241	1115
242	338
242	485
242	757
242	1240
242	1322
242	1579
243	1189
243	1427
244	396
244	425
244	647
244	735
244	871
244	1168
244	1454
245	549
245	1114
246	621
246	1046
246	1220
246	1304
247	722
247	934
247	1059
247	1515
248	334
248	1050
248	1215
249	1212
250	356
250	378
250	1069
250	1346
251	372
251	474
251	482
251	796
251	1385
252	961
252	1553
253	1111
253	1254
253	1343
253	1380
253	1482
253	1491
254	302
254	379
254	538
254	797
254	990
255	733
255	1279
256	287
256	564
256	829
256	868
256	1199
256	1223
257	261
257	456
258	292
258	478
258	753
258	930
258	1423
259	843
259	993
259	1032
259	1058
259	1307
259	1473
260	1186
260	1303
260	1315
260	1504
261	351
261	616
261	1473
262	278
262	1106
263	581
263	1127
263	1477
264	784
265	791
265	1328
266	402
266	669
266	789
266	1023
266	1230
266	1352
267	319
267	429
267	650
267	857
267	919
267	1017
267	1345
268	675
268	679
268	816
268	878
268	1185
268	1194
268	1214
268	1387
270	283
270	542
270	1112
270	1191
270	1317
270	1481
271	330
271	417
271	777
272	851
272	1273
272	1574
273	432
273	532
273	663
273	998
273	1326
273	1430
273	1531
274	1536
275	306
275	1486
276	369
276	524
276	606
276	716
276	722
276	927
276	1322
276	1517
277	476
277	704
277	797
277	985
277	1210
277	1330
277	1348
277	1408
278	1098
278	1215
278	1557
279	445
279	1216
279	1399
279	1527
280	944
280	963
280	1140
281	381
281	531
281	843
281	1292
281	1446
281	1552
282	843
282	1243
282	1296
283	918
283	1297
283	1301
283	1340
283	1543
284	697
284	1546
285	287
285	622
285	690
285	694
285	1213
285	1239
285	1292
286	493
287	948
287	1005
287	1114
287	1257
288	490
288	710
288	848
288	1564
289	497
289	574
289	1015
289	1117
289	1571
290	565
290	1551
291	827
291	1002
293	1068
293	1252
294	608
294	1394
295	528
295	863
295	916
295	975
296	896
297	343
297	778
297	907
297	1057
297	1095
297	1574
298	602
298	942
298	1066
299	647
299	1054
300	661
300	718
300	774
300	820
300	900
300	1000
300	1119
301	563
301	1293
302	878
302	1029
302	1568
303	409
303	912
303	1423
303	1440
303	1512
304	530
304	1329
304	1592
305	591
305	1291
306	457
306	485
306	757
306	1342
306	1545
307	434
307	533
307	922
307	1373
307	1561
308	720
308	789
308	1112
308	1121
308	1151
308	1390
308	1508
309	1081
309	1216
310	435
310	490
310	681
310	848
310	933
310	1197
310	1287
311	565
311	786
311	845
312	520
313	981
313	1238
313	1415
314	1130
315	366
315	724
315	807
315	1558
316	532
316	553
316	1253
316	1257
317	933
317	1120
317	1142
317	1184
318	1049
319	531
319	1306
319	1472
319	1518
320	922
320	1437
321	417
321	1051
321	1493
322	990
322	1159
322	1343
322	1455
323	405
323	666
323	1079
323	1231
323	1235
324	450
324	944
324	993
324	1014
324	1344
324	1535
325	347
325	689
326	581
326	1506
328	342
328	464
328	498
328	608
328	693
328	1076
329	376
329	806
329	840
329	890
329	1459
329	1479
330	677
330	756
330	1319
330	1466
331	1042
332	800
332	992
332	1576
333	685
333	771
333	1184
334	940
335	1227
336	932
337	626
337	687
337	762
337	1245
339	625
339	1139
339	1457
340	1116
340	1222
340	1381
341	422
341	1436
342	486
342	548
342	1021
342	1268
343	381
343	832
343	1533
343	1538
344	1295
345	909
345	1237
345	1303
346	358
346	809
347	692
347	736
347	1039
347	1467
348	540
348	1208
348	1386
348	1507
349	1537
350	515
350	657
350	1503
350	1535
351	428
351	606
351	1311
351	1587
352	966
353	1000
354	646
354	958
354	1006
354	1490
354	1585
355	722
355	1135
356	676
356	1092
356	1555
357	743
357	944
357	1254
357	1371
358	1257
359	563
359	714
359	922
359	978
359	1007
359	1041
359	1199
360	410
360	439
361	365
361	534
361	970
361	1007
361	1326
362	700
362	729
363	583
363	1438
364	506
364	600
364	976
365	488
365	1545
366	1146
367	762
367	1359
368	431
368	708
368	816
368	1432
368	1492
369	526
369	562
369	659
369	1390
370	1203
371	1014
372	818
372	1088
372	1272
373	584
373	726
373	775
373	835
373	1091
373	1107
373	1414
374	699
375	381
375	557
375	1256
375	1421
376	680
376	922
376	950
376	1005
377	392
377	777
377	1467
377	1491
378	718
378	816
378	1025
378	1529
378	1568
378	1570
379	699
379	1012
379	1316
380	574
380	848
380	1030
380	1091
380	1174
380	1289
381	505
382	527
382	1174
382	1175
383	469
383	749
383	1013
384	651
384	1083
384	1379
384	1471
384	1514
385	540
386	647
387	1089
388	403
388	1359
389	524
390	873
390	1411
391	1077
391	1110
391	1307
391	1424
392	1569
393	710
393	942
393	1057
394	523
394	812
394	1170
394	1387
395	1051
396	455
396	600
396	1544
397	1011
397	1033
397	1221
397	1280
397	1473
397	1502
398	446
398	1077
398	1423
399	422
399	1118
399	1188
399	1220
400	545
400	651
400	1537
401	555
401	928
401	1018
402	534
402	1220
402	1330
403	478
403	1075
403	1097
403	1564
404	423
404	794
404	801
404	805
404	859
405	792
405	1142
405	1456
406	710
406	906
406	1277
406	1453
406	1464
407	417
407	920
407	1054
408	727
408	1022
409	689
409	905
409	959
409	1122
409	1148
409	1553
410	1010
411	1570
412	695
412	1190
413	516
413	865
414	835
414	924
414	1176
414	1270
414	1372
415	549
415	607
415	808
415	1211
415	1478
416	537
416	867
416	1096
416	1211
417	473
417	1334
417	1357
418	565
418	640
418	747
418	775
418	825
418	1026
418	1446
419	675
419	1284
419	1371
419	1549
420	1156
420	1388
420	1549
420	1551
422	481
422	562
422	679
422	1139
422	1534
423	1244
423	1317
423	1352
424	708
424	1566
425	784
425	832
425	1168
425	1288
425	1393
425	1570
426	1456
427	655
427	697
428	593
428	1263
428	1537
429	651
429	672
429	833
429	1122
429	1232
429	1387
430	497
430	608
430	997
430	1177
431	834
431	1412
431	1473
432	550
432	1063
432	1261
432	1433
432	1535
433	1376
435	653
435	718
435	1222
435	1485
435	1488
435	1521
435	1595
436	1008
437	710
437	1171
438	681
438	699
438	1026
439	1233
439	1560
439	1583
440	505
440	1184
441	958
442	741
442	825
442	929
442	1017
443	897
444	646
444	653
444	924
444	1021
445	724
445	1044
445	1287
446	923
447	756
447	913
447	1142
449	722
449	755
449	1074
451	1262
451	1384
451	1524
452	630
452	781
452	1123
452	1194
452	1314
452	1469
452	1564
454	648
454	808
454	998
455	806
455	985
455	1253
456	666
456	722
456	900
456	991
456	1508
457	572
457	969
457	1175
457	1185
457	1236
458	524
458	940
458	964
458	1476
458	1480
460	682
460	819
460	1266
460	1423
460	1505
461	722
461	1576
462	582
462	731
463	604
463	1039
463	1099
463	1123
463	1497
464	938
464	1268
464	1420
465	737
465	1022
465	1521
466	621
466	1052
466	1500
467	575
467	1227
467	1274
467	1474
468	751
469	501
469	556
469	1058
469	1302
469	1439
470	1130
471	1305
471	1502
472	1054
472	1172
472	1508
473	539
473	712
474	942
475	831
475	1277
475	1556
476	733
476	773
476	1487
476	1541
477	494
477	1539
477	1553
477	1596
478	610
478	742
479	1064
480	859
480	1147
480	1403
481	638
481	675
481	876
481	937
481	994
482	767
482	952
482	1163
482	1218
482	1483
483	811
483	881
484	545
484	1057
484	1333
485	1014
485	1157
485	1446
486	922
487	552
487	574
488	932
488	1015
489	807
489	1120
489	1253
489	1270
490	527
490	534
490	700
490	1195
490	1382
490	1572
490	1595
491	561
491	1115
491	1178
492	772
492	1256
492	1457
493	908
494	697
494	771
494	1492
495	956
495	1521
495	1551
496	1515
497	513
497	1427
498	635
498	1149
499	527
499	848
500	643
500	1204
500	1274
500	1453
500	1462
501	536
501	686
501	1225
501	1395
502	686
502	694
502	1250
503	654
504	779
504	1384
504	1437
505	794
505	1260
506	549
506	732
506	919
506	1125
506	1496
507	624
507	815
507	1475
508	719
508	1249
509	762
510	951
510	980
511	1067
512	1368
513	917
513	1095
513	1140
513	1386
513	1495
514	569
514	643
514	1338
515	850
515	1262
515	1370
516	637
516	697
516	1075
516	1310
516	1463
517	821
518	1265
519	635
519	926
519	1117
519	1273
519	1282
520	1150
520	1162
521	1328
522	531
522	648
523	583
523	647
523	674
523	1365
524	733
524	1121
524	1256
524	1397
525	855
525	1158
527	739
527	1166
528	575
528	954
528	1167
529	717
529	1447
530	711
530	849
532	565
532	947
534	596
534	613
534	669
535	1240
536	544
536	759
536	766
536	1082
536	1292
537	609
537	734
538	573
538	1359
539	700
539	702
539	939
539	1053
539	1414
540	1042
540	1384
541	727
541	1088
541	1174
542	654
542	1148
543	846
544	1171
544	1385
544	1452
545	845
545	1203
546	1228
547	616
547	619
547	683
547	690
547	889
547	972
548	596
548	931
548	1393
548	1454
549	584
549	765
549	947
550	1003
551	664
551	733
551	1469
551	1545
552	572
552	618
552	1161
552	1387
552	1438
552	1515
553	811
553	1571
554	737
554	1152
554	1309
554	1414
555	787
555	863
555	945
555	977
555	1079
555	1092
555	1272
556	1530
557	740
557	1125
557	1325
558	1244
559	835
559	974
559	999
560	821
560	904
560	1063
560	1125
560	1538
561	844
562	742
562	902
562	1118
563	653
563	968
563	1041
563	1102
563	1241
564	831
564	1131
564	1420
566	942
567	1441
568	1107
568	1134
568	1263
568	1448
569	751
569	1055
570	668
570	680
570	926
570	1247
570	1344
571	1041
571	1479
571	1495
572	626
572	747
572	794
572	974
572	1466
572	1485
573	577
573	1038
573	1263
574	979
574	1394
575	774
575	1083
575	1363
575	1366
575	1486
576	678
576	846
576	1477
577	651
577	928
578	599
578	876
578	926
578	966
578	1105
579	1011
579	1114
579	1188
580	1099
580	1316
580	1318
581	641
581	647
581	1024
582	655
583	725
583	854
584	1073
584	1329
584	1440
585	625
585	754
585	1242
585	1266
586	1176
586	1262
586	1594
587	1179
587	1383
588	655
588	662
588	858
588	1596
589	1186
589	1599
590	631
590	1247
590	1394
591	863
591	996
591	1257
591	1582
592	1148
592	1326
592	1378
593	788
593	902
593	1185
593	1400
594	619
594	766
594	769
594	949
594	974
594	1157
595	640
595	908
595	1098
595	1134
597	957
597	971
597	1179
597	1341
597	1379
597	1557
598	1056
598	1330
598	1445
599	1032
599	1587
600	668
600	1318
601	692
601	1036
601	1307
602	1209
602	1508
603	1347
603	1589
604	722
605	763
605	769
605	969
606	616
606	1399
607	1418
608	769
608	943
608	1055
609	715
609	731
609	911
609	1113
609	1490
609	1538
610	638
610	1272
611	640
611	781
611	1031
611	1085
612	1043
612	1076
612	1150
612	1316
612	1411
613	952
613	1203
613	1223
614	1171
615	882
615	909
615	1318
615	1357
616	1178
617	682
617	897
617	929
617	938
618	1255
618	1550
619	1033
619	1178
619	1228
620	660
620	831
621	642
621	730
621	1560
621	1573
622	858
623	1356
624	689
624	1313
625	840
626	1170
627	996
627	1024
627	1396
628	736
628	1249
628	1495
629	967
629	1291
629	1486
630	670
630	930
630	1035
631	745
631	752
631	883
631	1088
632	1253
633	848
633	1107
633	1411
634	708
634	1200
634	1335
634	1473
635	649
636	682
636	857
636	1102
637	905
637	1121
637	1298
637	1309
637	1528
638	1026
638	1185
638	1409
639	1045
640	686
640	771
640	778
640	793
640	1396
641	768
641	939
642	763
642	882
642	1092
643	962
643	1470
644	671
644	909
645	1414
646	767
646	1010
646	1272
646	1383
646	1451
647	919
647	1276
647	1390
647	1568
648	1499
649	1436
649	1479
650	743
650	1021
650	1534
651	1093
651	1137
651	1385
651	1570
652	1510
652	1525
653	761
653	953
653	1156
653	1350
654	1494
654	1587
655	1171
656	701
656	1101
657	1098
657	1372
658	976
658	996
658	1510
659	1294
660	1045
660	1047
660	1577
661	864
661	1380
661	1542
662	984
662	1034
662	1319
662	1406
663	707
663	841
664	959
664	1160
664	1379
664	1464
665	756
666	1388
667	1103
667	1372
667	1390
667	1475
667	1477
668	700
668	742
668	884
668	950
668	1264
668	1353
668	1390
668	1468
669	1009
669	1280
669	1368
671	1176
672	1162
673	1030
673	1447
673	1481
674	807
674	831
674	1094
674	1599
675	876
675	1262
675	1326
675	1554
676	709
676	1105
676	1190
676	1589
677	1186
677	1533
678	764
678	771
679	857
680	909
680	1352
681	1335
681	1506
682	1041
683	1085
683	1118
683	1316
684	1044
684	1557
685	1356
686	992
686	996
686	1247
686	1473
687	1229
687	1237
687	1318
687	1424
687	1522
687	1574
689	1041
689	1489
690	961
690	1511
690	1561
691	1017
692	1206
693	704
693	1327
694	1354
695	1084
695	1247
695	1474
696	938
696	1272
696	1423
697	1422
698	1447
699	1492
700	1413
701	1074
701	1086
701	1352
702	1231
703	1586
704	1206
704	1421
704	1526
705	1394
705	1450
705	1543
706	1133
706	1599
707	1597
708	764
709	1354
711	945
712	871
712	902
712	1000
714	736
714	1207
714	1541
715	1557
716	928
716	1305
717	1359
718	1378
718	1597
719	1499
720	724
720	1223
720	1430
721	818
721	1025
722	1174
722	1305
722	1379
723	776
723	878
723	1028
724	1148
726	791
727	1115
727	1164
728	903
728	1007
728	1463
729	851
729	1150
729	1367
729	1413
730	1035
730	1563
730	1596
731	948
731	1497
732	918
732	1571
733	1042
733	1091
733	1095
733	1355
733	1392
734	977
734	1244
734	1553
734	1572
735	1389
735	1436
735	1511
735	1545
736	878
736	1023
737	1515
738	1309
738	1467
738	1522
739	869
739	1566
740	1018
740	1121
741	854
741	1057
741	1101
741	1178
741	1368
742	1131
743	819
743	1042
744	925
744	1251
747	1446
748	935
748	995
748	1352
748	1443
749	1135
749	1176
749	1588
750	1356
750	1500
750	1544
751	1235
752	1393
752	1438
752	1465
752	1563
753	818
753	993
753	1193
753	1415
754	863
754	1088
754	1175
754	1517
754	1594
756	1169
756	1278
757	1029
757	1129
759	1086
759	1446
760	1290
761	1290
761	1336
761	1363
761	1464
762	1361
762	1447
763	975
763	1318
764	1413
765	1188
765	1257
765	1300
766	1326
767	802
767	1182
768	844
768	1154
769	793
769	1497
770	1425
771	1009
771	1144
771	1237
771	1249
771	1368
772	1294
772	1486
773	863
773	1218
773	1360
773	1408
773	1461
774	891
774	1252
775	1514
775	1581
777	952
777	970
778	1217
778	1301
778	1308
778	1405
779	1011
779	1512
780	1568
782	860
783	1026
784	1585
785	1229
785	1563
786	817
786	884
786	1039
786	1159
787	1007
787	1417
788	1555
789	1388
789	1499
790	1011
790	1029
791	1082
791	1243
792	832
792	925
792	1005
792	1097
793	851
793	893
793	1043
793	1206
794	1187
794	1495
795	982
796	977
796	1358
797	1332
797	1434
798	855
798	948
798	1049
798	1208
800	902
800	1314
800	1528
801	909
801	919
801	1004
801	1156
801	1236
801	1566
803	1559
804	1082
804	1330
804	1344
805	814
805	1131
805	1433
807	994
807	1099
807	1277
808	907
808	1326
808	1513
809	885
809	1055
809	1430
810	1460
810	1500
811	1108
811	1239
811	1268
811	1396
812	1016
812	1499
813	1228
814	959
814	1312
814	1476
815	1162
815	1502
815	1557
816	1047
816	1052
816	1249
816	1301
817	925
817	1033
817	1053
817	1555
820	1116
821	1350
821	1535
822	1520
823	1153
824	1395
825	867
825	919
826	970
826	1109
826	1303
826	1439
827	1143
829	1531
830	1286
831	948
831	987
832	1022
833	872
833	941
834	851
834	1480
835	1297
835	1566
836	1049
837	1037
837	1264
837	1308
837	1381
838	1000
838	1002
838	1446
839	936
840	947
840	1166
840	1206
840	1355
840	1363
840	1427
841	894
841	1115
841	1514
842	1422
843	1403
844	1299
844	1331
845	972
845	1554
845	1570
846	1369
846	1438
847	850
847	1115
847	1422
848	1411
849	854
849	1006
849	1399
850	1059
850	1455
851	922
851	1038
852	1140
852	1150
852	1327
852	1577
853	1053
854	996
854	1318
854	1570
854	1577
855	1458
856	1045
856	1168
857	1325
857	1442
858	1077
858	1193
858	1341
859	906
859	1086
859	1503
860	895
860	1186
861	1501
862	1287
863	908
863	915
863	961
863	1290
864	964
864	1343
865	1262
865	1269
865	1378
867	913
867	1372
868	1024
868	1119
868	1233
869	1029
869	1032
869	1343
869	1432
869	1470
870	988
870	1060
870	1315
874	1001
874	1514
875	1337
875	1444
876	1141
877	1104
877	1166
877	1340
877	1344
880	1326
882	922
882	926
882	1361
882	1473
883	1191
883	1546
884	1048
884	1255
884	1441
885	924
885	1027
885	1239
885	1360
886	1224
886	1350
886	1384
886	1435
886	1532
886	1538
887	1310
887	1391
887	1452
888	1323
888	1419
890	1077
891	1095
892	910
892	921
892	1061
892	1261
892	1392
893	1232
893	1374
893	1422
893	1469
894	1029
894	1528
895	1186
895	1269
896	969
896	1014
896	1064
896	1215
896	1322
896	1338
896	1574
898	982
899	1058
900	935
901	1279
902	1012
902	1124
902	1190
903	1122
904	1570
905	959
905	1021
905	1565
906	1289
906	1512
907	1181
907	1586
909	1013
909	1255
910	984
910	1139
910	1282
911	1024
911	1566
912	1456
912	1545
913	948
913	1031
913	1033
913	1332
913	1371
914	1291
914	1347
914	1472
914	1517
914	1582
915	1070
915	1102
915	1126
915	1460
916	1452
918	1061
918	1127
919	1036
919	1044
919	1135
919	1259
920	973
920	1062
920	1475
921	953
921	1197
921	1442
921	1522
922	1034
923	1182
923	1333
925	1062
926	1119
926	1308
926	1409
927	1159
927	1245
928	1475
928	1504
929	964
929	1022
929	1236
929	1265
929	1419
931	1011
931	1208
931	1322
931	1399
932	1191
933	1074
933	1194
933	1585
936	1052
936	1521
936	1563
937	986
937	1034
937	1517
938	1178
938	1437
939	1120
939	1218
940	1467
941	1457
941	1486
942	1136
942	1473
943	1239
944	1597
945	963
945	1357
946	1345
948	1223
948	1569
949	1147
950	1304
951	1194
951	1286
952	1182
952	1391
953	1408
955	1108
955	1212
955	1241
955	1439
956	1298
956	1522
958	1209
959	1193
960	1309
960	1370
961	1463
961	1595
962	1441
962	1454
963	1152
964	1252
964	1303
964	1471
964	1527
965	977
967	1142
967	1356
968	1107
968	1323
969	1109
972	1111
972	1558
974	1272
974	1505
975	1501
977	1520
978	1064
978	1243
978	1457
980	1279
980	1404
980	1574
982	1169
985	1141
985	1325
988	1139
989	1059
990	1160
990	1190
991	1055
992	1292
993	1569
993	1590
995	1404
996	1239
996	1440
997	1207
997	1449
999	1115
1000	1060
1001	1082
1001	1515
1002	1020
1002	1078
1002	1550
1007	1368
1008	1177
1008	1484
1009	1375
1010	1224
1010	1408
1010	1599
1011	1372
1016	1269
1016	1292
1017	1053
1017	1233
1017	1310
1017	1584
1018	1107
1018	1593
1019	1182
1019	1410
1019	1576
1020	1522
1021	1133
1021	1403
1022	1330
1024	1597
1025	1091
1025	1217
1025	1320
1025	1511
1025	1590
1029	1069
1029	1289
1029	1290
1029	1383
1029	1566
1030	1567
1031	1469
1031	1595
1032	1210
1032	1574
1033	1057
1033	1273
1036	1410
1036	1572
1038	1205
1038	1212
1039	1138
1039	1235
1040	1045
1042	1351
1042	1563
1043	1047
1043	1372
1043	1391
1044	1557
1045	1287
1046	1049
1046	1356
1047	1420
1047	1448
1049	1264
1050	1518
1051	1067
1051	1122
1051	1147
1052	1501
1053	1586
1054	1082
1054	1121
1054	1395
1054	1474
1054	1579
1055	1128
1055	1352
1055	1524
1056	1081
1058	1079
1059	1370
1061	1072
1063	1138
1064	1401
1065	1127
1066	1095
1067	1430
1067	1439
1067	1529
1068	1435
1068	1482
1069	1137
1069	1407
1070	1347
1073	1092
1075	1569
1076	1505
1078	1161
1078	1470
1079	1397
1080	1098
1081	1271
1081	1520
1082	1140
1082	1168
1082	1349
1082	1507
1083	1504
1084	1159
1084	1398
1085	1189
1087	1199
1087	1354
1087	1478
1089	1287
1090	1364
1090	1397
1090	1588
1092	1337
1093	1310
1093	1319
1093	1359
1094	1347
1096	1444
1097	1268
1097	1401
1098	1227
1100	1480
1100	1578
1101	1451
1101	1516
1102	1131
1102	1269
1102	1414
1102	1541
1105	1205
1105	1355
1105	1477
1105	1585
1106	1330
1106	1503
1108	1315
1109	1114
1110	1155
1110	1345
1110	1511
1110	1513
1111	1332
1113	1409
1113	1501
1113	1573
1114	1269
1114	1397
1116	1521
1117	1189
1117	1275
1117	1580
1118	1175
1119	1142
1119	1207
1121	1251
1122	1288
1124	1246
1126	1176
1127	1142
1128	1443
1129	1158
1129	1253
1129	1255
1129	1340
1129	1541
1129	1580
1130	1203
1131	1391
1132	1468
1132	1520
1133	1283
1133	1531
1135	1503
1136	1229
1136	1415
1137	1395
1139	1297
1140	1575
1140	1579
1141	1268
1144	1225
1144	1463
1144	1548
1145	1581
1146	1285
1146	1475
1147	1229
1149	1314
1149	1343
1152	1176
1153	1266
1153	1301
1154	1357
1155	1561
1155	1597
1156	1220
1157	1487
1158	1261
1158	1412
1159	1253
1160	1327
1162	1202
1162	1429
1163	1484
1163	1515
1166	1168
1166	1339
1166	1501
1169	1434
1170	1371
1171	1396
1172	1382
1172	1417
1173	1547
1174	1210
1174	1553
1175	1476
1176	1221
1176	1420
1176	1565
1176	1567
1177	1329
1178	1400
1178	1523
1181	1195
1182	1206
1182	1591
1183	1352
1183	1585
1184	1401
1186	1211
1187	1234
1187	1454
1189	1290
1189	1340
1190	1446
1190	1592
1196	1440
1197	1590
1198	1275
1198	1596
1199	1439
1200	1500
1200	1588
1201	1418
1201	1446
1202	1502
1204	1596
1205	1209
1206	1286
1206	1586
1207	1293
1210	1325
1211	1370
1211	1375
1212	1332
1212	1592
1218	1246
1220	1226
1222	1599
1223	1270
1224	1254
1224	1470
1226	1397
1227	1414
1229	1507
1233	1356
1236	1544
1237	1335
1241	1297
1242	1390
1244	1281
1244	1477
1244	1490
1245	1344
1245	1448
1246	1290
1247	1434
1249	1540
1249	1593
1250	1342
1253	1567
1253	1590
1256	1323
1257	1264
1257	1345
1258	1297
1258	1343
1259	1410
1263	1541
1264	1474
1266	1335
1266	1337
1266	1422
1268	1563
1269	1311
1269	1510
1270	1556
1272	1428
1272	1452
1274	1397
1275	1438
1276	1355
1278	1424
1279	1337
1282	1294
1282	1368
1284	1464
1284	1478
1284	1570
1285	1435
1285	1532
1287	1474
1289	1478
1293	1362
1293	1471
1297	1451
1297	1459
1300	1378
1300	1584
1301	1377
1301	1511
1303	1313
1303	1322
1303	1381
1304	1383
1304	1454
1308	1488
1310	1494
1311	1436
1316	1461
1319	1589
1321	1487
1323	1382
1324	1521
1326	1545
1330	1547
1331	1514
1332	1393
1333	1372
1333	1413
1335	1579
1336	1443
1337	1494
1338	1462
1338	1522
1339	1410
1340	1390
1343	1418
1343	1520
1344	1568
1346	1572
1350	1515
1352	1409
1352	1475
1354	1464
1354	1570
1355	1462
1356	1358
1356	1493
1357	1363
1358	1595
1359	1368
1359	1585
1360	1410
1362	1594
1368	1420
1370	1502
1370	1571
1370	1597
1371	1515
1379	1593
1380	1563
1381	1511
1384	1492
1384	1513
1384	1532
1390	1429
1391	1397
1392	1453
1393	1516
1394	1396
1398	1504
1398	1505
1402	1479
1404	1568
1406	1476
1408	1573
1411	1448
1412	1522
1420	1575
1421	1472
1421	1544
1421	1578
1422	1453
1426	1440
1426	1525
1427	1538
1429	1448
1429	1486
1430	1485
1431	1547
1435	1564
1436	1454
1438	1499
1440	1561
1442	1524
1442	1555
1444	1491
1446	1522
1447	1507
1447	1539
1447	1588
1454	1504
1456	1497
1459	1550
1462	1499
1464	1508
1471	1578
1472	1485
1478	1516
1479	1538
1485	1582
1490	1508
1493	1597
1497	1574
1498	1518
1503	1568
1515	1574
1515	1582
1526	1580
1528	1530
1530	1531
1531	1550
1542	1571
1544	1587
1545	1567
1550	1570
1558	1563
1568	1578