0	60
0	157
0	306
0	526
0	813
1	120
1	145
1	382
1	839
1	942
2	332
2	337
2	550
2	1430
3	228
3	243
3	716
3	1127
3	1152
3	1506
4	71
4	91
4	231
4	1212
5	216
5	767
5	1273
6	40
6	61
6	247
6	610
6	1090
7	329
7	473
7	714
7	735
7	829
7	1271
8	1271
8	1550
9	28
9	54
9	108
9	115
9	606
9	613
9	762
9	919
9	1008
10	429
10	812
10	873
10	1479
11	178
11	405
11	598
11	1129
12	399
12	491
13	617
14	423
14	749
14	1288
15	246
15	542
15	592
15	754
15	1489
16	203
16	1207
17	302
17	669
17	1021
17	1043
17	1316
18	928
18	1180
19	929
19	1551
20	59
20	304
20	365
20	689
20	1021
20	1251
21	83
21	315
21	508
21	512
21	1097
21	1592
22	82
22	169
22	389
22	554
22	838
22	1192
22	1271
23	26
23	295
23	671
23	1236
23	1257
23	1356
24	65
24	495
24	706
24	752
24	956
24	1426
25	312
25	441
25	1007
25	1226
26	583
26	939
26	1063
26	1313
26	1421
27	240
27	293
27	453
27	1120
27	1546
28	537
28	761
29	359
29	966
29	1313
29	1410
29	1428
30	354
30	523
30	820
31	633
31	1077
31	1185
31	1542
31	1599
32	84
32	603
32	768
32	1219
32	1319
33	487
33	1241
34	232
34	332
34	334
34	1180
34	1370
34	1595
35	57
35	61
35	93
35	122
35	203
35	254
35	392
35	394
35	865
35	1014
35	1022
35	1152
35	1478
36	80
36	1515
37	81
37	1024
38	107
38	734
38	816
38	1283
38	1344
39	273
39	726
39	1053
39	1125
39	1546
40	275
40	964
40	1599
41	150
41	288
41	602
41	810
41	1202
42	306
42	439
42	505
42	608
42	763
42	1223
43	213
43	256
43	659
44	171
44	414
45	352
45	459
45	576
45	1203
45	1439
46	251
46	740
46	854
46	1087
47	1521
48	200
48	1480
49	110
49	134
49	275
49	720
49	1113
49	1336
50	1218
51	109
51	690
52	179
52	531
52	650
52	820
52	1058
53	561
53	577
53	683
53	1433
54	947
55	218
55	369
55	639
55	1357
55	1476
56	219
56	225
56	392
56	677
56	999
56	1035
56	1511
57	142
57	353
57	894
58	434
59	80
59	163
59	513
59	653
59	1167
60	411
60	1303
60	1549
61	462
61	634
61	745
61	776
61	896
61	1204
61	1282
61	1465
62	394
62	464
62	829
62	976
62	1066
62	1346
62	1549
63	605
63	909
64	105
64	379
64	484
64	911
64	1499
65	505
65	1067
65	1082
65	1124
65	1392
65	1438
65	1563
65	1589
66	163
66	437
66	799
66	1337
66	1583
67	104
67	471
67	1201
67	1265
67	1563
68	241
68	1411
68	1561
69	71
69	263
69	514
69	648
69	821
69	893
69	925
69	986
70	322
70	1157
70	1411
71	142
71	406
71	852
71	1320
72	636
72	844
72	882
73	969
74	552
74	967
74	1309
74	1366
75	105
75	269
75	326
75	569
75	1097
75	1373
75	1456
76	367
76	447
76	603
76	1158
77	539
77	1289
77	1325
78	158
78	297
78	1022
79	776
79	1119
79	1148
79	1245
79	1576
80	647
80	674
80	770
80	1246
81	147
81	267
81	532
81	583
81	590
81	903
81	1448
82	124
82	174
82	473
82	1442
83	1151
84	250
84	471
84	797
84	855
84	891
84	1061
84	1430
84	1502
85	134
85	202
85	862
85	1317
86	619
86	657
86	1171
87	302
87	410
87	1393
87	1534
88	254
88	797
88	1187
89	344
89	396
89	617
89	712
89	1187
90	330
90	409
90	630
90	789
90	935
90	945
91	358
91	1053
91	1587
91	1599
92	1167
93	629
93	1174
93	1337
94	573
94	750
94	1454
95	173
95	370
95	792
95	1026
95	1158
96	106
96	1392
97	545
97	1394
98	145
98	350
98	1082
99	257
99	531
99	1390
99	1422
99	1542
100	424
100	789
100	1188
101	951
102	585
102	819
102	1403
103	559
103	991
103	1427
103	1537
104	336
104	797
104	946
104	1020
105	141
105	167
105	195
105	543
105	1087
105	1452
106	727
106	859
106	1032
106	1318
106	1536
107	770
107	1053
107	1154
107	1341
108	512
108	575
108	849
108	1013
108	1064
108	1107
108	1332
108	1546
108	1551
109	197
109	680
109	999
109	1030
109	1237
110	666
110	1155
111	499
111	1135
112	901
112	1303
113	948
113	977
113	1059
113	1121
113	1539
113	1584
114	277
114	663
114	1129
114	1442
115	931
115	1402
116	420
116	723
116	950
116	1068
117	263
117	776
117	1142
118	371
118	670
119	453
119	820
119	868
119	1139
120	546
120	1084
120	1443
121	1532
121	1583
122	773
122	1437
123	262
123	438
123	1253
123	1570
124	1192
124	1242
124	1515
125	154
125	1358
125	1366
125	1398
125	1533
126	460
126	502
126	541
126	630
126	830
126	849
126	1339
127	351
127	366
127	1106
127	1113
127	1516
128	209
128	566
128	599
128	1086
128	1503
129	627
129	800
130	698
131	243
131	1593
132	462
132	834
132	1528
133	1116
133	1359
133	1538
134	213
134	921
135	271
136	220
136	783
136	965
136	1366
137	1393
137	1581
138	362
138	726
138	1314
139	512
139	1093
139	1263
139	1328
140	372
140	383
140	460
140	753
140	1179
140	1188
140	1425
141	965
141	1064
141	1483
141	1548
142	484
143	157
143	369
143	1130
144	161
144	385
144	1593
145	586
146	1430
147	551
147	725
147	818
147	846
148	597
148	1341
148	1554
149	387
149	737
150	298
150	885
150	1214
151	365
151	401
151	574
151	1263
152	975
152	1116
152	1289
152	1500
153	840
153	1261
154	156
154	319
154	410
154	826
154	1480
155	579
155	1388
156	228
156	968
156	998
156	1249
156	1516
157	193
157	381
157	508
157	1263
157	1322
157	1421
158	369
158	489
158	585
158	717
158	1460
159	507
159	588
159	964
159	1047
160	944
161	518
161	538
161	550
161	1021
162	357
162	728
162	1297
162	1466
162	1477
163	608
163	817
163	882
163	1283
163	1297
164	463
164	547
164	576
164	644
164	721
164	1111
164	1306
164	1530
165	624
166	207
166	721
166	836
167	920
168	475
168	921
168	956
168	1027
168	1048
168	1242
169	223
169	739
169	1127
169	1589
170	250
170	454
170	634
170	754
170	871
170	981
170	1428
170	1451
170	1502
171	176
171	243
171	1063
171	1418
171	1469
172	503
172	696
172	934
172	1045
172	1235
173	395
173	1011
174	220
174	476
174	839
174	1483
174	1531
175	550
175	871
176	316
176	325
176	334
176	1290
176	1464
176	1507
176	1534
176	1575
177	314
177	750
177	1223
177	1520
178	425
178	787
179	384
179	1543
180	259
180	538
180	1351
180	1433
180	1436
181	193
181	254
182	820
182	988
182	1393
183	864
183	1036
183	1178
183	1344
184	777
184	1267
184	1384
184	1445
184	1534
185	637
185	701
186	188
186	301
186	606
186	877
187	615
187	1244
187	1357
187	1475
188	227
188	398
188	832
189	212
189	322
189	698
189	1149
189	1588
190	246
190	316
190	511
190	880
190	1199
191	473
192	675
192	1390
192	1406
192	1558
193	613
193	655
193	860
193	1135
193	1557
194	340
194	453
194	868
194	951
194	1127
194	1176
194	1588
195	280
195	346
195	983
195	1094
195	1204
196	223
196	287
196	798
197	787
197	1486
198	602
198	764
199	345
199	561
199	912
199	1291
200	614
200	1082
200	1127
201	1160
201	1499
202	227
202	265
202	485
202	1049
202	1436
202	1456
203	219
204	529
204	836
204	931
204	1557
204	1572
205	1588
206	368
206	993
206	1157
206	1221
206	1306
207	252
207	310
207	488
207	822
207	1252
208	270
208	598
208	905
208	1538
208	1539
209	380
209	1432
210	715
210	798
210	1142
211	631
212	398
212	492
212	760
212	1252
212	1340
213	1337
213	1574
214	715
214	1472
215	403
215	441
215	937
215	1282
215	1352
215	1568
216	1126
217	644
217	847
217	1022
217	1477
218	390
218	459
218	807
218	884
218	990
218	1101
218	1207
218	1422
219	1455
220	355
220	1039
220	1379
221	589
221	865
221	1516
222	432
222	789
222	1156
223	659
223	1188
224	399
224	636
224	1003
224	1489
225	291
225	348
225	913
226	817
226	1436
227	639
228	811
228	951
228	1225
229	327
229	392
229	605
229	1105
230	627
231	1014
232	308
233	908
233	1561
233	1575
234	1006
234	1050
234	1457
235	959
235	1006
235	1049
235	1194
236	859
237	647
237	922
237	1142
237	1179
237	1308
237	1312
238	738
238	820
238	1151
238	1327
239	626
239	1362
239	1523
239	1540
240	1459
240	1562
241	713
241	1206
241	1300
241	1407
241	1415
241	1599
242	252
242	494
242	873
242	950
242	1248
242	1258
242	1276
243	250
243	501
243	904
243	1508
244	336
244	790
244	938
244	1034
245	592
245	619
245	1058
245	1110
245	1205
245	1218
246	589
246	832
247	589
247	1091
247	1323
248	831
248	937
249	425
249	567
249	754
249	1321
249	1443
250	790
250	988
250	997
250	1312
250	1352
250	1420
250	1592
251	1003
251	1560
252	323
252	337
252	1361
253	539
253	573
253	1030
253	1492
255	620
255	849
255	860
255	1153
256	560
257	793
257	1031
257	1063
257	1245
257	1367
257	1380
258	466
258	546
258	724
258	1021
258	1126
258	1323
258	1404
258	1560
259	656
259	1101
259	1355
259	1439
260	353
260	759
260	797
261	1445
261	1544
262	649
263	1392
263	1563
264	803
264	947
264	1318
265	737
265	808
265	1121
266	319
266	479
266	566
266	632
266	827
268	531
268	582
268	906
268	1254
268	1448
269	404
270	541
270	897
270	1132
270	1225
271	461
271	656
271	1477
271	1579
272	330
272	422
272	699
273	478
273	547
273	1169
274	401
274	1336
275	367
275	929
276	382
276	385
276	958
276	1026
276	1257
277	1376
278	688
279	1134
280	748
280	790
280	1240
281	700
281	710
281	868
281	1417
282	483
282	604
282	941
282	1005
282	1261
282	1263
282	1404
283	380
283	1411
284	1018
285	460
285	582
285	651
285	663
285	724
285	1511
286	478
286	515
287	537
287	1229
287	1236
287	1241
288	478
288	510
288	712
288	937
288	1489
288	1554
289	593
289	760
289	799
289	1008
289	1437
290	1375
291	402
291	1053
292	444
292	450
292	642
292	992
292	1293
292	1398
293	744
293	1201
293	1526
294	301
294	1536
295	299
295	357
295	569
295	708
295	821
296	936
296	1114
296	1591
297	617
297	1220
298	734
298	1177
299	402
299	1071
299	1121
299	1167
299	1185
300	413
300	1012
300	1327
301	364
301	744
301	971
301	1045
302	617
302	785
302	992
303	451
303	517
303	755
303	1051
303	1129
303	1137
304	639
304	1251
305	838
305	964
305	1123
305	1324
306	413
306	823
306	964
306	1551
307	944
307	1393
308	1193
308	1274
308	1528
309	439
309	708
309	709
309	1106
310	1186
310	1560
311	576
311	722
311	789
311	1075
311	1578
312	416
312	626
312	799
312	831
312	1138
312	1194
312	1306
312	1584
313	871
314	775
314	826
314	1087
314	1427
315	971
315	1179
315	1426
316	511
316	800
316	889
316	1478
317	443
317	1161
317	1233
317	1319
317	1580
318	1348
319	1115
319	1311
319	1367
319	1403
320	430
320	527
321	328
321	571
321	653
321	709
321	881
321	1226
321	1475
321	1516
322	947
322	1083
322	1230
322	1312
322	1319
322	1367
323	935
323	1302
323	1443
324	574
324	636
324	1062
324	1367
324	1468
325	349
325	709
325	1100
326	937
326	1346
327	1113
327	1284
328	630
328	694
328	967
329	651
329	1444
330	463
330	524
330	727
330	1062
330	1595
331	863
331	1305
331	1333
331	1527
332	398
332	802
332	813
332	1146
333	386
333	519
333	724
333	1084
333	1560
334	666
334	1242
334	1520
335	463
335	1126
336	484
336	701
336	1005
336	1013
336	1023
337	900
338	474
339	1317
339	1449
340	646
340	920
340	1528
341	531
341	981
341	1340
341	1345
342	1444
343	389
343	443
343	1066
343	1315
344	539
344	597
344	644
344	1127
345	1441
346	930
347	892
347	1390
347	1547
348	1281
348	1559
348	1575
349	624
349	1339
350	624
350	960
350	1366
351	749
351	1374
351	1436
352	837
352	1591
353	1168
353	1495
354	438
354	493
355	833
355	962
355	1036
355	1358
356	637
356	1300
357	1530
359	474
359	857
359	1481
360	975
361	377
361	1068
361	1292
361	1347
362	1077
362	1467
363	533
363	587
363	1344
363	1347
364	647
364	1162
365	683
366	944
366	1161
366	1267
366	1362
366	1517
367	426
367	555
367	717
367	982
367	1152
367	1370
367	1396
367	1402
368	884
368	1246
368	1364
369	1232
371	488
371	1140
371	1440
372	965
372	1282
373	624
373	954
373	992
373	1113
373	1352
374	475
374	629
374	1225
374	1564
375	636
375	786
375	1133
375	1391
375	1552
376	624
376	933
376	955
376	1573
377	793
377	918
378	463
378	671
378	773
379	507
379	756
379	986
379	1058
380	1173
380	1387
381	1382
382	1151
382	1328
382	1385
383	636
384	740
384	877
384	933
384	981
384	1497
385	935
385	1113
385	1506
385	1508
386	400
386	461
386	1364
387	764
387	774
387	1485
388	606
388	827
388	885
388	952
388	1168
388	1339
388	1538
389	842
389	1045
389	1437
390	480
391	706
391	808
391	1194
391	1440
392	555
392	876
392	960
392	1274
392	1374
393	489
393	1285
393	1366
394	534
394	749
394	793
394	1175
394	1470
395	656
395	936
395	1109
396	867
396	909
396	1100
396	1174
396	1232
397	413
397	619
397	627
397	693
397	724
397	1082
397	1121
398	452
398	755
398	815
398	847
399	928
399	943
399	1222
400	566
400	844
400	860
401	1458
402	763
402	845
402	1026
402	1254
403	947
404	468
404	953
407	582
407	1026
407	1067
408	608
408	1302
410	431
410	726
410	1565
411	1106
411	1264
412	1360
412	1450
413	471
413	741
414	428
414	505
414	929
415	718
415	1029
415	1226
416	440
416	459
416	708
416	1108
416	1150
416	1258
416	1274
416	1335
417	703
418	452
418	586
418	618
418	1323
419	459
419	1057
420	459
420	700
420	844
421	1036
421	1104
421	1158
421	1192
421	1225
421	1545
421	1578
422	902
422	1162
422	1283
423	1209
424	1043
424	1055
424	1523
426	601
426	1092
426	1360
426	1554
427	584
427	599
427	1163
427	1200
427	1320
428	1153
428	1302
429	703
429	1424
430	555
430	1356
431	485
431	630
431	1024
431	1246
433	1403
434	978
434	1085
434	1314
434	1362
435	676
436	793
436	1238
437	697
437	812
437	1002
437	1507
437	1529
438	536
439	518
440	1185
440	1594
441	518
441	555
441	799
442	443
442	493
442	1441
443	1474
443	1561
444	977
445	714
445	952
446	1197
446	1375
447	588
447	722
447	1503
447	1562
447	1589
448	795
449	598
449	1304
449	1430
449	1504
449	1518
450	922
450	1154
451	824
451	1153
451	1583
452	686
452	778
452	792
452	1162
452	1365
452	1390
452	1569
453	543
453	989
453	1519
453	1573
454	469
455	768
456	630
457	620
457	944
457	1213
457	1514
458	1122
458	1545
459	786
460	696
460	1453
461	845
461	1403
461	1582
462	1390
463	588
463	1019
464	678
465	927
465	1075
465	1236
466	590
466	878
466	905
466	1158
467	785
468	1106
468	1150
468	1517
468	1564
470	1097
471	501
471	534
471	560
471	1077
472	519
472	1468
472	1550
472	1598
473	852
473	1279
474	1116
474	1358
475	779
475	1002
475	1164
475	1242
476	1116
476	1452
476	1489
477	770
478	717
478	949
479	565
479	601
479	1279
479	1338
480	1038
480	1281
480	1503
481	516
481	932
482	574
482	644
482	1466
483	521
483	659
483	836
483	1291
484	569
484	1485
484	1491
485	645
485	1114
486	562
486	739
486	1362
486	1515
487	1172
488	1177
488	1180
489	491
489	655
489	792
489	1017
489	1198
489	1385
490	602
491	871
491	1064
492	656
492	742
492	781
492	1082
492	1363
494	1482
494	1485
494	1548
495	925
495	1389
496	503
496	888
496	1110
496	1304
497	791
497	891
497	928
497	1191
498	537
498	662
499	723
499	1322
499	1402
499	1506
500	1522
501	839
501	1210
501	1306
502	888
502	1377
502	1536
503	526
504	804
504	1115
504	1156
504	1516
506	810
507	906
507	1045
507	1131
507	1135
508	1097
508	1165
508	1319
509	590
509	890
510	545
511	1134
511	1222
512	770
512	966
512	1148
512	1154
512	1509
512	1557
513	935
513	1584
514	748
516	861
518	1428
518	1568
519	724
519	1297
520	1062
520	1145
520	1576
521	723
521	1252
522	611
522	635
522	942
523	563
523	1430
524	577
524	1493
525	678
525	1214
525	1489
526	703
526	1153
526	1457
527	568
527	1071
527	1551
528	877
528	1205
529	577
529	1044
530	559
530	1087
531	1056
531	1314
531	1435
532	929
533	829
533	941
533	1188
533	1320
534	664
534	757
534	944
534	1326
534	1428
535	740
535	1555
536	574
537	1339
538	866
538	952
538	1392
539	697
539	1384
539	1543
540	1014
541	1460
542	700
542	954
542	1226
543	893
543	1070
543	1172
544	1140
545	1013
545	1542
546	610
546	772
546	1121
546	1289
547	961
547	1309
548	623
548	742
548	938
548	946
548	1329
549	817
549	941
549	1112
550	673
550	780
551	845
552	662
552	988
553	660
553	843
553	900
553	1067
553	1380
553	1538
554	1321
554	1353
555	739
555	926
555	1034
555	1121
555	1346
555	1372
555	1546
556	725
556	1157
557	786
557	1528
558	884
558	1057
560	616
560	652
560	733
560	769
561	849
561	934
561	968
561	1093
562	1142
562	1474
563	916
563	1056
564	1044
564	1492
565	1256
565	1444
565	1490
566	873
566	907
566	1130
566	1212
567	601
567	1055
568	725
569	843
569	1289
570	1093
570	1299
571	587
571	910
571	1231
572	809
573	702
573	1532
574	824
574	1070
575	675
575	682
575	1060
575	1333
575	1497
577	581
577	599
577	1490
578	1005
578	1110
579	1394
580	830
580	951
581	618
581	1280
581	1472
582	660
582	1487
582	1567
583	701
583	894
583	982
584	935
584	1141
584	1287
584	1360
585	636
585	750
585	1358
586	734
586	1277
586	1327
587	1221
587	1360
587	1369
588	1295
588	1451
589	720
589	809
589	1057
589	1091
589	1128
589	1135
589	1225
590	1256
591	613
591	1083
591	1115
591	1450
592	753
592	1168
592	1226
592	1371
592	1481
593	1447
593	1556
594	799
594	1047
594	1172
595	602
596	631
596	767
596	791
596	822
597	1071
598	785
598	922
598	1188
598	1486
598	1590
599	731
599	839
599	1030
599	1462
600	1022
600	1515
602	855
602	916
602	1006
603	616
604	991
604	1130
605	898
605	1119
606	661
606	887
606	1154
606	1486
606	1494
607	656
607	1131
607	1495
607	1575
608	1281
608	1307
609	736
609	1417
609	1586
610	965
610	970
610	976
610	1593
611	1077
612	636
612	741
612	851
612	866
612	870
613	645
613	1012
613	1110
613	1168
614	868
614	1346
615	770
615	1573
616	1048
616	1167
616	1221
616	1229
616	1417
616	1489
616	1493
617	654
617	1280
618	845
618	999
618	1022
618	1050
619	788
619	808
620	742
620	767
620	969
620	1004
620	1212
621	1400
622	830
622	1411
623	666
623	1078
623	1242
623	1266
624	1127
624	1569
625	644
625	732
626	727
626	1096
626	1432
626	1522
627	1271
628	911
628	1062
628	1298
628	1343
628	1363
629	933
629	1017
629	1241
630	1167
631	911
631	1197
632	676
633	743
633	805
633	1137
633	1550
634	921
634	1150
634	1309
635	806
635	819
635	1274
636	1012
637	766
637	1178
638	1205
638	1479
639	640
639	985
639	1262
639	1475
640	1034
640	1506
641	744
641	776
641	934
641	1013
641	1365
641	1366
642	1020
642	1394
643	1566
644	657
644	900
644	1441
645	875
645	1015
646	801
646	926
646	1115
646	1187
647	1020
647	1324
647	1496
648	849
648	1589
649	698
649	1090
650	1023
651	810
651	827
651	870
651	1168
651	1204
651	1408
652	1181
652	1182
652	1429
652	1551
653	983
654	824
654	1200
654	1546
655	720
655	1122
655	1129
655	1354
656	880
656	1422
657	1127
657	1205
658	988
658	1486
659	713
659	1386
660	978
661	688
662	1147
662	1245
663	731
663	953
663	1379
665	736
665	1335
666	684
666	1045
667	1080
667	1386
668	1560
669	688
669	777
669	1093
669	1236
669	1279
669	1389
671	701
671	787
671	1004
671	1011
671	1013
671	1151
671	1225
672	962
672	1593
673	1282
673	1339
674	786
674	1178
675	1092
675	1357
676	979
677	1352
678	1255
678	1523
679	1550
680	858
680	891
680	1033
681	1577
682	954
682	1159
682	1427
683	772
683	1288
683	1431
684	803
684	1044
684	1241
684	1567
685	805
685	1326
686	1200
686	1499
687	911
687	912
688	1156
688	1584
689	1489
689	1564
690	1364
690	1499
690	1528
691	694
691	1048
692	816
693	1155
695	698
696	1011
696	1274
697	1573
697	1599
698	798
698	1420
698	1555
699	1102
701	1170
701	1196
701	1270
702	1101
702	1213
703	1146
703	1233
704	1439
705	1175
705	1268
706	1193
707	1173
707	1239
707	1257
707	1565
707	1583
708	876
708	1003
708	1005
708	1040
709	1379
710	1038
710	1123
711	1094
712	1184
712	1318
712	1376
712	1446
714	1087
714	1418
715	950
715	1574
716	1052
716	1169
716	1271
716	1388
719	829
719	937
720	1155
720	1199
720	1286
721	941
721	1169
722	807
723	744
723	804
723	1137
723	1229
724	970
725	807
725	999
725	1415
726	787
726	1368
726	1542
728	753
728	1322
728	1393
729	964
729	1092
730	1238
730	1573
731	904
731	1017
731	1129
732	829
732	914
732	1543
733	901
733	994
733	1009
733	1039
733	1422
733	1474
735	846
735	951
735	1402
735	1592
737	1376
739	900
739	1139
739	1296
739	1320
740	994
741	1401
741	1451
742	838
743	870
743	909
743	947
743	1047
743	1098
743	1227
743	1403
744	1149
745	837
746	963
746	1298
746	1423
747	1407
747	1579
748	1104
750	922
751	1102
751	1163
751	1359
751	1378
751	1382
751	1466
751	1498
753	1021
754	1272
754	1318
754	1326
754	1424
755	803
755	928
755	1160
755	1528
756	769
757	1044
758	1071
758	1294
758	1324
759	1033
759	1086
759	1564
760	996
761	951
761	1560
762	793
762	946
763	870
763	1415
764	787
764	822
764	958
764	1283
764	1479
765	1412
766	883
766	1007
766	1129
766	1266
766	1452
767	886
768	1223
769	953
769	1405
770	790
770	984
771	933
771	1507
772	1048
772	1072
773	1080
773	1227
773	1580
774	997
776	1215
777	809
777	1148
778	1032
778	1173
778	1296
778	1358
780	990
780	1402
781	942
781	1112
781	1344
782	936
783	1227
784	1461
784	1540
785	895
785	1346
786	1027
786	1473
786	1552
789	847
789	1087
789	1268
789	1400
790	1277
790	1279
792	1409
793	946
793	1306
794	812
794	1534
795	856
795	936
795	1312
796	1534
797	846
797	1154
797	1546
798	1340
798	1423
798	1544
799	1074
800	865
800	950
801	973
801	1187
801	1419
801	1455
804	836
804	1305
804	1461
805	1079
805	1264
806	845
806	898
806	1086
806	1408
806	1545
807	951
808	1159
808	1340
808	1383
808	1402
809	1170
809	1297
810	1148
810	1587
811	1186
811	1472
811	1558
812	956
812	1364
813	1087
813	1183
813	1531
814	888
814	985
814	1062
814	1065
814	1169
814	1221
814	1351
815	982
815	1141
815	1292
815	1357
816	1252
817	1577
818	869
818	918
818	1185
818	1337
820	1072
820	1582
821	1039
821	1049
825	1218
826	974
826	1185
827	852
827	912
827	1486
828	1133
828	1214
829	984
829	1535
830	1178
830	1279
830	1511
831	1478
832	1048
832	1594
835	986
835	1006
835	1366
836	1290
836	1455
837	1425
838	1101
838	1102
838	1342
838	1409
838	1552
839	984
839	1132
839	1165
840	996
840	1107
840	1165
840	1241
840	1545
841	1322
841	1534
841	1568
842	1239
842	1240
843	853
845	1116
845	1129
845	1417
846	865
846	1251
846	1380
846	1402
846	1553
847	939
847	1068
847	1591
848	951
848	1282
848	1438
850	1408
851	1142
852	906
852	1176
854	873
854	903
855	1515
856	1075
857	1162
857	1443
858	931
858	1098
858	1209
858	1261
858	1475
859	1528
860	874
860	884
860	923
860	977
860	1374
861	983
861	1365
862	873
862	986
863	1012
863	1143
863	1168
863	1171
865	1123
865	1325
866	1087
866	1097
868	1044
868	1365
869	958
869	1027
870	1057
871	876
872	1140
872	1475
873	1339
875	1012
875	1442
876	1424
876	1566
878	1165
878	1490
879	994
879	1018
879	1460
880	980
880	981
880	1055
880	1398
880	1484
880	1546
881	1088
881	1185
881	1289
881	1394
882	1254
883	1447
885	1192
885	1357
886	1217
886	1515
887	1301
888	1107
888	1217
888	1599
889	992
889	1461
890	947
890	1156
890	1396
890	1544
890	1547
891	1048
892	1366
893	1471
894	897
894	1427
895	1077
896	1092
897	1010
898	1441
899	1375
899	1439
900	1105
900	1536
901	987
901	1284
901	1556
902	1032
902	1039
902	1348
904	1424
905	1162
905	1218
906	1346
906	1427
906	1430
907	1008
907	1118
907	1213
907	1227
907	1239
908	947
908	1332
908	1493
911	1398
914	942
914	977
914	1105
914	1252
915	1541
917	1131
917	1359
917	1516
918	1197
918	1342
918	1361
919	1101
919	1258
920	1144
920	1193
920	1504
921	1114
921	1531
922	1002
922	1211
924	1591
925	1019
925	1282
925	1438
926	1192
926	1560
926	1591
927	943
927	1036
927	1312
928	1247
929	1094
929	1121
929	1125
929	1503
930	1243
930	1444
930	1451
931	955
931	1181
931	1289
931	1375
932	1563
933	1409
934	1070
934	1127
934	1190
935	971
935	1161
936	1448
936	1575
937	1048
937	1215
937	1266
937	1558
938	1200
938	1425
938	1587
939	1005
940	1145
940	1156
941	1344
941	1493
942	976
942	1507
942	1576
943	1148
943	1528
945	975
945	1444
945	1546
946	1169
946	1538
947	1254
947	1464
948	1362
948	1468
949	971
949	1204
949	1459
949	1469
950	1164
950	1287
950	1336
950	1400
950	1463
951	1108
951	1114
951	1318
952	1029
953	999
953	1162
953	1405
953	1583
955	1386
955	1545
957	1513
957	1514
958	1353
960	1322
961	996
961	1474
961	1573
962	1272
965	982
965	1487
966	1345
966	1489
967	1495
968	1068
968	1111
969	975
969	1055
969	1580
970	1069
970	1586
971	1564
972	1042
973	1387
973	1555
974	1395
975	984
975	1075
976	1391
977	1138
978	1020
978	1037
978	1298
978	1510
979	1512
980	1352
980	1402
980	1567
981	1028
981	1195
981	1234
982	1029
982	1414
983	1406
983	1507
984	1593
984	1597
985	1367
985	1417
985	1434
986	1421
987	1141
989	1082
989	1113
989	1121
990	1211
990	1407
992	1326
992	1570
993	1074
993	1150
993	1422
994	1209
995	1359
997	1346
1000	1038
1000	1049
1000	1282
1000	1535
1000	1576
1001	1166
1003	1434
1004	1057
1004	1132
1004	1496
1007	1065
1007	1229
1007	1491
1008	1495
1009	1509
1010	1354
1011	1096
1011	1116
1012	1337
1012	1539
1013	1120
1013	1250
1014	1106
1014	1110
1016	1178
1018	1377
1018	1396
1019	1532
1020	1543
1021	1094
1021	1218
1022	1449
1022	1498
1023	1324
1023	1376
1023	1435
1024	1479
1024	1483
1025	1318
1026	1132
1026	1336
1026	1586
1027	1032
1027	1456
1027	1534
1029	1042
1029	1453
1030	1116
1030	1453
1030	1504
1031	1243
1033	1325
1033	1346
1037	1165
1038	1189
1038	1304
1038	1541
1039	1211
1040	1159
1040	1170
1040	1451
1041	1062
1041	1067
1043	1068
1044	1099
1044	1427
1045	1432
1046	1512
1047	1080
1047	1198
1049	1514
1050	1308
1051	1232
1051	1579
1052	1183
1052	1193
1052	1202
1053	1071
1053	1166
1053	1417
1054	1075
1055	1287
1057	1229
1057	1403
1057	1419
1058	1103
1058	1207
1058	1248
1058	1405
1059	1575
1062	1596
1063	1314
1065	1183
1065	1201
1067	1147
1067	1153
1067	1594
1070	1390
1070	1502
1071	1238
1072	1457
1073	1155
1074	1201
1074	1376
1075	1144
1075	1404
1076	1083
1076	1117
1076	1409
1077	1230
1077	1521
1079	1577
1080	1500
1080	1577
1081	1532
1081	1545
1082	1569
1083	1242
1084	1170
1084	1228
1084	1389
1087	1192
1088	1318
1089	1323
1091	1256
1091	1576
1094	1240
1094	1245
1095	1454
1095	1570
1096	1342
1097	1130
1098	1263
1098	1567
1100	1227
1100	1233
1100	1310
1100	1373
1101	1275
1101	1495
1101	1569
1102	1128
1102	1402
1103	1201
1103	1423
1104	1441
1107	1292
1109	1328
1109	1339
1109	1503
1110	1200
1110	1340
1110	1478
1111	1122
1111	1134
1111	1356
1112	1420
1113	1294
1115	1257
1115	1597
1116	1212
1116	1322
1117	1239
1117	1386
1117	1500
1119	1277
1119	1563
1119	1567
1120	1381
1120	1599
1122	1226
1123	1434
1124	1587
1125	1135
1126	1476
1126	1560
1127	1408
1128	1579
1130	1165
1130	1233
1130	1597
1131	1500
1132	1260
1133	1491
1134	1312
1134	1313
1134	1475
1135	1156
1135	1349
1135	1433
1135	1573
1136	1460
1137	1256
1137	1342
1138	1397
1138	1565
1140	1159
1140	1458
1142	1315
1142	1378
1142	1416
1143	1568
1144	1211
1144	1416
1144	1435
1144	1464
1145	1243
1148	1233
1148	1367
1149	1356
1149	1423
1150	1493
1151	1554
1153	1548
1156	1597
1157	1288
1160	1549
1162	1405
1163	1279
1163	1318
1163	1458
1163	1528
1164	1499
1165	1304
1166	1248
1169	1200
1169	1211
1169	1493
1170	1261
1171	1172
1172	1247
1173	1177
1176	1322
1176	1374
1177	1255
1177	1543
1179	1579
1180	1289
1182	1549
1183	1293
1183	1391
1183	1517
1184	1213
1184	1375
1184	1565
1185	1219
1185	1473
1186	1228
1186	1457
1189	1529
1189	1539
1192	1334
1193	1346
1194	1330
1194	1593
1196	1325
1197	1419
1201	1484
1201	1501
1201	1578
1202	1375
1202	1506
1202	1514
1203	1488
1206	1357
1206	1360
1208	1405
1209	1259
1209	1338
1209	1554
1209	1574
1210	1382
1211	1514
1211	1551
1213	1525
1214	1537
1216	1334
1216	1463
1217	1379
1218	1385
1221	1386
1222	1248
1224	1305
1225	1417
1226	1494
1229	1432
1231	1413
1232	1395
1232	1481
1233	1277
1234	1449
1235	1367
1235	1442
1236	1491
1238	1266
1238	1561
1239	1252
1240	1247
1240	1561
1245	1508
1246	1513
1248	1411
1250	1580
1255	1389
1261	1535
1266	1449
1266	1459
1267	1443
1268	1557
1268	1578
1269	1412
1271	1349
1274	1512
1274	1532
1276	1534
1277	1302
1277	1471
1278	1549
1279	1483
1281	1449
1281	1451
1283	1502
1284	1553
1284	1590
1286	1447
1286	1465
1287	1373
1290	1430
1291	1318
1292	1511
1294	1302
1295	1363
1295	1557
1296	1415
1296	1420
1296	1567
1296	1593
1297	1577
1302	1389
1302	1454
1302	1593
1303	1322
1304	1368
1304	1411
1306	1446
1307	1363
1307	1487
1308	1445
1308	1508
1309	1333
1309	1457
1310	1344
1310	1543
1310	1562
1312	1384
1313	1484
1315	1358
1315	1487
1316	1366
1316	1543
1317	1439
1318	1402
1322	1517
1323	1450
1325	1534
1326	1387
1328	1450
1330	1518
1331	1376
1332	1395
1334	1492
1337	1423
1338	1495
1340	1353
1341	1389
1341	1522
1344	1522
1344	1585
1348	1402
1348	1465
1348	1591
1349	1588
1350	1457
1350	1595
1352	1547
1353	1477
1354	1430
1355	1496
1356	1569
1356	1572
1358	1590
1361	1566
1363	1427
1363	1549
1364	1419
1364	1433
1364	1456
1366	1535
1367	1540
1371	1508
1375	1501
1375	1557
1376	1395
1377	1432
1377	1448
1378	1461
1378	1533
1382	1405
1382	1499
1384	1592
1388	1464
1390	1425
1392	1418
1396	1553
1397	1412
1397	1414
1399	1451
1403	1537
1406	1439
1407	1575
1409	1521
1416	1519
1422	1447
1423	1475
1426	1591
1428	1433
1430	1577
1431	1530
1432	1446
1432	1487
1435	1548
1437	1467
1437	1526
1438	1502
1438	1519
1438	1574
1439	1544
1443	1590
1444	1558
1447	1455
1451	1505
1453	1504
1457	1576
1458	1519
1461	1477
1463	1512
1463	1515
1468	1477
1475	1579
1478	1521
1491	1526
1492	1504
1492	1587
1495	1511
1507	1567
1517	1539
1520	1545
1521	1594
1522	1571
1524	1542
1529	1567
1532	1537
1532	1538
1535	1553
1546	1584
1547	1597
1554	1585
1560	1593
1560	1599
1574	1577
1579	1592