0	158
0	190
0	626
0	1048
1	182
1	302
1	1061
1	1162
2	864
2	871
2	947
2	998
2	1329
2	1346
2	1417
2	1440
3	534
3	859
3	873
3	1432
4	28
4	107
4	697
4	856
4	937
4	1403
4	1549
5	22
5	69
5	316
5	401
5	567
5	807
5	815
5	897
5	913
6	110
6	397
6	498
7	197
7	1209
7	1225
7	1430
8	1304
8	1459
9	66
9	474
9	548
9	845
9	917
9	1145
10	259
11	374
11	731
12	112
12	278
12	733
12	788
13	1488
14	137
14	704
14	1171
15	684
16	349
16	782
16	1035
16	1214
16	1540
17	126
17	393
17	675
18	32
18	245
18	338
18	1156
19	838
19	1110
19	1417
19	1460
19	1470
20	420
20	1276
20	1399
21	43
21	338
21	503
21	655
21	1377
21	1532
22	199
22	317
22	722
22	1006
22	1181
23	1150
24	942
24	1120
24	1591
25	312
25	838
25	1137
25	1234
25	1393
25	1428
26	164
26	417
26	1120
27	627
27	827
27	907
27	1022
27	1402
28	779
28	1073
28	1075
29	787
29	1335
30	238
30	520
30	789
31	289
31	467
31	1046
31	1445
32	97
32	616
32	743
32	1101
33	347
34	235
34	829
34	1030
34	1532
35	110
35	623
35	935
35	1135
35	1178
35	1278
35	1330
35	1395
36	132
36	159
36	1223
36	1378
37	142
37	1008
37	1433
37	1569
38	449
39	391
39	828
39	1009
39	1552
40	636
40	926
40	1523
40	1555
41	218
41	278
41	993
42	860
42	999
42	1231
43	324
43	420
43	693
43	726
44	51
44	185
44	712
44	1225
44	1290
44	1538
44	1552
45	98
45	131
45	203
45	538
45	553
45	763
45	1021
46	232
46	618
46	802
46	823
46	980
46	1148
46	1229
47	407
47	857
47	1053
47	1435
48	629
48	713
48	1197
49	299
49	355
49	928
49	1097
49	1226
49	1551
50	96
50	808
50	858
50	1397
51	577
51	1095
51	1182
51	1337
51	1476
51	1554
52	166
52	363
52	950
52	1281
53	56
53	99
54	546
54	570
54	1194
55	162
55	1566
56	613
56	651
56	991
56	1514
57	269
57	272
57	494
57	922
57	1009
58	1088
59	562
59	697
59	791
59	921
59	1189
59	1392
60	683
60	982
60	1190
60	1521
61	1301
62	836
62	971
62	1160
63	327
63	986
63	1107
63	1507
64	1317
64	1587
65	566
65	1008
65	1181
65	1538
66	157
66	459
66	1201
66	1314
67	152
67	289
67	406
67	852
67	1075
67	1261
67	1541
68	161
68	322
68	1160
69	692
69	874
69	1178
69	1417
70	689
70	1449
71	1062
72	267
72	567
72	790
72	894
72	1056
73	919
73	1298
74	341
74	630
74	1108
74	1271
75	680
75	912
75	1141
76	547
76	792
76	905
76	931
76	1048
77	814
77	1148
77	1333
77	1516
78	341
78	673
78	798
78	1218
79	1229
80	307
80	1098
80	1284
81	104
81	166
81	458
81	717
82	279
82	849
82	1580
83	772
83	1146
84	194
84	223
84	606
85	164
85	189
85	225
85	339
85	804
85	905
85	1183
85	1468
86	223
86	759
86	1230
86	1346
87	498
87	518
87	1075
87	1174
87	1198
87	1373
88	300
88	908
88	1120
88	1314
88	1392
89	658
89	697
89	1432
90	141
90	694
90	793
90	1333
90	1338
90	1483
91	497
91	694
91	1178
91	1277
91	1383
91	1450
92	402
92	1100
92	1344
93	156
93	214
93	1222
93	1468
94	568
94	727
94	822
94	899
94	1005
94	1011
94	1399
95	315
95	901
96	100
96	429
96	524
96	1558
97	523
97	701
97	707
97	1473
97	1530
99	181
99	500
99	552
100	509
100	535
100	824
101	448
101	634
101	968
101	1249
102	424
102	485
102	625
103	493
103	576
103	658
104	158
104	468
104	993
104	1422
104	1518
105	180
105	850
105	1518
106	580
106	800
106	888
107	826
108	1174
108	1290
109	138
109	215
109	311
109	446
109	1104
109	1154
110	624
111	218
111	888
111	1580
111	1581
112	1369
112	1547
113	436
113	450
113	501
113	771
114	172
114	482
114	544
114	601
114	989
114	1497
115	134
115	571
115	653
115	1526
115	1540
116	166
116	766
116	1221
116	1506
117	1099
117	1231
118	818
119	205
119	694
119	1358
120	827
121	188
121	546
121	564
121	864
121	961
121	1133
122	630
122	1108
122	1121
122	1148
122	1289
122	1546
123	230
123	240
123	576
124	266
124	332
124	728
124	907
124	1057
125	578
125	779
125	980
125	1125
126	583
126	587
126	673
126	948
126	1208
127	1535
127	1540
128	175
128	1261
128	1304
128	1336
128	1397
129	180
129	333
129	1087
129	1173
129	1188
129	1421
129	1567
130	363
130	391
130	524
130	878
130	1104
130	1111
130	1231
131	136
131	146
131	172
131	300
131	454
131	619
131	830
131	914
132	452
132	997
132	1021
132	1233
132	1284
132	1435
132	1473
133	1352
134	240
134	825
134	884
134	1242
134	1247
135	222
135	296
135	682
135	1140
135	1521
135	1549
136	137
136	271
136	702
136	1061
136	1206
136	1230
136	1506
137	549
137	1171
137	1565
137	1579
138	281
138	751
138	1042
139	539
139	1444
140	375
140	778
140	928
140	1032
140	1039
140	1043
140	1157
141	247
141	344
141	479
141	534
141	1349
141	1354
141	1355
142	339
142	1429
143	741
143	858
143	1373
143	1497
144	1351
145	758
145	968
146	801
146	889
146	916
146	1127
146	1231
146	1445
147	324
147	462
147	761
147	908
147	1221
147	1357
148	850
148	970
148	1136
148	1303
148	1367
149	664
149	701
149	725
149	764
149	815
149	1171
149	1392
150	439
150	554
150	1508
151	394
151	1039
151	1089
152	393
152	539
152	605
153	539
153	1037
153	1129
153	1329
154	197
154	791
154	806
154	822
155	257
155	788
155	922
155	1149
155	1455
155	1523
156	510
156	658
156	1483
157	229
157	1350
157	1468
158	169
158	175
158	918
158	1029
158	1045
159	411
160	267
160	969
160	1191
161	403
161	1192
162	472
162	564
162	771
162	948
162	1052
163	376
163	439
163	791
163	971
163	1001
164	367
165	875
166	210
166	795
166	883
166	1413
167	924
167	1016
168	945
168	1098
169	300
169	1157
170	530
170	709
170	913
170	1330
171	353
171	498
171	983
172	657
172	831
173	190
173	212
173	460
173	502
173	557
173	581
173	872
173	1172
173	1531
174	566
174	1042
175	1287
175	1404
176	195
176	487
176	541
176	910
176	962
176	1484
176	1599
177	284
177	464
177	815
177	1031
178	435
178	633
179	353
179	758
179	832
179	965
180	507
180	603
180	655
180	816
181	224
181	588
181	660
181	795
181	1009
181	1172
182	430
182	568
183	389
183	457
183	1597
184	992
184	1238
184	1586
185	577
185	725
185	744
185	1080
185	1335
185	1432
186	266
186	783
187	1356
188	203
188	403
188	560
188	1510
189	362
189	1061
189	1250
190	670
190	831
190	991
190	1438
190	1483
191	745
191	1247
191	1310
192	372
192	399
192	495
192	1255
193	428
193	774
194	226
194	337
194	526
194	653
194	678
194	1011
195	304
195	498
195	601
195	982
195	1136
195	1492
196	349
196	1213
196	1225
197	240
197	842
198	297
198	780
198	1020
199	297
199	386
199	1216
199	1546
200	856
201	438
201	832
201	1276
202	1082
202	1137
202	1497
203	588
203	853
204	514
204	1032
204	1072
204	1312
204	1570
205	358
205	469
205	516
205	814
206	650
206	1030
206	1279
207	495
207	720
207	833
208	844
208	1540
209	1328
210	921
210	964
210	1328
211	448
211	683
211	1143
212	483
212	1310
212	1326
213	458
213	1386
214	297
214	445
214	474
214	486
214	526
214	911
214	1251
215	369
215	404
215	449
215	1339
216	401
216	533
216	579
216	915
217	429
217	550
217	1373
218	802
218	877
218	1325
218	1329
218	1406
218	1481
218	1522
218	1560
219	383
219	625
219	1450
219	1512
220	1193
221	768
221	1119
221	1328
222	383
222	1007
222	1346
223	1288
224	364
224	484
224	616
224	698
224	980
224	1486
225	234
225	350
225	792
225	914
225	1268
226	714
226	750
226	977
226	1330
226	1536
227	419
227	1122
227	1300
228	301
229	925
229	1145
230	828
230	1583
230	1599
231	449
231	512
231	1414
232	720
232	1077
232	1213
232	1458
233	411
233	529
233	1058
233	1078
233	1143
233	1222
234	668
234	695
234	749
235	831
235	932
235	1583
236	593
236	751
236	752
236	1296
237	296
237	585
237	706
237	969
238	732
238	771
238	1327
238	1532
239	443
239	720
239	1162
239	1235
240	700
240	1119
240	1239
240	1320
241	776
241	998
241	1438
241	1480
242	387
242	537
242	1405
242	1417
242	1442
243	792
243	1184
244	761
244	1153
244	1389
244	1502
245	712
246	1021
246	1513
247	276
247	356
247	814
247	926
247	1094
248	531
248	957
248	1327
249	355
249	650
249	686
249	724
249	860
249	1152
249	1368
250	1058
250	1060
250	1219
250	1289
250	1572
251	844
252	442
252	852
253	278
253	936
253	1335
254	747
254	893
254	1260
255	1008
255	1127
256	727
256	813
256	1001
256	1302
256	1434
256	1561
257	630
257	875
258	430
258	988
259	342
259	477
259	871
259	1173
259	1404
260	1108
260	1537
261	314
261	656
262	595
262	671
262	1027
262	1350
262	1497
263	368
263	489
263	649
263	656
263	728
263	799
263	805
263	886
263	1054
263	1219
263	1525
264	617
264	700
264	1348
264	1498
264	1537
264	1547
264	1590
265	266
265	1198
265	1374
265	1508
266	452
266	515
266	912
266	1431
266	1527
267	717
267	1244
267	1275
267	1449
268	523
268	636
269	285
269	800
269	915
269	1021
269	1321
269	1582
270	490
270	835
270	1239
271	396
271	803
271	1000
271	1215
271	1549
272	898
273	644
273	1044
273	1408
274	326
274	899
274	1185
274	1460
274	1478
275	578
275	1301
276	329
276	625
276	981
276	1030
276	1316
277	279
277	612
277	1147
277	1598
277	1599
278	402
278	548
278	975
278	1097
278	1482
279	1213
279	1378
280	1238
280	1372
281	299
281	1168
281	1270
282	293
282	646
282	936
282	1114
283	324
283	941
283	1130
283	1299
284	510
284	1430
285	726
286	395
286	483
286	1229
287	347
287	360
288	617
288	1074
288	1103
289	352
289	1224
289	1596
290	708
290	1070
290	1310
291	323
291	404
291	471
291	545
291	1482
292	307
292	374
292	959
292	1208
292	1225
292	1285
292	1524
293	723
293	958
293	1473
294	440
294	922
294	938
294	1094
295	808
295	1039
295	1127
295	1163
296	1314
297	333
297	680
297	881
297	1056
297	1162
298	983
298	1082
298	1401
298	1490
299	351
299	705
299	855
299	1229
299	1401
299	1411
299	1504
300	369
300	657
300	943
300	988
300	996
300	1410
300	1570
301	859
301	1128
301	1588
302	436
302	757
302	809
303	686
303	1269
304	804
304	944
304	1189
305	387
305	508
305	1164
305	1259
305	1312
306	668
306	1047
307	561
307	677
307	683
307	684
307	920
307	1046
307	1116
307	1260
308	1333
309	352
309	598
309	603
309	791
309	978
309	1105
309	1376
310	806
310	1250
311	795
311	877
311	1362
312	360
312	390
312	503
312	1144
312	1229
313	356
313	703
313	1175
313	1366
314	747
314	1323
315	693
315	782
315	954
315	1249
315	1307
315	1492
316	415
316	702
316	1447
316	1541
317	942
318	466
318	1564
319	784
319	963
319	1199
319	1363
320	849
320	1002
320	1039
321	579
321	1018
321	1078
321	1182
321	1202
321	1282
322	372
322	933
322	1472
323	345
323	737
323	1278
323	1490
325	805
326	628
326	664
326	1046
326	1050
326	1089
327	417
327	495
327	1187
328	359
328	1013
328	1139
328	1551
328	1564
328	1578
329	1066
330	470
330	472
330	514
330	636
330	800
330	977
330	980
330	1290
330	1425
331	389
331	1134
332	1032
332	1418
332	1564
334	594
334	1136
334	1323
334	1428
335	1101
335	1457
335	1568
335	1579
335	1595
336	398
336	432
336	752
336	846
336	1171
337	401
337	945
337	1550
338	1106
338	1502
339	345
339	712
339	1040
339	1303
340	405
340	760
340	1560
341	455
341	498
341	1013
341	1529
342	597
342	1162
342	1245
342	1485
343	412
343	538
343	846
343	1180
343	1260
344	403
344	953
344	1291
344	1517
345	725
345	894
345	1285
345	1468
345	1484
346	1085
346	1281
347	506
347	516
347	709
347	1130
347	1299
348	985
348	1090
349	375
349	925
349	1060
349	1144
350	553
352	858
352	1204
352	1374
353	729
353	959
353	1546
354	363
354	393
354	567
354	1002
354	1157
354	1300
355	464
355	692
355	1504
356	436
357	661
357	984
357	1272
357	1319
358	761
358	996
358	1068
358	1381
358	1452
358	1500
359	457
359	1009
359	1526
360	414
360	447
360	677
360	1412
361	367
361	706
361	752
361	809
361	851
361	894
361	951
361	1111
361	1392
362	367
362	1367
362	1394
362	1434
363	371
363	580
363	908
363	1218
364	1033
364	1175
364	1475
365	379
365	398
365	546
365	781
365	1095
365	1509
365	1533
365	1562
366	606
366	1045
367	1004
367	1510
367	1513
367	1535
368	498
368	1193
368	1381
369	576
370	376
370	383
370	1207
370	1219
371	380
371	519
371	1433
372	374
372	972
373	443
373	1597
374	1058
374	1344
375	494
375	687
375	1195
375	1357
376	538
376	836
376	883
376	1272
377	899
377	926
378	636
378	793
378	947
378	996
378	1267
378	1388
379	458
379	1591
380	604
380	1404
381	637
381	987
381	988
381	1095
381	1448
382	396
382	808
383	1561
384	423
384	427
384	685
384	1213
385	1316
385	1430
386	1465
387	590
387	667
387	838
387	1162
387	1178
387	1203
387	1411
388	545
388	893
388	925
389	426
389	1038
389	1172
389	1195
390	595
390	992
391	459
392	463
392	655
392	752
392	769
392	866
392	965
392	1073
392	1250
393	447
394	443
394	1339
394	1409
395	402
396	448
396	563
396	1476
397	1034
398	608
398	624
398	681
398	999
398	1266
398	1474
398	1593
399	432
399	569
399	1396
399	1526
400	572
400	679
400	1084
400	1198
400	1353
400	1354
400	1392
401	527
401	838
401	1306
402	620
402	1106
402	1293
402	1573
403	1125
403	1405
403	1441
403	1564
403	1587
404	920
405	650
405	701
405	1114
405	1176
405	1307
405	1316
405	1531
405	1555
406	534
406	703
406	831
406	1505
407	726
408	816
408	1045
409	500
409	524
409	1037
409	1143
410	839
410	924
410	1499
411	528
411	732
411	821
411	883
411	888
411	944
411	1503
412	867
412	1180
413	490
413	700
413	730
413	801
413	1223
413	1230
413	1441
413	1532
414	1205
414	1441
414	1513
415	1465
415	1524
416	1091
416	1102
416	1186
416	1234
416	1318
417	786
417	1117
417	1283
417	1474
417	1480
418	674
418	1057
419	770
420	727
420	762
420	900
420	964
420	1037
421	977
421	1399
421	1538
422	474
422	556
422	590
422	1435
423	724
424	584
424	725
424	766
424	1302
425	507
425	1249
425	1562
426	958
426	1079
426	1590
427	715
428	720
428	818
428	833
428	836
428	891
428	1188
429	852
429	965
430	437
430	980
430	991
430	1528
431	633
431	683
431	1006
431	1078
431	1248
432	1425
433	708
433	712
433	1218
433	1278
433	1425
434	844
434	1146
434	1535
435	505
435	652
435	789
435	836
435	1091
435	1461
436	690
436	1399
437	461
437	663
437	746
437	1044
437	1191
438	1007
438	1142
438	1421
440	1564
440	1589
441	801
441	1368
441	1491
441	1544
442	748
442	920
442	985
442	1214
442	1525
443	1430
443	1446
444	1277
444	1524
444	1561
445	904
446	554
446	619
446	1019
447	684
447	954
447	1431
448	726
448	939
448	1251
449	607
449	919
449	1212
449	1474
450	791
450	895
450	1349
451	724
451	799
452	509
452	786
452	886
452	1031
453	727
453	1382
453	1479
454	663
454	786
454	1099
454	1428
455	743
455	1140
455	1342
456	1105
456	1189
456	1206
456	1331
456	1338
457	1082
457	1091
457	1195
457	1590
458	704
458	778
458	889
458	914
458	1033
458	1272
459	482
459	1120
459	1234
459	1480
459	1574
460	892
461	774
461	1099
461	1224
462	613
462	1459
462	1515
463	980
463	1271
463	1423
463	1524
464	600
464	670
464	865
464	1039
464	1156
465	684
465	1163
465	1202
465	1378
465	1395
465	1494
467	968
468	801
468	1043
470	922
470	971
470	1008
470	1107
470	1200
470	1287
470	1437
470	1578
471	662
471	1409
471	1509
471	1563
472	478
473	1180
474	888
474	1072
474	1560
475	1164
475	1302
475	1350
475	1383
475	1574
476	1389
476	1415
477	638
477	751
477	1495
478	766
478	1438
478	1527
478	1574
479	1146
479	1301
479	1429
480	713
480	745
480	1014
480	1107
480	1250
481	506
482	1583
483	625
484	590
484	915
484	1287
485	559
485	602
485	780
485	809
485	944
485	1081
486	558
486	794
486	1051
486	1428
487	580
487	623
487	721
487	1076
487	1223
487	1480
488	724
488	743
488	947
488	1043
489	821
489	978
489	1374
489	1503
490	757
490	1207
490	1349
491	651
491	679
491	990
491	1094
491	1350
491	1365
492	729
492	774
492	1079
492	1544
493	591
493	1360
494	564
494	910
495	1025
496	1014
496	1197
497	631
497	1071
498	724
498	760
498	1095
498	1431
499	1050
500	550
500	845
500	1416
501	563
501	613
501	672
501	732
501	783
501	903
501	956
501	1191
501	1292
502	540
502	913
502	1443
502	1586
503	890
503	1279
503	1337
504	962
504	1054
505	586
505	605
505	742
505	751
506	1052
506	1451
507	521
507	789
507	1282
508	677
508	1104
509	817
509	926
510	1502
511	1317
512	701
512	1490
513	1051
513	1183
513	1250
513	1289
513	1530
514	617
514	1082
514	1138
514	1307
515	1394
516	1015
516	1324
517	596
517	1371
518	653
518	1092
518	1321
518	1573
519	835
519	1310
519	1415
519	1592
521	1235
521	1555
522	787
522	1145
522	1467
523	619
523	1170
523	1582
524	1108
524	1127
525	723
525	1213
525	1422
525	1436
527	1140
528	762
528	960
528	1052
528	1280
529	579
529	639
529	1231
530	920
530	1102
530	1488
531	533
531	616
531	744
531	1053
532	1156
532	1192
532	1491
533	939
534	651
534	1417
535	717
535	734
535	781
535	1300
535	1435
536	653
536	676
536	1210
536	1421
537	932
538	558
538	931
539	713
539	1054
539	1069
539	1325
540	673
540	1437
540	1563
541	627
541	796
541	978
541	1185
542	644
542	1397
543	544
543	1264
543	1308
543	1472
544	670
544	778
544	1162
544	1194
544	1475
545	627
545	656
545	842
545	1025
545	1119
545	1274
545	1312
545	1538
546	1590
547	707
547	789
547	908
547	1548
548	722
548	1010
548	1489
548	1493
549	742
549	789
549	875
549	1041
549	1053
550	1003
551	724
551	1109
552	648
552	1370
553	781
554	723
554	738
555	1072
555	1304
556	1170
557	1009
557	1381
558	827
558	1451
559	621
559	789
559	823
559	1576
560	708
560	845
560	1430
562	833
562	940
562	1051
562	1501
563	665
564	1408
564	1483
565	881
565	1573
567	1516
568	570
568	709
568	1137
568	1172
569	1171
569	1420
570	633
570	654
570	751
570	1563
571	813
571	955
571	1585
572	1524
573	1041
573	1101
574	967
574	1295
574	1501
575	807
575	915
575	1103
575	1519
576	1480
577	1114
577	1365
577	1473
578	1114
579	1344
580	647
581	669
581	1470
582	938
582	1036
583	830
583	831
583	1472
584	594
584	791
584	946
584	1453
584	1584
585	861
585	898
585	1413
585	1526
586	652
587	654
587	1306
588	811
588	1062
588	1220
588	1520
589	1197
590	936
591	700
591	803
591	952
591	988
591	1047
591	1073
592	673
592	901
592	1232
593	668
593	1288
593	1351
595	1104
595	1509
596	618
596	755
597	619
597	674
597	678
598	1120
599	1323
600	754
600	850
600	1575
601	642
601	804
601	869
601	912
601	981
601	994
602	1322
603	654
604	619
604	667
604	1109
604	1369
604	1473
604	1475
605	677
605	1330
606	704
606	1498
607	759
607	881
607	1270
607	1388
608	962
609	1335
610	660
610	748
610	1358
611	1491
612	1383
612	1464
613	651
613	790
613	1032
613	1108
614	724
614	947
614	1438
615	1195
615	1218
615	1230
615	1355
615	1540
616	686
616	972
616	1144
616	1363
617	697
617	870
617	1590
618	1192
618	1230
618	1346
618	1421
618	1429
619	649
619	736
619	1519
620	732
620	912
620	1079
620	1102
621	1002
621	1377
622	742
622	1041
622	1237
623	1292
623	1527
624	1318
625	1072
626	1031
626	1507
627	1129
627	1131
627	1312
629	1107
629	1363
629	1454
629	1461
630	1150
630	1567
631	798
631	1098
631	1249
632	783
633	678
633	901
633	1236
634	1135
634	1241
634	1416
635	792
635	883
635	985
635	1228
635	1473
636	796
636	869
636	1264
637	913
637	1324
638	1244
638	1345
639	660
639	784
639	1374
640	709
640	762
640	809
640	1204
640	1234
641	1046
641	1093
641	1291
641	1465
642	775
642	1166
642	1521
643	1023
644	1550
645	665
645	770
645	829
645	907
645	1185
646	844
646	1198
646	1354
647	1068
648	817
648	1144
648	1492
648	1541
649	1290
650	782
650	1549
651	1002
652	671
652	677
652	1101
653	894
654	668
654	720
655	674
655	752
655	932
655	1077
656	664
656	875
657	1107
657	1461
658	1043
659	694
659	1311
659	1448
660	709
660	1111
660	1197
660	1431
661	779
661	1129
661	1237
661	1433
661	1594
662	879
663	1321
663	1558
664	1330
664	1403
664	1405
665	1106
665	1148
666	1061
666	1135
666	1288
667	853
667	901
667	1448
668	840
668	1311
669	960
669	1110
670	968
670	1207
670	1209
671	866
672	1059
673	1568
674	789
674	792
674	864
674	1088
674	1480
674	1531
675	738
675	1420
675	1438
676	725
676	905
676	1321
676	1556
678	874
678	1154
678	1170
678	1178
679	897
679	1066
679	1187
679	1325
679	1485
681	728
681	994
681	1204
681	1324
681	1486
682	978
682	1245
682	1363
682	1438
683	1496
684	722
684	919
684	1450
684	1536
685	994
685	1447
685	1514
686	1487
686	1503
688	1435
689	856
689	1359
689	1501
689	1576
690	825
690	1305
691	1136
691	1407
691	1472
691	1559
693	1117
693	1519
694	908
694	1187
695	743
695	915
695	923
696	1596
697	830
697	896
697	1195
697	1411
698	786
699	763
699	864
699	1439
700	1157
700	1542
701	1577
702	858
702	874
702	898
702	1103
703	1330
703	1536
703	1556
704	902
704	1095
704	1345
704	1421
704	1508
705	836
706	894
706	1091
706	1222
706	1441
708	1190
709	779
709	929
709	965
709	1032
709	1277
710	977
711	745
711	1372
713	1455
713	1567
714	818
714	1580
715	987
716	960
716	1174
716	1594
717	735
717	1056
717	1275
718	874
718	982
718	1247
719	1335
720	1190
720	1201
720	1244
721	844
721	1268
722	856
722	1165
722	1388
722	1410
723	731
723	742
723	1110
723	1123
724	1234
724	1318
724	1434
725	1086
726	1420
727	1005
727	1067
727	1377
727	1498
727	1504
727	1506
729	783
729	867
729	1347
730	907
730	1213
730	1419
731	1152
731	1248
731	1327
731	1377
732	1162
732	1200
732	1276
733	986
734	1240
734	1513
735	1050
735	1530
737	1491
738	976
738	1085
739	1371
740	1302
740	1465
741	920
741	1389
742	861
742	1438
743	765
744	866
744	1351
745	908
745	972
745	1094
745	1566
746	1332
747	929
747	1150
747	1339
749	796
749	1555
750	967
750	975
750	1148
751	894
751	1127
751	1363
752	904
752	971
752	1189
753	1533
754	915
754	1198
755	1276
756	815
756	1274
757	837
757	1509
758	1186
758	1322
758	1579
759	818
759	1086
760	882
760	1133
760	1299
761	1534
762	1224
762	1262
763	915
763	1121
763	1326
764	1599
765	979
765	982
766	1129
767	770
767	853
767	989
768	1043
768	1352
768	1425
769	857
769	1263
770	954
770	1330
770	1521
770	1544
771	1343
771	1468
771	1577
772	797
772	995
772	1272
773	1336
774	956
774	1070
774	1443
774	1461
774	1531
775	1473
775	1539
776	1177
776	1499
776	1571
777	893
778	1238
778	1411
779	998
779	1008
779	1307
780	1022
780	1071
780	1445
781	1001
781	1003
782	1127
782	1131
782	1556
783	1417
784	1321
785	998
787	995
789	865
789	1132
789	1300
789	1327
791	856
792	934
792	1337
793	906
793	1057
793	1469
794	1077
794	1084
796	946
796	1544
796	1588
797	1182
797	1321
797	1344
797	1354
798	874
798	1010
798	1469
799	1408
799	1416
800	1432
801	1274
803	904
803	1062
803	1358
803	1425
804	857
804	869
805	984
805	1220
805	1263
805	1482
806	1364
806	1399
806	1487
808	938
808	1546
809	1362
810	846
810	865
812	827
812	1244
813	1079
813	1392
813	1559
813	1566
814	1319
815	1264
817	873
817	1130
817	1236
817	1491
818	922
819	1558
820	1342
820	1478
821	1131
821	1172
822	1223
823	1491
824	1507
825	1112
826	1116
826	1187
826	1499
827	1396
828	1353
829	1014
829	1090
829	1121
829	1526
830	1132
830	1451
830	1518
831	934
831	1143
832	1042
832	1342
833	981
833	1169
833	1495
834	1224
835	1175
836	1364
837	1223
837	1324
837	1362
838	1500
839	1283
840	1038
840	1105
840	1432
840	1537
841	878
841	1279
842	966
842	1043
843	1570
844	1155
844	1422
845	1187
846	1325
847	1536
848	862
849	1056
849	1060
849	1105
849	1116
849	1432
850	1059
851	1521
852	1007
853	1054
853	1396
854	1488
856	1188
856	1417
856	1591
858	864
858	1381
858	1502
859	1018
859	1048
860	1108
860	1115
860	1193
860	1297
861	1158
861	1238
861	1288
861	1491
861	1509
862	912
862	1221
863	896
864	1055
865	1001
866	1242
867	973
867	1411
867	1533
868	1594
869	921
869	959
871	1014
875	1372
876	1109
876	1470
878	964
878	1399
879	1405
879	1559
880	1016
880	1100
880	1298
880	1422
881	1076
882	949
882	1575
883	1154
884	1018
884	1328
885	1319
885	1521
885	1565
886	961
887	1020
887	1166
887	1388
888	1065
888	1470
888	1513
889	951
889	1054
889	1076
889	1407
890	947
890	1368
891	1349
893	1130
894	958
894	1046
895	1070
896	1121
896	1134
896	1389
896	1401
897	1099
897	1325
898	1120
901	925
901	957
901	1142
903	1189
903	1318
904	1499
905	1254
905	1564
906	948
907	1139
907	1197
907	1292
908	1246
908	1353
908	1556
909	1175
909	1360
910	1373
912	1161
913	978
913	1182
914	1103
914	1557
914	1566
915	1071
915	1104
916	975
916	1186
916	1384
917	1109
917	1249
917	1478
917	1551
918	1043
918	1393
918	1414
918	1458
919	941
919	1047
919	1398
920	1233
921	1060
921	1272
921	1545
922	1130
923	1095
923	1384
923	1483
926	1037
926	1049
926	1167
926	1466
926	1471
927	1328
927	1356
927	1519
928	1017
928	1485
930	1560
931	1147
933	1294
933	1383
935	1050
936	990
936	1314
936	1520
938	964
938	1137
938	1248
938	1255
939	1165
939	1476
940	1094
940	1192
940	1193
941	992
941	1359
942	1327
942	1495
944	1019
944	1088
944	1249
945	1101
945	1168
945	1217
945	1472
946	1071
946	1203
946	1286
946	1391
947	1132
947	1246
947	1284
947	1343
947	1550
948	1276
949	1050
949	1078
949	1326
949	1521
950	1524
951	1105
952	1500
953	965
953	1006
953	1542
953	1598
954	1549
955	1042
955	1309
955	1316
956	1048
956	1092
956	1179
956	1450
958	1132
960	1035
960	1149
961	1254
961	1391
961	1591
962	1255
963	1013
963	1146
964	1306
965	1072
968	997
969	1168
969	1479
971	1141
972	979
972	1034
972	1165
973	1326
973	1395
974	1396
975	1244
975	1517
976	1382
976	1426
976	1515
977	1540
978	988
979	1031
980	1195
980	1305
980	1307
980	1481
980	1571
981	1227
981	1252
981	1582
982	1023
982	1250
983	1051
983	1089
983	1391
983	1442
983	1521
983	1533
984	1391
986	1057
986	1090
986	1275
986	1515
986	1517
987	1011
987	1026
987	1301
988	1048
988	1193
988	1304
988	1575
989	1162
989	1224
991	1054
992	1031
992	1067
992	1369
993	1527
994	1077
994	1175
994	1570
996	1214
996	1500
997	1463
997	1534
998	1115
999	1097
999	1274
999	1308
999	1537
1000	1026
1000	1511
1000	1525
1003	1021
1003	1247
1005	1051
1006	1015
1006	1178
1006	1268
1006	1387
1007	1150
1007	1260
1007	1374
1008	1588
1009	1053
1009	1459
1010	1077
1011	1438
1012	1432
1014	1130
1014	1415
1018	1164
1018	1236
1020	1218
1020	1402
1021	1343
1022	1152
1022	1368
1022	1455
1023	1171
1023	1330
1023	1335
1023	1380
1023	1527
1024	1313
1024	1317
1024	1433
1025	1577
1026	1593
1027	1243
1027	1408
1028	1262
1031	1307
1032	1312
1033	1354
1034	1265
1034	1386
1035	1270
1036	1393
1040	1201
1040	1270
1040	1536
1041	1328
1042	1561
1043	1282
1045	1523
1046	1220
1046	1335
1046	1498
1047	1139
1047	1443
1048	1077
1049	1411
1049	1444
1050	1286
1051	1220
1051	1315
1054	1282
1054	1312
1055	1366
1056	1122
1056	1493
1059	1183
1060	1238
1061	1113
1061	1311
1061	1564
1063	1087
1063	1456
1064	1421
1065	1074
1065	1226
1065	1420
1065	1549
1066	1081
1066	1153
1067	1552
1068	1083
1068	1145
1068	1532
1069	1238
1070	1082
1070	1083
1071	1556
1074	1167
1074	1292
1075	1524
1076	1173
1076	1194
1077	1556
1077	1557
1078	1155
1078	1427
1079	1353
1079	1412
1079	1475
1080	1274
1081	1100
1082	1169
1082	1285
1083	1535
1084	1096
1085	1341
1085	1496
1086	1419
1086	1570
1087	1251
1087	1269
1087	1350
1089	1405
1090	1147
1090	1148
1090	1241
1090	1474
1091	1502
1091	1580
1092	1201
1093	1161
1094	1208
1095	1426
1095	1485
1096	1124
1096	1272
1097	1107
1097	1195
1097	1271
1098	1153
1098	1264
1099	1104
1100	1349
1100	1453
1100	1459
1101	1120
1101	1244
1102	1331
1104	1173
1106	1541
1106	1593
1107	1347
1108	1394
1111	1113
1111	1336
1111	1579
1112	1158
1112	1531
1114	1342
1114	1448
1115	1128
1115	1394
1118	1435
1118	1587
1119	1166
1119	1181
1120	1362
1120	1517
1120	1593
1122	1231
1123	1400
1126	1147
1126	1264
1126	1387
1126	1536
1127	1308
1128	1223
1128	1367
1130	1490
1131	1417
1131	1491
1134	1247
1135	1411
1136	1174
1136	1377
1136	1545
1138	1166
1140	1466
1142	1179
1142	1467
1142	1528
1146	1151
1146	1285
1147	1183
1147	1259
1147	1516
1148	1175
1148	1289
1148	1463
1149	1219
1149	1286
1152	1183
1152	1341
1153	1328
1153	1528
1154	1300
1154	1390
1155	1330
1155	1488
1155	1538
1158	1457
1159	1250
1159	1301
1160	1174
1162	1571
1166	1321
1166	1512
1167	1362
1168	1181
1168	1308
1168	1340
1169	1200
1170	1406
1172	1309
1172	1312
1172	1484
1172	1560
1173	1371
1174	1421
1175	1596
1176	1258
1178	1362
1179	1339
1179	1475
1181	1361
1185	1536
1186	1531
1187	1311
1189	1357
1189	1506
1190	1306
1191	1448
1192	1539
1193	1364
1195	1360
1196	1365
1197	1484
1199	1535
1200	1202
1200	1216
1201	1307
1202	1388
1202	1540
1203	1513
1205	1429
1209	1213
1209	1511
1210	1477
1211	1489
1215	1547
1217	1488
1219	1307
1219	1490
1220	1237
1220	1331
1220	1456
1221	1278
1222	1453
1225	1274
1225	1329
1225	1448
1226	1388
1226	1555
1227	1382
1227	1530
1229	1357
1230	1508
1231	1502
1232	1549
1233	1292
1233	1323
1238	1437
1238	1583
1238	1591
1239	1342
1242	1249
1242	1434
1242	1474
1242	1537
1246	1436
1247	1421
1247	1577
1248	1533
1250	1464
1253	1546
1254	1272
1255	1453
1256	1406
1257	1328
1258	1512
1262	1273
1264	1500
1265	1325
1265	1477
1267	1550
1269	1408
1269	1419
1272	1394
1274	1520
1276	1473
1276	1531
1278	1553
1279	1498
1282	1361
1283	1511
1284	1356
1285	1578
1286	1349
1289	1534
1290	1489
1290	1541
1291	1295
1292	1592
1293	1490
1295	1458
1295	1546
1296	1484
1296	1514
1297	1464
1298	1456
1299	1405
1299	1544
1303	1326
1304	1477
1305	1485
1306	1352
1306	1402
1306	1512
1308	1509
1310	1330
1310	1485
1312	1388
1312	1422
1315	1384
1315	1555
1315	1590
1317	1370
1318	1333
1318	1458
1320	1492
1326	1339
1326	1409
1327	1497
1328	1576
1330	1486
1332	1379
1332	1473
1333	1345
1334	1504
1337	1597
1338	1371
1338	1382
1338	1414
1338	1501
1344	1476
1344	1479
1348	1514
1352	1593
1353	1418
1354	1444
1354	1570
1356	1597
1359	1567
1359	1586
1360	1523
1361	1482
1367	1384
1367	1394
1367	1550
1373	1466
1374	1418
1375	1403
1376	1385
1376	1485
1376	1497
1378	1525
1379	1585
1383	1545
1384	1444
1384	1564
1386	1448
1387	1391
1389	1566
1390	1476
1390	1495
1390	1501
1393	1499
1400	1467
1400	1536
1402	1578
1405	1519
1407	1447
1417	1490
1417	1513
1417	1585
1419	1428
1419	1531
1421	1516
1424	1473
1425	1509
1430	1586
1432	1548
1433	1495
1437	1502
1439	1462
1443	1513
1444	1464
1449	1570
1453	1518
1455	1509
1460	1501
1462	1585
1463	1498
1463	1503
1466	1468
1467	1468
1479	1531
1481	1513
1481	1562
1485	1524
1485	1586
1487	1499
1488	1541
1488	1571
1493	1533
1495	1581
1500	1576
1506	1581
1511	1543
1515	1525
1519	1546
1522	1551
1531	1567
1536	1561
1538	1541
1538	1543
1542	1584
1545	1548
1553	1595
1561	1599
1562	1573
1571	1587
1574	1597