0	88
0	191
0	883
0	1131
0	1469
0	1546
1	525
1	871
2	385
2	570
2	754
2	1471
3	338
3	572
3	1253
4	1246
4	1304
4	1467
5	963
5	1513
6	158
6	476
6	499
6	502
6	1166
6	1244
6	1333
6	1449
6	1455
7	334
7	528
7	619
7	648
7	1247
7	1315
7	1529
8	988
8	997
9	324
9	346
9	479
9	1365
9	1513
10	50
10	1128
11	862
11	1299
12	51
12	373
12	1022
13	1091
14	1106
14	1282
14	1406
15	222
15	452
15	648
15	1349
15	1540
16	498
16	968
16	1406
17	271
18	147
18	1264
18	1542
19	197
19	683
19	1330
20	269
20	392
20	598
20	758
20	806
20	1170
21	144
21	333
21	878
21	890
21	1451
22	44
22	289
22	447
22	497
22	743
22	1180
22	1449
23	345
23	916
23	966
23	1122
24	225
24	302
24	338
24	574
24	1381
25	1350
25	1454
26	274
26	357
26	571
26	1286
26	1407
26	1443
27	470
27	971
27	1258
28	285
28	1289
29	48
29	288
29	620
29	801
29	808
29	1004
29	1470
30	105
30	427
30	1194
30	1398
30	1429
30	1555
31	413
31	505
31	607
31	683
31	1039
32	98
32	118
32	297
32	330
32	541
32	737
33	367
33	408
34	962
35	1009
35	1292
36	593
36	1411
36	1542
37	1139
37	1370
38	1095
38	1463
39	303
40	864
41	239
41	974
41	1281
41	1489
41	1530
42	469
42	1100
43	496
43	1277
43	1353
43	1373
44	1016
44	1169
45	130
45	193
45	602
45	840
45	1579
46	662
46	1482
47	504
47	1105
48	793
48	824
48	923
48	957
48	1123
48	1477
49	731
49	1115
49	1180
50	55
50	265
50	393
50	717
50	1034
50	1090
50	1211
50	1348
51	123
51	324
51	462
52	945
52	1452
53	131
53	487
53	713
53	763
53	1102
53	1145
53	1346
54	147
54	915
55	1149
55	1290
56	1066
56	1139
56	1433
56	1521
57	776
57	866
57	1156
58	315
58	528
58	529
58	549
58	689
58	789
58	874
58	909
58	1193
59	67
59	100
59	432
59	558
59	822
59	930
59	1019
59	1068
59	1105
60	579
60	1050
60	1302
60	1540
60	1598
61	647
61	734
62	478
62	822
62	997
62	1016
62	1496
63	115
63	122
64	377
64	1546
64	1551
65	510
65	617
66	973
66	1202
66	1438
67	802
67	1294
67	1308
67	1393
68	124
68	293
68	298
68	488
68	710
68	883
69	765
69	1079
69	1485
70	163
70	616
70	722
70	1572
71	163
71	1294
72	817
72	913
73	113
73	410
73	441
74	386
74	905
75	525
75	764
75	1240
76	372
76	666
77	172
77	177
77	192
77	464
77	1489
78	583
78	597
78	724
79	307
79	430
79	610
79	1028
79	1195
80	935
80	1122
81	564
81	608
81	856
81	1588
82	258
82	1243
82	1328
83	304
83	310
83	581
83	623
83	753
83	771
84	427
84	793
84	1051
84	1137
85	1168
86	214
86	998
86	1046
87	208
87	423
87	719
87	1032
87	1088
88	247
88	751
88	816
88	936
88	998
89	173
89	344
89	427
89	794
90	139
90	215
90	579
90	833
90	931
90	965
91	859
91	1187
91	1308
91	1400
92	325
92	609
92	682
92	1125
93	559
93	1159
93	1429
94	137
94	205
94	505
94	767
94	1071
94	1151
94	1198
94	1244
94	1442
94	1561
95	1073
95	1388
95	1389
95	1482
95	1535
95	1573
96	213
96	456
96	946
97	193
97	200
98	328
98	334
98	490
98	604
98	689
98	945
98	1537
99	129
99	141
99	672
99	1094
99	1188
99	1444
99	1524
100	178
100	281
100	685
100	874
100	1082
100	1100
101	386
101	454
101	475
101	582
101	1189
101	1599
102	140
102	234
102	242
102	477
102	1030
103	384
103	658
103	832
103	914
103	1198
103	1215
103	1340
104	172
104	311
104	835
104	1110
104	1292
105	448
105	569
105	1158
105	1254
106	192
106	1382
107	581
107	1248
107	1321
107	1421
108	149
108	196
108	286
108	698
108	1431
108	1443
109	725
109	1491
110	319
110	951
111	393
111	1048
111	1120
111	1121
111	1365
111	1473
111	1513
112	344
112	506
112	778
112	1061
112	1436
113	180
113	368
113	837
113	941
114	389
114	604
114	901
114	1106
114	1149
115	454
115	527
115	1312
115	1420
116	1007
116	1034
116	1152
116	1467
116	1468
116	1567
117	306
117	1041
118	143
118	201
118	283
118	551
118	692
118	813
119	202
119	536
119	615
119	683
120	274
120	1036
121	822
121	1394
121	1547
122	311
122	498
122	1267
122	1556
123	380
123	1143
123	1298
124	196
124	222
124	245
124	612
124	792
124	1171
124	1475
124	1489
124	1524
125	1194
125	1245
126	546
127	805
127	1164
127	1385
128	512
128	566
128	1374
128	1413
128	1483
129	529
129	1260
130	1241
131	357
131	448
131	583
131	979
131	1047
132	368
132	594
132	659
132	682
132	1534
133	939
133	942
134	1447
134	1478
135	1041
135	1324
136	381
136	1415
137	150
137	244
137	702
137	825
137	1400
137	1507
138	851
138	1305
138	1337
139	489
139	708
139	871
140	604
140	991
141	367
141	385
141	837
141	862
141	1392
141	1588
142	1191
143	171
143	836
143	1184
143	1285
144	155
144	672
144	1021
145	517
145	613
145	829
145	1066
145	1072
145	1168
145	1429
145	1534
145	1582
146	211
146	221
146	247
146	435
146	452
146	469
146	1256
147	607
147	827
147	946
148	213
148	297
148	728
148	931
148	1103
148	1290
148	1367
148	1496
149	496
149	730
149	884
149	915
149	1263
150	513
150	765
150	984
150	1139
151	226
151	840
151	1462
152	388
152	1182
152	1242
153	236
153	1057
154	1459
155	537
155	978
155	1033
155	1061
156	891
156	921
156	1129
156	1580
157	526
157	663
157	691
157	750
157	1086
157	1249
158	341
159	626
159	821
159	1550
159	1552
160	919
160	1108
160	1595
161	375
161	745
161	1048
162	223
163	182
163	489
163	545
163	684
164	329
164	758
164	829
164	1066
165	472
165	982
165	1137
166	987
167	951
167	1002
167	1286
168	375
168	400
168	486
168	1508
169	719
169	1384
169	1477
170	712
170	869
170	962
170	1377
171	232
171	481
171	550
171	751
171	1108
171	1174
171	1430
172	213
172	559
172	1482
173	739
173	1134
174	380
174	477
174	784
174	1235
175	802
176	597
176	665
176	900
176	1099
176	1529
178	775
178	1552
179	494
179	1069
180	365
180	516
181	1296
181	1517
182	604
182	1260
182	1505
182	1599
183	415
183	1111
183	1274
183	1281
183	1370
183	1598
184	1457
185	1237
185	1491
185	1547
186	273
186	683
186	684
186	980
186	1037
186	1151
186	1365
187	452
187	1034
188	213
188	355
189	440
189	574
189	777
189	1043
189	1299
190	704
190	977
190	1301
190	1427
190	1495
190	1545
191	928
191	1081
191	1545
191	1583
192	495
192	847
192	986
193	280
193	480
193	893
194	405
194	917
194	921
194	1154
194	1318
195	513
195	1360
196	938
196	1361
196	1417
197	783
197	1018
197	1097
198	329
198	1029
198	1157
198	1238
199	597
199	795
199	846
199	899
199	1565
199	1597
200	551
201	480
202	642
202	992
202	1000
202	1063
202	1123
202	1252
203	678
203	732
203	842
203	1114
204	255
204	710
204	1091
204	1278
205	449
205	766
205	1055
206	333
206	584
206	652
206	1315
206	1374
206	1478
206	1488
207	609
208	563
208	744
208	1337
208	1423
209	703
210	447
210	976
211	584
211	1136
211	1238
211	1403
212	1102
212	1184
212	1453
213	370
213	658
213	697
213	1009
213	1500
213	1593
215	506
215	966
215	1460
216	660
217	904
217	984
218	224
218	964
219	936
219	1349
219	1564
220	299
220	310
220	392
220	500
220	558
220	619
220	887
220	1045
220	1379
220	1589
221	468
221	983
221	1428
222	521
222	686
222	1183
222	1563
223	449
223	496
223	939
223	1176
223	1314
223	1598
224	278
224	847
224	952
225	252
225	1079
225	1197
225	1481
226	1438
227	424
227	473
227	484
227	915
227	1098
228	271
228	442
228	464
228	1034
228	1276
229	1310
230	428
230	968
230	1326
230	1576
231	285
231	587
231	774
231	1152
231	1455
232	416
232	1061
232	1491
233	1579
234	348
234	1083
234	1508
235	524
235	790
235	841
235	1302
235	1324
235	1593
236	599
236	1009
236	1080
237	705
238	928
239	437
239	1551
240	1284
240	1460
240	1591
241	821
241	1048
242	675
242	876
242	1095
242	1507
243	866
244	1536
245	423
245	533
245	646
245	804
245	998
246	552
246	644
246	1115
247	295
247	707
247	710
247	1365
247	1520
247	1574
248	311
248	379
248	469
248	718
248	769
248	1088
248	1465
249	354
249	619
249	1110
249	1144
249	1413
250	420
251	316
251	426
251	602
251	1460
252	1095
252	1393
252	1554
252	1594
253	315
253	493
253	553
253	933
253	1076
253	1404
254	507
254	609
254	637
254	738
254	1428
255	365
255	655
255	741
255	1382
256	289
257	1008
257	1589
258	789
258	966
258	1253
258	1426
259	342
259	439
259	681
259	682
259	711
259	1041
259	1395
259	1570
260	535
260	637
260	1540
261	533
261	714
261	1366
262	807
262	1104
262	1247
262	1559
263	520
263	656
263	1102
263	1402
263	1564
264	425
264	994
264	1141
265	305
265	490
265	596
265	629
265	767
265	1093
265	1517
266	451
266	639
266	834
267	345
267	1049
267	1312
268	1269
268	1414
268	1555
269	557
269	1265
269	1276
270	299
270	397
270	720
270	838
270	845
270	1098
270	1163
270	1284
270	1349
270	1592
271	1005
271	1345
271	1496
272	545
272	741
273	988
273	1019
273	1135
273	1166
273	1197
273	1263
274	428
274	881
274	1098
275	1122
276	447
277	861
277	1010
277	1411
277	1438
278	853
278	928
278	1464
278	1546
279	509
279	808
279	1101
280	1229
280	1302
280	1532
281	1161
281	1296
282	909
282	1033
283	354
283	795
283	1164
284	573
284	1566
285	363
285	1267
285	1526
286	581
287	1430
288	337
288	485
288	530
288	866
288	1480
289	549
289	907
289	945
289	1353
289	1554
290	881
291	639
291	795
291	1554
291	1599
292	303
292	418
292	1118
292	1472
293	316
293	490
293	522
294	378
294	1295
294	1428
295	1281
296	315
296	1202
297	389
297	604
297	726
297	736
297	928
298	1255
298	1309
299	331
299	561
299	1184
299	1285
300	395
300	758
300	759
300	1325
301	1221
303	543
303	591
303	647
303	1093
303	1483
304	592
304	1569
305	1438
306	611
306	1000
306	1355
306	1469
306	1545
307	369
307	521
307	532
307	670
307	845
307	999
307	1040
308	424
308	460
308	494
308	671
308	1188
308	1567
309	365
309	601
309	986
309	1063
309	1174
309	1415
310	356
310	385
310	471
310	1181
310	1320
310	1334
311	1048
312	1438
313	363
313	499
313	1406
314	1203
315	343
315	706
316	367
316	635
316	975
316	987
316	1183
317	792
318	623
319	751
319	1113
320	530
320	552
320	772
320	812
320	1303
320	1359
321	466
321	1002
321	1039
321	1421
321	1514
322	874
323	834
323	895
323	1104
323	1477
323	1523
324	667
324	809
325	558
325	571
325	796
325	931
325	1115
326	341
326	362
326	423
326	512
326	900
326	994
326	1155
326	1299
326	1367
327	799
328	403
328	512
328	1125
328	1442
329	941
329	1349
330	463
330	643
330	813
330	1052
330	1341
331	797
331	1340
332	434
332	637
332	772
333	1369
333	1383
334	715
334	751
334	924
334	1302
335	520
335	778
336	795
336	1055
336	1207
336	1498
336	1501
337	479
337	520
337	716
337	842
337	1500
337	1571
338	543
338	841
339	1111
339	1344
340	884
340	903
340	915
340	1326
340	1495
340	1571
341	722
341	1074
341	1175
341	1237
342	838
342	1234
342	1329
342	1558
342	1578
343	708
343	793
344	618
344	679
344	1148
345	365
345	896
345	1017
345	1073
345	1287
345	1348
345	1480
345	1543
346	1364
346	1440
347	1070
348	769
348	850
348	1220
349	1425
350	1137
350	1272
350	1515
351	449
351	579
351	1342
352	479
352	790
352	811
352	1144
353	485
353	789
353	981
354	632
354	915
354	1022
354	1505
355	905
355	1540
356	451
356	802
356	1245
356	1274
356	1368
356	1550
357	427
358	472
358	708
358	726
358	1337
358	1582
359	508
359	1108
359	1370
359	1581
360	493
360	1102
361	1395
362	701
362	904
362	1090
362	1473
363	521
363	826
363	916
363	1196
364	538
364	1115
364	1352
365	491
365	1409
365	1560
366	544
366	777
366	1028
367	1041
367	1048
367	1077
368	381
368	444
368	620
368	1159
368	1275
369	470
369	587
369	848
369	1450
369	1492
370	553
370	1072
370	1241
371	379
371	649
371	718
371	1340
372	1142
373	1055
374	641
374	1181
374	1208
375	554
375	603
376	583
376	1036
376	1069
376	1168
376	1206
376	1214
376	1264
377	1399
377	1543
378	1133
378	1308
378	1483
379	520
379	600
380	556
380	560
380	1107
380	1200
380	1265
381	994
382	418
382	589
382	682
382	948
382	1569
382	1598
383	457
384	658
384	881
384	887
384	1247
384	1434
384	1476
385	462
385	981
385	1054
385	1323
386	504
386	776
387	669
387	849
388	475
388	895
388	1220
389	484
389	746
389	1107
390	691
390	873
390	953
391	616
391	1168
391	1190
391	1238
392	667
392	785
392	901
392	1363
392	1510
392	1559
393	913
393	923
393	1402
394	692
394	761
394	978
394	1498
395	401
395	804
395	1101
395	1184
396	987
398	555
398	732
398	869
399	491
399	985
399	990
399	1388
399	1560
400	718
400	1521
401	793
401	956
401	1586
402	659
402	1190
404	1524
405	893
405	1029
405	1110
405	1172
405	1296
405	1371
406	953
407	703
407	780
407	858
407	1110
408	778
408	831
409	629
409	1443
410	1029
410	1211
411	437
411	510
411	752
411	1129
411	1375
412	419
412	461
412	1179
412	1212
413	579
413	879
413	1550
414	628
414	1154
414	1392
414	1432
415	448
415	643
415	775
415	883
416	631
416	1203
417	762
417	938
417	1044
418	510
418	554
418	873
418	980
418	1071
419	443
421	541
421	1456
422	514
422	683
422	772
422	787
422	1118
422	1370
422	1461
422	1478
423	600
423	1045
423	1320
423	1544
425	728
425	1374
425	1534
426	793
426	1022
427	615
427	1282
427	1303
427	1394
428	907
428	923
429	1476
430	876
430	879
430	1145
430	1360
430	1449
431	649
431	1119
431	1192
431	1255
431	1273
431	1542
432	808
432	969
432	1195
432	1330
433	1073
433	1119
433	1384
434	1070
434	1325
436	1331
437	1581
438	549
438	1409
438	1513
438	1549
438	1556
439	449
439	459
439	655
439	1187
440	619
440	933
441	1447
442	584
442	873
442	935
443	571
445	1161
446	482
446	624
446	881
446	1009
447	454
447	483
447	835
447	854
447	917
447	1032
447	1120
447	1257
448	1562
449	451
449	586
449	684
449	886
449	1383
449	1422
449	1446
450	1094
451	806
452	490
452	898
453	728
453	836
453	893
453	937
453	1022
453	1169
453	1566
454	622
454	1154
454	1369
455	1114
455	1164
455	1230
455	1503
456	1159
456	1382
456	1472
457	1208
457	1371
458	635
458	654
458	1019
458	1262
459	974
459	1163
459	1411
459	1555
460	1391
461	609
461	872
461	1007
461	1027
462	1000
462	1193
463	545
463	1015
463	1544
464	756
464	1183
464	1561
465	882
465	1014
465	1261
466	490
466	612
466	623
466	830
466	1124
467	1051
467	1084
467	1185
468	644
468	1091
468	1504
469	526
470	674
470	994
470	1443
471	713
471	826
471	1056
471	1368
473	624
473	981
473	1556
474	687
474	728
475	1177
475	1237
475	1440
476	653
477	536
477	572
477	974
477	1026
477	1157
477	1442
478	571
478	1024
478	1363
479	660
479	853
479	890
480	607
480	1033
480	1051
480	1123
480	1181
480	1566
481	632
481	635
481	958
481	1373
482	1030
482	1325
482	1468
483	884
483	984
483	1566
483	1570
484	1506
485	1414
485	1499
486	691
486	879
486	1437
488	827
488	1019
488	1583
489	673
489	1120
489	1423
490	605
490	1089
490	1542
491	567
491	726
491	1269
492	533
492	724
492	880
492	883
493	577
493	859
493	1078
493	1476
493	1517
494	580
494	935
494	1064
494	1537
495	751
495	835
495	1264
496	1474
497	619
497	1143
498	1262
499	528
499	609
500	582
500	913
500	1103
500	1256
501	548
501	731
501	951
501	1266
501	1317
502	1039
503	765
503	778
503	789
503	809
503	944
504	646
504	872
505	536
505	962
505	1037
505	1113
506	513
506	1539
507	1287
508	1303
508	1498
510	1538
511	1069
512	589
512	1061
512	1099
512	1299
513	543
514	648
514	843
514	1056
515	563
517	611
517	698
517	952
517	1225
517	1496
518	753
518	1120
518	1350
519	591
519	1097
520	656
520	917
520	1543
521	880
522	1030
522	1350
522	1371
523	789
525	636
526	773
526	1421
526	1454
526	1521
527	921
527	1112
527	1222
527	1316
528	552
528	1364
529	588
530	603
530	867
530	1450
531	635
531	970
531	1338
532	579
532	1217
532	1244
533	711
533	816
533	1134
533	1519
534	1555
535	623
535	974
535	1111
536	848
536	1311
537	1039
537	1290
538	692
538	911
538	1451
539	820
540	1582
541	1495
541	1582
541	1589
542	795
542	905
542	1296
542	1328
542	1550
542	1558
542	1565
543	1144
543	1273
544	970
544	1586
545	590
545	1231
545	1233
546	954
547	880
547	892
547	1138
547	1164
547	1370
547	1405
547	1565
548	1032
548	1077
548	1365
548	1536
548	1589
549	1495
549	1500
550	575
550	1257
551	611
551	1177
553	883
553	1238
554	1486
554	1532
555	1008
555	1068
556	583
556	702
556	1301
557	761
557	1047
558	972
558	1072
559	1350
560	825
560	1010
560	1403
561	933
561	1116
561	1257
562	685
563	579
563	998
564	720
564	969
564	1362
564	1387
565	607
565	692
565	948
566	1333
566	1477
567	769
567	1013
567	1077
567	1476
567	1570
568	1010
568	1226
568	1228
568	1446
568	1537
569	600
569	884
569	942
570	644
570	1057
570	1086
570	1287
571	726
571	1582
572	847
572	1264
572	1313
572	1336
573	807
573	1214
573	1362
574	764
574	848
574	1154
574	1210
575	576
575	967
575	1024
575	1336
576	641
576	769
576	949
576	987
577	1417
577	1452
577	1490
578	1499
578	1500
578	1522
579	597
579	908
579	950
579	1054
579	1257
580	639
580	1105
580	1450
581	617
581	984
581	1235
581	1336
582	817
582	1480
583	653
583	733
583	979
583	1111
583	1136
583	1281
583	1356
583	1465
584	596
585	734
585	877
585	1360
586	1351
586	1563
587	875
587	989
587	998
587	1232
587	1266
587	1436
587	1480
588	1527
588	1577
589	643
589	1244
590	651
590	808
590	1136
591	664
591	1070
592	730
592	1291
593	595
593	1190
593	1258
593	1456
595	618
595	971
595	1012
595	1264
595	1301
596	1014
596	1134
597	998
597	1531
598	1066
598	1074
599	1068
599	1417
600	936
600	1004
601	691
601	1218
601	1228
601	1233
601	1254
601	1266
602	742
602	904
602	913
602	1536
603	994
603	1205
604	816
604	932
604	1011
605	1096
605	1153
606	906
606	907
606	1054
606	1508
607	1406
608	1012
609	1264
609	1561
610	937
610	1107
610	1211
610	1466
611	1440
612	1413
613	1259
614	1290
615	1273
616	1010
616	1056
617	1066
617	1236
617	1552
618	1074
618	1509
619	757
619	818
619	902
619	1436
620	810
620	878
621	785
622	713
622	875
622	1140
623	1353
624	716
624	948
624	1158
624	1472
625	1582
626	1295
626	1391
627	1005
628	677
628	1483
628	1557
629	769
629	1035
630	1412
631	1056
631	1346
631	1541
633	1029
633	1077
633	1183
633	1408
634	715
634	985
634	1199
634	1585
634	1596
635	654
635	666
636	1009
637	1037
637	1499
638	778
638	808
638	887
638	1210
638	1225
638	1283
638	1360
639	886
639	1231
639	1480
640	763
640	985
640	1517
640	1572
641	1092
642	789
642	1424
643	689
643	986
643	1302
643	1449
645	903
645	1030
645	1207
645	1458
646	1172
647	922
648	678
648	937
648	998
649	1143
650	1218
651	790
651	956
651	983
651	1286
652	1116
652	1249
652	1260
652	1334
653	957
653	1038
653	1042
654	845
654	875
655	954
655	1096
655	1247
655	1531
655	1599
657	1307
657	1593
659	677
659	679
659	1034
659	1300
660	671
660	1139
660	1264
661	702
662	735
662	1470
662	1489
662	1585
663	883
663	1177
663	1228
663	1264
664	674
664	838
664	1046
664	1367
665	779
665	1545
666	694
666	1190
666	1234
667	674
668	1071
668	1163
668	1342
669	932
669	993
669	1395
670	1210
670	1341
670	1536
671	1043
671	1370
672	679
672	784
672	1234
674	1189
674	1341
675	713
675	731
675	778
675	877
675	1161
675	1271
675	1508
676	747
676	758
676	1261
676	1358
676	1387
676	1409
677	724
677	868
677	1199
677	1408
678	723
678	826
678	1158
679	691
679	966
680	893
680	1227
680	1396
681	767
681	940
682	1038
683	1387
684	753
684	812
684	851
684	1008
684	1052
684	1551
685	804
685	1086
686	814
686	1002
686	1278
687	749
687	1357
687	1566
688	1278
689	867
689	1138
689	1358
689	1593
690	765
690	841
690	1015
690	1135
690	1185
690	1297
690	1534
691	858
691	1087
692	1091
692	1128
692	1190
692	1401
693	919
693	962
693	1390
693	1489
694	1327
695	745
695	772
695	827
695	1199
695	1340
695	1373
695	1414
695	1542
696	955
696	1202
697	765
697	949
697	953
697	996
697	1386
697	1527
699	834
699	970
700	904
701	1166
701	1210
701	1364
702	1078
703	826
703	1008
703	1258
703	1389
704	874
704	891
704	1053
705	1001
705	1092
705	1111
705	1261
705	1341
705	1458
706	991
706	1034
706	1156
706	1257
707	1220
708	1327
709	1336
710	913
710	1026
710	1234
710	1264
713	806
714	776
714	1445
716	857
716	972
716	1488
717	851
717	872
717	963
717	1118
719	774
719	1470
720	1010
720	1070
721	937
721	1223
722	977
722	1268
723	1253
723	1497
723	1559
724	998
725	885
725	1076
725	1267
725	1319
726	1014
726	1064
727	777
727	1362
728	801
728	872
728	1011
729	1433
730	865
730	929
730	1403
730	1514
731	918
731	936
731	1317
732	814
732	846
732	1093
732	1576
733	1572
734	1161
734	1455
735	1159
735	1287
736	808
736	871
737	1562
738	742
738	1055
738	1308
738	1592
739	1080
739	1268
740	797
740	819
740	1267
740	1381
740	1444
741	1122
741	1498
742	995
742	1410
744	1077
744	1211
744	1463
745	824
745	981
745	1050
745	1530
745	1538
746	1057
747	1342
748	1043
748	1112
748	1338
749	897
749	956
750	786
750	1044
751	758
751	1377
751	1537
752	907
752	1377
752	1421
753	1270
753	1283
753	1455
754	902
754	1020
754	1096
754	1185
754	1206
755	772
755	1552
756	1519
756	1553
757	930
758	824
759	1108
759	1449
760	1393
761	791
761	1002
761	1191
761	1308
762	773
762	1102
762	1293
762	1369
762	1571
763	973
763	1145
764	1272
765	1267
766	941
766	982
766	1009
766	1274
766	1306
767	933
767	946
767	1263
768	1114
768	1149
768	1189
768	1301
769	1008
769	1062
769	1178
770	1134
771	774
771	1302
772	1033
772	1276
772	1409
773	934
773	1292
774	1100
774	1251
774	1593
774	1598
775	1211
776	844
778	902
778	1346
779	810
779	1199
780	1245
781	988
782	1539
783	1047
784	1297
784	1358
784	1523
785	877
786	926
787	888
787	1022
787	1267
788	936
789	804
789	1373
790	1165
790	1346
791	1329
791	1376
792	993
792	1207
793	826
793	1125
794	903
794	912
794	1084
794	1119
794	1183
794	1460
795	842
796	1286
796	1529
797	1067
798	858
798	1306
799	1004
799	1169
800	822
800	949
800	958
800	1042
801	1246
802	1329
802	1465
803	903
803	1195
803	1374
804	1295
804	1536
804	1547
804	1599
806	1034
806	1140
806	1213
806	1524
807	1218
807	1219
808	884
808	938
808	1196
808	1324
809	947
810	946
810	948
810	1232
810	1302
810	1378
810	1404
810	1555
812	902
813	1378
814	848
814	1222
814	1507
814	1593
815	1148
815	1539
816	1077
816	1198
817	857
817	957
818	991
818	1368
818	1440
819	1110
819	1164
819	1358
819	1537
820	867
820	1211
821	1471
821	1568
822	979
823	866
823	1077
824	1155
825	1075
826	854
826	957
827	1377
828	1065
828	1131
828	1464
828	1594
829	1318
829	1589
830	1349
830	1444
832	959
832	1315
833	933
833	1065
833	1125
833	1161
833	1592
834	1003
834	1562
835	942
835	1360
837	979
837	1065
837	1271
838	953
838	1511
839	928
839	1062
839	1250
840	1188
840	1225
841	1143
841	1150
841	1263
841	1458
842	899
842	1249
844	1163
844	1203
845	846
845	1050
845	1116
845	1134
845	1313
845	1363
846	1333
847	891
847	982
848	874
848	1174
848	1190
849	1253
850	1037
850	1167
850	1305
851	1131
851	1292
852	1209
852	1559
853	855
853	1184
853	1481
854	1234
855	1406
856	951
856	980
856	1396
857	965
857	1397
858	984
858	1571
859	1549
859	1574
860	1000
860	1333
860	1385
860	1422
860	1484
860	1538
861	880
861	1163
861	1360
861	1545
861	1553
862	1110
862	1245
862	1305
863	941
863	1110
863	1382
865	982
865	1410
865	1560
866	930
866	1472
868	872
868	1375
869	917
869	974
870	1334
870	1457
870	1541
870	1546
872	904
872	951
872	1041
872	1275
873	1022
873	1192
873	1442
874	1199
875	931
875	1569
876	1448
877	880
878	1332
880	1392
880	1533
881	966
882	1526
883	1266
883	1479
883	1492
884	1223
884	1386
885	1373
885	1521
885	1591
886	1092
887	1207
887	1289
888	1176
889	1244
890	1411
891	956
892	1063
892	1086
892	1097
892	1271
893	1488
894	1035
895	1017
895	1035
895	1541
896	1147
897	1005
897	1556
898	1070
898	1280
899	1201
900	1362
900	1398
901	943
902	1106
902	1368
902	1459
903	1032
903	1369
904	942
904	1078
904	1343
904	1455
905	970
905	1302
905	1320
905	1463
908	1092
909	1588
910	1036
910	1395
910	1517
911	1181
912	1443
913	950
913	1219
914	1381
915	958
915	1066
915	1453
917	971
917	1046
917	1124
917	1368
917	1599
918	1009
918	1284
919	1010
919	1560
920	1205
920	1206
920	1371
921	1030
921	1536
922	1129
922	1413
923	1390
924	1122
924	1179
925	1227
926	1024
926	1496
927	1231
927	1240
927	1352
927	1580
928	1048
928	1227
929	955
929	1141
929	1186
929	1279
932	995
933	1019
933	1225
934	1042
934	1115
934	1345
935	1055
935	1283
935	1589
936	1504
936	1526
937	938
937	991
937	997
937	1578
939	946
939	1456
939	1501
940	979
940	1007
940	1051
940	1136
940	1584
941	1296
941	1549
942	1391
943	1360
946	1540
948	1236
948	1384
949	1181
949	1213
950	1452
951	1023
951	1140
951	1147
952	1023
952	1111
952	1264
952	1298
953	1570
954	1137
955	1164
956	1020
956	1168
956	1378
957	1076
957	1383
958	1101
958	1533
960	1058
961	1471
962	1214
962	1239
963	1008
963	1080
963	1248
965	1153
969	1161
969	1360
969	1461
970	1157
971	1293
971	1552
972	1064
973	1432
974	1518
974	1587
976	993
976	1555
977	1161
978	1277
981	1116
982	1059
982	1221
982	1395
982	1507
983	1234
983	1331
985	1280
986	1047
986	1597
987	993
987	1248
988	1033
988	1356
988	1528
988	1583
990	998
990	1119
991	1126
991	1524
992	1021
992	1371
993	1234
993	1247
994	1058
996	1018
996	1180
997	1185
997	1273
998	1270
998	1353
998	1409
999	1073
999	1340
999	1355
1000	1502
1000	1515
1000	1586
1001	1255
1001	1454
1002	1022
1003	1025
1003	1095
1003	1257
1003	1377
1003	1546
1004	1123
1004	1263
1006	1162
1007	1113
1007	1278
1007	1287
1009	1096
1009	1279
1010	1212
1011	1254
1011	1278
1012	1179
1013	1035
1013	1223
1013	1302
1015	1036
1015	1140
1015	1158
1015	1186
1015	1211
1016	1064
1016	1580
1017	1027
1017	1245
1017	1394
1017	1397
1018	1168
1018	1303
1018	1304
1019	1043
1020	1054
1020	1205
1020	1247
1020	1549
1021	1023
1021	1491
1022	1418
1023	1039
1023	1552
1024	1116
1024	1459
1025	1515
1026	1109
1026	1337
1029	1292
1029	1345
1029	1478
1029	1489
1030	1391
1031	1452
1031	1555
1033	1230
1033	1493
1033	1517
1033	1597
1034	1089
1034	1549
1034	1566
1035	1450
1036	1187
1037	1127
1037	1343
1037	1592
1038	1093
1039	1464
1040	1382
1041	1304
1041	1332
1042	1255
1043	1284
1043	1358
1043	1371
1044	1445
1047	1280
1048	1305
1049	1463
1050	1211
1050	1225
1054	1317
1057	1109
1057	1224
1058	1103
1058	1329
1058	1489
1058	1547
1060	1070
1060	1439
1060	1560
1062	1223
1063	1490
1063	1538
1064	1085
1065	1109
1066	1125
1066	1437
1066	1586
1067	1328
1067	1587
1068	1099
1068	1123
1069	1132
1069	1414
1072	1317
1073	1117
1073	1210
1073	1515
1074	1200
1074	1330
1075	1272
1075	1295
1075	1364
1076	1118
1077	1491
1078	1302
1079	1198
1080	1105
1082	1191
1082	1370
1083	1357
1084	1475
1085	1506
1086	1370
1086	1423
1087	1302
1087	1375
1087	1414
1087	1479
1087	1504
1089	1094
1089	1198
1090	1471
1091	1421
1091	1518
1091	1568
1092	1101
1092	1339
1092	1470
1093	1162
1094	1157
1094	1390
1094	1434
1095	1256
1095	1564
1096	1298
1097	1204
1100	1161
1100	1253
1100	1414
1100	1476
1101	1405
1102	1554
1102	1595
1104	1356
1105	1300
1105	1573
1106	1212
1107	1209
1107	1384
1108	1313
1109	1138
1109	1163
1110	1238
1110	1568
1111	1116
1111	1394
1113	1497
1114	1513
1115	1252
1115	1349
1115	1588
1116	1311
1116	1373
1116	1432
1116	1501
1119	1480
1120	1277
1121	1168
1123	1590
1124	1275
1124	1327
1124	1368
1124	1421
1124	1498
1126	1392
1126	1452
1128	1267
1129	1150
1129	1442
1129	1510
1130	1164
1130	1240
1130	1438
1131	1241
1131	1330
1133	1322
1134	1408
1134	1464
1134	1505
1134	1520
1134	1534
1135	1275
1135	1386
1135	1501
1135	1533
1136	1230
1136	1469
1136	1582
1137	1562
1138	1222
1140	1175
1140	1550
1141	1464
1142	1593
1143	1165
1145	1232
1146	1320
1149	1217
1149	1315
1149	1509
1150	1196
1150	1330
1151	1382
1152	1157
1152	1273
1155	1201
1155	1347
1155	1488
1156	1229
1157	1507
1158	1169
1158	1311
1159	1560
1160	1378
1161	1248
1161	1349
1162	1492
1164	1428
1164	1449
1166	1519
1167	1379
1168	1440
1170	1317
1170	1393
1170	1430
1170	1555
1171	1282
1171	1441
1171	1581
1173	1450
1174	1270
1175	1252
1175	1495
1177	1276
1177	1364
1177	1428
1178	1538
1179	1222
1180	1219
1180	1249
1180	1328
1181	1470
1183	1458
1184	1339
1186	1560
1187	1216
1188	1592
1189	1201
1189	1213
1189	1462
1192	1406
1192	1417
1195	1235
1195	1595
1196	1294
1196	1371
1197	1365
1197	1420
1200	1249
1200	1562
1201	1575
1202	1254
1202	1415
1203	1292
1203	1476
1203	1507
1206	1401
1206	1421
1206	1468
1206	1573
1206	1597
1209	1483
1210	1394
1213	1225
1213	1295
1214	1407
1214	1513
1215	1263
1215	1438
1217	1368
1218	1401
1218	1539
1219	1547
1221	1240
1223	1245
1223	1340
1224	1565
1225	1233
1225	1247
1225	1575
1227	1520
1228	1235
1228	1376
1230	1346
1231	1332
1231	1518
1231	1566
1232	1525
1233	1370
1234	1287
1235	1244
1235	1250
1236	1393
1236	1523
1239	1599
1240	1526
1240	1552
1241	1285
1241	1522
1241	1570
1242	1463
1244	1522
1245	1390
1248	1438
1250	1329
1250	1486
1251	1260
1251	1309
1251	1346
1251	1464
1251	1489
1258	1334
1259	1502
1259	1584
1260	1321
1261	1296
1261	1406
1262	1537
1265	1486
1265	1521
1266	1287
1267	1283
1267	1290
1268	1588
1269	1296
1270	1319
1270	1341
1270	1422
1270	1430
1272	1483
1273	1526
1274	1356
1275	1282
1276	1430
1279	1280
1279	1425
1283	1411
1283	1413
1284	1346
1286	1294
1286	1586
1288	1346
1289	1571
1293	1304
1293	1313
1293	1535
1294	1438
1294	1557
1296	1529
1297	1426
1297	1592
1299	1527
1300	1520
1303	1468
1304	1394
1306	1565
1308	1504
1309	1457
1312	1513
1314	1342
1314	1434
1315	1341
1316	1381
1316	1485
1317	1365
1317	1454
1317	1543
1318	1331
1320	1335
1321	1469
1321	1555
1323	1460
1326	1330
1329	1354
1330	1475
1331	1499
1334	1389
1334	1418
1335	1516
1335	1529
1338	1566
1339	1402
1340	1411
1341	1529
1342	1589
1344	1367
1344	1396
1345	1350
1345	1357
1345	1594
1347	1578
1349	1499
1351	1407
1354	1425
1355	1506
1357	1545
1357	1570
1358	1549
1361	1437
1364	1570
1368	1555
1368	1584
1369	1403
1370	1543
1370	1566
1372	1455
1372	1499
1373	1439
1376	1416
1377	1427
1378	1559
1379	1584
1380	1411
1382	1383
1382	1440
1382	1548
1383	1435
1383	1571
1384	1561
1385	1433
1386	1394
1386	1587
1387	1414
1390	1491
1390	1538
1391	1422
1393	1522
1395	1426
1396	1403
1396	1465
1397	1560
1398	1413
1400	1494
1403	1473
1404	1461
1405	1498
1419	1502
1422	1460
1422	1595
1423	1516
1425	1588
1426	1460
1426	1586
1432	1507
1433	1518
1435	1475
1438	1478
1438	1492
1443	1470
1445	1458
1450	1587
1452	1473
1452	1487
1460	1539
1464	1478
1476	1589
1479	1555
1485	1490
1485	1585
1489	1514
1497	1537
1498	1512
1499	1565
1500	1569
1501	1559
1504	1590
1508	1570
1517	1529
1520	1564
1523	1564
1526	1578
1543	1548
1544	1589
1544	1597
1563	1566
1563	1592
1578	1596
1596	1599