0	429
0	449
0	670
1	170
1	304
1	1330
1	1469
1	1572
2	55
2	245
2	346
2	947
2	1182
2	1218
3	115
3	630
3	772
3	1020
4	721
4	1360
5	229
5	567
5	577
5	995
5	1545
6	306
6	385
6	667
6	895
6	1482
6	1498
7	235
7	847
7	1343
8	173
8	600
8	892
8	1116
8	1253
9	91
9	262
9	377
9	818
9	1493
10	19
10	90
10	176
10	735
10	874
10	917
10	1221
10	1234
11	63
11	164
11	530
11	558
11	662
11	1031
11	1075
11	1353
12	541
13	643
13	681
13	767
13	1144
13	1282
14	292
14	584
14	745
14	1225
14	1305
15	1067
15	1217
16	254
16	486
16	499
16	1434
17	300
17	1126
17	1239
17	1375
18	771
18	932
18	1003
18	1269
20	21
20	437
20	964
20	1138
21	115
21	451
21	868
21	1180
21	1349
22	429
22	1510
23	181
23	252
23	511
23	515
23	524
23	597
23	739
24	280
24	422
25	283
25	563
25	1134
25	1440
25	1448
25	1519
26	140
26	156
26	645
26	717
27	57
27	1164
27	1201
27	1258
28	946
28	947
28	1443
28	1522
29	235
29	455
29	707
29	1045
30	205
30	230
30	300
30	486
31	407
31	640
31	859
31	1520
32	581
32	672
33	215
33	602
33	777
33	837
34	417
34	1544
35	254
36	124
36	356
36	684
37	268
37	1299
37	1483
38	395
38	451
38	705
38	709
38	891
38	1074
38	1180
38	1437
39	145
39	163
39	908
39	945
39	1039
39	1332
39	1381
39	1550
40	386
41	182
41	559
41	671
41	796
41	1007
41	1091
42	325
42	1150
43	594
43	894
43	1063
43	1253
44	307
44	472
44	982
44	1356
44	1515
45	1028
45	1198
45	1351
45	1545
46	580
46	766
46	1089
47	276
47	292
47	466
47	1420
47	1461
48	551
48	1303
48	1507
49	109
49	584
49	596
49	936
49	1568
50	603
50	980
50	1108
50	1458
51	612
51	882
51	1039
51	1083
51	1409
52	307
52	746
53	662
53	1186
53	1476
54	1024
54	1208
54	1565
55	1133
55	1143
55	1210
55	1430
56	477
56	565
56	989
56	1117
56	1309
57	604
57	694
57	757
57	1140
57	1447
57	1587
58	653
58	915
58	1394
59	390
59	617
59	880
59	899
59	1357
59	1583
59	1588
60	624
61	543
62	265
62	585
62	933
62	955
63	394
63	744
63	1328
63	1446
64	251
64	340
64	1371
64	1378
65	375
66	657
66	1075
66	1333
66	1335
66	1401
67	175
67	209
67	523
67	1412
67	1569
68	1147
68	1187
68	1235
68	1334
69	421
69	442
69	947
69	1145
70	1034
70	1463
70	1493
71	832
71	1028
71	1057
71	1402
72	148
72	371
72	743
72	787
72	1298
72	1367
73	118
73	209
73	382
73	513
74	832
74	1285
75	97
75	965
75	1410
76	1512
77	151
77	296
77	558
77	849
77	908
77	1249
77	1332
77	1403
77	1537
78	188
78	1057
78	1391
78	1595
79	803
79	813
79	1046
79	1313
79	1407
79	1498
80	501
80	850
81	1197
81	1283
81	1505
81	1515
82	139
82	360
82	1496
83	114
83	440
83	1362
84	432
84	1007
84	1095
84	1319
85	951
85	1549
86	97
86	105
86	258
86	326
86	426
86	526
87	629
87	977
87	1462
87	1579
88	120
88	204
88	418
88	511
88	614
88	1013
89	315
89	383
89	501
89	1254
89	1446
90	635
90	965
90	1330
91	297
91	368
91	518
92	244
92	597
92	630
92	877
93	424
93	783
93	1184
93	1468
94	182
94	431
94	593
94	602
94	710
94	752
94	1344
95	139
95	387
95	641
95	901
96	193
96	391
96	430
96	1071
96	1449
97	206
97	508
97	799
98	125
98	195
98	1084
98	1335
98	1481
99	144
99	818
99	968
99	969
100	1422
101	220
101	1279
101	1583
102	341
102	392
102	637
102	829
102	1570
103	444
103	500
104	533
104	709
104	1589
105	404
105	800
105	935
106	566
106	1123
106	1453
107	616
107	1372
107	1395
107	1597
108	743
108	1553
109	1593
110	157
110	297
110	347
110	479
110	668
110	875
110	1016
110	1060
110	1206
111	124
111	1075
111	1181
112	237
112	563
112	574
112	1219
112	1484
113	378
113	423
113	843
113	1512
114	135
114	180
114	680
114	1304
114	1374
114	1553
115	145
115	884
115	1394
116	197
116	474
116	476
116	1025
116	1121
117	190
117	1064
117	1300
118	150
118	328
119	216
119	270
119	385
119	489
119	501
119	1194
119	1425
119	1452
120	1301
120	1493
121	146
121	273
121	518
121	582
122	523
122	1325
122	1491
123	736
124	645
124	720
124	967
124	1218
124	1267
124	1330
124	1410
125	400
125	447
125	550
125	873
125	883
126	770
126	847
126	1364
126	1521
127	437
127	655
127	766
127	1324
128	842
128	983
128	1105
128	1224
129	171
129	362
129	1455
129	1589
130	281
130	382
130	953
130	1018
131	722
131	887
132	642
132	1336
133	293
133	351
133	383
133	1123
133	1152
134	427
134	969
134	997
134	1179
134	1590
135	836
135	1024
135	1520
136	584
136	607
136	627
136	1088
136	1272
137	809
137	1317
137	1563
138	204
138	314
138	517
138	846
138	1118
139	564
139	1394
139	1576
140	750
140	857
140	1288
140	1376
141	538
141	545
141	1374
142	569
143	416
143	807
143	837
143	1020
144	362
144	585
144	1033
144	1303
145	270
145	711
145	1044
145	1437
145	1589
146	481
146	1243
146	1592
147	522
147	603
147	1077
147	1503
147	1554
148	372
148	384
148	1001
148	1317
149	1353
150	236
150	500
150	1591
151	295
151	436
151	560
151	655
151	1379
152	349
152	392
152	684
152	1027
152	1051
153	266
153	942
153	1141
153	1249
153	1380
154	210
154	989
155	198
155	1098
156	1049
156	1069
157	222
157	484
157	568
157	1190
158	182
158	738
158	1151
159	579
159	962
159	1083
159	1349
160	428
160	838
161	1329
162	180
162	382
162	749
163	939
163	1452
163	1497
164	647
164	1296
164	1351
164	1566
165	725
165	1289
166	492
166	766
166	1279
167	479
167	515
167	912
167	1007
167	1077
168	378
168	652
169	794
169	846
169	876
169	939
169	1202
170	867
170	1278
170	1295
171	791
172	211
172	758
173	186
173	697
173	711
173	1252
173	1388
174	217
174	733
174	1061
175	568
175	782
175	865
175	1111
175	1166
175	1381
175	1383
176	184
176	256
176	523
176	619
176	1118
176	1145
176	1267
176	1305
177	279
177	333
177	351
177	656
177	852
177	1338
178	1158
179	961
179	1298
180	206
180	476
181	698
181	800
181	1129
182	256
182	413
182	524
182	692
182	722
182	1063
182	1117
182	1204
182	1297
183	226
183	340
183	1592
184	264
184	321
184	386
184	1508
185	1542
186	216
186	474
186	550
186	554
186	988
186	1090
187	968
188	1067
188	1286
189	245
189	476
189	602
189	1545
191	200
191	1516
192	326
192	829
192	1042
192	1202
192	1267
192	1592
193	198
193	959
193	1397
194	770
194	1536
195	570
195	1118
195	1498
196	855
196	1060
197	286
197	338
197	723
197	1204
197	1242
198	518
198	540
198	1307
199	254
199	1185
199	1456
200	1334
200	1460
201	306
201	384
201	560
201	683
201	973
201	1543
202	966
202	1560
202	1569
203	499
203	724
203	814
203	1352
203	1566
204	603
204	1204
205	1329
206	335
206	577
206	761
206	1432
206	1482
207	566
207	576
208	346
208	814
208	966
208	1082
208	1087
209	261
209	889
209	965
209	1282
209	1534
210	255
210	333
210	722
210	742
211	413
211	934
211	1401
212	465
212	969
212	1150
213	477
213	1171
214	345
214	453
214	663
215	943
215	1153
215	1230
215	1570
216	509
216	1038
216	1317
216	1472
217	376
217	466
217	923
217	1229
217	1579
218	816
218	1472
218	1570
219	750
219	814
219	1082
220	457
221	224
222	367
222	680
222	1036
222	1106
222	1210
222	1292
223	668
223	1042
223	1344
224	1067
225	529
225	673
225	1184
225	1439
226	1076
226	1254
227	457
227	1014
227	1462
227	1514
228	354
228	1071
228	1195
229	386
229	1272
229	1496
230	1012
230	1225
231	728
232	501
232	1380
232	1438
233	424
233	962
233	1120
233	1533
233	1585
234	735
234	1021
235	480
235	647
235	951
235	1350
235	1519
236	365
236	533
236	763
236	1145
236	1288
237	390
237	1260
238	901
238	1129
238	1550
238	1552
239	1107
240	570
240	1327
241	426
241	1066
241	1120
242	1076
243	825
243	929
243	983
243	1568
243	1596
244	823
245	674
245	969
245	1299
246	939
246	1507
247	305
247	357
247	716
247	1140
247	1409
248	426
248	865
248	1285
249	1157
250	693
250	769
251	999
251	1034
252	331
252	761
252	1069
252	1569
253	436
253	1162
253	1318
253	1573
254	473
254	1558
255	954
256	259
256	557
256	957
256	1008
256	1044
256	1557
257	336
257	1015
257	1293
258	958
259	368
259	687
260	1025
260	1065
260	1102
260	1356
260	1599
261	909
261	1097
261	1468
261	1505
262	344
262	1079
263	1183
263	1433
264	295
264	666
264	893
265	1190
265	1192
265	1294
266	602
266	1054
266	1249
267	304
267	1003
267	1036
267	1138
268	896
268	1021
269	691
269	791
270	613
270	735
270	1397
270	1458
270	1478
270	1481
271	734
271	800
271	823
271	1547
272	554
272	888
272	1399
273	288
273	389
273	1066
273	1279
274	319
274	1204
274	1435
275	397
275	663
275	692
275	911
275	1055
275	1266
276	833
276	898
276	907
276	929
276	948
276	1252
276	1253
276	1364
276	1543
276	1576
277	747
277	1000
277	1199
278	508
278	873
278	1216
279	1561
280	531
280	673
280	933
280	1008
280	1590
281	897
282	350
282	741
282	1216
282	1513
283	767
283	1168
284	729
284	845
284	1041
284	1095
284	1570
285	575
285	667
285	736
285	761
285	776
285	980
285	1308
285	1373
286	826
286	987
286	1394
287	360
287	378
287	721
287	1126
288	596
288	837
288	1042
288	1402
288	1410
289	1132
289	1323
290	346
290	437
290	530
290	716
290	868
290	1325
291	428
291	935
291	1273
292	582
292	888
292	1125
292	1186
292	1364
293	411
293	759
293	1081
293	1253
294	778
294	1286
294	1375
295	465
295	597
295	669
295	779
295	849
295	1162
295	1223
295	1447
296	1250
296	1470
297	339
297	488
297	492
297	1156
298	905
298	908
298	1520
298	1536
299	301
299	488
299	551
299	728
300	1340
300	1596
301	832
301	884
301	933
302	543
302	1458
302	1473
303	1191
304	711
304	748
304	950
304	1474
304	1520
305	740
305	1298
305	1596
306	1155
306	1390
306	1543
307	870
307	1152
308	701
309	877
309	926
309	1073
309	1328
310	506
310	851
310	899
311	339
311	342
311	487
311	1345
312	728
312	1195
313	617
313	1016
313	1078
313	1118
313	1425
314	710
314	1129
315	366
315	1031
316	650
316	1250
317	504
317	518
317	640
317	790
318	688
318	761
318	1210
318	1340
318	1483
319	531
319	553
319	1282
319	1538
320	582
320	677
320	807
321	736
322	329
322	1071
322	1255
323	612
323	684
323	1044
324	459
324	476
324	646
324	855
325	331
325	577
325	718
325	1301
325	1425
326	979
326	1110
326	1277
326	1398
327	1114
328	464
328	952
328	1125
328	1290
328	1318
329	1044
329	1218
330	1210
330	1533
331	1275
332	348
332	857
333	528
333	760
333	944
333	1141
333	1435
333	1550
333	1595
334	405
334	421
334	1216
334	1291
334	1354
334	1414
334	1568
335	1236
335	1291
335	1387
336	507
336	549
336	998
336	1148
336	1322
336	1477
337	508
337	613
337	885
337	976
338	397
338	491
338	726
338	1248
338	1504
339	748
340	360
340	836
340	876
340	1505
341	441
341	624
341	647
341	719
341	764
341	1121
343	521
343	836
343	839
343	865
343	1070
343	1119
343	1151
343	1552
344	953
344	1337
345	605
346	540
346	852
346	965
346	1192
346	1363
346	1521
347	588
347	699
347	887
347	1001
347	1198
347	1211
347	1306
347	1422
347	1462
348	909
348	1092
348	1291
348	1394
349	562
349	1425
349	1544
350	516
350	775
351	906
351	995
351	1474
352	411
352	1109
353	1320
353	1387
353	1400
353	1453
353	1587
354	528
354	1566
355	957
356	413
356	468
357	733
357	1552
358	461
358	1212
358	1512
359	385
359	800
359	946
360	817
360	1351
360	1484
361	366
361	440
361	949
362	444
362	689
362	1593
363	690
363	728
363	1200
363	1283
363	1353
364	1165
365	538
365	1326
366	590
366	881
366	1322
366	1410
367	779
367	956
367	1221
367	1274
367	1304
367	1491
368	992
369	836
369	1444
370	522
370	1407
370	1455
371	707
371	1359
371	1566
372	607
372	1160
372	1162
372	1514
373	1078
373	1515
374	1119
375	444
375	753
375	1025
375	1128
376	1303
377	404
377	857
378	866
378	989
378	1152
378	1210
379	716
379	732
379	803
379	1421
379	1503
380	1027
380	1303
381	879
381	1029
381	1210
382	645
382	1110
382	1355
383	727
383	1247
383	1420
383	1431
383	1445
387	419
387	431
387	448
387	531
387	574
387	961
387	1469
388	962
388	1105
388	1336
389	472
389	529
389	557
389	1269
389	1345
391	426
391	524
391	611
391	750
391	811
391	1529
392	1073
393	686
394	916
394	1051
394	1362
394	1371
395	805
395	860
395	1508
396	538
396	698
396	994
396	1017
397	1034
397	1325
397	1478
398	415
398	743
398	806
398	831
398	1116
399	573
399	586
399	884
400	427
400	679
400	868
400	1139
401	498
401	587
401	780
401	998
402	996
403	817
403	908
404	458
404	607
404	669
404	805
404	914
404	1103
404	1121
404	1296
405	442
405	766
405	1180
405	1265
406	1173
406	1591
407	655
407	1168
407	1187
407	1301
408	475
408	608
408	828
408	838
408	1264
408	1524
408	1546
409	678
409	1428
409	1552
409	1591
410	923
410	1047
410	1129
410	1323
411	528
412	504
412	606
412	607
412	1172
413	431
413	533
413	661
413	1375
414	653
414	1117
416	417
416	735
416	770
416	1261
416	1361
417	434
417	918
417	1008
417	1055
418	921
418	1024
418	1108
418	1437
419	457
419	992
420	589
420	590
420	786
420	998
420	1248
421	537
421	694
421	700
421	1217
422	535
422	616
422	1083
424	1142
425	478
425	601
425	1586
425	1587
426	578
426	953
426	1113
427	528
427	1353
428	1096
428	1241
428	1379
428	1457
429	1500
430	913
430	1341
431	547
431	738
431	884
431	1132
432	447
433	493
433	600
433	663
433	925
433	968
433	1015
434	1375
435	658
435	1021
435	1221
435	1299
436	560
436	868
436	1372
436	1506
437	624
437	707
437	1189
438	716
438	798
438	1255
438	1303
439	756
439	924
440	519
440	547
440	1501
441	515
441	1212
441	1321
442	972
442	1112
443	856
443	1085
443	1547
444	558
444	825
444	853
445	1042
445	1423
445	1550
446	1049
446	1289
446	1432
447	579
447	617
447	683
448	649
448	680
449	841
449	964
449	1491
450	1143
450	1163
451	780
451	1583
452	703
452	1365
453	798
454	548
454	617
454	1423
454	1541
455	883
455	1203
456	540
456	901
456	1189
456	1443
456	1530
457	1427
458	1238
458	1265
458	1452
459	672
459	1150
459	1345
460	1223
461	720
461	864
461	1033
461	1222
461	1481
462	474
462	976
462	1138
462	1383
462	1418
463	577
463	893
463	1595
464	1092
464	1531
465	1101
465	1162
465	1302
465	1427
466	602
466	677
466	793
466	1413
467	727
467	1311
468	749
469	583
469	974
469	1242
470	552
470	751
471	944
471	1116
471	1336
471	1524
472	534
472	930
472	1261
472	1461
473	1168
473	1463
474	1297
475	836
475	1009
475	1192
476	495
477	999
477	1344
477	1395
477	1468
478	575
478	1345
478	1392
479	773
480	779
481	1049
482	572
482	940
482	1326
482	1342
483	687
483	749
483	1126
483	1374
483	1538
484	912
484	1497
485	1576
486	734
486	1111
486	1177
487	1031
489	642
489	963
489	1005
490	883
490	902
490	962
490	1516
491	1042
491	1218
491	1355
491	1474
492	506
492	572
493	702
493	1541
494	527
494	565
494	769
494	819
494	897
496	696
496	788
497	958
497	1170
498	589
498	631
498	877
498	1165
499	500
499	653
499	1081
500	615
500	656
500	1130
500	1408
501	627
501	655
501	663
501	704
501	933
501	987
501	1005
501	1009
501	1041
501	1042
502	603
502	1227
503	512
504	509
504	921
504	1054
504	1058
504	1596
505	700
505	950
505	1058
505	1295
506	645
506	1321
507	550
507	695
507	1584
508	760
509	849
509	1201
510	644
510	897
511	602
511	745
511	1400
512	566
512	596
512	624
512	906
512	1295
513	850
513	1053
514	559
515	1365
515	1449
516	943
516	1098
516	1325
517	644
517	788
517	1148
518	647
518	1102
518	1175
518	1181
518	1207
518	1275
518	1377
518	1574
519	771
519	966
520	994
520	1421
521	658
521	834
521	1158
521	1165
521	1243
521	1492
522	1191
522	1199
522	1217
522	1313
523	1315
524	785
525	717
525	795
525	993
525	1394
526	678
526	953
526	1039
526	1146
526	1360
527	671
527	960
527	984
527	1231
527	1323
527	1569
528	606
528	1418
529	543
529	617
529	1192
529	1264
529	1500
530	822
530	872
530	1201
530	1242
531	631
531	741
531	1278
531	1390
532	904
532	1137
533	733
533	896
533	1144
533	1253
533	1295
534	956
534	1018
534	1436
534	1553
536	709
537	1014
537	1438
537	1569
538	895
538	929
538	1519
539	699
539	781
539	1087
540	623
540	1052
540	1258
540	1278
540	1498
542	704
542	776
542	1056
543	798
543	1332
543	1496
544	1012
544	1331
544	1542
545	1182
545	1497
546	856
547	719
547	1246
547	1388
547	1574
548	593
548	759
548	1262
548	1403
548	1435
549	1036
549	1384
549	1496
550	1141
550	1457
550	1535
551	555
551	724
551	756
552	842
553	656
553	1345
554	1371
555	698
555	924
555	1082
555	1105
556	1558
557	719
557	1078
557	1319
557	1456
558	696
559	782
559	1135
559	1140
560	853
560	1379
561	631
561	1213
561	1321
561	1459
562	836
563	1531
564	969
564	1068
564	1187
565	1120
567	1301
567	1362
568	616
568	1191
568	1232
568	1281
570	993
570	1221
571	694
571	1311
571	1324
571	1561
572	933
572	1528
573	1521
575	674
575	1058
576	676
576	689
576	739
577	1124
577	1352
578	743
578	947
578	961
578	964
578	1209
579	761
579	1163
579	1584
580	679
580	944
580	1439
581	1254
582	1520
583	849
583	1129
583	1254
583	1308
583	1550
584	916
584	1173
584	1233
584	1357
585	1309
586	702
586	806
586	974
586	1268
586	1275
587	744
587	1090
587	1187
587	1448
588	629
588	734
588	1020
588	1337
588	1353
588	1433
589	930
589	1112
589	1379
589	1499
589	1583
590	780
590	1067
590	1445
590	1530
591	857
591	1233
591	1328
592	1329
592	1437
593	1121
593	1340
593	1342
594	1423
594	1473
595	1138
596	978
596	983
596	1318
596	1543
598	911
598	1224
598	1360
599	632
599	819
599	965
600	871
600	1245
600	1317
600	1389
600	1573
602	1560
603	733
603	910
603	1037
603	1044
603	1514
604	923
604	1105
604	1434
605	650
605	727
605	1278
605	1449
606	946
606	1276
607	628
607	831
607	887
607	991
607	1097
608	618
608	1382
609	868
610	887
610	1091
610	1110
610	1355
611	843
611	1457
612	995
612	1077
613	721
613	897
613	1503
613	1566
614	995
615	814
615	1468
615	1549
616	1056
617	893
617	936
618	960
618	1209
618	1432
619	671
619	768
619	1073
620	1099
620	1107
621	843
621	947
621	1556
622	1160
622	1463
623	670
623	803
623	1059
623	1597
624	1010
625	926
625	1168
626	941
626	1331
626	1378
626	1427
626	1543
627	958
627	1202
627	1221
628	1082
628	1109
628	1301
628	1371
628	1452
628	1512
629	1260
629	1346
630	971
630	1058
630	1472
631	977
631	1583
633	1025
633	1343
634	1050
634	1435
635	813
635	1314
635	1317
635	1525
635	1528
636	804
636	969
637	796
637	1267
638	1570
639	919
639	1135
639	1554
640	966
640	1205
640	1214
640	1345
641	908
642	766
642	1214
642	1371
642	1418
642	1563
643	800
644	813
644	1036
644	1058
645	992
645	1371
646	1162
646	1327
646	1522
647	1007
647	1438
647	1514
648	1145
649	930
649	1081
649	1487
650	960
650	1272
651	692
651	695
651	867
652	1041
652	1043
652	1199
652	1405
652	1467
653	731
653	1084
653	1522
654	734
655	970
655	1351
655	1446
656	859
656	1318
656	1403
657	866
657	1491
658	951
658	995
659	887
659	1198
659	1457
660	688
660	893
661	1094
662	823
662	997
662	1063
662	1257
664	902
664	1002
664	1029
664	1327
664	1406
665	1172
666	1020
666	1113
667	857
667	996
667	1175
667	1214
667	1287
668	1037
669	962
669	1426
670	871
670	1139
670	1181
671	1173
672	1064
673	919
673	1558
674	887
674	1039
674	1176
675	1152
675	1330
675	1390
675	1500
676	690
676	793
676	807
676	885
676	1249
676	1301
676	1361
677	803
677	1157
678	838
678	1293
680	789
681	736
681	913
681	1550
681	1582
682	956
682	1168
682	1270
682	1471
683	708
683	797
683	944
683	1158
684	1151
685	1404
685	1528
686	695
686	733
686	743
686	1112
686	1126
687	947
687	957
687	1088
687	1446
688	821
688	900
688	1459
689	1193
689	1207
690	712
690	1568
691	704
691	818
691	986
691	1076
691	1397
692	851
692	907
692	1577
693	885
693	1059
693	1159
693	1367
694	771
694	802
694	1017
694	1375
694	1439
695	1028
696	973
696	1471
697	895
698	964
698	1482
699	1091
699	1471
700	1027
700	1596
701	703
701	740
701	953
701	1112
701	1127
701	1424
702	1476
702	1504
703	1386
703	1393
703	1405
703	1502
703	1565
704	984
704	985
705	1499
706	754
706	1287
707	983
707	1268
709	977
709	1275
709	1331
709	1446
710	1037
710	1405
710	1467
710	1567
711	954
711	1136
712	967
712	1191
713	827
713	1326
713	1357
713	1367
714	881
714	998
714	1240
714	1275
715	1193
715	1484
716	788
716	1333
717	741
717	829
717	921
717	1016
717	1044
717	1062
717	1499
718	1539
719	720
719	921
719	1487
720	1063
720	1456
722	1277
722	1487
723	758
723	1030
724	1068
724	1092
724	1295
724	1428
726	843
726	1164
727	1040
727	1188
728	902
729	1014
729	1204
730	1021
730	1421
731	1568
733	1092
733	1202
734	1561
736	763
736	920
737	1101
737	1355
737	1563
738	1330
738	1334
739	1223
740	1160
740	1502
740	1576
741	1060
741	1147
741	1158
741	1470
742	1226
742	1342
743	1125
743	1253
743	1385
744	979
744	1499
745	778
745	1527
746	989
747	903
747	1263
748	910
748	1316
748	1326
749	1005
749	1325
749	1351
750	1361
750	1524
751	1418
752	884
752	1179
752	1183
753	947
753	977
753	1054
753	1507
753	1570
754	1086
754	1347
754	1520
755	1160
755	1470
756	763
756	895
756	969
756	1576
757	1058
757	1256
758	1263
760	778
760	818
760	826
762	1375
763	1536
763	1567
764	1548
765	1122
765	1525
766	852
766	1209
766	1230
766	1476
767	941
767	1392
767	1498
768	1247
769	998
769	1385
771	1134
771	1253
771	1360
772	812
772	874
772	1005
772	1468
774	1469
776	1052
776	1288
777	1199
777	1209
777	1325
778	1147
780	1182
780	1479
780	1513
783	1002
784	1238
784	1553
784	1554
785	980
786	1033
786	1216
786	1425
786	1500
787	816
787	981
787	1245
788	1410
789	1190
789	1558
790	991
791	882
791	1316
792	1090
793	806
793	1528
793	1577
794	1253
795	846
795	1050
795	1158
795	1226
795	1477
796	818
796	1364
797	1356
798	1345
798	1562
799	1487
800	882
800	1120
801	1060
801	1317
801	1509
802	1193
802	1592
803	962
803	1119
803	1145
803	1277
805	928
806	896
806	1144
807	1035
807	1240
807	1298
808	1424
810	833
810	915
810	1037
810	1318
810	1470
811	1267
812	856
812	1326
813	1455
813	1527
814	1355
815	1429
816	1419
816	1556
816	1593
817	922
817	1406
818	989
820	1298
820	1524
821	844
821	976
821	1185
821	1393
821	1495
822	1341
822	1444
823	867
823	1374
823	1516
824	895
827	894
827	1078
827	1121
828	997
828	1088
828	1518
829	1013
830	1025
830	1078
830	1082
831	879
831	1112
831	1252
832	1172
832	1534
832	1599
833	908
833	1127
834	959
834	1115
834	1331
835	867
835	1243
835	1430
836	980
836	1101
836	1408
836	1416
837	981
837	1006
838	1566
839	1026
840	999
841	900
842	861
842	1306
842	1330
842	1509
843	875
843	991
843	1226
843	1316
843	1352
843	1454
844	1070
845	863
845	947
845	1217
846	1134
847	1044
847	1154
848	915
848	916
848	1502
849	1075
849	1089
849	1184
849	1351
850	900
850	966
850	1149
850	1520
852	1238
852	1449
853	959
853	1070
853	1531
854	1139
855	1158
855	1178
855	1387
855	1389
855	1562
855	1578
856	1154
856	1551
857	1070
857	1296
858	902
858	1410
860	1140
862	961
862	1041
862	1349
862	1380
863	894
863	1350
863	1393
864	1288
864	1402
865	1465
865	1478
866	1177
866	1198
867	1577
868	1085
868	1227
868	1402
869	1063
870	911
870	1382
870	1401
871	981
871	1140
872	1577
874	1107
875	1443
876	1235
876	1462
876	1503
877	1120
878	1296
879	1243
879	1352
879	1459
880	904
880	952
880	1124
880	1393
881	923
881	1201
881	1519
882	1138
882	1218
882	1393
882	1553
883	1003
883	1031
883	1380
883	1443
884	1193
885	890
885	995
885	1467
885	1482
886	953
887	1534
888	1235
888	1575
889	1157
889	1326
890	915
890	1194
890	1465
892	1084
892	1402
893	1068
893	1191
895	1125
896	1021
896	1023
896	1111
896	1117
896	1135
896	1377
897	1197
897	1281
898	900
898	1270
899	1311
899	1318
900	1259
900	1426
901	939
901	1385
902	1099
903	1015
903	1099
903	1493
904	919
904	943
904	1230
906	1083
907	997
908	1021
909	1339
910	1126
910	1560
911	1169
912	996
912	1161
912	1166
912	1577
916	933
916	1021
916	1549
916	1598
917	1531
919	1281
920	1157
921	1182
922	1087
922	1438
923	1389
923	1553
924	1130
924	1197
927	949
927	1141
928	1088
928	1528
931	1012
931	1404
933	1382
934	1245
934	1261
934	1524
935	1171
935	1473
936	1168
936	1569
937	1104
937	1185
937	1239
937	1569
938	1025
938	1320
938	1593
939	1409
941	1078
941	1188
941	1261
942	1251
942	1417
943	1289
943	1488
945	1104
947	1317
948	1017
949	1319
949	1464
949	1525
950	1317
950	1385
951	1346
951	1475
952	1469
953	1070
953	1295
953	1394
954	1113
955	1204
956	1160
956	1394
957	1202
959	1185
960	1104
960	1283
962	1126
963	1451
964	975
964	1488
965	994
965	1013
965	1489
965	1531
965	1572
966	1433
966	1450
967	1226
968	1190
968	1380
968	1599
969	1357
969	1446
969	1512
970	1392
971	1014
971	1247
971	1288
971	1498
972	1070
972	1347
972	1397
972	1432
972	1434
973	1129
973	1134
973	1412
976	1157
976	1242
976	1287
976	1291
976	1293
977	1191
977	1225
977	1318
977	1368
977	1376
979	1051
979	1404
980	1073
980	1194
980	1215
981	1198
981	1517
981	1565
981	1592
982	1176
982	1432
982	1597
983	1173
983	1560
983	1587
984	1307
986	1100
986	1142
986	1315
987	1058
987	1180
987	1459
990	1401
991	1065
991	1255
992	1004
994	1304
994	1306
994	1451
994	1597
995	1003
996	1452
996	1580
996	1587
998	1004
998	1338
998	1396
998	1570
1000	1066
1002	1592
1003	1058
1003	1101
1003	1284
1004	1229
1005	1558
1007	1451
1008	1031
1009	1514
1009	1593
1010	1020
1011	1289
1012	1114
1012	1236
1014	1229
1014	1444
1014	1474
1015	1246
1015	1462
1016	1287
1017	1192
1019	1095
1020	1317
1022	1085
1022	1162
1023	1064
1023	1477
1023	1537
1024	1115
1024	1381
1024	1399
1024	1419
1024	1435
1025	1122
1026	1070
1026	1225
1026	1554
1027	1291
1027	1353
1027	1580
1029	1098
1030	1079
1030	1094
1030	1359
1031	1084
1031	1194
1032	1123
1033	1302
1034	1579
1036	1121
1036	1217
1036	1460
1037	1524
1038	1187
1039	1071
1039	1110
1039	1367
1039	1532
1040	1267
1040	1485
1041	1063
1041	1107
1041	1481
1042	1104
1043	1591
1045	1269
1045	1421
1048	1300
1049	1086
1049	1179
1049	1196
1049	1325
1049	1464
1050	1074
1052	1413
1052	1427
1053	1562
1056	1130
1056	1233
1057	1179
1058	1519
1059	1224
1063	1084
1063	1196
1063	1374
1063	1383
1063	1433
1065	1102
1066	1073
1066	1240
1066	1578
1067	1311
1068	1146
1068	1391
1069	1312
1071	1338
1072	1121
1074	1126
1077	1160
1077	1246
1079	1450
1080	1589
1081	1204
1081	1288
1081	1449
1081	1567
1082	1114
1082	1560
1083	1428
1084	1566
1085	1146
1085	1154
1085	1156
1085	1178
1085	1485
1085	1549
1086	1179
1087	1421
1087	1503
1089	1179
1093	1548
1094	1303
1094	1563
1096	1098
1098	1194
1098	1352
1098	1420
1101	1155
1102	1504
1102	1550
1103	1452
1103	1506
1104	1564
1105	1247
1105	1557
1106	1489
1107	1315
1108	1282
1108	1285
1109	1251
1110	1458
1111	1228
1112	1241
1112	1558
1113	1578
1114	1116
1114	1538
1115	1244
1116	1200
1116	1570
1117	1436
1119	1385
1119	1558
1121	1310
1121	1450
1121	1498
1122	1313
1124	1292
1124	1421
1126	1321
1126	1358
1127	1242
1129	1203
1131	1188
1132	1259
1132	1292
1134	1368
1134	1495
1134	1515
1135	1403
1136	1209
1137	1377
1137	1423
1138	1337
1139	1148
1139	1290
1139	1584
1140	1562
1141	1181
1143	1334
1143	1546
1145	1191
1145	1261
1145	1381
1145	1553
1146	1268
1147	1292
1148	1368
1149	1409
1149	1541
1150	1185
1155	1393
1155	1415
1159	1245
1160	1199
1160	1318
1160	1364
1160	1369
1160	1555
1161	1164
1161	1273
1162	1181
1162	1332
1163	1196
1163	1240
1163	1540
1165	1585
1167	1342
1167	1453
1167	1516
1169	1424
1170	1414
1171	1549
1172	1231
1172	1240
1174	1300
1174	1560
1175	1263
1175	1400
1175	1529
1178	1586
1180	1412
1180	1489
1180	1597
1185	1430
1186	1280
1187	1343
1188	1394
1188	1407
1189	1334
1191	1223
1191	1288
1191	1325
1192	1204
1192	1262
1193	1464
1193	1557
1195	1293
1198	1497
1198	1536
1199	1408
1200	1364
1201	1267
1203	1415
1204	1269
1204	1310
1205	1322
1206	1423
1207	1218
1207	1221
1208	1324
1212	1516
1213	1338
1214	1531
1215	1446
1215	1565
1219	1316
1220	1319
1222	1471
1224	1379
1227	1591
1229	1410
1231	1438
1232	1310
1232	1316
1232	1361
1232	1513
1235	1486
1236	1422
1236	1528
1237	1467
1238	1490
1239	1587
1240	1591
1242	1327
1242	1519
1247	1264
1247	1277
1247	1407
1248	1267
1248	1311
1250	1297
1250	1424
1250	1521
1251	1314
1251	1527
1254	1415
1258	1269
1258	1382
1258	1493
1259	1521
1261	1496
1262	1539
1269	1540
1271	1326
1271	1435
1271	1507
1273	1326
1274	1362
1274	1367
1275	1536
1277	1354
1277	1589
1278	1318
1278	1383
1279	1477
1282	1573
1284	1300
1285	1485
1289	1366
1289	1554
1289	1576
1290	1575
1291	1591
1293	1347
1293	1450
1293	1511
1293	1569
1296	1448
1296	1581
1296	1586
1300	1588
1300	1589
1301	1408
1301	1522
1301	1532
1301	1553
1302	1355
1303	1516
1304	1345
1304	1599
1306	1457
1307	1309
1308	1337
1309	1346
1311	1406
1312	1447
1313	1546
1314	1568
1314	1587
1315	1329
1315	1402
1315	1416
1316	1494
1318	1345
1320	1452
1322	1361
1322	1374
1322	1412
1323	1554
1325	1594
1330	1335
1330	1533
1332	1405
1332	1439
1334	1541
1335	1350
1337	1403
1340	1572
1342	1484
1346	1385
1346	1474
1347	1484
1347	1499
1348	1415
1348	1560
1351	1521
1351	1586
1355	1437
1355	1452
1360	1476
1361	1470
1363	1456
1364	1484
1366	1541
1368	1542
1370	1555
1371	1429
1372	1430
1376	1409
1378	1481
1386	1460
1388	1549
1395	1519
1398	1423
1399	1517
1401	1444
1401	1503
1403	1513
1403	1530
1404	1454
1405	1503
1407	1599
1410	1571
1411	1498
1412	1559
1414	1466
1414	1486
1415	1589
1417	1560
1420	1512
1422	1480
1433	1450
1437	1463
1438	1441
1438	1592
1439	1440
1442	1528
1446	1508
1447	1487
1450	1452
1450	1558
1451	1480
1451	1503
1451	1594
1452	1473
1453	1568
1457	1591
1466	1585
1469	1479
1470	1559
1472	1521
1472	1554
1472	1582
1477	1480
1479	1521
1481	1484
1496	1526
1501	1507
1506	1520
1507	1523
1508	1558
1508	1589
1513	1571
1516	1523
1516	1579
1517	1539
1533	1548
1535	1548
1538	1598
1538	1599
1539	1562
1543	1559
1545	1563
1556	1561
1563	1566
1572	1582