0	357
0	614
0	645
0	676
0	965
1	51
1	182
1	400
1	753
1	935
1	1301
2	206
2	1031
2	1123
3	261
3	712
3	870
3	896
3	1052
3	1080
4	293
4	402
4	474
4	525
4	647
4	1084
4	1091
4	1271
5	400
5	639
5	1335
5	1494
6	408
6	520
6	731
6	1026
6	1296
6	1497
7	86
7	206
7	386
7	588
7	816
7	907
8	340
8	599
8	748
8	1203
8	1244
8	1498
9	563
10	344
10	934
10	1136
10	1196
10	1367
11	342
11	384
11	664
11	1068
11	1499
12	512
12	970
12	1129
12	1417
13	1055
14	381
14	649
15	236
15	324
15	1580
16	25
16	457
16	858
16	870
17	134
17	238
17	590
17	822
17	1093
17	1223
17	1225
18	603
18	1088
19	238
19	315
19	319
19	646
19	1022
19	1164
19	1460
20	75
20	245
20	545
20	684
21	77
21	501
21	1221
21	1420
22	596
22	817
22	886
22	1240
23	673
23	757
23	880
23	1019
24	687
24	960
24	1256
25	546
25	797
25	1052
25	1086
25	1304
25	1359
26	228
26	267
26	1040
26	1345
27	749
27	1488
28	66
28	1385
28	1439
29	261
29	522
29	844
29	979
29	1247
29	1269
29	1316
30	53
30	108
30	416
30	1296
30	1311
31	118
31	474
31	1292
32	93
32	513
32	908
32	1217
33	1311
33	1341
33	1355
34	42
34	84
34	452
34	499
34	852
34	1088
34	1132
34	1299
35	658
36	166
36	199
36	207
36	379
36	744
36	928
37	56
37	326
37	389
37	1095
37	1163
37	1443
37	1580
38	64
38	589
38	685
38	728
38	743
38	837
39	64
39	846
39	1343
39	1489
40	102
41	151
41	644
41	977
42	60
42	495
42	1181
42	1347
43	257
43	274
43	1380
43	1509
44	80
44	638
44	694
44	752
44	1428
45	57
45	485
45	544
45	916
45	1160
45	1364
45	1501
46	52
46	324
46	503
46	1447
47	145
47	1441
48	398
48	724
48	1228
48	1437
49	567
49	734
49	1251
49	1482
50	394
50	557
50	905
50	980
50	1401
51	447
51	586
51	937
51	990
52	1012
52	1555
53	111
53	621
54	160
54	321
54	585
54	821
54	1189
55	78
55	513
55	730
55	905
56	386
56	1202
56	1206
57	170
57	346
57	445
57	1292
58	91
58	303
58	413
58	445
58	623
58	782
58	1059
58	1340
59	195
59	632
59	1463
60	70
60	100
60	674
60	708
61	367
61	662
61	785
61	1377
61	1405
62	72
62	103
62	198
62	435
62	568
62	824
62	856
62	1227
62	1351
63	335
63	545
63	836
63	867
63	1014
64	1297
64	1308
65	491
65	739
65	1053
65	1535
65	1557
66	665
66	1389
66	1472
67	1297
67	1539
68	200
68	222
68	364
68	591
68	1553
69	133
69	170
69	900
69	1474
70	967
70	1212
71	126
72	890
72	1008
72	1505
72	1548
73	636
73	743
73	799
73	1013
73	1119
73	1432
73	1481
74	535
74	695
74	1180
74	1495
75	106
75	686
75	1031
75	1153
75	1381
75	1420
75	1469
76	1178
76	1515
76	1539
77	154
78	964
78	1315
78	1348
79	223
79	1317
79	1591
80	112
80	379
80	1055
80	1502
80	1528
81	163
81	268
81	484
81	820
81	1047
82	164
82	182
82	461
82	805
82	1592
83	357
83	399
83	904
83	1356
85	195
85	1403
86	105
86	589
87	329
87	601
87	679
87	1323
88	853
88	1336
89	151
89	569
89	659
89	814
89	855
89	920
89	1215
89	1268
89	1291
89	1521
90	545
90	1562
91	1027
91	1089
92	95
92	403
92	642
93	284
93	293
93	551
93	714
94	273
94	1214
95	207
95	266
95	328
95	852
95	860
95	1116
96	432
96	604
96	656
96	895
96	1402
97	203
97	254
97	389
97	769
97	1092
97	1466
98	117
98	228
98	401
98	541
98	1096
99	408
99	917
99	1274
100	102
100	737
100	1114
101	131
101	247
101	722
101	736
101	783
101	826
101	1026
101	1053
101	1465
102	270
102	292
102	466
102	622
102	1060
103	308
103	1083
103	1466
104	167
104	526
104	674
104	692
104	790
104	848
104	1131
105	281
105	904
105	957
105	989
105	1481
105	1537
106	847
106	1291
106	1468
107	413
107	597
107	784
107	1094
108	210
109	774
109	1070
109	1127
109	1373
109	1568
110	281
110	405
110	860
111	749
111	1337
112	150
112	697
112	820
112	1046
112	1147
112	1161
112	1166
112	1220
112	1325
112	1513
113	467
113	627
113	1159
113	1252
113	1574
114	421
114	1228
115	855
115	986
115	1441
115	1485
116	543
116	650
117	262
117	1508
118	1468
119	727
119	1197
119	1198
120	924
121	221
121	251
121	734
121	1412
121	1477
122	200
122	495
122	910
122	1073
122	1240
123	205
123	493
123	495
123	503
123	638
123	763
123	1150
123	1281
123	1321
124	326
124	645
124	1132
124	1469
125	327
125	497
125	755
125	1438
125	1581
126	855
126	870
127	239
127	551
127	776
128	1098
129	251
130	292
131	513
131	749
131	1172
132	195
132	1134
133	355
133	706
133	915
133	1285
133	1579
135	380
135	1093
135	1134
135	1439
136	341
136	425
136	1292
137	561
137	963
137	993
137	1018
137	1047
138	228
138	314
139	982
140	359
140	654
140	695
140	740
140	1362
140	1387
140	1562
141	143
141	1113
142	554
142	879
143	1008
143	1171
143	1237
144	386
144	526
144	1240
144	1494
145	336
145	671
145	1392
145	1497
146	380
146	641
146	931
146	941
146	967
146	1592
147	702
147	808
147	978
147	1106
148	225
148	244
148	852
148	1033
148	1509
149	251
149	625
149	1007
149	1031
149	1564
150	247
150	720
150	900
150	1066
151	181
152	392
152	462
152	1528
153	418
153	796
153	812
153	1270
153	1457
154	582
154	629
154	633
154	885
155	823
156	469
156	647
157	256
157	484
157	1545
158	260
158	268
158	975
158	992
158	1081
158	1577
159	949
159	1015
159	1066
159	1268
160	413
160	1390
161	600
161	816
162	464
162	492
162	760
162	1207
162	1364
162	1460
163	199
163	321
163	699
163	745
163	1412
163	1415
164	211
165	780
165	1524
166	1192
166	1210
167	303
167	389
167	533
167	1114
167	1166
167	1269
168	534
168	607
168	1074
168	1245
168	1307
168	1475
169	483
169	608
169	689
169	1105
169	1182
169	1337
171	190
171	853
171	1014
171	1024
171	1122
171	1545
172	1276
173	935
173	1178
173	1291
174	1343
175	460
175	943
176	618
176	1501
177	426
177	739
177	1067
178	233
178	1195
179	669
179	1072
180	1308
181	387
181	443
181	520
181	825
181	1090
181	1288
182	282
182	347
182	360
182	440
182	478
183	409
183	457
183	663
183	1437
183	1478
184	331
184	771
184	1137
184	1371
184	1595
185	891
186	322
186	634
186	997
186	1060
186	1204
187	283
187	338
187	480
187	1077
187	1108
187	1179
187	1295
188	319
188	508
188	1073
188	1258
189	536
189	947
189	1236
189	1284
189	1330
190	1028
191	437
191	476
191	1047
191	1511
191	1574
192	386
193	1161
193	1361
194	851
195	630
195	663
195	948
196	419
196	425
196	1014
197	745
197	1283
198	434
198	545
198	1275
198	1577
199	272
199	907
199	1429
200	510
200	833
200	1003
200	1146
200	1243
200	1315
200	1410
201	769
201	999
201	1061
201	1513
202	656
202	763
202	1517
203	630
203	726
203	1512
204	509
204	649
204	719
204	812
204	853
204	871
204	1286
204	1295
205	561
205	1015
205	1154
205	1197
205	1459
206	333
206	426
206	438
206	1385
206	1435
206	1516
207	320
207	573
207	885
208	355
208	369
208	585
208	1218
209	871
209	1020
210	284
210	441
210	618
210	778
210	1098
211	342
211	683
211	734
211	1145
211	1507
212	301
212	690
212	1053
212	1518
213	345
213	402
213	882
214	1356
215	661
215	1029
215	1101
216	310
216	646
216	1122
216	1293
216	1503
217	942
217	1174
217	1272
217	1286
218	373
218	430
218	462
218	517
218	1129
218	1354
218	1382
218	1508
218	1550
219	444
219	548
219	794
219	797
219	1511
220	493
220	889
220	1598
221	821
222	425
222	1212
222	1559
223	245
223	527
223	1084
223	1509
224	334
224	692
224	744
224	1008
224	1533
225	243
225	285
225	420
225	936
225	1263
225	1374
226	227
226	452
226	804
226	930
226	1500
227	555
227	819
227	1126
227	1553
228	266
228	463
228	528
229	306
229	399
229	690
229	902
230	370
230	591
230	631
230	664
230	677
230	1146
230	1408
231	525
231	664
231	703
231	803
231	987
231	1492
232	659
232	699
232	742
232	1119
232	1475
233	639
233	742
233	765
233	785
233	923
233	1369
233	1464
234	331
234	430
234	524
234	1527
235	1071
235	1300
235	1571
236	461
236	494
236	954
236	1039
236	1441
237	742
238	739
238	788
238	862
238	1188
238	1452
239	1573
240	1434
241	546
241	671
241	678
241	1127
242	463
242	595
242	665
242	1342
242	1519
243	1062
244	653
244	853
244	1456
245	831
245	963
245	1007
245	1153
245	1372
245	1473
246	898
246	947
246	1061
246	1217
247	285
247	1530
248	815
248	1536
249	300
249	453
249	474
249	1088
249	1362
250	467
250	822
250	847
250	1130
250	1249
250	1317
250	1553
251	259
251	1003
252	1424
253	371
253	647
253	844
253	960
253	1160
254	588
254	719
255	406
256	622
256	761
256	817
258	606
258	905
258	1123
258	1473
259	760
259	1268
259	1288
259	1518
260	656
260	799
260	905
260	1442
261	556
262	284
262	1037
262	1272
263	571
263	744
263	852
264	371
265	338
265	922
266	315
266	617
267	338
267	540
267	756
267	839
267	997
267	1007
267	1489
267	1520
268	1252
269	650
270	441
270	669
271	335
271	1234
271	1398
272	585
272	689
272	855
272	1000
272	1105
272	1162
272	1307
272	1424
273	812
273	836
274	941
274	1168
275	1041
276	464
276	1115
276	1155
277	1096
278	622
279	342
279	915
280	538
280	1415
280	1422
281	328
281	411
281	845
281	926
281	1097
281	1136
282	365
282	403
282	710
283	1212
283	1474
285	699
285	726
285	728
286	518
286	749
286	819
286	1134
286	1387
287	317
287	707
287	873
287	910
287	1266
287	1550
288	678
288	906
288	978
288	1047
288	1131
288	1240
288	1271
288	1333
289	448
289	951
289	1586
290	1441
291	428
292	479
292	484
292	610
292	1103
292	1410
292	1554
292	1582
293	392
293	678
293	1094
293	1321
293	1441
294	422
294	435
294	571
294	701
294	1551
295	549
295	590
295	1367
296	580
296	790
296	871
296	946
297	704
297	1027
297	1072
297	1127
297	1300
297	1559
298	520
298	726
298	1002
298	1226
299	755
300	431
300	536
300	599
300	1464
301	787
301	816
301	1524
302	568
302	1163
303	523
303	625
303	950
304	360
304	1571
305	691
305	1543
306	1349
307	477
307	766
307	1587
308	1571
309	824
309	1028
309	1140
309	1340
309	1510
310	1185
311	349
311	405
311	425
311	438
311	957
311	992
311	1065
311	1091
311	1107
311	1506
312	475
313	541
313	724
313	1406
314	387
314	1491
314	1536
315	1004
315	1018
315	1155
315	1378
315	1505
316	476
316	635
316	959
316	1171
316	1555
317	815
317	1276
317	1311
318	674
319	998
319	1256
320	327
320	688
320	730
320	1045
321	418
321	640
321	687
321	1147
321	1260
321	1469
321	1483
322	433
322	660
322	851
322	893
323	380
323	899
324	799
324	926
324	995
324	1094
324	1455
325	558
325	763
325	848
325	1574
326	414
326	1496
326	1512
327	606
327	1035
327	1227
327	1457
328	823
328	1294
329	339
329	957
330	480
330	607
330	1509
331	816
331	1144
332	525
332	574
332	847
332	1280
332	1513
333	371
334	817
335	619
335	1030
336	600
336	1370
336	1582
336	1597
337	371
337	1311
337	1434
338	880
338	1208
338	1214
338	1228
338	1278
339	358
339	543
339	566
339	702
339	1363
339	1436
340	739
340	742
340	944
340	967
340	1253
340	1314
341	1166
342	900
342	910
342	1067
342	1251
342	1499
342	1522
343	1526
343	1533
344	1420
344	1490
345	426
345	481
346	676
346	835
346	948
348	1406
348	1525
349	574
349	667
349	780
350	712
350	794
350	850
350	1203
351	382
351	807
351	1353
352	530
353	1246
354	425
354	945
354	1091
354	1117
355	683
355	936
355	1201
356	1135
356	1513
356	1572
357	652
357	1028
357	1162
357	1166
357	1264
357	1535
358	457
358	609
358	703
358	726
358	964
358	1214
358	1421
358	1548
359	656
359	1556
360	877
360	1377
360	1426
360	1523
361	766
361	1280
362	513
362	830
362	1354
363	427
363	1475
363	1483
364	429
364	692
364	1216
364	1230
364	1434
365	636
365	690
365	707
365	1503
366	484
366	524
366	1101
366	1404
367	465
368	1152
368	1186
368	1548
369	929
369	1075
370	846
370	1395
370	1523
371	552
371	1574
372	408
372	589
372	1167
373	815
373	1088
374	399
374	447
374	814
374	1060
374	1247
375	633
375	848
375	1286
375	1342
375	1456
375	1522
376	1383
377	410
378	383
378	1544
379	548
379	759
380	792
380	882
380	1084
380	1298
380	1487
381	809
381	1179
381	1260
381	1321
381	1329
381	1483
382	551
382	1207
383	553
383	1261
384	449
384	866
384	960
384	1181
385	600
385	1028
386	737
386	857
386	1134
386	1248
387	465
387	529
387	830
387	1227
388	543
388	638
388	886
388	947
388	1192
388	1243
389	434
389	937
389	1088
389	1283
389	1404
390	920
390	1107
390	1178
390	1363
390	1591
391	811
392	437
392	535
392	832
392	1020
392	1072
393	504
393	841
394	518
394	574
394	624
394	1570
395	1120
395	1127
395	1294
396	473
396	855
396	1006
396	1544
397	927
397	1435
397	1553
398	1141
398	1205
399	1059
399	1400
399	1469
400	605
400	710
400	730
400	850
401	404
401	679
401	1292
401	1422
402	643
402	795
402	1381
403	822
403	891
403	1443
403	1582
404	538
404	540
404	834
404	1264
404	1271
405	1365
405	1407
406	1010
406	1045
406	1319
407	506
407	738
407	744
407	772
407	1255
407	1410
408	752
408	811
408	977
408	1490
408	1562
409	1370
409	1403
409	1552
410	563
411	600
411	942
411	1575
412	611
412	1408
412	1432
412	1540
413	1225
413	1449
414	430
414	975
414	1087
414	1494
415	509
415	643
415	969
415	973
415	1240
415	1242
416	469
416	490
416	1071
416	1186
417	844
417	941
417	1279
417	1335
418	422
418	1393
419	1377
419	1570
420	505
420	1277
421	540
421	658
421	1505
422	461
422	686
422	882
422	1097
422	1306
422	1556
423	1298
424	648
424	1055
424	1208
424	1586
425	1367
426	892
428	1057
428	1250
429	445
429	797
429	1212
430	552
430	955
430	957
431	534
431	702
431	1470
432	921
432	1007
432	1135
433	489
433	1298
433	1358
434	613
435	1343
436	710
436	1562
437	627
437	715
437	762
437	1284
437	1444
437	1539
438	600
438	766
438	913
438	1253
439	542
440	661
441	733
442	482
442	710
442	946
442	1131
442	1352
442	1513
442	1598
443	929
443	1393
443	1484
444	508
444	598
444	1152
444	1520
445	768
445	1563
446	960
447	686
447	869
447	1000
448	777
448	1544
449	590
449	991
450	779
450	814
451	557
451	790
451	1214
452	1385
453	734
453	751
453	806
453	974
454	467
454	564
454	662
454	1251
454	1410
455	473
455	785
456	556
456	673
456	774
456	1050
456	1447
457	532
457	622
457	625
457	1022
457	1251
457	1388
457	1567
458	632
458	1210
459	916
459	1130
460	561
460	1180
460	1321
461	1275
462	631
462	729
462	1129
464	1321
464	1538
464	1545
465	494
465	1513
466	771
467	898
467	948
467	1349
467	1396
468	483
468	577
468	667
468	724
468	880
468	1570
469	1059
469	1295
469	1347
470	900
470	1112
471	878
471	991
472	624
472	814
472	927
473	742
473	1261
474	910
474	1427
475	679
475	731
475	845
476	701
476	832
477	569
477	761
477	988
477	1356
478	538
478	1115
478	1483
478	1581
479	666
479	725
480	670
480	904
480	1075
480	1093
480	1528
481	699
481	1018
481	1065
481	1569
482	815
482	1322
483	1360
484	678
484	769
484	1026
484	1482
485	1054
485	1171
485	1191
485	1409
486	731
486	975
486	1021
487	531
487	1088
487	1117
487	1141
487	1256
487	1554
488	758
488	1083
488	1285
489	723
489	1342
490	728
491	1032
492	1053
492	1470
493	1505
494	740
494	1584
495	926
495	989
495	1357
496	887
497	656
498	1481
499	508
499	966
500	868
500	891
500	1037
501	757
501	869
501	1427
502	645
503	986
504	536
504	1062
504	1375
505	698
506	925
506	933
507	604
507	888
507	1175
507	1352
507	1423
508	534
508	910
509	716
510	518
510	778
510	1357
510	1537
511	1231
511	1592
512	730
512	1251
513	1317
513	1505
514	1058
515	1061
515	1070
515	1248
515	1487
516	680
516	749
516	1519
516	1529
518	822
518	1516
519	604
519	1432
520	916
520	1299
521	640
521	978
521	1301
522	1329
523	1122
523	1410
523	1594
524	809
524	1059
524	1398
524	1535
524	1595
525	908
525	1101
525	1143
525	1153
526	1176
527	883
527	1471
528	1032
528	1137
529	740
529	1034
529	1070
529	1325
529	1431
530	1139
531	678
531	895
531	1059
531	1066
531	1324
533	556
533	1032
533	1596
534	989
535	708
535	1046
535	1066
535	1194
535	1284
535	1461
536	773
536	1144
537	634
537	710
538	658
538	943
538	1486
539	1367
540	815
540	1122
540	1136
541	1086
541	1166
541	1291
541	1335
542	989
542	1509
543	1183
543	1309
544	655
544	832
544	1154
544	1186
544	1410
544	1417
544	1581
545	777
545	1439
546	590
546	753
546	992
546	1534
547	887
548	793
548	845
548	1364
548	1540
549	691
549	814
549	1274
550	564
550	801
550	1081
551	1372
552	966
552	1087
552	1481
553	615
553	727
553	855
553	1044
553	1291
554	1162
554	1210
554	1448
555	752
555	939
558	647
558	1327
558	1345
559	695
559	1486
559	1531
560	592
560	1179
560	1246
561	844
561	883
561	1125
561	1389
561	1407
562	578
562	1127
562	1251
562	1534
563	733
563	1204
563	1535
563	1572
564	1333
565	1422
565	1508
566	1000
566	1100
567	636
567	904
567	1266
567	1362
568	881
568	1118
568	1301
569	744
569	961
570	671
570	1079
570	1373
571	1009
571	1048
571	1337
571	1393
572	959
572	1570
573	715
573	852
573	1034
573	1546
574	1136
575	656
575	1019
575	1074
575	1420
576	611
576	726
576	833
576	1059
576	1180
576	1273
577	760
577	1175
578	882
579	1412
580	649
580	1162
581	1149
581	1168
581	1191
581	1239
581	1318
581	1481
583	734
583	1070
583	1285
584	615
584	792
584	1021
584	1092
584	1562
585	890
586	634
586	658
586	665
586	678
586	786
586	1161
587	713
587	720
587	778
587	1288
589	995
589	1159
589	1288
589	1298
590	808
590	1054
590	1284
590	1408
590	1473
591	807
591	1153
591	1190
591	1439
591	1526
592	656
593	839
594	1194
594	1274
594	1501
595	902
595	979
595	1050
595	1207
596	893
596	1220
596	1352
597	668
597	843
597	1164
597	1241
597	1563
598	875
598	965
599	616
599	1350
599	1417
600	863
601	1308
602	1167
602	1308
603	1320
603	1417
603	1425
604	716
604	876
604	1273
605	1505
605	1550
606	638
606	653
606	693
606	804
606	1129
606	1443
608	929
608	1265
608	1354
609	800
609	904
610	1158
610	1280
611	988
611	1209
612	652
612	919
612	1142
612	1564
613	1315
613	1385
613	1599
614	1019
614	1327
615	798
615	860
615	941
615	1444
616	1017
616	1394
616	1443
616	1469
617	1027
617	1436
617	1577
618	887
618	984
618	1172
618	1437
619	853
619	1221
620	712
620	811
620	924
620	932
620	1058
621	1145
622	775
622	875
622	1532
623	1534
624	1233
624	1260
625	802
625	1217
625	1417
625	1493
626	926
626	1337
627	746
627	793
627	869
627	1193
627	1318
628	874
628	919
628	942
628	1226
630	971
630	1321
630	1346
632	961
632	1384
633	866
633	1112
633	1497
634	785
634	859
634	867
634	1396
634	1454
635	765
635	877
635	1188
635	1297
635	1512
636	688
636	1046
636	1245
636	1317
637	1332
638	1235
638	1258
638	1417
639	1019
639	1172
639	1264
639	1296
640	666
640	879
640	999
640	1001
640	1352
640	1405
640	1531
640	1559
641	879
641	1537
642	777
642	917
642	1348
643	792
643	1160
643	1276
643	1484
644	701
644	762
644	1202
644	1326
644	1459
645	1213
646	679
646	933
646	1041
646	1182
646	1275
646	1353
646	1549
647	761
647	818
647	1380
648	724
648	1141
648	1423
649	736
649	1062
649	1100
649	1301
650	833
650	995
650	1527
651	667
651	1461
652	1022
652	1114
652	1398
652	1507
653	706
653	1022
653	1147
654	1404
654	1410
655	835
655	1084
656	737
656	1032
657	944
658	872
658	946
658	1003
658	1072
659	750
659	1199
660	945
661	1131
661	1436
662	844
662	1108
662	1235
662	1260
662	1425
663	1578
664	1225
664	1329
664	1398
665	985
665	1019
665	1099
665	1479
666	867
668	687
669	1042
669	1161
669	1342
670	1204
670	1517
671	935
671	962
671	1017
671	1244
672	955
672	1284
672	1530
673	730
673	836
674	857
674	1488
675	1550
676	931
676	1238
677	1163
678	1464
679	815
679	854
679	1262
679	1524
680	1042
680	1421
680	1498
681	769
681	1177
681	1487
681	1556
682	1405
683	935
683	1282
684	913
684	1427
685	1404
685	1531
686	697
687	928
687	1361
687	1499
688	722
688	1093
688	1584
689	1019
689	1210
689	1287
690	1373
690	1526
690	1539
691	1271
691	1321
691	1380
692	956
692	1038
694	823
694	1271
694	1421
694	1488
695	1343
696	722
697	871
697	873
697	917
697	1226
697	1384
698	1260
699	1007
699	1305
699	1311
700	1272
701	802
701	1129
701	1167
701	1205
701	1501
702	978
702	1360
703	865
703	1091
703	1466
704	1156
704	1295
704	1451
704	1464
705	1331
706	1181
707	1014
708	1031
708	1481
709	1032
709	1094
709	1170
709	1203
710	717
711	760
711	1353
711	1501
712	871
713	862
713	1494
714	1371
714	1584
715	999
715	1279
715	1566
716	1570
716	1599
717	904
717	1298
718	798
719	995
719	1205
719	1312
720	838
720	1186
721	1098
721	1142
721	1377
721	1436
723	889
723	1348
724	1096
724	1417
725	835
725	915
726	937
726	1248
726	1280
727	920
727	996
727	1023
728	894
728	926
729	750
729	804
730	1005
730	1053
730	1304
730	1346
731	990
731	1253
732	785
734	1289
734	1389
734	1486
735	1419
736	1218
736	1389
736	1551
737	981
737	1195
738	898
740	1118
740	1310
740	1418
741	904
742	1115
743	1120
743	1526
744	1282
745	860
745	1008
745	1052
745	1226
747	967
747	1538
748	764
749	835
749	1543
750	1084
750	1179
751	1182
751	1374
751	1462
752	1235
753	904
753	1034
753	1274
754	957
756	757
756	907
757	1314
758	834
759	1076
760	921
760	1331
760	1399
760	1564
761	1290
761	1364
761	1516
762	1014
762	1158
762	1388
762	1494
763	766
763	933
763	1380
764	1010
764	1410
765	1314
765	1371
767	906
767	1211
767	1221
768	1029
768	1433
769	1161
769	1348
770	988
770	1390
772	1099
772	1408
773	995
773	1213
773	1415
774	1153
774	1183
774	1515
774	1554
775	1346
775	1432
776	1133
776	1275
776	1287
776	1458
777	936
777	984
777	1578
778	976
778	1024
778	1328
779	786
779	1086
780	1352
780	1413
781	1151
782	1491
784	1006
784	1081
785	986
785	1102
785	1490
785	1551
786	982
786	1419
787	1020
787	1027
787	1111
787	1267
788	1233
788	1349
789	854
789	894
789	1198
790	1215
791	945
791	1379
791	1503
791	1584
792	1390
794	892
794	1384
795	1586
796	1201
797	1365
798	1041
798	1102
798	1112
798	1218
799	990
799	1236
799	1264
800	1463
800	1490
801	1094
801	1125
802	1150
802	1230
802	1258
802	1307
804	1259
804	1440
805	1179
806	1007
806	1244
806	1386
806	1411
807	813
807	817
807	1027
807	1228
808	881
808	1042
808	1087
809	978
810	1221
810	1548
811	1080
811	1121
811	1174
812	1209
813	1196
813	1341
814	984
814	1021
814	1088
814	1432
816	936
816	1052
817	897
817	930
817	1375
818	1046
819	968
819	1117
820	1138
820	1282
820	1507
822	914
822	1115
823	892
823	1319
825	1172
826	1208
827	921
827	1131
827	1373
827	1515
828	899
828	902
829	848
829	1127
830	842
830	1135
830	1326
830	1450
831	897
831	1201
831	1272
832	844
832	1561
833	971
833	1584
834	1497
834	1578
835	1585
836	1201
836	1324
836	1511
837	924
837	1394
837	1521
838	1239
838	1280
839	990
839	1154
839	1361
840	914
840	1147
840	1436
841	873
841	1057
841	1225
842	1043
843	1506
843	1593
844	1377
845	947
845	1331
845	1361
845	1366
846	1108
847	983
847	1264
847	1587
848	1445
849	1169
849	1343
849	1421
850	959
850	1344
850	1486
850	1517
850	1535
850	1598
852	1171
853	901
853	1564
854	984
854	1404
854	1544
855	894
855	1392
856	1069
856	1075
856	1300
858	943
859	1029
859	1227
859	1487
860	1469
861	1504
862	939
862	1026
862	1138
862	1237
862	1544
863	1347
864	1525
866	1560
866	1593
867	1492
867	1589
869	1194
869	1231
869	1243
869	1356
870	1011
870	1108
870	1255
870	1369
871	1267
871	1485
873	1127
874	940
875	1373
875	1599
877	1122
878	1116
878	1188
879	1305
879	1358
879	1419
880	1207
881	1186
881	1507
882	1014
882	1178
883	1158
883	1287
883	1350
883	1389
883	1563
884	1425
884	1587
885	1231
886	1007
886	1056
886	1399
887	1009
887	1438
888	1057
888	1279
888	1361
889	994
890	1394
890	1515
892	1036
892	1452
893	900
893	1244
893	1418
893	1485
894	1219
894	1276
894	1278
895	1004
895	1433
897	1348
897	1419
898	924
898	1135
898	1226
898	1284
899	1387
899	1584
900	1173
901	1027
901	1062
901	1292
901	1311
901	1423
903	1149
903	1286
904	960
904	1021
904	1291
904	1357
905	980
905	1177
905	1375
909	1279
910	1026
911	1001
911	1462
911	1480
911	1571
912	1131
912	1182
912	1195
912	1446
912	1458
913	1035
913	1357
914	1045
914	1558
914	1582
915	1124
916	1400
918	992
919	1370
920	1195
920	1573
921	932
921	1065
922	1418
923	1172
924	1217
925	1348
926	1096
926	1182
927	1454
928	1131
928	1266
930	949
930	1196
930	1212
930	1490
931	1515
932	1148
933	1033
933	1040
933	1411
933	1589
935	1264
937	1321
937	1564
938	1542
939	1308
939	1555
940	1146
940	1200
941	1157
942	1073
942	1172
942	1339
943	1484
943	1532
944	1065
944	1472
945	1182
945	1527
946	1154
948	966
948	1048
948	1317
949	1583
950	976
950	1257
952	1346
952	1521
953	1293
954	1131
954	1541
954	1556
955	1128
955	1450
956	1132
957	1398
957	1435
958	1480
959	1119
960	1266
960	1338
960	1374
961	1333
961	1460
962	1303
962	1404
962	1515
963	994
963	1142
964	1095
964	1292
965	1075
965	1082
965	1420
966	1014
966	1089
967	1112
967	1580
971	1110
971	1275
971	1387
971	1595
972	1328
973	1247
973	1371
974	1327
975	1122
975	1435
976	1341
976	1464
977	1252
977	1432
978	1385
979	1029
979	1296
981	1183
981	1194
983	1466
984	1487
986	1221
986	1319
987	1237
991	1213
992	1246
993	1475
994	1081
994	1319
994	1575
995	997
995	1004
995	1069
995	1596
996	1147
996	1351
996	1367
997	1113
998	1026
998	1139
998	1344
999	1007
999	1501
1000	1305
1000	1473
1000	1550
1002	1124
1002	1180
1003	1331
1003	1500
1004	1018
1005	1351
1006	1074
1007	1083
1008	1085
1008	1177
1009	1106
1009	1284
1011	1569
1013	1152
1013	1481
1014	1212
1014	1424
1015	1281
1015	1499
1016	1518
1017	1134
1017	1335
1018	1096
1019	1279
1021	1237
1022	1104
1022	1178
1022	1245
1023	1273
1023	1351
1023	1391
1024	1078
1025	1047
1025	1083
1025	1524
1026	1373
1026	1417
1027	1119
1027	1423
1028	1141
1028	1338
1028	1540
1033	1340
1036	1310
1036	1378
1036	1567
1037	1169
1038	1175
1038	1315
1038	1473
1039	1231
1039	1599
1040	1141
1040	1450
1040	1459
1042	1250
1043	1578
1045	1479
1047	1085
1049	1169
1049	1445
1049	1509
1050	1521
1051	1144
1052	1427
1052	1595
1053	1202
1054	1171
1054	1452
1054	1568
1055	1261
1055	1314
1056	1273
1057	1298
1060	1505
1061	1175
1061	1210
1062	1193
1062	1218
1062	1521
1062	1571
1063	1068
1064	1174
1065	1134
1065	1353
1066	1567
1067	1279
1068	1090
1068	1540
1069	1456
1070	1235
1070	1374
1072	1351
1073	1113
1073	1243
1073	1502
1074	1102
1074	1293
1076	1185
1077	1576
1078	1101
1078	1289
1078	1300
1080	1100
1081	1580
1083	1313
1083	1352
1083	1410
1083	1492
1083	1511
1083	1590
1085	1105
1085	1285
1087	1208
1088	1353
1088	1422
1091	1475
1092	1160
1092	1410
1092	1593
1093	1359
1093	1388
1093	1596
1095	1492
1095	1498
1096	1586
1097	1339
1097	1422
1099	1245
1099	1254
1099	1413
1099	1484
1100	1412
1100	1570
1103	1456
1104	1588
1105	1563
1106	1501
1106	1506
1107	1501
1109	1256
1109	1481
1110	1183
1110	1341
1111	1186
1111	1421
1112	1139
1112	1191
1112	1278
1112	1538
1113	1235
1113	1352
1113	1583
1114	1330
1115	1148
1116	1216
1116	1405
1116	1486
1116	1519
1118	1465
1120	1298
1121	1408
1121	1549
1122	1463
1122	1596
1123	1147
1123	1307
1124	1591
1125	1245
1127	1156
1128	1396
1128	1526
1129	1130
1130	1333
1130	1555
1130	1592
1132	1161
1132	1409
1134	1505
1135	1233
1135	1321
1136	1217
1136	1507
1137	1458
1139	1195
1140	1346
1140	1534
1141	1542
1145	1255
1146	1283
1146	1304
1147	1455
1150	1224
1150	1470
1151	1473
1152	1306
1152	1456
1152	1530
1154	1225
1156	1239
1156	1255
1158	1224
1158	1392
1158	1452
1158	1484
1158	1544
1159	1311
1159	1430
1160	1187
1160	1454
1162	1471
1164	1197
1164	1308
1164	1356
1165	1195
1166	1435
1166	1593
1168	1234
1170	1178
1171	1307
1171	1454
1171	1591
1175	1188
1178	1486
1179	1292
1180	1407
1180	1502
1181	1403
1184	1476
1187	1318
1187	1353
1187	1371
1188	1402
1189	1374
1191	1337
1191	1372
1192	1213
1192	1562
1195	1234
1195	1552
1196	1435
1197	1449
1201	1294
1201	1425
1204	1260
1205	1207
1205	1320
1206	1483
1207	1581
1208	1247
1209	1482
1209	1556
1211	1273
1211	1434
1211	1535
1212	1449
1213	1592
1214	1359
1216	1222
1216	1564
1216	1574
1218	1425
1220	1336
1220	1463
1222	1341
1222	1534
1223	1333
1223	1434
1223	1442
1223	1599
1229	1496
1231	1239
1232	1493
1234	1371
1235	1294
1236	1521
1237	1318
1238	1284
1238	1512
1239	1446
1240	1274
1241	1427
1243	1319
1243	1576
1244	1262
1246	1388
1247	1413
1249	1255
1249	1329
1249	1488
1250	1434
1253	1256
1254	1531
1255	1330
1256	1350
1258	1323
1258	1509
1258	1574
1260	1337
1261	1472
1264	1531
1267	1397
1268	1443
1270	1469
1271	1460
1271	1490
1272	1351
1272	1455
1273	1318
1273	1448
1274	1381
1274	1579
1274	1599
1275	1304
1275	1516
1276	1414
1278	1526
1279	1358
1280	1418
1281	1547
1283	1465
1283	1541
1285	1321
1285	1521
1285	1557
1286	1289
1286	1589
1288	1437
1288	1512
1288	1585
1289	1395
1293	1428
1294	1526
1295	1526
1300	1568
1301	1354
1302	1451
1303	1547
1304	1398
1306	1344
1308	1485
1314	1335
1314	1363
1314	1593
1315	1539
1317	1407
1318	1372
1318	1499
1322	1558
1324	1547
1324	1571
1326	1347
1327	1411
1328	1481
1330	1463
1330	1483
1331	1556
1331	1599
1332	1574
1334	1435
1334	1599
1335	1353
1337	1462
1337	1497
1338	1451
1339	1408
1339	1479
1339	1502
1340	1401
1345	1414
1354	1532
1355	1578
1357	1577
1359	1517
1360	1577
1363	1521
1363	1541
1363	1546
1364	1586
1365	1518
1366	1390
1367	1414
1368	1569
1368	1578
1372	1548
1374	1553
1376	1592
1377	1434
1377	1537
1379	1550
1380	1422
1385	1395
1391	1468
1391	1514
1394	1431
1398	1565
1400	1538
1402	1457
1403	1424
1405	1523
1405	1579
1407	1469
1407	1502
1412	1498
1413	1540
1416	1490
1417	1554
1418	1427
1426	1499
1428	1528
1431	1554
1433	1442
1433	1594
1445	1499
1446	1487
1453	1509
1458	1551
1458	1597
1460	1515
1461	1504
1463	1524
1464	1525
1465	1536
1467	1484
1470	1599
1471	1504
1473	1561
1476	1585
1480	1548
1483	1494
1484	1598
1485	1518
1485	1586
1489	1563
1492	1502
1496	1536
1498	1514
1498	1519
1500	1536
1501	1511
1506	1564
1509	1538
1522	1524
1523	1582
1524	1541
1524	1565
1524	1578
1531	1555
1531	1596
1533	1589
1561	1597
1563	1582