0	1113
0	1394
1	937
2	1035
2	1331
2	1403
3	241
3	1576
4	486
5	648
5	1404
5	1516
6	24
6	65
6	1529
7	662
7	1535
8	622
8	846
8	1118
8	1333
9	49
9	312
9	524
9	633
9	1056
10	442
10	515
10	814
11	398
11	716
12	54
12	615
13	545
13	620
13	781
13	1026
14	183
14	190
14	200
14	424
14	1149
14	1483
15	339
15	713
15	766
15	1063
15	1329
16	127
16	342
17	45
17	296
17	660
17	1079
17	1310
17	1438
18	72
18	83
18	731
19	131
19	364
20	95
21	174
21	705
22	405
22	443
22	1366
23	43
23	114
23	291
23	323
23	330
23	730
23	957
24	146
24	547
24	1220
24	1297
25	689
26	167
26	365
26	447
26	771
26	876
27	288
27	322
27	485
27	605
27	899
27	986
27	1263
28	147
28	698
28	782
29	381
29	1354
30	314
30	676
30	679
30	942
30	1175
31	647
31	805
31	976
31	1148
31	1501
31	1529
32	120
32	359
32	1155
32	1400
32	1421
33	318
33	635
33	1259
34	1514
35	612
35	924
36	980
36	1418
37	96
37	481
37	500
37	656
38	1084
38	1474
39	590
39	1220
39	1487
39	1505
39	1513
39	1569
40	137
40	601
40	874
40	1021
40	1048
40	1068
41	256
42	74
42	180
42	895
42	1086
43	366
43	421
43	804
43	836
43	943
43	1114
43	1210
43	1226
44	62
44	233
44	1032
45	193
45	381
45	623
45	1290
45	1407
45	1453
46	185
46	208
46	436
46	720
46	943
46	1044
46	1170
47	563
47	693
47	809
47	1155
48	533
48	1088
48	1299
49	412
49	1151
49	1579
50	1591
51	355
51	1062
51	1213
52	376
52	1434
53	211
53	364
53	534
53	728
53	938
53	957
53	1159
53	1344
53	1387
53	1391
53	1501
54	1035
54	1272
54	1457
54	1471
55	881
55	971
55	1053
55	1068
55	1091
56	143
56	261
56	662
56	702
56	727
56	1432
57	161
57	1001
57	1244
57	1558
58	281
58	557
58	794
58	982
58	1208
58	1401
59	168
59	740
59	812
59	878
59	970
59	1426
60	63
60	878
60	1353
61	1211
61	1240
61	1272
61	1594
62	613
62	711
62	801
62	850
63	82
63	1093
63	1586
64	585
64	1447
65	331
65	368
65	581
65	587
65	728
65	806
65	832
65	859
65	1027
65	1095
65	1550
66	634
66	1162
66	1463
67	178
67	366
67	379
67	1089
68	513
68	776
69	391
69	959
69	1503
70	307
70	640
70	1193
71	124
71	1121
72	91
72	159
72	294
72	1496
73	345
73	360
73	1238
73	1278
73	1510
73	1534
74	648
74	1309
75	601
75	770
75	1486
76	1010
77	1006
77	1284
78	348
78	834
78	1494
79	575
79	1432
80	305
80	733
80	741
81	490
81	606
81	832
82	274
82	750
83	719
83	828
83	1446
84	1166
84	1447
85	329
85	1324
85	1390
85	1469
86	107
86	435
86	966
87	487
87	620
87	884
88	409
88	659
89	1565
90	100
90	403
90	1184
91	92
91	183
91	653
91	1532
92	257
92	626
92	653
92	752
92	833
92	1446
93	113
93	441
93	641
93	687
93	708
93	1122
94	515
94	663
94	1042
94	1161
95	101
95	661
95	826
95	1000
96	630
96	1211
96	1461
97	416
97	645
97	655
97	1065
97	1366
98	510
98	743
98	965
98	1140
98	1303
99	225
99	545
99	1410
100	213
100	794
100	1278
100	1482
101	227
101	384
101	889
101	1013
102	133
102	1479
103	358
103	497
103	638
103	675
103	688
103	1597
104	1536
105	334
105	1188
105	1531
105	1564
106	310
106	1139
106	1168
107	540
107	926
107	1197
108	203
108	1071
108	1153
109	243
109	559
109	605
109	764
109	1007
110	334
110	521
110	599
110	733
110	1344
111	249
111	529
111	535
111	543
111	1493
111	1563
112	635
112	844
112	1003
113	651
113	708
113	711
113	1006
113	1418
113	1588
114	296
114	1019
114	1392
115	298
115	307
115	374
115	623
115	652
115	657
115	1492
116	931
116	938
117	321
117	360
117	862
117	1456
117	1545
118	496
118	656
118	1040
119	304
119	310
119	379
119	933
119	1496
119	1519
120	502
120	802
121	213
121	691
121	941
121	1266
121	1508
122	478
122	881
122	1209
122	1236
123	170
123	593
123	1159
123	1160
124	572
124	1082
125	473
125	1168
125	1193
125	1376
125	1408
126	656
126	918
126	1157
126	1448
126	1537
127	372
127	522
127	715
127	1176
128	184
128	224
128	889
128	1220
128	1316
128	1395
128	1495
129	683
129	818
130	495
130	611
130	999
131	560
131	715
132	1007
133	202
133	701
134	240
134	615
134	1578
135	321
135	407
136	662
136	1588
137	154
137	411
137	806
137	903
137	972
137	1191
137	1197
138	344
138	626
138	1063
138	1400
139	374
139	393
139	1244
139	1565
140	433
140	1313
141	155
141	245
141	380
141	671
141	1470
142	609
142	612
142	842
142	1014
142	1196
143	256
143	587
143	711
143	1473
143	1521
143	1578
144	1023
144	1547
144	1551
145	565
145	815
145	1363
146	196
146	344
146	985
146	1296
147	445
147	802
147	911
147	1538
148	154
148	1158
148	1186
148	1243
148	1430
148	1524
148	1577
149	522
149	1212
149	1302
149	1348
149	1356
150	165
150	312
150	935
150	1181
151	517
151	945
151	1004
152	566
153	731
153	1307
153	1324
154	246
154	466
154	1149
154	1168
154	1370
155	251
155	304
155	510
155	1165
155	1506
156	369
156	1090
156	1595
157	1248
157	1456
157	1500
157	1537
158	179
158	491
158	785
158	1237
159	196
159	279
159	475
159	1105
159	1121
159	1130
159	1509
160	575
160	846
160	897
160	1485
161	195
161	636
161	688
161	722
161	1216
161	1501
162	821
162	1582
163	1209
163	1593
164	641
164	858
165	342
165	347
165	610
166	280
166	792
167	727
167	756
167	789
167	820
167	1186
167	1252
168	969
169	683
170	417
170	1216
171	505
171	529
171	843
171	1406
171	1549
171	1588
172	317
172	557
172	676
172	965
172	1029
172	1469
173	785
173	1193
173	1220
173	1238
174	396
174	873
175	729
176	620
176	712
176	1048
177	328
177	1132
177	1163
178	1232
179	254
179	1226
179	1304
179	1381
179	1448
179	1538
180	319
180	1480
180	1487
180	1567
181	1135
181	1157
181	1178
181	1455
182	275
182	602
183	554
184	567
184	1234
185	1528
186	547
186	568
187	236
187	568
188	870
188	1572
189	616
190	314
190	794
190	941
190	1366
191	663
191	1275
191	1549
192	311
192	560
192	613
192	873
192	899
192	1150
192	1344
193	454
193	669
193	816
193	1238
193	1352
194	320
194	435
194	834
194	1399
194	1503
194	1587
195	231
195	361
195	477
195	1079
195	1266
195	1393
195	1451
195	1528
196	416
196	613
196	772
196	1242
197	210
197	640
197	729
197	1285
197	1410
198	771
198	1304
198	1368
199	493
200	239
200	549
200	1298
201	436
201	830
201	1590
202	715
202	829
202	834
202	1040
202	1098
202	1592
203	1260
203	1548
204	334
204	620
204	773
204	1109
204	1532
205	432
205	1221
206	369
206	608
206	1531
207	976
207	1502
208	212
208	839
208	1530
208	1587
209	592
209	607
209	742
209	898
209	993
209	1086
209	1411
209	1517
210	509
210	673
210	1103
210	1327
210	1485
211	1004
211	1229
211	1268
212	479
212	653
212	830
212	1050
212	1152
212	1360
213	224
213	552
213	1127
213	1332
213	1495
214	378
214	506
214	839
214	1004
214	1438
214	1482
215	335
216	1494
216	1546
216	1561
217	804
217	968
217	1037
218	550
218	1443
219	256
219	338
219	387
219	438
219	908
219	1198
220	837
220	886
221	714
221	1127
221	1422
222	1015
222	1334
223	431
223	730
223	882
223	974
224	341
224	1177
224	1212
225	269
225	688
225	878
226	487
226	702
226	1048
226	1117
226	1460
228	244
228	291
228	399
228	504
228	581
228	944
228	1286
229	1157
230	859
230	1005
231	660
231	706
232	542
232	603
232	1000
233	1220
233	1398
234	741
234	1039
234	1342
235	279
235	477
235	695
235	1286
236	336
236	1278
237	483
237	619
237	1231
238	382
238	662
238	1576
239	880
239	1162
239	1186
239	1530
240	1020
240	1098
240	1201
240	1299
240	1552
241	425
241	677
241	963
241	1333
241	1518
242	347
242	684
242	710
242	951
242	982
243	654
243	674
243	698
243	1004
244	637
244	763
244	791
245	362
245	581
245	838
245	1484
246	421
246	548
246	774
246	1583
247	264
247	388
247	752
247	790
247	858
247	1513
247	1553
248	648
248	751
248	932
248	1133
249	284
249	1111
250	359
250	534
250	577
250	1010
250	1029
250	1208
251	290
251	386
251	742
252	362
252	730
252	831
252	1071
252	1092
252	1343
253	690
253	933
253	1276
254	292
254	493
254	690
255	317
255	676
255	909
255	1171
255	1282
256	275
256	466
256	790
256	1146
256	1198
256	1328
256	1356
257	475
257	684
257	994
258	633
258	677
258	684
258	693
258	1068
258	1456
258	1509
259	1164
260	619
260	1113
260	1220
260	1310
260	1472
261	1396
262	473
262	530
262	774
262	1489
263	922
264	339
264	412
264	432
264	561
264	1377
264	1535
264	1570
264	1580
265	1184
265	1352
265	1415
265	1432
266	526
266	646
266	753
266	1001
266	1011
266	1022
266	1212
267	335
267	556
267	910
267	1366
268	661
268	806
268	982
268	1448
268	1556
269	606
269	763
269	1152
269	1162
269	1333
269	1551
270	475
270	702
271	549
271	748
272	1345
272	1403
273	435
273	562
273	1310
273	1456
274	1308
275	704
275	837
276	673
276	809
276	1071
276	1599
277	296
277	740
277	1093
278	446
278	719
278	869
279	432
279	1221
279	1440
279	1576
281	684
281	994
282	539
282	1127
282	1328
282	1480
283	484
283	521
284	877
284	1320
284	1471
284	1550
285	1291
286	1445
287	365
287	1246
288	550
288	861
289	686
289	973
289	1319
291	318
291	351
291	1204
291	1438
292	625
292	1372
293	726
293	743
293	824
293	1002
293	1347
293	1592
294	503
294	758
294	804
294	1135
294	1152
294	1589
295	1490
296	514
296	585
296	750
296	1054
296	1328
296	1482
297	752
297	780
297	876
297	1137
298	641
298	779
298	983
298	1147
299	733
299	778
299	1164
299	1437
299	1498
299	1555
300	670
300	954
301	648
301	996
301	1179
301	1239
301	1523
302	618
302	1355
303	340
303	1110
304	339
304	539
304	958
304	981
304	1060
304	1393
304	1565
304	1591
305	809
305	1531
306	492
306	704
307	427
307	683
307	1114
307	1236
308	881
308	988
308	1008
308	1248
308	1454
309	1053
309	1112
309	1558
311	519
311	1211
311	1541
312	469
312	662
312	763
312	929
312	1197
312	1409
313	449
313	1576
314	620
314	741
315	433
315	448
315	1466
316	522
316	737
316	1017
316	1063
316	1076
316	1123
316	1350
316	1561
317	535
317	1420
317	1430
318	706
318	817
318	910
318	1162
319	355
320	677
321	458
321	769
321	843
321	1126
322	387
322	467
322	780
322	786
322	1380
324	412
324	489
324	588
324	860
325	475
325	1380
325	1421
326	528
326	1224
326	1387
326	1423
326	1473
326	1517
327	802
328	346
328	542
328	1104
328	1161
329	679
329	1282
329	1322
330	867
330	1098
331	641
332	1071
332	1123
332	1485
333	1022
333	1068
333	1579
334	1019
335	489
335	1190
336	529
336	1132
336	1260
337	423
337	1076
337	1524
338	413
338	607
338	666
339	549
339	701
339	819
340	434
340	894
340	1006
340	1300
341	1297
342	492
342	546
342	978
342	1132
343	1168
343	1269
344	601
344	753
344	754
344	811
344	967
344	1084
346	534
346	644
346	1112
348	470
348	675
348	899
348	1235
349	1020
349	1093
349	1400
349	1442
349	1512
350	993
350	1319
351	1078
352	388
352	987
352	1009
352	1015
352	1210
353	575
354	421
354	863
354	981
354	1496
355	430
355	473
355	1331
356	446
356	742
356	1025
356	1048
356	1239
357	664
357	1521
357	1537
357	1593
358	516
358	633
358	710
358	998
358	1441
358	1508
359	987
359	1020
359	1432
361	731
361	887
361	955
361	1027
361	1043
362	705
362	929
362	1328
362	1468
363	645
363	915
363	951
363	1390
363	1515
364	1423
364	1588
365	771
365	1395
366	776
367	486
367	672
367	824
367	1107
368	523
368	1432
369	483
369	716
369	1177
370	385
370	1012
370	1213
370	1450
371	436
371	881
372	754
372	1045
373	1134
373	1144
373	1254
373	1295
373	1440
374	848
374	1168
375	536
375	832
375	860
375	1295
375	1529
376	461
376	557
376	846
376	1353
376	1376
376	1479
377	654
377	751
377	963
377	1597
378	474
378	520
378	1386
378	1406
378	1429
379	427
379	652
379	1063
379	1225
379	1491
379	1514
381	1381
382	384
382	587
382	597
382	974
382	1398
383	597
383	609
383	955
383	1059
383	1578
385	875
385	946
386	616
386	854
387	1528
388	605
388	879
388	1140
388	1335
389	538
389	843
389	1366
390	847
390	897
390	1222
390	1428
391	438
391	739
391	774
391	1394
392	979
392	1074
392	1227
392	1371
392	1372
392	1540
393	760
393	1502
394	1315
394	1451
394	1534
395	409
396	489
396	597
396	1284
397	1264
398	1597
399	546
399	653
399	771
399	939
400	628
400	696
401	506
401	784
402	789
402	1062
403	1003
403	1257
404	749
405	420
405	641
405	753
405	1073
405	1302
405	1355
405	1507
406	539
406	655
406	764
406	1176
407	469
407	709
407	891
407	1023
407	1078
408	474
408	798
408	1371
408	1500
408	1537
408	1548
409	437
409	1277
410	573
410	867
410	1100
410	1267
410	1472
411	801
411	1303
412	500
412	1541
413	772
413	1489
414	492
414	716
414	773
415	735
416	733
416	1039
416	1254
417	615
417	635
417	832
417	980
418	685
418	767
418	923
418	924
418	1414
419	738
419	997
419	1141
419	1174
420	1332
420	1508
421	1068
422	525
422	886
423	535
423	1237
423	1517
424	560
424	1434
424	1579
425	477
425	1565
426	619
426	645
426	1093
426	1150
426	1361
426	1466
426	1584
427	472
427	1411
428	628
428	1546
429	756
429	1227
429	1334
430	718
430	792
430	1514
431	444
431	1054
431	1134
432	959
432	1277
433	465
434	509
434	974
435	621
435	1039
435	1268
435	1280
435	1378
436	815
436	817
436	837
436	1153
436	1479
437	572
437	1172
438	986
438	1174
438	1236
439	1393
440	642
440	893
440	1147
440	1523
441	503
441	1260
441	1278
442	463
442	593
442	763
443	738
443	969
444	931
445	694
446	538
446	640
446	885
446	1332
447	506
447	532
447	795
448	875
448	924
448	992
448	1188
448	1198
449	648
449	819
449	1108
449	1471
450	1272
451	882
451	1018
451	1229
452	522
452	780
452	906
452	1012
452	1043
452	1054
452	1278
453	1066
453	1546
454	1170
455	948
455	1403
455	1445
456	458
456	605
456	854
456	1533
457	543
457	659
457	830
457	1109
457	1412
458	1046
458	1220
459	1442
460	827
461	518
461	598
461	696
461	1282
461	1350
462	1032
462	1159
462	1374
463	533
463	1192
464	1080
464	1355
464	1377
465	666
465	871
465	1135
465	1175
466	659
467	600
467	1061
467	1244
467	1440
468	602
468	1272
469	802
469	945
469	992
469	1256
470	670
470	1154
470	1455
471	1463
471	1509
472	503
472	726
472	1103
473	995
473	1041
473	1110
473	1220
474	1575
475	762
475	975
476	495
476	1130
477	612
477	616
478	781
478	956
478	1142
479	641
479	1222
479	1255
479	1267
479	1472
480	531
480	675
480	1173
481	651
482	982
482	998
482	1050
483	712
483	1172
484	492
484	803
484	848
485	760
485	1439
485	1457
485	1595
486	637
487	911
487	1233
488	585
488	656
488	1187
488	1231
488	1502
489	772
489	995
489	1393
490	501
490	1528
491	721
491	909
491	1536
492	520
492	651
493	648
494	968
494	1293
494	1391
495	773
496	778
496	811
496	925
496	1119
497	875
497	1246
498	753
498	1450
498	1457
498	1512
499	657
499	695
499	1244
499	1266
500	808
500	1336
500	1354
501	536
501	574
501	1063
501	1280
501	1344
502	883
503	512
503	590
503	592
503	888
503	1134
503	1180
504	610
505	646
505	1084
506	569
506	1182
506	1545
507	750
507	982
508	744
508	864
508	1135
508	1379
509	1082
509	1238
510	577
510	610
510	794
510	911
510	965
510	1210
511	1115
511	1434
512	813
512	1047
512	1269
512	1512
512	1526
513	590
513	1424
513	1476
514	797
514	1351
515	1579
516	830
516	1003
516	1175
516	1399
516	1493
517	1396
518	1100
520	986
520	1157
521	553
521	784
521	1430
522	792
523	645
523	965
523	1012
524	600
524	684
525	1067
525	1409
525	1534
526	1000
527	734
527	917
527	999
527	1401
527	1550
527	1582
528	882
529	722
529	845
529	1099
530	651
530	1200
530	1281
530	1387
530	1397
532	640
532	1074
532	1371
533	958
533	1477
533	1537
535	874
535	1267
535	1325
535	1512
536	710
536	1327
536	1464
537	887
538	726
538	951
538	1135
538	1220
540	1154
540	1190
540	1296
541	947
541	1173
541	1276
542	969
542	1167
542	1170
543	550
543	937
543	1201
544	548
546	585
546	829
546	1140
546	1194
546	1352
547	1365
547	1428
547	1547
548	733
548	872
548	1393
550	1128
550	1506
551	898
552	1056
552	1240
552	1482
553	561
553	700
553	1276
553	1568
553	1569
554	1163
555	859
555	921
555	932
555	1333
555	1400
556	708
556	854
556	933
556	1183
556	1596
557	629
557	633
557	827
557	999
557	1079
558	1275
558	1277
559	1146
560	579
561	811
561	1007
561	1274
562	597
562	738
562	812
562	1253
563	968
564	661
564	761
564	1155
564	1312
565	804
565	892
565	991
565	1397
566	614
566	784
566	869
566	925
566	997
566	1424
568	756
568	1060
568	1191
568	1350
568	1506
569	907
569	1188
569	1297
570	795
570	1338
570	1481
570	1524
571	1135
571	1245
571	1304
571	1537
572	619
572	1228
572	1411
573	853
573	956
573	986
573	1436
573	1479
574	700
574	736
574	969
575	1084
575	1325
576	588
576	647
576	779
576	896
576	964
576	1002
576	1097
576	1193
577	1466
577	1596
578	586
578	684
579	659
579	958
579	1236
579	1346
579	1357
580	720
581	603
581	961
581	1335
581	1399
582	1397
583	1142
583	1149
583	1176
583	1476
583	1488
584	1198
584	1355
584	1366
585	638
585	807
585	1326
587	1172
587	1242
588	609
588	900
589	888
590	632
590	1092
591	886
591	1506
592	615
592	737
593	861
593	900
593	1128
593	1154
593	1552
594	1247
594	1289
595	719
595	794
595	815
595	840
595	973
596	1172
596	1583
597	858
597	905
597	1010
597	1561
598	618
598	957
598	1287
598	1572
599	903
599	1295
600	992
600	1239
601	625
601	913
601	957
601	1166
602	649
602	742
603	953
603	991
603	1328
603	1354
603	1384
603	1495
604	865
605	825
605	1060
605	1268
606	669
606	725
606	1243
607	653
607	950
607	1180
608	966
608	1424
609	1347
611	1137
611	1275
612	741
612	931
613	1385
614	841
614	894
614	1205
614	1272
615	1076
615	1096
616	1279
617	637
617	1201
618	844
618	1103
618	1152
618	1373
619	1005
619	1320
620	740
620	1024
620	1298
620	1387
620	1503
621	1389
621	1416
621	1462
622	1313
623	1428
623	1566
624	1215
625	684
625	913
625	941
626	934
626	1015
626	1378
626	1504
627	637
627	1096
628	858
628	1164
629	1028
629	1111
630	1153
631	1384
632	706
632	921
632	1107
632	1551
633	744
634	723
634	734
634	1577
635	843
635	1030
636	1118
636	1302
636	1399
637	1591
638	1080
639	765
639	1070
639	1586
639	1598
640	705
640	1403
641	1531
642	701
643	721
643	1463
644	1566
645	662
645	965
645	1205
645	1403
646	1493
646	1556
647	834
647	1350
647	1502
648	678
648	995
648	1246
648	1555
649	1059
649	1227
650	1253
650	1516
651	1064
651	1243
651	1475
652	1261
653	947
654	658
654	807
654	1500
655	698
655	1326
656	876
656	960
657	841
657	1354
658	682
658	1011
659	969
659	1216
659	1382
660	1378
661	918
661	1075
661	1245
662	717
662	792
662	1424
663	728
663	1082
663	1239
663	1242
664	980
665	1076
665	1297
666	1444
666	1526
667	1442
668	854
668	1092
668	1256
668	1376
668	1521
669	822
669	1396
670	978
670	1510
670	1566
671	1416
672	1350
672	1353
672	1459
673	1224
673	1226
673	1532
673	1547
674	696
674	759
674	978
674	1138
674	1544
675	1002
675	1250
676	771
676	927
677	868
677	1494
677	1578
678	795
678	962
679	727
679	1067
679	1194
680	1106
680	1129
680	1422
680	1481
681	1128
682	775
682	816
683	863
683	1206
683	1573
684	1140
686	1409
687	748
687	1435
688	703
688	990
688	1312
688	1415
688	1527
689	1335
689	1540
690	1477
691	1107
691	1229
692	961
692	1076
692	1168
692	1493
693	1201
694	1306
695	915
695	1208
696	1227
696	1455
697	784
698	1486
699	1407
700	1010
700	1150
700	1404
700	1410
700	1414
702	1404
703	1278
704	974
704	1313
706	782
706	1388
706	1420
706	1555
707	1401
708	1046
708	1215
709	1237
709	1421
709	1592
710	732
710	878
710	1196
711	821
711	1336
711	1412
712	1456
713	731
713	1175
713	1259
713	1455
714	995
714	1132
714	1373
715	1224
715	1452
716	1382
716	1403
716	1543
717	742
717	827
717	1133
717	1227
717	1450
718	1111
718	1307
718	1380
718	1538
719	1252
719	1422
720	1250
720	1384
721	1154
721	1314
721	1317
722	739
722	1246
723	830
723	858
723	1249
724	1574
727	821
727	1015
727	1034
727	1336
728	1016
728	1454
728	1597
729	957
729	1318
729	1527
730	939
730	1266
731	762
731	941
731	998
731	1151
731	1306
732	1065
732	1356
733	984
733	1326
733	1462
734	1032
735	1000
736	1160
736	1338
739	868
739	918
739	1055
740	1086
740	1220
740	1434
741	956
742	839
742	1234
743	986
743	1154
743	1322
743	1399
744	878
744	998
744	1150
745	1069
745	1165
745	1370
745	1410
745	1491
746	1581
747	885
747	1287
747	1317
748	867
748	940
748	1520
749	1318
750	764
750	843
750	951
750	1154
750	1487
750	1502
750	1537
751	1017
751	1054
752	933
753	764
753	1104
754	793
754	1201
755	894
755	1332
757	1512
758	869
759	1116
760	803
760	1299
760	1377
760	1562
761	1001
761	1133
761	1221
761	1493
763	1202
763	1312
764	1192
764	1359
764	1505
765	1255
766	1044
767	1492
768	844
768	1074
768	1260
768	1452
769	1353
770	1031
771	1463
771	1588
772	823
772	1599
773	968
773	1318
774	1146
774	1405
775	859
775	936
775	1230
776	892
776	1292
776	1553
777	958
777	1058
777	1426
780	1125
781	830
782	1388
783	1300
784	1423
785	968
785	983
785	1115
785	1175
785	1516
786	915
786	946
786	1275
787	1219
788	1117
788	1176
789	1181
790	859
791	1183
792	1484
793	1068
793	1114
793	1341
793	1428
793	1582
794	865
794	963
794	1261
794	1271
794	1306
795	1058
795	1076
796	867
796	964
797	1327
797	1536
798	1084
798	1335
799	848
799	1527
800	933
800	1017
800	1253
800	1503
801	1219
802	846
802	985
802	1374
803	885
803	1429
804	1087
804	1164
804	1306
805	1358
806	1059
806	1247
807	899
807	1225
808	919
808	1206
808	1510
809	1035
809	1253
809	1444
810	1242
811	1430
813	1302
814	1475
815	865
815	968
816	898
817	839
817	1319
817	1445
817	1469
817	1494
818	1333
818	1461
819	964
819	1285
820	1047
821	874
821	1046
821	1148
822	902
823	1225
824	1140
824	1178
825	1158
825	1255
825	1421
825	1516
826	858
826	897
826	943
826	1058
826	1506
827	838
827	1035
827	1507
828	841
828	950
828	1476
829	1345
829	1434
830	1020
831	1190
832	1049
832	1096
832	1357
833	1487
833	1508
834	1509
835	974
836	1545
837	1019
837	1118
838	1286
838	1458
838	1594
839	1038
839	1267
839	1456
840	1056
840	1168
841	1010
842	1284
843	1461
843	1544
844	1396
845	1104
845	1197
845	1217
845	1227
846	1155
847	1009
847	1278
848	1045
848	1349
849	935
849	1007
849	1165
849	1392
850	1393
850	1552
850	1567
851	1056
852	1084
852	1162
852	1440
854	1193
855	1192
855	1372
855	1408
856	1018
857	878
857	1245
858	1288
858	1430
858	1466
859	1070
859	1136
859	1264
859	1355
860	1102
860	1451
862	1143
862	1415
864	1199
866	1026
866	1052
866	1428
866	1490
866	1491
867	942
867	1022
870	1116
870	1320
870	1445
870	1525
871	887
871	1132
872	885
872	1228
872	1264
873	1051
873	1236
873	1318
873	1390
875	1208
875	1379
876	921
876	1166
876	1578
878	1106
878	1593
879	1039
879	1433
881	981
882	1127
883	1200
883	1419
883	1593
884	1313
887	1171
887	1303
889	1274
889	1376
889	1466
890	964
893	1033
893	1251
893	1380
894	923
894	946
894	1362
894	1495
894	1548
895	1200
896	920
896	1531
897	1276
898	1506
899	978
899	1148
900	1492
901	1268
902	1207
902	1251
903	1080
903	1119
903	1205
903	1269
903	1274
904	1265
905	1505
907	1342
907	1540
907	1549
908	926
908	955
908	1538
909	935
909	1137
910	1495
911	1289
911	1484
911	1557
912	1355
912	1425
912	1450
913	1002
913	1440
913	1524
914	1129
914	1170
916	1551
917	1052
917	1228
918	1111
919	1107
919	1203
919	1356
919	1493
919	1556
921	941
921	1041
923	1004
923	1180
923	1310
924	987
924	1032
925	1469
925	1529
926	1074
926	1275
926	1551
927	1002
927	1509
928	1147
929	1500
929	1522
930	1007
930	1051
930	1077
930	1286
930	1289
931	965
931	1039
931	1105
931	1572
932	1422
933	943
933	1551
934	1025
934	1029
934	1047
935	950
936	1069
936	1407
937	1357
939	1019
939	1191
939	1432
940	1016
940	1256
940	1552
941	1041
941	1339
942	1202
942	1360
944	1262
945	964
945	1413
946	1019
946	1084
946	1111
946	1258
947	1306
948	1085
948	1383
949	1009
950	1296
950	1353
950	1456
951	1272
951	1347
952	1408
954	1464
955	1302
956	1179
957	1088
957	1155
957	1175
958	1150
959	1181
959	1392
960	994
960	1068
960	1353
960	1457
961	1057
961	1099
961	1223
961	1234
962	1382
963	1095
963	1395
963	1486
964	1204
965	1445
966	1018
966	1127
966	1206
966	1324
967	1084
967	1134
968	1193
969	1376
969	1402
970	1049
970	1189
972	1061
972	1531
972	1570
973	1484
973	1541
974	1034
975	1218
976	1052
976	1163
976	1345
976	1421
977	1265
978	1065
978	1543
979	1016
980	1046
980	1053
983	1503
984	1232
987	1436
988	1130
988	1345
988	1479
989	1035
989	1051
989	1083
989	1171
989	1334
989	1426
990	1380
991	1072
991	1078
991	1093
992	1209
993	1049
993	1171
993	1457
995	1069
995	1124
995	1555
996	1523
997	1202
997	1582
998	1162
998	1307
999	1084
1000	1474
1002	1284
1003	1506
1004	1093
1004	1338
1005	1517
1006	1027
1006	1066
1007	1082
1008	1271
1008	1337
1010	1128
1010	1589
1012	1154
1012	1276
1013	1501
1013	1552
1014	1219
1014	1306
1015	1306
1016	1335
1017	1453
1017	1492
1018	1130
1019	1365
1019	1371
1023	1512
1025	1330
1026	1523
1027	1478
1028	1381
1028	1588
1029	1102
1029	1255
1029	1427
1029	1491
1030	1164
1030	1229
1031	1086
1031	1275
1031	1407
1031	1578
1032	1254
1032	1264
1033	1308
1033	1337
1034	1043
1034	1208
1034	1446
1035	1331
1035	1438
1036	1164
1036	1178
1037	1199
1037	1356
1037	1477
1037	1554
1038	1287
1040	1531
1040	1566
1041	1098
1041	1233
1042	1570
1042	1585
1045	1232
1046	1090
1046	1511
1047	1325
1047	1438
1047	1439
1047	1524
1049	1061
1049	1074
1049	1082
1049	1239
1050	1384
1050	1450
1052	1409
1052	1529
1053	1202
1054	1092
1056	1357
1056	1546
1057	1177
1057	1289
1058	1373
1064	1067
1066	1170
1066	1459
1067	1492
1068	1261
1068	1329
1068	1357
1069	1581
1070	1294
1070	1305
1071	1372
1071	1577
1072	1316
1072	1407
1074	1551
1075	1093
1075	1242
1076	1155
1076	1252
1076	1483
1078	1232
1078	1289
1079	1261
1080	1253
1080	1547
1081	1457
1082	1450
1084	1370
1084	1537
1086	1338
1087	1163
1087	1202
1088	1105
1089	1289
1090	1124
1090	1364
1092	1117
1092	1373
1092	1568
1093	1215
1094	1237
1094	1275
1094	1495
1095	1285
1096	1539
1097	1213
1100	1496
1101	1111
1104	1404
1104	1559
1105	1268
1106	1119
1107	1145
1107	1394
1107	1461
1107	1498
1108	1260
1109	1509
1109	1558
1110	1298
1110	1380
1110	1547
1112	1539
1114	1138
1114	1174
1114	1218
1114	1471
1115	1119
1115	1192
1115	1404
1116	1430
1118	1406
1119	1129
1119	1379
1119	1456
1120	1140
1120	1231
1120	1418
1123	1275
1123	1590
1124	1129
1124	1249
1125	1248
1126	1292
1126	1442
1127	1170
1127	1475
1128	1158
1128	1326
1128	1555
1128	1592
1129	1189
1130	1142
1131	1511
1132	1161
1133	1364
1133	1548
1134	1558
1135	1142
1135	1522
1136	1350
1136	1395
1136	1531
1137	1141
1137	1537
1138	1318
1138	1482
1138	1521
1139	1214
1139	1260
1139	1316
1139	1426
1139	1521
1139	1568
1140	1205
1142	1394
1143	1165
1143	1178
1145	1370
1145	1437
1146	1433
1146	1569
1147	1318
1147	1431
1152	1371
1152	1572
1153	1416
1153	1547
1155	1159
1155	1395
1155	1440
1156	1183
1156	1367
1156	1539
1158	1313
1158	1478
1162	1386
1165	1546
1166	1301
1166	1568
1167	1397
1168	1293
1168	1441
1169	1311
1169	1498
1170	1301
1170	1475
1171	1318
1171	1392
1171	1554
1171	1599
1173	1329
1174	1544
1175	1377
1175	1505
1176	1247
1176	1379
1179	1548
1180	1368
1182	1420
1182	1479
1183	1411
1183	1470
1185	1433
1186	1340
1187	1499
1188	1348
1188	1438
1188	1505
1189	1248
1189	1517
1190	1213
1190	1238
1190	1468
1191	1295
1192	1482
1192	1515
1193	1234
1194	1500
1194	1599
1195	1418
1196	1289
1196	1346
1197	1201
1197	1267
1200	1376
1200	1467
1201	1346
1201	1551
1202	1203
1202	1409
1202	1484
1202	1544
1204	1295
1204	1398
1204	1474
1204	1520
1204	1596
1205	1493
1206	1597
1207	1377
1210	1240
1211	1306
1212	1400
1213	1451
1213	1568
1214	1542
1215	1322
1216	1287
1217	1276
1217	1590
1218	1223
1219	1390
1220	1334
1221	1473
1222	1439
1226	1296
1226	1353
1227	1253
1228	1470
1229	1290
1230	1329
1230	1426
1231	1555
1236	1500
1236	1591
1238	1471
1239	1418
1239	1542
1240	1462
1241	1468
1242	1569
1243	1373
1243	1424
1244	1332
1248	1322
1248	1368
1249	1349
1249	1357
1250	1416
1251	1553
1252	1380
1252	1384
1254	1406
1255	1469
1259	1538
1262	1277
1262	1500
1263	1306
1265	1440
1265	1533
1269	1281
1270	1472
1271	1377
1273	1556
1273	1580
1275	1407
1278	1477
1280	1463
1280	1593
1281	1356
1282	1429
1282	1438
1282	1449
1283	1381
1284	1525
1287	1316
1288	1517
1288	1590
1290	1451
1293	1297
1293	1360
1293	1461
1293	1589
1294	1297
1294	1544
1296	1329
1297	1549
1298	1301
1299	1429
1300	1530
1306	1352
1307	1312
1307	1409
1307	1538
1308	1500
1308	1561
1308	1583
1310	1519
1311	1349
1311	1585
1312	1370
1312	1426
1315	1337
1315	1426
1316	1395
1317	1495
1318	1481
1319	1321
1319	1577
1322	1515
1322	1526
1323	1465
1324	1464
1324	1534
1325	1434
1328	1428
1329	1489
1330	1383
1331	1333
1331	1341
1335	1370
1336	1547
1346	1529
1346	1538
1349	1485
1349	1504
1352	1545
1353	1589
1356	1585
1360	1425
1361	1377
1363	1485
1363	1486
1363	1501
1363	1507
1369	1474
1369	1560
1373	1389
1375	1398
1375	1500
1376	1553
1377	1391
1377	1471
1379	1460
1380	1417
1382	1409
1384	1395
1385	1461
1386	1497
1387	1490
1388	1564
1391	1514
1392	1487
1395	1399
1396	1574
1398	1408
1401	1546
1402	1405
1403	1454
1403	1550
1404	1542
1408	1410
1412	1574
1413	1582
1414	1529
1414	1554
1416	1598
1421	1468
1421	1508
1422	1509
1425	1529
1427	1569
1428	1446
1430	1438
1431	1522
1433	1457
1434	1518
1435	1457
1437	1555
1441	1534
1443	1590
1444	1567
1448	1573
1449	1571
1455	1519
1462	1532
1464	1500
1465	1545
1466	1514
1466	1550
1468	1531
1468	1567
1469	1505
1474	1526
1485	1513
1486	1559
1488	1591
1489	1597
1499	1529
1500	1509
1509	1541
1509	1586
1520	1546
1528	1558
1529	1575
1541	1564
1550	1599
1551	1595