0	246
0	270
0	1480
1	214
1	376
1	600
1	634
1	763
1	1192
1	1291
1	1512
2	90
2	1467
3	185
3	841
3	1394
3	1537
4	44
4	96
4	126
4	822
4	933
4	989
4	1432
5	192
5	257
5	273
5	290
5	450
5	645
5	908
5	1247
5	1438
5	1464
6	122
6	559
6	738
6	908
6	1075
7	243
7	643
7	1560
8	405
8	536
8	1015
8	1189
9	261
9	795
9	859
9	1034
9	1061
9	1250
9	1540
10	572
10	1223
11	422
11	462
11	492
11	795
11	899
11	1306
12	484
13	127
13	474
13	771
13	951
13	1090
13	1226
13	1365
14	454
14	764
14	1411
14	1507
14	1593
15	210
15	250
15	644
15	922
15	1086
15	1260
15	1452
16	1167
16	1192
16	1415
16	1557
17	226
17	555
17	1005
17	1224
18	274
18	1202
19	1066
19	1159
19	1491
20	310
20	380
20	579
20	686
21	145
21	220
21	1328
22	929
22	986
22	1288
23	348
23	827
23	874
24	89
24	150
24	229
24	974
24	1574
25	279
25	636
25	1427
26	34
26	475
26	1100
27	837
27	997
27	1159
27	1363
28	324
28	440
28	1379
28	1540
29	131
29	151
29	207
29	478
30	601
30	676
30	701
30	785
30	1151
30	1326
30	1336
31	578
32	104
32	129
32	405
32	939
32	1066
32	1250
32	1327
32	1375
33	201
33	427
33	796
33	889
34	111
34	135
34	291
34	952
35	405
35	507
35	769
35	783
35	1067
35	1315
36	759
36	847
36	1102
37	458
37	927
37	1070
37	1448
38	420
38	672
38	1414
39	130
39	171
39	553
39	1054
39	1419
40	260
40	1175
41	258
41	820
42	192
43	435
43	635
43	699
43	1251
43	1265
43	1344
44	558
45	444
45	822
45	1185
45	1467
46	129
46	278
46	329
46	649
46	880
46	1277
46	1311
47	546
47	806
48	550
48	850
48	888
48	989
48	1116
48	1330
48	1493
48	1585
49	599
49	849
49	1319
49	1339
49	1458
49	1465
50	63
50	329
50	1258
51	153
51	1111
51	1173
52	58
52	386
52	426
52	681
53	83
53	815
53	1023
53	1366
53	1411
54	330
54	443
54	557
55	605
55	632
55	640
55	931
55	1032
55	1108
55	1233
56	216
56	1159
56	1430
57	77
57	318
57	534
57	1420
58	397
58	823
58	1115
59	500
59	563
59	692
59	1179
59	1303
60	159
60	434
60	797
60	829
60	1285
60	1343
60	1471
61	348
61	890
62	691
62	1001
62	1105
62	1278
62	1326
63	372
63	724
63	903
63	1245
63	1326
64	571
65	117
65	368
65	372
65	544
65	1221
66	426
66	765
66	1045
66	1055
66	1490
67	75
67	1423
67	1580
68	1140
68	1256
68	1528
69	361
69	497
69	836
69	923
69	1372
70	358
70	946
70	1245
70	1515
71	368
71	634
71	721
71	1053
71	1470
72	214
72	635
73	100
73	211
73	237
73	836
73	1200
73	1598
74	336
74	775
74	832
74	1562
75	1020
75	1152
75	1322
75	1451
75	1495
76	660
76	792
76	997
76	1149
76	1449
77	226
78	476
78	776
78	1039
79	381
79	726
79	1339
79	1436
80	393
80	537
80	1484
81	285
81	466
81	792
81	1424
82	520
82	1083
83	134
83	280
83	309
83	678
83	714
83	862
83	1190
84	677
85	267
85	1006
85	1057
85	1358
85	1410
85	1468
86	107
86	218
86	245
86	267
86	611
86	1379
87	1148
88	555
88	1372
89	979
89	1191
89	1313
90	274
90	662
90	836
90	1528
91	719
91	1294
92	604
92	1023
92	1311
92	1457
93	424
93	432
93	874
93	987
93	1023
94	147
94	154
94	487
94	725
94	833
94	974
94	1159
94	1294
95	426
95	433
95	784
95	1215
96	899
96	1125
96	1349
97	383
97	520
97	557
97	1171
98	674
99	585
99	770
100	627
100	721
100	905
101	1505
102	834
102	912
102	1202
102	1500
103	620
103	1595
104	252
104	1300
105	953
105	1192
105	1400
106	461
106	789
106	936
106	1404
107	1015
107	1328
107	1460
107	1576
108	615
108	979
109	890
110	1404
110	1482
110	1487
110	1512
111	431
112	258
112	528
112	601
112	925
112	996
112	1569
113	703
114	159
114	257
114	337
114	1440
114	1468
115	479
115	701
115	815
115	1201
115	1366
116	173
116	272
116	673
116	1030
116	1078
117	254
117	410
117	553
117	719
117	1293
117	1407
118	580
118	824
118	866
118	933
118	1220
118	1384
118	1387
119	579
119	1148
119	1447
120	202
120	447
120	858
120	962
121	152
121	580
121	1224
122	333
122	1317
123	297
123	895
123	1329
124	407
124	547
124	873
124	1070
125	160
125	639
125	929
125	983
125	1097
125	1168
125	1343
126	176
126	612
126	696
126	841
126	999
126	1418
127	249
127	558
127	1033
128	161
128	343
128	408
128	834
128	969
128	1328
128	1385
128	1410
129	740
129	856
130	543
130	605
130	638
130	784
130	849
130	1007
131	542
131	628
131	726
131	919
132	235
132	1023
133	553
133	578
133	791
133	851
133	1013
134	828
134	1067
134	1485
134	1597
135	788
135	842
135	1107
135	1265
135	1341
136	396
136	538
136	648
136	767
136	932
136	940
136	1032
136	1499
136	1597
137	535
137	552
137	663
137	696
138	1221
139	907
139	937
139	958
139	961
139	1022
139	1536
140	916
140	1169
141	619
141	635
141	982
141	1099
141	1422
142	152
142	1222
142	1560
143	338
143	492
143	503
143	682
143	709
143	761
143	1078
144	831
145	929
145	1097
145	1256
145	1421
145	1512
146	149
146	556
146	745
146	933
146	1199
147	471
147	824
147	1248
147	1441
148	863
148	1032
148	1510
149	1387
150	288
150	1012
150	1015
150	1312
150	1390
151	1218
153	1099
154	444
154	750
154	826
154	1216
155	344
155	1457
156	722
156	972
156	1501
156	1578
157	256
157	1592
158	588
158	931
158	1119
158	1544
159	603
159	946
159	1498
160	866
160	1218
160	1349
160	1406
161	340
161	625
161	1041
162	510
163	481
163	514
163	782
163	881
164	247
164	280
164	605
164	888
164	1209
164	1439
164	1467
164	1528
165	213
165	231
165	641
166	771
166	1545
167	203
167	825
167	844
167	1293
168	833
168	856
168	1032
169	244
169	296
169	338
169	523
169	788
169	842
169	992
169	1032
169	1502
170	428
170	516
170	1021
170	1174
170	1510
171	673
171	767
171	854
171	954
171	1517
172	639
172	878
172	1374
172	1415
172	1567
173	931
173	1331
174	199
174	1398
175	264
175	465
175	1253
176	263
176	436
176	699
176	1133
177	732
178	458
178	489
178	724
178	950
179	719
179	744
179	757
179	794
179	1074
179	1287
180	252
180	637
180	1016
180	1167
180	1508
181	382
181	1100
181	1118
181	1483
181	1540
182	538
182	754
182	1267
183	363
183	1002
183	1118
183	1158
183	1522
184	1141
185	209
185	311
185	315
185	761
186	365
186	858
187	204
187	565
187	626
187	1516
188	586
188	1310
189	1037
189	1151
190	1135
190	1407
190	1445
191	997
191	1092
191	1167
191	1288
191	1358
191	1411
191	1425
192	397
192	662
192	930
192	1560
193	679
193	1053
193	1130
193	1151
193	1220
194	408
194	420
194	560
194	1468
194	1499
195	901
196	351
196	684
196	1524
197	817
197	845
197	883
198	211
198	323
198	524
198	606
198	624
198	1108
198	1241
198	1474
198	1505
199	592
199	1140
200	368
200	383
200	484
200	925
200	1567
201	573
201	1411
202	651
202	964
202	1131
202	1466
203	1079
204	324
204	669
204	746
204	1416
204	1518
205	277
205	652
205	697
205	1021
205	1298
206	632
206	676
206	1482
207	264
207	877
207	1219
207	1286
208	1244
209	266
209	435
209	1121
209	1211
209	1273
210	580
210	654
210	1075
211	1085
212	552
212	867
212	1519
213	510
213	1108
214	395
214	616
214	715
214	926
214	1026
214	1547
215	294
215	676
215	705
215	1286
216	504
216	614
216	1091
216	1312
217	444
217	499
217	612
217	1575
218	1128
218	1179
218	1422
219	860
219	1181
220	263
220	669
220	1080
220	1120
220	1400
221	1067
221	1194
221	1361
222	1313
223	290
223	313
223	1007
224	256
224	293
224	340
224	966
224	1321
225	451
225	582
225	855
226	531
226	601
226	867
226	979
226	1090
226	1356
226	1420
226	1424
227	641
227	1585
228	477
228	660
228	934
228	1567
229	334
229	1169
229	1465
230	232
230	579
230	1032
230	1232
231	752
231	830
231	1171
231	1595
232	327
232	529
232	610
232	961
232	1411
233	857
233	1034
234	741
235	752
235	1121
236	716
237	524
238	403
238	568
238	655
238	725
238	790
238	1419
239	1334
239	1520
240	496
240	698
240	946
240	996
240	1153
240	1222
241	904
241	1239
242	520
242	1444
243	1159
244	396
244	432
244	595
244	645
244	805
244	854
244	1343
245	714
245	803
245	867
245	877
245	998
245	1022
245	1233
246	1218
247	622
247	832
247	1014
247	1075
247	1111
247	1577
248	619
248	901
248	1077
248	1221
249	514
249	606
249	821
249	840
249	841
249	1157
250	337
250	825
250	1497
250	1518
251	448
252	560
252	653
252	779
252	822
252	1115
252	1311
253	353
253	679
253	998
253	1068
254	400
254	468
254	1223
254	1419
255	313
255	453
255	516
256	879
256	1446
258	1161
258	1304
258	1386
258	1524
259	355
259	810
259	857
259	1184
259	1227
259	1443
259	1519
260	576
260	623
260	881
260	926
260	1008
260	1047
260	1241
260	1358
261	530
261	762
261	851
261	987
261	1250
261	1510
261	1513
262	819
263	1358
264	397
264	630
264	926
265	1087
266	447
266	765
267	1363
267	1548
267	1589
268	622
268	1014
268	1264
268	1402
269	298
269	513
269	841
269	1117
269	1155
270	517
270	537
270	991
270	1093
270	1237
270	1359
270	1458
271	342
271	604
271	622
271	673
271	690
271	1298
272	354
272	454
272	507
272	928
272	1299
273	549
273	932
273	1258
274	497
274	698
274	802
274	953
274	959
274	1163
275	638
275	812
275	1330
275	1505
276	1310
276	1383
277	1007
277	1226
278	389
278	537
278	541
278	779
278	1182
279	322
279	473
279	706
279	780
279	1455
280	581
280	1047
280	1489
280	1525
281	519
281	727
282	629
282	698
282	1192
282	1587
283	945
283	1055
284	292
284	393
284	478
284	1079
284	1171
285	1268
286	434
286	1469
287	501
288	1410
289	293
289	398
289	412
289	1055
289	1346
290	516
290	985
290	1507
291	578
291	1023
292	973
292	1277
292	1490
292	1499
292	1559
293	725
293	900
293	1220
294	432
294	488
294	949
295	983
295	1191
295	1214
296	402
296	789
296	1099
296	1128
297	986
297	1084
297	1225
297	1251
297	1292
297	1452
297	1502
298	1025
298	1039
299	357
299	585
299	705
299	965
299	1105
299	1188
299	1277
299	1376
300	404
300	815
300	826
300	1087
300	1360
300	1437
301	1501
301	1502
302	993
302	1053
302	1227
302	1285
302	1376
303	691
303	1412
304	540
304	1303
304	1429
304	1466
305	440
305	700
305	956
305	1059
305	1324
305	1343
306	308
306	395
306	549
306	550
306	562
306	754
306	916
306	999
306	1015
306	1335
306	1562
307	1002
307	1296
308	999
309	728
310	618
310	1019
310	1468
311	752
311	1433
311	1471
312	1008
312	1036
312	1379
312	1405
314	657
314	711
314	906
314	1176
314	1228
314	1445
314	1526
315	675
316	623
316	922
316	1033
316	1375
317	712
317	774
318	1382
318	1430
318	1445
318	1513
319	423
319	520
319	854
319	1060
320	706
320	750
320	931
320	1456
321	465
321	1035
321	1163
321	1374
322	521
322	782
322	1068
323	335
323	413
323	901
323	1377
324	795
324	1050
325	398
325	1270
325	1513
326	579
326	1147
326	1280
326	1546
327	330
327	1104
328	865
328	1022
328	1319
329	1439
331	1498
332	345
332	818
332	1374
333	705
333	1342
334	359
334	533
334	876
335	705
335	783
335	1210
336	419
336	1314
337	342
337	1123
337	1143
338	1210
339	584
339	679
339	818
339	1156
339	1201
339	1508
340	397
340	999
340	1121
340	1293
340	1315
341	1061
342	397
342	626
342	793
342	1463
342	1505
343	351
343	1027
343	1108
343	1224
344	477
344	948
344	996
344	1234
344	1259
345	908
345	1460
346	964
346	1472
347	547
347	882
348	970
348	1014
348	1243
348	1353
349	859
349	981
349	1052
349	1248
350	825
350	1193
350	1559
351	1138
351	1217
351	1532
352	559
352	560
352	585
353	608
353	609
353	809
353	911
353	981
353	1093
354	1235
355	472
355	488
355	1203
355	1250
356	409
356	754
356	1111
357	489
358	623
358	715
358	759
358	1242
358	1303
359	1430
360	369
360	642
360	1376
361	1102
361	1212
361	1312
362	412
362	597
362	705
362	784
362	1197
362	1537
363	736
363	963
363	1272
364	708
364	942
364	943
364	1407
365	576
365	1209
365	1237
366	694
366	916
366	1011
366	1589
367	944
368	479
368	607
368	827
368	986
368	1306
368	1466
369	529
369	577
369	650
370	415
370	749
370	988
370	1438
371	803
371	810
371	1165
371	1478
372	466
372	695
372	746
372	1591
373	410
373	912
373	1176
373	1421
374	717
374	905
374	1147
374	1372
375	1360
376	867
376	1108
376	1172
377	464
377	1226
378	398
378	1060
378	1161
378	1196
378	1363
379	674
379	839
379	1588
380	667
380	768
381	818
381	1304
381	1327
382	634
382	772
382	1058
382	1083
382	1350
383	723
383	764
383	1187
383	1289
384	505
384	904
384	1160
384	1221
385	878
385	1408
386	1429
387	544
387	1258
388	471
388	523
388	745
388	1440
390	451
390	611
390	836
390	1083
390	1174
391	1061
391	1420
392	437
392	635
392	935
392	1132
392	1255
392	1476
392	1562
393	495
393	563
393	1437
394	508
394	994
394	1269
395	1220
395	1239
395	1491
396	996
396	1489
397	839
397	1460
398	633
398	708
398	834
399	788
399	1213
400	454
400	456
400	1014
400	1041
400	1186
401	505
401	1208
401	1273
401	1398
401	1418
401	1587
402	744
402	857
403	742
403	1255
404	461
404	1287
405	813
405	862
405	1046
405	1243
406	703
406	885
408	690
408	972
408	1382
409	474
409	967
409	1159
410	529
410	929
410	1148
410	1183
410	1427
410	1509
411	501
411	543
411	762
411	1173
411	1485
411	1548
412	643
412	734
412	1239
412	1266
413	1191
413	1378
414	1164
414	1242
414	1498
415	1275
415	1405
416	858
416	1000
416	1478
417	576
417	651
417	821
418	721
418	1573
419	1278
419	1355
420	1115
421	1020
422	629
422	1567
424	442
424	472
424	480
424	699
424	1278
424	1282
425	431
426	487
426	512
426	1017
427	623
427	695
429	549
429	1556
430	682
430	722
430	1374
431	658
431	944
431	1090
431	1436
432	656
432	708
432	870
432	1001
432	1230
432	1516
433	748
433	1254
434	504
434	979
434	1448
435	721
435	1137
435	1379
436	705
436	1075
436	1259
437	1117
437	1187
438	793
438	822
438	1032
438	1408
438	1443
439	643
439	1424
440	477
440	642
440	689
440	1439
441	553
441	825
441	1016
441	1105
442	580
442	1081
442	1382
442	1563
443	462
443	1376
444	741
444	794
444	1207
444	1377
444	1526
445	509
445	658
446	833
446	915
447	511
447	999
447	1199
447	1409
448	1119
448	1598
449	876
449	1026
449	1183
450	1322
450	1424
451	479
451	1086
451	1141
452	1131
453	522
453	709
453	767
453	799
454	730
454	913
454	923
454	1083
454	1164
454	1262
454	1564
454	1565
455	621
455	686
455	917
455	978
455	1131
455	1232
456	615
456	1275
456	1358
456	1463
457	477
457	484
457	499
457	1131
457	1196
457	1277
458	876
458	1096
458	1228
458	1391
459	806
459	1091
459	1536
460	857
460	869
460	1568
461	1065
461	1116
461	1329
462	1210
462	1478
463	635
464	586
464	667
464	906
465	554
465	716
465	762
467	1111
467	1474
467	1475
468	1192
468	1412
469	635
469	1030
469	1050
469	1159
469	1423
470	1534
471	1107
472	533
472	826
473	881
474	846
474	1201
475	687
475	929
475	1407
475	1445
476	761
476	780
477	796
477	896
477	1558
478	614
478	1531
479	506
479	664
479	1225
479	1276
480	539
480	797
480	1179
480	1381
480	1504
480	1553
481	492
481	527
481	1096
481	1344
481	1367
482	694
482	741
482	1086
482	1232
483	647
483	904
484	681
485	748
486	666
486	782
487	1267
487	1331
488	619
488	1265
489	1584
490	687
491	781
491	887
491	1383
492	1179
493	917
493	1380
494	736
494	878
494	1058
494	1340
495	1162
495	1297
495	1583
496	531
496	1426
496	1522
497	709
497	1504
498	584
498	1128
498	1386
499	1309
499	1597
500	553
500	1060
500	1142
501	738
501	900
501	1096
501	1306
501	1481
502	1012
502	1057
502	1497
503	1196
503	1543
503	1546
504	713
504	784
504	789
504	1061
505	902
505	1401
505	1572
506	619
506	685
506	873
507	618
507	788
507	970
507	1563
508	559
508	701
509	1361
509	1582
510	572
510	710
510	865
510	899
510	1537
511	919
511	1455
512	1087
513	556
513	598
513	1138
514	596
514	911
514	1178
514	1205
514	1321
514	1461
515	596
516	580
516	1189
516	1316
516	1488
517	654
517	790
518	585
518	884
518	1229
518	1288
518	1429
518	1598
519	600
520	741
520	1167
521	900
521	1199
522	1213
523	1509
524	1025
524	1283
524	1527
525	575
525	1596
526	700
526	852
527	980
527	1345
528	732
528	1499
528	1547
529	850
529	935
529	1049
529	1204
529	1254
529	1425
530	643
530	1222
530	1271
530	1281
531	559
531	756
531	1403
532	995
532	1075
532	1171
532	1399
533	1232
533	1584
534	1064
535	1051
535	1371
536	872
537	1377
538	748
538	1166
539	1579
540	1088
540	1137
540	1179
540	1566
541	1163
541	1592
542	833
542	1320
543	910
544	840
544	1047
544	1182
545	746
546	959
547	610
547	976
547	1414
548	1488
548	1540
549	762
549	971
549	1510
549	1519
550	937
550	1039
551	605
551	851
551	1107
551	1126
551	1137
551	1392
551	1536
552	694
552	858
552	873
552	1573
553	623
553	740
553	1076
553	1150
553	1260
554	1125
555	784
555	966
555	1149
556	1328
557	728
557	1067
557	1217
558	718
558	1344
559	1013
559	1057
559	1194
559	1248
559	1254
559	1455
560	1315
560	1374
561	862
561	1282
562	1278
562	1493
563	780
563	897
563	1125
563	1207
564	689
564	1069
564	1203
564	1456
565	1070
565	1489
566	1567
567	785
567	1186
568	1135
568	1381
569	588
569	821
569	983
569	1171
570	576
570	760
570	791
570	1566
571	1118
571	1286
571	1377
571	1588
572	996
572	1249
572	1456
573	656
573	660
573	798
573	1171
574	1178
574	1288
576	1112
576	1434
577	1015
579	1094
579	1131
579	1242
579	1308
580	1139
581	896
581	910
581	981
581	1453
582	1130
582	1162
582	1420
583	921
583	1113
584	1276
585	900
586	736
586	745
586	928
586	996
586	1325
586	1517
587	820
587	982
587	1287
588	917
588	1070
589	661
590	1027
591	1323
592	964
592	1115
592	1313
593	1070
594	765
594	768
594	1039
594	1043
594	1062
594	1098
595	1051
595	1549
597	671
597	799
598	757
599	643
599	1229
599	1354
599	1535
600	1024
600	1466
601	715
601	926
601	1008
601	1366
602	1113
603	1419
603	1453
604	743
604	1405
604	1458
605	610
605	1321
608	735
608	787
608	984
608	1361
609	893
609	1334
609	1346
610	763
610	832
610	849
610	1173
610	1200
611	656
611	1019
612	705
612	718
612	1297
612	1527
613	858
613	1179
613	1221
613	1452
613	1516
613	1518
614	1184
614	1459
615	866
615	1524
616	707
616	1048
616	1544
617	697
617	974
617	1456
617	1524
618	1113
618	1172
618	1446
618	1555
619	769
621	1243
621	1319
622	695
622	738
622	782
622	848
622	974
622	1357
623	774
624	1267
625	725
625	739
625	830
625	1080
626	702
626	838
626	880
626	990
626	1236
626	1429
627	796
627	1370
627	1449
628	894
628	959
628	1072
628	1376
628	1424
629	765
629	942
629	1280
629	1595
630	1136
630	1313
631	779
631	1400
632	1065
632	1329
632	1426
633	1016
633	1149
633	1278
635	993
635	1294
636	1169
636	1402
636	1574
637	938
639	710
639	1074
639	1204
639	1573
640	825
641	867
642	918
642	950
642	1239
643	715
643	1053
643	1090
643	1394
644	724
644	807
644	891
644	1047
644	1292
644	1411
645	1254
645	1402
646	1274
646	1499
647	851
647	1234
648	1206
649	695
649	851
649	1073
650	784
650	1088
650	1305
651	1038
651	1085
651	1099
651	1530
652	842
652	1343
653	816
653	1043
653	1115
653	1187
653	1281
653	1313
654	732
654	920
654	1354
654	1358
654	1572
655	767
655	1216
656	1062
656	1355
656	1407
657	1045
657	1585
658	1337
659	696
659	886
660	848
660	1437
661	711
661	805
661	813
661	1012
661	1159
661	1456
661	1598
662	1232
662	1284
662	1420
663	917
664	738
664	965
664	1165
664	1258
665	743
665	1311
665	1410
665	1551
667	1014
667	1398
668	1038
668	1338
670	982
670	1220
670	1411
671	1154
671	1345
672	890
672	1540
673	902
673	1578
674	1380
674	1545
675	1195
675	1269
675	1337
675	1529
676	845
676	1029
676	1239
677	800
677	954
677	1020
677	1074
677	1207
678	1048
678	1380
678	1525
679	1588
680	1491
681	949
681	1241
681	1319
681	1327
682	766
682	951
682	1138
682	1501
682	1530
682	1584
683	957
683	1026
683	1411
684	897
685	835
685	1393
686	1203
686	1400
686	1489
687	899
687	980
687	1178
687	1334
688	1336
688	1456
689	956
689	1206
689	1587
690	823
690	1194
690	1218
690	1332
690	1354
690	1460
691	1111
692	950
693	1105
693	1227
693	1260
693	1546
695	1261
695	1483
695	1558
696	859
696	974
696	986
696	1010
696	1321
696	1371
697	1017
697	1307
697	1325
697	1470
698	1033
698	1327
698	1416
698	1551
699	810
699	1295
699	1458
700	822
700	968
700	1161
701	874
701	1317
701	1352
702	710
703	1108
704	1044
704	1135
705	955
706	809
706	1088
706	1437
707	1319
709	1105
711	1077
711	1245
711	1551
712	838
713	736
713	1168
715	1253
716	1210
717	906
717	1407
718	810
718	1202
718	1525
720	724
720	748
720	1178
720	1554
722	1090
722	1314
722	1590
723	1089
723	1297
723	1322
724	799
724	891
724	1119
724	1149
724	1275
724	1295
724	1457
725	1102
726	739
726	902
726	991
726	1211
729	784
731	1284
732	740
732	790
732	802
733	826
733	1102
733	1114
734	1123
734	1365
734	1565
735	881
735	915
735	941
735	1018
736	1302
737	889
737	1113
737	1288
737	1494
738	749
738	803
738	825
738	945
738	1532
739	1051
739	1242
739	1413
740	927
740	1560
740	1591
741	942
741	1048
741	1375
742	1451
743	1249
744	835
744	1272
744	1288
744	1514
745	1106
745	1241
745	1599
746	925
746	1110
746	1218
746	1594
747	766
747	1083
747	1291
748	1019
748	1036
748	1128
748	1249
749	1249
750	880
750	994
750	1279
751	772
751	887
751	1484
752	852
753	1233
755	800
755	995
755	1302
755	1499
756	1264
756	1345
757	1237
757	1261
757	1595
758	896
758	1128
759	1195
760	1577
761	1090
761	1197
761	1530
762	813
762	1259
763	776
763	928
765	1031
765	1577
766	1365
766	1566
767	973
767	1243
767	1395
768	1385
768	1388
769	1059
770	958
770	1296
771	911
771	1248
771	1261
771	1283
772	945
772	1101
772	1357
772	1360
773	1130
776	840
776	985
776	1352
777	1090
777	1121
778	1156
778	1266
779	868
779	1494
780	895
780	1426
781	1118
781	1276
782	859
782	1053
782	1060
782	1598
783	1188
783	1377
783	1433
784	1373
784	1544
785	902
785	1115
785	1154
785	1166
785	1281
785	1438
786	1249
786	1308
787	1114
787	1138
787	1269
789	879
789	971
790	1118
790	1315
791	948
791	1133
791	1551
792	907
792	953
792	1273
793	870
793	1384
794	869
794	1034
794	1073
794	1105
796	910
796	1112
796	1227
796	1252
796	1584
797	917
797	949
797	1212
797	1445
798	835
799	1285
799	1474
799	1551
800	886
800	1441
801	1376
801	1580
802	1093
802	1144
802	1158
802	1163
802	1400
802	1542
803	1204
803	1367
804	1003
804	1111
804	1147
804	1240
805	1408
807	925
807	1487
808	1109
808	1246
809	1221
810	1403
810	1568
811	1273
812	1483
813	1188
814	1356
815	816
815	1072
815	1108
815	1445
816	1070
818	945
818	1379
818	1385
819	927
819	1442
820	1016
822	967
822	1412
823	1221
823	1448
824	1329
824	1555
824	1579
825	987
825	1171
825	1352
825	1426
826	1257
826	1316
827	960
827	1029
827	1309
828	964
829	1344
829	1435
830	901
830	1080
830	1247
831	1114
832	1142
833	1262
833	1307
834	1255
834	1355
835	871
835	1339
835	1521
836	1196
837	985
837	1101
837	1425
837	1490
839	1025
839	1144
839	1267
839	1558
840	1227
841	1099
841	1546
841	1570
842	1029
842	1164
842	1212
842	1261
843	1272
843	1408
844	881
844	1072
844	1420
846	1151
847	1593
848	1508
848	1530
851	907
851	1282
853	974
853	1315
854	946
854	1428
854	1586
855	869
855	991
855	1324
855	1440
856	1075
856	1095
856	1193
857	909
857	1184
858	1544
859	1223
861	964
862	983
862	1303
863	1199
863	1307
864	1547
864	1560
865	1046
865	1179
865	1565
866	1101
866	1195
866	1207
866	1350
866	1456
867	1037
870	1395
871	1058
871	1499
874	1151
874	1302
875	1496
875	1549
876	1492
877	1539
878	926
878	1142
878	1253
878	1259
878	1310
878	1521
879	1183
879	1264
880	882
880	1137
880	1249
880	1527
881	1304
881	1452
882	994
882	1421
883	1324
884	938
884	1277
889	1514
889	1522
889	1531
890	1268
891	935
891	1325
892	947
893	912
893	1284
894	1177
894	1376
894	1482
895	1047
895	1173
895	1532
896	998
896	1184
896	1213
896	1362
898	1599
900	926
900	1121
900	1448
901	1191
901	1285
901	1310
901	1474
903	906
903	1408
904	1269
905	1321
905	1555
906	1326
906	1485
907	1182
907	1193
907	1474
908	1086
908	1294
909	919
909	1577
911	944
911	1386
912	1206
912	1219
912	1274
914	1465
915	1212
915	1326
915	1427
916	1034
918	1370
918	1409
918	1420
919	1528
920	996
920	1509
921	1453
921	1544
923	1049
923	1060
923	1127
923	1256
923	1319
924	1175
924	1516
926	932
928	1015
928	1292
928	1538
929	1002
929	1219
929	1282
929	1516
930	1038
931	1524
932	1074
932	1353
932	1357
935	1348
937	1546
937	1559
939	1445
939	1533
939	1592
944	1085
944	1124
945	1057
945	1401
946	1316
947	1029
947	1439
948	1109
948	1178
949	1080
950	1326
951	988
951	1134
951	1586
952	1061
952	1111
952	1523
953	1454
953	1514
953	1547
954	1103
954	1293
954	1340
954	1412
954	1511
955	1238
956	1168
956	1589
957	1083
957	1586
958	1232
959	980
959	1463
960	1474
961	1061
962	1210
962	1416
963	1099
963	1209
964	1259
964	1313
965	997
966	1089
967	1448
969	1081
969	1122
969	1482
971	1051
971	1548
973	1344
974	1242
975	978
977	1498
978	1164
979	1378
979	1550
981	1197
981	1223
981	1234
982	1224
982	1256
983	1380
984	1143
984	1216
985	1095
985	1567
986	1403
986	1577
987	1339
987	1413
988	1522
991	1451
991	1582
992	1511
993	1239
994	1329
994	1330
996	1470
996	1547
996	1585
997	1045
997	1391
998	1465
998	1512
999	1101
1000	1056
1000	1277
1000	1516
1000	1553
1001	1229
1002	1077
1002	1183
1002	1197
1002	1381
1003	1008
1003	1194
1004	1433
1006	1563
1007	1130
1007	1343
1007	1421
1008	1241
1009	1011
1010	1212
1012	1212
1012	1349
1013	1099
1013	1383
1014	1104
1014	1121
1014	1381
1014	1389
1015	1291
1015	1316
1016	1062
1016	1203
1017	1161
1018	1492
1018	1500
1018	1534
1019	1381
1019	1457
1019	1594
1020	1172
1020	1358
1022	1039
1022	1112
1022	1275
1022	1538
1023	1072
1023	1149
1023	1529
1024	1376
1024	1497
1025	1224
1026	1324
1026	1342
1027	1034
1027	1163
1027	1349
1027	1434
1027	1477
1028	1087
1028	1359
1029	1102
1029	1492
1029	1518
1030	1187
1030	1341
1031	1286
1031	1307
1032	1105
1032	1405
1033	1339
1033	1491
1034	1083
1034	1088
1034	1341
1036	1235
1036	1454
1038	1343
1039	1186
1039	1289
1040	1477
1041	1235
1041	1473
1042	1112
1042	1463
1042	1583
1043	1511
1044	1530
1045	1263
1046	1273
1046	1356
1046	1454
1047	1179
1047	1302
1047	1553
1047	1574
1048	1156
1048	1345
1050	1275
1051	1221
1053	1133
1053	1301
1054	1346
1055	1210
1055	1364
1055	1417
1055	1424
1055	1441
1056	1353
1058	1275
1058	1401
1058	1425
1058	1466
1059	1301
1059	1490
1059	1507
1060	1278
1060	1587
1061	1333
1063	1255
1063	1578
1065	1077
1066	1399
1067	1561
1070	1199
1070	1239
1071	1443
1071	1544
1072	1567
1075	1338
1078	1230
1078	1443
1079	1594
1080	1371
1081	1591
1082	1515
1083	1314
1083	1318
1083	1403
1085	1321
1085	1453
1087	1258
1087	1443
1088	1179
1089	1230
1090	1377
1090	1542
1092	1468
1093	1136
1093	1350
1093	1548
1094	1306
1094	1506
1096	1121
1096	1135
1096	1151
1097	1205
1097	1432
1098	1182
1098	1189
1098	1415
1099	1298
1100	1418
1102	1292
1102	1480
1103	1515
1104	1594
1105	1152
1105	1275
1105	1382
1106	1125
1106	1576
1107	1131
1107	1228
1107	1241
1107	1451
1107	1471
1108	1133
1108	1498
1109	1216
1109	1535
1110	1268
1112	1199
1113	1244
1113	1303
1114	1194
1115	1336
1116	1549
1117	1141
1117	1268
1117	1530
1119	1134
1119	1557
1122	1180
1122	1364
1125	1345
1125	1404
1126	1338
1126	1464
1127	1229
1127	1578
1128	1151
1128	1159
1128	1420
1129	1165
1129	1360
1130	1428
1130	1524
1131	1526
1132	1193
1132	1382
1132	1536
1133	1205
1133	1314
1135	1185
1136	1359
1137	1521
1138	1256
1138	1414
1140	1588
1141	1170
1141	1414
1142	1493
1145	1287
1145	1316
1145	1361
1146	1324
1147	1415
1147	1433
1147	1543
1147	1544
1148	1368
1148	1436
1149	1384
1150	1368
1150	1412
1151	1210
1152	1319
1152	1499
1153	1342
1155	1173
1159	1403
1160	1167
1160	1277
1161	1335
1161	1358
1162	1194
1164	1211
1164	1549
1165	1257
1169	1531
1171	1496
1171	1561
1173	1439
1173	1543
1174	1460
1179	1505
1182	1540
1184	1485
1185	1539
1186	1230
1186	1274
1186	1328
1188	1339
1189	1214
1189	1277
1190	1471
1192	1477
1193	1273
1193	1460
1196	1286
1196	1332
1196	1472
1196	1479
1197	1377
1198	1269
1198	1466
1198	1471
1201	1407
1204	1349
1206	1250
1206	1286
1206	1489
1206	1522
1207	1242
1208	1450
1208	1494
1208	1507
1208	1579
1212	1262
1213	1250
1213	1492
1214	1266
1215	1236
1215	1308
1217	1599
1218	1361
1221	1319
1224	1404
1225	1263
1228	1288
1228	1314
1229	1393
1230	1365
1230	1552
1231	1244
1232	1374
1233	1517
1234	1417
1234	1515
1235	1505
1237	1511
1238	1319
1239	1309
1239	1478
1240	1506
1241	1512
1242	1263
1242	1315
1242	1418
1243	1360
1243	1508
1245	1320
1247	1315
1247	1339
1248	1260
1249	1342
1249	1360
1251	1379
1252	1291
1252	1352
1252	1558
1253	1265
1257	1488
1259	1333
1260	1489
1261	1348
1262	1300
1263	1526
1264	1326
1264	1431
1265	1289
1266	1502
1270	1395
1275	1470
1275	1581
1276	1290
1276	1429
1277	1346
1277	1471
1277	1523
1279	1563
1281	1427
1281	1581
1282	1376
1283	1304
1283	1386
1284	1512
1284	1538
1285	1355
1290	1325
1291	1484
1291	1525
1291	1568
1292	1385
1295	1463
1295	1533
1296	1336
1297	1506
1300	1373
1301	1546
1301	1547
1302	1314
1304	1408
1304	1452
1306	1369
1307	1567
1308	1413
1310	1384
1310	1510
1310	1513
1311	1440
1312	1456
1312	1574
1313	1569
1314	1583
1315	1423
1318	1521
1327	1434
1329	1492
1331	1464
1331	1486
1331	1571
1340	1372
1343	1382
1343	1521
1345	1396
1347	1421
1348	1491
1350	1410
1351	1551
1353	1423
1354	1359
1354	1421
1357	1413
1357	1452
1357	1547
1357	1566
1359	1487
1360	1368
1363	1504
1363	1571
1367	1532
1368	1513
1373	1547
1373	1556
1376	1468
1383	1465
1386	1558
1387	1544
1389	1406
1389	1417
1390	1506
1393	1468
1397	1530
1400	1524
1400	1526
1401	1407
1406	1453
1408	1479
1409	1484
1410	1430
1411	1443
1413	1512
1414	1495
1414	1556
1415	1426
1416	1508
1418	1583
1421	1569
1424	1429
1425	1460
1426	1529
1429	1586
1431	1500
1431	1503
1435	1557
1436	1462
1438	1543
1440	1453
1440	1518
1444	1565
1445	1504
1447	1490
1447	1565
1449	1535
1450	1492
1451	1457
1452	1573
1452	1598
1456	1471
1457	1508
1457	1574
1461	1494
1463	1534
1465	1509
1467	1490
1480	1495
1484	1558
1485	1540
1486	1534
1491	1597
1512	1557
1513	1553
1516	1585
1522	1572
1528	1529
1528	1572
1531	1567
1534	1557
1540	1559
1540	1563
1541	1584
1543	1568
1551	1577
1552	1553
1563	1579