0	90
0	330
0	1320
0	1444
0	1563
1	662
1	1555
2	902
2	1013
2	1490
3	223
3	775
3	1203
3	1521
4	176
4	342
4	618
4	677
4	696
4	991
4	1585
5	186
5	285
5	345
5	773
5	1081
5	1181
5	1256
5	1461
6	256
6	714
6	824
6	854
6	905
7	887
7	1049
7	1238
8	1079
8	1225
8	1412
8	1587
9	249
9	509
9	558
10	203
10	287
10	400
10	435
10	614
10	618
10	982
10	1309
10	1417
11	360
11	830
11	1075
11	1349
12	350
12	678
12	1456
13	64
13	1179
13	1562
14	278
14	1064
14	1419
14	1531
15	256
15	505
15	1151
15	1394
15	1514
16	732
16	1184
17	75
17	332
17	750
17	824
17	858
17	998
17	1570
18	52
18	93
18	181
18	883
18	1266
19	401
19	566
19	624
19	1471
20	73
20	492
20	925
20	1343
20	1409
21	551
21	1069
21	1430
21	1569
22	38
22	143
22	397
22	618
22	825
22	1184
23	178
23	1055
23	1331
23	1340
24	428
24	448
24	626
24	934
24	1012
24	1271
24	1352
25	705
25	911
25	1041
25	1247
25	1445
25	1463
25	1510
26	176
26	456
27	357
27	899
27	1310
27	1317
28	230
28	564
29	993
29	1045
30	219
30	564
30	843
30	988
30	1022
30	1079
31	635
31	847
31	993
31	1225
32	708
32	809
32	920
33	663
33	724
34	534
34	676
34	923
34	1230
34	1431
34	1484
35	162
35	176
35	294
35	527
35	1067
35	1594
36	217
36	266
36	290
36	708
36	721
36	926
37	284
37	957
38	41
38	631
38	924
38	1070
38	1367
39	59
39	207
39	1128
39	1331
40	1046
40	1217
40	1242
41	576
41	845
41	1199
42	778
42	909
42	990
42	1051
42	1475
42	1593
43	350
43	767
43	1297
44	68
44	188
44	263
44	424
44	1051
45	257
45	259
45	680
45	1458
46	311
47	447
47	825
47	827
47	1113
47	1155
47	1416
48	702
48	1396
48	1436
48	1521
48	1572
48	1592
49	491
50	51
50	332
50	459
50	877
50	1229
50	1294
50	1457
51	329
51	755
51	902
51	976
51	1044
51	1237
51	1549
52	131
52	217
52	850
52	1004
52	1387
53	217
53	237
53	659
53	1258
54	763
54	769
54	773
54	800
54	1021
54	1134
54	1476
55	235
55	302
55	493
55	829
55	983
55	1286
56	302
56	998
56	1079
57	1170
57	1360
58	190
58	276
58	321
58	589
58	814
58	985
59	272
59	831
59	840
59	1289
59	1482
60	113
60	264
60	488
60	580
60	1012
60	1562
61	794
61	827
61	937
61	1336
62	148
62	574
62	719
62	722
63	122
63	1368
63	1452
64	316
64	545
64	800
64	1225
64	1391
64	1476
65	476
65	958
65	987
65	1131
65	1247
66	118
66	307
66	588
66	740
66	1114
66	1255
66	1346
67	82
67	237
67	530
67	703
67	1444
67	1568
68	172
68	840
68	1057
68	1277
69	481
69	496
69	1470
70	93
71	389
71	1455
71	1491
71	1542
72	203
73	78
73	248
73	826
73	1562
74	356
75	288
76	742
77	374
77	588
78	432
78	1178
79	1131
79	1577
80	602
80	698
80	883
80	1281
81	388
81	446
81	898
81	1098
82	91
82	897
82	1098
82	1202
82	1256
83	1208
84	609
84	676
84	1289
84	1483
84	1549
85	119
85	358
85	464
85	743
85	919
85	944
85	962
86	841
87	110
87	321
87	488
87	1132
88	280
88	665
88	1281
89	282
89	374
89	384
89	519
89	720
89	721
89	998
90	1119
90	1411
90	1436
90	1594
91	339
91	867
91	964
91	1142
91	1207
92	1351
92	1354
92	1388
93	102
93	729
93	769
93	1086
93	1293
93	1440
93	1577
94	277
94	767
94	1412
95	438
95	1270
96	481
96	910
96	1483
97	770
97	790
97	843
97	864
97	1164
98	488
98	584
98	1048
98	1283
99	156
99	452
99	535
99	562
99	597
99	936
99	1470
99	1526
100	502
100	744
100	865
101	715
101	764
101	1212
101	1466
102	827
102	899
103	254
103	413
103	624
103	731
103	789
103	795
103	1093
103	1097
103	1580
104	417
104	1311
104	1524
105	543
105	619
105	1014
106	136
106	365
106	815
107	239
107	605
107	736
107	981
107	1254
107	1273
108	271
108	1112
108	1487
109	606
110	120
110	365
110	570
110	686
110	796
111	460
111	475
111	698
112	758
112	838
112	1322
114	325
114	614
114	822
114	876
114	1441
115	355
115	1413
115	1490
116	275
116	546
116	604
116	653
116	755
116	850
116	1033
117	119
117	1035
118	613
118	873
118	915
118	1178
118	1429
119	171
119	241
119	366
119	645
120	352
120	669
121	443
121	480
121	606
121	695
122	724
122	1213
122	1492
122	1574
123	339
123	1506
123	1582
124	845
124	1125
125	1207
126	216
126	1002
126	1110
126	1238
126	1437
126	1466
126	1556
127	228
127	559
127	1094
128	497
128	1087
129	631
130	273
130	644
130	713
130	898
130	944
130	1084
130	1132
130	1401
131	561
131	1067
131	1079
132	1029
133	399
133	984
133	1264
133	1299
134	782
134	950
134	1282
134	1459
134	1465
135	915
135	1145
135	1508
136	196
136	228
136	728
136	949
136	1231
136	1467
136	1533
136	1553
136	1588
137	329
137	654
137	813
137	1099
138	224
138	794
138	964
138	1067
138	1391
138	1422
139	194
139	430
139	820
140	221
140	1011
140	1091
140	1233
140	1564
141	307
141	1012
142	1153
142	1202
142	1315
143	268
143	297
143	1115
143	1421
144	247
144	826
144	1266
144	1399
144	1508
144	1543
144	1570
145	792
145	991
145	1112
146	171
146	283
146	390
146	1016
146	1056
147	499
147	552
147	723
147	866
147	982
147	1207
148	1367
149	565
149	665
149	715
149	938
149	1469
149	1494
149	1530
150	413
150	1173
150	1273
151	404
151	434
152	251
152	784
152	1417
153	775
153	1246
153	1454
154	422
154	494
154	862
154	1123
154	1132
154	1246
155	375
155	1495
157	542
157	967
158	585
158	638
158	659
158	747
158	1042
158	1147
158	1597
159	318
159	436
159	521
159	996
159	1252
160	208
160	312
160	467
160	548
160	612
160	1070
160	1254
160	1405
161	169
161	507
161	794
161	1135
161	1175
161	1184
161	1364
162	353
162	533
163	202
163	960
163	961
163	1045
163	1379
164	404
164	737
164	907
165	306
165	772
165	1147
165	1495
166	173
166	1068
166	1101
166	1135
166	1526
167	581
167	1068
168	1212
168	1358
168	1561
169	269
169	595
169	948
169	1444
169	1477
169	1551
170	955
171	338
171	515
171	519
171	1053
171	1431
172	832
172	1267
172	1427
173	1106
173	1385
174	418
174	753
174	1231
174	1377
175	820
175	1330
175	1591
176	1165
177	460
177	677
177	1210
177	1356
177	1368
178	260
178	402
178	1206
178	1376
178	1460
179	801
180	209
180	387
180	396
180	484
180	827
180	1031
181	1031
182	1257
183	463
183	1478
184	365
184	443
184	906
184	1123
184	1328
184	1513
185	416
186	557
186	815
186	1464
187	1491
188	1155
189	206
189	234
189	574
189	583
189	969
189	1178
189	1293
191	533
191	761
191	1277
191	1300
192	1155
193	897
193	942
193	955
194	746
194	797
194	1255
194	1338
195	613
195	1061
195	1164
195	1244
195	1401
196	211
196	293
196	354
197	550
197	758
198	816
198	1181
199	310
199	767
199	994
199	1359
199	1393
199	1474
200	639
200	674
200	1051
201	233
201	396
201	895
201	1025
201	1305
201	1585
202	1269
202	1362
202	1527
203	212
203	873
203	1383
204	856
204	915
205	305
205	1513
206	741
206	1014
206	1111
206	1325
207	700
207	1316
207	1494
207	1556
208	428
208	559
208	744
208	813
209	342
209	896
209	964
209	1351
209	1591
210	632
210	915
210	1296
210	1450
211	445
211	623
211	1037
211	1284
212	276
212	835
212	1097
212	1107
212	1236
212	1384
212	1525
213	392
213	932
213	1179
213	1454
213	1470
213	1588
213	1592
214	300
215	865
215	973
215	1169
215	1583
216	680
216	1436
216	1541
217	1275
217	1344
218	864
219	997
219	1152
219	1383
219	1531
220	253
220	585
220	1003
221	794
221	931
221	1173
221	1517
221	1566
221	1569
221	1574
221	1586
222	248
222	337
222	676
224	416
224	427
224	455
224	908
224	931
224	1056
225	1503
226	474
226	554
226	984
227	1413
228	812
228	820
228	915
228	1014
228	1324
229	560
230	811
230	821
230	936
231	603
231	634
231	1329
232	1130
233	282
233	410
233	475
233	731
233	1024
233	1041
233	1547
234	386
234	475
234	704
234	884
234	1492
234	1532
234	1576
235	531
235	534
235	551
235	649
235	785
235	1577
236	368
236	408
236	677
236	1317
236	1467
236	1499
237	380
238	344
238	756
238	954
239	312
239	534
239	1098
240	710
240	1084
240	1496
242	1324
243	1248
243	1497
243	1555
244	660
244	833
244	1294
244	1310
244	1348
244	1387
244	1450
245	341
245	430
245	627
245	653
245	926
245	1266
246	345
246	514
246	1261
246	1274
247	394
247	522
247	1380
248	265
248	382
248	706
248	745
248	860
248	938
248	1290
248	1431
249	307
249	425
249	1135
250	360
250	430
250	681
250	707
250	1011
251	779
251	1131
251	1357
252	300
252	757
252	853
252	1169
252	1424
252	1453
253	1080
253	1366
254	724
254	1143
254	1379
254	1568
255	573
255	798
255	811
255	1039
256	266
256	285
256	702
256	710
257	460
257	1427
258	415
258	657
258	658
258	1073
258	1405
259	678
259	1172
259	1248
259	1405
259	1594
260	403
260	1244
260	1247
261	722
262	528
262	981
262	1178
263	328
263	486
263	1053
264	744
264	1516
265	436
265	443
265	1175
265	1350
265	1353
265	1503
265	1523
266	445
266	575
266	1362
267	281
267	752
267	881
267	1268
267	1495
268	351
268	1138
268	1355
268	1422
268	1432
269	375
269	1090
270	469
271	357
271	360
271	539
271	995
271	1089
271	1539
272	273
272	472
272	897
272	902
272	1461
273	519
273	611
273	676
273	745
273	1000
273	1353
274	606
274	1047
274	1529
275	375
275	1042
275	1450
275	1474
275	1545
276	381
276	486
276	629
276	1138
277	1202
278	326
278	338
278	357
278	1036
278	1058
278	1292
278	1429
278	1473
279	660
280	358
280	714
281	439
281	635
281	848
281	863
281	1093
281	1269
281	1471
282	380
282	1063
282	1568
283	319
283	571
283	1205
284	430
284	1270
285	448
285	539
285	1320
286	298
287	345
287	580
287	752
287	833
287	1195
287	1427
288	1027
288	1075
289	665
289	1287
289	1501
290	1565
291	308
291	1507
292	398
292	584
292	1531
293	585
293	1069
293	1472
294	470
294	1184
295	433
295	446
295	651
295	841
295	846
295	1282
296	559
296	588
296	691
296	1268
297	591
297	1117
297	1152
297	1154
298	317
299	531
299	588
299	780
299	853
299	1599
300	337
300	443
300	1485
301	484
301	681
302	453
302	560
302	772
303	711
303	824
303	1048
303	1160
303	1271
303	1349
304	494
304	635
305	307
305	395
305	550
305	770
305	1129
305	1424
306	492
306	971
306	1088
306	1258
307	351
307	724
307	891
307	1247
307	1334
307	1419
307	1598
308	666
309	988
309	1455
310	469
310	470
310	717
310	1411
311	420
311	833
311	875
311	1242
312	822
312	1069
312	1357
313	490
313	1007
313	1190
313	1417
314	445
314	533
314	620
315	404
315	810
315	923
315	1211
315	1252
315	1350
316	641
316	815
316	1036
317	874
317	942
317	1432
318	534
318	1050
318	1323
319	977
319	1169
319	1502
320	828
321	1231
322	818
322	1338
322	1584
323	964
323	1441
324	1438
324	1448
325	682
325	994
325	1474
326	558
326	921
326	1130
326	1444
327	1005
327	1259
328	623
328	656
329	634
329	1350
330	380
330	463
330	1461
330	1598
331	346
331	805
332	979
332	1190
332	1576
333	907
333	1028
333	1158
334	1019
334	1054
334	1223
334	1444
334	1477
334	1547
335	429
335	608
335	746
335	1217
335	1395
335	1422
335	1508
335	1592
336	969
336	1009
337	574
337	884
337	1028
337	1355
337	1507
338	536
338	1149
340	902
340	1062
341	421
341	501
341	772
342	417
342	929
342	1235
342	1498
343	576
343	991
343	1196
343	1512
344	618
344	670
344	926
344	1498
345	602
345	1566
346	355
346	517
346	663
346	1062
347	480
347	1361
347	1439
348	645
348	1093
349	467
349	1057
349	1141
349	1535
350	731
350	969
350	1149
351	1193
352	791
352	1061
352	1314
352	1493
353	520
353	609
353	959
353	1527
354	440
354	557
354	1298
354	1469
354	1529
355	376
355	576
355	1225
355	1569
355	1583
356	807
356	1178
356	1566
357	501
357	722
358	451
359	1214
360	611
360	1382
361	394
362	894
362	1095
363	567
363	720
363	762
363	953
363	1214
363	1254
363	1335
363	1358
364	439
364	972
364	1464
365	419
365	596
365	1165
365	1409
366	410
366	879
366	1055
366	1090
366	1177
367	748
367	1293
367	1426
368	982
368	1071
368	1280
369	543
369	779
369	814
369	1510
370	738
371	572
371	710
371	1375
372	417
372	649
372	1156
372	1464
373	685
373	699
373	990
374	741
374	1294
374	1382
375	390
375	1336
375	1514
376	415
376	465
376	1206
376	1412
376	1483
376	1551
377	463
378	407
378	1129
378	1229
378	1397
378	1535
379	864
379	947
379	1491
380	615
380	724
380	998
381	600
381	914
381	1266
382	532
383	387
383	530
383	1018
383	1404
384	486
384	846
384	1030
384	1077
385	392
385	745
386	672
386	788
386	1580
387	1525
388	762
388	1582
389	872
389	1148
390	582
390	805
390	819
390	1109
390	1302
390	1537
391	457
391	860
391	1180
392	397
392	1457
393	906
393	969
394	601
394	856
394	870
394	1143
394	1248
395	637
395	710
395	1027
395	1320
395	1351
395	1367
395	1589
396	1098
396	1157
396	1522
396	1527
397	1140
398	727
398	1505
399	428
399	564
399	686
399	828
399	940
399	1396
399	1423
400	658
400	735
400	1215
400	1564
402	683
402	796
403	938
403	983
403	1108
403	1351
403	1474
404	442
404	679
404	981
404	1430
404	1440
405	451
405	941
405	1071
406	628
406	717
406	1004
406	1518
407	508
408	728
408	977
408	1184
409	1062
410	521
410	525
410	531
410	839
411	1082
412	529
412	1343
413	634
413	704
413	976
414	807
414	1467
415	504
415	505
415	559
415	578
415	1538
417	681
417	1348
418	690
418	957
418	1101
418	1191
418	1258
419	467
419	469
420	748
420	957
420	1544
421	877
421	1104
421	1470
422	928
422	1056
422	1242
422	1348
423	595
424	1313
425	934
425	949
425	1225
425	1253
425	1296
425	1490
426	762
426	903
426	913
426	1230
426	1383
426	1589
427	474
427	736
427	1124
427	1168
427	1179
427	1256
428	569
428	893
428	1095
428	1282
428	1354
429	441
429	734
429	1138
429	1516
430	508
430	558
430	573
430	1104
430	1455
431	822
432	1359
433	523
433	529
434	982
435	527
435	1575
436	460
436	971
436	1517
436	1581
437	463
437	689
437	697
437	1062
437	1240
437	1329
438	552
438	876
438	1388
439	577
439	618
439	896
439	1095
439	1259
440	673
441	993
441	1050
441	1186
442	898
442	1260
442	1293
442	1355
442	1467
442	1493
443	1258
444	599
444	607
444	780
444	976
444	1041
445	699
445	821
445	1324
445	1530
446	500
446	664
446	848
446	1251
446	1330
447	1367
447	1384
447	1559
448	747
448	1102
449	590
449	947
449	1324
449	1366
449	1495
449	1599
450	910
450	942
450	964
450	1223
450	1566
453	1142
454	933
456	899
456	1185
456	1408
457	777
457	930
457	1069
458	1106
458	1577
459	525
459	825
459	1155
459	1344
460	482
460	741
460	749
460	1090
461	1137
461	1183
461	1468
462	478
462	526
462	760
462	1142
462	1228
462	1241
462	1485
463	789
463	840
463	913
463	1085
463	1415
464	866
465	568
465	710
465	1465
466	1567
467	878
467	923
467	1031
468	810
468	888
468	1310
468	1417
469	585
469	1186
469	1387
470	852
470	1126
470	1242
470	1264
470	1339
471	941
471	987
471	1066
471	1149
471	1186
471	1446
472	728
473	649
473	926
473	1304
473	1451
473	1556
474	508
474	952
474	1018
475	763
475	915
475	1237
475	1262
476	738
476	980
476	1309
476	1315
477	749
478	730
478	1301
479	855
480	611
480	740
480	825
480	846
480	1421
481	597
481	908
481	981
481	1134
481	1284
482	1190
482	1269
482	1492
483	1432
484	614
484	732
484	1158
484	1334
484	1527
484	1561
485	584
485	751
485	839
485	1234
485	1281
485	1483
486	661
486	887
486	925
486	1050
487	1326
489	509
489	999
489	1183
490	553
490	944
490	1214
490	1258
490	1590
491	676
492	577
492	837
492	915
492	1206
493	1268
494	695
494	1059
494	1209
494	1287
494	1289
495	887
495	1475
496	888
496	1043
496	1085
497	1123
498	1430
498	1470
499	989
500	547
500	653
500	889
500	1576
501	675
502	1137
502	1340
502	1517
502	1582
503	598
503	782
503	948
503	1026
503	1129
504	786
504	1344
505	1120
505	1187
506	1038
507	732
507	1412
508	668
509	706
509	1358
509	1373
510	1225
510	1232
511	1260
511	1294
512	560
512	936
512	1119
512	1176
512	1540
513	741
513	1453
513	1587
514	604
514	684
514	861
514	973
515	637
515	649
515	935
515	1009
516	554
516	794
517	1282
517	1579
518	547
518	618
518	637
518	1534
518	1590
519	546
519	1089
519	1143
520	536
520	1267
521	526
521	765
521	789
521	1170
521	1500
522	1164
522	1400
524	722
524	807
524	1174
524	1391
524	1485
525	1399
527	782
527	1044
527	1159
527	1282
527	1285
527	1373
528	684
528	781
528	1457
528	1578
529	694
529	883
530	610
530	1072
530	1147
530	1383
531	698
531	1240
531	1251
531	1466
532	882
533	1001
534	639
534	680
534	810
534	1028
534	1123
534	1295
535	710
535	904
535	1369
536	699
536	1086
536	1101
536	1146
536	1362
536	1479
536	1489
537	676
537	841
537	1543
538	1509
539	776
540	621
540	932
541	796
541	1245
541	1281
542	554
542	863
542	981
542	1052
542	1244
542	1305
543	1117
544	762
544	842
544	906
544	1488
545	1031
545	1051
545	1198
546	753
546	784
546	894
546	996
546	1122
546	1206
546	1246
546	1307
547	795
547	1131
547	1457
547	1578
548	578
548	1379
549	1256
551	1452
551	1574
552	935
552	1179
553	576
553	736
553	925
554	628
554	656
554	936
555	727
555	1243
555	1286
555	1319
556	1190
558	819
559	813
559	1194
559	1248
560	892
560	1070
561	613
561	821
561	1427
562	1234
562	1366
563	1019
563	1071
565	956
565	1021
565	1082
565	1326
566	942
566	1045
566	1168
567	766
568	603
568	682
568	1072
568	1253
569	1430
569	1523
570	642
570	1129
571	887
571	1185
571	1270
571	1369
572	757
572	902
572	1267
572	1406
573	831
573	1058
573	1265
573	1272
573	1479
573	1547
574	611
574	665
574	951
574	1284
574	1575
575	965
575	1037
575	1176
575	1245
576	885
577	1528
578	736
578	929
578	1095
578	1229
578	1522
579	982
579	1043
579	1076
580	779
580	815
580	1298
580	1322
580	1351
581	984
581	1310
582	847
582	1030
582	1132
582	1307
582	1479
583	674
583	957
583	1077
583	1266
584	1014
585	606
585	758
586	1546
586	1570
587	1060
587	1489
588	770
588	872
588	1206
588	1421
589	899
590	606
590	1085
591	1036
592	1426
592	1464
593	677
593	687
593	1133
593	1337
593	1492
594	644
594	1552
595	761
595	1031
595	1221
598	755
598	912
599	765
599	1223
600	759
600	899
601	696
601	1190
602	663
602	1022
602	1363
603	974
603	1349
603	1457
604	765
604	1259
604	1495
604	1496
604	1563
605	684
605	1016
605	1075
605	1430
606	660
607	820
607	828
607	923
607	973
607	1081
608	926
608	1167
608	1200
609	915
609	1073
609	1222
609	1308
610	690
610	997
610	1113
610	1128
610	1386
611	878
611	1047
611	1571
612	915
613	697
613	884
613	996
613	1050
613	1084
613	1171
614	1553
615	1147
615	1357
615	1371
616	674
616	1074
616	1564
617	920
617	1285
618	654
618	835
618	1021
618	1454
619	1267
619	1354
619	1387
620	903
620	928
620	944
620	1112
620	1209
620	1235
620	1297
621	985
621	1139
621	1174
622	880
622	1116
622	1305
622	1344
623	1049
623	1114
623	1597
625	1059
626	1150
626	1565
627	685
627	1142
627	1319
629	672
629	887
629	1316
629	1374
630	891
630	1131
630	1391
631	750
631	940
631	1172
631	1232
631	1462
631	1533
632	1021
632	1043
633	817
633	948
633	957
633	1131
633	1328
634	1447
635	1145
635	1435
636	703
638	902
638	1025
638	1103
638	1220
639	891
639	965
639	1135
640	740
640	812
640	1547
641	958
641	985
642	1123
642	1350
642	1452
643	713
644	906
644	1136
644	1236
644	1263
645	864
645	1038
646	788
647	743
647	1086
648	789
648	1238
648	1417
649	666
649	894
649	1023
649	1097
649	1347
650	1316
651	675
651	928
651	1396
651	1558
652	1366
653	1537
654	1164
654	1525
654	1552
655	1539
656	805
656	1500
656	1540
658	1173
659	1017
660	853
660	905
661	1142
662	1091
663	701
663	1456
664	871
664	879
664	1296
664	1408
664	1583
665	1318
665	1355
665	1383
666	867
666	906
666	1373
666	1571
667	1307
668	788
668	957
668	1452
669	727
669	1422
670	685
670	702
670	838
670	1083
670	1226
670	1229
670	1380
671	721
671	737
671	793
671	1031
671	1296
671	1475
671	1554
671	1575
672	1023
672	1117
673	1562
674	783
674	1265
674	1328
674	1482
675	772
675	1059
676	942
676	982
677	844
677	1140
678	1044
679	1180
679	1485
681	1143
681	1466
682	821
683	736
683	865
683	1443
683	1584
683	1597
684	899
684	1032
684	1090
685	733
685	792
685	1368
685	1497
687	1394
688	995
690	866
690	1408
691	807
691	1407
691	1564
692	1369
693	730
693	1026
693	1218
693	1238
693	1291
694	1148
695	834
695	1269
695	1559
696	1282
697	1269
698	1547
699	730
699	1200
699	1265
700	755
700	1274
701	1161
701	1394
702	728
702	868
702	1045
702	1387
703	739
703	1227
703	1323
703	1471
704	762
704	1053
704	1219
705	1063
705	1517
706	1502
707	967
707	1283
707	1385
707	1411
707	1488
708	800
708	846
708	1314
708	1413
709	897
709	1047
709	1122
710	944
710	1012
710	1430
712	795
712	813
713	1219
714	1154
714	1529
716	743
716	1024
716	1348
717	1463
717	1507
717	1531
718	1066
718	1113
718	1523
719	732
720	845
720	1077
720	1090
720	1285
720	1445
721	847
721	1373
722	1244
722	1263
723	833
724	1420
724	1464
724	1514
725	857
725	1019
725	1117
725	1166
725	1215
725	1439
725	1536
726	1249
726	1325
726	1375
726	1460
726	1493
727	1514
728	746
728	881
728	1110
728	1230
728	1405
728	1454
729	971
729	1302
730	1278
730	1343
731	835
731	897
731	1054
731	1480
732	951
732	975
733	1002
733	1278
733	1321
734	989
734	1224
735	1565
735	1591
736	981
736	1258
737	926
737	1050
739	1535
739	1541
740	953
740	1035
740	1408
741	1215
742	860
742	1287
742	1423
743	950
743	1000
743	1145
743	1517
744	1077
744	1417
746	990
746	1432
748	1269
748	1296
748	1313
748	1563
749	994
750	954
750	1241
752	844
752	983
753	794
753	1342
754	1083
755	1074
755	1151
757	830
758	903
759	1031
759	1199
760	879
760	986
760	1282
760	1396
760	1530
761	825
761	1146
761	1522
762	770
762	1391
763	827
763	1335
763	1418
765	1050
765	1285
765	1437
766	870
766	977
766	1181
766	1595
767	1024
767	1359
768	1386
769	1322
769	1554
770	1328
771	1035
771	1169
771	1230
772	1043
772	1145
772	1309
773	1022
774	820
774	970
775	952
776	913
776	1081
776	1458
777	891
777	1230
778	945
778	1482
779	900
779	1394
779	1513
780	860
780	1053
781	855
781	1149
781	1246
781	1493
782	865
782	1135
782	1203
784	1436
785	802
785	895
787	1012
787	1097
787	1211
787	1239
787	1562
787	1563
787	1577
788	791
789	1279
790	966
791	1247
792	1149
792	1513
793	983
793	1163
794	862
794	1170
794	1222
794	1595
795	1095
795	1182
795	1500
796	1293
796	1407
797	1127
797	1144
797	1171
798	810
799	1077
800	1589
801	834
801	1333
801	1547
803	934
803	1222
804	1512
805	866
805	917
805	1537
806	828
806	851
806	1078
806	1145
806	1220
806	1473
806	1518
807	910
807	978
807	1344
807	1475
807	1486
808	1245
808	1247
809	1502
810	849
810	1324
810	1348
810	1422
810	1504
811	1081
811	1302
811	1372
811	1408
811	1431
813	1147
813	1192
813	1493
813	1509
813	1520
814	1548
815	878
815	892
815	1047
815	1226
815	1440
816	960
816	1183
816	1423
816	1482
816	1596
817	1104
818	997
818	1380
818	1597
819	869
819	1026
819	1362
821	827
821	990
821	1463
823	832
823	962
824	974
824	1385
824	1585
825	975
825	1089
826	974
826	1586
827	890
827	1141
827	1262
828	1055
828	1428
829	954
829	1037
829	1041
829	1576
830	1143
830	1198
832	1118
834	923
834	1172
834	1327
835	1028
836	1372
836	1576
837	1157
837	1256
838	944
839	1012
839	1138
839	1148
840	1276
840	1415
841	1202
841	1449
842	1380
845	899
845	1231
846	1371
846	1501
847	1450
849	1066
849	1244
849	1412
850	1522
851	988
851	989
851	1095
851	1141
851	1345
852	952
852	1072
852	1384
852	1442
852	1460
852	1461
853	1368
854	857
854	1368
855	884
855	1354
856	991
856	999
856	1221
857	922
857	996
857	1121
857	1238
859	883
859	1553
860	927
861	1079
863	872
863	888
863	1578
864	1544
865	964
865	1455
866	1334
866	1539
866	1549
867	1119
867	1203
868	884
868	1020
868	1168
869	1403
869	1479
870	966
870	1503
871	899
871	1131
871	1239
873	1194
876	945
876	1241
877	911
877	1054
877	1098
878	1072
878	1123
878	1218
879	977
879	1134
881	1140
881	1209
881	1210
882	1105
883	924
883	1331
883	1479
884	1181
886	940
886	1345
886	1416
886	1472
887	1141
887	1449
888	1137
888	1328
888	1383
888	1466
888	1482
889	964
890	1282
890	1421
891	1159
891	1421
892	1420
893	1367
894	1049
896	924
896	1030
896	1037
897	1335
897	1373
898	1275
898	1304
899	1191
899	1412
899	1469
900	921
900	1191
901	990
901	1087
901	1092
902	916
903	1149
903	1547
903	1584
903	1590
904	1027
904	1243
905	1083
905	1238
905	1292
907	1162
907	1239
907	1284
907	1292
908	997
908	1010
908	1118
909	910
909	1551
909	1584
910	1361
910	1567
911	1054
911	1344
912	1019
912	1238
912	1374
912	1460
913	922
913	1586
914	1011
918	1472
919	1253
919	1275
919	1591
921	1517
922	1104
922	1284
922	1510
923	958
923	1155
923	1401
923	1515
925	1084
925	1388
926	949
926	1404
927	1432
928	1170
929	985
929	1152
930	938
932	1215
932	1363
933	1256
934	1173
934	1539
935	1007
936	1155
937	1316
937	1522
938	1446
938	1465
939	1035
939	1370
939	1466
939	1537
940	1167
941	1017
941	1449
942	986
943	1053
943	1191
943	1471
944	1441
946	1316
946	1450
947	989
947	1198
947	1459
948	953
949	951
949	1194
949	1442
949	1446
950	1095
950	1317
951	1050
951	1501
952	1175
954	1179
954	1369
954	1378
955	1250
955	1447
956	1169
956	1505
958	1064
958	1266
958	1478
960	1221
960	1414
961	1039
961	1061
962	1262
962	1268
963	1034
963	1556
964	1349
965	1085
965	1229
965	1429
966	1018
966	1106
966	1141
966	1262
966	1494
967	1049
968	1564
969	1238
969	1451
969	1572
973	1564
974	1346
975	1273
975	1413
975	1424
975	1530
976	1185
976	1337
977	1526
978	997
978	1199
979	1064
979	1181
979	1195
980	1500
980	1501
981	1196
982	1423
983	1115
987	1420
988	1320
988	1499
988	1534
989	1157
989	1403
989	1559
990	1460
991	1180
991	1468
992	1089
992	1222
994	1036
997	1302
997	1419
998	1024
998	1198
998	1503
999	1472
1000	1197
1000	1490
1001	1350
1003	1366
1003	1460
1003	1522
1003	1570
1004	1419
1005	1032
1005	1150
1006	1092
1006	1331
1007	1362
1007	1387
1007	1449
1007	1465
1008	1259
1008	1433
1008	1542
1009	1475
1010	1040
1010	1051
1010	1151
1010	1435
1012	1097
1012	1182
1013	1317
1013	1372
1014	1074
1014	1213
1015	1077
1015	1593
1016	1154
1016	1306
1016	1490
1017	1125
1018	1352
1018	1456
1019	1181
1019	1489
1020	1536
1020	1537
1021	1065
1021	1196
1021	1289
1022	1145
1022	1234
1022	1585
1024	1307
1025	1082
1025	1166
1025	1405
1028	1380
1028	1483
1030	1349
1031	1112
1033	1243
1033	1290
1034	1449
1034	1521
1035	1483
1036	1414
1038	1104
1040	1096
1042	1216
1042	1547
1044	1163
1044	1285
1044	1344
1045	1213
1046	1126
1047	1580
1048	1314
1048	1326
1049	1337
1049	1521
1050	1421
1050	1466
1051	1463
1052	1251
1053	1248
1053	1389
1054	1066
1054	1266
1055	1085
1055	1453
1056	1325
1056	1348
1056	1371
1056	1562
1057	1165
1057	1214
1057	1329
1058	1150
1058	1215
1058	1502
1059	1260
1059	1580
1060	1341
1060	1560
1061	1066
1061	1560
1062	1367
1064	1091
1068	1185
1068	1472
1069	1287
1071	1555
1072	1083
1074	1381
1076	1370
1077	1305
1077	1526
1078	1227
1080	1361
1080	1455
1081	1475
1082	1220
1082	1325
1083	1088
1083	1144
1083	1449
1084	1118
1084	1221
1085	1289
1086	1273
1087	1391
1089	1106
1089	1468
1090	1242
1090	1463
1090	1596
1091	1134
1091	1246
1092	1530
1094	1515
1094	1594
1095	1219
1096	1111
1096	1218
1097	1364
1100	1470
1100	1593
1101	1354
1101	1580
1102	1290
1102	1407
1102	1509
1102	1559
1102	1562
1103	1108
1103	1426
1103	1441
1108	1239
1108	1256
1109	1343
1109	1407
1110	1379
1111	1264
1113	1286
1116	1504
1117	1509
1118	1133
1119	1476
1121	1356
1122	1202
1122	1206
1122	1357
1123	1468
1125	1361
1125	1387
1126	1270
1126	1387
1126	1433
1127	1185
1127	1305
1128	1183
1129	1251
1129	1289
1129	1456
1130	1353
1130	1407
1131	1208
1131	1336
1131	1574
1132	1597
1133	1413
1133	1515
1135	1435
1135	1538
1136	1237
1137	1176
1137	1384
1137	1500
1139	1572
1144	1287
1144	1573
1146	1514
1147	1298
1147	1570
1148	1352
1149	1517
1149	1568
1150	1288
1152	1338
1153	1189
1153	1596
1154	1543
1156	1344
1157	1329
1157	1581
1158	1176
1158	1335
1158	1593
1163	1296
1163	1593
1165	1281
1166	1277
1166	1551
1169	1361
1170	1208
1172	1191
1172	1508
1173	1279
1173	1591
1174	1189
1174	1348
1174	1550
1174	1578
1176	1295
1176	1359
1176	1426
1178	1209
1178	1307
1178	1404
1179	1220
1180	1237
1180	1539
1181	1549
1183	1372
1183	1421
1183	1424
1183	1595
1184	1225
1187	1385
1187	1531
1188	1363
1190	1477
1192	1532
1195	1357
1196	1407
1197	1220
1197	1382
1197	1560
1198	1327
1198	1471
1198	1533
1199	1482
1199	1573
1200	1268
1200	1273
1200	1494
1201	1320
1201	1429
1202	1589
1204	1556
1206	1247
1206	1535
1207	1392
1208	1449
1210	1272
1211	1315
1211	1380
1212	1352
1214	1317
1214	1341
1214	1411
1215	1418
1216	1354
1220	1248
1220	1466
1221	1587
1222	1456
1222	1584
1222	1586
1223	1416
1223	1528
1224	1324
1225	1253
1228	1334
1229	1423
1231	1306
1231	1327
1232	1298
1232	1510
1234	1241
1236	1338
1238	1283
1238	1465
1240	1302
1242	1278
1242	1373
1242	1514
1244	1463
1244	1521
1246	1310
1247	1267
1249	1322
1249	1548
1250	1363
1250	1449
1251	1300
1252	1355
1253	1475
1261	1399
1263	1357
1264	1559
1266	1485
1268	1452
1269	1334
1272	1341
1272	1449
1272	1489
1272	1578
1278	1332
1281	1472
1282	1549
1284	1291
1284	1444
1284	1589
1285	1354
1285	1586
1286	1290
1287	1348
1287	1510
1291	1382
1293	1512
1294	1468
1296	1327
1296	1386
1296	1524
1296	1591
1297	1361
1297	1419
1297	1470
1298	1505
1299	1413
1300	1483
1301	1334
1302	1366
1303	1518
1304	1378
1304	1526
1304	1532
1304	1593
1306	1379
1306	1475
1308	1358
1308	1365
1308	1557
1312	1456
1312	1528
1314	1599
1317	1384
1319	1494
1319	1564
1323	1400
1325	1401
1328	1338
1328	1489
1329	1514
1330	1381
1331	1560
1344	1409
1346	1350
1348	1481
1349	1594
1350	1499
1352	1519
1355	1403
1356	1380
1365	1438
1366	1481
1369	1541
1370	1385
1370	1540
1371	1526
1371	1540
1372	1523
1373	1398
1373	1553
1374	1435
1374	1579
1383	1427
1384	1422
1385	1451
1386	1494
1388	1400
1390	1584
1392	1511
1398	1434
1399	1482
1401	1526
1401	1567
1402	1515
1405	1416
1408	1430
1408	1436
1408	1498
1409	1440
1410	1584
1412	1564
1421	1425
1421	1572
1422	1485
1422	1504
1422	1554
1424	1432
1429	1544
1433	1481
1436	1492
1436	1592
1439	1496
1439	1559
1440	1552
1441	1585
1443	1538
1449	1477
1450	1456
1460	1537
1472	1504
1472	1530
1478	1498
1479	1491
1485	1544
1492	1515
1495	1581
1496	1566
1497	1549
1498	1504
1503	1567
1507	1571
1507	1594
1515	1550
1515	1551
1516	1536
1517	1570
1533	1598
1535	1539
1541	1556
1547	1572
1549	1558
1574	1578
1576	1580
1585	1590