0	857
0	983
1	150
1	391
1	441
1	751
1	1258
2	1410
3	132
3	211
3	282
3	588
3	1170
3	1243
3	1294
3	1371
4	662
5	11
5	181
5	284
5	314
5	502
5	1077
6	796
6	998
7	97
7	679
7	885
7	929
7	1264
7	1416
8	52
8	198
8	564
8	840
8	920
8	1305
8	1536
8	1597
9	292
9	575
9	1555
9	1572
10	627
10	820
10	1233
11	208
11	667
11	942
11	946
11	1409
12	83
12	148
12	267
12	306
12	430
12	739
12	977
12	1463
13	897
13	1085
13	1594
14	210
14	740
14	1230
14	1370
14	1570
15	446
15	1298
16	126
16	481
16	909
17	78
17	694
17	734
17	886
17	1202
17	1414
18	56
18	116
18	449
19	40
19	1440
20	220
20	628
20	805
20	1071
20	1352
21	58
21	618
21	684
21	763
21	846
21	900
21	1048
22	756
22	1134
22	1311
23	328
23	839
24	183
24	206
24	249
24	464
24	781
24	949
24	954
25	635
25	972
25	1132
25	1348
25	1377
25	1437
26	199
26	384
26	399
27	167
27	533
27	872
27	1238
28	48
28	349
28	407
28	735
28	1230
28	1313
28	1351
29	752
29	1129
29	1209
29	1422
30	182
30	491
31	601
31	1130
31	1508
32	56
32	231
32	1236
32	1564
33	867
34	190
34	1462
35	1079
36	292
36	935
36	1052
37	385
37	899
37	1091
37	1290
38	488
38	1251
38	1289
38	1363
38	1438
39	1233
40	153
40	516
40	1194
40	1335
41	418
41	819
41	870
41	934
41	1112
41	1464
42	54
42	216
42	1105
42	1184
43	158
43	692
43	901
43	1273
43	1310
43	1354
43	1544
44	299
44	402
44	933
44	1227
44	1438
45	769
45	990
45	1160
46	193
46	248
46	319
46	523
46	655
46	797
47	258
47	1158
47	1185
47	1269
48	492
49	139
49	578
49	792
49	1401
50	319
50	766
50	818
50	1220
50	1398
51	386
51	631
51	640
51	915
51	930
52	946
52	962
52	1085
53	138
53	158
53	233
53	1262
53	1417
54	312
54	834
54	1239
54	1327
54	1469
55	473
55	714
56	135
56	557
56	1393
56	1520
57	911
57	1039
58	261
58	268
59	1115
60	872
60	1261
61	271
61	299
62	287
62	457
62	626
62	627
62	1031
63	1405
64	154
64	656
64	750
64	771
64	902
64	1460
64	1524
64	1580
65	297
65	1019
65	1544
66	561
66	997
66	1163
67	368
67	438
67	444
67	1269
68	243
68	359
68	387
68	551
68	827
68	1169
68	1171
68	1261
68	1335
68	1418
68	1460
69	515
69	651
69	981
69	1117
69	1373
70	435
71	691
71	856
71	874
71	1380
71	1429
71	1450
72	515
72	621
72	870
72	907
72	1166
72	1532
73	960
73	1008
73	1452
74	192
74	553
75	149
75	356
75	417
75	422
75	457
75	896
75	1328
75	1552
75	1577
76	350
76	587
76	1430
76	1440
77	136
77	366
77	1591
78	496
78	1259
78	1526
79	110
79	457
79	1438
80	388
80	467
80	702
80	858
81	396
81	1408
82	111
82	388
82	417
82	467
82	492
82	799
82	1572
83	234
83	686
83	805
83	1270
83	1588
84	1135
85	683
85	765
85	1049
85	1266
86	337
86	1286
86	1385
86	1461
86	1484
87	417
87	616
87	984
87	1257
88	379
88	796
89	492
89	736
89	877
90	587
91	332
92	235
92	950
92	1092
93	247
93	459
93	932
93	1075
93	1337
93	1384
93	1592
94	419
94	928
95	256
95	536
95	819
96	288
96	420
96	526
96	1404
97	99
97	162
97	572
97	674
97	903
97	1330
98	531
98	587
98	962
98	1147
98	1390
98	1507
99	823
99	1193
99	1596
100	281
100	630
100	644
100	707
100	769
100	898
100	1486
100	1579
101	426
101	761
102	421
102	484
102	923
102	978
103	272
103	355
103	592
103	758
103	844
104	1052
104	1064
104	1413
105	1283
106	436
106	696
106	737
106	853
106	984
107	109
107	258
107	1500
108	695
108	826
108	936
108	1308
108	1347
108	1465
109	332
109	428
109	555
109	630
109	874
109	1118
109	1237
109	1506
110	777
110	1456
111	272
111	1037
111	1505
112	294
112	1150
113	678
113	706
113	718
113	958
113	978
113	1158
113	1492
113	1585
114	676
114	910
114	1559
115	471
115	776
115	1217
116	412
116	577
116	963
116	1522
117	413
118	292
118	1219
118	1296
119	907
119	1134
120	338
120	1217
120	1289
120	1290
121	1070
121	1295
121	1395
122	806
122	838
123	673
123	992
123	1576
124	363
125	141
125	643
125	773
125	1117
125	1520
126	290
127	432
127	882
127	930
127	984
127	1127
127	1406
128	182
128	796
128	962
128	1475
129	472
130	847
130	900
130	931
130	998
131	273
131	840
131	1573
132	163
132	451
132	605
132	1106
132	1391
132	1494
133	446
133	706
133	957
133	1316
134	1307
134	1593
135	313
135	337
135	501
135	733
135	793
135	923
136	558
136	669
137	329
137	481
137	937
137	1478
138	273
138	340
138	554
138	765
138	1206
138	1493
139	429
139	547
139	612
139	763
139	973
140	557
140	595
140	662
140	870
140	877
141	989
142	523
142	719
142	1291
143	240
143	255
143	1056
143	1319
143	1480
144	800
144	902
144	975
144	996
144	1213
145	313
145	550
145	768
145	1165
146	830
146	855
146	968
147	260
147	390
147	558
147	897
147	996
147	1051
147	1251
147	1594
148	306
148	418
148	736
148	1110
148	1318
149	284
149	322
149	648
149	1252
149	1267
150	156
150	205
150	512
150	767
150	884
150	916
150	1001
150	1055
151	1371
152	652
152	1504
153	680
154	731
154	880
155	560
155	808
155	1193
155	1361
155	1426
156	763
156	974
156	1070
156	1223
157	210
157	366
157	493
157	893
157	1085
157	1240
158	289
158	569
158	682
158	1076
158	1158
158	1498
159	195
159	611
159	1014
159	1225
159	1250
159	1418
160	467
161	507
161	1137
161	1203
162	182
162	193
162	1262
162	1449
163	1419
164	201
164	585
165	591
165	807
166	191
166	336
166	1082
167	796
167	898
167	1228
167	1274
168	450
168	1215
168	1339
168	1566
169	218
169	526
169	868
169	1010
169	1334
169	1447
170	627
170	740
170	1176
170	1549
171	428
171	1115
171	1299
171	1542
172	237
172	459
173	296
173	331
173	883
173	899
173	1397
173	1476
173	1584
174	205
174	480
174	830
174	1361
175	1433
176	569
176	738
176	921
177	426
177	887
177	956
177	1199
177	1252
178	1357
179	731
180	394
180	441
180	569
180	776
181	419
181	915
181	1367
182	332
182	811
182	905
183	484
183	830
184	294
184	500
184	974
184	1089
184	1183
185	427
185	946
185	1317
185	1386
185	1463
186	830
186	1599
187	631
187	700
187	841
187	920
187	1160
187	1315
187	1562
188	333
188	1005
188	1219
188	1304
189	249
189	808
189	938
189	1023
189	1362
190	295
190	389
190	903
190	1209
191	1158
191	1208
191	1307
192	1091
192	1193
193	539
193	593
193	678
193	914
193	1094
194	965
194	972
194	1188
194	1447
195	388
195	718
195	1372
196	640
196	767
196	1531
197	665
198	292
198	532
198	1060
199	909
200	556
200	1183
201	242
201	548
201	1345
201	1532
201	1548
202	352
202	716
202	938
202	990
202	1005
202	1077
202	1115
202	1144
202	1149
202	1323
202	1383
202	1514
202	1566
203	646
203	981
203	1329
203	1403
204	342
204	1077
204	1572
205	535
205	576
205	642
205	812
205	885
205	1303
206	375
206	557
206	700
206	949
206	1311
206	1418
207	333
207	1198
208	1149
209	466
209	853
209	1552
210	924
210	963
210	1450
210	1541
211	647
211	864
211	1546
212	584
212	1325
212	1473
213	564
213	1010
214	813
214	1299
214	1500
214	1558
215	328
215	535
215	1070
215	1281
215	1335
216	371
216	533
216	547
217	806
217	1378
217	1430
218	465
218	694
218	1582
219	594
219	693
219	1049
219	1458
220	517
220	612
220	686
221	566
222	270
222	657
222	743
222	901
223	259
223	303
223	531
223	1226
223	1471
224	500
224	692
224	1096
224	1331
225	336
225	622
225	650
225	1472
225	1480
226	712
226	806
226	937
226	1026
227	263
227	420
227	469
227	624
227	969
227	1493
228	318
228	704
228	1308
229	294
229	961
229	1011
229	1130
229	1575
230	409
230	759
230	876
231	310
231	1591
232	356
232	524
232	741
232	768
233	281
233	985
233	1542
233	1564
234	772
234	1059
234	1151
234	1312
235	629
235	854
235	861
235	895
236	676
236	1155
236	1362
236	1521
237	537
238	1082
238	1375
239	542
239	1144
239	1150
239	1463
240	1316
240	1445
241	417
241	1142
241	1369
242	286
242	368
242	632
242	728
242	1377
242	1581
243	354
243	572
243	871
244	469
244	631
244	670
244	762
244	816
244	820
244	1291
244	1299
244	1582
245	248
245	611
245	1158
245	1244
245	1453
246	560
246	897
246	998
246	1070
246	1211
246	1526
247	496
247	1024
247	1293
247	1572
248	442
248	744
248	782
248	1053
248	1213
249	612
249	721
249	1083
249	1092
249	1211
249	1276
249	1433
249	1579
250	417
250	454
250	635
250	671
250	852
250	1373
250	1493
251	349
251	765
251	839
251	920
251	1523
252	670
253	870
254	354
254	561
254	811
254	828
255	896
255	957
255	1110
255	1126
255	1193
255	1497
256	433
256	659
256	1192
257	320
257	542
257	1114
257	1240
257	1405
257	1537
258	862
258	1027
258	1169
258	1206
258	1483
259	988
259	1006
259	1298
259	1549
260	400
260	1147
260	1312
260	1555
261	387
261	486
261	1280
262	437
262	938
262	1138
262	1554
263	524
263	694
264	859
264	1334
265	607
265	725
265	1097
265	1594
266	829
266	899
266	1308
267	327
267	1560
268	519
268	595
268	715
268	1104
269	474
269	1457
270	351
270	505
270	998
270	1146
270	1531
271	739
271	746
271	1179
271	1279
271	1343
272	289
272	1562
273	882
273	959
274	391
274	1122
274	1218
274	1316
275	659
275	863
275	1595
276	366
276	623
276	796
276	815
276	1250
276	1469
277	992
277	1018
278	509
279	375
279	709
279	854
279	906
279	1140
279	1336
279	1521
280	861
280	1153
280	1223
282	448
282	476
282	477
282	557
282	1026
282	1190
282	1550
283	334
283	561
283	995
283	1515
283	1570
284	322
284	345
284	439
285	346
285	963
286	746
286	1552
287	690
287	985
287	1544
288	518
288	533
288	1260
289	622
289	1140
289	1364
290	414
290	813
290	1165
290	1565
291	472
292	521
292	804
292	1034
293	878
293	1014
294	739
294	1394
294	1399
295	392
295	397
295	420
295	1365
295	1379
296	721
297	494
297	795
297	1261
298	428
298	581
298	694
299	1093
299	1112
299	1521
300	512
300	784
300	1169
300	1238
300	1295
300	1570
301	401
301	947
301	965
301	1481
302	864
303	797
303	1440
304	336
304	380
304	485
304	526
304	783
304	885
304	1021
304	1056
304	1176
305	556
305	832
305	984
305	1003
305	1280
305	1362
307	382
307	708
307	1086
307	1489
308	1070
308	1579
308	1591
309	957
309	1399
310	1523
311	799
311	1040
312	343
312	484
312	528
312	872
312	920
312	993
313	369
313	620
313	1233
313	1539
314	378
314	922
314	1575
315	819
316	1177
316	1285
317	997
317	1133
317	1317
317	1552
318	330
318	723
318	1037
318	1293
318	1325
319	764
319	965
319	1004
319	1111
319	1410
319	1442
320	817
320	896
321	412
322	771
322	1320
323	796
324	363
324	930
324	1201
324	1253
324	1333
325	470
325	533
326	971
327	353
327	404
327	752
328	1057
328	1252
328	1281
331	1202
332	559
332	861
333	481
334	1022
335	603
336	382
336	474
336	666
336	1178
336	1272
337	612
337	702
337	1139
337	1478
338	667
338	744
338	1427
338	1437
338	1485
339	983
339	1187
339	1576
340	433
340	816
340	909
340	1306
340	1452
341	867
341	1084
341	1178
341	1524
341	1559
342	1146
342	1329
343	467
343	1333
344	355
344	609
344	1275
344	1344
345	561
346	360
346	454
346	543
346	567
346	847
346	1026
346	1372
346	1419
347	401
347	480
347	513
347	947
347	974
347	1185
347	1287
347	1305
348	1563
349	481
350	366
350	782
350	884
350	944
350	1430
350	1434
351	613
351	1466
352	679
352	689
352	781
352	1168
352	1543
353	1293
354	426
354	787
354	789
354	821
354	1235
355	604
355	674
355	1398
355	1458
356	1195
357	584
357	1283
357	1522
358	936
358	1139
358	1364
359	684
359	858
359	981
359	1075
359	1204
360	811
360	1164
361	526
361	725
361	904
361	991
361	1113
361	1483
361	1588
362	391
362	682
362	1011
362	1506
362	1518
363	541
363	586
363	811
363	1049
363	1297
363	1514
364	718
364	735
364	972
364	1135
364	1477
365	368
366	1073
367	539
368	805
368	991
369	1089
369	1539
370	479
370	738
370	1247
370	1482
371	442
371	1413
372	813
372	1138
372	1592
373	659
373	678
373	709
373	978
373	1235
373	1391
373	1558
374	587
374	946
375	1190
375	1310
376	681
376	867
376	996
377	501
377	1133
377	1195
378	440
378	1229
378	1544
379	1120
380	477
380	1217
381	800
381	995
382	399
382	456
382	851
382	1390
382	1550
383	1474
384	892
384	1218
385	492
385	1101
385	1340
386	1260
387	478
387	482
387	785
387	1475
387	1537
388	678
388	729
388	749
388	823
388	872
388	978
388	1300
388	1322
389	523
389	550
389	842
389	1094
389	1198
389	1402
391	894
391	1147
392	465
392	471
392	1160
392	1471
392	1492
392	1549
392	1564
393	626
393	631
393	658
393	737
394	431
394	655
394	1134
394	1302
395	515
395	527
395	667
395	724
395	1049
396	483
396	797
396	826
396	1368
397	929
397	1325
397	1479
398	820
399	686
399	1283
400	590
400	591
400	777
401	532
401	1261
401	1443
401	1501
402	1176
402	1266
403	410
403	656
403	777
403	1248
403	1431
403	1481
404	561
404	700
404	794
404	809
405	1043
405	1587
406	594
406	707
406	858
407	647
407	1452
407	1549
408	565
408	855
408	1040
408	1307
409	410
409	667
409	886
409	1429
409	1579
410	453
410	724
410	1017
410	1019
410	1073
410	1161
411	1072
411	1355
411	1512
412	437
412	704
412	904
412	1285
413	1097
413	1464
414	758
414	935
414	1353
414	1429
415	603
415	1171
415	1399
416	1066
416	1107
416	1444
417	1217
418	894
418	1294
419	445
419	474
419	861
419	1498
419	1569
420	588
421	734
421	1268
422	425
422	561
422	803
422	810
422	1028
422	1289
422	1368
423	526
423	752
423	949
423	1460
424	1113
424	1160
424	1551
425	964
425	1462
425	1598
426	1247
426	1355
427	926
427	1014
428	668
428	1492
429	688
429	745
429	1579
430	634
430	853
430	1085
430	1296
431	575
431	621
431	850
431	982
431	1077
432	444
432	648
432	952
432	1274
433	1558
433	1585
434	827
434	1412
434	1576
437	1093
437	1177
437	1403
437	1417
437	1472
438	1007
439	586
439	864
439	1136
440	678
440	955
440	996
440	1405
441	501
441	801
441	1392
441	1490
441	1504
442	996
443	869
443	1353
444	872
444	1020
444	1243
445	843
445	1234
445	1359
446	677
446	895
446	1540
447	642
447	848
447	1386
448	867
448	963
448	1520
448	1573
449	531
449	761
449	764
449	844
449	1016
449	1202
450	759
450	1032
451	635
451	822
451	830
451	1020
451	1387
452	908
452	1589
453	533
453	637
453	998
454	927
455	857
455	1032
456	711
456	774
456	1018
456	1030
456	1193
456	1277
456	1538
457	868
457	1082
457	1529
458	904
458	1216
458	1350
459	1125
460	890
460	1396
461	1211
461	1389
462	673
462	851
462	1189
463	473
463	1596
464	953
464	1066
464	1190
465	966
465	992
466	574
466	653
467	777
467	1092
468	1021
469	566
469	1213
469	1530
470	872
470	1131
470	1238
470	1402
471	861
471	1288
473	1317
473	1369
473	1430
474	790
474	1320
475	610
475	767
475	831
475	1455
475	1562
475	1595
476	593
476	881
476	926
476	978
476	1147
477	731
477	967
477	1167
477	1183
477	1226
477	1491
478	1500
479	542
479	629
479	1077
479	1132
479	1228
480	954
480	1225
480	1357
481	700
481	1121
481	1517
482	806
482	1309
483	627
484	1061
484	1389
485	607
485	797
485	1106
485	1361
486	582
486	825
486	984
486	1088
486	1342
486	1546
487	721
487	772
487	894
487	1243
487	1347
488	939
488	1512
489	1398
490	724
490	1001
490	1055
491	606
491	1122
491	1464
492	528
492	540
492	1237
493	785
494	608
494	640
494	965
495	521
496	655
496	674
496	721
496	869
496	1110
497	673
497	1579
498	875
499	808
499	1106
499	1167
499	1181
499	1430
499	1539
500	881
500	1011
500	1257
501	503
502	547
503	846
504	792
504	973
504	982
504	1222
505	1091
505	1155
505	1309
505	1317
505	1574
506	1012
506	1109
506	1442
507	855
508	545
508	739
509	1449
510	650
510	1040
510	1134
510	1378
511	1033
511	1283
512	680
513	695
513	1003
514	768
514	937
514	1097
514	1241
515	797
515	884
515	1073
517	651
517	973
517	1102
517	1303
518	957
518	1056
518	1311
518	1470
520	605
520	1595
521	766
522	891
522	1338
523	593
523	839
523	1341
523	1365
523	1440
523	1545
524	622
524	1034
524	1418
525	868
525	1371
525	1530
526	671
526	902
527	1195
527	1599
528	581
528	1017
528	1283
528	1404
529	612
530	669
530	1140
530	1287
531	1397
532	583
534	555
534	826
534	1276
534	1520
535	693
535	1010
535	1114
535	1213
536	639
536	1176
536	1234
537	823
537	1494
538	957
538	987
538	1173
538	1214
539	879
539	990
539	1022
539	1218
539	1330
540	721
540	1127
541	578
541	899
541	1339
541	1585
541	1596
542	975
542	1090
542	1276
542	1444
542	1532
543	1162
543	1215
543	1324
544	665
544	1406
545	846
545	956
545	1442
545	1462
546	749
547	846
547	1191
548	681
548	1173
548	1282
548	1517
549	616
550	933
550	1118
551	975
551	1412
552	565
552	1033
553	1047
555	765
555	1252
556	1023
556	1395
556	1432
557	706
557	926
557	1130
557	1323
557	1351
557	1451
558	742
558	835
559	1086
560	1182
560	1557
561	784
561	806
561	1305
561	1578
562	1068
562	1118
562	1132
562	1445
562	1496
563	671
563	1361
563	1434
563	1480
564	682
564	979
564	1249
565	734
566	963
566	1065
566	1072
566	1308
567	666
567	1042
567	1335
568	964
569	667
569	949
569	1216
570	1199
570	1310
571	711
571	719
571	1260
572	579
572	762
572	924
573	648
573	809
573	824
573	828
573	850
573	1211
574	1198
575	881
575	912
576	602
576	1071
576	1232
577	822
578	623
578	1158
578	1575
579	582
579	670
580	945
580	1052
580	1345
580	1346
581	754
581	885
582	734
582	981
582	1535
583	870
583	1372
584	638
584	1121
584	1519
585	864
585	1028
585	1519
586	715
586	977
586	1509
587	809
587	819
587	1277
588	633
588	1025
588	1052
588	1150
588	1280
589	790
590	705
590	958
590	1200
590	1283
590	1565
591	995
591	1064
593	1508
594	833
595	904
596	850
596	1286
596	1501
597	1460
597	1505
597	1561
598	664
598	765
598	779
598	857
598	908
598	1082
598	1478
599	1067
599	1081
599	1287
600	1111
601	662
601	885
601	1070
602	920
602	1254
602	1462
603	632
603	651
603	1397
603	1551
604	1306
605	764
605	1081
606	940
606	1443
606	1599
607	736
607	1563
608	942
608	1402
609	630
610	1566
611	804
611	1009
611	1395
612	671
612	1178
612	1343
613	632
613	1568
614	728
614	862
614	1091
614	1174
615	1114
615	1139
615	1315
616	723
616	1173
617	908
617	1098
618	673
618	926
619	1146
619	1462
620	640
620	810
620	1463
620	1529
621	640
621	713
621	763
621	962
621	982
622	1056
622	1209
622	1470
623	800
624	1447
625	1091
626	697
626	739
626	940
626	1047
626	1457
627	639
627	750
629	992
630	730
630	922
630	1592
631	1005
631	1294
631	1331
631	1360
631	1448
632	647
632	1037
632	1374
632	1490
633	1029
634	898
634	993
634	1119
634	1595
635	659
635	689
635	1121
635	1382
636	987
636	1120
636	1213
636	1417
637	810
638	1319
638	1444
639	1326
640	1529
641	1451
641	1503
642	1220
642	1353
643	664
643	855
643	1116
643	1128
643	1443
643	1516
643	1588
644	981
644	1036
644	1402
645	678
646	728
646	867
646	1112
646	1257
647	713
647	1274
647	1419
649	734
649	868
649	1153
650	1099
651	887
651	1219
651	1479
653	1148
653	1328
654	798
654	1570
655	972
655	1091
655	1372
656	688
656	1081
656	1178
657	1150
657	1290
658	1069
659	749
659	1033
659	1148
659	1193
659	1408
660	735
660	858
660	918
660	1091
660	1113
661	1083
661	1230
662	672
662	1111
662	1190
662	1233
663	708
663	822
663	885
663	1157
663	1307
664	1052
664	1313
665	1194
665	1312
667	1321
668	1096
669	818
669	948
670	883
670	1115
671	672
671	779
671	791
672	1042
673	1187
673	1198
673	1317
675	890
675	921
675	1014
675	1587
676	970
676	1028
676	1494
677	1244
678	1151
678	1181
678	1253
680	1430
681	1001
682	960
682	1318
683	699
684	784
684	932
684	1046
684	1323
684	1383
685	1581
686	1250
687	773
687	839
687	1046
687	1124
687	1530
688	787
688	1048
688	1454
689	858
689	1211
690	719
690	1369
690	1484
691	721
691	1045
691	1444
692	744
692	803
692	820
692	998
692	1068
693	762
693	1106
694	885
694	1539
694	1584
695	932
695	1135
695	1137
695	1438
696	978
697	705
697	709
697	1062
697	1258
698	1185
699	1426
700	765
700	837
700	1233
700	1319
701	776
701	884
701	1336
701	1566
702	1228
702	1280
703	1082
703	1482
704	947
704	1238
704	1471
705	761
705	840
705	990
705	1093
705	1307
706	1010
707	917
707	1175
707	1471
708	942
708	1156
708	1430
709	919
709	965
709	1259
710	934
710	1037
711	1487
712	852
712	1454
713	1087
713	1256
714	762
715	1136
716	1479
717	747
717	1018
717	1203
717	1561
717	1565
718	1071
718	1528
718	1531
719	1201
720	974
720	990
720	1088
721	729
721	1070
722	1089
722	1286
722	1390
723	1380
723	1533
724	900
724	1392
725	822
726	1311
727	1480
728	958
728	1285
729	990
729	1233
730	1354
731	1187
731	1190
732	1482
733	765
733	1042
733	1072
733	1082
733	1137
733	1190
733	1494
734	1145
735	1035
735	1168
735	1186
735	1235
735	1245
736	789
736	898
737	831
737	1228
738	762
738	1336
738	1374
739	925
739	1093
739	1384
740	1268
740	1438
740	1496
742	894
742	1445
744	1090
746	1141
746	1412
746	1574
746	1581
747	931
747	978
748	1248
748	1417
749	1014
750	1253
750	1349
751	858
752	1330
752	1393
752	1585
753	1093
753	1314
753	1457
754	812
754	1399
755	1262
756	1278
756	1382
757	781
757	1462
758	1076
758	1299
758	1516
760	1123
762	984
763	1225
764	1223
764	1272
764	1369
765	1213
766	987
766	1159
766	1186
767	769
767	1134
768	1320
769	1100
769	1564
770	1212
770	1506
771	813
771	1180
771	1470
771	1546
772	1067
772	1179
772	1436
773	1140
773	1590
774	787
774	823
774	1271
774	1398
775	991
775	1096
775	1285
776	1217
776	1498
777	899
777	1546
778	1069
778	1500
779	856
779	1435
780	830
781	1107
782	904
782	1492
782	1544
784	870
784	1187
784	1363
785	1216
786	1105
786	1244
786	1421
786	1564
787	1102
787	1140
788	966
789	1138
790	1274
790	1376
790	1449
793	1276
796	963
796	977
796	1342
797	927
797	1330
797	1552
798	1044
799	847
799	860
799	949
799	1090
799	1227
799	1344
800	920
800	1033
800	1565
801	1190
802	1415
802	1540
802	1578
803	931
803	1033
804	1011
804	1181
804	1433
805	922
805	1205
807	1203
809	1017
810	849
810	1403
810	1579
811	1197
811	1584
812	1321
812	1431
813	1049
814	1230
815	970
815	1251
816	899
816	963
816	1095
816	1145
816	1207
818	1138
818	1335
818	1477
819	1391
819	1428
820	991
820	1389
821	921
821	980
822	1483
823	902
825	876
825	1189
825	1274
825	1507
826	891
827	844
827	879
827	979
827	999
827	1124
827	1472
827	1544
828	872
828	1522
829	1037
829	1231
829	1552
830	896
830	1000
830	1094
830	1221
831	853
831	1096
831	1184
831	1487
832	888
832	1332
833	1491
834	922
834	960
834	1174
834	1346
834	1393
834	1553
835	978
835	1140
835	1588
836	906
836	939
836	1589
837	1084
838	872
838	1309
838	1547
839	1171
841	999
842	858
842	1368
842	1421
842	1524
843	1299
843	1462
845	1151
845	1301
845	1305
846	1089
847	1053
847	1259
849	910
849	1310
850	869
851	1560
852	1252
853	1016
853	1317
853	1486
854	1041
854	1135
854	1179
856	1157
856	1259
856	1508
857	923
857	1086
857	1406
858	1190
858	1248
858	1559
859	1187
859	1571
860	1334
860	1360
860	1534
861	1219
861	1425
861	1579
863	987
864	1168
865	968
866	1249
866	1475
866	1503
866	1528
867	1264
868	1089
869	1447
870	945
870	1124
870	1381
871	1130
871	1488
871	1520
872	1571
873	1086
874	1152
874	1223
874	1578
874	1584
875	1011
875	1065
875	1144
875	1183
875	1321
875	1349
875	1391
876	1143
876	1166
876	1393
877	891
877	1325
878	938
878	1239
879	1154
879	1468
879	1485
880	1106
880	1472
882	1163
882	1452
884	996
885	1005
885	1142
887	1473
888	1222
889	1021
889	1594
890	1038
890	1351
890	1424
890	1459
892	900
892	1420
892	1437
893	978
893	1297
893	1464
895	904
896	965
897	921
897	959
897	1400
897	1485
899	1158
900	1188
901	1018
901	1104
901	1264
902	910
902	978
902	1373
902	1425
903	908
903	916
903	978
904	1145
904	1187
905	1051
905	1396
905	1408
906	974
906	1061
906	1261
907	1038
907	1190
907	1293
907	1332
907	1377
909	945
909	1559
910	1052
910	1237
910	1507
911	1291
913	1462
914	1140
914	1252
914	1381
915	1407
915	1472
915	1496
915	1567
916	1142
916	1222
916	1281
917	1014
917	1050
919	1088
919	1488
920	978
920	1475
920	1545
921	994
921	1022
921	1297
922	1086
922	1150
923	974
923	1046
923	1354
924	1424
925	977
925	985
925	1210
925	1371
925	1387
925	1405
926	1532
927	1255
927	1313
927	1342
928	1114
928	1390
928	1424
929	1044
930	1133
930	1193
932	1006
932	1078
932	1085
932	1273
932	1381
932	1490
933	979
933	1011
934	981
934	1293
935	1405
935	1492
936	1102
937	1063
938	1340
939	1274
939	1280
940	1137
940	1336
941	991
941	1403
941	1540
943	1040
943	1097
943	1313
944	1257
945	963
945	1306
946	1417
946	1419
946	1588
947	1176
947	1232
949	1270
950	1059
951	1003
951	1405
951	1590
953	1087
953	1197
953	1294
953	1350
955	1070
955	1132
955	1562
956	1026
956	1594
958	1356
958	1508
959	1198
959	1535
960	1098
960	1308
961	1179
961	1340
962	1542
964	980
964	1102
964	1317
964	1388
964	1435
966	1487
967	1366
968	1565
970	1097
971	1046
971	1124
971	1445
972	1078
972	1522
973	1253
973	1460
974	1393
974	1596
975	1257
975	1278
976	1309
976	1375
976	1440
977	996
978	1217
978	1589
980	1332
980	1365
981	1022
981	1422
981	1543
982	1358
983	1259
983	1439
985	1440
986	1265
986	1332
987	1568
988	1518
989	1172
989	1240
989	1495
990	1243
990	1419
991	1273
991	1306
991	1405
992	1263
993	998
994	1145
994	1362
994	1422
994	1425
994	1502
995	1091
995	1141
995	1445
996	1424
997	1151
997	1381
998	1272
998	1535
999	1181
999	1182
999	1255
1000	1533
1001	1072
1001	1384
1002	1089
1002	1094
1003	1058
1004	1187
1005	1263
1005	1417
1006	1411
1007	1013
1007	1080
1007	1342
1008	1518
1008	1560
1009	1126
1009	1162
1009	1581
1010	1545
1013	1453
1014	1049
1014	1570
1015	1110
1015	1218
1016	1191
1016	1544
1017	1393
1018	1369
1018	1425
1019	1098
1021	1583
1022	1375
1023	1131
1023	1330
1023	1396
1024	1576
1025	1577
1026	1050
1026	1229
1026	1430
1027	1304
1028	1457
1030	1252
1030	1399
1031	1229
1031	1331
1031	1347
1032	1599
1033	1114
1033	1348
1033	1349
1034	1131
1034	1323
1034	1421
1034	1428
1034	1560
1036	1473
1036	1504
1037	1167
1038	1168
1038	1187
1038	1495
1039	1228
1040	1093
1041	1248
1041	1424
1042	1322
1042	1342
1042	1425
1042	1434
1044	1118
1044	1526
1045	1315
1046	1052
1047	1284
1047	1563
1048	1390
1049	1194
1049	1224
1049	1581
1049	1593
1050	1233
1050	1509
1051	1244
1051	1249
1051	1453
1053	1444
1054	1234
1056	1277
1058	1322
1058	1433
1059	1272
1059	1310
1059	1551
1061	1331
1061	1418
1062	1535
1065	1073
1065	1285
1065	1293
1066	1153
1067	1455
1067	1508
1068	1153
1069	1216
1069	1294
1069	1502
1070	1275
1071	1556
1071	1576
1072	1208
1072	1462
1072	1537
1072	1593
1074	1277
1074	1332
1074	1455
1076	1367
1076	1598
1077	1206
1078	1167
1078	1428
1079	1260
1081	1460
1083	1518
1085	1373
1086	1458
1086	1498
1086	1530
1088	1100
1088	1142
1088	1388
1089	1320
1090	1170
1090	1322
1091	1244
1091	1524
1092	1211
1092	1283
1092	1452
1096	1291
1096	1558
1096	1577
1097	1342
1099	1141
1099	1564
1100	1196
1102	1387
1103	1202
1103	1544
1105	1491
1105	1578
1106	1196
1107	1446
1108	1469
1110	1200
1110	1521
1111	1508
1115	1368
1116	1284
1116	1366
1116	1561
1116	1579
1118	1268
1118	1289
1118	1587
1120	1129
1120	1141
1120	1452
1120	1543
1120	1587
1123	1210
1123	1432
1123	1509
1125	1264
1125	1564
1127	1374
1129	1173
1129	1280
1129	1586
1130	1270
1130	1370
1131	1298
1133	1204
1134	1356
1134	1375
1135	1139
1135	1262
1135	1334
1136	1448
1137	1168
1137	1408
1138	1295
1138	1366
1142	1246
1143	1203
1143	1295
1143	1448
1143	1483
1148	1373
1149	1585
1150	1485
1153	1479
1157	1222
1157	1344
1158	1413
1160	1202
1160	1296
1160	1433
1162	1530
1163	1377
1164	1517
1165	1344
1165	1543
1166	1193
1167	1220
1167	1341
1167	1356
1167	1484
1169	1283
1169	1501
1170	1393
1173	1555
1177	1373
1177	1441
1177	1579
1178	1419
1178	1559
1179	1462
1180	1546
1182	1199
1182	1218
1186	1511
1186	1535
1187	1506
1189	1512
1189	1576
1190	1477
1190	1580
1191	1421
1191	1439
1192	1517
1193	1514
1193	1590
1195	1499
1195	1544
1196	1311
1197	1272
1197	1565
1200	1365
1202	1342
1202	1596
1203	1292
1203	1418
1203	1495
1207	1393
1207	1572
1209	1357
1210	1395
1211	1317
1211	1452
1212	1287
1212	1361
1213	1308
1213	1553
1215	1295
1216	1249
1217	1337
1219	1517
1219	1559
1223	1384
1225	1244
1225	1528
1226	1355
1229	1327
1229	1367
1229	1571
1230	1495
1230	1552
1233	1294
1233	1352
1233	1517
1235	1349
1235	1428
1236	1403
1236	1504
1237	1302
1237	1572
1241	1348
1241	1360
1242	1416
1242	1533
1245	1543
1246	1270
1246	1283
1247	1400
1248	1386
1248	1523
1249	1314
1250	1422
1250	1512
1251	1347
1251	1389
1251	1558
1252	1347
1253	1512
1253	1524
1254	1530
1256	1273
1258	1384
1259	1320
1262	1413
1265	1596
1268	1429
1268	1590
1269	1460
1269	1574
1271	1354
1272	1318
1274	1327
1275	1443
1275	1581
1277	1487
1277	1518
1277	1569
1283	1373
1283	1472
1283	1581
1284	1290
1284	1374
1289	1443
1289	1444
1290	1532
1293	1351
1293	1597
1296	1312
1296	1542
1299	1518
1299	1539
1299	1598
1301	1409
1301	1418
1303	1424
1303	1426
1307	1407
1307	1439
1308	1335
1310	1499
1311	1403
1318	1369
1322	1383
1324	1384
1328	1482
1332	1418
1334	1441
1335	1422
1335	1485
1336	1361
1337	1385
1337	1595
1338	1407
1338	1443
1338	1526
1343	1386
1345	1510
1346	1525
1350	1418
1350	1490
1351	1416
1351	1459
1354	1588
1355	1531
1355	1572
1358	1391
1359	1496
1361	1432
1363	1443
1363	1532
1367	1372
1367	1468
1368	1408
1370	1445
1370	1596
1371	1415
1373	1391
1381	1528
1382	1493
1383	1487
1387	1526
1387	1530
1389	1482
1392	1540
1394	1410
1396	1547
1396	1556
1397	1560
1401	1443
1402	1513
1403	1522
1406	1462
1409	1431
1410	1517
1411	1470
1411	1496
1415	1469
1419	1520
1421	1486
1423	1436
1424	1569
1433	1545
1438	1508
1443	1521
1443	1527
1443	1557
1445	1466
1446	1510
1446	1547
1448	1531
1450	1459
1450	1571
1450	1582
1451	1577
1452	1460
1458	1503
1460	1557
1461	1502
1462	1527
1467	1538
1468	1485
1469	1593
1473	1567
1480	1567
1487	1558
1490	1551
1490	1586
1491	1536
1492	1540
1505	1569
1506	1575
1509	1563
1526	1547
1529	1571
1546	1590
1552	1585
1553	1585
1555	1578
1560	1588
1572	1582