0	40
0	178
0	544
0	1047
0	1393
0	1443
1	138
1	827
1	1093
2	636
3	56
3	872
3	1054
4	380
4	542
4	1035
5	60
5	577
5	837
6	540
6	908
7	18
7	284
7	411
7	588
7	935
7	1234
8	34
8	479
8	804
8	832
8	856
8	1060
8	1112
8	1273
9	1564
10	215
10	774
10	1111
10	1242
10	1424
10	1579
11	184
11	495
11	842
11	1228
11	1432
12	134
12	380
12	606
12	1398
13	518
13	596
13	791
13	1069
14	449
14	614
14	1163
15	96
15	273
15	410
16	806
16	1079
16	1247
16	1534
16	1573
17	761
17	899
17	959
17	1049
17	1385
17	1439
18	64
18	756
18	774
18	879
19	694
19	699
19	1010
19	1161
19	1451
19	1463
19	1583
20	228
20	559
20	864
20	896
21	33
21	333
21	627
21	629
21	842
21	947
21	1182
22	77
22	361
22	635
22	817
22	1179
23	880
23	1349
24	190
24	1063
24	1291
24	1430
24	1540
25	142
26	558
26	1187
27	207
27	260
27	473
27	762
27	1176
27	1208
27	1321
27	1355
27	1383
28	185
28	566
28	696
28	1234
29	962
29	1357
30	341
30	667
30	1021
30	1104
30	1441
30	1556
31	417
31	902
31	1438
32	844
32	1171
32	1265
33	1115
33	1275
33	1504
33	1543
34	363
35	307
35	597
35	686
36	122
36	909
36	1186
37	268
37	1298
37	1459
38	267
38	320
38	609
38	1044
38	1109
38	1135
38	1389
38	1465
39	149
39	463
39	590
39	792
40	199
40	261
40	438
40	889
40	1420
40	1482
40	1581
41	143
41	797
41	1006
41	1207
41	1306
41	1389
42	167
42	319
42	345
42	386
42	553
42	795
42	892
42	1598
43	144
43	495
43	584
43	759
43	1149
43	1253
44	474
44	548
44	590
44	919
45	758
46	125
46	217
46	468
46	474
46	683
46	722
46	1049
46	1292
47	441
47	544
47	598
48	349
48	1458
49	509
49	787
49	932
50	81
50	164
50	1120
50	1570
51	439
51	760
51	996
51	1455
52	620
52	681
52	702
52	832
52	1549
53	238
53	462
53	1232
53	1337
53	1553
54	294
54	488
54	1020
54	1098
54	1120
54	1158
54	1177
54	1384
55	186
55	208
55	546
55	579
55	949
55	1010
55	1254
55	1463
55	1526
56	245
56	248
56	254
56	537
56	757
56	880
56	1077
56	1207
56	1387
57	1070
57	1149
57	1566
58	169
58	429
58	1127
58	1423
59	107
59	695
59	872
60	340
60	1281
61	264
62	135
62	207
62	758
62	787
62	1067
63	318
63	1279
64	127
64	404
64	456
64	1432
65	426
65	543
65	1089
65	1126
65	1260
66	836
66	1294
67	530
67	704
67	780
68	276
68	939
68	1529
69	640
69	1360
69	1530
70	83
70	273
70	488
70	626
70	657
70	1061
70	1167
70	1203
70	1335
71	730
71	1168
71	1277
72	537
72	1041
72	1414
72	1484
73	373
73	383
73	927
73	1083
74	1232
75	156
75	165
75	278
75	366
75	811
76	391
76	495
76	579
76	628
76	646
76	856
76	1367
77	139
77	192
77	286
77	536
77	1256
78	360
78	454
78	763
78	864
78	1061
79	148
79	198
79	350
79	1003
80	458
80	812
80	852
80	1022
80	1127
80	1262
80	1356
81	384
81	745
81	1315
82	301
82	664
82	1282
82	1417
82	1556
83	157
83	165
83	647
83	1516
84	451
84	674
84	998
84	1116
84	1259
84	1266
84	1433
85	333
85	923
85	1351
86	109
86	139
86	157
87	245
87	1184
88	363
88	571
88	731
88	1502
89	682
89	878
89	896
89	1053
90	753
90	837
90	1427
91	270
91	292
91	335
91	1243
91	1452
92	372
92	464
92	793
92	826
92	1045
92	1153
93	448
94	277
94	414
94	446
94	883
94	1505
94	1546
95	116
95	368
95	483
95	647
95	674
95	1114
96	130
96	542
96	547
96	645
96	755
96	813
96	1448
97	398
97	446
98	245
98	256
98	467
98	713
98	1230
99	533
99	699
99	949
99	978
99	993
99	1339
99	1375
100	625
100	904
100	1305
101	471
101	797
101	1039
101	1117
101	1203
102	701
102	743
102	1404
103	363
103	371
103	684
103	866
103	887
103	919
103	944
104	157
104	424
104	1058
104	1181
104	1534
105	447
105	759
106	970
106	1417
107	326
107	1011
107	1427
108	124
108	803
108	1215
108	1520
109	516
109	1480
110	126
110	762
110	809
111	363
111	545
111	609
111	910
111	1027
111	1531
112	710
112	746
112	1356
113	400
113	497
113	805
113	1050
113	1397
114	137
114	641
114	1376
114	1436
115	300
115	877
115	1045
116	1337
117	418
117	565
117	1250
117	1565
118	896
118	1013
118	1136
119	482
119	691
119	837
119	1329
120	515
120	1202
120	1335
120	1466
121	903
121	1232
121	1375
122	554
122	906
122	1527
123	1058
123	1262
123	1484
123	1529
124	270
124	671
124	1067
124	1307
124	1518
125	527
125	1038
125	1455
125	1550
126	375
126	759
126	1349
127	1059
127	1256
127	1569
128	335
128	1121
128	1209
129	782
129	969
130	319
130	553
130	722
130	981
130	1040
130	1150
130	1248
130	1441
131	445
131	907
131	1033
131	1286
131	1556
132	335
132	1232
132	1419
133	432
133	884
133	1149
134	756
134	1268
134	1419
135	252
135	356
135	389
135	1114
135	1501
136	508
136	829
136	1411
137	193
137	386
137	389
137	729
137	1423
138	299
138	331
139	425
139	636
139	1111
139	1244
140	426
140	618
140	1159
141	912
141	1027
141	1252
141	1279
142	1026
143	869
143	1416
144	320
144	382
144	943
145	351
145	609
145	915
145	1177
145	1243
145	1474
145	1597
146	775
146	1002
146	1561
146	1581
147	743
148	921
148	1598
149	257
149	299
149	581
149	663
149	728
150	1076
151	1243
151	1543
152	564
152	801
152	1317
153	218
153	1275
153	1279
153	1325
153	1365
153	1418
154	1074
154	1174
154	1453
155	166
155	867
155	891
155	1215
156	182
156	663
157	1034
158	635
158	982
158	1151
158	1534
159	227
159	360
159	944
159	1003
159	1267
160	498
160	1407
160	1431
161	966
161	1012
161	1096
161	1220
161	1382
161	1409
162	922
163	230
163	411
163	799
163	1033
164	504
164	952
164	1290
165	254
165	426
165	567
165	692
165	749
165	934
166	417
166	852
166	928
166	1307
166	1487
167	206
167	402
167	476
167	525
168	178
168	392
168	511
168	1216
168	1420
169	510
169	652
169	1560
170	388
170	1107
170	1112
170	1159
170	1324
171	179
171	1141
171	1215
172	613
172	669
172	867
172	992
172	1079
172	1387
173	261
173	722
173	1026
173	1429
174	185
174	592
174	1383
175	403
175	414
175	760
175	1270
176	1037
176	1170
176	1289
177	705
177	758
177	859
177	891
178	384
178	494
178	775
178	860
179	991
179	1008
179	1287
179	1518
180	474
180	1066
180	1205
181	661
181	910
181	1099
181	1534
182	206
182	557
182	1396
183	764
183	908
183	1401
184	747
185	606
185	1415
185	1582
186	367
186	614
186	615
186	956
186	1480
187	406
187	1239
187	1453
187	1475
188	382
188	476
188	1006
189	1095
189	1435
190	544
190	654
190	1240
190	1532
191	478
191	1053
191	1215
192	544
192	743
192	954
192	1277
193	260
193	1203
193	1326
194	1269
195	909
195	1221
195	1356
196	485
196	786
196	872
197	370
197	635
197	637
197	741
197	1066
197	1188
197	1341
197	1437
198	318
198	334
198	1131
198	1188
198	1200
198	1265
198	1290
199	844
199	876
200	250
200	376
200	845
201	860
201	1095
202	276
202	503
202	530
202	673
202	821
202	1400
203	411
203	890
203	1391
204	342
204	751
204	923
204	1350
205	554
205	707
205	788
205	1114
205	1269
205	1555
206	619
206	1010
206	1141
206	1403
207	974
207	1022
208	784
208	1033
208	1500
209	308
209	384
209	584
209	847
209	916
209	1539
210	231
210	529
210	614
210	632
210	1214
211	274
211	893
212	233
212	266
212	335
212	542
212	608
212	709
212	714
212	901
212	1472
213	677
213	768
213	1009
213	1179
214	410
214	546
214	1143
214	1333
215	396
215	1159
215	1566
215	1577
216	555
216	833
216	935
216	994
216	1189
216	1463
216	1555
217	1435
218	416
218	524
218	812
219	1221
219	1243
219	1372
220	1101
220	1529
221	353
221	498
221	1048
221	1052
222	340
223	233
223	322
223	598
223	1023
223	1059
223	1110
223	1219
224	921
224	1463
225	537
225	1167
225	1432
226	378
226	402
226	416
226	578
226	780
226	1222
226	1445
227	581
227	709
227	930
227	1328
228	863
228	884
228	1269
229	272
229	889
229	928
229	1214
229	1377
230	491
230	1354
230	1507
231	463
231	1418
231	1429
232	265
232	288
232	1179
233	709
233	1056
233	1070
234	265
235	669
235	950
235	1218
235	1316
235	1346
236	1001
236	1046
236	1151
236	1229
236	1359
237	299
237	670
237	1081
237	1520
238	243
238	355
238	956
238	1140
239	308
239	375
239	692
239	1011
239	1036
239	1328
240	863
240	1190
240	1305
241	519
241	668
241	879
241	1270
242	267
242	396
242	1083
242	1298
243	335
243	571
243	629
243	808
243	1277
243	1486
244	1253
245	401
245	773
245	982
245	1066
245	1310
245	1357
245	1460
246	364
246	531
246	740
246	1153
246	1364
246	1551
247	395
247	501
247	542
247	976
247	979
247	1082
247	1552
248	364
248	444
249	619
249	986
250	323
250	622
250	905
250	1226
250	1366
251	616
251	1085
251	1261
252	266
252	302
252	316
252	862
252	1347
252	1599
253	326
253	571
253	590
253	811
253	869
253	950
253	1020
253	1046
254	302
254	327
254	516
254	890
254	1377
255	442
255	535
255	905
255	1176
255	1410
255	1454
256	806
256	937
256	1207
256	1431
256	1453
256	1474
256	1514
257	527
257	1064
257	1158
257	1366
257	1474
258	1163
258	1259
258	1312
259	1040
260	768
260	869
260	969
260	1093
260	1302
260	1444
260	1557
261	1008
261	1438
262	830
262	1406
263	406
263	425
263	741
263	964
263	1052
263	1230
263	1317
263	1558
265	413
265	467
265	1428
266	739
266	996
266	1030
266	1110
266	1551
267	530
267	718
267	809
267	1322
267	1335
268	700
268	787
268	836
269	1244
269	1314
269	1397
270	568
270	576
270	886
270	1067
270	1340
271	292
271	420
271	422
271	492
271	641
271	1039
271	1386
271	1450
272	355
272	1267
273	985
273	1383
273	1416
273	1465
274	311
274	482
275	1040
275	1585
276	758
277	615
277	1402
278	1124
278	1512
279	951
280	712
280	1013
280	1579
281	573
281	783
282	849
282	1124
283	492
284	732
284	799
284	814
284	1181
285	426
285	1433
285	1509
286	503
286	1428
287	314
287	343
287	387
287	955
287	1002
287	1066
287	1103
288	1277
288	1406
289	495
289	766
289	1041
289	1189
290	724
290	953
290	1420
290	1443
291	320
291	844
291	964
291	1501
291	1502
292	350
292	1153
292	1214
292	1409
293	526
293	609
293	1170
294	697
294	789
294	840
294	996
294	1181
294	1340
295	437
295	637
295	773
295	1042
296	459
296	1134
296	1319
297	454
297	1397
297	1445
298	656
298	840
298	1112
298	1526
299	365
299	621
299	718
299	889
299	919
299	1052
299	1226
299	1425
299	1597
300	854
301	325
301	530
301	806
301	904
301	1238
301	1430
302	403
302	405
302	606
302	1467
303	786
304	404
304	1215
304	1582
305	1531
306	1272
307	1321
307	1382
307	1499
307	1544
308	498
308	537
308	897
308	1205
308	1450
308	1582
309	319
309	581
309	926
309	1156
309	1579
309	1595
310	1091
311	405
311	921
311	1393
312	338
312	399
312	604
312	623
312	695
312	1030
313	360
313	469
313	1002
313	1269
313	1354
314	338
314	804
314	825
314	956
315	434
315	772
316	541
316	691
316	1125
316	1524
317	1379
317	1385
318	1126
319	328
319	474
319	837
319	1237
319	1306
320	538
320	625
320	664
320	774
320	829
320	1267
320	1576
321	1131
321	1299
322	651
322	969
322	1094
323	1167
323	1565
324	348
324	993
325	375
325	908
325	1153
325	1446
326	354
326	497
326	578
326	683
326	980
326	1487
327	451
327	567
327	1025
327	1471
328	920
328	923
328	1254
329	599
329	711
329	869
329	1169
330	534
330	658
330	734
330	916
331	930
331	1024
331	1216
331	1253
331	1423
332	461
332	592
332	1476
333	457
333	471
333	1198
334	921
334	1038
334	1108
334	1193
334	1218
334	1438
335	914
335	1088
335	1303
335	1311
335	1457
336	601
336	711
336	825
336	926
336	1251
336	1399
336	1475
336	1496
336	1573
337	693
337	1126
337	1139
337	1424
338	661
338	1028
338	1523
338	1577
339	1039
339	1079
339	1356
339	1423
339	1560
340	402
340	724
340	937
340	1441
340	1560
341	1065
341	1098
341	1122
341	1295
342	730
342	762
342	1510
343	390
343	1538
344	345
344	1236
345	1141
345	1202
345	1467
346	555
346	1286
346	1363
346	1366
346	1418
347	843
347	945
347	1143
347	1503
348	1007
348	1138
348	1191
348	1426
349	565
349	1014
349	1062
349	1290
349	1303
349	1465
349	1596
350	958
350	1444
350	1551
350	1594
351	514
351	661
351	663
351	984
351	1172
351	1489
352	531
352	677
353	391
353	413
353	834
353	1411
353	1502
354	653
354	1073
354	1134
355	436
355	798
355	1036
355	1441
355	1518
356	905
357	710
358	433
358	613
358	1341
359	360
359	847
359	852
359	952
359	1396
360	393
360	531
360	631
360	1016
360	1488
361	466
361	559
361	928
361	1237
361	1500
362	532
362	639
362	897
362	899
362	1184
362	1473
363	504
363	547
363	1036
363	1045
363	1135
363	1376
363	1590
364	706
364	816
364	1076
364	1552
365	452
365	1236
366	714
366	937
366	945
366	1266
366	1564
367	975
367	1073
367	1345
367	1492
368	729
369	371
369	1306
369	1312
370	498
370	1035
370	1097
370	1195
371	1001
372	791
372	1362
372	1516
372	1585
373	1539
374	784
374	1202
374	1263
375	722
375	885
375	965
376	494
376	781
376	1238
376	1529
377	396
377	873
377	1405
377	1411
377	1479
378	1365
379	550
379	1267
380	1150
381	679
382	1347
382	1368
383	496
383	616
383	756
383	1343
383	1451
383	1456
384	438
384	474
384	831
384	974
384	1427
385	422
385	426
385	504
385	845
385	1074
385	1356
385	1447
385	1590
386	472
386	995
386	1000
386	1240
387	520
387	758
387	797
387	1279
387	1343
387	1508
387	1576
388	1255
388	1392
389	487
389	497
389	820
389	831
389	1113
389	1375
389	1483
390	915
390	1031
390	1089
390	1254
390	1324
390	1541
391	513
391	758
391	1335
391	1436
393	464
393	990
393	1563
394	432
394	657
394	1431
395	638
395	663
395	1120
396	477
396	760
396	848
396	1200
397	442
397	989
397	994
397	1217
398	467
398	1012
398	1276
398	1593
399	871
399	1186
399	1198
399	1322
400	482
400	716
400	1272
400	1498
400	1543
401	1081
401	1162
401	1455
401	1507
401	1586
402	1049
402	1274
402	1458
403	692
403	713
404	505
404	1181
404	1478
404	1548
405	715
405	1253
405	1388
406	502
406	718
406	830
406	1165
406	1318
406	1380
406	1577
407	923
407	1514
408	437
408	473
409	588
409	616
410	438
410	806
410	1003
410	1024
410	1076
410	1130
410	1439
411	519
411	729
411	1198
411	1209
411	1445
411	1558
411	1591
412	879
413	986
413	1560
414	1124
414	1182
414	1504
415	1007
416	455
416	679
416	1446
417	713
418	486
418	952
419	1566
420	575
420	736
420	1203
421	501
421	651
421	1014
422	512
422	827
422	1192
422	1419
422	1524
423	747
423	1452
423	1580
424	542
424	575
424	604
424	923
424	962
424	1486
425	1002
425	1003
425	1137
426	1431
427	598
428	1390
429	715
429	1105
429	1283
430	472
430	941
430	1270
430	1355
430	1480
431	782
431	909
432	456
432	1177
432	1275
432	1289
432	1332
432	1489
432	1512
433	447
433	902
433	1303
433	1306
434	457
434	503
434	599
434	688
434	1040
435	801
435	1473
436	784
437	1139
437	1440
438	754
438	990
438	1525
439	526
439	774
439	1062
439	1116
439	1523
440	706
440	808
440	998
441	499
441	671
441	685
441	877
441	1044
442	679
442	951
442	1019
442	1580
443	703
443	909
444	552
444	1263
445	903
445	1378
446	846
446	1197
447	769
447	1030
447	1057
448	844
448	1307
448	1390
449	1043
449	1133
449	1383
449	1436
450	984
450	1177
450	1483
451	799
451	867
451	1412
453	843
453	1484
453	1522
454	1461
455	779
455	1028
455	1398
455	1506
456	475
457	516
457	681
457	995
457	1284
458	1091
458	1322
458	1447
458	1506
459	1093
459	1264
459	1453
460	531
460	584
461	1499
462	562
462	739
462	1482
463	963
463	1427
463	1518
463	1537
464	1020
464	1504
465	690
465	944
466	620
466	1028
466	1168
466	1311
466	1540
467	1026
467	1069
468	475
468	667
468	1493
469	479
469	788
469	821
469	1324
470	714
470	751
470	1375
470	1391
471	478
471	737
471	801
471	873
472	900
472	1121
472	1429
473	866
473	900
473	1400
474	496
474	830
474	1316
475	575
475	577
475	990
475	1576
477	772
477	842
477	1003
477	1076
477	1099
477	1271
477	1274
477	1587
478	785
478	902
478	1352
478	1445
479	496
479	666
479	791
480	880
480	1075
480	1103
481	902
482	656
482	710
482	1129
484	744
484	1432
486	490
486	916
486	1137
487	618
487	881
488	785
488	1174
488	1358
488	1497
489	490
490	818
490	1229
490	1267
490	1429
491	788
491	1471
492	597
492	1553
493	842
494	644
494	685
494	1352
495	655
495	977
496	1438
497	546
497	565
497	1162
498	698
498	1375
499	760
499	967
499	1283
500	501
500	1310
501	608
501	1022
502	653
502	654
502	749
502	1092
502	1147
503	504
503	997
504	783
504	1046
504	1179
505	907
505	1082
505	1434
506	539
506	860
506	1446
507	1018
507	1118
507	1363
508	762
508	778
508	1354
509	719
509	818
509	1113
509	1119
509	1425
510	635
510	794
511	940
511	1387
512	1032
512	1106
512	1271
513	1331
513	1392
514	845
514	872
514	876
515	931
516	968
516	1153
517	897
517	960
518	854
518	1020
519	599
519	945
519	962
519	1393
520	621
520	691
520	844
520	1259
521	787
521	1088
521	1131
521	1371
521	1372
522	583
522	843
522	1031
522	1288
522	1414
523	636
524	782
524	825
524	966
524	1213
525	1218
525	1383
525	1387
526	656
526	878
526	1475
527	675
527	1028
528	601
529	565
530	1486
530	1570
531	675
531	895
532	757
533	1332
533	1393
533	1528
534	1006
534	1433
534	1530
535	1063
536	687
536	1154
536	1471
537	630
537	915
537	1473
538	1307
539	642
539	943
539	1151
539	1414
539	1517
540	786
540	1057
542	631
542	1027
542	1151
543	711
543	1207
543	1543
544	611
544	895
544	1114
544	1179
544	1501
545	891
545	1093
546	893
546	1525
547	964
547	1147
548	621
548	684
548	1072
549	573
549	626
549	888
549	1264
549	1315
550	840
550	859
550	1066
550	1085
550	1114
550	1195
550	1319
550	1338
550	1343
551	747
552	848
552	851
552	1369
553	594
553	930
553	1382
553	1383
554	635
554	1100
554	1322
555	688
555	815
555	1291
555	1599
556	623
556	714
556	757
556	775
556	878
556	1222
557	1374
557	1503
558	979
558	990
558	1198
559	642
559	646
559	906
559	914
559	1525
560	1124
560	1157
560	1575
561	906
561	969
561	1113
561	1238
562	1324
563	981
563	1198
563	1473
564	757
564	771
564	1443
565	586
565	667
565	1288
565	1494
566	1528
567	689
567	965
568	729
568	975
569	1237
569	1418
570	767
570	935
570	939
571	1025
571	1140
571	1230
572	960
573	797
573	799
574	1572
575	628
575	802
575	1014
575	1274
576	1387
576	1468
577	596
577	1534
578	584
578	1514
579	895
580	695
580	718
580	1246
580	1392
580	1449
581	627
581	1378
581	1495
581	1580
582	1081
582	1152
582	1496
583	752
583	1185
583	1565
584	1178
585	1186
587	627
587	862
587	1167
587	1228
588	830
588	1034
588	1106
588	1524
589	615
589	751
589	842
590	614
590	804
590	1541
591	1072
591	1313
592	791
592	1405
593	1094
595	1091
596	876
596	1112
596	1301
596	1460
597	1177
597	1455
597	1509
598	878
599	632
599	1259
599	1272
599	1371
599	1472
600	658
601	785
601	832
601	913
601	1016
601	1282
602	741
602	945
602	1559
603	1155
603	1190
603	1454
604	851
604	1001
604	1149
605	690
605	1037
605	1066
605	1493
606	1306
606	1418
607	1067
607	1219
610	624
610	802
610	1131
610	1473
612	738
612	1263
613	752
613	917
613	1086
613	1166
614	1111
614	1298
615	816
615	1213
616	1071
616	1354
617	1143
617	1469
618	922
618	1015
618	1135
618	1471
619	812
619	842
621	780
621	1251
621	1289
621	1391
622	747
622	842
622	1055
622	1135
624	771
624	1133
626	1024
626	1427
627	850
627	1046
627	1115
628	1168
630	703
630	856
630	1246
630	1270
631	1347
632	1224
632	1293
633	1132
633	1280
634	1448
635	1115
635	1187
635	1269
635	1574
638	1442
639	766
639	1215
640	646
640	1188
640	1559
643	1323
644	827
645	1005
645	1038
645	1201
645	1541
646	688
646	772
646	793
647	1422
648	750
648	857
648	909
648	1443
648	1445
648	1454
649	791
649	1523
650	1316
650	1354
651	1524
652	868
652	964
652	1428
653	1055
653	1447
653	1512
654	872
654	942
654	1495
655	790
655	929
655	1491
656	1362
657	1317
658	726
658	1024
658	1283
658	1453
659	826
659	971
659	1389
660	1388
661	1341
662	815
663	1053
663	1429
664	696
664	1017
664	1049
664	1075
664	1120
665	757
666	933
666	1342
666	1574
667	888
667	1124
667	1543
668	997
669	1296
669	1361
671	853
671	1344
672	773
672	922
672	1094
672	1394
673	885
674	682
674	893
674	1023
674	1026
674	1308
675	748
675	893
675	1086
676	993
676	1012
676	1298
676	1302
676	1479
677	711
677	1482
677	1518
678	1271
678	1434
679	1029
679	1439
679	1565
680	886
680	1125
682	1157
682	1332
683	937
683	1242
684	785
685	1388
685	1437
685	1507
685	1533
686	845
686	938
686	1276
687	1411
688	1555
689	1023
689	1485
690	1272
691	1306
692	1433
694	1082
694	1118
694	1303
694	1501
694	1568
695	742
695	1192
696	1313
697	1016
697	1035
697	1143
698	1109
699	1066
699	1203
700	976
701	802
701	868
701	903
702	1303
703	852
703	1056
704	838
704	1238
705	1036
705	1283
705	1524
706	1023
706	1274
706	1307
707	1086
707	1106
707	1218
707	1296
708	948
708	1216
708	1532
709	923
709	1345
710	1005
710	1224
711	781
711	988
711	1037
711	1086
711	1245
712	820
712	1008
712	1219
713	780
713	1225
713	1523
714	755
714	1122
714	1502
715	759
715	896
715	1095
717	844
717	1131
719	770
719	1002
719	1185
720	1203
721	919
721	978
721	1071
723	847
723	1100
723	1245
724	776
724	793
724	959
725	758
725	1055
726	1187
726	1413
726	1494
727	1047
728	1592
729	864
729	889
729	931
729	998
729	1084
729	1142
730	753
730	934
730	1265
730	1340
731	814
731	1585
731	1588
733	1106
735	745
735	759
735	1004
735	1208
735	1439
735	1483
736	970
737	952
737	1256
737	1388
737	1531
738	770
738	1533
738	1581
740	1335
740	1583
742	772
742	849
744	1496
744	1597
745	999
745	1066
745	1095
745	1308
745	1532
746	888
746	895
747	770
747	801
747	959
748	755
748	866
748	1313
748	1395
750	869
750	1154
750	1515
751	925
752	1423
753	795
753	1036
753	1387
753	1445
753	1506
753	1569
754	843
754	1073
754	1113
755	913
755	1010
755	1012
755	1171
755	1220
755	1568
755	1597
757	830
757	1278
757	1535
758	894
758	1348
759	1126
761	1302
761	1314
761	1455
761	1494
761	1509
762	948
762	1325
762	1480
763	1012
763	1149
763	1321
763	1453
764	867
764	953
764	991
764	1329
764	1419
764	1505
765	847
765	1221
766	818
766	848
766	1109
767	789
767	970
767	1125
767	1574
768	922
768	1033
768	1057
769	1175
769	1418
770	930
770	966
770	1096
771	1108
771	1113
772	908
772	1348
773	1135
773	1399
773	1448
773	1573
774	802
775	1168
775	1308
775	1439
776	802
776	884
776	1100
776	1488
776	1513
776	1569
777	916
778	938
778	947
778	1343
779	1451
779	1543
780	822
780	929
781	815
781	1242
781	1254
782	942
783	1009
784	1209
784	1542
784	1574
784	1576
785	1051
785	1065
786	826
786	925
786	1522
788	1194
788	1366
791	1252
791	1280
791	1389
791	1484
792	1309
794	885
794	946
794	1196
794	1319
794	1385
795	832
795	1233
795	1333
795	1525
796	883
796	915
797	841
797	1099
797	1526
798	1000
799	1103
799	1110
799	1150
799	1476
800	1265
800	1386
800	1560
801	1505
802	804
802	876
802	1306
803	899
804	975
804	1558
804	1592
805	1329
805	1484
805	1522
806	1228
806	1304
806	1565
807	889
807	932
808	1431
808	1557
809	1249
809	1579
810	867
811	819
812	1010
812	1225
813	1029
813	1151
813	1358
813	1392
814	1171
814	1496
815	1319
816	951
816	1257
817	1334
818	1191
818	1288
819	940
819	1110
819	1225
820	1342
820	1442
820	1511
821	1206
822	825
822	1291
822	1459
823	1030
823	1288
823	1361
823	1412
823	1512
824	1333
824	1459
825	1051
825	1151
827	1140
827	1165
828	1414
829	967
829	1412
830	1299
831	902
832	1298
833	1050
833	1157
833	1159
833	1420
834	1266
834	1272
835	898
835	1272
835	1443
836	1072
836	1241
836	1473
836	1538
836	1590
837	862
837	1330
837	1414
837	1423
838	1066
838	1419
839	1092
839	1223
839	1275
839	1425
841	1031
841	1528
842	873
842	908
842	1337
842	1543
844	960
845	1119
845	1525
846	998
847	1389
847	1548
848	911
848	1063
849	917
849	1408
849	1531
850	898
850	934
850	1117
852	1223
855	982
855	1316
855	1481
856	1271
856	1527
856	1563
857	1063
857	1247
857	1547
858	1499
860	884
860	932
861	1244
861	1505
864	1329
865	1158
865	1372
866	1594
867	1001
867	1243
867	1416
869	904
869	1062
869	1182
869	1479
870	894
870	1234
870	1293
870	1438
870	1482
870	1557
872	937
872	1110
872	1598
873	1125
874	971
874	1070
874	1258
875	1521
875	1577
876	1586
877	921
877	1234
877	1261
877	1506
877	1514
878	924
878	1041
879	1002
879	1472
879	1584
880	1009
880	1060
881	1400
882	911
882	1476
883	1082
885	1351
886	1000
886	1509
887	1253
887	1534
888	1049
888	1125
888	1134
888	1248
888	1398
889	1031
890	1291
890	1303
891	1453
892	1161
892	1367
893	1417
893	1437
894	904
894	1011
894	1187
895	1207
895	1369
895	1570
896	1200
897	1154
897	1234
898	921
898	1118
898	1532
899	1271
900	1284
902	980
904	1384
904	1387
904	1524
904	1581
905	1066
905	1507
906	980
906	1204
907	1018
908	1291
910	1099
911	1058
911	1370
911	1459
912	956
912	1030
912	1140
913	1263
915	1225
916	1147
916	1175
916	1184
916	1486
917	922
917	1389
917	1582
918	1074
918	1112
918	1265
918	1282
919	1209
920	1232
920	1384
922	1100
922	1193
922	1415
922	1446
923	1012
923	1417
923	1443
924	1112
924	1151
924	1471
924	1498
925	1190
926	1209
926	1257
926	1534
927	1072
927	1183
927	1329
927	1513
928	1417
929	1309
929	1383
930	932
930	1295
931	1087
932	1104
932	1523
935	1350
935	1488
936	1081
936	1170
936	1381
938	1349
939	1158
939	1593
940	1209
940	1248
941	1171
941	1319
942	1072
944	1545
946	1216
946	1429
946	1533
948	1304
949	1578
950	1139
953	1253
953	1375
955	1024
955	1072
956	1571
957	1021
957	1163
958	1180
960	1079
960	1123
960	1279
960	1300
961	1346
961	1431
961	1447
962	1012
962	1489
963	970
963	1081
964	987
964	1311
964	1425
965	984
965	1376
965	1493
966	1117
966	1462
967	978
967	1509
967	1524
968	1599
969	1028
969	1042
969	1344
969	1381
969	1522
970	1072
971	1075
971	1106
971	1176
972	1469
973	1550
973	1597
974	1070
974	1254
974	1548
975	1129
975	1220
975	1344
975	1356
976	1197
976	1586
977	1259
977	1408
977	1568
978	1161
978	1464
978	1533
978	1576
979	1242
979	1279
979	1582
980	1572
980	1587
981	1451
982	1220
982	1521
983	1582
984	1110
984	1201
985	1536
987	1236
988	1291
989	1237
990	1031
991	1188
991	1579
992	1201
992	1407
993	1311
994	1030
994	1326
994	1541
995	1384
995	1530
995	1576
997	1232
1000	1014
1000	1117
1000	1172
1000	1237
1001	1461
1001	1529
1002	1521
1002	1531
1002	1535
1004	1103
1008	1168
1008	1446
1009	1185
1009	1313
1010	1047
1010	1238
1010	1563
1011	1053
1011	1384
1011	1394
1011	1430
1012	1055
1012	1101
1012	1510
1013	1071
1013	1258
1013	1361
1013	1474
1014	1348
1014	1433
1014	1458
1016	1512
1017	1092
1018	1437
1019	1075
1019	1125
1019	1274
1019	1473
1023	1326
1023	1493
1024	1066
1024	1480
1025	1283
1025	1384
1025	1497
1025	1533
1026	1289
1026	1445
1027	1187
1027	1346
1030	1458
1031	1197
1031	1526
1032	1220
1032	1398
1035	1178
1036	1291
1040	1200
1041	1073
1041	1142
1041	1393
1041	1558
1042	1244
1042	1546
1042	1584
1043	1539
1044	1480
1044	1553
1045	1278
1045	1590
1045	1598
1046	1305
1046	1449
1047	1060
1047	1166
1048	1189
1049	1484
1050	1204
1050	1304
1052	1211
1052	1533
1053	1082
1053	1207
1053	1247
1053	1337
1053	1539
1053	1599
1054	1188
1055	1112
1055	1449
1055	1555
1058	1078
1059	1124
1059	1593
1060	1334
1061	1390
1062	1144
1062	1289
1062	1383
1062	1552
1063	1324
1063	1409
1064	1126
1064	1357
1064	1560
1065	1277
1065	1285
1065	1308
1065	1424
1066	1093
1066	1137
1066	1250
1066	1313
1066	1321
1067	1080
1067	1546
1068	1175
1070	1199
1071	1139
1071	1320
1071	1468
1074	1309
1074	1317
1076	1467
1076	1498
1077	1255
1077	1337
1077	1434
1078	1572
1079	1112
1080	1118
1080	1366
1082	1172
1082	1348
1083	1157
1083	1532
1084	1093
1084	1268
1084	1447
1085	1323
1085	1447
1086	1366
1086	1411
1087	1098
1088	1397
1089	1273
1089	1371
1090	1108
1090	1336
1092	1530
1093	1304
1093	1322
1094	1119
1097	1146
1097	1178
1097	1515
1098	1231
1098	1563
1099	1287
1099	1329
1099	1365
1099	1482
1100	1404
1102	1229
1105	1478
1106	1156
1106	1555
1109	1152
1109	1307
1109	1531
1110	1220
1110	1377
1110	1554
1111	1184
1111	1217
1111	1373
1111	1491
1113	1477
1113	1484
1117	1254
1117	1453
1118	1218
1119	1127
1120	1219
1120	1254
1121	1530
1122	1297
1122	1327
1122	1332
1122	1435
1122	1454
1123	1220
1124	1562
1124	1599
1125	1450
1127	1202
1127	1238
1128	1495
1129	1374
1129	1536
1130	1408
1130	1472
1132	1589
1133	1146
1133	1305
1133	1409
1134	1292
1137	1545
1137	1571
1138	1443
1139	1541
1140	1326
1140	1461
1141	1214
1142	1456
1143	1563
1145	1153
1148	1497
1148	1595
1149	1359
1150	1264
1151	1536
1152	1332
1153	1184
1156	1578
1159	1329
1160	1418
1161	1305
1161	1519
1162	1166
1164	1188
1165	1207
1166	1295
1167	1202
1168	1307
1168	1562
1169	1343
1169	1439
1170	1203
1170	1329
1171	1384
1171	1541
1172	1594
1173	1413
1174	1226
1175	1203
1175	1218
1177	1250
1177	1355
1177	1451
1179	1425
1181	1359
1182	1210
1182	1454
1182	1590
1185	1205
1185	1397
1186	1452
1186	1488
1188	1269
1188	1272
1189	1221
1190	1462
1190	1584
1191	1504
1192	1598
1193	1380
1193	1414
1193	1484
1197	1352
1199	1445
1199	1458
1199	1553
1200	1482
1201	1314
1201	1392
1201	1394
1201	1501
1202	1205
1202	1274
1204	1373
1204	1409
1206	1302
1206	1381
1208	1309
1209	1561
1211	1392
1212	1265
1212	1314
1213	1598
1217	1439
1218	1263
1220	1236
1221	1545
1224	1528
1227	1548
1228	1261
1228	1360
1229	1430
1229	1598
1230	1459
1232	1594
1233	1235
1233	1497
1233	1510
1234	1347
1236	1594
1237	1327
1240	1503
1241	1277
1242	1495
1243	1285
1243	1526
1244	1302
1244	1406
1244	1532
1245	1372
1246	1401
1250	1555
1252	1496
1254	1379
1257	1366
1257	1572
1258	1311
1258	1398
1261	1315
1261	1533
1262	1574
1263	1433
1264	1380
1265	1393
1266	1427
1267	1484
1269	1279
1269	1538
1270	1397
1272	1451
1272	1560
1275	1385
1275	1566
1276	1490
1277	1280
1277	1377
1281	1390
1282	1443
1283	1470
1283	1472
1283	1492
1284	1441
1284	1544
1285	1342
1285	1480
1285	1564
1286	1535
1287	1583
1288	1406
1288	1576
1290	1346
1291	1440
1293	1571
1294	1580
1295	1540
1295	1565
1296	1311
1298	1328
1298	1551
1300	1416
1300	1588
1302	1404
1303	1305
1305	1491
1307	1456
1308	1459
1309	1585
1311	1500
1311	1599
1313	1393
1313	1560
1315	1372
1316	1364
1318	1374
1318	1477
1319	1531
1319	1556
1321	1532
1322	1456
1322	1536
1323	1386
1325	1595
1326	1328
1327	1447
1328	1491
1330	1568
1331	1358
1334	1349
1334	1361
1334	1406
1334	1488
1334	1563
1337	1409
1339	1505
1342	1420
1346	1500
1346	1530
1347	1409
1351	1367
1352	1429
1353	1405
1353	1526
1355	1366
1362	1388
1363	1473
1367	1463
1367	1506
1368	1460
1369	1599
1370	1593
1372	1423
1375	1578
1379	1519
1380	1398
1381	1397
1381	1404
1384	1506
1385	1413
1389	1486
1393	1553
1398	1548
1399	1485
1400	1489
1400	1597
1404	1545
1408	1450
1410	1512
1410	1576
1413	1463
1421	1464
1422	1434
1422	1594
1424	1441
1428	1496
1428	1545
1435	1556
1441	1544
1444	1482
1445	1552
1446	1583
1448	1556
1454	1495
1455	1572
1456	1459
1456	1497
1457	1464
1457	1561
1461	1511
1465	1553
1469	1598
1473	1508
1476	1559
1485	1594
1506	1576
1508	1533
1508	1537
1509	1567
1515	1540
1521	1584
1549	1571
1573	1593