0	351
0	370
0	453
0	552
0	779
0	829
0	1041
0	1249
0	1258
0	1335
1	336
1	511
1	822
1	883
1	1196
2	347
2	746
2	952
2	1496
3	137
3	158
3	727
3	1206
3	1248
3	1358
4	63
4	896
4	1181
4	1218
4	1395
4	1431
5	321
6	407
6	423
6	561
6	1017
6	1404
6	1476
7	122
7	594
7	633
7	992
7	1546
8	33
8	1454
9	679
9	699
9	953
9	1573
10	186
10	208
10	385
10	912
10	1045
10	1218
10	1390
11	37
11	553
12	254
12	597
12	781
12	982
12	1561
12	1570
13	289
13	374
13	463
13	519
13	1072
13	1206
13	1344
14	31
14	500
14	787
14	876
14	983
14	1041
15	88
15	262
15	368
15	853
15	865
15	904
15	1193
15	1454
16	359
16	407
16	444
16	542
16	650
16	938
16	1321
17	89
17	592
17	888
17	928
17	945
17	988
17	1102
17	1260
17	1310
17	1438
17	1565
18	336
18	422
18	627
18	928
18	942
18	1147
18	1250
18	1348
19	207
19	240
19	797
20	75
20	166
20	1214
20	1254
20	1534
20	1575
21	176
21	1077
22	394
22	799
22	1174
22	1346
22	1431
23	481
24	178
24	845
24	1092
24	1229
24	1430
25	989
25	1067
25	1375
26	1352
27	668
27	873
27	1367
27	1475
28	69
28	339
28	1204
29	142
29	292
29	678
29	1022
29	1320
29	1355
29	1378
30	96
30	921
31	83
31	102
31	348
31	484
31	751
31	1011
31	1049
31	1398
31	1556
32	174
32	597
32	766
32	1566
33	252
33	307
33	984
34	396
34	679
34	962
34	1555
35	769
35	1492
36	503
36	943
36	1438
37	637
37	826
37	829
37	989
37	1458
37	1506
37	1524
37	1546
38	902
38	924
39	114
39	153
39	252
39	408
40	182
40	1097
40	1176
40	1566
41	611
41	1084
41	1448
42	128
42	287
42	308
42	677
42	695
42	907
43	951
43	1059
44	747
44	1473
44	1516
44	1598
45	91
45	709
45	1245
45	1458
45	1597
46	218
46	557
46	703
46	778
46	1108
47	280
47	400
47	1138
47	1596
48	169
48	959
48	1202
48	1333
48	1405
48	1554
49	526
49	947
50	669
50	713
50	1052
50	1209
50	1367
50	1490
51	988
51	1429
51	1468
52	279
52	685
52	778
52	989
53	74
53	78
53	529
53	1183
54	1009
55	1489
55	1549
56	431
56	447
56	1055
56	1181
57	98
57	441
57	665
57	1312
58	102
58	659
59	771
60	139
60	185
60	330
60	462
60	1020
60	1161
60	1571
61	549
61	1230
61	1400
62	285
62	489
62	706
62	833
63	352
64	67
64	898
64	1199
65	949
65	1582
66	270
66	664
66	977
66	1299
66	1460
67	1355
67	1461
67	1521
68	528
68	1514
69	222
69	528
69	590
69	1180
70	180
70	1120
70	1567
71	178
71	455
71	622
71	884
71	1215
71	1461
71	1535
72	414
72	607
72	843
73	590
73	606
73	774
73	848
73	941
73	995
73	1363
74	461
74	1070
74	1185
74	1318
74	1599
75	245
75	362
75	724
75	1007
76	328
76	561
76	756
76	1158
76	1394
76	1408
77	371
77	457
77	536
77	740
77	1000
77	1040
77	1143
78	1344
78	1490
79	894
80	240
80	600
80	778
80	1318
80	1394
80	1447
81	294
81	321
81	1050
82	190
82	214
82	484
82	807
82	851
82	1220
82	1360
82	1383
83	582
83	719
83	783
83	936
83	1226
84	146
84	892
84	1175
84	1220
84	1546
85	1248
86	121
86	129
86	159
86	248
87	697
87	953
87	1270
88	377
88	979
88	1479
88	1496
89	123
89	399
89	558
89	701
89	964
89	1318
90	139
90	434
90	577
90	1134
91	297
91	409
91	733
91	864
91	1339
91	1592
92	522
92	748
92	767
92	853
92	1263
92	1400
93	558
93	874
93	930
93	1390
94	476
94	556
95	258
95	530
96	901
96	1285
96	1296
96	1506
96	1562
97	434
97	553
97	1022
97	1186
97	1329
97	1362
97	1584
98	1195
98	1279
98	1588
99	273
100	505
100	625
100	1086
101	435
102	710
102	1030
102	1180
102	1420
103	304
103	1211
103	1375
103	1536
104	135
104	1144
104	1396
104	1460
104	1548
105	157
105	197
105	288
105	413
105	1011
106	378
106	620
106	795
106	1491
107	252
107	877
107	1244
107	1461
107	1503
108	115
108	170
108	337
108	425
108	477
108	542
108	896
108	999
108	1336
109	288
109	1201
110	243
110	284
110	364
110	1327
111	801
111	829
111	1193
111	1420
112	221
112	274
112	1023
112	1343
113	212
113	470
113	884
113	1054
113	1235
114	448
114	629
114	1060
114	1277
114	1281
114	1335
114	1438
114	1535
115	190
115	821
115	1257
116	177
117	498
117	1171
118	454
118	886
118	1319
118	1420
119	438
119	691
119	954
119	1076
119	1422
120	1233
120	1513
121	128
121	1196
121	1454
122	689
122	754
123	205
123	371
123	613
123	712
123	1380
123	1401
124	274
124	490
124	751
124	827
124	1316
124	1591
125	711
125	1032
125	1212
125	1590
126	844
126	1063
126	1402
126	1442
126	1584
127	279
127	307
127	902
127	1071
127	1375
128	133
128	533
128	657
128	674
129	440
129	1554
130	593
130	799
130	1157
131	228
131	537
131	896
131	1053
131	1094
131	1115
131	1121
131	1316
131	1553
132	356
133	1037
134	510
134	774
134	818
135	422
135	874
135	1151
135	1161
136	1464
137	450
137	526
137	781
138	295
138	427
138	1597
139	280
139	545
139	1007
139	1358
140	165
140	1049
140	1074
140	1177
140	1376
140	1445
141	545
142	611
143	200
143	290
143	1069
143	1133
143	1220
144	544
144	829
144	1270
145	160
145	335
145	734
145	1486
146	264
146	707
146	749
146	1270
146	1555
147	181
147	201
147	637
147	1339
147	1584
148	979
149	418
149	553
149	1243
149	1344
149	1444
149	1568
150	396
150	825
150	973
150	1384
151	528
151	548
151	712
151	764
151	1568
152	491
152	751
152	790
153	455
153	769
154	211
154	1117
155	208
155	394
155	1324
156	174
157	192
157	738
157	994
157	1316
157	1366
158	423
158	500
158	669
158	854
158	1357
159	502
159	765
159	1508
160	837
161	370
161	1095
161	1309
161	1417
161	1591
162	342
162	712
162	1023
162	1267
163	278
163	490
163	517
163	615
163	1102
163	1200
163	1232
163	1367
163	1541
164	865
164	1173
165	363
165	1366
165	1584
166	1086
167	226
167	472
167	525
167	972
167	993
167	1518
168	416
168	631
168	1253
168	1440
169	713
169	1449
169	1542
170	736
170	901
171	880
171	1041
171	1196
171	1229
172	596
172	624
172	982
172	1120
173	496
173	1444
174	532
174	892
175	266
176	231
176	892
176	1419
177	182
177	297
177	412
178	367
178	599
178	907
178	1004
179	382
179	540
179	566
179	1185
180	596
180	742
180	971
180	1118
180	1375
181	909
181	1060
181	1065
181	1236
182	300
182	675
182	808
182	1274
182	1519
182	1589
183	543
183	579
183	773
183	1404
184	550
184	873
184	1079
184	1307
185	295
185	414
185	639
185	666
185	1121
186	527
186	704
186	1092
186	1244
187	522
187	1104
187	1251
187	1338
188	607
188	743
188	910
188	1150
188	1426
188	1554
189	1082
189	1116
189	1595
190	1345
191	278
191	1327
192	449
192	649
192	861
192	1478
193	207
193	505
193	590
193	823
193	952
193	1048
194	1308
194	1337
194	1383
195	707
196	680
196	1371
197	468
197	771
197	1300
198	422
198	822
198	1203
198	1210
198	1311
199	1406
200	342
200	454
200	661
200	831
200	868
200	1438
200	1562
201	256
201	258
201	320
201	611
201	718
201	764
201	954
201	1145
202	571
202	658
202	814
202	959
203	356
203	1122
203	1472
203	1554
204	852
204	977
205	291
205	1493
206	709
206	721
207	377
207	568
207	591
207	868
209	500
209	980
210	1572
211	285
211	841
212	750
212	855
212	1211
213	297
213	773
213	1226
213	1267
214	1104
214	1323
214	1365
215	330
215	342
215	654
216	419
216	770
217	544
217	669
217	977
218	1039
218	1431
219	1225
219	1484
220	614
220	1167
221	753
221	772
221	1177
222	614
222	840
222	985
222	1580
223	502
223	641
224	521
224	1166
225	248
225	808
225	1196
226	904
226	906
226	1034
227	1236
227	1515
228	333
229	682
229	694
229	851
229	1462
229	1531
230	298
230	383
230	1305
230	1415
231	239
231	641
231	673
231	1016
231	1575
232	1419
232	1572
233	902
233	994
234	1112
235	1463
236	986
236	1469
236	1541
237	776
238	672
238	916
238	1042
238	1044
238	1335
239	573
239	770
239	1357
239	1414
239	1519
240	266
240	354
240	924
240	1371
241	299
241	357
241	384
242	787
242	1261
242	1597
243	607
243	610
243	829
243	965
243	985
243	1284
243	1362
244	588
245	379
245	788
245	1124
245	1253
245	1428
246	251
246	548
246	837
246	1114
246	1524
246	1599
247	561
247	1086
248	935
248	1296
248	1356
248	1547
249	1043
250	508
250	551
250	1009
250	1482
251	1101
251	1241
253	345
253	1430
254	323
254	1341
254	1408
255	391
255	520
255	791
255	1014
255	1255
255	1379
255	1413
255	1489
256	958
256	1053
257	770
257	1306
258	270
258	467
258	817
258	1210
258	1462
259	296
259	410
259	1101
260	452
260	961
260	1526
260	1572
261	547
261	940
261	1005
261	1288
261	1487
262	1473
263	580
263	881
263	1029
263	1122
263	1127
263	1325
263	1535
264	519
264	819
264	968
264	1175
265	716
265	1074
265	1083
265	1238
265	1423
266	700
266	894
267	837
267	932
267	1457
268	774
268	937
268	1215
268	1346
269	357
269	531
270	563
270	665
270	1194
270	1479
271	377
271	460
271	908
271	995
271	1266
271	1323
271	1526
271	1529
272	1198
272	1281
272	1397
273	318
273	638
273	983
273	1189
274	364
274	606
274	616
274	1029
274	1471
275	314
275	1090
275	1444
276	303
276	389
276	528
276	812
276	984
276	1009
276	1016
277	752
277	1015
277	1127
277	1195
277	1196
277	1423
278	1006
278	1407
278	1430
279	327
279	511
279	998
280	302
280	1531
281	292
281	638
281	873
281	1027
281	1436
281	1549
282	507
282	600
282	821
282	1085
282	1562
283	618
283	997
284	463
284	542
284	744
284	981
284	1313
285	394
285	429
285	458
285	563
285	607
285	1166
285	1230
285	1291
285	1364
286	333
286	1354
287	1168
287	1482
288	352
288	357
288	869
288	1086
288	1119
288	1242
288	1369
291	498
291	534
291	582
291	1042
292	402
292	516
292	859
292	1470
293	754
293	1078
293	1222
293	1572
294	1267
295	558
296	568
296	621
296	653
296	1186
297	311
297	1394
299	348
299	528
299	818
299	1514
300	409
300	948
300	1110
300	1291
301	624
301	703
301	745
301	918
301	1184
302	679
302	990
302	1226
302	1263
302	1553
303	314
303	731
303	907
303	1407
303	1569
304	901
304	1127
304	1256
304	1494
304	1569
305	1286
306	1070
306	1455
306	1542
307	468
307	708
307	1223
308	874
308	925
308	1160
308	1189
309	908
310	562
310	1079
310	1322
310	1339
310	1451
311	757
311	1213
312	402
312	681
312	1036
312	1246
312	1284
313	427
313	429
313	677
313	991
314	995
314	1190
314	1193
314	1472
315	891
315	1310
315	1330
316	838
316	882
316	950
316	1536
316	1543
317	1245
318	421
318	802
319	549
319	560
319	672
320	1242
320	1352
321	533
321	1406
322	619
322	634
322	858
322	991
322	1226
322	1357
323	345
324	377
324	1047
324	1360
325	525
325	897
325	905
325	1187
326	609
326	626
326	631
326	995
326	1341
326	1551
327	335
327	419
327	583
327	1053
327	1195
328	724
329	615
329	752
329	772
329	966
329	1431
330	713
330	784
330	795
330	856
330	1439
331	363
331	477
331	600
331	956
331	1380
332	1030
332	1316
332	1492
332	1553
333	417
333	624
333	656
333	812
333	1078
333	1324
333	1504
334	381
334	844
334	867
335	402
335	612
335	774
335	1074
335	1367
335	1434
335	1440
336	818
336	952
336	1052
336	1090
336	1200
337	796
337	1209
337	1496
338	1026
338	1501
339	904
339	1209
339	1354
340	696
340	901
340	1052
340	1133
340	1204
341	908
341	963
341	1298
341	1481
342	1011
342	1063
342	1147
343	497
343	522
343	563
343	897
344	1352
345	354
345	1202
345	1337
346	1108
346	1155
349	572
350	352
350	852
350	926
350	979
350	1061
350	1199
350	1220
350	1391
351	1177
351	1225
352	417
352	587
352	731
352	969
352	1125
352	1189
353	402
353	894
353	913
353	1144
354	731
354	1516
355	975
355	1184
356	746
356	1186
356	1390
357	449
357	494
357	500
357	842
357	1471
358	454
359	1455
360	633
360	1110
361	558
361	638
361	787
361	952
361	1043
361	1207
361	1253
362	759
363	403
363	547
363	1078
363	1275
363	1377
363	1447
364	458
364	485
364	764
364	876
364	985
365	1392
366	1284
367	388
367	1409
368	1434
369	977
369	1079
369	1221
369	1536
369	1598
370	451
370	936
370	1030
370	1532
371	740
371	790
371	1413
371	1501
371	1524
372	984
372	1453
373	497
373	760
373	825
373	974
373	1247
373	1373
374	424
374	651
374	824
374	1421
375	918
375	1141
376	562
376	1069
376	1116
377	424
377	447
377	1077
377	1274
377	1392
378	784
378	1070
379	475
379	811
380	386
380	419
380	426
380	980
381	722
382	555
382	1116
382	1293
383	752
383	1138
383	1251
383	1263
384	1435
385	754
385	1028
385	1262
386	458
386	644
386	976
386	1134
387	929
387	1409
388	625
388	981
388	1377
388	1397
389	418
389	558
389	697
390	413
390	551
390	823
390	1139
390	1160
390	1420
391	506
391	747
391	940
391	1117
392	534
392	587
392	1282
392	1599
393	488
393	1058
393	1108
393	1448
394	459
394	599
394	664
394	689
394	753
395	1010
395	1202
396	1082
397	713
397	846
397	922
397	1314
398	1051
398	1195
399	816
399	1145
400	946
400	1177
400	1403
401	797
401	898
402	1220
402	1387
403	442
403	513
403	533
404	670
404	991
404	1194
404	1372
405	468
405	510
405	776
405	834
405	1088
405	1544
406	475
406	480
406	485
406	498
406	1074
406	1154
407	443
407	561
407	667
408	1003
408	1250
409	521
409	600
409	1122
410	779
410	1404
411	626
411	847
411	1279
411	1405
412	804
412	831
413	637
413	951
413	1266
414	509
414	724
414	1100
414	1580
415	981
416	420
416	1527
416	1574
417	893
417	1236
417	1463
417	1480
419	532
420	745
420	876
421	616
421	1117
421	1422
422	1095
423	717
423	1030
423	1430
425	506
425	1158
426	1010
426	1215
427	499
427	723
427	895
428	1038
428	1220
429	1381
429	1451
430	782
430	1560
431	445
431	1019
431	1361
431	1569
432	675
432	974
433	1415
434	795
434	1227
435	716
435	739
435	1243
435	1323
436	1135
436	1315
437	674
437	1243
437	1418
438	480
438	657
438	789
438	938
438	1142
438	1266
438	1339
438	1519
439	610
439	746
439	1099
439	1209
439	1361
439	1395
440	728
440	792
440	814
440	904
440	1298
440	1338
441	556
441	624
441	632
441	770
442	624
442	774
442	919
442	1416
442	1436
443	460
443	527
443	895
444	818
444	1384
445	1199
445	1307
445	1404
446	574
446	1282
447	1243
448	753
448	951
448	1325
449	1286
449	1389
449	1531
450	687
450	1217
451	546
451	925
451	1266
451	1355
451	1429
451	1530
452	1077
452	1106
452	1230
454	524
454	708
454	912
454	1414
454	1500
455	1218
455	1334
455	1431
456	669
456	864
456	1197
456	1521
456	1546
457	590
457	1347
458	487
458	771
458	1035
458	1138
459	1083
459	1220
459	1419
459	1465
460	483
460	527
460	766
461	831
461	1022
461	1525
462	471
462	876
462	972
462	1160
462	1485
462	1572
463	499
463	558
463	791
463	917
463	1008
463	1352
464	965
465	657
465	739
465	1256
466	528
466	841
467	477
467	903
467	1184
468	611
468	1002
468	1547
469	664
469	736
469	1101
469	1248
471	808
471	922
472	652
472	964
472	965
472	1073
473	807
473	1482
474	592
474	1517
475	961
475	1335
476	920
477	540
477	1078
477	1324
477	1384
477	1528
478	847
478	993
478	1597
479	780
479	831
479	1094
479	1158
479	1404
479	1425
480	576
480	1475
481	498
481	564
481	637
481	922
481	1483
481	1548
481	1566
482	1456
483	842
483	1064
483	1112
483	1121
483	1207
483	1289
483	1539
484	1004
484	1091
484	1426
484	1437
484	1506
485	794
485	1179
485	1272
486	1274
486	1432
487	736
487	1186
488	663
488	1327
488	1363
489	820
489	1209
489	1570
489	1574
490	531
490	606
490	975
490	1584
491	862
491	897
492	908
492	1254
492	1282
493	931
493	1060
493	1374
493	1402
494	569
494	694
494	1522
494	1533
494	1545
495	1064
495	1370
496	1230
497	903
497	1596
497	1597
498	614
499	588
499	875
499	882
499	1379
499	1588
500	845
500	857
500	1197
500	1263
501	695
501	885
501	941
501	1009
501	1361
501	1516
503	833
504	624
504	1202
505	508
505	763
505	1358
506	594
506	787
506	1396
506	1526
507	1003
507	1300
509	518
509	762
509	845
509	1402
510	538
510	587
510	765
510	1245
510	1299
510	1401
511	772
511	1250
511	1459
512	1411
512	1480
512	1554
513	551
513	923
513	993
513	1195
513	1489
514	764
514	918
515	553
515	609
515	808
515	875
515	1323
515	1417
515	1551
516	820
516	985
516	1277
516	1300
516	1396
517	594
517	1010
517	1237
518	735
518	902
518	1130
518	1216
518	1500
519	1047
520	664
520	1285
521	568
521	640
521	707
521	780
521	1009
521	1142
522	788
522	956
522	1556
523	858
523	1231
524	673
524	707
524	939
524	1136
524	1429
524	1442
525	835
525	1080
525	1334
525	1487
526	1083
527	674
527	942
527	1153
528	1457
529	952
530	768
531	1084
531	1353
532	1002
532	1004
532	1078
532	1391
532	1458
533	1441
534	918
534	1483
535	1111
536	1440
537	719
537	1274
538	599
538	967
538	1111
539	751
539	775
540	943
540	1354
540	1356
540	1464
541	814
541	904
541	911
541	990
541	1037
542	807
542	1144
543	1276
543	1382
544	993
544	1283
546	922
546	1401
547	711
547	733
547	792
547	921
547	1462
547	1485
548	943
548	1502
549	1247
549	1370
550	747
550	1192
551	1015
551	1080
551	1319
552	1055
553	750
553	996
554	731
554	1003
554	1297
554	1352
555	1133
557	829
557	908
557	912
557	1081
557	1329
558	647
558	775
558	961
558	982
559	591
559	764
560	646
560	672
560	1175
560	1314
561	1122
561	1281
562	1474
563	759
563	965
563	1500
563	1558
564	853
564	889
564	1230
565	916
565	1122
565	1142
565	1331
566	1108
567	1393
567	1417
568	866
568	1347
568	1427
569	614
569	793
569	987
569	992
569	1018
570	1019
570	1161
570	1560
571	1443
572	1313
573	615
573	895
573	1252
574	847
574	1034
574	1159
575	1495
577	1243
577	1407
577	1583
578	1273
579	929
580	1417
581	879
581	1037
581	1105
581	1284
581	1459
583	806
583	1268
584	1040
585	975
586	791
586	873
586	1400
586	1511
587	637
587	737
587	874
587	1417
587	1432
587	1563
588	696
588	719
588	1200
589	1252
589	1293
589	1302
590	740
590	1044
590	1373
590	1587
591	1199
591	1362
591	1408
592	868
592	1253
592	1400
593	651
593	721
593	846
593	996
593	1368
593	1439
593	1501
594	724
594	743
594	967
594	1086
594	1286
594	1294
595	791
595	1087
595	1488
596	1227
597	787
597	1033
598	781
598	1055
598	1403
599	664
599	1356
599	1563
600	958
600	1248
600	1423
600	1572
601	824
601	1372
602	738
603	620
603	1050
603	1503
604	852
605	810
605	978
605	992
605	1038
605	1519
607	1179
607	1253
607	1437
607	1486
608	902
609	981
609	1040
610	666
610	1483
611	969
611	1141
611	1269
611	1370
612	821
612	898
612	1374
613	646
613	730
613	1265
613	1276
614	1291
614	1467
614	1505
614	1561
615	1010
615	1026
616	1159
616	1233
616	1325
616	1507
616	1566
617	1207
617	1353
617	1576
619	1304
620	1132
620	1359
620	1403
620	1451
621	688
621	906
621	1565
622	655
622	667
622	1060
622	1271
622	1519
623	1235
625	1463
625	1466
626	1190
626	1240
626	1529
628	1104
629	739
629	1161
629	1493
630	825
630	933
630	991
630	1301
630	1338
631	1026
631	1471
632	1083
633	651
633	1220
633	1323
634	861
634	1335
634	1367
634	1423
635	754
635	872
635	1057
635	1235
635	1335
635	1443
635	1582
635	1596
636	654
636	1359
637	1120
638	691
638	898
638	1141
639	1175
639	1362
640	943
640	1003
640	1441
641	642
641	850
641	1348
641	1587
642	696
642	957
642	1141
642	1259
642	1293
642	1534
643	1272
644	1126
644	1178
644	1238
644	1338
644	1485
644	1501
645	970
647	1107
647	1131
647	1487
648	1051
648	1335
648	1403
649	893
649	1091
649	1277
650	796
650	849
650	937
650	1001
650	1250
651	666
651	674
651	1050
651	1456
651	1498
652	653
652	1305
653	1177
653	1357
653	1424
653	1587
654	889
654	1094
655	1443
656	730
656	830
656	1181
657	1055
658	1060
658	1187
658	1408
659	1138
659	1444
659	1457
660	730
660	853
660	1124
660	1267
661	728
661	1428
662	1086
662	1208
663	919
663	1334
663	1449
664	1061
664	1081
664	1117
664	1454
664	1533
665	954
665	1199
666	756
666	1328
666	1342
666	1592
667	741
668	952
668	1085
669	1030
669	1163
669	1239
669	1536
669	1588
670	752
670	1289
671	1433
672	1037
672	1225
672	1377
674	680
674	1329
675	715
675	1213
676	682
676	734
676	1209
676	1214
676	1223
677	716
677	1322
678	1011
678	1167
678	1218
678	1219
678	1235
678	1413
679	686
679	809
679	1577
680	999
680	1179
680	1266
680	1490
682	926
682	1331
683	710
683	1159
684	702
684	1117
685	1003
685	1323
685	1499
686	1220
687	1144
687	1331
688	843
688	954
688	1226
689	1427
689	1578
690	707
690	856
690	1564
691	721
691	1298
691	1397
692	1322
692	1363
693	773
693	1417
693	1507
693	1552
694	1005
694	1124
694	1460
695	718
695	753
696	797
696	1331
697	1172
697	1298
697	1508
698	701
699	702
699	872
699	1299
700	1472
701	933
702	762
702	1339
702	1516
703	1108
703	1162
705	1189
706	1306
707	988
707	1219
709	1056
710	745
710	865
710	883
710	887
712	734
712	1056
712	1592
713	1526
714	1114
715	1405
715	1507
717	847
717	1349
718	1120
718	1499
718	1531
718	1539
719	907
719	991
720	1414
721	1201
721	1287
722	934
722	1159
723	997
723	1174
723	1318
723	1422
723	1440
725	1213
725	1530
726	1078
726	1150
726	1188
726	1230
727	859
727	1186
728	1242
728	1397
729	1036
729	1557
730	876
731	833
731	1094
732	1496
733	740
733	1144
733	1317
734	1145
735	794
736	1019
736	1283
737	1443
737	1574
738	1350
738	1441
739	876
739	1363
740	1477
741	797
742	1105
744	1385
745	1266
745	1308
746	939
746	1141
746	1324
746	1389
747	1164
748	1080
748	1238
749	1174
749	1295
750	960
750	1029
750	1260
751	1005
751	1026
751	1516
752	1574
753	974
753	1299
753	1423
753	1572
754	1013
754	1148
755	1581
756	959
756	1357
757	771
757	1276
757	1323
757	1384
757	1462
758	1326
759	771
759	777
759	1268
760	1583
761	771
761	866
761	1453
762	907
762	963
762	1042
763	1089
763	1164
763	1294
763	1322
764	798
764	1289
764	1350
765	960
765	1245
768	1151
768	1200
769	807
769	1410
771	883
771	1539
772	779
773	1238
773	1323
773	1453
774	1133
774	1274
775	933
775	1269
775	1417
775	1525
776	1230
776	1283
776	1553
776	1557
777	1127
777	1146
777	1355
777	1371
777	1560
778	873
778	953
778	1346
779	847
779	1416
780	926
780	1046
780	1185
780	1216
780	1425
781	1152
781	1483
782	850
782	975
782	1576
783	1306
784	962
785	1270
786	1267
786	1354
787	971
787	1175
787	1375
788	929
790	1264
790	1554
792	874
792	1386
793	898
794	1095
794	1248
794	1359
794	1590
795	1029
795	1306
796	1453
797	1161
798	857
799	942
799	1436
800	1060
800	1260
800	1361
801	823
802	825
802	929
803	1127
803	1552
804	898
804	1185
804	1363
804	1366
805	992
805	1042
805	1181
805	1475
805	1584
806	1158
806	1459
806	1486
806	1509
807	1048
807	1074
807	1283
808	873
808	986
808	1211
808	1269
809	1560
811	1485
812	850
813	1244
813	1579
813	1588
814	1297
815	1076
815	1201
816	1031
816	1194
816	1286
816	1303
817	1467
820	1036
820	1066
820	1251
822	947
823	1193
823	1307
823	1483
824	836
824	1315
825	1390
825	1581
826	939
826	988
826	989
826	1370
826	1599
828	924
829	1018
829	1217
831	975
831	1223
831	1564
831	1586
832	1321
832	1473
833	1021
833	1031
833	1065
833	1273
833	1372
833	1423
833	1439
834	1498
835	1112
836	1236
837	1179
838	1243
839	1137
839	1343
840	1437
840	1503
841	902
841	1132
841	1192
841	1302
845	960
845	1012
845	1448
846	1173
846	1482
847	1025
848	940
848	1182
848	1406
848	1563
849	998
849	1086
849	1478
851	1127
851	1300
852	880
852	1033
852	1235
852	1314
852	1422
853	955
855	952
855	1101
855	1104
856	986
856	1128
856	1339
856	1352
857	897
858	1370
858	1428
859	1227
859	1355
859	1541
860	1243
861	1258
862	876
862	1213
863	1147
864	1551
865	892
865	1052
866	938
866	1383
866	1523
867	1031
870	1024
870	1270
870	1300
870	1366
871	1275
871	1414
874	1438
875	1416
875	1564
875	1571
875	1583
877	887
877	1094
877	1186
877	1273
877	1501
878	921
878	1175
878	1289
878	1559
880	1407
880	1503
881	1177
881	1597
882	1283
883	1045
883	1199
883	1226
883	1543
884	926
884	1395
884	1413
886	1256
887	1477
887	1538
888	1186
889	1400
889	1442
889	1511
889	1512
890	1139
890	1299
891	1466
891	1519
892	1297
894	1367
895	1381
895	1571
897	1293
897	1598
898	1326
898	1499
899	1023
899	1557
899	1569
900	1188
900	1266
900	1540
900	1561
901	1115
901	1470
902	1149
903	1007
903	1450
904	1571
906	1030
906	1225
907	1306
907	1449
910	1019
910	1277
911	1196
911	1315
911	1592
912	975
912	1220
912	1324
912	1521
914	1062
914	1312
915	1289
915	1585
916	1065
916	1188
917	1177
917	1388
917	1593
917	1599
918	1064
919	1121
919	1395
920	926
920	1440
920	1517
921	1218
921	1299
921	1513
922	1429
922	1480
924	945
924	1429
924	1445
925	1088
925	1208
926	1225
926	1318
926	1396
926	1418
927	1201
927	1393
928	939
928	1446
928	1597
929	1072
929	1202
931	999
931	1193
931	1239
931	1365
931	1587
932	940
932	1006
932	1504
934	1238
934	1514
934	1516
935	1165
935	1177
935	1359
935	1526
935	1565
936	1499
936	1536
936	1538
937	1047
938	1268
938	1508
939	1277
940	1114
940	1292
940	1320
940	1425
940	1572
941	1350
943	1163
944	981
944	997
945	1468
945	1559
946	1377
947	1065
947	1140
948	1440
948	1515
949	1141
950	1093
950	1485
951	1043
951	1108
951	1131
951	1176
951	1296
952	1232
952	1535
953	1272
953	1523
954	1251
955	1103
955	1324
956	1330
957	968
957	1033
957	1146
957	1275
958	1198
958	1311
958	1356
959	1355
960	1427
961	1052
961	1482
962	1264
962	1308
962	1420
962	1536
962	1540
963	1186
965	1018
966	1142
966	1201
967	1087
967	1234
967	1316
968	1102
968	1319
968	1322
968	1442
968	1498
969	1277
969	1432
969	1579
972	1247
975	1370
975	1573
975	1582
976	1047
976	1091
976	1379
977	986
977	1506
978	1237
979	1559
980	1094
981	1372
983	1275
983	1379
983	1526
984	1542
986	1076
987	1162
987	1227
988	1112
988	1342
990	1182
990	1379
991	1019
991	1251
992	1194
992	1479
993	1043
993	1146
994	1258
994	1507
995	1489
996	1418
997	1262
998	1092
998	1101
998	1166
998	1243
998	1568
998	1586
1000	1395
1001	1127
1002	1044
1002	1109
1003	1336
1004	1060
1004	1279
1005	1166
1006	1057
1008	1195
1009	1405
1010	1158
1010	1207
1010	1342
1010	1564
1015	1203
1016	1451
1017	1268
1017	1290
1018	1158
1019	1507
1020	1531
1021	1084
1023	1197
1023	1342
1023	1500
1025	1267
1026	1257
1026	1326
1026	1384
1026	1457
1027	1064
1027	1262
1030	1382
1031	1226
1031	1531
1032	1331
1032	1423
1032	1530
1033	1394
1034	1062
1036	1154
1036	1285
1036	1317
1037	1292
1037	1458
1038	1267
1038	1333
1038	1359
1038	1397
1040	1554
1041	1061
1042	1081
1043	1506
1044	1493
1044	1498
1045	1070
1045	1306
1047	1066
1047	1163
1047	1277
1048	1276
1048	1278
1048	1393
1048	1552
1049	1521
1049	1527
1050	1058
1050	1237
1051	1147
1051	1289
1051	1568
1052	1525
1053	1443
1055	1523
1057	1474
1059	1342
1059	1584
1060	1064
1061	1067
1061	1125
1061	1342
1062	1295
1063	1421
1064	1573
1065	1233
1066	1449
1066	1530
1067	1142
1068	1141
1068	1347
1069	1114
1070	1557
1073	1372
1073	1462
1073	1572
1074	1354
1075	1207
1077	1172
1078	1316
1080	1439
1082	1235
1082	1382
1082	1422
1083	1456
1084	1244
1085	1181
1085	1359
1085	1523
1085	1557
1086	1333
1087	1507
1088	1349
1088	1426
1089	1282
1089	1397
1090	1454
1091	1374
1091	1439
1092	1340
1092	1572
1095	1191
1095	1479
1095	1515
1096	1520
1097	1202
1097	1305
1098	1126
1098	1139
1099	1228
1099	1300
1099	1534
1100	1339
1100	1375
1102	1293
1102	1574
1104	1455
1104	1506
1105	1141
1105	1176
1105	1526
1108	1337
1108	1521
1110	1532
1112	1180
1112	1385
1112	1400
1113	1185
1113	1225
1113	1587
1114	1294
1115	1277
1117	1154
1117	1479
1118	1245
1122	1199
1122	1315
1123	1596
1124	1128
1124	1157
1124	1442
1124	1455
1124	1496
1125	1298
1127	1279
1127	1282
1128	1536
1129	1376
1129	1546
1129	1575
1130	1264
1131	1552
1133	1372
1134	1307
1135	1199
1138	1190
1138	1199
1138	1329
1138	1421
1138	1498
1141	1192
1141	1336
1142	1203
1143	1553
1144	1225
1144	1299
1147	1450
1148	1428
1148	1516
1150	1291
1152	1155
1152	1293
1152	1534
1152	1585
1154	1180
1154	1587
1155	1185
1155	1311
1155	1502
1156	1278
1156	1449
1157	1389
1158	1324
1159	1220
1159	1514
1160	1214
1160	1446
1160	1471
1161	1365
1164	1194
1164	1416
1165	1207
1165	1306
1165	1549
1166	1360
1168	1221
1168	1359
1168	1446
1168	1551
1169	1401
1170	1200
1170	1550
1174	1554
1175	1385
1176	1384
1176	1564
1177	1223
1179	1398
1180	1233
1180	1274
1180	1478
1181	1185
1181	1382
1181	1470
1181	1514
1182	1427
1184	1454
1185	1391
1185	1561
1186	1282
1186	1483
1187	1315
1187	1349
1187	1384
1187	1541
1187	1587
1188	1300
1188	1455
1191	1319
1191	1541
1193	1301
1194	1442
1195	1327
1195	1488
1197	1254
1197	1554
1199	1378
1199	1446
1201	1319
1203	1320
1203	1377
1204	1222
1205	1217
1206	1589
1207	1396
1215	1258
1216	1414
1218	1500
1219	1535
1219	1543
1219	1566
1220	1467
1221	1264
1223	1291
1223	1439
1224	1333
1228	1367
1229	1415
1230	1413
1232	1494
1233	1457
1234	1413
1234	1453
1235	1405
1236	1413
1238	1539
1240	1356
1240	1495
1241	1594
1242	1494
1243	1535
1244	1483
1244	1510
1245	1549
1246	1283
1247	1412
1248	1430
1249	1363
1251	1366
1251	1527
1252	1415
1252	1430
1252	1445
1254	1310
1254	1327
1255	1368
1256	1288
1259	1363
1260	1348
1260	1379
1260	1479
1261	1548
1263	1551
1264	1420
1266	1461
1266	1486
1268	1547
1269	1276
1269	1315
1273	1283
1274	1373
1275	1563
1276	1342
1276	1517
1276	1570
1277	1324
1278	1555
1279	1551
1280	1448
1285	1291
1285	1402
1285	1450
1287	1501
1289	1312
1289	1385
1292	1492
1296	1426
1298	1375
1298	1411
1302	1586
1304	1326
1305	1441
1306	1510
1307	1371
1307	1556
1308	1347
1308	1349
1312	1400
1312	1449
1314	1348
1314	1350
1314	1379
1317	1599
1318	1450
1319	1471
1319	1558
1320	1402
1322	1453
1324	1580
1325	1389
1325	1499
1325	1581
1326	1339
1326	1371
1329	1381
1330	1437
1332	1478
1338	1467
1338	1550
1341	1416
1341	1431
1341	1438
1342	1455
1345	1394
1347	1506
1347	1560
1349	1473
1350	1527
1351	1467
1355	1399
1355	1562
1356	1473
1358	1423
1358	1460
1359	1376
1359	1525
1363	1446
1367	1484
1367	1507
1368	1503
1370	1577
1371	1456
1372	1508
1376	1513
1377	1396
1377	1448
1377	1473
1378	1416
1379	1554
1381	1456
1382	1568
1384	1394
1392	1539
1393	1451
1395	1444
1398	1425
1399	1451
1403	1523
1405	1481
1405	1571
1407	1599
1410	1442
1411	1480
1414	1527
1416	1427
1416	1571
1417	1436
1422	1537
1425	1514
1425	1553
1425	1572
1431	1536
1431	1592
1432	1563
1435	1557
1435	1570
1441	1466
1446	1542
1449	1565
1450	1478
1452	1512
1452	1535
1452	1598
1455	1569
1456	1458
1457	1511
1457	1519
1460	1496
1461	1575
1462	1536
1463	1523
1473	1540
1473	1598
1479	1561
1486	1487
1488	1513
1489	1521
1493	1570
1496	1539
1497	1598
1500	1512
1501	1566
1502	1568
1507	1547
1510	1564
1519	1533
1523	1551
1523	1597
1524	1552
1524	1591
1530	1548
1535	1549
1542	1580
1546	1574
1552	1564
1554	1585
1563	1572