0	44
0	1115
0	1272
1	623
1	1130
1	1189
2	1426
3	6
3	728
3	830
3	1469
4	119
4	1208
4	1257
4	1387
4	1594
5	227
5	320
5	347
5	401
5	1000
6	17
6	262
6	297
7	28
7	255
7	1467
8	268
8	295
8	594
8	598
8	711
8	1402
9	466
9	497
9	857
9	1066
9	1126
9	1360
10	134
10	235
10	1437
11	252
11	474
11	1226
11	1413
12	658
12	699
12	791
12	1344
13	172
13	176
13	327
13	524
13	1153
13	1161
13	1425
14	456
14	1164
14	1570
15	40
15	346
15	1367
16	279
16	811
16	1260
17	671
17	774
17	1532
18	198
18	560
18	662
18	766
18	977
18	1140
18	1519
19	74
19	118
19	310
19	424
19	479
19	911
19	1182
20	63
20	1274
21	112
21	449
21	651
21	969
21	1482
22	60
22	289
22	463
22	806
22	1065
22	1581
23	339
23	991
23	1137
23	1272
23	1301
23	1441
24	243
24	664
24	839
24	894
25	49
25	496
25	1188
25	1527
25	1549
26	58
26	191
26	1253
26	1298
27	392
27	491
27	552
27	650
27	751
27	1194
28	266
28	1550
29	499
29	1240
29	1247
30	462
30	887
30	1149
31	223
31	449
32	566
32	1388
33	110
33	429
33	1029
33	1329
33	1436
34	98
34	248
34	733
34	907
34	1100
34	1316
34	1482
34	1488
34	1580
35	404
35	1248
35	1522
36	907
36	1253
36	1314
36	1368
36	1375
37	93
37	263
37	347
37	408
37	601
37	932
37	954
38	158
38	195
38	1413
39	692
39	1266
40	118
40	290
40	1448
40	1540
41	1026
42	132
42	528
42	683
42	1146
42	1300
42	1407
42	1569
42	1576
43	150
43	611
43	992
43	1218
43	1467
44	999
44	1311
45	296
45	348
45	680
45	715
45	873
45	1182
45	1379
46	1157
46	1257
46	1456
46	1552
47	139
47	428
47	641
47	996
48	260
48	704
48	710
48	915
48	1120
49	77
49	298
50	186
50	852
50	1321
51	150
51	728
51	1312
52	462
52	640
52	843
52	1479
53	469
53	506
53	702
53	778
53	824
53	1180
53	1588
54	1124
54	1293
54	1575
55	148
55	519
55	888
55	1567
56	64
56	874
56	981
56	1080
56	1176
56	1422
57	254
57	401
57	696
57	1372
57	1484
58	1032
58	1191
58	1542
59	672
60	271
60	315
60	1275
60	1547
61	554
62	118
62	220
62	373
62	937
62	1466
63	551
63	568
63	1190
63	1291
64	380
64	668
64	786
64	864
64	1440
65	236
65	616
65	1508
65	1523
66	78
66	464
66	985
66	1155
66	1477
67	116
67	119
67	790
67	846
68	307
68	877
69	577
69	699
69	1283
69	1514
70	1242
70	1347
71	1384
72	1226
72	1483
73	159
73	263
73	619
73	646
73	714
73	746
73	1231
73	1567
74	143
74	503
74	1279
74	1363
74	1513
75	704
76	778
76	1084
76	1400
77	304
77	373
77	719
77	1139
77	1591
78	453
79	1592
80	671
81	632
81	795
81	801
81	1217
82	472
82	631
83	243
83	858
83	1028
83	1104
84	175
84	196
84	365
84	650
84	968
84	1164
85	112
85	267
85	539
85	599
85	775
85	1329
86	280
86	362
86	734
86	1595
87	872
87	958
88	166
88	179
88	190
88	356
88	408
88	578
88	845
88	1484
88	1591
89	204
89	335
89	448
89	1129
90	521
90	726
90	900
91	1310
91	1324
91	1413
92	191
92	652
93	901
93	1286
94	230
94	315
95	101
95	119
95	1249
95	1449
95	1474
96	141
96	303
97	433
97	509
97	921
98	529
98	716
98	817
98	830
98	984
99	763
99	869
99	971
100	209
100	453
100	773
101	996
101	1494
101	1512
102	728
102	784
102	1166
103	162
103	530
103	712
103	1162
103	1429
104	290
104	549
104	703
104	971
105	393
105	634
105	832
105	1357
105	1424
106	193
106	1108
107	564
107	607
107	781
107	1207
108	396
108	609
108	865
108	1508
108	1517
109	572
109	815
109	977
109	1032
110	189
110	211
110	708
110	906
110	1012
111	830
111	846
111	1189
111	1297
112	777
113	303
113	550
113	922
113	1008
113	1385
114	136
114	645
114	672
114	678
114	1249
115	953
115	1064
115	1464
116	245
116	583
116	590
117	172
117	272
117	297
117	432
117	825
117	864
117	1285
117	1482
117	1587
118	635
118	1066
119	877
119	892
119	1181
119	1309
120	972
120	1127
120	1588
121	548
121	558
121	887
121	1020
121	1130
121	1131
121	1413
121	1502
122	309
122	408
122	632
122	1343
123	619
123	1005
123	1524
124	138
124	385
124	394
124	621
124	784
124	1184
124	1559
125	298
125	735
125	832
125	1274
126	642
126	927
127	304
128	543
128	681
128	1286
129	454
129	905
129	1364
130	386
130	424
130	529
130	1102
130	1281
131	206
131	398
131	475
131	512
131	721
131	808
131	1383
132	418
132	1132
132	1487
133	506
133	695
134	227
134	377
135	294
135	305
135	325
135	792
135	1294
135	1340
135	1376
136	358
136	438
137	324
137	584
137	984
137	1076
137	1200
138	814
138	1233
138	1243
138	1265
139	390
139	490
139	1482
139	1502
140	281
140	503
141	175
141	1096
141	1322
141	1540
141	1547
142	1150
142	1453
144	700
145	192
145	402
145	770
145	936
145	971
146	263
146	516
146	522
146	769
146	1090
146	1270
146	1591
147	166
147	352
147	902
148	211
148	233
148	319
148	1370
148	1531
149	283
149	1339
149	1343
149	1389
150	514
150	561
150	829
150	1142
150	1280
150	1428
151	837
151	951
151	1108
152	246
152	382
152	808
153	403
153	441
154	402
154	587
154	1070
154	1470
154	1499
154	1512
155	445
155	779
155	1048
155	1142
155	1146
155	1228
156	1232
156	1500
157	959
158	840
158	845
158	989
158	1306
159	1465
160	239
160	859
160	976
160	1210
160	1233
160	1518
161	313
161	505
162	1380
163	188
163	388
163	855
163	1065
163	1468
164	1200
165	952
165	1014
165	1257
166	632
166	754
166	810
166	1204
167	736
167	1043
167	1180
167	1251
167	1372
167	1458
167	1479
168	945
168	1060
168	1214
168	1584
169	1479
170	327
170	519
170	1032
170	1343
171	654
172	447
172	933
172	1325
173	292
174	271
174	907
174	1244
175	694
175	822
176	342
176	844
176	1310
177	338
177	689
177	1098
178	377
178	1368
178	1458
180	433
180	474
180	499
180	787
180	804
180	1234
181	251
181	422
181	464
181	565
181	704
181	1530
181	1577
182	186
182	234
182	536
182	808
182	1230
182	1557
183	221
183	234
183	563
183	671
183	921
183	1244
184	249
184	388
184	856
184	973
184	1365
185	330
185	357
185	512
185	1254
185	1285
185	1387
185	1530
186	570
186	576
186	1020
186	1069
186	1214
186	1351
186	1493
187	281
187	1009
188	419
188	597
188	1025
188	1378
188	1428
189	355
189	985
189	1209
190	536
190	593
190	1316
190	1563
191	393
192	412
192	1063
192	1405
193	703
193	1084
194	340
194	1156
194	1192
194	1474
196	402
196	719
196	1203
196	1226
197	989
198	819
198	1115
199	471
199	589
199	1243
200	1373
200	1419
201	301
201	538
201	922
202	957
202	1167
203	370
203	691
203	964
203	1077
203	1110
203	1431
204	665
204	774
204	855
204	1049
204	1305
204	1461
205	311
206	232
206	457
206	775
206	1270
206	1558
207	623
207	829
207	1512
207	1526
208	311
208	381
208	1228
208	1513
209	736
209	798
209	919
210	236
210	701
210	746
210	834
210	1324
211	321
211	745
211	1016
211	1137
211	1270
211	1481
212	1117
213	912
213	1454
214	799
214	1145
215	1070
215	1283
215	1421
215	1561
216	949
216	981
217	1403
218	421
219	378
220	395
220	735
220	865
220	1169
220	1513
220	1522
220	1578
221	1343
222	609
222	874
222	984
222	1153
222	1571
223	833
223	997
223	1070
223	1382
223	1577
224	342
224	391
224	405
224	1158
224	1246
224	1248
224	1252
225	1128
226	1355
226	1460
226	1473
226	1548
227	471
227	543
227	952
227	1195
227	1221
228	672
228	820
228	1054
228	1326
229	254
229	365
229	437
229	520
229	794
229	1043
229	1321
229	1340
229	1413
230	407
230	1063
230	1076
230	1546
231	740
231	1024
231	1156
231	1318
231	1334
232	265
232	361
232	635
232	728
232	970
232	1219
233	238
233	384
233	880
233	1113
234	595
234	922
234	1422
235	335
235	1513
236	243
236	359
236	530
236	575
236	1077
236	1267
236	1450
236	1470
237	654
237	997
238	483
238	996
239	272
240	250
240	582
240	620
240	1003
241	500
241	568
242	288
242	500
242	1438
243	899
243	1021
243	1107
244	306
244	771
245	567
245	948
246	767
247	373
247	821
247	871
248	326
248	482
248	799
248	999
248	1032
249	305
249	1330
249	1333
249	1419
249	1469
250	355
250	1451
250	1501
250	1580
251	373
251	510
251	672
251	850
251	1028
251	1072
251	1200
252	473
252	641
252	780
252	1121
253	528
253	1384
254	312
254	492
254	550
254	1423
254	1528
255	514
255	1117
255	1296
256	625
256	957
257	1410
258	423
258	744
258	775
258	942
258	1560
259	1312
260	1336
260	1584
261	833
262	441
262	531
262	652
262	717
262	1276
262	1588
263	297
263	338
263	588
263	668
263	1140
263	1335
263	1417
264	439
264	525
264	611
264	951
265	581
265	1012
266	782
267	831
267	1478
268	494
268	681
268	1158
268	1168
269	298
269	438
269	632
269	1324
269	1495
269	1513
269	1580
270	306
270	905
271	273
271	300
271	396
271	652
271	668
271	676
271	738
271	785
272	1030
272	1501
273	618
274	1422
275	609
275	1263
275	1438
276	360
276	582
277	816
277	878
277	1058
277	1070
277	1224
277	1293
277	1508
278	765
278	1041
278	1367
279	406
279	462
279	1119
279	1331
280	764
280	902
280	934
280	1050
280	1209
280	1314
280	1423
280	1560
281	813
281	837
281	965
281	1160
282	525
282	603
282	907
282	1161
282	1171
283	339
283	680
283	737
283	1000
283	1043
283	1156
284	448
284	809
285	327
285	430
285	540
285	718
286	428
286	523
286	933
286	1082
286	1108
286	1280
287	351
287	578
287	719
288	409
288	869
288	1110
288	1309
288	1386
289	1281
289	1485
289	1581
290	608
290	734
290	1006
290	1477
291	1273
292	885
292	1057
292	1135
293	328
293	746
293	997
293	1061
293	1520
294	551
294	892
294	1385
295	749
295	1368
296	298
296	613
296	1213
297	351
297	446
297	501
297	973
297	1083
297	1132
297	1240
297	1256
298	414
298	705
298	943
299	422
299	845
299	888
299	1017
299	1206
299	1424
300	335
300	986
300	1109
301	738
301	914
301	926
302	371
302	1235
302	1288
303	415
303	1214
303	1304
304	1300
304	1484
305	559
305	766
305	888
306	1005
306	1097
306	1362
307	650
307	777
307	854
307	993
307	1052
307	1409
308	490
308	919
308	1437
309	1459
309	1470
309	1576
311	345
311	946
311	1361
312	510
312	854
312	1498
313	793
313	936
313	1070
314	417
314	423
314	767
314	1298
315	1417
316	1404
317	585
317	800
318	1014
319	390
319	464
320	460
320	689
320	1023
320	1295
320	1353
321	370
321	506
321	612
321	642
321	1026
321	1524
321	1535
322	1281
323	399
323	1576
324	407
324	564
324	690
324	1211
325	384
325	503
325	1098
326	702
327	638
327	1448
328	346
328	751
328	1006
328	1124
328	1194
328	1316
329	1106
329	1580
330	591
330	651
330	1376
331	559
331	1540
332	379
332	716
332	834
332	855
332	1068
332	1460
332	1541
333	416
333	610
333	1318
334	1581
335	418
335	708
335	1093
336	530
336	695
336	1469
337	346
337	1199
337	1583
338	909
338	1152
338	1156
338	1234
338	1237
338	1504
340	557
340	612
340	871
340	995
341	371
341	830
341	1000
341	1136
341	1566
342	458
342	641
342	1217
342	1478
343	556
343	916
343	1038
343	1424
343	1558
344	551
344	1163
344	1534
345	1032
345	1077
346	685
347	496
347	964
347	985
349	536
349	800
349	927
350	528
350	876
350	1134
350	1495
350	1502
350	1560
351	1074
351	1547
351	1560
352	665
352	1200
352	1251
352	1356
353	882
353	962
353	1452
354	1208
355	752
355	970
355	1185
355	1262
356	511
356	711
357	367
357	495
357	802
357	1349
357	1476
358	719
358	798
358	982
358	1013
358	1475
359	750
359	953
359	974
359	1327
359	1479
360	667
360	806
360	1336
360	1485
361	672
361	1478
361	1545
362	838
362	912
362	1199
362	1301
363	806
364	404
364	535
364	1107
365	810
365	1228
366	865
366	1374
367	1256
367	1454
367	1537
368	894
368	1595
369	425
369	596
369	1320
369	1578
370	390
370	497
370	547
370	1474
371	466
371	609
371	1441
372	640
372	641
372	1096
372	1245
372	1384
372	1393
372	1483
373	507
373	1217
373	1565
374	474
374	533
374	1006
374	1216
374	1228
374	1553
375	1462
376	618
376	971
377	1325
377	1455
378	537
378	569
378	808
378	1474
379	492
379	1003
379	1087
380	1468
381	624
382	895
382	1035
383	761
383	858
384	707
384	840
385	730
385	890
386	776
386	1332
386	1385
387	902
387	1339
388	941
388	1090
389	1030
390	1017
391	1130
391	1238
391	1291
392	583
392	657
393	455
393	1066
394	644
394	777
394	1020
394	1227
394	1284
395	995
395	1399
396	589
396	1108
396	1238
396	1318
397	735
397	933
397	1044
398	575
398	612
398	703
398	967
398	1000
398	1071
399	928
400	654
400	702
401	1460
402	574
402	722
402	1119
402	1273
402	1399
403	491
403	1513
404	491
404	790
404	1169
404	1540
404	1545
406	609
406	677
406	787
406	1058
406	1574
407	1115
407	1298
408	412
408	567
408	945
408	1138
408	1188
408	1502
409	713
409	1558
409	1575
410	838
411	1219
411	1293
412	617
412	753
412	786
412	1578
413	822
414	1053
414	1189
414	1376
415	419
415	1439
416	520
416	803
416	866
416	1519
417	576
417	1433
417	1509
418	582
418	1350
419	539
419	654
419	710
419	867
420	486
420	579
420	693
420	1068
420	1105
420	1173
421	541
421	622
422	1196
422	1325
423	576
423	1271
424	631
424	728
424	953
424	1235
425	1315
425	1432
426	585
426	1537
427	630
427	1275
428	730
428	1121
428	1221
429	445
429	1318
430	513
430	707
430	1088
431	646
431	703
432	722
432	935
432	1128
433	575
433	875
433	1356
434	1108
434	1297
434	1402
435	884
435	1259
436	1157
437	564
437	1164
437	1182
438	670
438	724
438	1449
439	473
439	1230
439	1401
440	715
440	1406
441	881
441	913
441	1281
442	807
442	1314
443	708
443	935
443	1027
444	770
444	954
444	1331
444	1439
445	689
445	1416
446	903
446	1027
446	1581
447	868
447	1188
447	1244
447	1357
447	1572
448	714
448	1477
449	583
449	861
449	1040
449	1095
449	1345
450	795
450	1033
450	1141
450	1309
450	1551
451	965
451	1036
452	1491
452	1499
453	454
453	685
453	716
453	813
453	823
453	924
453	932
453	1363
454	964
454	1555
454	1592
455	835
455	1044
456	557
456	604
456	1035
456	1186
457	663
457	726
457	971
457	1147
457	1378
457	1542
458	1237
458	1363
459	726
459	751
459	768
459	1573
460	475
460	851
460	1006
460	1234
461	541
461	722
461	820
461	967
461	1515
462	519
462	1383
462	1458
463	1195
463	1358
463	1361
464	564
465	1177
465	1582
466	628
466	887
467	927
467	1043
468	586
468	1460
469	614
469	1298
470	614
470	677
470	1145
471	626
471	732
471	878
471	1580
472	576
472	1075
472	1547
473	635
473	1306
474	540
474	670
474	847
474	1163
474	1458
474	1478
476	590
476	599
477	778
477	1490
478	763
478	849
478	1381
478	1560
479	1050
480	1387
480	1574
481	559
481	845
482	898
483	700
483	977
483	1089
483	1201
483	1204
483	1250
483	1414
484	680
484	1315
484	1334
484	1475
485	813
485	862
485	1035
487	1187
487	1561
488	751
488	1056
489	579
489	650
489	891
489	1465
490	515
490	779
490	1106
490	1492
491	894
492	795
492	1472
493	523
493	1422
493	1540
494	502
494	680
494	752
494	845
494	901
494	956
494	1098
495	1592
496	579
496	680
496	950
496	1512
497	790
497	818
497	1438
497	1476
498	1141
498	1194
499	509
499	560
499	579
499	1220
500	918
500	1318
501	554
501	590
501	1016
501	1030
501	1416
502	798
504	989
505	811
505	1344
506	754
506	1452
506	1468
507	1265
507	1348
507	1496
507	1503
507	1533
508	911
508	922
508	1452
510	742
510	750
511	524
512	817
512	1437
513	617
513	749
513	1398
513	1446
513	1481
513	1514
514	947
515	816
515	1144
515	1282
515	1361
516	731
516	855
516	924
516	1297
516	1356
516	1481
516	1498
517	1129
518	582
518	668
518	1235
519	685
519	688
519	770
519	1429
519	1462
519	1487
520	767
520	935
520	1235
520	1466
521	1144
521	1240
521	1250
522	1505
523	925
523	987
523	1267
524	1232
524	1304
525	1142
525	1154
525	1308
525	1490
526	814
526	1279
526	1332
527	831
527	981
527	1120
527	1200
527	1398
527	1580
528	837
528	1069
530	757
530	1077
531	1054
532	565
532	852
532	1511
533	756
533	1085
533	1479
534	1167
534	1536
535	694
535	925
535	1218
536	545
536	631
536	1047
536	1439
537	679
537	918
537	1198
537	1347
537	1560
537	1563
538	762
538	1080
539	1431
539	1579
540	569
540	1080
541	618
541	698
541	753
542	660
543	688
543	1043
544	817
544	829
544	1178
545	593
545	1017
545	1116
546	798
546	1010
547	1077
547	1323
548	1166
548	1330
549	873
549	1391
549	1595
550	595
550	666
550	854
550	898
550	1036
552	789
552	951
553	1288
553	1391
553	1566
554	663
554	696
554	1350
555	607
555	1298
556	841
556	1557
557	1193
557	1380
557	1577
557	1579
558	705
558	1254
558	1324
558	1493
559	1159
560	961
560	1013
560	1323
560	1396
560	1540
561	577
562	1241
562	1264
562	1346
562	1477
563	622
563	687
563	956
563	1556
564	810
565	573
565	1088
566	573
566	1284
566	1313
566	1442
567	733
567	1454
568	806
568	816
568	1058
568	1079
568	1212
568	1359
568	1455
568	1554
569	586
570	732
570	845
570	941
570	1524
571	727
571	822
572	652
572	684
572	957
572	1088
572	1218
573	1205
573	1458
573	1563
575	1202
576	753
576	915
576	1196
576	1387
576	1489
577	1594
578	787
578	870
578	1121
579	586
580	829
580	953
580	1036
581	986
582	813
583	1123
584	604
584	640
584	905
584	963
584	1083
584	1164
584	1245
585	783
585	1016
585	1260
587	1330
588	674
588	922
588	1334
589	730
589	1411
589	1535
590	696
590	752
590	1201
590	1591
591	697
592	713
592	837
592	1092
592	1183
592	1310
592	1598
593	658
593	1081
593	1501
593	1518
593	1533
593	1573
594	821
594	931
594	1255
595	1178
595	1485
596	753
596	916
596	1245
596	1570
597	692
597	881
597	946
598	911
599	648
599	780
599	968
599	1408
600	761
600	782
600	814
600	1096
600	1328
601	761
601	1529
602	762
602	853
602	859
603	689
603	830
603	1060
603	1136
604	648
604	907
604	1142
605	965
606	615
606	1251
607	1299
607	1320
608	1079
608	1174
609	1208
609	1216
609	1443
610	696
610	781
610	885
610	1026
611	1017
611	1104
612	840
612	1527
613	888
614	792
614	1245
614	1296
614	1435
615	1047
615	1111
615	1192
616	1078
616	1138
617	629
617	671
617	744
617	1268
617	1348
618	680
618	687
618	836
618	1179
618	1185
618	1413
618	1597
619	1074
620	721
620	929
620	1282
621	757
621	1011
621	1296
622	640
622	644
622	1410
622	1467
623	832
623	873
623	1184
623	1309
623	1479
623	1528
623	1560
624	832
624	1377
624	1425
624	1570
625	749
625	1058
625	1147
625	1539
626	679
627	701
627	1590
628	1182
628	1225
628	1259
628	1301
630	910
630	959
630	1319
630	1347
630	1414
631	761
632	1151
632	1411
632	1459
633	792
633	824
633	832
633	926
633	1525
634	1126
634	1587
635	645
635	725
635	1431
636	1338
636	1486
637	1295
638	844
638	1248
638	1309
638	1384
638	1547
638	1580
639	1032
640	824
640	932
640	1257
641	832
641	1075
641	1350
642	727
642	750
642	1547
642	1556
643	857
643	1056
644	980
644	1440
645	1074
645	1242
646	1186
646	1220
646	1288
646	1378
647	1023
647	1152
648	1031
648	1333
648	1480
648	1570
649	654
649	672
649	1183
649	1596
650	1375
651	1318
652	858
652	1084
652	1101
652	1333
653	868
653	1125
654	811
654	838
654	1249
654	1545
655	818
655	1370
655	1541
656	1143
657	676
657	764
657	863
657	925
657	951
657	1249
658	959
658	1409
659	1144
659	1461
660	685
660	1044
661	994
662	879
663	1147
663	1347
663	1547
665	1008
665	1284
665	1300
665	1401
666	704
666	827
666	890
667	941
667	991
667	1072
667	1083
668	1480
669	707
669	712
669	1041
669	1185
669	1497
671	1018
671	1094
671	1479
673	1046
673	1178
674	892
674	1545
675	976
675	1374
676	784
676	1018
676	1025
676	1170
677	904
678	1257
678	1267
679	921
679	935
679	951
679	1012
679	1041
679	1211
679	1597
680	1143
680	1301
681	976
681	1084
681	1148
681	1418
682	703
682	722
682	1303
682	1347
684	1168
685	811
685	954
685	1163
686	854
686	1345
686	1419
687	867
687	1031
687	1124
687	1288
689	1095
689	1503
690	952
690	1040
690	1578
691	1008
692	737
692	1161
693	786
694	930
694	1096
696	858
696	1437
697	915
697	1370
697	1394
698	1406
699	792
699	1132
699	1431
700	1133
700	1222
700	1354
700	1426
701	1480
702	735
702	850
702	1456
703	954
704	840
704	1124
705	818
706	846
706	1245
706	1268
707	1063
708	962
708	1034
708	1130
708	1408
709	949
709	1005
709	1148
709	1498
710	785
711	723
711	850
712	1308
712	1467
712	1563
713	1048
713	1067
713	1224
713	1421
714	1384
714	1442
714	1591
715	941
715	958
715	959
715	988
715	1511
716	722
716	1164
716	1425
716	1460
717	890
718	790
718	821
719	814
719	1353
719	1372
720	1275
721	1084
722	975
722	1124
723	923
723	1535
724	846
724	1227
724	1557
725	991
725	1020
726	858
726	932
726	944
726	987
726	1171
726	1561
727	864
728	810
728	1070
728	1197
729	1450
730	768
730	1145
730	1495
731	763
732	779
732	962
733	918
733	1235
735	899
735	1115
735	1194
735	1357
735	1496
737	936
737	1407
738	1149
739	875
740	1273
740	1523
741	899
742	1108
743	1116
744	1542
745	1255
745	1547
745	1548
746	1093
747	992
747	1098
748	873
748	950
748	1282
748	1451
749	873
749	1385
750	880
750	1570
751	831
751	1465
754	826
754	1004
754	1014
754	1407
755	1429
755	1448
757	1210
757	1301
757	1440
758	905
758	936
759	1074
759	1216
759	1439
760	1380
762	808
762	1409
762	1585
763	1043
763	1440
764	1055
764	1105
764	1287
765	861
765	1184
767	1064
767	1117
768	781
768	1079
768	1502
769	983
769	1253
769	1457
769	1575
771	1443
772	1094
773	1110
774	1547
775	998
775	1584
776	1019
776	1128
777	835
777	986
777	987
777	1040
777	1146
778	1175
778	1223
778	1314
778	1433
779	1079
780	837
780	841
780	1001
781	894
781	962
781	965
781	1061
781	1099
782	1015
783	887
783	1153
783	1558
784	1553
785	862
786	1094
786	1158
786	1474
787	1326
787	1365
787	1435
788	1300
788	1583
789	1201
790	988
790	1039
790	1357
790	1476
791	886
791	1221
792	1593
793	1388
794	1074
794	1592
795	1163
795	1219
796	905
796	1301
797	1147
798	1060
799	871
799	933
799	971
800	1025
800	1403
801	1115
801	1288
801	1461
802	809
802	1037
802	1080
802	1462
803	1166
803	1401
803	1417
805	1020
806	891
806	1009
806	1074
807	951
807	1083
807	1100
807	1163
807	1503
808	1230
809	1049
809	1382
809	1396
810	984
810	1371
811	850
811	977
812	1202
812	1432
812	1459
814	910
814	1174
814	1221
815	1084
815	1447
816	969
817	976
818	1415
818	1537
819	861
819	886
819	1303
819	1325
820	962
821	884
821	1528
823	1067
823	1156
824	1241
825	908
825	1297
825	1368
826	1422
826	1439
826	1498
828	1028
828	1238
828	1256
829	983
830	1035
830	1218
830	1225
831	1018
831	1411
832	1289
832	1357
834	1437
835	859
835	1000
835	1081
837	1162
838	1086
838	1224
839	1170
839	1253
839	1387
840	953
840	1095
840	1307
840	1423
841	932
841	1064
841	1353
841	1439
842	1029
842	1570
843	1383
844	949
844	1324
844	1589
845	1037
846	1178
846	1462
846	1504
847	900
847	1517
848	963
848	1141
848	1228
849	1251
849	1392
849	1405
852	889
852	1227
852	1356
853	1127
854	1269
854	1401
855	1515
856	1391
857	1174
857	1295
858	1389
859	1473
860	875
860	1100
861	1041
861	1152
861	1258
861	1500
862	1165
863	1091
863	1197
863	1407
864	1277
865	878
865	1350
865	1528
868	1067
868	1437
869	968
869	1320
870	1128
870	1472
871	929
872	952
872	1532
873	945
873	1196
873	1441
875	956
875	1100
875	1216
876	900
876	1211
876	1351
876	1365
877	974
877	1399
877	1481
878	1300
879	1102
879	1210
879	1350
879	1515
881	963
881	1068
881	1163
882	987
882	1275
882	1420
883	1049
885	983
885	1484
886	1437
886	1547
887	1168
888	940
888	1425
889	1185
889	1592
890	1590
891	1419
892	1008
892	1392
893	1144
893	1415
893	1576
895	1000
895	1058
895	1358
896	1404
896	1579
897	985
898	1246
902	1028
902	1124
902	1412
903	1535
904	1248
905	1043
906	949
906	1460
908	974
908	985
908	1208
908	1292
908	1457
910	949
910	1041
910	1445
911	1356
911	1579
912	973
912	1108
912	1436
912	1527
913	1485
914	1073
914	1254
914	1268
914	1413
915	1126
915	1171
915	1383
915	1426
916	1167
916	1420
916	1507
916	1599
917	1062
917	1585
918	1108
918	1200
918	1487
918	1583
919	1205
919	1294
919	1530
920	1298
920	1397
920	1555
921	1356
922	1325
922	1544
923	1066
923	1096
924	972
924	1516
925	997
925	1580
927	1515
927	1556
928	1561
929	1361
930	1586
931	1249
931	1452
932	1451
933	1371
933	1477
933	1588
934	1105
935	1516
936	1439
936	1539
936	1592
937	1580
938	1025
939	949
939	1378
939	1507
940	972
940	1350
940	1369
940	1551
942	1202
942	1284
942	1466
943	1263
943	1267
943	1288
943	1325
943	1380
944	1184
945	1180
947	1027
947	1043
947	1265
947	1275
947	1400
947	1537
949	1307
950	1051
950	1113
950	1353
950	1395
951	1322
952	961
952	987
952	1191
952	1207
952	1319
952	1522
954	1332
954	1384
954	1491
955	1096
956	1085
956	1130
956	1239
957	1092
957	1117
959	1034
959	1397
959	1538
960	1304
960	1465
963	1225
963	1250
963	1300
963	1387
964	1332
964	1367
964	1395
964	1589
965	1019
965	1321
966	1376
967	1340
967	1575
968	1329
970	1597
971	1052
974	1083
974	1236
976	1133
976	1157
976	1521
977	998
977	1483
978	1584
979	1026
980	1196
980	1274
980	1581
981	1211
981	1406
982	1111
983	1055
983	1072
984	1282
984	1471
985	1073
986	1150
986	1458
986	1507
987	1101
988	1166
988	1290
988	1385
989	1057
990	1262
991	1006
991	1015
991	1156
991	1579
991	1592
992	1476
992	1554
993	1196
993	1254
993	1499
995	1543
996	1290
996	1552
997	1325
999	1156
999	1476
1000	1207
1000	1287
1001	1298
1001	1357
1001	1466
1002	1125
1002	1164
1004	1122
1004	1516
1005	1332
1006	1031
1006	1214
1006	1487
1007	1054
1007	1355
1008	1431
1010	1264
1011	1198
1012	1081
1013	1242
1013	1428
1013	1435
1013	1455
1016	1248
1018	1252
1019	1292
1020	1498
1021	1156
1021	1206
1021	1265
1022	1106
1022	1159
1022	1217
1022	1402
1022	1578
1023	1428
1024	1237
1024	1276
1025	1375
1026	1411
1026	1485
1026	1487
1027	1192
1028	1317
1029	1047
1029	1578
1030	1069
1030	1377
1031	1049
1031	1467
1031	1554
1033	1059
1033	1307
1034	1036
1034	1162
1034	1463
1035	1249
1035	1469
1036	1039
1036	1070
1036	1248
1036	1375
1037	1373
1037	1405
1039	1090
1040	1049
1040	1524
1041	1289
1041	1423
1042	1518
1043	1377
1044	1126
1044	1236
1045	1119
1045	1146
1045	1224
1049	1191
1050	1422
1050	1443
1051	1120
1051	1189
1052	1255
1053	1138
1053	1515
1055	1193
1055	1337
1056	1282
1056	1437
1056	1463
1056	1558
1057	1224
1058	1096
1058	1472
1058	1514
1058	1550
1059	1285
1062	1337
1063	1140
1063	1206
1063	1266
1064	1263
1064	1461
1065	1255
1067	1293
1067	1390
1068	1116
1068	1180
1069	1167
1069	1327
1069	1456
1070	1307
1071	1300
1071	1590
1072	1141
1072	1424
1072	1497
1072	1551
1073	1328
1073	1375
1073	1530
1074	1428
1075	1306
1076	1226
1076	1315
1078	1121
1079	1540
1080	1437
1082	1120
1082	1149
1083	1409
1084	1262
1085	1283
1085	1448
1085	1568
1087	1379
1087	1453
1088	1463
1090	1300
1090	1535
1092	1168
1092	1505
1092	1509
1092	1587
1092	1590
1093	1124
1093	1187
1093	1377
1093	1598
1094	1125
1094	1181
1096	1170
1096	1501
1097	1418
1097	1537
1098	1145
1099	1211
1099	1352
1099	1411
1100	1393
1101	1110
1102	1324
1102	1448
1103	1343
1104	1157
1104	1296
1104	1446
1104	1450
1105	1423
1105	1550
1106	1226
1106	1357
1106	1532
1107	1136
1110	1123
1110	1204
1110	1288
1110	1377
1111	1212
1111	1359
1111	1375
1112	1420
1113	1498
1114	1135
1114	1532
1115	1487
1117	1528
1118	1297
1119	1292
1120	1524
1120	1579
1122	1494
1123	1402
1125	1513
1125	1545
1126	1416
1127	1147
1128	1191
1129	1278
1129	1597
1130	1157
1131	1319
1134	1477
1134	1499
1135	1460
1137	1162
1137	1283
1138	1443
1139	1430
1142	1305
1143	1234
1144	1478
1145	1379
1145	1416
1145	1497
1147	1502
1149	1259
1149	1261
1149	1425
1149	1542
1152	1295
1152	1431
1154	1245
1154	1383
1155	1232
1155	1235
1155	1284
1155	1365
1155	1427
1156	1463
1159	1332
1160	1548
1161	1194
1161	1262
1161	1409
1162	1231
1163	1278
1163	1339
1164	1259
1164	1316
1164	1503
1166	1213
1168	1210
1169	1225
1169	1536
1170	1336
1171	1208
1172	1266
1172	1301
1174	1399
1174	1436
1174	1453
1178	1258
1179	1194
1179	1312
1179	1400
1180	1224
1181	1363
1181	1497
1183	1264
1183	1392
1184	1294
1185	1187
1185	1572
1187	1444
1188	1363
1192	1476
1193	1258
1193	1562
1194	1363
1195	1546
1195	1575
1196	1232
1196	1366
1196	1552
1199	1361
1199	1587
1200	1201
1201	1455
1202	1233
1202	1505
1204	1275
1204	1276
1206	1241
1206	1293
1211	1420
1211	1466
1215	1307
1217	1443
1218	1460
1222	1474
1225	1551
1229	1285
1229	1451
1234	1259
1234	1463
1237	1265
1237	1276
1239	1352
1240	1597
1241	1585
1243	1408
1245	1545
1245	1576
1246	1449
1248	1285
1248	1434
1248	1497
1250	1295
1250	1308
1250	1567
1252	1417
1256	1298
1256	1535
1257	1458
1257	1587
1258	1278
1258	1479
1259	1387
1260	1265
1262	1444
1266	1472
1266	1477
1266	1582
1267	1447
1268	1289
1269	1578
1270	1502
1272	1285
1272	1337
1273	1459
1273	1500
1275	1308
1276	1435
1279	1408
1279	1548
1280	1484
1280	1566
1286	1351
1287	1299
1287	1539
1289	1506
1295	1300
1295	1478
1295	1525
1298	1489
1298	1525
1299	1438
1300	1595
1301	1587
1302	1311
1303	1359
1304	1387
1305	1430
1307	1398
1309	1493
1310	1518
1310	1562
1313	1383
1313	1498
1314	1499
1316	1554
1318	1544
1319	1466
1319	1590
1322	1371
1323	1425
1323	1448
1323	1566
1324	1528
1326	1546
1327	1562
1330	1519
1332	1364
1332	1546
1333	1422
1335	1423
1335	1598
1336	1538
1337	1504
1338	1370
1338	1486
1340	1377
1341	1374
1341	1473
1342	1371
1342	1449
1348	1355
1349	1458
1350	1556
1352	1492
1355	1423
1357	1382
1357	1583
1358	1444
1360	1373
1363	1407
1364	1515
1368	1382
1368	1403
1373	1377
1373	1595
1375	1530
1376	1535
1377	1419
1377	1475
1378	1447
1378	1587
1380	1502
1380	1504
1380	1540
1382	1520
1385	1454
1387	1421
1389	1400
1389	1534
1389	1564
1392	1399
1392	1488
1392	1568
1395	1544
1396	1511
1400	1520
1401	1534
1403	1424
1404	1516
1404	1535
1408	1485
1410	1540
1413	1539
1417	1509
1417	1594
1420	1499
1422	1539
1422	1549
1423	1548
1423	1553
1424	1429
1425	1457
1428	1561
1430	1493
1430	1559
1431	1508
1432	1556
1436	1473
1436	1584
1438	1455
1441	1519
1441	1574
1451	1457
1452	1509
1454	1496
1457	1592
1460	1498
1465	1553
1465	1561
1470	1590
1476	1585
1477	1525
1485	1495
1485	1510
1485	1592
1486	1506
1488	1514
1488	1548
1504	1535
1504	1576
1508	1579
1510	1581
1513	1596
1521	1582
1524	1528
1528	1567
1530	1546
1531	1545
1531	1575
1536	1599
1544	1581
1546	1577
1562	1593