0	618
1	1019
2	145
2	938
2	1006
3	1256
4	329
4	1066
4	1150
5	615
5	723
5	767
6	207
6	724
6	1180
6	1246
7	211
7	593
7	737
7	848
7	967
7	1140
8	452
8	471
8	755
8	1031
8	1107
8	1129
8	1264
9	95
9	138
9	309
9	742
9	1066
9	1104
10	187
10	208
10	227
10	594
10	774
10	831
10	1249
11	52
11	268
11	449
11	595
11	804
11	1254
11	1275
12	692
12	902
12	1072
13	221
13	245
13	276
13	608
13	814
13	817
13	1144
14	215
14	447
14	565
14	729
15	522
15	837
15	912
15	956
16	905
16	1085
17	144
17	677
17	727
17	1046
17	1188
18	623
18	820
18	928
18	1198
19	534
19	877
19	1060
20	737
20	808
20	959
20	1026
20	1067
20	1154
21	834
21	963
21	1128
22	61
22	870
22	1036
23	177
23	502
23	582
23	1204
24	48
24	418
24	702
24	806
24	932
24	947
24	1261
24	1274
25	271
25	1100
26	1001
26	1045
26	1097
26	1147
27	249
27	275
27	352
27	505
27	558
27	765
27	1023
27	1265
28	352
28	418
28	561
28	960
28	1066
28	1093
28	1159
29	165
29	206
29	500
29	528
29	1068
30	516
30	709
31	118
31	1034
32	50
32	384
32	1256
33	130
33	808
33	958
33	977
33	1198
34	248
34	285
34	724
35	180
35	251
35	409
35	591
35	598
35	642
35	967
36	169
36	390
36	489
36	940
36	972
36	1042
36	1093
37	518
37	1238
37	1244
38	62
39	560
39	839
39	978
39	1190
40	208
40	433
40	516
40	696
40	721
40	1219
41	579
41	583
41	1003
41	1095
41	1164
41	1237
42	524
42	791
42	1159
42	1263
43	398
43	567
43	910
44	168
44	458
44	481
44	680
44	987
44	1046
44	1129
44	1134
44	1160
44	1275
45	60
45	849
45	1023
45	1195
46	466
46	704
46	1101
46	1125
46	1176
47	491
47	554
47	629
47	1124
48	110
48	580
48	726
48	1013
48	1270
49	83
49	106
50	1191
51	211
51	787
51	965
51	1176
52	96
52	687
52	1236
53	731
53	747
54	79
54	393
54	564
54	1189
55	466
55	861
56	396
56	415
56	1007
56	1100
57	428
57	539
57	728
57	962
57	1153
58	76
58	87
58	407
58	1077
58	1183
59	169
59	721
59	753
59	782
59	937
59	998
60	75
60	160
60	211
60	631
60	988
61	512
61	682
61	910
61	965
61	1182
62	157
62	200
62	254
62	296
62	403
62	459
62	529
62	945
62	1008
63	235
63	374
63	687
64	232
64	473
64	640
64	815
65	133
65	791
65	1070
66	136
66	169
66	353
66	461
66	1286
67	409
67	417
68	73
68	164
68	223
68	524
68	763
68	890
69	128
69	1054
70	110
70	703
70	1199
71	101
71	316
71	347
71	661
71	979
71	1207
71	1217
72	544
73	273
73	1233
74	335
74	986
74	1140
75	109
75	251
75	595
75	703
75	902
75	1294
76	571
76	982
77	232
77	392
77	766
78	452
78	504
78	641
78	835
78	841
78	913
78	949
79	751
79	821
79	1110
80	222
80	477
80	768
80	956
81	253
82	488
82	489
82	727
82	1142
83	99
83	928
83	1235
84	107
84	284
84	681
84	848
84	956
84	1198
85	539
85	587
85	767
85	1283
86	216
86	621
87	196
87	228
87	901
87	920
87	1100
87	1277
88	155
88	183
88	396
88	657
89	239
89	477
90	311
90	1055
91	209
91	553
92	945
93	446
93	535
93	627
93	1056
94	368
94	468
94	1265
95	485
95	662
96	757
96	901
97	622
97	783
97	897
97	1120
98	374
98	415
98	475
98	526
98	888
98	1283
99	338
99	444
99	599
100	378
100	553
100	902
100	969
100	1179
101	320
101	709
101	1059
102	134
102	151
102	311
102	617
102	646
102	682
102	979
102	1122
103	187
103	663
103	720
103	1234
104	347
105	139
105	557
105	599
105	1006
105	1221
106	133
106	277
106	698
107	114
107	164
107	190
107	311
107	1212
108	131
108	258
108	819
108	928
108	982
109	205
109	313
109	806
109	1162
110	634
110	869
110	995
111	786
111	1103
112	638
112	708
113	145
113	163
113	187
113	373
113	851
113	958
113	1251
114	418
114	1039
115	387
115	485
115	817
115	924
115	1226
115	1274
116	308
116	451
116	543
116	616
116	750
116	832
116	1038
116	1085
117	299
117	306
117	465
117	475
117	771
118	1071
118	1227
118	1294
119	191
119	1078
120	607
120	638
120	1197
121	165
121	289
121	554
121	793
121	1192
122	453
122	463
122	1090
122	1151
123	142
123	373
123	571
123	934
124	1183
125	463
125	864
126	185
126	235
126	264
126	604
126	770
126	789
126	1046
126	1299
127	693
127	991
127	1058
128	326
128	757
129	761
129	781
129	833
129	975
129	1160
130	320
130	398
130	656
131	146
131	224
131	841
132	143
132	220
132	274
132	1241
133	701
133	840
133	843
133	873
133	923
134	685
134	915
134	1156
135	136
135	179
135	278
135	1269
136	437
136	766
136	971
137	259
137	908
137	1203
138	217
138	517
138	898
139	1233
139	1274
140	148
140	292
140	367
140	865
140	1102
140	1117
140	1248
141	953
141	1189
141	1214
142	254
142	429
142	480
142	515
142	524
142	1184
143	435
143	598
143	626
143	1096
143	1180
144	336
144	629
144	842
144	868
144	1276
145	253
145	315
145	354
145	573
145	925
145	1041
145	1047
145	1218
146	363
146	654
146	681
147	237
147	410
147	443
147	719
147	917
147	1082
147	1286
148	175
148	285
148	350
148	574
149	216
149	649
150	422
150	926
150	975
151	650
151	1095
152	565
152	569
152	939
153	232
153	834
153	897
153	1212
154	203
154	273
154	376
154	646
154	809
154	1097
155	313
155	756
155	1083
155	1272
156	164
156	181
156	188
156	216
156	412
156	417
156	607
156	687
156	786
156	884
156	932
156	1023
156	1188
157	199
157	287
157	395
158	167
158	202
158	207
158	284
158	544
159	625
160	510
160	869
161	338
161	545
161	578
161	723
161	754
161	887
161	982
161	1041
162	586
162	649
162	938
163	648
164	511
164	523
164	806
164	1095
165	279
165	583
165	769
165	779
165	794
165	1062
165	1114
165	1256
166	242
166	267
166	289
166	1148
166	1224
168	458
168	747
168	1067
169	872
169	919
170	352
170	831
170	1010
171	244
171	322
171	492
171	815
171	1029
171	1073
172	204
172	400
173	393
173	562
173	658
173	854
173	1080
173	1250
174	1146
175	524
175	1050
176	935
176	981
176	1245
177	669
177	711
177	719
178	290
178	679
179	484
179	1176
180	392
180	1277
181	381
181	995
181	1172
181	1268
182	499
182	658
182	718
183	595
183	809
183	1206
183	1257
184	290
184	352
184	356
184	412
184	435
185	222
185	253
185	453
185	908
185	946
185	968
185	1245
186	992
187	745
187	1095
188	612
188	952
188	994
188	1252
189	366
189	405
190	354
190	615
191	546
191	571
192	594
192	639
192	760
192	778
192	874
192	1294
193	386
194	468
194	911
194	1154
195	319
195	931
195	1029
196	1014
197	412
197	1072
198	280
198	532
198	788
198	1041
199	206
199	276
199	902
199	935
199	942
200	514
200	767
200	781
200	953
201	314
201	502
201	683
201	759
201	1177
201	1260
201	1273
202	300
202	863
204	387
204	695
205	264
205	511
206	628
206	958
206	990
207	380
207	410
207	487
208	614
208	1162
209	451
209	471
209	477
209	938
210	430
210	566
210	843
211	257
211	552
211	1228
212	349
212	1000
212	1120
212	1254
213	420
213	540
213	660
213	1240
214	292
214	834
214	941
215	403
215	661
216	247
216	272
216	391
216	563
216	755
216	824
216	910
216	956
216	972
216	995
216	1197
217	259
217	1034
218	355
218	485
218	625
218	651
218	786
218	1158
219	848
219	1076
219	1172
220	279
220	341
221	1124
221	1179
222	305
222	807
222	1014
223	409
223	429
223	1260
224	272
224	288
224	313
224	490
224	671
224	766
224	927
224	977
224	983
224	1035
225	659
225	781
225	1217
226	491
227	565
228	459
228	606
228	1138
228	1233
229	619
229	640
229	1227
230	1091
230	1129
230	1136
231	597
231	1029
231	1256
232	599
232	852
233	290
233	798
233	1246
234	923
235	779
235	831
235	913
236	563
236	746
236	1205
237	747
237	1137
237	1149
237	1294
238	357
238	678
238	1112
238	1175
239	577
239	784
239	855
239	945
239	1158
239	1181
240	630
240	887
240	1262
241	380
241	413
241	432
241	651
241	806
241	867
242	828
242	1217
243	276
243	399
243	413
243	432
243	446
243	853
243	1095
243	1196
243	1251
244	990
244	1025
245	249
245	1224
245	1277
246	269
246	565
246	752
246	1048
246	1118
247	791
247	793
247	1074
248	794
249	382
249	669
249	712
249	724
249	753
249	856
250	333
250	1124
250	1211
252	287
252	634
252	839
253	320
253	375
253	622
253	838
253	1008
254	407
254	485
254	750
254	1085
254	1166
255	574
255	1042
255	1078
256	518
256	636
256	671
256	718
256	1094
257	731
257	1062
258	350
258	960
258	1004
258	1054
260	404
260	884
260	1194
261	299
261	364
261	1018
262	694
262	734
262	1256
263	533
263	732
263	886
263	889
263	983
263	1011
264	651
264	812
264	1226
265	332
265	769
265	1108
266	336
266	375
266	508
266	808
266	888
266	891
267	411
267	520
267	1174
268	1030
268	1184
269	358
269	637
270	524
270	939
270	1105
270	1217
270	1265
271	982
271	1163
271	1216
271	1224
271	1282
272	452
272	702
272	926
272	1233
273	595
273	1013
273	1293
274	998
275	284
275	452
275	559
275	798
275	1294
276	357
276	383
276	439
276	478
276	737
276	1142
277	292
277	1089
277	1125
278	520
278	581
278	624
278	629
278	1150
279	478
280	916
281	732
281	738
281	967
282	329
282	545
282	693
282	732
282	1219
283	542
283	632
283	726
283	939
283	1091
285	1044
285	1232
286	535
286	552
286	1074
286	1141
287	370
287	523
287	810
288	428
288	681
289	565
289	1098
289	1237
290	399
290	721
290	804
290	1206
290	1276
291	669
292	446
292	658
292	801
292	1149
293	713
293	829
293	1010
294	325
294	816
294	1223
295	361
295	757
295	933
295	1069
296	1285
297	1220
298	878
298	1206
299	481
299	524
299	785
299	951
300	358
300	462
300	1208
301	896
302	564
302	939
302	1189
303	347
303	546
303	800
303	817
303	1050
304	729
304	891
304	1096
305	345
305	788
305	833
305	1159
306	355
307	309
307	1166
308	542
309	360
309	1150
309	1193
310	579
311	535
311	1112
311	1263
312	434
312	700
312	766
312	1246
313	375
313	759
313	1001
314	484
314	713
314	1125
315	358
315	543
315	552
315	923
315	950
316	436
316	746
316	810
316	1091
316	1292
317	723
317	951
317	1056
317	1215
317	1291
318	825
319	408
319	1052
320	427
320	1011
320	1280
321	369
321	561
321	836
321	990
322	581
322	870
322	1172
322	1223
323	354
323	711
323	760
323	1065
324	1122
325	1126
326	720
326	849
326	917
327	817
328	461
328	532
328	752
328	1139
328	1192
329	496
329	596
329	602
329	790
329	901
329	939
330	1040
331	482
331	1055
331	1101
332	403
332	796
333	840
333	1141
334	697
334	824
334	832
334	950
334	1004
335	523
335	623
336	1040
337	424
337	692
337	1115
338	425
338	511
338	530
338	821
338	1072
339	387
339	409
339	902
339	1122
339	1141
340	780
341	862
341	1115
342	673
342	1168
343	805
343	830
344	505
344	621
344	957
344	1126
344	1133
345	946
346	935
346	1147
347	439
347	951
347	1147
347	1226
348	516
348	850
348	1192
349	372
349	869
349	1231
350	593
351	536
351	753
352	688
352	997
352	1135
353	368
354	820
355	1063
355	1209
356	462
356	867
356	1058
357	669
358	903
358	1154
358	1261
359	793
359	1101
360	525
360	834
360	1043
360	1219
360	1246
361	604
361	760
361	959
361	1194
362	985
363	1004
364	886
364	897
364	1110
365	850
365	961
365	1059
366	386
366	912
367	628
367	964
367	1071
368	500
368	757
368	821
368	866
368	873
370	457
370	505
370	535
370	560
371	378
371	762
371	1118
372	937
372	956
372	1152
372	1180
372	1217
373	1077
374	1194
375	751
376	495
376	947
376	1061
377	618
377	884
377	885
377	890
378	644
378	776
378	997
379	529
379	889
379	935
379	1071
380	465
380	555
380	894
380	1092
380	1130
381	433
381	445
381	726
381	1199
382	694
383	512
383	523
383	655
383	933
383	1124
383	1221
384	509
384	714
384	737
384	871
384	1141
384	1268
385	446
385	611
385	985
385	1076
385	1260
386	783
387	421
387	1181
388	673
388	750
388	772
388	880
388	1271
389	459
389	931
390	1071
390	1164
390	1200
390	1202
391	660
391	1029
391	1039
392	1268
393	751
393	861
393	1052
393	1172
394	468
394	669
394	700
394	1000
394	1172
395	547
395	577
395	739
395	744
395	768
396	587
396	689
396	798
397	1118
397	1234
398	539
398	677
398	741
399	873
399	1117
399	1249
400	591
400	695
400	1128
400	1295
401	641
401	745
401	878
401	961
401	1081
402	808
403	441
403	471
403	929
403	1160
404	615
404	629
405	450
405	742
406	629
407	499
407	1126
408	715
408	1229
409	972
409	1128
409	1204
410	447
410	477
410	594
410	840
410	1198
410	1244
411	588
411	689
411	727
411	918
412	444
412	1099
413	698
413	1098
414	432
414	517
414	1138
415	516
415	704
415	930
415	1084
415	1225
416	490
416	504
416	529
416	738
416	825
417	1032
417	1209
417	1243
418	879
419	770
419	955
419	1120
420	502
420	538
420	783
420	1021
420	1103
421	549
421	1218
422	503
422	692
422	776
422	844
422	1250
423	427
423	981
423	1213
424	472
424	516
424	653
424	842
424	1069
424	1099
425	968
426	816
426	1098
427	513
427	620
427	634
427	831
427	1176
428	1127
429	1260
430	897
431	526
431	920
431	947
432	652
432	790
432	1284
433	979
433	1022
433	1078
434	1289
434	1296
435	605
435	1034
436	658
436	751
436	1228
436	1229
437	570
437	1176
438	785
438	981
438	1017
438	1174
439	798
440	839
441	569
441	975
442	527
442	779
442	987
442	1132
442	1141
443	708
444	1176
445	452
445	998
445	1279
445	1297
446	497
446	689
447	620
447	955
448	962
449	660
449	883
449	1187
450	625
450	695
450	1030
450	1038
451	663
451	949
452	658
452	1165
453	1048
454	464
454	496
454	735
454	817
454	980
455	1234
456	795
457	796
457	1115
459	748
459	796
459	1228
459	1242
460	1238
461	662
461	937
461	1113
462	930
463	1077
464	578
464	763
465	669
465	832
465	1111
465	1112
466	571
466	1042
466	1260
467	492
467	1200
467	1262
468	736
468	793
468	1163
469	690
469	874
470	891
470	960
470	1259
470	1273
471	476
471	505
471	672
471	1182
471	1243
472	552
472	724
472	996
472	1244
473	620
473	667
473	706
474	560
474	703
474	970
474	1226
475	608
475	644
475	705
475	801
475	803
475	870
475	1146
476	665
476	677
476	795
477	893
477	1190
478	1138
478	1250
479	583
479	646
479	686
479	834
479	1086
479	1126
480	556
480	603
480	998
480	1056
481	521
481	650
481	703
482	1287
483	780
484	529
485	1068
485	1236
486	574
486	771
486	1220
488	493
488	841
488	1122
490	623
490	727
490	734
491	885
491	1265
492	539
492	949
492	1229
493	1197
494	511
494	512
494	1071
494	1275
495	619
495	938
495	991
495	1285
495	1290
496	759
496	936
496	1209
497	612
497	770
498	797
499	696
499	1237
499	1239
501	575
501	809
502	634
502	659
503	553
503	854
503	1266
504	973
505	566
505	928
505	1224
506	669
507	546
507	724
507	1273
507	1276
508	553
508	984
509	908
509	1276
510	682
510	983
510	1054
510	1146
510	1203
510	1239
511	957
511	1181
511	1287
512	1026
512	1049
512	1112
512	1181
513	552
513	1159
513	1196
514	703
514	721
514	826
514	1049
514	1197
515	1111
515	1183
516	1202
516	1240
517	691
517	703
517	947
517	1005
518	647
518	1109
519	780
519	957
519	1011
519	1220
520	857
520	1285
521	538
521	853
522	582
522	1225
523	747
523	1107
523	1140
524	602
524	681
524	704
524	838
524	1299
525	543
525	769
526	574
526	1079
526	1201
526	1208
527	825
527	1053
527	1132
528	699
528	1275
529	1145
530	1018
530	1252
531	842
531	1103
532	1017
532	1092
533	544
533	561
533	648
533	860
533	874
533	968
533	1073
533	1128
534	995
535	672
535	781
535	968
535	1136
536	1139
537	579
537	627
537	709
537	1022
538	555
538	559
538	564
539	769
540	642
540	818
540	1290
541	1090
542	868
543	556
543	751
543	1284
544	745
545	1019
546	919
546	1172
547	749
547	809
548	750
549	673
549	707
549	715
549	745
549	768
550	662
550	1013
550	1115
550	1146
551	842
551	1206
552	888
552	889
552	894
552	1277
552	1287
553	723
554	1051
555	610
555	695
555	888
556	732
556	1059
558	993
558	1273
559	912
559	917
560	595
560	638
560	745
560	851
560	918
560	945
560	1150
560	1289
561	638
561	821
561	843
561	1164
562	774
563	1109
564	723
564	1212
565	1175
565	1272
566	968
566	1140
567	697
567	797
567	1292
568	707
568	915
569	698
569	1004
569	1026
569	1085
569	1238
570	1246
571	844
571	1193
571	1212
572	583
572	643
572	865
572	969
572	983
573	667
574	747
574	1026
575	585
575	744
576	752
576	1090
578	730
578	741
578	908
578	1200
578	1232
578	1251
579	1126
579	1173
580	630
581	1185
581	1187
582	710
583	709
583	846
583	1040
584	925
584	998
584	1016
584	1116
584	1172
584	1255
585	1114
585	1173
586	651
586	760
586	1223
586	1299
587	708
587	930
587	967
587	1075
587	1153
589	615
589	858
589	872
589	1155
589	1235
589	1279
590	774
591	728
591	857
591	1126
591	1244
592	752
592	760
593	1102
593	1246
594	625
594	875
594	930
594	1012
594	1061
595	782
596	1219
597	758
597	875
598	651
598	734
598	869
598	1097
599	643
599	664
600	714
600	963
600	1127
600	1156
600	1236
601	1257
603	681
603	858
603	978
604	916
604	1097
605	633
605	817
605	1102
605	1186
606	641
606	710
606	862
607	885
608	644
608	712
608	957
608	1152
608	1161
609	1102
609	1219
609	1222
611	670
611	925
611	1069
611	1195
612	725
613	696
613	701
613	1176
613	1236
614	894
614	928
615	807
616	730
616	955
617	721
617	745
617	748
617	959
617	1196
618	756
618	858
618	1127
619	664
619	780
619	915
619	943
619	970
619	1230
620	835
620	914
620	1083
621	622
621	668
621	963
621	968
622	1024
624	934
626	811
626	1264
626	1287
628	636
628	766
629	882
629	958
629	1199
629	1238
630	806
630	867
631	846
631	974
631	1058
631	1187
631	1213
633	935
633	1166
634	1202
635	830
635	1019
636	739
636	1085
637	984
637	1031
637	1159
638	980
639	802
640	753
641	1086
642	655
642	1209
643	730
644	715
644	1131
644	1226
645	1164
646	815
646	1111
646	1287
647	818
647	902
647	1041
648	837
648	961
648	1078
648	1159
649	725
649	1126
650	932
651	848
651	855
651	946
651	985
651	1062
652	1043
652	1149
653	763
654	701
654	742
654	931
654	963
655	930
655	1025
655	1069
655	1298
656	896
657	760
658	781
658	1281
659	735
659	806
660	743
661	901
662	731
662	1034
662	1241
663	667
663	828
663	1029
664	745
664	750
665	774
665	1093
666	985
666	1050
666	1154
667	1042
667	1060
668	1021
669	872
669	974
669	1046
670	694
670	789
670	1167
671	926
671	1187
672	734
673	794
673	1083
673	1159
674	1077
674	1209
675	886
675	892
675	1234
676	1010
676	1278
677	736
677	1069
677	1083
677	1213
678	681
678	725
678	889
678	983
679	841
679	909
680	1011
681	691
681	739
681	1020
682	857
682	899
682	1281
683	1094
684	855
684	1120
685	1008
687	890
687	926
687	1215
688	843
688	889
689	956
690	956
690	988
690	1054
691	747
691	777
691	847
691	1109
691	1252
692	725
692	1146
692	1204
692	1263
693	699
693	703
693	1005
695	855
695	955
695	1032
695	1196
696	878
696	1234
697	711
698	890
699	744
699	1298
700	733
700	775
700	1086
701	920
701	1081
701	1187
701	1263
703	817
704	859
704	948
705	1256
706	862
706	1017
706	1064
706	1077
706	1136
707	1040
707	1235
707	1256
708	1187
708	1224
709	1014
709	1044
710	1175
711	751
711	1094
711	1225
713	1021
713	1299
714	796
714	873
715	877
715	1205
715	1263
715	1269
716	821
716	850
716	854
716	1034
716	1223
716	1288
717	875
717	889
717	1070
717	1209
718	1156
719	829
719	1167
719	1178
719	1200
720	1016
720	1233
722	1284
723	789
723	1027
723	1192
724	952
724	1227
726	799
726	1177
727	874
727	941
727	1010
727	1221
728	820
728	1071
728	1267
731	778
731	847
731	1028
731	1070
732	1036
732	1174
732	1175
732	1282
734	784
734	822
734	992
734	1264
735	776
735	785
737	848
737	995
737	1064
737	1073
738	785
740	808
740	1229
741	1086
741	1101
742	876
742	954
742	1043
743	956
744	832
744	909
744	1106
745	854
746	779
748	1025
749	893
749	1123
749	1224
750	1128
751	1138
753	1221
754	1229
755	1149
756	883
756	1057
757	829
757	1182
757	1270
759	834
760	953
761	815
761	1159
761	1240
762	873
762	971
762	1070
762	1250
763	987
764	869
764	1159
764	1169
765	917
765	1112
765	1258
766	1063
767	999
767	1005
768	920
768	1035
769	918
769	952
769	986
769	1199
769	1272
770	1231
772	806
772	1124
772	1160
772	1184
772	1260
773	858
773	893
773	921
773	1023
773	1137
774	1258
774	1280
775	1242
776	780
776	975
776	1240
777	899
777	1103
778	1215
780	923
780	1036
781	935
782	950
782	1058
783	862
783	1212
784	841
785	974
786	986
786	1281
787	857
788	1234
789	980
789	1080
790	1082
790	1167
791	811
791	949
792	841
793	1024
794	939
796	952
796	997
797	1100
797	1185
798	1155
799	985
800	804
800	935
800	1064
800	1253
801	1032
802	897
802	950
802	1023
802	1271
803	821
803	914
803	1051
804	923
804	1068
804	1093
806	1269
807	1185
807	1223
807	1246
809	871
809	1089
809	1296
810	986
810	1131
810	1153
812	1047
812	1290
813	881
814	841
814	1112
815	1040
816	900
817	1184
818	999
820	833
820	841
820	1225
821	1012
821	1015
821	1054
821	1186
822	824
822	1087
822	1283
823	1221
824	920
825	1028
826	1037
826	1095
826	1276
827	879
827	913
828	997
828	1294
830	976
830	1237
832	1009
833	1163
833	1231
833	1282
834	1021
835	967
836	904
836	1089
836	1254
837	1275
839	1232
840	1174
841	866
842	967
842	968
843	972
843	1214
843	1223
844	978
845	887
845	1113
846	908
847	1097
848	1209
850	1126
850	1147
850	1178
850	1268
850	1295
851	1113
852	1044
854	1017
854	1119
854	1214
855	998
855	1109
856	1067
856	1171
858	1036
858	1110
858	1158
858	1184
858	1210
861	1035
861	1201
862	940
862	969
862	1036
862	1251
864	1003
864	1170
864	1181
865	1062
866	1232
867	892
868	1057
868	1085
869	1177
870	1004
870	1265
871	899
871	1168
873	1287
874	1268
874	1273
875	938
875	1069
876	1213
878	1038
878	1256
879	888
879	891
879	954
879	1049
880	998
881	883
881	1179
882	966
883	1057
883	1269
884	1071
885	1230
886	1094
886	1102
887	995
887	1271
888	1167
888	1182
888	1197
889	1110
890	1080
890	1198
890	1252
892	986
892	1143
893	1012
893	1148
893	1230
894	963
894	1111
895	1037
896	938
896	1240
897	1283
898	1110
899	1102
900	912
900	1196
901	1043
901	1258
902	970
902	1157
903	910
903	1041
905	1040
905	1045
906	923
906	931
906	1213
907	1086
907	1182
908	1139
908	1191
909	1003
909	1019
909	1033
910	987
912	1017
912	1263
913	1036
914	981
915	917
917	1250
917	1297
918	1004
918	1218
920	1096
920	1272
921	1067
921	1228
922	1166
923	1103
923	1137
923	1147
923	1173
924	959
924	1114
925	968
930	1041
931	1286
932	1106
932	1203
932	1277
933	972
934	959
934	1014
934	1297
935	1241
938	943
940	1254
942	1077
942	1085
943	1145
943	1188
943	1200
944	962
944	1081
945	1245
945	1248
946	1078
946	1093
948	1219
949	1002
949	1033
949	1110
951	1021
952	1164
953	1110
953	1198
954	989
955	964
955	1039
955	1178
955	1201
958	1172
959	1076
960	1160
960	1188
960	1276
964	1193
967	1232
969	995
969	1249
971	1016
972	1114
975	1085
979	1073
980	1173
984	1050
984	1295
985	996
985	1009
986	1088
986	1101
987	1076
987	1194
988	1050
988	1202
988	1218
990	1279
992	997
992	1034
992	1126
993	1039
993	1166
994	1020
994	1065
995	1295
997	999
1001	1137
1005	1194
1007	1283
1008	1283
1009	1027
1009	1051
1009	1100
1009	1116
1009	1195
1010	1109
1010	1262
1013	1153
1014	1293
1015	1053
1015	1299
1018	1243
1018	1262
1019	1126
1019	1191
1023	1215
1027	1107
1027	1241
1027	1244
1028	1248
1029	1196
1030	1107
1030	1152
1031	1179
1032	1077
1032	1156
1032	1226
1033	1187
1036	1125
1036	1278
1037	1269
1038	1070
1038	1259
1038	1284
1041	1200
1043	1159
1043	1198
1043	1227
1045	1109
1045	1286
1046	1176
1047	1233
1047	1255
1048	1150
1049	1279
1051	1125
1053	1273
1053	1281
1056	1112
1057	1160
1058	1170
1059	1089
1061	1066
1063	1120
1064	1237
1064	1262
1065	1226
1066	1222
1069	1159
1070	1122
1071	1174
1072	1110
1072	1153
1074	1257
1074	1287
1076	1082
1077	1103
1077	1195
1077	1265
1078	1119
1078	1131
1081	1142
1082	1117
1083	1132
1085	1256
1086	1215
1088	1228
1090	1167
1091	1208
1093	1100
1094	1109
1098	1133
1099	1113
1102	1114
1102	1130
1105	1277
1106	1125
1109	1265
1110	1244
1112	1157
1113	1142
1117	1297
1119	1152
1119	1231
1121	1207
1125	1165
1125	1169
1127	1169
1127	1220
1127	1280
1128	1276
1130	1159
1142	1160
1142	1221
1144	1236
1146	1171
1146	1192
1146	1222
1153	1154
1163	1230
1168	1265
1168	1274
1172	1222
1174	1238
1176	1240
1177	1234
1178	1279
1179	1297
1182	1263
1185	1215
1187	1279
1189	1266
1191	1202
1193	1229
1200	1227
1204	1285
1208	1244
1208	1298
1209	1286
1213	1221
1213	1282
1214	1278
1217	1266
1217	1285
1218	1222
1226	1247
1232	1281
1232	1289
1235	1276
1257	1266
1271	1274
1273	1296