0	16
0	223
0	349
0	363
0	468
0	883
1	486
1	1034
2	225
2	1202
3	497
3	653
4	71
4	773
4	1060
4	1219
5	41
5	267
5	1145
5	1171
6	72
6	422
6	523
6	929
6	1048
7	248
7	540
7	601
7	907
8	919
9	169
9	557
9	674
9	893
9	1211
10	132
10	142
10	171
10	303
10	589
10	794
11	29
11	1264
12	206
13	241
13	557
13	993
13	1176
14	132
14	150
14	416
14	447
14	807
14	842
15	163
15	356
15	425
15	1074
15	1077
15	1281
16	253
16	664
16	711
16	737
16	988
16	1210
17	121
17	460
17	485
17	528
17	995
17	1052
17	1258
18	141
18	279
18	484
18	537
19	956
19	1133
19	1271
20	34
20	71
20	126
20	331
20	1044
21	362
21	397
21	551
21	878
22	248
22	580
22	846
22	906
22	1279
23	552
23	1035
23	1162
24	686
24	891
24	905
24	1165
24	1195
24	1235
25	189
25	745
25	864
26	328
26	707
26	909
27	694
27	920
28	115
28	160
28	212
28	1160
28	1201
29	291
29	664
29	1075
29	1205
30	728
30	1081
31	59
31	396
31	958
32	770
32	805
32	1032
32	1223
33	402
33	653
33	1087
34	106
34	123
34	274
34	1108
34	1127
34	1248
35	157
35	485
35	747
35	848
36	938
36	1021
36	1082
36	1097
36	1168
37	269
37	414
37	546
37	645
38	1045
38	1257
39	72
39	307
39	406
39	499
39	554
39	854
40	68
40	102
40	259
40	529
40	576
40	889
40	930
41	282
41	402
41	892
41	917
42	220
43	211
43	309
43	355
43	416
43	618
43	1263
44	530
44	1161
45	1101
46	138
46	205
46	675
47	221
47	222
47	443
47	985
48	140
48	596
49	379
49	877
49	1236
50	261
50	848
50	1061
51	489
51	1029
51	1109
51	1138
51	1246
52	239
52	267
52	698
52	806
52	1181
53	179
53	906
53	1195
54	260
54	311
54	340
54	764
54	1003
54	1270
55	784
56	798
57	431
57	917
57	964
57	1021
57	1105
58	92
58	267
58	403
58	715
58	769
58	955
58	1103
58	1119
58	1136
59	157
59	662
60	408
60	750
60	755
60	978
60	1184
60	1274
61	405
62	144
62	774
62	783
63	110
63	632
63	1087
64	601
64	1115
65	84
65	476
65	494
65	932
66	381
66	1065
66	1095
66	1214
67	108
67	465
67	658
67	1186
68	408
68	789
68	816
68	878
68	1076
69	99
69	345
69	635
69	766
69	1151
69	1211
70	463
70	628
70	887
70	979
70	1159
70	1226
71	265
71	441
71	751
71	965
72	1110
73	517
73	853
73	913
73	1190
74	204
74	381
74	621
74	1088
75	960
75	1006
75	1025
75	1039
75	1053
76	363
76	732
76	939
76	1115
76	1167
77	333
77	516
77	665
78	189
78	788
78	863
78	1119
78	1298
79	367
79	647
79	794
80	992
81	108
81	450
81	466
81	712
81	729
81	885
82	1278
83	377
83	530
83	622
83	859
83	1039
84	361
84	658
84	1265
85	465
86	112
86	320
86	559
86	750
86	978
86	1027
86	1233
87	1043
88	203
88	215
88	1182
89	212
89	752
89	1010
90	400
90	920
90	1099
90	1230
91	328
91	437
91	839
91	911
91	1182
92	254
92	979
93	852
94	207
94	335
95	116
95	375
96	184
96	532
96	601
96	732
96	1014
96	1181
97	130
97	817
98	172
98	602
98	1155
99	162
99	538
99	861
99	994
99	1130
100	1010
101	259
101	586
101	888
101	1095
101	1176
101	1205
102	295
102	363
102	648
102	673
102	1249
103	159
103	478
103	490
103	1092
103	1189
103	1289
104	422
104	457
104	861
104	1092
105	486
105	745
105	855
106	494
106	508
106	628
106	639
106	686
106	922
107	113
107	305
107	436
107	812
107	1285
108	992
108	1091
108	1258
108	1262
109	184
109	331
109	547
109	1137
109	1289
110	112
110	158
110	230
110	609
110	1067
111	427
111	453
111	1151
111	1238
112	156
112	787
112	885
112	900
112	1031
113	479
113	1026
114	516
114	821
114	1018
114	1087
115	188
115	317
115	528
115	1180
116	641
116	1165
117	253
117	973
118	460
118	895
118	901
118	1002
119	632
119	937
119	1032
120	369
120	442
120	542
120	816
120	837
120	855
120	1031
120	1152
120	1269
121	506
121	721
121	1103
122	766
123	124
123	239
123	428
123	481
123	597
124	727
124	789
124	856
124	976
124	1038
124	1120
124	1142
124	1155
125	1276
126	332
126	750
126	1137
127	345
127	738
127	771
127	832
127	1177
128	357
128	806
129	572
129	612
129	791
129	1221
131	324
131	686
131	1144
132	737
132	1289
133	178
133	486
133	695
133	852
134	204
134	307
134	362
135	528
135	768
135	1016
136	450
136	498
136	800
136	829
136	1158
136	1192
137	383
137	584
137	1268
138	347
138	398
138	573
138	604
139	623
139	906
139	933
140	145
140	381
140	444
140	832
140	1214
141	542
141	776
142	215
142	245
142	681
142	720
143	749
143	1104
145	414
145	1273
146	356
146	779
147	299
147	440
147	445
147	508
147	899
147	970
147	1232
148	154
148	338
148	615
148	799
149	490
149	731
149	990
149	1145
150	465
150	902
150	1024
150	1219
150	1232
151	252
151	278
151	823
151	942
151	1101
151	1277
152	295
152	303
152	319
152	1129
152	1132
153	158
154	335
154	514
154	770
155	203
155	460
155	822
155	1268
156	187
156	738
156	1114
157	686
157	1229
157	1230
157	1297
158	518
158	1224
158	1297
159	1041
159	1260
160	385
160	816
160	841
160	1281
161	561
162	923
162	1046
162	1205
163	537
163	690
164	1231
165	440
165	682
166	592
167	442
167	523
167	1269
168	332
168	779
168	843
168	1047
168	1124
168	1128
169	214
169	674
170	279
170	294
170	980
171	213
171	532
171	1187
172	415
172	831
172	917
172	1003
172	1222
173	771
173	848
174	208
174	1081
175	317
175	525
175	657
175	729
175	763
175	1200
176	261
176	562
176	1100
177	325
177	741
177	932
177	1084
178	396
178	617
178	775
178	1172
179	745
179	994
180	466
181	862
181	1199
181	1210
182	354
182	1008
183	337
183	502
183	517
184	418
184	776
184	1050
184	1051
185	198
185	461
185	1014
185	1201
186	432
186	656
186	1032
187	316
187	1244
188	629
188	955
189	1020
190	909
190	995
190	998
190	1062
191	206
191	1203
192	1147
192	1256
193	1109
194	255
194	573
194	858
195	779
195	1148
196	482
196	887
196	1145
197	360
197	372
198	427
198	489
198	1019
198	1228
199	253
199	435
199	766
199	1064
199	1082
199	1278
200	291
200	390
200	592
200	838
201	1152
202	1224
203	260
203	287
203	337
204	213
204	308
204	480
204	818
204	1081
204	1251
205	817
205	924
205	1107
205	1142
206	393
206	488
206	529
206	835
206	898
206	1257
207	456
207	561
207	613
207	986
208	1068
209	348
209	456
210	267
210	303
210	438
210	511
211	492
211	851
211	894
212	232
212	454
212	774
212	991
212	1120
213	703
213	979
214	264
214	696
214	842
214	1001
214	1071
215	476
215	623
215	760
215	783
215	1178
215	1253
216	629
216	1018
216	1150
216	1284
217	355
217	835
217	1143
218	328
219	249
220	654
220	705
220	807
220	916
220	968
220	991
221	740
222	248
222	319
222	639
222	744
222	1176
222	1247
223	294
223	452
223	549
223	741
224	985
225	941
225	1038
226	493
226	1110
226	1170
227	352
227	491
227	799
228	813
229	721
229	913
230	482
230	979
231	611
232	460
232	737
232	992
232	1069
233	239
233	365
233	1024
233	1064
234	1247
235	1251
235	1257
236	698
236	975
237	288
237	301
237	1040
237	1091
238	624
239	661
239	881
239	1155
239	1182
239	1189
239	1290
240	1084
241	469
241	620
241	630
241	684
241	1136
241	1184
241	1187
242	775
242	889
242	987
242	1125
243	1142
243	1187
243	1233
244	657
244	704
244	1114
244	1296
245	270
245	274
245	369
245	510
245	716
245	982
245	1047
245	1160
245	1202
246	587
246	699
247	312
247	675
248	419
248	641
248	761
248	1035
249	540
249	690
249	750
250	938
251	1109
252	708
252	773
252	793
253	327
253	651
253	778
253	919
253	942
253	1143
254	284
254	376
254	622
254	836
254	1201
256	279
256	501
256	682
256	700
256	736
256	1128
256	1258
257	626
257	738
257	1054
257	1236
258	651
258	1217
258	1235
259	414
259	450
259	781
259	887
259	922
260	394
260	470
261	905
262	610
263	424
263	670
263	792
263	1231
263	1269
264	406
264	430
264	619
264	678
264	875
265	267
265	272
265	527
265	860
265	903
266	994
267	419
267	549
267	996
267	1155
268	806
268	961
268	1061
269	685
270	286
270	358
270	415
270	429
270	989
270	1001
270	1005
271	757
271	1015
271	1159
271	1188
272	637
272	956
272	1007
273	293
273	325
273	396
273	494
273	530
273	628
273	728
273	742
274	1056
275	878
276	1067
277	489
278	624
278	680
278	1006
278	1120
278	1186
279	383
279	1116
280	447
280	475
280	685
281	421
282	812
282	1010
282	1068
282	1173
283	364
283	1049
283	1194
283	1249
284	366
285	291
285	558
285	679
285	1045
285	1059
285	1278
286	915
287	447
287	641
287	710
287	872
287	928
288	778
288	1149
289	865
289	1256
290	656
290	1129
291	566
291	617
291	662
291	956
292	620
292	1110
293	592
293	801
293	1094
293	1181
294	839
295	298
295	356
295	811
296	1140
297	501
297	591
297	858
297	912
297	1226
298	495
299	844
299	1108
300	372
300	915
300	1260
300	1280
301	403
301	560
301	918
301	996
301	1134
301	1288
302	354
302	1182
303	1293
304	598
304	677
305	618
305	685
305	1047
306	513
306	746
306	806
306	861
307	737
307	856
307	1060
307	1061
307	1177
307	1240
307	1251
308	378
308	870
309	1175
310	318
310	553
310	682
310	818
310	938
310	1018
310	1244
310	1277
311	403
311	984
311	1215
312	1204
313	971
314	423
314	660
314	676
314	700
314	930
314	986
314	1232
315	1273
316	477
316	574
316	799
317	449
317	494
317	901
317	1185
317	1204
318	370
318	742
318	1298
319	466
319	596
319	1127
319	1148
320	354
320	1032
321	329
321	692
321	766
322	417
322	629
322	1157
322	1276
322	1285
323	778
323	907
323	1105
323	1107
324	403
325	533
325	1284
326	633
326	1242
327	894
327	956
327	1194
328	616
328	941
328	1121
329	386
329	464
329	777
329	1118
329	1123
330	968
330	1086
331	462
332	541
332	949
332	1074
333	660
333	950
333	966
334	573
334	1273
335	1112
335	1287
336	438
337	782
337	871
338	1022
339	569
339	695
339	873
339	1095
339	1268
340	388
340	722
340	824
340	926
340	992
340	1126
340	1160
341	396
341	624
341	1189
342	685
342	796
342	928
342	950
343	1088
344	513
344	813
344	1120
344	1175
344	1176
344	1249
346	668
347	988
347	1145
347	1168
348	785
349	527
349	792
349	920
349	1214
350	412
350	920
350	1122
350	1225
351	687
351	869
351	1291
352	992
352	1062
353	399
353	747
353	909
353	1022
354	877
354	1043
354	1075
354	1100
356	430
356	468
356	874
357	701
357	938
358	668
358	779
358	975
359	738
359	798
359	1133
360	437
360	439
360	553
360	567
360	608
360	1054
360	1224
360	1249
360	1256
361	638
361	774
361	1146
362	878
363	381
363	754
363	759
363	814
363	816
364	406
364	618
364	1202
365	731
365	1145
366	469
366	683
366	948
366	1231
367	515
367	599
367	970
367	1242
368	500
368	945
368	1059
369	1088
369	1110
369	1176
369	1185
370	397
370	580
371	457
371	601
372	491
372	756
372	915
373	416
373	530
373	812
373	848
374	944
374	1250
375	479
375	527
375	1275
376	969
377	784
378	844
378	1240
378	1259
379	580
379	817
380	842
380	872
380	1125
381	528
381	892
381	1173
382	797
382	903
382	1076
382	1237
382	1244
383	570
383	845
383	1056
384	418
384	575
384	709
385	550
385	727
386	1292
387	408
387	549
387	911
387	1063
388	599
388	1228
389	483
390	513
390	688
391	393
391	584
391	721
391	832
391	889
391	902
392	1231
393	701
394	601
394	853
394	1107
394	1122
394	1145
395	686
396	527
396	680
397	504
397	605
397	927
397	984
397	1118
398	875
398	1238
399	453
400	473
400	610
400	825
400	1011
400	1104
400	1151
401	528
403	445
403	878
403	1176
403	1296
404	450
405	456
405	1004
406	445
406	446
406	493
406	710
407	508
407	964
407	1270
408	919
408	1073
408	1131
409	461
409	468
409	863
410	709
410	792
410	909
410	925
411	647
411	754
411	1278
412	959
413	680
413	1201
413	1208
413	1256
414	785
414	993
414	1079
414	1274
415	728
415	1295
416	983
416	1225
417	588
417	1089
418	680
418	1276
419	599
419	626
420	669
420	960
421	820
421	1130
422	1146
422	1283
423	443
423	832
423	1198
423	1255
424	1199
426	601
426	660
426	872
426	1097
426	1274
426	1291
427	735
427	868
427	956
427	1126
428	628
429	459
429	593
431	673
432	1009
433	484
433	566
433	610
433	743
433	888
433	907
433	1190
433	1219
434	578
434	757
434	1284
435	900
435	1277
436	471
436	621
436	1223
437	447
437	460
437	993
438	458
438	629
438	797
438	805
438	814
438	816
438	830
438	934
438	1005
438	1035
438	1103
439	956
439	1151
439	1162
439	1225
439	1282
441	466
441	716
442	474
442	640
442	655
442	691
443	506
443	535
443	567
443	744
444	472
444	518
444	804
444	820
444	1188
444	1248
444	1285
445	710
445	1007
446	496
446	531
446	815
446	890
446	1042
447	633
447	1034
448	914
448	968
448	1188
449	933
450	617
450	904
451	469
451	622
451	1116
452	767
453	720
453	1184
454	571
454	899
454	941
454	976
455	1129
455	1279
456	555
457	501
457	1099
457	1242
457	1280
458	476
458	622
458	1071
460	1042
461	503
461	663
461	943
461	1291
462	667
462	1194
463	1007
464	1000
464	1034
464	1260
464	1298
465	1021
465	1173
465	1186
466	755
466	859
466	928
466	1055
467	551
467	728
467	882
467	1074
468	623
469	527
469	995
470	515
470	1174
470	1183
471	506
471	778
471	796
472	851
473	703
473	721
473	863
473	917
474	655
474	969
475	712
475	722
475	1155
476	1124
477	688
477	692
477	798
478	516
478	521
478	1131
479	818
479	1037
479	1294
480	501
480	549
480	1174
481	1188
481	1246
482	665
482	734
482	835
482	934
482	1170
483	943
483	1164
484	677
484	732
484	868
484	1028
484	1207
485	659
485	1183
485	1224
486	752
486	822
486	953
486	958
486	981
486	993
487	1083
487	1166
490	594
490	721
490	1086
491	594
491	666
491	779
492	865
492	1292
493	635
493	662
493	664
494	743
494	1193
494	1285
495	560
495	918
495	1100
495	1167
495	1194
496	627
496	941
496	1299
497	592
498	539
499	786
500	866
500	1036
500	1251
501	627
502	526
502	955
502	1067
503	651
503	709
503	827
504	708
504	983
504	1260
505	569
505	886
506	827
506	1136
507	1149
508	1217
509	613
509	774
509	1257
510	969
510	1094
511	521
511	725
512	712
512	1073
513	855
513	1163
513	1211
514	591
514	822
514	917
514	967
515	714
515	976
516	546
516	729
516	954
516	1049
517	767
517	965
517	1070
517	1234
518	806
518	1200
519	708
519	748
519	933
519	1243
520	613
520	716
520	1235
521	611
522	1011
522	1106
523	616
523	700
523	1189
523	1248
524	614
524	1109
524	1225
526	698
526	737
526	771
526	838
527	537
527	562
527	829
527	833
527	1204
528	597
528	1234
530	940
530	1230
531	657
531	1080
531	1158
532	724
532	744
532	1126
533	671
533	765
533	766
534	1260
535	825
535	1110
536	578
536	906
537	1135
537	1145
538	556
538	673
538	802
538	1155
538	1269
539	828
539	1053
540	834
540	1040
540	1081
541	560
541	660
541	787
541	837
542	1259
543	769
543	1055
543	1078
543	1091
544	734
544	1203
545	785
545	903
545	946
545	1158
545	1177
546	606
546	705
547	670
548	806
549	1171
550	1258
551	1249
552	659
552	919
552	1286
553	716
553	791
553	893
554	579
554	800
557	788
557	1213
558	671
559	1091
559	1287
560	1079
561	1002
562	958
562	1194
562	1233
563	696
563	819
563	1123
564	768
564	1244
565	863
565	1204
566	945
566	980
566	995
567	870
567	956
568	633
568	894
568	1134
569	590
569	641
569	1223
570	757
570	1068
571	889
571	1061
572	615
572	1127
572	1149
572	1169
573	654
573	754
573	783
575	680
576	664
577	660
577	678
577	868
578	712
578	1007
579	680
579	778
579	834
580	684
580	1263
581	969
581	1247
581	1268
582	660
582	1237
583	716
583	738
583	778
583	1236
584	1217
585	761
586	852
586	1179
587	609
587	657
587	987
587	1098
587	1099
587	1261
588	805
588	808
588	917
588	948
588	995
588	996
588	998
588	1104
588	1178
588	1226
589	727
590	640
590	952
590	1218
592	881
592	1188
592	1285
593	1137
594	843
595	858
596	879
596	911
596	997
596	1114
598	808
598	905
599	663
599	1117
600	677
601	720
602	1079
603	658
604	1036
604	1085
604	1113
604	1119
605	867
605	898
606	848
606	1276
607	824
607	981
609	940
609	989
610	758
610	906
610	955
610	1132
611	1290
612	747
612	1225
613	844
613	862
613	918
613	1097
614	1077
615	1159
617	715
617	808
617	941
617	1106
617	1184
618	765
618	817
618	1106
620	891
620	984
620	1049
621	627
621	771
621	1160
622	725
622	973
623	748
623	750
623	795
623	935
625	667
626	964
626	1039
626	1097
627	688
627	901
627	1230
628	806
628	1218
629	1041
629	1154
631	782
632	1060
632	1197
633	1128
634	1202
634	1255
635	913
636	905
636	1123
637	1018
638	732
638	1198
639	656
639	699
639	1273
640	704
640	1000
642	956
642	1198
642	1240
642	1249
642	1277
643	817
643	1165
644	670
644	1099
646	905
646	921
646	1222
646	1288
647	929
647	931
647	1212
648	1120
649	1298
650	785
650	800
650	1129
650	1133
650	1283
651	662
652	918
652	1275
653	723
653	801
653	971
655	697
655	813
655	1135
655	1182
656	1051
656	1086
657	766
657	955
658	730
658	1043
659	756
659	995
659	1245
660	1146
661	702
661	1028
661	1208
662	924
662	1014
663	1296
664	964
664	1073
664	1087
665	997
665	1001
666	1063
666	1283
667	715
667	862
667	1038
667	1088
667	1282
668	714
668	923
670	974
671	1031
672	707
672	1212
672	1282
673	1219
675	708
676	1226
677	739
678	742
678	769
678	912
678	983
678	1204
679	719
683	810
684	1110
685	800
685	1179
685	1235
686	1239
686	1259
687	963
687	1241
688	697
688	842
688	906
688	1205
688	1230
689	862
689	1288
690	1057
690	1177
691	1066
691	1091
691	1195
691	1276
692	874
692	875
692	1133
692	1196
693	894
694	865
694	1191
695	760
695	838
695	844
695	1071
698	713
698	772
699	803
700	884
700	1130
701	832
701	973
701	1028
702	777
702	917
702	1205
703	1156
703	1188
704	874
706	736
707	781
707	919
707	1076
708	800
708	966
709	764
709	860
710	1080
711	1086
711	1267
712	1171
713	769
713	1255
714	1018
714	1272
715	884
715	944
715	1203
716	876
716	959
716	1103
716	1119
717	823
717	861
717	905
718	981
718	1190
719	798
720	968
720	993
721	741
721	905
721	1172
722	863
722	1141
723	794
724	904
724	951
725	870
725	1240
726	935
726	973
727	731
728	899
728	1202
730	802
730	1143
731	1033
733	931
733	1278
734	895
734	933
734	1097
735	1089
737	1032
737	1230
738	928
738	1026
738	1165
739	1122
739	1151
739	1208
741	759
741	771
741	1060
741	1286
742	1124
743	864
743	1156
744	753
744	768
744	1004
746	967
746	1164
747	847
747	1029
747	1281
748	868
748	1191
749	769
749	784
750	1257
751	1063
751	1098
751	1113
751	1133
752	1055
752	1165
756	998
756	1001
756	1093
759	1208
760	824
760	1149
761	842
761	865
761	911
761	964
761	1293
762	852
763	922
764	1033
765	789
766	790
766	932
766	1031
766	1042
766	1137
768	945
769	1084
770	869
770	887
770	1094
774	781
774	1072
775	790
775	883
776	1186
777	781
777	814
777	826
777	832
778	989
780	864
780	1018
780	1275
781	813
781	1149
781	1219
782	1076
782	1237
783	1045
783	1079
784	831
784	905
785	998
785	1209
787	849
787	878
788	962
789	803
789	946
789	1118
789	1188
789	1291
790	803
790	1087
791	898
791	922
792	852
792	914
792	1190
793	943
795	825
795	1085
796	960
797	1013
797	1289
798	921
798	1182
801	1052
801	1284
803	949
804	829
804	1088
804	1153
805	1264
805	1282
806	816
806	819
806	923
806	941
807	1291
808	945
809	851
809	960
809	1002
811	1274
813	849
813	1239
815	1251
816	893
818	1287
819	874
820	886
820	1062
822	1194
823	892
823	1013
825	1114
826	939
827	1001
828	921
829	1147
829	1178
833	1002
833	1260
833	1279
836	878
836	1266
836	1275
836	1297
838	842
838	1002
839	1174
840	886
840	999
841	853
841	1293
842	1186
843	880
843	1266
844	1103
844	1161
845	917
846	1128
850	1090
851	930
851	1284
852	858
854	928
854	976
854	1164
856	1231
857	915
857	1181
857	1195
858	898
858	1102
858	1134
859	886
859	1094
859	1145
859	1235
862	889
863	1042
864	920
864	1112
865	1119
866	1141
867	915
867	1013
867	1138
868	928
868	1181
868	1230
868	1279
869	1073
872	901
873	1294
874	1104
874	1221
874	1266
875	1221
878	934
878	1028
878	1168
878	1227
878	1289
879	886
879	892
879	1131
881	1076
881	1207
883	973
884	962
884	983
884	1253
885	1107
886	1020
887	1139
888	896
889	930
889	1186
889	1217
890	951
891	1158
895	956
895	1139
896	934
896	986
896	1118
897	1170
897	1281
898	954
898	999
898	1245
900	1214
901	926
901	1072
901	1104
901	1111
901	1157
902	951
903	1075
903	1267
905	977
905	1073
907	1013
907	1172
907	1180
907	1256
908	1046
908	1210
908	1273
909	1011
910	1242
910	1270
911	960
916	1091
917	1147
918	926
919	932
919	989
919	1020
920	1163
920	1194
922	1044
922	1162
923	1111
923	1218
924	965
924	1043
924	1187
924	1268
925	1146
926	951
927	1064
928	930
928	991
928	1060
928	1177
928	1202
929	1225
929	1283
929	1293
932	1039
932	1121
932	1176
933	1264
934	1021
934	1024
935	978
936	1115
938	1025
938	1176
939	1030
939	1033
939	1243
939	1284
941	1008
942	957
942	1030
943	1189
943	1234
945	1048
946	974
946	976
946	1042
946	1201
946	1258
947	986
947	1049
948	1206
950	1039
950	1138
951	1008
951	1230
954	1007
954	1063
954	1252
956	1109
957	1186
958	1076
961	1071
961	1158
962	1190
964	1161
964	1166
964	1275
965	1030
966	988
967	1178
968	980
968	1102
968	1150
970	976
972	1057
972	1276
978	1008
979	1068
981	1092
981	1215
982	1241
982	1267
984	990
984	1218
989	1085
989	1178
990	1194
992	1145
993	1106
994	1060
995	1064
997	1047
998	1146
999	1160
1000	1054
1000	1185
1001	1125
1001	1235
1002	1023
1005	1178
1005	1272
1006	1142
1007	1152
1009	1113
1010	1119
1011	1201
1012	1169
1014	1095
1014	1178
1015	1078
1015	1093
1017	1132
1017	1205
1019	1095
1021	1294
1022	1267
1023	1118
1023	1293
1024	1264
1025	1213
1026	1170
1028	1179
1028	1267
1029	1144
1029	1293
1030	1092
1030	1166
1035	1070
1037	1158
1038	1074
1039	1067
1040	1137
1041	1116
1041	1199
1044	1167
1045	1220
1046	1233
1048	1095
1048	1244
1049	1263
1050	1057
1052	1184
1053	1146
1053	1280
1055	1266
1055	1285
1056	1080
1056	1280
1057	1236
1058	1137
1059	1147
1059	1210
1060	1154
1063	1158
1064	1107
1068	1152
1068	1219
1068	1265
1068	1297
1069	1191
1069	1296
1070	1144
1073	1211
1074	1210
1077	1291
1078	1219
1079	1114
1080	1083
1081	1102
1081	1240
1082	1195
1082	1262
1086	1106
1087	1269
1088	1147
1088	1210
1089	1266
1090	1150
1091	1100
1091	1270
1093	1201
1095	1185
1096	1299
1097	1258
1099	1190
1100	1138
1103	1114
1103	1259
1105	1190
1106	1235
1108	1137
1109	1248
1109	1289
1112	1234
1113	1134
1115	1290
1121	1252
1124	1216
1127	1204
1127	1227
1127	1229
1128	1214
1130	1178
1132	1256
1134	1145
1134	1159
1135	1155
1137	1229
1139	1258
1141	1242
1149	1196
1155	1299
1158	1250
1158	1277
1159	1235
1162	1281
1165	1172
1165	1219
1166	1290
1176	1188
1176	1201
1179	1191
1179	1292
1181	1199
1182	1187
1184	1276
1189	1205
1189	1227
1196	1200
1196	1231
1198	1285
1202	1289
1207	1226
1207	1233
1213	1289
1217	1252
1230	1279
1235	1247
1245	1285
1246	1293
1247	1254
1256	1273
1264	1287
1287	1290