0	330
0	697
1	384
1	641
1	667
1	954
1	1295
2	32
2	196
2	262
2	726
2	919
3	21
3	142
3	480
3	529
3	549
4	270
4	450
4	554
4	707
4	786
4	821
4	1082
5	10
5	1065
5	1080
5	1140
5	1216
6	223
6	376
6	705
6	791
6	821
6	1055
6	1085
6	1126
7	177
7	236
7	411
7	693
7	736
7	928
7	1004
7	1140
8	81
8	212
8	336
8	344
9	89
9	336
9	596
9	715
9	1155
9	1222
9	1237
9	1267
10	660
10	992
10	1006
10	1059
10	1243
11	314
11	449
11	519
11	554
11	1048
12	466
12	541
12	785
12	964
12	1047
13	313
13	834
14	680
14	1154
15	443
15	965
16	431
16	587
16	683
16	718
16	745
17	21
17	503
17	852
17	940
18	70
18	102
18	117
18	807
19	301
19	334
19	762
19	818
20	269
20	446
20	581
20	1106
21	90
21	301
21	847
21	901
21	934
22	220
22	607
22	892
22	1002
22	1275
23	706
23	850
24	103
24	413
24	712
24	953
25	193
25	222
25	237
25	414
25	771
25	855
25	1059
25	1236
26	275
26	428
27	1288
28	142
28	371
28	585
28	732
28	803
28	954
28	1027
29	239
29	361
29	408
29	516
29	599
29	916
29	1033
29	1067
30	201
30	622
30	629
30	1225
30	1248
31	746
31	913
31	962
31	1157
31	1288
32	286
32	489
32	605
32	826
32	959
32	1094
32	1152
33	516
33	1182
34	904
35	531
35	602
35	680
35	687
35	766
35	799
35	1070
35	1095
35	1287
36	110
36	220
36	492
36	661
36	1214
37	113
37	313
38	453
38	624
38	784
38	1016
39	87
39	107
39	484
39	696
39	819
39	1000
39	1069
39	1092
39	1171
39	1243
39	1287
40	138
40	306
40	386
40	829
40	1071
41	539
41	633
41	777
41	920
42	526
42	917
42	1010
42	1089
43	212
43	236
43	333
43	450
43	941
44	66
44	908
44	963
45	70
45	186
45	651
45	963
45	1071
45	1134
46	71
46	167
46	999
47	103
47	277
47	686
47	931
47	1059
47	1279
48	136
48	467
48	494
48	635
48	1038
49	158
49	696
49	986
50	111
50	699
50	785
50	867
50	1089
50	1255
51	547
51	704
51	1059
52	272
52	544
52	571
52	827
52	1007
52	1255
53	215
54	637
54	744
55	91
55	652
55	846
55	1000
56	281
56	744
56	813
56	1024
56	1228
57	61
57	370
57	541
57	727
57	895
57	971
57	1041
57	1055
58	431
58	498
58	965
59	347
59	571
59	638
60	222
60	421
60	1115
60	1173
60	1202
60	1217
61	207
61	690
61	891
61	949
61	1265
61	1289
62	265
62	400
62	747
62	856
62	886
62	1248
63	463
63	594
63	860
64	1094
65	74
65	81
65	96
65	514
65	598
65	840
65	912
66	135
66	781
66	1248
67	80
67	377
67	957
67	1294
68	1011
69	125
69	359
70	305
70	797
70	820
71	382
71	495
72	215
72	563
72	893
73	185
74	106
74	198
74	219
74	509
75	210
75	220
75	236
75	493
75	648
75	963
75	1156
76	178
76	348
76	694
76	1177
76	1299
77	388
77	830
77	1197
78	163
78	350
78	399
78	1202
78	1243
79	725
79	1087
80	236
80	656
81	595
81	836
81	873
82	177
82	183
82	473
82	642
82	728
82	969
82	1008
82	1073
83	180
83	245
83	737
83	780
83	1225
84	388
84	394
84	478
84	1031
85	398
85	448
85	531
85	1216
86	905
87	294
87	389
87	618
87	675
88	940
88	1099
88	1240
89	229
89	257
89	262
89	289
89	305
89	551
89	585
89	871
89	901
90	138
90	428
90	533
90	615
90	959
91	120
91	660
91	1244
92	186
92	963
92	989
93	491
93	554
93	645
93	1040
94	270
94	670
94	685
94	689
94	956
95	99
95	140
95	520
95	945
95	1178
95	1179
95	1234
96	602
96	1173
97	578
98	358
98	361
98	476
98	572
98	657
98	1027
99	280
99	406
99	473
99	717
99	1127
100	750
101	456
101	616
101	752
102	221
102	637
102	709
102	886
102	894
102	928
102	973
102	1088
103	134
103	776
103	866
104	769
104	792
105	185
105	441
105	533
105	582
105	594
105	915
105	1082
105	1158
105	1259
106	137
106	451
107	149
107	329
107	838
107	977
108	161
108	793
108	1016
109	283
109	489
109	589
110	180
110	191
110	580
110	830
110	832
110	927
110	1233
111	231
112	164
112	702
112	772
112	1109
112	1244
113	602
113	703
113	1173
113	1207
114	117
114	952
114	1014
114	1115
115	238
115	334
115	599
115	636
115	896
115	1240
116	342
116	672
117	556
117	651
117	828
117	882
117	975
117	1151
118	245
118	992
118	1126
119	548
119	593
119	1204
119	1210
120	145
120	483
121	789
121	821
121	1054
121	1126
122	366
122	871
122	1072
123	401
123	773
123	782
123	937
123	987
123	1238
124	1110
124	1204
125	167
125	427
125	440
125	852
125	944
125	1061
125	1071
125	1086
125	1156
125	1243
125	1264
126	291
126	803
126	1026
126	1162
127	274
127	543
127	968
127	1037
127	1157
127	1299
128	570
128	942
129	774
130	728
130	895
130	1180
131	297
131	309
131	512
131	527
131	641
131	992
131	1017
131	1031
131	1166
132	153
132	1129
132	1219
133	230
133	291
133	336
133	669
134	422
134	522
134	775
134	1086
134	1160
135	401
135	509
135	612
135	790
136	343
136	412
136	554
136	851
136	943
136	956
137	276
137	303
137	501
137	585
137	661
137	939
138	960
138	1089
139	493
139	880
139	907
139	922
139	990
140	305
140	1207
141	413
141	761
141	1111
141	1211
142	465
142	495
142	559
142	747
142	1092
143	1079
143	1097
144	296
144	1225
146	611
146	695
147	214
147	351
147	726
147	758
147	946
148	186
149	535
149	629
149	804
149	958
150	220
150	417
150	447
150	926
150	1199
151	593
151	724
151	888
151	1052
152	1129
152	1135
153	243
153	464
154	989
154	1141
154	1260
154	1293
155	951
156	353
156	435
156	459
156	1111
157	265
157	389
157	474
158	458
158	840
158	932
158	1168
159	240
159	311
159	405
159	1043
159	1071
159	1093
159	1190
160	717
161	258
161	304
161	391
161	1036
162	863
162	961
162	1000
163	244
163	477
163	859
163	1179
164	267
164	919
164	960
165	416
165	1020
166	351
166	443
166	815
166	903
166	1158
166	1169
167	203
167	300
168	364
169	900
169	938
170	612
170	950
170	1266
171	401
171	550
171	710
171	1200
172	1073
172	1074
172	1276
173	664
173	1272
174	412
174	546
174	1257
175	479
175	636
175	830
175	1126
175	1178
176	377
177	198
177	451
177	725
178	239
178	444
178	606
178	808
178	1085
178	1096
179	276
179	527
179	627
179	692
179	810
179	1291
180	507
180	637
180	1181
181	282
181	482
181	531
181	1149
182	551
182	978
182	1002
183	296
183	509
183	574
183	635
183	1244
183	1291
184	243
184	643
184	733
184	758
184	1076
185	363
185	673
185	967
185	1081
186	555
186	588
186	810
186	982
186	1005
187	873
187	1110
188	349
188	737
189	332
189	1143
189	1207
190	313
190	743
190	787
190	939
190	950
191	588
191	762
192	775
192	1032
192	1054
192	1239
193	240
193	414
193	481
193	494
193	1019
194	216
194	299
194	440
194	1122
195	480
195	1108
195	1239
196	345
196	522
196	683
196	744
196	947
196	1159
196	1235
197	1229
198	659
198	738
198	1108
198	1150
199	205
199	268
200	794
200	1216
200	1260
201	297
201	561
201	1270
202	413
202	799
202	1154
203	451
203	875
203	982
203	1230
203	1293
204	393
205	213
205	577
205	680
205	699
205	979
206	422
206	429
206	470
206	610
206	1043
206	1194
207	329
207	348
207	861
208	334
208	524
208	796
208	1122
208	1213
209	393
209	1061
210	823
210	1029
211	428
211	831
211	964
211	1057
212	252
212	319
212	470
212	899
212	952
212	1164
212	1279
213	347
213	435
213	444
213	918
213	1044
213	1114
214	1128
215	331
215	415
215	748
215	1027
216	629
216	1132
216	1190
217	1059
218	239
218	612
218	663
218	872
219	236
219	613
219	713
219	771
219	777
219	1012
219	1057
220	348
220	520
220	553
220	593
220	602
220	860
221	370
221	611
221	727
221	867
222	636
222	955
222	1006
222	1144
223	407
223	673
223	1103
223	1121
224	831
224	1283
225	965
225	1012
225	1105
226	367
226	875
226	994
226	1284
227	311
227	455
227	483
227	593
227	817
227	1156
228	367
228	804
228	1014
228	1182
229	621
229	643
229	699
229	719
229	929
230	400
231	543
231	904
231	1017
231	1042
231	1209
231	1282
232	290
232	313
232	804
232	929
232	1088
232	1193
233	1023
233	1040
234	276
234	751
234	837
234	927
235	430
235	889
236	404
236	487
236	590
236	944
237	610
237	693
237	963
237	1282
238	269
238	334
238	420
238	934
239	743
239	853
240	528
240	804
240	911
241	1100
241	1213
242	537
242	579
242	649
243	509
243	625
243	729
243	1080
244	642
245	254
246	365
246	668
246	855
246	983
246	1179
247	500
247	523
247	1009
247	1151
248	558
248	1159
249	276
249	850
249	982
249	1003
249	1234
250	727
250	1128
250	1188
251	547
251	624
251	1166
252	415
252	567
252	755
252	980
252	1125
252	1273
253	401
253	447
253	604
254	610
254	637
254	760
254	905
254	1018
255	404
255	783
255	907
255	981
255	1230
256	303
256	413
256	1023
257	533
257	695
258	851
258	1092
259	361
259	1094
259	1100
260	354
260	1004
260	1050
260	1206
261	871
261	1233
261	1258
262	298
262	415
262	603
262	973
262	1062
263	521
263	804
263	808
263	1239
263	1249
263	1295
264	532
264	1013
265	495
265	534
265	626
265	627
265	634
265	1069
265	1095
265	1276
266	459
266	520
267	653
267	752
267	1177
267	1273
268	344
268	716
268	831
268	1000
268	1058
268	1213
269	855
269	864
269	954
270	311
270	613
270	640
270	1004
271	416
271	534
272	406
272	408
272	810
272	1211
273	1217
273	1249
274	444
274	741
274	932
274	1163
274	1279
275	816
275	1099
275	1201
276	384
276	647
276	1104
277	818
277	1094
277	1297
278	767
278	1195
279	350
279	670
280	344
280	553
280	1170
280	1193
281	426
281	573
281	925
281	938
281	1012
281	1033
281	1139
282	491
282	719
282	749
282	835
283	494
283	759
283	862
283	1152
284	348
284	419
284	646
284	1047
285	515
285	779
286	311
286	314
286	1045
286	1238
287	313
287	884
287	1237
287	1284
287	1289
288	325
288	340
288	1028
288	1157
289	1110
289	1285
290	828
290	1087
291	1042
292	308
292	376
292	501
292	717
292	1245
293	294
293	448
293	879
295	518
295	1073
295	1232
296	314
296	455
296	508
296	519
296	561
296	1123
297	552
298	300
298	510
298	973
299	425
299	488
299	910
299	1015
300	301
300	405
300	917
300	938
301	409
301	1273
301	1276
302	554
302	1187
303	639
303	869
304	406
304	816
304	1048
304	1253
305	363
305	811
305	1138
306	473
306	491
306	525
306	1131
306	1134
307	817
307	1063
307	1155
308	686
308	1053
308	1163
308	1185
309	369
310	1067
310	1096
311	612
311	718
311	842
311	978
312	346
312	825
312	997
312	1176
313	836
313	915
313	1043
313	1235
314	351
314	375
314	395
314	1073
315	598
315	1181
315	1230
316	541
316	862
317	409
317	965
318	493
318	540
318	583
318	819
318	1005
318	1098
318	1177
318	1298
319	320
319	757
319	1021
319	1035
320	468
320	807
320	881
320	1116
320	1176
320	1234
321	413
321	571
321	661
321	799
321	934
321	944
321	986
321	1001
322	367
322	412
322	458
322	505
323	463
323	568
323	805
323	1010
324	508
324	521
324	819
324	838
324	930
324	1180
326	1050
326	1225
327	466
327	548
327	636
327	990
327	1106
328	374
328	938
328	1292
330	679
330	781
331	1029
332	651
332	745
332	882
333	1298
334	435
334	534
334	559
334	1022
335	486
335	497
335	739
335	950
335	1162
336	814
336	873
336	996
337	419
337	883
338	1005
339	356
339	740
340	776
340	978
341	598
341	740
341	781
341	970
341	1153
341	1279
342	1285
343	1143
344	451
344	699
344	1239
345	735
346	367
346	412
346	427
346	708
346	1272
347	723
348	500
348	583
348	720
348	797
348	857
349	365
349	780
349	979
349	994
349	1249
350	714
350	1282
351	681
351	706
351	1038
352	369
352	862
352	1161
353	1277
354	547
354	832
355	706
355	1005
355	1009
357	545
358	415
358	462
358	748
358	931
359	997
360	804
360	977
361	847
361	946
362	379
362	434
362	711
362	855
362	1167
363	397
364	574
364	775
364	1078
364	1237
365	715
365	725
365	1075
365	1094
365	1218
366	754
366	1232
367	885
367	924
367	970
368	481
368	581
368	588
368	628
368	664
369	594
369	716
369	1113
370	508
370	1036
370	1150
371	615
371	1140
371	1293
372	546
372	1073
372	1210
372	1235
373	520
373	763
373	778
374	774
374	914
374	1264
375	579
375	867
375	951
375	987
375	1067
376	691
377	380
377	764
377	1034
377	1284
378	686
378	761
378	808
379	701
380	1100
381	851
382	476
382	658
382	993
382	1056
382	1208
383	884
384	1208
385	421
385	513
385	888
385	941
385	1011
386	402
386	466
387	816
387	915
387	991
387	1023
387	1039
387	1244
389	576
389	875
389	951
390	470
390	583
390	777
390	892
391	1088
392	830
393	619
393	729
393	1273
394	1064
394	1086
394	1125
394	1253
395	453
395	731
395	850
396	587
397	421
397	422
397	603
397	675
397	723
397	897
398	513
398	1192
398	1271
399	784
399	839
399	973
399	985
400	540
400	702
400	977
401	411
401	466
401	558
401	1079
401	1214
402	893
403	651
403	921
403	1243
404	479
404	590
404	609
404	1171
405	704
405	1081
406	623
407	762
407	960
407	1013
408	551
408	843
408	1036
408	1255
408	1277
409	557
410	1285
411	827
413	619
413	827
413	1025
414	558
414	616
414	916
414	1096
414	1105
414	1146
415	629
415	747
415	781
415	792
415	977
416	432
416	717
416	884
417	733
418	546
418	1092
420	469
420	509
420	539
420	624
420	642
421	936
421	1022
421	1242
422	494
422	654
422	848
422	1163
422	1254
423	751
423	1089
423	1130
423	1146
424	941
424	1281
425	1244
426	469
426	540
426	1113
427	543
427	817
427	1117
427	1180
428	665
430	907
430	1203
431	470
431	1035
432	544
432	670
432	898
432	1078
433	861
434	487
434	1046
434	1232
435	974
435	1058
435	1271
436	662
436	950
437	581
437	1286
438	718
438	1158
439	919
440	559
440	690
440	859
441	613
441	990
442	529
442	998
443	634
443	730
443	893
443	1186
444	532
445	791
445	1276
446	684
446	1191
447	830
447	868
447	885
447	1104
448	612
448	874
448	1290
450	943
450	997
450	1087
451	503
451	554
451	700
451	807
451	1080
451	1294
452	1265
453	892
453	1281
454	522
454	538
454	680
455	676
456	526
456	705
456	859
456	931
456	934
457	790
457	811
458	833
458	983
459	566
459	646
459	816
459	853
459	1058
460	624
460	781
460	1161
461	1219
461	1235
461	1245
462	996
462	1131
462	1277
463	534
463	832
463	1163
464	707
464	1060
465	1229
465	1233
465	1283
466	486
466	525
466	916
466	1082
467	522
467	745
467	1002
468	471
468	649
468	1112
469	529
469	546
469	671
469	751
469	1070
469	1180
469	1279
470	678
471	585
471	759
471	1133
471	1146
472	1100
472	1277
473	865
474	768
475	487
475	559
475	1259
476	1257
477	534
477	822
477	1014
477	1027
477	1094
477	1243
478	1149
479	526
479	779
479	844
479	1277
480	674
480	711
480	1212
481	681
481	741
481	1063
482	526
482	529
482	889
482	904
482	1164
484	502
484	775
485	896
486	489
486	1103
486	1146
486	1181
487	644
487	663
488	682
488	1202
488	1220
490	808
490	983
490	986
490	1128
490	1151
490	1187
490	1274
491	572
491	767
491	1036
491	1051
491	1179
491	1224
492	677
494	693
494	973
495	498
495	569
495	582
495	589
495	613
495	757
495	831
496	501
496	530
496	666
496	965
497	517
497	666
497	933
497	963
497	1127
497	1225
497	1290
498	845
498	860
498	1073
499	1121
500	548
500	687
500	1230
501	1080
501	1146
501	1166
503	909
503	1212
504	730
505	744
505	851
505	1105
506	803
506	1110
506	1280
507	649
507	1007
508	560
508	728
508	823
508	1013
508	1299
509	934
511	744
511	769
511	818
511	965
511	1256
512	758
512	877
512	1150
513	1012
514	603
514	626
514	681
514	757
514	894
514	1126
514	1128
515	668
515	727
515	1082
515	1165
516	795
516	828
516	1026
518	775
518	781
518	848
518	926
519	763
519	791
519	833
519	1198
519	1268
520	624
520	708
520	1197
522	856
522	1053
522	1091
522	1093
523	595
523	1034
523	1294
524	980
524	1059
524	1061
524	1182
524	1218
525	901
525	1104
526	741
526	779
526	1201
526	1240
527	587
527	857
527	1258
528	624
528	685
528	884
528	1207
528	1255
529	607
530	544
530	604
531	583
531	723
531	875
531	1104
531	1269
532	777
532	826
532	838
532	1254
534	1071
535	699
535	931
536	546
536	855
536	1080
537	605
537	724
537	823
538	555
538	755
539	606
539	610
539	1011
539	1115
540	678
540	1254
541	716
541	1089
541	1189
541	1211
542	591
542	725
542	1176
542	1243
543	550
544	594
544	1217
545	933
546	630
546	793
546	1227
547	623
547	1083
548	651
549	999
549	1003
550	839
550	878
550	1174
551	640
551	941
551	986
551	1204
552	642
552	649
552	1069
553	628
554	609
554	646
554	665
554	1176
554	1241
555	559
555	658
555	764
556	830
556	1180
557	1003
558	741
558	953
559	569
559	751
559	829
559	1007
560	783
561	663
561	768
561	819
561	1266
562	628
563	736
563	840
564	581
564	1218
565	751
565	871
565	940
565	959
566	1081
567	569
567	1051
568	1082
569	878
571	636
571	860
571	862
571	1030
571	1164
571	1293
572	779
572	864
572	1011
573	622
573	713
573	769
573	813
573	1143
574	708
574	723
574	971
575	592
575	786
575	852
575	1238
576	1058
576	1260
577	632
577	724
577	787
577	799
577	1242
578	762
578	1011
579	626
579	693
580	705
580	894
581	698
581	901
581	909
581	923
581	1264
582	708
582	1249
583	1065
583	1091
584	723
584	907
584	1043
584	1110
584	1218
585	669
586	724
586	742
586	995
587	728
587	993
588	966
588	1231
589	828
589	871
590	694
590	902
590	1060
591	633
591	761
591	875
591	1033
591	1288
592	1128
593	661
593	752
593	997
594	940
594	1106
594	1179
595	796
596	670
596	810
596	856
596	915
597	813
598	792
598	831
599	722
599	770
599	993
600	1218
601	649
601	734
601	874
601	898
601	1014
601	1189
601	1196
604	640
604	901
604	1164
605	765
605	1057
607	757
608	833
608	1053
608	1132
608	1285
610	630
610	744
610	880
610	1173
610	1254
611	656
611	811
611	1031
611	1146
612	898
612	935
613	844
613	1168
614	649
615	1008
615	1060
615	1264
616	795
617	907
617	1197
618	832
618	1025
619	650
619	1239
620	784
620	1062
620	1161
621	702
621	915
622	776
622	1291
623	636
623	686
623	907
624	664
624	897
624	1039
625	1028
626	869
627	1237
628	680
628	690
628	770
628	1156
630	632
630	960
630	1004
630	1024
630	1217
631	737
631	867
631	1278
632	636
632	758
632	922
632	1121
632	1290
633	1265
634	890
635	643
635	1069
635	1183
635	1277
636	799
636	1092
637	961
637	1166
637	1206
638	1196
638	1284
639	699
639	817
639	910
639	1293
640	778
640	943
640	1150
640	1164
640	1221
641	682
641	941
641	1037
641	1141
642	1100
642	1111
643	671
643	798
643	1266
644	1216
645	906
646	1021
646	1165
647	1051
647	1214
648	729
648	872
648	950
648	1147
648	1234
649	819
649	1269
650	686
650	711
650	738
650	952
650	1202
651	735
651	1115
651	1206
652	844
652	846
652	1270
654	665
654	1222
655	696
655	929
655	1250
656	813
657	678
657	1177
658	1193
659	751
659	771
659	1145
659	1274
661	1177
662	723
664	1168
664	1211
664	1221
665	675
665	676
665	1006
665	1048
667	818
667	1024
667	1078
667	1103
667	1264
668	823
668	1027
670	1036
670	1058
670	1283
671	710
671	889
671	1110
671	1130
672	758
672	1009
672	1043
672	1073
672	1111
672	1152
672	1180
673	918
673	1081
674	679
674	1185
675	1100
676	796
676	1264
677	683
677	688
677	844
679	1015
679	1188
680	1064
680	1186
681	689
681	824
681	847
681	1146
681	1185
682	814
682	1090
682	1172
682	1270
683	740
683	793
683	831
683	955
684	1193
685	1029
685	1272
686	956
688	879
688	955
688	1057
688	1171
689	733
689	1125
690	1003
690	1118
690	1201
691	784
691	923
691	964
693	1134
694	1092
694	1257
695	848
695	1058
695	1109
697	782
697	993
697	1201
699	703
699	788
699	872
699	1084
702	970
703	1081
704	1062
704	1210
705	1153
706	976
706	984
706	1212
707	789
707	1013
707	1047
707	1069
707	1119
708	877
708	985
708	1136
708	1147
709	717
711	994
711	1233
713	932
714	919
715	813
715	966
715	1122
716	968
716	1043
716	1054
717	760
717	872
717	905
717	966
718	929
718	1143
719	968
719	1094
719	1173
721	854
721	974
721	1041
721	1235
721	1271
725	864
725	1045
725	1064
725	1199
726	914
727	802
727	988
727	1231
728	814
728	879
728	980
728	1163
729	1113
729	1296
730	963
730	1104
730	1271
731	760
731	790
731	829
731	963
731	1125
731	1160
732	1160
733	977
733	1192
734	787
734	1012
734	1018
734	1269
735	1097
735	1286
736	1127
736	1128
736	1215
738	819
738	865
738	1117
738	1131
739	774
740	878
740	1042
741	1283
742	805
742	857
742	1005
742	1240
743	765
743	931
743	1067
743	1163
744	821
745	1008
746	902
746	1040
746	1228
747	912
747	929
747	1128
748	1082
749	786
749	887
750	991
750	1071
750	1083
752	954
752	1089
753	1140
753	1215
754	979
754	1128
756	1146
757	792
758	812
759	958
760	859
760	885
761	895
761	1033
762	1082
763	821
763	1028
764	771
764	892
764	1072
765	1188
765	1244
767	912
767	934
767	1088
767	1243
768	912
768	996
768	1227
770	785
772	1225
773	782
773	1047
773	1086
775	1254
776	902
776	1295
777	838
777	1065
777	1150
778	1120
778	1201
779	906
779	939
780	1261
781	858
781	1096
782	874
782	1203
782	1209
783	991
784	1126
784	1247
785	900
786	893
786	1005
786	1010
786	1127
787	865
787	1203
788	834
788	1148
791	848
791	1089
792	863
792	867
792	940
792	1011
792	1169
792	1181
792	1203
793	959
796	918
798	868
798	1043
799	1282
799	1293
800	1106
800	1275
801	885
801	933
801	1221
802	1209
803	1115
804	1018
804	1149
805	891
805	990
805	1057
806	1052
806	1093
806	1251
807	959
807	986
807	1025
808	813
808	958
808	1051
809	850
809	948
809	995
809	1177
810	826
810	1042
810	1058
810	1144
810	1273
811	936
811	1255
813	904
813	1224
813	1250
814	932
815	1017
815	1147
815	1272
816	1106
818	897
819	1021
820	1007
822	1066
823	824
823	861
823	1220
823	1296
824	980
825	852
825	1075
827	1124
827	1174
828	959
828	1024
829	1038
830	1064
832	1243
833	995
834	1055
836	1225
837	1054
839	1272
840	920
841	963
841	1237
842	879
842	899
842	1107
844	1037
846	1049
848	859
848	1009
848	1099
849	1165
850	871
850	1135
851	896
852	986
852	1002
853	1124
853	1221
854	1066
854	1086
854	1144
855	972
855	1050
855	1145
855	1194
856	889
857	937
857	1112
857	1296
858	1105
859	883
859	1017
860	1136
861	1122
861	1164
862	975
863	1075
865	1074
865	1076
865	1161
866	990
867	965
867	998
867	1011
869	1222
870	1049
871	1257
872	888
872	1008
874	927
874	1166
874	1215
875	1050
876	900
876	1277
877	1185
877	1228
879	1015
879	1106
879	1239
880	946
882	892
882	1004
882	1079
884	934
884	1212
885	969
885	1143
886	902
886	944
887	918
887	1294
887	1297
889	1276
891	1017
892	1099
894	921
894	931
895	1099
895	1270
896	1156
898	938
898	1025
898	1146
899	1039
899	1070
900	1106
900	1198
901	1000
901	1118
901	1131
901	1155
902	1001
905	1137
909	933
909	1041
909	1276
910	1262
915	1126
915	1206
916	1178
920	990
922	963
922	1110
922	1237
923	1282
924	1273
925	1192
927	1142
927	1249
928	1129
929	996
930	1007
930	1009
930	1298
931	951
932	967
933	1004
933	1035
933	1080
934	1050
936	1129
936	1267
939	1252
940	1023
940	1254
941	1279
941	1299
943	962
943	1076
944	1068
944	1256
947	1009
947	1082
948	1039
948	1173
948	1279
951	1085
952	1079
955	1047
956	1278
957	1066
957	1184
957	1225
958	1205
962	1043
962	1071
962	1081
962	1154
962	1190
964	1150
965	1141
966	1104
966	1105
966	1161
967	1087
967	1269
968	1017
969	1076
969	1104
973	1045
974	1063
974	1178
977	1286
980	1004
980	1262
981	1224
985	1000
986	1227
987	1103
987	1238
992	1234
993	998
994	1141
995	1067
996	1179
996	1228
998	1204
1000	1245
1001	1262
1004	1185
1006	1194
1008	1248
1010	1081
1011	1176
1011	1191
1011	1237
1011	1283
1012	1220
1013	1041
1013	1093
1015	1078
1015	1083
1015	1160
1015	1198
1018	1189
1018	1271
1019	1194
1021	1069
1022	1102
1024	1030
1025	1292
1027	1192
1030	1114
1030	1164
1033	1201
1034	1290
1036	1120
1036	1164
1039	1215
1043	1052
1043	1082
1043	1148
1045	1105
1045	1152
1046	1100
1048	1262
1048	1286
1049	1122
1049	1197
1052	1210
1053	1086
1054	1240
1055	1201
1056	1057
1056	1278
1056	1286
1057	1254
1058	1210
1061	1208
1064	1124
1065	1107
1065	1115
1065	1265
1068	1262
1069	1187
1070	1230
1072	1217
1072	1223
1074	1130
1074	1136
1075	1261
1077	1129
1077	1143
1079	1231
1080	1085
1081	1128
1081	1213
1082	1152
1083	1287
1085	1254
1089	1139
1089	1283
1091	1110
1092	1207
1093	1116
1094	1208
1095	1208
1096	1227
1099	1277
1099	1290
1100	1225
1101	1218
1101	1246
1101	1283
1103	1257
1105	1240
1105	1278
1106	1180
1107	1299
1109	1133
1109	1186
1112	1197
1118	1203
1120	1270
1121	1204
1121	1228
1125	1267
1131	1153
1131	1213
1133	1256
1134	1243
1135	1290
1140	1217
1141	1184
1141	1205
1142	1150
1143	1262
1144	1209
1144	1295
1147	1160
1148	1174
1148	1244
1149	1167
1149	1176
1149	1276
1150	1160
1150	1272
1154	1294
1156	1296
1157	1198
1161	1276
1163	1164
1164	1196
1171	1288
1174	1205
1175	1222
1181	1214
1183	1226
1185	1228
1188	1224
1191	1291
1196	1242
1197	1280
1203	1228
1203	1278
1206	1248
1209	1265
1209	1279
1215	1291
1217	1280
1223	1242
1227	1238
1234	1268
1238	1289
1239	1282
1248	1288
1249	1265
1263	1293