0	14
0	53
0	105
0	150
0	170
0	235
0	330
0	1045
0	1257
0	1259
1	164
1	588
1	978
1	1039
2	76
3	120
3	406
3	503
3	583
3	664
3	792
4	113
4	543
4	781
4	939
4	1299
5	456
5	535
5	1112
5	1210
6	122
6	1029
6	1080
6	1097
6	1267
7	600
7	809
7	915
8	142
8	155
8	522
8	680
8	753
8	782
8	1060
8	1157
8	1257
9	73
9	210
9	461
9	684
9	958
9	1110
10	393
10	617
10	945
10	995
10	1069
10	1115
11	198
11	867
12	674
12	711
12	1171
12	1179
12	1296
13	159
13	200
13	233
13	427
13	523
13	868
13	932
13	950
14	245
14	354
14	830
14	886
15	125
15	192
16	312
16	528
16	605
17	23
17	53
17	412
17	788
18	470
18	1049
19	1008
19	1230
19	1275
20	982
21	52
21	59
21	277
21	997
21	1044
21	1265
22	86
22	413
22	796
22	1138
22	1264
23	133
23	492
23	572
24	538
24	871
24	1052
25	34
25	41
26	68
26	184
26	318
26	361
26	945
27	863
27	906
27	935
28	535
28	558
28	599
28	707
28	905
28	1298
29	460
29	776
30	299
30	319
30	424
30	456
30	566
30	717
30	916
30	940
31	44
31	727
31	979
32	636
32	1107
33	324
33	701
33	922
34	360
35	727
35	749
36	160
36	686
37	88
37	319
37	559
37	972
38	433
38	499
38	1056
38	1159
39	248
39	256
39	518
39	722
39	772
39	1026
39	1184
40	138
40	175
40	598
41	1047
42	785
42	1252
43	180
43	407
43	963
44	66
44	175
44	354
44	938
44	1053
45	967
45	1127
45	1288
46	713
47	691
48	115
48	189
48	222
48	274
48	558
48	1068
48	1077
48	1091
48	1218
48	1220
49	176
49	764
49	961
49	1078
49	1228
50	212
51	923
51	1115
52	384
52	965
53	68
53	295
53	1190
54	589
55	101
55	231
55	747
56	219
56	225
56	431
56	511
56	1059
56	1075
57	79
57	519
57	736
58	688
58	1132
59	313
59	879
60	574
60	647
60	757
61	393
62	136
62	448
62	600
62	943
62	1146
63	360
63	833
63	834
63	1155
63	1294
64	84
64	136
64	289
64	614
64	693
64	1190
65	117
65	866
66	209
66	413
66	913
66	995
67	239
67	714
67	857
67	1224
68	273
68	343
68	588
68	1052
68	1084
69	280
69	842
69	861
70	71
70	205
70	518
71	298
71	708
71	1078
71	1182
72	705
72	744
72	762
72	943
72	1064
72	1133
73	464
73	1196
73	1233
74	260
74	283
74	1293
75	316
75	352
75	527
75	728
75	773
75	949
75	1039
75	1057
76	143
76	340
76	374
76	431
76	765
76	860
76	893
76	968
76	1007
77	189
77	713
77	988
77	996
78	511
79	340
79	493
79	617
79	996
79	1179
79	1206
80	252
80	543
80	700
81	125
81	312
81	970
81	1019
81	1040
81	1084
82	218
82	519
82	831
83	333
83	737
84	323
84	424
84	447
84	851
84	1029
84	1177
85	395
85	1279
86	128
86	281
86	638
86	1067
87	195
87	391
87	553
88	216
88	401
88	770
89	467
89	741
89	1288
90	199
90	522
90	1122
91	344
91	693
91	1090
91	1101
91	1125
91	1213
92	351
92	468
92	697
92	831
92	1026
92	1243
93	97
93	184
93	644
93	786
93	935
93	969
93	1185
94	442
94	844
95	322
95	787
95	976
96	173
96	396
96	1014
97	330
97	576
98	274
98	562
98	850
98	1171
98	1184
98	1203
99	479
99	875
99	952
100	171
100	186
100	458
100	1038
100	1230
101	853
102	179
102	205
102	573
102	948
103	152
103	938
103	1019
103	1088
104	349
105	159
105	326
105	446
106	1092
107	380
107	954
107	1020
108	216
108	533
108	683
108	787
108	1100
109	1107
109	1243
109	1245
109	1247
110	113
110	239
110	386
110	757
110	860
110	886
110	954
110	1142
111	466
111	490
111	689
111	763
111	840
111	1111
112	116
112	721
112	725
112	934
112	1290
113	383
113	628
114	510
115	653
115	717
115	820
115	1067
116	154
116	604
116	1191
116	1204
116	1224
117	130
117	142
117	602
118	681
118	848
118	1026
119	136
119	259
119	308
119	914
119	1117
119	1168
120	195
120	607
120	785
120	1181
121	233
121	991
121	1230
122	348
122	745
122	836
122	1062
123	488
123	744
123	853
123	1249
124	282
124	533
124	667
124	762
124	1066
124	1238
125	337
125	371
125	440
125	653
125	1044
125	1075
126	1093
126	1111
127	561
127	631
128	268
128	386
128	838
128	1013
129	136
129	1132
130	133
130	1098
130	1255
130	1283
131	407
131	513
131	1013
132	977
133	202
133	910
133	1095
134	367
134	449
134	494
134	660
134	789
134	856
134	955
134	1248
135	952
136	1039
137	257
137	497
137	928
138	525
138	937
138	1244
139	1202
139	1291
140	935
141	824
141	878
141	920
141	976
142	379
142	419
143	286
143	528
143	919
144	858
144	1212
144	1221
144	1223
145	273
145	306
145	309
145	356
145	530
145	675
145	1235
146	950
147	634
147	798
148	564
148	565
148	661
148	1134
149	278
149	793
151	297
151	749
152	168
152	517
152	771
152	969
152	991
152	1128
152	1270
153	474
153	1083
154	343
154	437
154	500
154	665
154	730
154	994
154	1010
154	1040
155	292
155	705
155	747
155	1077
155	1224
155	1287
156	193
157	297
157	897
157	937
158	1229
158	1236
159	478
159	551
159	1103
159	1132
160	410
160	698
160	898
160	1054
161	389
161	454
161	887
161	1084
162	755
162	782
162	893
162	917
163	459
163	679
163	929
163	1048
164	346
164	897
164	1294
165	332
165	362
165	370
165	812
166	528
166	778
166	795
166	880
166	936
166	941
166	1089
167	571
168	366
169	264
169	600
169	1060
169	1162
169	1290
170	234
170	253
170	521
170	542
170	548
170	1135
170	1262
171	480
172	495
172	637
172	743
172	773
172	861
172	889
172	1063
172	1118
173	320
173	657
173	1216
174	288
174	309
174	549
174	557
174	585
174	956
174	1229
174	1251
175	186
175	840
175	921
175	951
176	503
176	738
176	1081
176	1111
176	1221
177	596
177	675
177	679
177	850
178	711
178	863
178	945
178	1249
179	501
179	688
179	1158
179	1193
179	1294
180	653
180	1174
181	665
181	961
181	1224
182	292
182	1042
183	381
183	686
183	718
183	1076
183	1176
184	459
184	554
184	841
185	411
185	482
185	506
186	463
186	709
186	1015
186	1028
187	290
187	772
188	799
188	878
188	1021
188	1105
188	1117
189	722
189	914
189	944
190	337
190	504
190	551
190	774
190	1134
191	395
191	544
191	766
191	1289
192	382
192	628
192	926
192	1249
192	1252
192	1253
193	239
193	459
193	605
194	246
194	363
194	1129
194	1189
195	363
195	411
195	671
195	883
196	206
196	577
196	611
196	665
197	854
197	1089
197	1255
198	674
198	684
198	921
198	935
198	1251
199	454
199	518
199	835
199	1281
200	320
200	361
200	615
200	1159
200	1194
200	1269
201	647
201	1272
202	229
202	283
202	691
202	1166
203	205
203	567
203	820
204	503
204	508
204	1143
204	1246
205	377
205	1100
205	1231
206	533
207	272
207	300
207	409
207	851
207	1104
207	1264
208	702
208	1261
209	675
209	870
210	435
210	602
210	746
210	779
211	213
211	285
211	571
212	398
212	640
213	994
214	422
214	533
214	965
215	612
215	1001
215	1046
215	1079
216	497
216	645
216	744
217	333
217	534
217	587
217	748
217	1064
218	552
218	694
218	935
218	1274
219	760
219	819
219	912
219	1094
220	253
220	312
220	970
221	242
221	508
221	1003
221	1262
222	333
222	488
222	714
223	235
223	463
223	751
223	1175
224	623
224	1212
224	1223
225	346
225	1024
225	1093
225	1163
226	628
226	864
226	959
226	1202
226	1224
227	476
227	859
227	1184
227	1246
228	1155
228	1188
229	306
229	1275
230	602
230	617
230	1026
230	1093
230	1200
231	571
231	738
231	1064
232	239
232	706
232	1184
233	240
233	371
233	420
233	434
233	744
233	1054
233	1167
234	460
234	614
234	1020
235	254
235	733
235	1108
235	1149
235	1166
236	571
236	606
237	871
238	431
238	568
238	848
238	1205
239	256
239	286
239	587
240	1016
240	1112
240	1284
241	263
241	527
241	740
241	1149
242	376
242	832
242	1002
242	1065
242	1235
243	1155
244	327
244	554
244	571
244	770
244	822
244	1143
244	1217
245	997
246	406
246	455
246	493
246	682
246	702
246	754
246	982
246	999
247	316
247	674
247	826
248	920
249	387
249	740
249	1197
250	292
250	357
250	380
250	1097
251	525
251	536
251	1095
252	760
252	777
252	1070
253	929
253	1065
253	1162
254	277
254	487
254	798
255	434
255	444
255	569
255	636
255	696
255	916
255	1132
255	1151
255	1192
255	1296
256	409
256	669
256	681
256	711
256	738
256	1208
257	286
257	310
257	421
257	915
257	1050
258	908
259	281
259	290
259	613
259	1012
259	1131
260	449
261	412
261	494
261	511
261	522
261	545
261	554
261	771
262	474
262	1103
262	1113
263	340
263	634
263	771
263	801
263	943
264	523
264	551
264	595
264	1057
264	1262
265	1026
265	1180
266	443
266	579
266	605
266	1019
266	1115
266	1215
266	1231
267	600
267	749
267	1113
268	417
268	587
268	641
268	985
268	1048
268	1132
268	1264
269	338
269	346
269	687
269	833
269	1002
270	549
271	841
271	1107
271	1199
272	308
272	781
273	357
273	549
273	566
273	1288
274	451
274	885
274	894
275	635
275	643
275	757
275	773
275	1250
276	627
276	786
276	1189
276	1210
276	1235
277	889
277	964
278	434
278	907
279	887
279	936
279	984
280	513
280	623
280	789
280	792
280	947
280	1143
281	410
281	658
281	765
282	823
283	790
284	667
284	805
285	587
285	667
285	1036
285	1210
286	772
286	1283
287	1292
288	909
288	916
288	1109
288	1182
288	1203
288	1268
288	1279
289	430
289	454
289	699
289	770
289	952
290	358
290	1069
291	494
291	569
291	953
291	1117
292	402
292	1255
293	1123
293	1151
294	461
294	1191
295	712
295	838
295	1176
296	556
297	534
297	780
298	308
298	570
298	1185
298	1266
299	459
299	676
299	1108
300	438
300	664
300	685
300	717
300	966
301	1297
302	344
302	694
302	917
303	1026
303	1033
304	487
304	614
305	490
305	726
305	1102
305	1137
305	1222
306	1268
307	768
308	702
309	355
309	723
309	1034
310	843
311	369
311	770
311	1007
311	1033
312	639
312	1081
313	425
313	512
313	701
313	1150
313	1278
314	655
314	813
314	952
315	378
315	521
316	494
316	517
316	591
316	619
316	728
316	890
316	914
317	695
317	779
317	946
318	880
319	834
319	886
319	1237
320	948
320	1030
320	1036
320	1049
321	545
321	565
321	1065
321	1137
321	1191
322	780
322	1234
323	420
323	523
323	749
323	1068
323	1143
324	1038
325	346
326	486
327	437
327	672
327	829
327	1029
328	609
329	432
329	1090
329	1114
330	647
330	708
330	777
330	818
331	963
331	1078
332	549
332	868
332	1032
332	1111
332	1159
332	1254
333	1207
334	483
334	556
334	595
334	1118
334	1154
334	1229
335	595
335	945
335	1029
335	1173
335	1274
336	382
336	533
336	740
336	872
337	732
337	768
337	808
337	856
338	427
338	452
338	502
338	517
338	568
338	1000
338	1152
339	991
339	1281
340	394
340	420
341	459
341	642
341	965
342	404
342	756
342	868
342	1089
342	1257
343	671
343	1185
344	359
344	831
344	1152
344	1276
345	606
345	1167
345	1209
346	354
346	524
346	773
346	1141
347	453
347	621
347	1074
347	1252
348	473
348	714
348	862
348	966
348	1046
348	1146
348	1164
348	1297
349	453
349	577
349	812
349	1184
350	826
350	962
351	471
351	928
351	1137
352	648
352	818
352	1067
353	857
353	1035
353	1127
354	480
354	963
354	1032
354	1259
355	515
355	541
355	1207
356	546
357	369
357	410
357	1286
358	590
358	648
358	1115
359	398
359	472
359	538
359	897
360	641
360	1210
360	1225
361	884
362	1042
363	404
363	587
363	628
363	1035
363	1194
364	542
364	567
364	707
364	1108
365	1083
366	645
366	720
366	778
366	845
366	855
366	1186
367	451
367	755
367	887
368	644
368	915
368	1018
368	1069
369	729
369	857
369	1132
370	513
370	559
370	562
370	717
370	748
370	777
370	1014
370	1091
371	880
371	1219
372	694
373	603
373	636
373	642
373	742
373	752
374	577
374	831
374	858
374	1272
374	1280
375	676
375	867
375	1212
376	821
376	1039
377	1177
377	1215
378	540
378	547
378	933
379	662
379	805
379	1114
379	1248
380	744
380	818
380	1058
381	455
381	1080
382	836
382	1103
382	1293
383	557
383	871
383	973
384	392
384	767
384	856
384	874
384	981
384	1071
384	1172
384	1233
385	405
385	989
385	1043
386	461
387	461
387	605
387	990
388	520
388	602
388	909
389	399
389	619
389	647
389	733
390	480
390	651
391	571
391	938
392	703
392	1198
393	805
394	546
394	561
395	422
395	460
395	640
395	751
396	486
396	729
396	890
396	895
396	938
396	1023
397	1141
398	742
398	1181
399	700
400	620
400	876
400	883
401	629
401	642
401	986
401	1039
401	1094
402	894
402	1273
403	777
403	958
403	1209
404	594
404	1111
405	494
405	768
405	902
405	994
405	1051
405	1115
405	1190
406	446
407	587
407	1099
407	1270
408	420
408	565
408	630
408	744
408	859
409	841
410	834
410	1054
411	907
411	1145
412	420
412	510
412	1204
413	890
413	1045
413	1098
414	781
415	653
415	680
415	832
415	1045
415	1121
415	1239
415	1270
416	429
416	460
416	1129
417	530
417	604
417	609
417	826
417	858
417	1153
418	436
418	694
418	1003
418	1080
419	894
419	955
419	1285
420	586
420	952
421	445
422	810
422	831
422	1015
422	1236
422	1242
423	808
423	1042
424	974
424	1093
424	1107
424	1292
425	997
425	1075
425	1083
425	1120
426	813
426	937
426	1006
426	1156
427	974
428	771
428	960
428	1124
429	525
429	803
429	911
431	437
431	539
431	807
431	965
432	685
432	697
432	780
432	1255
432	1295
433	1238
434	754
435	640
435	675
435	725
435	1115
436	703
436	723
436	1078
437	975
437	997
437	1057
437	1102
437	1180
438	575
438	751
439	585
439	669
439	1273
440	458
440	644
440	814
441	1250
442	669
442	856
442	860
442	1050
442	1123
442	1238
443	466
443	752
443	1115
444	720
444	938
444	944
444	1088
444	1140
447	456
448	579
448	1225
449	984
449	1107
450	747
450	980
450	1202
450	1289
451	738
452	611
452	649
452	816
452	1067
453	940
453	973
453	1015
453	1036
453	1217
454	552
454	1067
454	1097
455	758
455	767
455	870
455	1193
455	1266
456	464
456	815
456	880
456	1175
457	591
457	680
457	800
457	966
458	866
458	1029
460	1065
461	827
462	475
462	719
462	904
462	1245
463	465
463	508
464	510
464	808
464	1158
465	662
465	712
465	1229
466	477
466	533
466	542
466	671
466	1266
467	628
467	976
468	830
469	647
469	667
469	1094
470	861
470	1031
471	478
471	644
471	709
471	712
471	814
471	833
471	868
472	864
473	969
475	836
475	1036
475	1081
476	1169
477	592
477	608
477	654
477	934
477	1290
478	800
478	944
479	759
479	1136
480	707
480	728
480	1194
481	1131
482	1158
484	1007
484	1270
485	1226
486	493
486	690
486	929
486	1023
486	1071
486	1220
487	496
487	1241
488	772
488	951
488	1055
489	663
489	778
489	947
489	979
491	673
491	936
492	914
493	618
493	633
493	744
493	1207
493	1289
494	600
494	625
494	952
494	1039
495	771
495	1244
496	536
496	952
496	1187
497	859
497	1102
498	1011
499	659
499	1053
500	577
501	698
501	709
501	1239
502	833
502	937
502	1079
502	1178
502	1294
503	773
504	760
504	846
504	852
504	1066
504	1087
505	885
505	898
505	1052
505	1058
505	1204
506	635
506	846
506	964
507	833
508	853
509	516
509	1286
510	1127
511	749
511	873
511	911
511	1150
512	1085
512	1144
513	630
513	1203
513	1245
514	552
515	929
516	871
516	1291
517	629
517	1036
517	1103
519	1188
520	641
520	797
520	806
520	849
520	853
521	1026
521	1063
521	1241
522	609
522	1175
522	1281
523	583
523	705
524	1215
525	634
526	766
526	775
526	1057
526	1269
528	1131
529	703
530	980
530	1075
531	1066
532	762
533	835
533	977
534	1029
534	1043
535	692
535	1062
536	1108
537	666
537	802
537	1008
537	1111
537	1145
538	594
538	703
538	1126
538	1211
539	577
539	664
539	717
539	1228
540	811
540	1048
541	629
541	717
541	1250
542	1182
543	632
543	982
543	1115
544	601
544	612
544	796
544	1113
544	1269
544	1284
545	619
545	945
545	1081
545	1213
546	727
546	831
546	861
547	979
547	994
547	1057
547	1173
548	605
548	1041
548	1195
549	571
549	990
549	1143
550	925
551	716
551	978
552	701
552	1251
553	764
553	770
553	1137
554	1069
555	1181
556	842
556	975
556	1061
556	1191
557	862
558	592
559	565
559	694
559	1029
560	1132
560	1193
562	769
562	1057
563	672
564	710
564	820
564	981
565	1046
566	815
566	1108
567	593
567	830
568	709
568	1175
569	911
570	790
570	969
571	731
571	885
571	945
571	1119
571	1128
573	747
574	645
574	971
574	1118
575	986
575	1153
576	768
576	975
577	606
577	718
577	999
577	1251
578	1216
579	587
579	861
579	917
579	932
579	983
579	1279
580	613
581	912
581	989
582	847
582	1130
584	1289
585	1005
586	624
586	947
586	1218
587	808
587	1209
588	604
588	1139
589	707
589	909
590	613
590	742
590	942
590	1011
590	1290
591	1036
591	1184
592	1015
592	1092
592	1171
592	1176
594	859
594	1188
595	661
595	677
595	965
595	1119
596	696
596	742
596	797
596	952
596	1107
597	750
597	887
597	1135
598	943
598	1009
599	746
599	994
599	1214
600	717
600	876
600	1218
600	1226
601	797
602	839
602	953
602	1029
602	1032
602	1035
603	1186
603	1216
603	1222
604	848
606	757
606	1117
606	1168
607	790
607	1178
608	731
608	832
608	937
608	1096
609	1271
610	634
610	1123
610	1174
611	993
611	1087
612	852
613	628
613	926
613	1056
614	1176
614	1278
615	1065
615	1261
616	1296
617	705
617	713
618	733
618	1130
619	736
619	984
619	1032
619	1181
620	818
620	1162
621	625
621	1232
622	672
623	764
623	823
623	995
623	1012
623	1278
624	749
625	763
625	807
625	844
625	925
625	1126
626	1002
626	1266
627	668
627	1073
628	874
628	961
629	682
629	782
630	834
630	881
631	1191
631	1272
631	1282
632	885
633	704
633	729
633	826
634	669
634	895
634	922
634	1085
634	1216
635	1025
635	1234
636	803
636	1256
637	918
638	986
638	1012
638	1021
638	1243
639	698
639	818
640	693
640	831
640	916
641	648
641	1088
642	732
642	1222
643	1064
643	1186
644	978
645	832
645	907
645	939
646	708
647	873
648	1226
649	988
650	1114
651	1106
652	1120
652	1274
654	958
654	1099
655	951
656	678
656	699
656	1031
656	1239
657	1085
657	1268
658	1079
659	978
660	713
660	788
660	1062
661	982
661	1153
662	895
664	840
664	1174
665	684
665	894
665	1068
665	1256
666	807
666	865
667	882
668	1020
668	1290
669	1035
669	1202
669	1203
670	713
670	801
673	947
673	1086
674	920
676	1157
676	1242
678	887
678	1247
679	878
680	952
681	722
681	831
682	981
682	1028
682	1033
682	1199
682	1218
683	1011
684	854
685	930
685	1137
685	1156
686	812
686	832
686	982
686	1240
687	709
687	1138
688	841
688	1016
688	1202
688	1277
689	775
689	1145
691	762
691	871
691	985
691	1299
692	1045
692	1264
693	1020
694	794
694	1070
694	1172
694	1175
696	1070
697	815
699	910
699	1286
700	793
700	924
700	1217
701	877
701	992
702	887
704	771
704	1210
704	1269
705	926
705	955
705	1086
705	1193
708	985
708	1084
709	992
710	811
711	837
711	989
711	1294
712	774
712	853
712	968
712	1289
714	843
715	1122
716	1037
716	1238
716	1285
717	791
718	801
718	962
718	1021
719	769
719	1129
719	1221
720	850
720	978
720	1149
720	1229
721	1156
722	938
722	997
723	1106
723	1154
724	825
724	927
724	1099
725	783
725	1037
725	1255
726	1077
727	766
727	1010
727	1013
727	1243
728	864
728	1036
730	906
732	939
733	1059
734	1042
734	1174
735	1053
735	1288
737	1266
738	834
738	1158
739	1209
740	906
740	1064
740	1207
741	1296
742	1018
742	1204
742	1270
742	1273
742	1277
743	1210
744	953
745	1114
746	751
746	884
746	1123
747	763
748	968
749	844
750	866
750	1028
750	1167
751	761
751	1190
752	807
752	1180
753	857
753	923
753	1238
754	1004
754	1166
754	1287
755	1096
756	1075
757	1158
757	1182
758	1236
759	908
759	1042
759	1279
760	967
760	1265
762	1247
763	1174
763	1183
764	777
764	791
764	1003
765	975
765	1268
766	845
767	1126
768	1156
768	1165
769	931
769	1094
770	946
770	1105
772	1096
773	834
773	971
773	984
774	815
774	1000
774	1067
774	1164
775	779
775	890
776	1020
777	848
777	917
778	992
778	1048
778	1050
780	871
780	1060
780	1226
781	901
781	981
782	786
782	959
782	1099
782	1108
784	922
784	996
784	999
785	1037
786	811
786	1000
787	830
787	877
787	1104
789	911
790	943
790	1045
790	1100
790	1257
791	1134
792	1003
792	1236
793	1038
793	1246
793	1272
793	1284
794	1131
796	944
796	945
796	953
797	1116
797	1282
798	820
798	1032
798	1136
799	1118
800	844
800	1012
800	1133
801	1087
801	1091
801	1212
802	1185
804	857
804	1148
805	1025
805	1075
807	903
808	877
808	1281
809	1189
810	900
810	941
810	956
811	889
811	989
811	999
812	823
812	918
812	966
812	1004
813	867
814	1115
815	1153
815	1177
816	819
817	945
817	1227
818	994
818	1097
818	1216
819	1185
822	869
823	832
823	995
823	1096
823	1223
824	1092
824	1168
825	1042
827	952
827	1033
827	1211
828	862
829	906
829	1062
829	1143
830	1074
831	1070
833	853
833	1123
833	1283
834	916
835	1140
836	1273
837	867
837	1028
837	1055
838	1195
839	862
839	915
839	1009
840	932
841	949
841	1252
842	969
842	974
842	1057
842	1207
843	1043
843	1240
844	1230
845	951
845	1043
845	1101
845	1143
845	1162
845	1211
845	1287
846	898
846	1003
848	1072
848	1134
848	1175
849	1052
850	935
850	973
851	1096
851	1167
851	1215
853	896
854	956
854	1167
855	1260
856	1064
858	867
858	1223
859	885
861	1078
861	1105
862	1199
862	1234
863	1007
863	1110
863	1199
864	942
864	1214
865	937
867	1256
869	1070
871	1192
871	1227
873	890
874	1050
876	1113
877	889
877	904
877	1098
879	1237
881	954
881	1172
882	1086
882	1149
883	1238
884	1160
885	984
885	1120
885	1153
885	1173
885	1257
886	1254
887	992
887	1149
888	1233
889	1128
891	940
891	1028
891	1048
892	1286
892	1295
893	953
893	1126
893	1135
894	903
897	1184
898	905
898	1141
898	1283
899	977
899	1085
899	1179
903	1102
903	1236
904	1128
908	1043
908	1126
909	964
911	1224
912	1296
913	1141
914	1026
915	1141
915	1207
915	1267
916	957
916	1221
917	1145
917	1219
921	1299
922	924
922	1162
922	1291
923	1219
923	1233
923	1260
924	956
925	939
925	1192
927	1249
929	1013
929	1056
930	1247
930	1274
931	965
931	1133
933	1150
936	1242
937	944
937	1257
939	1038
940	987
940	1109
942	1075
942	1160
943	1055
944	1082
944	1298
945	950
945	997
945	1235
947	1226
948	1019
949	1167
950	960
950	988
950	1242
954	1150
957	1176
958	976
958	1077
959	973
960	1186
960	1202
961	1268
962	1051
962	1059
963	1156
965	1252
966	1052
968	1110
970	1094
971	1137
971	1246
972	1127
972	1205
973	1169
974	1049
974	1162
974	1201
975	1184
976	1143
977	1032
978	1119
978	1235
982	996
983	1093
984	1061
985	1178
986	1193
987	1231
990	1121
992	1024
992	1116
994	1057
994	1279
994	1296
995	1148
998	1038
998	1194
998	1202
999	1257
1004	1112
1007	1154
1009	1077
1009	1283
1010	1120
1011	1027
1011	1128
1012	1059
1013	1111
1015	1042
1016	1129
1016	1157
1016	1273
1016	1289
1017	1284
1018	1069
1019	1118
1019	1223
1020	1030
1021	1026
1021	1296
1022	1192
1023	1261
1023	1287
1024	1123
1025	1026
1025	1107
1025	1235
1028	1055
1029	1128
1030	1289
1033	1042
1039	1294
1041	1251
1042	1103
1042	1192
1043	1133
1044	1080
1046	1061
1046	1110
1048	1092
1048	1227
1049	1296
1052	1120
1052	1229
1057	1267
1061	1067
1061	1176
1061	1204
1064	1076
1070	1272
1074	1261
1077	1113
1080	1236
1080	1257
1081	1276
1086	1291
1088	1171
1088	1231
1089	1263
1093	1195
1094	1130
1095	1171
1095	1174
1097	1222
1099	1118
1100	1286
1104	1108
1105	1185
1105	1245
1105	1274
1107	1222
1108	1157
1110	1157
1111	1162
1114	1241
1117	1171
1119	1144
1122	1224
1123	1142
1126	1187
1127	1292
1128	1205
1129	1186
1130	1189
1132	1161
1133	1143
1133	1157
1133	1288
1134	1224
1135	1267
1139	1166
1144	1211
1145	1182
1145	1185
1146	1228
1147	1278
1148	1224
1149	1230
1151	1278
1153	1258
1154	1213
1157	1221
1157	1248
1158	1213
1160	1279
1161	1170
1164	1212
1170	1205
1173	1187
1175	1207
1175	1222
1175	1254
1176	1238
1182	1298
1185	1203
1185	1211
1186	1233
1187	1195
1190	1255
1192	1249
1193	1209
1195	1249
1195	1284
1199	1293
1200	1238
1204	1239
1204	1275
1206	1213
1208	1253
1216	1226
1217	1276
1217	1298
1218	1219
1218	1270
1224	1252
1228	1298
1238	1292
1242	1296
1246	1276
1260	1280
1290	1291