0	952
1	341
1	438
1	1124
2	1014
2	1295
3	961
4	638
4	643
4	805
4	880
4	1074
4	1263
5	529
5	708
5	962
5	1022
6	115
6	277
7	359
7	1055
7	1066
8	102
8	827
8	865
8	1062
9	461
9	626
9	934
10	95
10	160
10	394
10	755
10	827
10	859
10	1245
10	1246
11	250
11	1052
11	1215
11	1254
12	130
12	196
12	339
12	434
12	670
12	770
12	815
12	943
12	1052
13	184
13	1038
13	1221
14	32
15	74
15	211
15	435
16	253
16	555
16	577
16	590
16	593
16	916
16	975
16	1214
17	209
17	678
17	917
17	1212
18	98
18	438
18	547
18	695
18	951
18	979
18	988
18	1066
18	1216
19	395
19	466
19	507
19	663
19	858
19	920
19	1031
19	1171
20	613
20	860
20	1097
21	441
21	758
21	834
22	39
22	304
22	402
22	658
22	757
23	106
23	1023
24	369
24	447
24	631
24	638
24	1048
25	276
25	322
25	870
25	900
25	1046
25	1149
25	1252
26	884
27	646
27	1265
28	376
28	1087
29	40
29	79
29	663
29	711
29	726
29	1011
29	1132
30	67
30	191
30	508
30	747
30	977
31	297
31	451
31	495
31	1093
31	1205
32	57
32	196
32	455
32	1273
33	295
33	374
33	564
33	634
33	1079
33	1093
33	1156
33	1299
34	253
34	599
34	716
34	855
34	1151
35	292
35	302
35	348
35	425
35	1039
35	1136
36	201
36	209
36	479
36	506
36	725
36	775
36	1256
37	449
37	461
37	601
37	861
37	865
38	509
38	609
39	849
40	532
40	652
40	703
40	807
40	1006
40	1148
40	1231
40	1284
41	222
41	354
41	501
41	579
41	963
41	1238
41	1245
42	705
42	934
42	1205
42	1276
43	196
43	276
43	455
43	845
43	1121
43	1271
44	277
44	463
44	1147
45	644
45	895
45	933
45	1056
46	194
46	448
46	667
46	1031
47	537
47	780
47	828
47	896
47	1119
47	1296
48	473
48	579
48	673
48	1167
48	1239
49	454
49	612
49	656
49	849
49	965
49	1068
50	546
50	566
50	1078
50	1096
50	1176
51	176
51	687
52	190
52	1071
53	269
53	440
53	1059
53	1069
53	1070
53	1203
54	80
54	319
54	351
55	84
55	481
56	422
56	444
56	825
57	1097
58	135
58	655
58	1196
59	505
59	627
59	845
59	1295
60	1028
60	1094
60	1237
61	355
61	600
61	604
61	697
61	704
62	459
62	746
62	777
63	89
63	159
63	750
63	891
63	966
63	1282
64	105
64	535
64	1125
65	889
66	1193
66	1295
67	85
67	140
67	1190
67	1242
67	1273
68	462
68	824
68	1292
69	638
69	722
69	1174
70	295
70	337
70	586
71	457
71	504
71	606
71	649
71	868
72	175
72	621
72	1073
73	612
73	709
73	1218
74	79
74	221
74	448
74	565
74	795
74	1014
74	1141
74	1147
75	130
75	462
75	750
75	1082
76	220
76	248
76	1256
77	500
78	117
78	826
79	122
79	137
79	377
80	203
80	207
80	266
80	1133
80	1294
81	576
82	1119
83	307
83	425
83	432
84	239
84	338
84	391
84	654
84	773
84	793
84	811
84	1018
85	201
85	268
85	347
85	448
85	639
85	1274
86	963
87	384
87	440
87	1109
87	1136
88	410
88	640
88	931
88	1203
89	217
89	231
89	690
89	1176
90	290
90	757
90	931
90	1119
91	255
91	760
91	1048
91	1210
92	498
92	902
93	1141
93	1213
94	228
94	786
94	1008
94	1061
94	1088
94	1092
94	1139
95	142
95	636
95	893
95	1041
96	203
96	251
96	263
96	511
96	538
96	1092
96	1157
97	828
97	981
97	1050
98	109
98	1069
99	513
99	853
100	153
100	201
100	443
100	718
100	1019
101	122
101	311
101	589
101	1075
102	275
102	1194
103	271
103	325
103	723
104	358
104	508
104	1100
105	119
105	146
105	343
105	850
105	912
105	1091
106	452
106	589
106	734
106	1236
107	450
107	628
107	757
107	900
107	1297
108	236
108	661
108	706
108	814
108	853
108	1253
108	1291
109	989
110	540
110	1032
110	1290
111	543
111	1179
112	784
112	1132
113	572
113	988
114	978
114	1095
115	306
115	637
115	726
115	811
115	835
115	921
115	923
116	743
116	871
116	1031
117	616
117	718
117	843
117	1174
118	894
118	1199
118	1204
119	122
119	125
119	431
119	659
119	734
119	875
119	912
119	927
119	1010
120	191
120	638
120	1100
120	1158
120	1192
121	215
121	789
121	882
121	1165
122	232
122	239
122	284
122	413
122	754
122	900
122	957
122	1183
123	248
123	302
123	647
123	727
123	791
123	1060
123	1121
123	1144
123	1260
123	1266
124	419
124	493
124	1114
124	1247
125	775
125	1254
126	233
126	1111
126	1237
127	331
127	462
127	578
127	1087
128	137
128	611
128	777
128	1111
128	1122
129	297
129	492
129	531
129	576
129	1222
130	501
130	542
130	546
130	728
131	157
131	514
131	840
131	995
131	997
132	394
132	719
132	742
133	201
133	345
133	733
133	1060
134	155
134	160
134	860
135	720
135	1031
136	822
137	214
137	1006
138	216
138	351
138	504
138	572
139	321
139	1033
140	487
140	1053
141	184
141	367
141	644
141	1088
141	1244
142	241
142	349
142	477
142	682
142	737
142	826
142	898
142	948
142	1061
142	1068
142	1233
143	750
143	933
143	1014
144	309
144	547
144	860
145	654
146	739
146	913
147	227
147	289
147	312
147	813
147	897
147	1013
148	514
148	592
148	773
148	796
148	863
149	174
149	342
149	1094
150	237
150	913
150	1008
150	1085
151	846
152	468
152	490
152	620
153	435
153	562
153	889
153	919
153	1135
153	1256
154	626
154	798
154	1000
154	1200
155	524
155	571
155	1220
156	792
156	1132
157	621
157	642
157	991
157	1083
157	1191
158	579
158	1037
158	1082
158	1090
159	265
159	442
159	661
159	712
159	823
159	941
159	1092
160	365
160	683
160	1047
161	605
161	639
161	1207
161	1226
161	1261
162	581
163	299
163	377
163	541
163	944
163	1223
163	1297
164	660
164	713
164	763
164	1000
165	374
165	449
165	1104
165	1187
165	1206
166	215
166	397
166	1047
167	298
167	966
168	250
168	605
168	668
169	267
169	280
169	353
169	1015
170	242
170	483
170	537
170	731
170	1038
171	245
171	707
171	912
171	1015
172	223
172	810
172	1062
173	360
173	590
173	809
173	1130
174	781
174	1270
175	396
175	690
175	1035
175	1075
175	1129
176	521
176	793
176	890
177	368
177	741
177	1270
177	1277
178	1079
178	1190
179	389
179	1270
180	207
180	531
180	790
180	1130
181	405
181	446
181	1036
182	429
182	709
182	1099
182	1240
183	610
183	617
183	706
183	1212
184	384
184	442
184	1251
184	1289
185	891
185	1082
186	524
186	1291
187	455
188	364
188	378
188	384
188	387
188	828
188	831
188	899
188	935
188	1253
189	623
189	746
189	883
190	308
190	357
190	679
190	766
190	919
190	1113
191	578
191	582
192	544
192	626
192	850
192	1279
193	252
193	280
193	898
193	1171
194	257
194	646
194	696
194	909
194	959
195	331
195	457
195	570
195	1011
196	319
196	403
196	445
196	917
197	479
197	745
197	1099
197	1261
198	265
198	314
198	348
198	531
198	535
198	648
198	768
198	961
198	1034
198	1248
198	1251
199	903
200	384
201	717
201	822
201	947
201	1008
201	1149
202	644
202	820
202	927
203	241
203	379
203	753
203	1205
204	325
204	782
205	506
205	843
205	1230
205	1261
206	262
206	326
206	540
206	653
206	910
206	933
206	969
206	1018
206	1021
206	1054
207	496
207	638
207	743
207	898
207	968
207	1167
208	569
209	574
209	681
209	1202
210	1035
210	1084
211	634
211	891
211	968
211	1091
211	1241
212	635
213	307
213	564
213	856
213	975
213	1246
214	691
215	311
215	330
215	448
215	801
217	382
217	895
217	1113
217	1207
218	871
218	1148
219	237
219	646
219	784
220	369
220	571
220	743
220	813
221	1223
222	306
222	349
222	486
222	623
222	746
222	847
222	1276
223	270
223	380
223	460
223	798
224	905
225	251
225	977
226	276
226	633
226	1265
227	383
227	705
227	857
227	941
228	558
228	1050
228	1122
229	251
229	460
229	532
229	598
230	502
230	890
230	1137
230	1186
231	557
231	661
231	997
231	1150
232	536
232	605
232	970
232	1167
233	296
234	792
234	971
234	1149
235	290
235	341
235	834
236	599
236	898
236	1008
236	1041
237	865
238	292
238	597
239	1173
240	331
240	371
240	387
240	615
240	961
241	250
241	333
241	345
241	819
241	875
241	923
241	930
241	1079
241	1287
242	587
242	936
243	302
243	581
244	768
244	811
245	259
245	1043
245	1194
246	631
246	731
247	1098
248	666
248	1033
249	634
250	606
250	630
250	987
251	340
251	863
251	1053
252	377
252	542
252	861
253	373
253	641
254	352
254	545
254	987
255	1001
255	1010
256	257
256	291
256	511
256	544
257	409
257	454
257	769
258	290
258	723
258	809
258	850
260	605
260	976
260	1081
261	914
261	952
262	620
262	728
262	875
262	899
262	985
263	618
263	786
263	1104
264	614
265	639
265	929
265	1283
266	443
266	575
266	754
266	759
267	378
267	512
267	570
267	625
267	1106
268	514
268	520
268	617
269	655
269	1298
271	352
271	717
271	861
271	1133
272	441
272	650
273	416
273	511
273	534
273	586
273	748
273	1122
274	524
275	667
275	702
276	327
276	465
276	491
276	612
276	1183
277	290
277	692
278	599
279	343
279	577
279	918
280	297
280	433
280	675
280	837
280	856
280	1116
281	580
281	691
281	897
282	1176
283	752
283	1046
283	1291
284	503
284	781
284	823
285	573
285	669
285	817
285	1144
285	1173
286	436
286	890
286	1038
286	1114
286	1193
287	933
288	773
288	777
289	1022
290	867
290	1218
291	481
291	919
292	448
292	551
292	584
293	1192
294	621
294	690
294	811
294	1096
294	1157
295	427
295	504
295	748
295	1040
296	561
296	915
297	576
297	852
297	1134
298	1145
298	1187
298	1270
299	409
300	505
300	1222
300	1231
301	696
301	995
301	1182
301	1249
302	1169
302	1195
303	935
304	446
304	535
304	588
304	713
304	1087
305	905
306	487
306	729
307	1274
308	775
309	469
309	937
309	976
310	1197
310	1249
311	901
311	1039
312	484
312	556
312	950
312	974
312	1012
313	601
313	870
313	1137
315	594
315	741
315	950
316	375
316	495
316	732
316	819
316	1111
316	1230
317	788
318	606
318	1230
319	1199
320	406
320	416
320	1128
321	402
321	904
321	1271
322	491
322	492
322	674
322	787
322	822
322	1002
322	1130
322	1246
323	889
323	911
323	1265
324	628
324	657
324	1104
325	508
325	672
325	900
325	1067
325	1171
326	909
326	1133
327	630
327	744
327	1134
327	1266
328	902
329	350
329	422
329	996
330	976
330	1060
332	360
332	427
332	473
332	771
332	815
332	1220
333	474
333	1262
334	369
334	398
334	415
334	493
334	536
334	551
334	654
334	1061
335	592
335	716
335	935
335	966
335	1002
335	1056
335	1131
336	363
336	443
336	533
336	967
336	998
336	1036
336	1047
336	1088
336	1167
337	606
337	735
337	1170
338	831
338	907
339	679
339	841
339	1054
339	1242
340	441
340	569
340	593
340	792
340	1270
341	449
341	1017
342	460
342	906
342	943
342	1039
343	391
343	450
343	507
343	865
343	1153
343	1260
344	418
344	465
344	538
344	1266
345	878
345	1085
346	532
346	759
346	833
346	1118
347	514
347	637
347	803
347	836
347	959
347	970
347	1223
348	667
348	758
348	941
349	845
349	1261
350	371
350	839
350	879
350	979
351	590
351	616
351	826
351	1006
352	939
353	415
353	720
353	741
353	805
353	823
353	883
354	462
354	464
354	876
355	767
355	849
355	951
356	504
357	373
357	374
357	958
357	1277
358	428
358	447
358	616
359	458
359	688
359	1117
359	1204
359	1282
360	425
360	465
360	519
360	1221
361	1249
362	1275
363	513
364	781
365	433
365	581
365	824
365	860
365	1173
366	386
366	472
366	586
367	413
367	530
367	1088
368	482
368	766
368	976
368	1172
369	494
369	571
369	870
369	948
370	1121
371	582
371	1082
371	1148
371	1277
372	558
372	733
372	873
372	1014
373	597
373	660
373	680
373	882
373	1103
373	1133
375	745
375	773
375	899
376	628
376	1078
377	733
378	425
378	522
378	537
378	910
379	513
379	846
379	1250
380	982
380	1010
380	1096
380	1173
381	430
381	608
381	795
381	1027
381	1272
382	998
383	630
384	790
384	803
384	839
385	683
385	1252
386	1100
386	1149
387	538
387	958
388	713
388	1126
389	538
389	877
389	998
389	1126
389	1191
389	1251
390	505
390	632
391	490
391	747
392	909
393	570
393	1079
394	1021
394	1140
394	1237
396	461
396	674
396	691
396	928
396	932
396	1020
397	703
397	852
397	1076
398	696
398	752
398	833
399	692
400	586
400	1200
401	524
401	747
402	693
402	1035
403	691
403	872
404	505
404	544
404	837
404	853
404	1158
405	530
407	422
407	531
407	1090
408	465
408	834
408	848
409	916
409	1083
409	1170
409	1201
409	1273
410	514
410	549
411	694
411	967
411	1260
411	1298
412	415
412	454
412	457
412	880
412	1252
413	1193
414	858
415	563
415	745
415	809
415	1250
416	541
417	429
417	834
417	1124
417	1279
418	992
419	428
419	874
419	1051
419	1122
419	1229
420	1138
421	614
422	660
422	760
422	827
422	1116
422	1125
423	601
424	609
424	844
424	863
424	864
424	1113
425	918
425	974
425	1073
425	1178
425	1288
426	1095
426	1102
427	671
428	729
428	749
429	903
429	1176
430	476
430	734
430	824
431	607
432	556
432	656
432	688
432	725
432	827
433	997
434	732
434	836
434	849
434	859
434	1208
434	1249
435	519
435	555
435	602
435	715
435	862
435	960
436	516
436	573
436	924
436	1114
436	1186
437	455
437	1014
437	1020
438	617
438	857
439	457
440	649
440	1058
441	568
441	833
441	962
441	1150
442	727
442	895
442	965
442	1153
443	582
443	845
443	931
443	1226
444	445
445	1110
447	771
447	1075
447	1116
448	1146
448	1184
449	1123
449	1150
450	633
450	671
450	737
451	549
451	1060
451	1206
451	1283
452	976
452	1039
452	1221
453	679
453	693
453	939
453	1076
453	1230
454	777
455	491
456	674
456	1244
457	610
457	794
458	571
458	656
458	1042
458	1055
459	687
459	958
459	990
459	1180
460	678
460	1007
460	1012
462	599
462	803
462	935
463	534
463	914
463	1025
464	1284
465	511
466	596
466	700
466	1169
466	1245
467	795
467	1100
468	538
468	1168
468	1184
470	964
471	518
471	751
472	566
472	707
472	741
472	792
473	584
473	591
473	738
473	940
474	549
475	537
476	856
476	895
477	806
477	921
477	979
477	1004
477	1130
478	1025
479	538
479	930
480	1023
480	1035
480	1230
481	820
481	834
481	1158
481	1252
482	680
483	777
484	683
484	731
484	981
485	901
487	525
487	627
488	510
488	788
489	493
489	591
489	627
489	966
489	1143
489	1170
490	570
490	808
490	1261
491	630
493	528
493	615
493	765
493	1067
494	547
494	677
494	749
494	932
495	521
495	593
495	639
495	783
495	790
495	832
495	1019
495	1090
495	1239
496	748
496	1169
497	678
497	972
498	637
498	964
498	1032
498	1075
498	1109
499	644
499	724
499	745
500	856
501	1021
501	1178
502	739
502	937
502	944
502	1106
503	764
503	977
505	595
505	653
505	768
505	815
505	1005
505	1118
506	628
507	805
508	509
508	574
508	932
510	658
510	864
510	1179
511	626
511	1158
512	1299
513	706
514	640
514	1040
514	1191
515	565
515	772
515	1068
516	841
516	908
517	722
517	787
518	1278
520	862
520	1015
520	1237
521	1042
521	1085
521	1293
522	555
522	1043
522	1128
523	777
523	892
523	1032
524	571
524	1013
524	1071
524	1181
525	1057
526	616
526	1055
526	1125
527	571
527	657
527	1041
528	541
528	978
528	1069
529	622
529	916
529	1017
529	1041
529	1274
530	538
530	714
530	792
530	1176
531	962
531	1187
532	1053
533	685
533	687
533	830
533	891
533	1031
533	1252
533	1292
534	1009
534	1269
535	1175
536	631
536	725
536	790
536	845
536	1296
537	817
538	747
538	1054
538	1148
538	1175
539	878
539	938
541	690
542	1208
542	1232
543	655
544	743
544	782
544	935
544	942
544	1262
545	1085
546	1148
546	1159
546	1181
546	1264
547	884
547	1149
547	1252
547	1295
548	881
549	1207
550	708
550	924
551	619
551	789
552	910
552	1163
553	950
553	962
553	1157
554	1057
554	1258
555	1210
556	971
557	699
557	972
557	1075
558	913
558	1064
558	1218
559	584
559	704
559	869
559	969
560	791
561	1161
563	768
563	1092
563	1210
565	611
565	906
566	579
566	598
567	774
567	821
567	1140
568	708
569	1103
570	926
570	1044
570	1147
570	1219
570	1231
571	816
571	1130
571	1169
572	637
572	809
573	659
573	856
573	925
573	1126
573	1131
574	605
574	643
574	974
575	597
575	738
575	1172
576	611
576	1008
576	1189
577	650
577	671
577	905
578	664
578	963
578	1123
579	768
579	1234
580	1130
580	1209
581	583
581	778
581	881
581	1147
582	796
582	841
582	916
583	620
583	1231
584	730
584	1084
585	1167
586	1025
586	1043
586	1174
587	629
587	732
587	1180
588	837
588	1028
588	1094
589	664
589	1185
589	1197
590	723
590	963
591	1030
593	772
593	841
593	910
593	1012
593	1255
594	668
594	908
594	966
594	1096
594	1274
595	786
597	1041
597	1045
597	1055
598	894
598	1286
598	1288
599	873
600	797
600	972
601	823
601	1005
601	1073
601	1095
601	1261
603	747
603	805
603	946
603	949
604	1186
606	1008
606	1106
606	1132
607	737
607	762
607	940
607	968
609	660
610	827
610	929
610	1071
610	1136
610	1271
610	1272
612	633
613	948
614	1072
614	1118
615	1162
616	1078
617	686
617	766
617	1011
617	1049
618	666
618	756
618	1083
618	1089
619	888
619	1088
620	868
621	854
622	930
623	1219
623	1227
623	1247
623	1269
623	1286
624	1244
624	1295
625	1047
625	1269
626	934
626	1037
626	1212
627	997
627	1254
628	1006
629	1024
631	905
631	915
631	1289
632	992
632	1034
632	1274
633	926
634	736
634	786
634	866
634	924
635	681
635	769
635	885
635	1016
636	640
636	1053
636	1056
637	756
637	1047
638	1080
638	1284
639	818
639	1031
639	1048
639	1146
640	959
640	1253
641	1020
641	1166
642	929
643	778
643	881
643	973
644	811
644	864
644	908
644	958
645	952
646	967
647	1290
648	873
648	1201
649	708
649	949
649	1213
650	1005
650	1065
651	700
651	736
651	865
651	983
651	1095
652	666
652	1043
653	1165
653	1274
654	721
654	1178
655	837
655	930
655	1097
657	1104
658	822
658	964
659	945
661	1163
661	1225
662	1018
663	715
664	813
664	1033
664	1183
664	1184
664	1234
664	1272
665	1054
665	1094
665	1142
665	1196
666	922
666	988
666	1293
667	995
667	1022
668	678
668	951
668	1197
668	1248
670	759
670	969
670	1052
670	1108
670	1294
671	921
671	1094
671	1129
671	1174
673	910
673	1155
675	949
676	1261
677	972
677	1060
677	1200
678	712
678	1086
681	769
681	1180
682	687
682	857
682	1162
683	722
683	1171
683	1229
684	986
684	1137
685	700
687	709
687	1133
687	1209
688	727
688	744
688	1228
688	1280
689	1190
689	1249
689	1276
691	996
691	1033
692	890
693	854
693	1032
693	1229
694	1054
695	747
695	1090
696	766
696	848
696	1133
696	1217
697	999
698	839
699	710
699	874
699	1026
700	745
701	826
701	1006
701	1244
701	1278
702	853
703	1056
703	1269
704	995
704	1135
705	981
705	1156
705	1292
706	981
706	1057
707	1048
708	948
708	1005
709	717
710	841
710	903
710	1022
710	1293
711	806
712	744
712	1148
712	1170
712	1191
713	778
714	853
714	1137
715	883
715	1180
717	1031
717	1150
717	1152
718	906
718	1241
719	985
720	775
722	933
722	1151
723	819
723	1121
723	1204
724	748
724	1102
724	1115
724	1270
725	738
725	892
725	1048
727	1095
727	1219
728	989
728	1274
729	755
730	1051
730	1214
731	1094
731	1101
731	1244
732	902
732	974
732	1238
733	933
733	1030
734	863
734	987
734	1071
736	1029
737	825
737	943
738	1119
738	1287
739	1022
739	1031
739	1256
740	1108
740	1178
740	1237
741	789
741	1248
742	769
743	954
743	1216
746	889
747	840
747	1012
747	1126
748	1167
750	1237
752	1193
755	791
755	802
755	931
755	1069
756	1014
756	1140
756	1266
758	1046
758	1100
758	1212
759	977
760	978
761	799
761	959
763	1053
763	1121
767	957
767	1257
768	1164
769	1015
770	1116
770	1289
771	858
772	881
773	833
773	999
773	1143
773	1285
776	1067
776	1195
777	1288
778	878
778	1274
779	1036
779	1205
779	1264
780	800
780	1012
780	1022
780	1046
782	869
782	1026
784	1074
784	1081
784	1112
784	1182
785	912
787	837
787	857
787	1059
787	1190
788	1029
788	1074
788	1144
788	1224
789	797
789	1029
790	897
790	1141
791	931
791	1235
793	839
793	904
793	997
793	1000
794	1166
794	1185
795	807
795	898
795	1173
796	824
797	834
797	1155
798	1105
798	1250
799	860
800	838
800	1080
800	1284
802	891
802	1203
804	1145
804	1215
804	1237
804	1286
805	1275
805	1277
806	856
806	952
806	1123
806	1294
808	1030
808	1242
809	1050
811	1147
812	854
813	958
813	1148
813	1273
814	878
815	999
815	1256
816	984
818	971
819	825
819	897
819	1282
820	851
820	1216
821	1081
822	882
822	1226
823	953
824	894
824	948
826	834
826	1006
826	1107
826	1291
827	869
827	1084
828	1128
829	950
829	1222
830	1189
830	1280
831	1280
833	959
836	942
836	1041
836	1130
838	1095
838	1164
838	1208
840	1074
840	1106
840	1149
840	1298
841	904
842	866
843	1222
844	1171
844	1221
845	999
845	1266
846	1168
846	1177
846	1231
847	920
847	1097
849	1062
849	1260
850	1034
850	1046
850	1149
850	1214
852	1038
853	1085
853	1088
854	946
854	1150
854	1231
855	974
855	1042
856	1140
856	1192
857	1220
858	860
858	877
858	1058
858	1226
859	862
859	930
859	1066
859	1138
860	915
860	945
860	1059
862	1042
862	1229
862	1283
863	878
863	907
863	974
864	892
864	1087
865	1073
867	1040
867	1091
868	932
868	1158
869	997
869	1016
869	1142
871	1142
871	1174
874	1113
875	1115
876	877
876	1023
876	1198
878	1022
879	1231
880	1108
882	914
883	1111
886	1178
887	950
887	1024
888	945
888	1025
888	1112
889	1077
890	1107
892	1019
892	1118
892	1120
893	1172
894	1251
895	1000
895	1020
896	974
897	938
897	1207
898	944
899	1022
900	992
901	939
901	969
901	1163
901	1254
901	1260
902	1016
903	977
904	906
904	1083
904	1291
905	1106
906	1044
906	1084
906	1181
907	1066
907	1191
907	1196
908	1241
910	1074
910	1144
912	1245
913	951
914	1001
914	1061
915	1053
915	1266
918	1160
920	1271
922	1027
922	1152
924	1038
924	1183
926	1171
928	1074
928	1083
929	969
929	975
929	1194
930	1111
930	1116
931	1194
934	950
934	1056
934	1246
935	966
935	1299
936	949
936	1116
937	1185
939	1299
940	1170
942	1152
943	1076
943	1235
943	1264
945	1049
946	1028
946	1216
948	958
949	1054
950	1035
950	1205
951	1248
953	1153
954	1061
955	1108
956	1149
961	1070
963	1048
964	1192
966	1055
966	1188
966	1266
967	1121
967	1296
968	1176
970	1204
971	1144
971	1262
972	1115
972	1139
972	1164
972	1223
973	1299
974	1248
975	1124
977	1158
977	1170
978	1253
979	1079
979	1288
980	1037
980	1168
980	1212
984	1178
985	1118
985	1122
985	1181
986	1035
986	1042
986	1088
986	1112
987	1122
987	1183
988	1096
989	993
989	1022
990	1209
992	1063
994	1031
994	1207
995	1283
997	1270
998	1036
999	1031
1001	1027
1002	1059
1002	1271
1003	1147
1004	1174
1004	1254
1006	1112
1007	1239
1008	1264
1010	1100
1013	1043
1013	1091
1016	1022
1018	1241
1019	1170
1020	1135
1022	1099
1024	1051
1024	1143
1024	1299
1027	1069
1028	1181
1030	1149
1030	1211
1031	1050
1032	1216
1033	1167
1033	1206
1033	1242
1034	1187
1036	1180
1037	1148
1037	1216
1037	1229
1038	1251
1042	1069
1042	1086
1042	1269
1043	1134
1044	1251
1046	1279
1049	1056
1050	1088
1051	1122
1052	1152
1052	1290
1055	1101
1058	1281
1061	1168
1063	1153
1064	1077
1064	1182
1064	1257
1064	1277
1066	1184
1066	1207
1067	1255
1070	1235
1071	1094
1073	1145
1074	1233
1074	1235
1076	1100
1076	1165
1077	1108
1079	1140
1080	1161
1081	1154
1081	1255
1082	1262
1083	1256
1086	1158
1088	1227
1089	1199
1091	1261
1092	1234
1096	1174
1097	1162
1097	1173
1101	1231
1102	1182
1107	1150
1107	1190
1112	1143
1112	1264
1117	1243
1120	1147
1123	1253
1127	1128
1128	1215
1129	1185
1129	1203
1129	1245
1134	1184
1136	1186
1138	1154
1138	1222
1141	1259
1142	1160
1142	1241
1143	1195
1143	1221
1143	1261
1145	1146
1146	1238
1149	1171
1149	1206
1150	1226
1150	1293
1161	1248
1161	1281
1162	1247
1163	1284
1165	1197
1166	1232
1169	1238
1171	1208
1172	1181
1176	1200
1188	1217
1193	1227
1195	1246
1200	1209
1200	1217
1200	1294
1201	1242
1208	1262
1216	1220
1234	1277
1237	1295
1239	1253
1244	1269
1247	1285
1248	1273
1249	1293
1251	1282
1254	1267
1255	1268
1257	1287
1261	1280
1267	1298
1278	1288
1282	1283
1287	1299