0	181
0	216
0	258
0	1043
1	27
1	90
1	220
1	607
1	921
1	1108
1	1112
1	1153
2	272
2	1136
3	26
3	187
3	676
3	867
3	954
3	1005
4	315
5	183
5	359
5	422
6	17
6	427
6	804
7	263
7	699
7	897
7	1129
7	1226
8	102
8	339
8	347
8	433
8	798
8	1252
9	962
10	77
10	108
10	149
10	214
10	428
10	1014
10	1026
11	89
11	427
11	579
11	648
11	656
12	452
12	1052
12	1104
13	99
13	501
13	623
13	649
13	1185
13	1191
14	193
14	295
14	378
14	555
14	1092
14	1218
15	396
15	725
15	778
15	1050
15	1227
16	648
16	1232
17	317
17	696
18	76
18	228
18	245
18	376
18	696
18	1191
19	340
19	393
19	540
19	1016
20	88
20	1299
21	207
21	433
21	467
21	518
21	532
21	666
21	771
21	1150
22	331
22	1070
23	109
23	1054
23	1130
24	308
25	29
25	158
25	301
26	69
26	143
26	813
26	979
26	1069
26	1184
27	227
27	785
27	1096
28	486
28	758
28	1258
29	104
29	257
29	338
30	251
30	564
30	739
31	339
31	480
31	1010
32	281
32	496
32	692
33	949
33	1135
34	132
34	1283
35	1029
35	1228
36	218
36	373
36	688
36	745
36	1152
36	1284
37	359
38	994
38	1285
39	61
39	481
39	597
39	696
39	951
39	1088
39	1175
39	1199
39	1251
40	435
40	649
40	679
40	945
40	958
40	1151
40	1160
41	90
41	1214
42	800
42	1105
42	1126
43	937
44	107
44	372
44	746
45	358
45	652
46	402
46	420
46	714
46	779
46	782
46	1062
47	74
47	754
47	848
47	1208
48	176
48	490
48	582
48	736
48	939
48	1075
49	977
50	643
50	761
50	1260
51	908
51	999
51	1048
52	73
52	222
52	666
52	704
52	1033
52	1209
53	205
53	504
53	533
53	677
53	708
53	1222
54	457
54	668
54	882
54	1153
55	841
56	69
56	226
56	260
56	264
56	718
56	846
56	1110
57	536
57	639
57	1103
58	377
58	391
58	736
58	938
58	968
59	124
59	141
59	330
59	1018
59	1183
60	401
60	705
60	1264
60	1281
61	249
61	483
61	900
61	909
61	1026
62	119
62	334
62	528
62	603
62	1087
62	1280
63	363
63	395
63	1266
64	241
64	688
65	882
66	733
66	961
66	1232
67	145
67	447
67	507
67	508
67	1083
67	1290
68	152
68	561
69	149
69	150
69	197
69	362
69	896
69	982
70	877
70	980
71	168
71	316
71	609
71	1010
72	85
72	426
72	737
72	1054
73	282
73	437
73	699
73	924
73	1116
74	725
74	771
74	799
74	848
75	923
76	309
76	1025
77	80
77	140
77	227
77	277
77	790
77	1057
77	1113
77	1134
77	1230
77	1266
78	298
78	640
78	881
78	969
78	1255
79	142
79	486
79	875
80	275
80	277
80	284
80	402
81	137
81	243
81	534
81	1049
82	901
83	191
84	136
84	603
84	801
84	1191
85	200
85	422
85	455
85	1077
86	323
86	362
86	618
86	751
86	923
87	1082
87	1094
88	192
88	641
88	869
88	1116
89	506
89	577
89	690
89	712
89	723
89	1178
89	1213
90	118
90	416
90	472
90	659
90	1083
90	1184
91	424
91	1119
92	290
92	699
92	806
92	860
92	897
93	315
93	527
93	1093
93	1272
94	388
94	628
94	1204
94	1264
95	553
95	558
95	1126
96	544
96	766
96	1044
96	1099
97	254
97	359
98	374
98	1237
99	139
100	211
100	424
100	1110
100	1197
101	216
101	403
102	788
102	836
103	257
103	260
103	613
103	713
103	857
103	1119
104	119
104	285
104	303
104	396
104	1269
105	784
105	798
106	262
106	376
106	430
106	1023
106	1131
107	465
107	666
107	784
107	878
107	901
108	132
108	180
108	415
108	612
108	672
108	756
108	905
109	186
109	356
109	913
109	941
109	968
109	1046
110	288
110	318
110	706
110	907
110	1271
111	667
111	1055
111	1145
112	313
112	404
113	114
113	157
113	1118
113	1256
114	315
114	519
114	716
114	782
115	216
115	259
115	426
115	750
115	923
115	1045
116	302
116	326
116	484
116	938
116	1139
117	240
117	863
117	1278
118	133
118	184
118	695
118	1013
118	1081
119	290
119	424
119	845
120	256
120	1013
121	239
121	1093
122	251
123	416
123	562
123	638
123	1071
123	1095
124	142
124	166
124	279
125	249
125	1254
126	594
126	941
127	332
127	541
127	995
128	446
128	662
128	852
128	1224
128	1283
129	411
129	599
129	1053
129	1072
129	1109
129	1267
130	914
130	937
130	991
130	1153
131	583
131	822
131	1101
131	1284
132	312
132	404
132	951
132	988
132	1012
132	1147
133	372
133	605
133	788
133	1054
133	1133
134	630
134	743
135	344
135	497
135	509
135	730
136	770
136	1006
137	260
137	427
137	666
138	477
138	787
138	862
138	942
138	958
138	1069
139	945
139	1139
139	1147
140	668
140	750
140	841
140	1131
140	1176
141	460
141	831
141	1146
141	1236
142	231
142	598
142	1031
143	205
143	490
143	701
143	1220
144	423
144	538
144	549
144	702
145	292
145	363
145	372
145	704
145	1093
145	1234
146	271
146	723
146	788
147	276
147	531
147	596
147	795
148	369
148	398
148	649
148	1246
149	419
149	799
149	943
150	358
150	457
151	480
151	684
151	711
151	1113
152	727
152	805
152	983
152	986
152	1018
153	260
153	676
153	988
154	795
155	700
155	722
155	885
155	1131
156	273
156	493
156	512
156	593
156	1151
157	172
157	885
157	987
157	1205
157	1235
158	451
158	463
158	548
158	613
158	662
158	762
158	1062
159	408
159	685
159	999
160	452
160	781
161	400
161	410
161	517
161	664
161	877
161	1076
162	573
163	1267
164	174
164	264
164	688
164	730
164	1113
164	1229
165	436
165	1047
166	172
166	349
166	675
166	898
166	1163
167	193
167	290
167	336
168	377
168	653
168	657
168	899
168	1023
168	1049
168	1101
169	251
169	346
169	518
169	533
169	715
169	724
170	331
170	477
170	525
170	1234
170	1264
171	173
171	640
171	1098
172	820
173	310
173	558
173	623
173	734
173	906
173	1090
173	1119
174	832
174	884
174	997
174	1153
175	375
175	424
175	885
175	897
175	1167
175	1214
176	223
177	1257
178	570
178	674
178	836
179	1130
180	540
181	263
181	373
181	611
181	639
181	819
181	1200
182	1038
182	1134
183	298
183	586
183	621
183	939
184	364
184	572
184	771
184	962
184	1057
185	236
185	241
185	659
185	881
186	281
186	845
187	271
187	534
187	574
187	828
187	912
188	343
188	613
188	680
188	1147
189	648
189	765
190	1278
191	539
191	757
191	1280
192	504
192	789
192	833
192	881
192	1179
192	1288
193	350
193	398
193	574
193	944
193	1292
194	636
194	681
194	724
194	968
195	370
195	429
195	1137
196	458
197	518
197	1197
198	215
198	313
198	749
198	1027
198	1249
198	1296
199	928
199	1219
200	264
200	295
200	335
200	799
200	951
200	1256
201	216
201	220
201	620
201	814
201	846
201	1162
202	642
203	367
203	850
203	1004
204	267
204	635
204	992
205	255
205	351
205	751
205	904
206	953
206	1010
206	1235
206	1247
207	217
207	855
208	482
208	563
208	775
208	979
209	661
209	974
209	1142
210	412
210	803
210	990
211	406
211	803
212	924
212	1196
213	492
213	607
213	1131
213	1229
213	1290
214	720
215	313
215	414
215	721
215	858
216	447
216	613
216	845
216	1107
218	621
218	880
218	1011
218	1140
219	1204
221	687
221	929
221	938
222	667
222	900
223	590
223	787
223	820
224	459
224	731
224	791
224	825
224	932
225	411
226	470
226	1173
227	435
227	825
228	346
228	690
228	1217
228	1248
229	723
229	831
229	928
229	946
229	966
229	1193
230	642
230	782
230	1086
231	858
231	931
231	993
232	400
232	511
232	692
232	993
232	1004
232	1251
233	938
234	295
234	514
235	261
235	405
235	622
235	739
235	827
235	861
235	1007
236	297
236	1154
237	468
237	1296
238	428
238	768
238	1076
239	706
239	1247
240	528
241	1180
242	812
242	817
242	1113
242	1174
242	1288
243	543
243	680
243	845
244	413
244	488
244	547
244	925
245	1132
246	417
246	805
246	807
246	1031
246	1100
246	1195
247	431
247	540
247	557
248	517
248	551
248	596
248	1103
248	1259
249	804
249	897
249	1064
250	806
250	903
250	1032
250	1055
251	373
251	716
251	1230
252	725
253	1103
254	264
254	289
254	363
254	421
254	649
254	674
254	1237
255	489
255	792
255	848
255	971
256	1126
256	1143
258	637
259	794
259	959
259	1062
260	799
261	632
261	722
261	924
261	1014
262	722
262	888
262	1072
262	1217
263	488
263	597
263	636
263	667
263	677
263	1160
264	289
264	344
264	669
265	418
265	932
266	481
266	741
266	759
266	1082
266	1113
266	1164
266	1273
267	632
267	704
267	740
267	815
267	817
268	340
268	783
268	816
268	887
268	1265
269	453
269	858
269	1205
269	1277
270	728
271	528
271	581
271	1081
271	1092
272	691
273	747
273	1006
274	448
274	649
274	921
275	761
275	785
276	368
276	607
276	620
276	833
276	1199
277	597
278	390
278	768
278	1052
279	647
279	874
279	974
279	1005
280	544
280	693
280	821
280	837
280	1204
281	329
281	822
281	837
281	990
281	1048
282	1027
282	1282
283	564
284	608
284	1274
284	1276
285	666
285	974
286	425
286	606
286	1290
286	1296
287	1010
288	448
288	492
288	778
288	1212
289	376
289	629
289	708
289	814
289	822
289	934
289	1275
290	400
290	924
290	1043
290	1123
291	443
291	462
291	698
292	655
292	699
293	452
293	837
294	520
294	578
294	647
294	809
294	820
294	1293
295	760
295	1080
296	442
296	659
296	1214
297	319
297	491
297	538
297	569
297	808
297	1052
297	1203
298	1251
299	781
300	522
300	691
300	726
300	1270
301	303
301	470
301	568
301	598
301	1182
301	1231
302	896
302	1215
303	391
303	661
304	336
304	554
304	1181
304	1201
305	592
306	386
306	1292
307	549
307	567
307	956
308	402
308	799
308	800
308	1096
309	554
309	598
309	684
309	695
309	970
309	1265
310	548
310	1041
310	1178
310	1259
311	768
311	928
312	511
312	1133
312	1282
313	354
313	1219
314	667
314	747
314	933
314	1242
315	757
315	857
315	927
318	489
318	501
318	834
318	843
319	442
319	808
319	846
319	894
319	1141
319	1154
320	1247
321	756
321	1181
322	418
322	432
322	631
322	1011
323	504
323	856
324	535
324	991
324	1233
325	637
325	713
325	817
326	653
326	928
326	1022
326	1121
326	1205
326	1213
327	868
327	891
327	1101
328	752
329	726
329	745
329	1128
329	1292
330	1036
330	1249
331	411
331	684
331	755
332	439
332	761
332	768
332	889
333	397
333	832
333	839
333	1066
334	383
334	656
334	790
334	800
335	681
335	809
336	790
336	967
337	893
337	1040
337	1046
338	573
338	750
338	766
338	792
338	940
338	964
338	1161
338	1287
339	736
339	1247
339	1261
340	761
340	1120
341	1180
342	748
342	1157
343	537
343	545
343	706
343	956
343	1289
344	735
344	987
345	1268
346	496
346	592
347	645
348	873
348	1144
348	1159
349	642
349	1062
350	410
350	933
350	948
350	1013
350	1216
351	700
351	1137
352	363
352	555
352	625
352	1163
352	1268
353	468
353	681
354	497
354	782
354	804
354	919
354	1175
354	1251
355	695
355	975
355	1141
355	1276
356	1252
357	506
357	710
357	1005
358	1283
359	500
359	932
359	1099
360	942
360	1035
361	554
361	1019
361	1241
362	915
362	943
362	1071
362	1093
362	1154
363	1296
365	542
365	1173
365	1198
366	398
366	1144
367	718
367	732
367	1176
368	1176
368	1222
369	942
370	426
371	431
371	622
371	877
372	568
372	649
373	522
373	604
374	556
374	630
375	859
375	1011
375	1290
375	1297
376	493
376	704
377	495
377	800
377	890
377	1144
377	1187
377	1247
378	592
378	1248
379	799
379	1152
380	453
380	516
380	576
380	634
380	881
380	1206
381	540
381	803
382	406
382	679
382	842
382	903
382	925
383	504
383	790
383	1016
383	1142
384	415
384	1041
384	1195
385	472
385	816
385	890
385	941
386	724
386	993
387	504
387	786
387	805
388	395
388	1268
389	419
389	836
390	492
390	750
390	876
391	1040
392	689
392	715
392	806
392	1019
393	616
393	901
393	973
394	820
394	1094
394	1162
395	891
395	1253
396	464
396	1045
396	1097
396	1235
397	563
397	891
397	982
397	1025
398	460
398	699
398	973
399	741
399	870
399	1115
399	1173
400	499
400	623
400	989
400	1190
402	589
402	1272
402	1283
403	437
403	466
403	590
403	799
404	449
405	449
405	714
405	734
405	964
407	453
407	715
407	1009
407	1178
408	723
409	560
409	894
410	557
410	619
410	689
410	769
410	1076
411	456
411	527
411	747
411	822
411	1012
411	1059
412	589
412	1184
413	507
413	510
413	592
414	1137
415	516
415	906
415	1203
416	450
416	583
416	1124
417	701
418	1169
418	1202
419	765
419	793
419	956
419	963
419	1154
420	987
421	597
421	626
422	969
422	976
422	1065
422	1182
423	585
423	1188
423	1279
424	804
425	709
425	837
425	1047
426	1240
427	868
427	1289
428	485
428	659
428	671
428	924
429	589
429	626
429	704
430	495
430	516
430	692
430	922
431	482
431	831
431	888
431	1269
432	520
432	676
432	750
432	908
432	984
432	1048
433	624
434	551
435	550
435	1119
435	1200
436	1133
437	687
437	810
437	1264
438	676
440	449
440	754
440	1001
441	527
441	818
441	858
441	1020
442	454
442	524
442	560
442	1237
443	503
443	508
443	795
443	932
443	1173
443	1298
444	997
444	1297
444	1299
445	619
445	670
445	771
445	837
445	1183
445	1201
445	1228
445	1287
446	873
446	1217
447	937
447	967
447	988
448	508
448	583
448	600
448	807
449	472
449	562
450	844
450	902
450	1254
452	579
452	702
452	974
453	865
453	912
453	922
454	485
454	874
454	1033
455	643
455	730
455	818
455	1167
455	1229
457	743
457	760
458	492
459	492
459	869
459	872
459	1073
459	1182
460	982
460	1290
460	1294
461	791
462	502
462	565
462	579
462	793
462	857
463	670
463	745
463	794
463	946
463	1087
463	1184
463	1252
463	1266
464	818
464	932
465	853
465	1235
466	1169
467	1096
467	1098
468	788
469	579
469	915
469	942
469	1212
471	728
471	819
471	909
472	544
472	592
472	1244
473	888
473	957
473	1161
474	518
474	648
474	813
474	1068
474	1239
475	837
475	948
476	530
476	708
476	1148
477	1285
478	667
479	510
479	665
479	729
479	1283
480	677
480	1194
480	1195
481	578
481	712
481	883
482	565
482	1068
483	625
483	717
483	957
483	1228
483	1262
484	624
485	572
485	825
485	1128
486	654
486	934
486	1069
487	1103
489	665
489	1026
489	1090
490	714
490	727
490	732
490	822
490	1192
491	492
491	724
491	743
491	763
491	1186
491	1265
492	1158
493	645
493	693
493	1028
493	1219
494	547
494	1113
494	1153
495	648
495	789
495	1093
496	509
496	733
496	992
496	1029
497	754
497	772
497	1008
497	1238
498	548
498	656
498	739
498	750
498	854
499	904
499	1048
499	1091
499	1278
500	866
500	1229
500	1275
501	551
501	632
501	993
501	1279
502	689
502	738
503	569
503	589
503	767
503	1072
504	802
505	823
505	1281
506	776
506	823
506	937
507	800
507	1292
508	860
508	868
508	1132
509	1070
510	700
510	794
510	936
510	1003
510	1057
510	1148
510	1149
512	812
512	900
512	1231
513	1002
513	1142
513	1225
514	572
514	1043
515	894
515	943
516	984
517	836
517	1021
517	1168
517	1205
518	572
519	581
519	758
519	779
519	1237
521	585
521	716
521	1169
522	633
522	676
522	843
522	854
522	1218
523	925
523	1206
524	571
524	646
524	769
524	1198
524	1249
525	565
525	600
525	962
526	863
527	987
528	1040
529	554
529	555
529	584
529	843
529	1017
530	853
530	930
530	1122
531	977
532	635
532	1018
532	1104
532	1170
533	917
534	768
534	985
534	989
534	1070
535	755
535	952
535	1236
536	1235
537	599
537	761
538	983
538	1121
539	570
539	1162
540	813
542	800
542	1282
543	751
543	818
543	875
543	1245
544	1125
545	913
546	827
546	887
546	1141
546	1207
547	795
547	1020
547	1179
548	591
548	647
549	753
550	767
550	1050
551	836
552	1043
552	1281
553	618
553	756
554	811
554	826
554	890
554	1030
555	635
555	964
556	897
557	807
557	969
557	1065
557	1286
558	616
558	857
558	891
559	1279
560	589
560	952
560	1063
561	641
561	898
561	927
561	1012
562	1004
562	1024
562	1153
563	934
563	985
563	998
563	1090
563	1159
564	597
564	751
564	1226
565	709
565	1093
566	1037
567	854
567	1121
567	1180
568	678
569	1183
570	912
570	953
571	962
571	975
571	1235
572	649
573	890
573	1077
573	1282
574	611
574	693
574	834
574	926
574	1040
574	1081
575	590
575	724
575	861
575	1157
576	757
576	1109
576	1234
577	759
577	802
577	1056
578	591
578	728
578	823
578	1073
579	636
579	1046
579	1123
579	1288
580	588
580	1197
581	907
581	921
581	1219
582	670
582	687
582	1008
583	1139
583	1180
584	994
585	711
585	855
585	989
586	607
586	703
586	1203
587	598
587	619
587	805
587	852
588	859
588	1044
589	938
589	1213
589	1218
590	684
590	899
590	1136
590	1228
590	1236
591	613
591	619
592	1209
593	745
593	865
593	868
593	961
593	1165
594	810
595	620
595	1049
595	1136
595	1207
596	652
596	661
596	1049
596	1104
597	860
598	888
598	1192
599	604
599	631
599	706
599	734
599	1006
599	1178
599	1197
600	649
600	668
600	722
600	777
601	1274
602	671
602	1006
603	1074
603	1207
603	1261
604	681
604	943
604	1267
605	639
605	792
605	794
606	666
606	676
606	966
606	1142
606	1169
606	1201
606	1296
607	736
607	831
607	1118
607	1285
608	803
608	962
609	724
609	967
610	717
610	991
610	1038
611	619
612	659
612	978
612	1271
613	1289
614	1238
614	1264
615	809
615	894
615	1021
616	781
616	807
617	658
617	812
617	1226
618	628
618	774
618	917
618	1139
619	644
619	754
619	1030
619	1141
620	903
620	917
620	1072
620	1102
620	1138
620	1255
621	644
621	895
622	995
623	705
623	1075
623	1237
624	682
624	738
624	1208
624	1245
625	1068
625	1267
626	680
626	871
627	1185
628	639
628	642
628	749
628	937
628	1281
629	799
629	868
629	963
631	801
631	1010
631	1249
632	1028
634	673
634	922
634	1100
636	824
636	880
636	1095
636	1178
639	952
639	1112
640	933
641	868
641	1059
641	1067
641	1173
642	1051
643	1005
644	1157
644	1217
644	1279
644	1288
645	922
645	958
645	1041
645	1278
646	1091
646	1183
647	894
647	899
649	959
649	1048
650	738
650	835
651	999
651	1266
651	1275
652	720
652	1141
652	1218
653	701
653	937
653	1018
653	1201
654	857
654	1284
655	685
655	847
656	1080
657	948
658	1053
659	1020
659	1099
659	1181
659	1213
660	757
661	698
661	701
661	1059
661	1063
661	1212
662	968
663	1069
663	1297
664	672
665	1289
666	722
666	843
666	1086
666	1198
667	830
667	918
667	1107
668	724
671	896
671	947
672	780
673	843
673	1130
674	922
674	956
675	731
677	1093
678	910
678	1201
678	1285
679	916
679	1061
679	1116
679	1216
680	733
680	779
681	945
681	1093
681	1230
681	1240
681	1299
682	740
682	965
682	979
682	1096
683	710
683	716
683	946
683	1001
683	1130
684	751
684	807
684	832
684	1217
685	1130
685	1280
686	775
687	760
688	851
688	970
688	1010
690	1170
691	1035
691	1171
692	1197
693	758
693	1004
693	1221
694	957
694	1061
694	1228
695	710
695	1174
696	835
696	942
697	1138
697	1209
698	1018
698	1216
698	1222
699	707
699	757
700	950
700	951
700	1254
701	778
701	867
701	1297
702	1012
702	1071
702	1099
703	1039
703	1227
704	797
704	928
704	1202
705	890
705	1190
708	779
709	776
709	823
709	1229
710	964
712	733
712	1202
712	1232
713	873
713	1166
714	931
715	826
715	890
716	1118
717	822
717	1141
717	1292
718	1088
719	854
719	892
721	988
721	1215
722	844
722	1255
723	726
723	1240
725	1162
727	760
727	803
727	936
727	1096
727	1109
728	746
729	1093
730	1222
730	1241
731	735
731	1006
731	1179
732	1024
732	1173
733	879
733	921
733	1023
734	1080
734	1112
734	1197
735	807
735	1141
735	1148
735	1249
736	769
736	1159
737	796
738	770
738	903
738	1191
738	1215
739	1013
739	1082
739	1160
739	1237
740	976
740	991
741	895
742	771
743	1091
744	768
744	1150
745	804
745	866
746	829
746	836
746	914
746	1252
747	760
747	872
747	1261
748	980
749	768
749	1008
750	1106
750	1167
751	1139
751	1221
752	762
752	965
754	919
754	1275
755	864
755	1085
755	1227
756	934
756	1248
758	823
758	973
760	1135
760	1259
761	1264
763	1156
764	813
765	777
765	1204
766	1020
766	1035
767	1011
768	818
768	1171
770	1000
771	786
771	1065
772	877
772	1067
773	854
776	814
776	848
776	979
777	1030
777	1190
778	919
778	951
778	1214
779	793
779	1041
779	1157
780	1188
781	961
782	848
782	1047
782	1070
782	1221
783	821
784	859
784	872
784	916
784	1115
785	921
785	950
786	1047
788	910
788	1296
789	964
789	1107
790	1190
791	802
791	907
792	839
792	1225
792	1293
794	949
794	1227
794	1237
797	830
797	1264
798	934
800	841
800	1096
800	1276
801	819
801	846
801	1049
801	1235
801	1284
803	1112
805	830
806	1282
807	911
807	1061
807	1088
807	1251
810	876
811	1087
812	1227
813	885
813	905
815	1051
816	943
816	959
816	975
816	1087
816	1155
818	1217
819	1173
819	1271
821	873
821	891
821	958
821	980
821	993
822	1088
822	1247
824	857
825	883
825	948
825	955
825	1077
827	1025
828	890
829	1219
831	971
831	1026
831	1248
832	1093
832	1197
833	1053
834	1030
836	839
836	1056
836	1289
837	1120
838	1129
839	884
839	1064
840	882
842	899
844	1093
845	970
846	932
847	1248
848	941
848	1102
848	1118
849	956
851	1030
851	1178
851	1247
852	1279
853	965
853	1291
854	889
854	928
855	864
855	1122
855	1140
856	858
856	926
856	1150
857	1122
857	1293
858	972
858	1064
859	977
859	1119
860	910
860	1026
861	1126
861	1299
862	871
862	885
862	977
862	1193
864	1001
864	1038
864	1057
865	1281
867	1105
868	912
869	1114
870	1246
871	1199
872	1057
872	1168
873	1000
873	1109
873	1224
877	1153
878	985
879	1147
881	1008
881	1120
881	1177
881	1216
883	1054
883	1187
885	1213
886	1106
886	1127
888	1148
889	960
890	1045
892	961
892	1100
893	1266
894	1110
895	1007
897	1231
898	1146
902	922
902	951
902	1142
902	1160
903	975
903	1282
904	920
904	970
906	983
906	1298
908	947
908	963
908	1151
908	1195
910	1079
912	964
913	1020
916	948
916	1138
918	1241
919	1272
921	971
921	1018
921	1059
922	947
922	985
923	1174
924	995
924	1257
925	937
927	1119
927	1174
928	1040
929	1230
930	1046
931	1230
932	1029
934	1228
934	1287
935	1143
936	958
936	1034
936	1227
937	981
937	1089
939	1157
941	1084
941	1183
941	1270
942	1111
942	1223
942	1257
943	1107
943	1110
943	1162
946	1122
946	1207
946	1295
947	1229
947	1280
948	1090
948	1155
949	1215
949	1292
953	1042
953	1047
954	1098
955	1036
955	1097
956	1162
956	1188
957	984
958	1200
959	1155
959	1206
960	1038
960	1134
960	1207
961	1133
962	1132
963	1025
963	1298
964	1004
965	1121
965	1280
967	1145
969	1044
969	1245
970	998
972	1222
973	979
973	1011
973	1097
980	1029
980	1201
980	1275
983	1034
983	1217
984	1269
988	1095
988	1168
989	1283
990	999
991	1082
991	1109
991	1169
992	1055
992	1207
993	1252
994	999
996	1058
996	1153
996	1207
998	1008
1000	1183
1001	1032
1001	1296
1004	1248
1005	1036
1006	1218
1006	1271
1007	1062
1010	1031
1011	1116
1011	1278
1013	1171
1014	1106
1015	1021
1015	1197
1016	1226
1016	1241
1017	1034
1017	1171
1018	1037
1018	1079
1018	1230
1020	1049
1021	1135
1021	1180
1023	1040
1024	1258
1026	1283
1027	1172
1028	1161
1029	1230
1029	1280
1030	1062
1030	1171
1030	1226
1036	1096
1038	1056
1038	1105
1038	1267
1039	1121
1039	1281
1040	1155
1041	1264
1044	1198
1044	1216
1045	1048
1045	1280
1046	1149
1048	1051
1049	1138
1051	1140
1052	1089
1054	1058
1056	1091
1056	1159
1057	1250
1058	1244
1059	1152
1060	1208
1060	1237
1062	1273
1063	1172
1063	1246
1064	1103
1064	1122
1064	1230
1069	1168
1069	1229
1072	1095
1072	1158
1072	1227
1073	1112
1075	1234
1076	1109
1076	1208
1078	1223
1078	1225
1078	1228
1078	1237
1079	1102
1079	1145
1079	1201
1081	1156
1088	1164
1089	1266
1091	1100
1092	1109
1092	1259
1092	1281
1093	1104
1093	1233
1095	1296
1096	1189
1097	1117
1100	1151
1100	1189
1100	1221
1102	1223
1104	1228
1106	1166
1106	1243
1107	1213
1111	1138
1112	1200
1114	1295
1115	1133
1115	1246
1116	1166
1118	1173
1122	1210
1125	1133
1125	1299
1128	1160
1128	1170
1128	1234
1132	1235
1133	1227
1136	1146
1139	1287
1140	1280
1144	1227
1146	1236
1146	1286
1148	1281
1149	1180
1149	1212
1150	1205
1151	1169
1152	1153
1152	1206
1153	1176
1153	1223
1155	1223
1158	1251
1160	1265
1162	1278
1163	1168
1163	1216
1167	1265
1170	1252
1173	1249
1174	1201
1174	1231
1175	1213
1177	1285
1178	1274
1182	1263
1183	1193
1183	1202
1183	1209
1189	1204
1200	1218
1204	1226
1204	1284
1211	1226
1211	1269
1212	1284
1212	1293
1216	1217
1223	1298
1224	1270
1249	1288
1255	1292
1262	1263
1267	1287