0	48
0	433
0	551
0	1163
1	552
1	987
2	955
2	1191
3	57
3	213
3	346
3	476
3	705
3	735
3	853
3	1254
4	91
4	99
4	389
4	972
4	1042
4	1097
5	200
5	506
6	504
6	598
6	984
7	369
7	518
7	563
7	622
7	708
8	525
8	713
8	923
9	133
9	774
9	971
9	1133
9	1136
10	89
10	164
10	309
10	360
10	414
10	446
10	999
10	1020
11	197
11	303
11	939
11	1069
12	121
12	923
13	78
13	462
13	871
14	16
14	524
14	579
14	941
14	986
14	1159
14	1192
15	87
15	1034
16	706
16	728
17	282
17	329
17	523
17	962
17	1201
17	1259
18	389
18	583
18	1257
19	73
19	223
19	652
19	992
19	1184
20	43
20	372
20	912
20	927
20	1071
21	196
21	358
21	857
21	947
21	1017
22	642
23	48
23	620
23	748
23	1065
23	1227
24	102
24	163
24	590
24	1258
25	404
25	543
25	603
25	699
25	963
26	329
26	723
26	823
26	1024
26	1144
26	1296
27	248
27	311
27	454
27	662
28	49
28	864
28	878
28	923
28	1034
28	1107
28	1205
28	1268
29	208
29	327
29	962
30	157
30	738
30	824
31	73
31	353
31	498
31	745
32	319
32	372
32	551
33	225
33	702
33	848
33	919
33	1297
34	715
35	84
35	609
35	942
36	394
36	931
37	289
37	386
37	440
37	569
37	600
37	795
37	1275
38	78
38	948
38	1264
39	125
39	470
39	815
39	1106
40	418
40	919
40	1225
41	322
41	323
42	220
42	244
42	485
43	298
43	902
43	1175
44	104
44	266
44	587
44	980
45	418
45	554
45	1124
46	230
46	867
46	877
46	1006
46	1128
47	1121
48	105
48	191
48	369
48	665
48	829
48	1217
48	1240
49	275
49	416
49	817
49	1111
50	291
51	128
51	462
51	466
51	564
51	923
52	60
52	95
52	96
52	655
52	1018
52	1148
52	1214
53	279
53	707
53	1054
53	1257
54	215
54	840
54	953
54	1129
54	1140
55	1154
56	65
56	91
56	257
56	361
56	636
56	717
56	793
56	937
56	1113
57	354
57	579
57	873
57	1016
57	1064
58	83
58	590
59	411
60	189
60	485
60	621
61	110
61	353
61	387
61	1018
62	278
62	408
62	427
62	1064
63	790
64	233
64	448
64	723
65	263
65	776
65	1297
66	92
66	582
66	1199
67	165
67	835
68	108
68	193
68	438
68	489
68	541
68	606
68	790
69	367
69	479
69	518
69	667
69	756
69	812
69	1109
69	1284
70	391
70	612
70	675
70	698
70	758
70	1089
71	113
71	172
71	195
71	983
72	308
72	346
72	492
72	762
72	1085
72	1259
72	1296
74	123
74	353
74	998
75	228
75	296
75	669
75	763
75	886
76	189
76	275
76	557
76	702
76	1140
76	1147
77	113
77	118
77	156
77	248
77	620
77	972
77	993
77	1117
78	164
78	171
78	194
78	262
78	527
78	1029
78	1227
79	248
79	643
79	1032
79	1209
80	252
80	884
80	1298
81	99
81	153
81	803
81	1048
81	1183
82	498
82	560
82	847
82	1231
82	1298
83	84
83	120
83	586
83	609
83	649
84	106
84	819
84	1112
84	1187
85	86
85	204
85	226
85	585
85	758
85	884
85	885
85	1298
86	126
86	313
86	637
86	679
87	91
87	99
87	196
87	928
88	260
88	1226
89	441
89	1106
90	107
90	732
90	855
90	1115
90	1270
91	93
91	239
91	487
91	531
91	600
91	1111
92	863
93	448
93	697
93	801
93	1055
93	1114
94	526
94	565
94	1156
94	1167
95	491
95	513
95	668
95	704
95	705
96	253
96	310
96	841
96	1171
96	1255
97	779
98	252
98	1282
99	346
99	371
99	488
99	500
100	140
100	741
100	1188
101	349
101	455
101	1191
102	303
102	834
102	1060
103	215
103	483
103	579
103	825
103	1018
103	1208
104	402
104	464
105	234
105	718
105	905
105	1054
106	577
106	713
106	783
106	800
107	343
107	395
107	558
107	952
107	974
108	722
108	1292
109	1067
109	1282
109	1293
110	130
110	534
110	1038
110	1145
110	1176
111	269
111	284
111	368
111	433
112	165
112	441
112	963
112	1251
113	416
113	599
113	1242
113	1296
114	156
114	443
115	259
115	503
115	1054
115	1157
116	1187
117	227
117	475
117	569
117	1292
118	366
118	385
118	973
119	1215
120	224
120	575
120	1268
121	710
121	716
121	749
121	972
122	476
122	538
123	257
123	327
123	956
124	1102
125	180
125	321
125	611
125	822
125	1070
126	234
126	626
126	1163
126	1164
126	1235
126	1243
127	531
127	588
127	855
127	1115
127	1158
128	812
128	820
128	937
128	998
128	1087
128	1253
129	136
129	237
129	291
129	813
129	880
130	282
130	379
130	770
130	977
130	1068
131	228
131	480
131	539
131	1291
132	162
132	190
132	1210
132	1292
133	290
133	436
133	701
133	958
134	867
134	968
135	940
135	1172
136	510
136	1030
136	1046
137	442
137	875
137	911
137	1193
137	1287
138	154
138	173
138	265
138	989
138	1149
138	1180
139	149
139	193
139	367
139	668
139	940
139	1279
140	158
140	240
140	405
140	542
140	1134
140	1249
141	217
141	361
141	931
141	1039
141	1176
142	270
143	192
143	1172
144	495
144	691
144	703
144	735
144	1202
145	209
145	306
145	915
145	1116
146	216
147	472
148	222
148	443
148	885
148	1099
149	163
149	219
149	1040
150	167
150	408
150	698
150	702
151	248
151	335
151	607
151	708
151	894
151	965
151	1028
151	1249
152	570
152	631
152	818
152	856
152	957
152	964
153	328
153	409
153	628
153	1237
154	215
154	846
154	871
154	971
154	1029
155	217
155	843
155	924
156	388
156	425
156	455
156	523
156	989
156	1104
157	313
157	644
157	899
158	983
158	1047
158	1205
159	229
159	432
159	536
159	1293
160	211
160	243
160	520
160	692
160	808
160	851
160	908
161	293
161	521
161	811
162	936
162	1211
163	778
163	896
163	1188
164	264
164	784
164	1258
165	169
165	187
165	296
165	378
165	435
165	1281
165	1291
166	867
166	967
166	970
166	1185
166	1188
167	435
167	476
167	562
167	789
167	866
168	175
168	347
168	999
169	367
169	430
169	875
169	1248
170	264
170	322
170	703
170	1048
171	828
171	1024
171	1056
171	1257
172	179
172	446
172	592
172	842
173	448
173	575
173	835
173	1117
174	307
174	437
174	746
174	847
174	1072
175	244
175	839
175	1032
175	1270
176	312
176	400
176	494
176	561
176	1047
176	1099
176	1180
176	1234
177	493
178	194
178	403
178	497
178	642
179	236
179	418
179	680
179	799
179	986
179	1276
180	809
180	910
181	694
181	1016
181	1055
182	664
182	1274
183	281
183	496
183	680
183	804
184	371
184	609
184	735
185	187
185	1002
185	1293
186	662
187	329
187	376
187	509
187	538
187	859
188	743
189	509
189	821
190	263
190	333
190	545
190	672
190	1058
191	1192
192	471
192	1067
192	1160
193	386
193	863
193	1159
194	245
194	424
194	829
194	1254
195	220
195	282
195	405
195	942
195	999
195	1039
196	245
196	1150
197	268
197	1175
198	954
198	1097
198	1148
198	1290
199	413
199	782
199	1053
199	1155
199	1164
200	349
200	424
200	522
201	647
201	999
202	393
202	412
202	422
202	777
202	947
202	1010
203	217
203	346
203	906
204	273
204	404
204	1073
204	1107
204	1146
204	1248
205	463
205	828
205	1060
205	1105
205	1139
206	672
206	998
207	279
207	801
207	1003
207	1221
208	226
208	678
208	718
208	803
209	383
209	710
209	893
209	1028
210	374
210	482
210	577
210	794
210	795
210	798
210	1059
210	1151
211	342
211	540
211	1179
212	829
212	908
212	1057
212	1143
213	906
213	990
214	288
214	316
214	433
214	681
214	811
215	336
215	538
215	560
215	960
215	1034
216	261
216	308
216	421
216	684
216	1215
217	226
217	386
217	556
218	285
218	400
218	719
218	782
218	1211
219	285
219	419
219	592
219	927
219	1150
219	1277
220	422
220	630
220	753
220	1192
221	364
221	882
221	883
221	1238
222	525
222	744
223	301
223	1112
224	296
224	323
224	1008
224	1134
225	1017
225	1167
225	1258
227	347
227	932
227	1012
228	750
228	1161
229	779
229	881
229	1057
230	732
231	773
231	802
231	832
231	1031
231	1103
231	1106
231	1131
232	336
232	562
233	1177
234	382
234	703
234	804
235	328
235	447
235	749
235	788
235	1143
236	315
236	457
236	808
237	377
237	484
237	558
237	941
238	434
238	1162
239	501
239	821
239	878
240	381
240	409
240	470
240	663
240	1082
240	1103
240	1185
240	1239
241	583
241	931
241	1080
241	1156
241	1274
242	877
242	956
243	796
244	245
244	1094
245	872
246	456
246	928
247	445
247	823
247	1128
247	1216
247	1244
248	611
248	800
249	281
249	354
249	655
250	409
250	419
250	1161
250	1274
251	324
251	352
251	755
251	990
251	1121
252	318
252	484
252	766
252	795
252	1075
253	890
254	282
254	403
254	771
254	1277
255	508
255	967
255	1047
255	1222
256	812
256	1052
257	845
257	932
258	289
258	389
258	640
258	882
259	527
260	454
260	484
260	563
260	1139
260	1216
261	846
262	323
262	422
262	571
263	358
263	1078
264	410
264	441
264	474
264	555
264	762
264	973
264	1156
265	327
265	1081
265	1230
266	278
266	789
266	850
266	944
267	926
268	406
268	437
268	480
268	677
268	910
268	993
268	997
269	421
269	1079
270	461
270	720
270	1169
271	408
271	675
272	540
272	1013
273	296
274	456
274	765
274	845
274	982
274	1112
274	1256
275	902
276	458
276	572
276	718
276	1226
276	1289
277	1066
278	396
278	1013
278	1139
278	1196
278	1197
279	364
280	911
280	1131
281	357
281	796
281	1066
282	479
283	482
283	1191
284	1024
285	329
285	519
285	699
285	1011
286	440
286	1114
287	613
287	638
288	313
288	768
288	817
288	883
288	934
288	967
289	293
289	667
289	991
289	1205
290	872
290	898
290	1149
291	353
292	729
293	838
294	1101
295	432
295	575
295	1108
296	369
296	487
296	952
297	464
297	690
297	1096
298	797
298	945
299	778
299	888
300	710
300	864
300	1188
301	531
301	668
301	908
301	1073
301	1269
302	1254
303	762
303	776
303	780
303	1013
304	371
304	484
304	891
304	966
305	694
305	786
306	793
306	1035
307	496
307	753
307	765
307	1131
308	356
308	372
308	525
308	1259
309	567
309	702
309	755
310	375
310	601
310	797
311	476
311	878
311	1144
312	440
312	850
313	1242
314	398
314	1006
314	1270
315	392
315	700
316	676
316	711
316	757
316	817
316	1224
317	431
317	841
317	931
317	980
317	985
317	1135
318	992
318	1233
319	910
319	1098
320	394
320	651
320	1038
320	1128
320	1243
321	1169
322	414
322	1019
323	823
324	1200
325	836
325	922
325	1122
326	559
326	645
326	1080
326	1191
327	424
327	907
328	356
328	550
328	697
328	946
328	1254
329	585
330	918
331	401
331	531
332	353
332	553
332	1211
333	368
333	848
333	914
333	1075
333	1221
334	708
335	637
335	928
335	1018
335	1163
336	727
337	473
337	889
337	1106
338	444
338	501
338	1110
339	541
339	976
339	1201
340	478
340	1026
340	1263
340	1271
341	682
341	953
341	1035
341	1231
343	873
343	941
343	993
344	1183
345	411
345	675
345	861
346	711
346	844
346	1124
346	1277
346	1293
347	789
347	853
347	1003
347	1068
348	843
349	717
349	785
349	875
349	1209
349	1267
350	396
350	601
350	612
350	1041
351	536
351	744
352	358
352	450
352	669
352	801
352	828
352	1188
352	1198
352	1227
352	1243
353	469
353	832
353	853
353	1082
354	678
354	906
354	1197
355	843
355	1124
356	659
356	735
357	666
357	897
357	1172
358	367
358	616
358	895
358	1047
358	1182
359	376
359	387
359	430
359	564
359	805
359	845
359	1076
359	1213
359	1229
360	495
360	683
360	1173
361	621
361	695
361	1055
362	503
362	1261
363	517
364	943
364	1006
365	806
365	827
365	855
365	948
366	761
366	1042
366	1299
367	739
367	1054
368	761
368	863
369	435
369	588
369	656
369	1115
370	880
370	919
370	1108
370	1265
372	690
372	698
372	926
372	931
372	1068
373	471
374	766
374	999
374	1176
375	846
375	1253
375	1272
376	397
376	749
376	1014
377	995
377	1183
378	921
378	931
378	1017
378	1021
379	520
379	680
379	910
380	1209
381	593
381	1130
381	1214
381	1249
381	1251
382	569
382	581
382	885
382	1133
383	455
383	558
383	1137
383	1162
384	454
384	1113
384	1119
384	1192
385	1130
386	409
386	410
386	412
386	728
386	878
387	427
387	1137
387	1158
388	971
388	1150
389	445
389	554
389	665
390	460
390	522
390	721
390	767
390	860
390	1001
390	1018
390	1027
391	729
391	1016
392	773
392	1029
392	1075
393	410
393	494
393	980
393	1006
393	1075
394	842
394	1153
395	545
395	770
395	861
395	1066
395	1068
395	1176
396	609
396	1099
396	1121
398	454
398	1037
399	850
400	686
400	809
400	879
400	966
401	402
401	465
401	556
401	604
401	886
401	1037
401	1190
402	472
402	603
402	825
402	862
402	1169
403	434
403	1126
403	1290
404	464
404	611
405	1050
406	1046
407	483
407	560
407	766
407	955
408	519
408	1263
409	690
409	892
409	1109
409	1169
409	1194
409	1221
410	555
410	659
410	759
410	780
411	630
411	912
412	783
412	1178
413	927
413	1258
413	1272
414	1115
414	1202
415	593
415	624
415	691
415	955
416	807
416	1194
416	1274
417	692
417	784
418	1270
419	460
419	1039
420	722
420	1154
420	1180
421	552
421	928
421	956
422	635
422	711
422	793
423	736
423	805
423	1068
423	1075
424	479
424	489
424	785
424	965
425	568
426	582
426	1025
427	445
427	771
427	881
427	1174
428	463
428	812
428	1062
429	633
429	862
429	959
430	706
430	1005
430	1226
431	433
431	630
431	663
431	685
431	752
431	1020
431	1158
432	1103
433	996
433	1036
434	443
434	498
434	530
434	988
434	1185
435	859
435	894
435	1219
436	553
436	834
437	516
437	1292
438	763
438	1286
439	906
440	455
440	646
440	690
440	694
440	954
440	1197
440	1288
441	856
441	1205
442	727
442	764
442	1027
442	1041
443	643
443	767
443	931
443	932
443	1109
443	1127
444	470
444	944
444	1080
445	983
446	674
446	841
446	864
447	563
447	1013
447	1247
448	604
448	862
448	1078
449	743
449	792
449	822
449	1071
450	491
450	656
450	1069
451	588
451	596
451	673
451	682
451	809
452	987
452	1281
453	805
453	819
453	858
453	994
453	1064
454	599
454	711
454	713
454	931
454	1175
454	1196
455	1115
455	1204
456	565
457	792
457	799
457	809
457	853
457	1200
459	836
459	1059
460	530
460	800
460	820
460	1134
461	714
461	1182
462	645
462	1004
462	1013
462	1096
463	693
463	862
463	944
463	997
464	527
464	649
464	1053
464	1126
465	470
465	536
466	1043
466	1133
467	490
467	1012
467	1166
468	707
468	713
468	782
468	1278
469	800
469	1134
470	813
470	1151
471	819
471	931
471	1023
471	1111
472	658
472	1293
473	569
473	674
473	697
473	813
473	874
473	1017
473	1049
473	1145
473	1171
473	1203
474	633
474	953
475	926
475	1223
477	504
477	894
477	897
478	807
478	900
478	1128
478	1232
479	742
479	760
479	765
479	913
479	1092
480	535
480	582
481	559
481	772
482	542
482	905
482	1077
482	1293
483	542
483	594
483	896
483	964
483	1046
484	607
485	629
485	653
485	761
485	1254
485	1286
486	507
486	667
487	551
487	598
487	652
488	1139
489	588
489	918
489	935
489	1019
489	1230
490	658
490	991
490	1177
491	614
492	710
492	972
492	1019
492	1055
492	1180
493	704
493	1210
494	543
494	558
494	707
495	821
495	891
495	1117
496	883
496	1085
497	749
498	683
498	1135
498	1166
499	857
501	613
501	888
501	1199
501	1207
502	526
502	650
502	893
503	596
503	869
503	1056
503	1088
504	528
504	694
504	996
504	1118
505	578
505	763
505	1054
506	836
507	624
507	736
508	575
508	617
508	889
508	1099
509	870
509	952
510	1270
511	1001
512	607
512	609
512	937
512	1006
512	1169
513	916
513	939
514	1106
514	1150
514	1236
515	1131
516	558
516	580
516	756
517	640
517	909
517	1037
517	1266
518	589
518	646
518	896
519	526
520	769
520	924
521	559
521	737
521	1205
522	640
522	887
522	1163
523	584
523	708
523	1095
523	1255
524	556
525	775
525	799
525	1193
526	1125
526	1152
526	1228
526	1271
527	1281
528	560
528	562
529	564
529	820
529	1036
530	578
530	1003
530	1030
530	1039
530	1079
531	800
531	921
531	1274
532	589
533	1118
533	1132
534	581
534	926
534	989
535	767
535	1276
536	843
536	1107
536	1132
536	1204
537	1047
539	753
540	584
540	796
542	1033
542	1062
542	1194
543	551
543	790
543	1110
543	1284
544	549
544	557
544	994
545	776
545	912
545	1219
546	1033
546	1222
546	1294
547	651
547	696
547	1089
547	1192
548	609
548	1158
548	1270
549	848
549	870
549	1007
551	820
551	925
552	994
552	1052
552	1131
552	1180
552	1208
553	557
553	808
553	1031
554	1006
554	1214
554	1248
555	599
555	768
555	860
555	1118
555	1153
556	783
556	870
557	686
557	1032
557	1069
558	579
558	1179
559	663
559	880
559	1250
560	982
560	992
560	1035
561	590
561	697
561	994
561	1101
562	1057
562	1167
563	627
563	825
563	831
564	727
564	966
564	1017
564	1115
565	799
565	966
566	1026
566	1059
567	586
567	1132
568	767
568	773
569	1083
569	1111
569	1206
571	1000
571	1206
572	589
572	981
572	1024
573	687
573	838
573	960
573	1162
573	1189
573	1222
573	1223
574	976
574	990
574	1039
574	1062
574	1072
574	1142
574	1189
575	783
575	1005
575	1219
576	736
577	1073
578	728
578	859
578	876
578	1038
578	1202
579	735
579	737
579	804
580	695
580	698
580	988
581	853
582	1126
584	775
584	881
584	1273
585	824
586	794
586	1058
586	1153
587	622
587	736
588	795
588	1052
588	1066
588	1127
589	767
589	837
589	913
590	622
591	733
591	1154
591	1225
592	784
592	953
592	1169
594	1002
594	1243
595	1008
596	1096
596	1226
597	769
597	1017
597	1044
597	1163
598	773
598	882
598	1202
598	1265
599	638
599	788
599	892
599	1101
599	1271
600	667
601	666
601	939
602	1087
602	1172
603	740
603	771
603	786
603	958
603	1121
604	629
604	872
604	913
604	1273
605	779
605	907
605	921
606	661
606	940
606	984
607	824
607	883
607	969
608	647
608	914
608	945
608	1192
608	1222
609	639
609	976
610	1104
611	668
611	1281
612	798
613	874
613	1064
614	637
614	929
614	1049
615	989
615	1043
615	1089
615	1225
616	1154
617	666
617	883
617	1230
617	1252
618	856
618	1060
618	1098
619	640
619	871
619	1093
620	1068
620	1201
621	886
622	879
622	949
622	1016
622	1036
623	669
623	969
623	1298
625	787
625	1263
627	681
627	760
627	912
627	1027
628	962
628	1029
629	845
630	726
631	1061
631	1074
631	1105
631	1212
632	693
632	1155
633	830
633	876
633	909
633	967
633	1034
633	1060
633	1073
633	1161
633	1166
634	1026
634	1170
635	643
635	728
635	786
635	1196
637	884
637	990
637	1160
637	1249
638	938
639	1048
640	660
641	664
641	701
641	732
641	851
641	1062
641	1065
641	1254
642	645
642	900
642	1133
645	868
645	1005
646	1299
647	1057
648	834
649	1093
649	1160
650	660
650	866
651	1039
652	750
652	1240
653	712
653	747
653	850
654	978
654	1181
654	1225
654	1240
655	769
655	863
656	804
656	1109
657	1054
657	1086
657	1197
658	707
658	763
658	774
659	780
659	1006
659	1297
660	691
660	863
660	1115
661	686
661	700
661	808
661	823
661	950
663	747
663	837
663	912
663	1257
664	881
664	916
664	973
665	829
666	870
667	972
668	685
668	709
669	939
669	1217
670	877
671	722
672	849
672	1129
672	1220
673	867
673	900
673	1010
676	885
676	1158
677	781
677	936
677	1205
678	873
678	1287
679	917
679	1211
679	1290
680	1120
681	929
681	956
681	1145
681	1156
681	1241
682	852
682	1223
683	691
683	971
683	1288
684	987
684	1255
685	801
685	955
685	1028
686	1257
688	728
688	906
688	1162
689	987
690	1046
690	1143
691	792
691	1188
692	694
693	980
694	714
694	802
695	931
695	1099
695	1115
695	1240
695	1268
696	719
696	758
697	860
697	1173
698	1083
699	1151
700	704
700	773
700	907
701	707
702	903
702	961
702	999
703	964
703	1012
703	1222
704	887
705	816
705	884
705	1033
706	794
706	929
707	1180
707	1233
708	920
709	1213
710	954
712	928
712	1009
712	1169
712	1253
713	1122
714	742
714	832
714	905
714	1068
714	1229
715	817
716	972
716	1109
717	1072
719	750
720	1189
722	1243
724	1153
725	1058
725	1182
726	1055
726	1115
727	786
727	846
727	1021
727	1290
728	861
729	948
729	1049
729	1146
729	1192
730	1286
731	856
731	1129
731	1201
732	792
732	1069
733	846
733	1161
734	810
734	916
734	1065
735	1013
735	1029
737	946
739	1117
739	1130
741	820
741	930
743	775
743	1232
744	927
744	949
746	1157
746	1194
747	921
747	1068
748	781
748	1027
748	1173
748	1250
751	792
751	854
751	933
751	953
751	1044
751	1171
752	785
752	1084
752	1229
753	925
754	1044
754	1081
755	1160
755	1258
756	915
756	1047
756	1092
756	1206
756	1238
757	877
757	1044
758	825
758	959
759	760
759	833
759	849
759	872
759	1017
759	1135
759	1281
760	1162
760	1213
761	963
761	1133
761	1161
762	1052
762	1055
762	1091
762	1159
763	1117
764	1031
765	1047
765	1156
766	1085
766	1104
767	811
767	1070
767	1212
769	968
769	1040
769	1154
769	1247
770	972
771	866
771	1040
772	986
772	1045
772	1136
772	1268
773	894
773	1100
774	802
774	903
774	1115
774	1125
774	1191
775	892
775	1092
777	1016
777	1020
778	1033
779	783
779	845
779	962
779	1182
780	875
780	997
781	1063
781	1064
782	1009
783	1257
783	1266
783	1288
784	815
784	906
784	1038
785	1159
787	1139
788	957
788	1174
789	826
790	839
790	1203
791	1262
792	1212
794	829
794	911
794	1020
796	820
798	1134
798	1217
799	1105
799	1180
800	1120
800	1227
801	1092
801	1240
802	816
802	983
804	1098
804	1198
805	958
806	859
806	1200
808	828
808	1242
809	1080
811	852
811	925
814	871
814	1222
816	849
819	1025
819	1088
819	1152
819	1251
820	825
821	846
821	950
821	988
821	1238
821	1298
822	1040
822	1183
823	847
823	888
824	1004
824	1161
825	1128
825	1257
826	828
828	953
828	1264
829	1140
830	895
832	840
832	990
833	985
833	991
834	1079
836	1259
837	1288
837	1294
838	949
839	844
839	1073
839	1198
840	1108
841	1021
841	1204
842	1282
843	1147
843	1235
847	939
850	894
850	1046
850	1237
851	899
852	1130
852	1295
853	876
853	888
853	1134
853	1203
854	932
854	1031
854	1223
856	869
856	894
856	1232
857	878
858	1142
859	999
859	1029
860	924
860	1233
865	887
865	1019
865	1152
866	1015
866	1054
868	999
868	1098
869	1080
870	959
870	1268
871	1074
871	1094
872	897
872	899
874	1016
875	1112
877	1077
878	880
878	940
880	1006
880	1150
880	1170
880	1233
881	1082
882	884
883	966
883	1112
883	1189
885	1249
886	893
886	897
886	998
887	1185
888	902
888	973
888	1017
888	1148
888	1290
890	967
890	1065
890	1090
891	921
892	1044
893	1019
893	1141
893	1150
894	999
895	1005
896	1247
896	1297
897	1123
898	981
898	1272
899	953
900	927
901	1139
902	1162
902	1266
904	1085
904	1090
905	982
906	1153
906	1284
907	1089
907	1107
909	959
909	1084
910	929
915	1016
915	1044
915	1218
915	1284
916	1154
917	1231
919	1096
919	1258
921	969
921	971
921	1198
923	1203
924	1108
924	1157
925	943
925	973
926	1144
927	1092
928	1078
928	1113
929	940
929	1106
930	992
930	1229
931	1047
931	1201
931	1208
933	952
933	1199
934	1157
934	1164
935	1188
936	1097
936	1147
937	1041
938	1239
939	941
939	1091
939	1278
941	1241
942	1090
943	1188
944	1106
944	1128
945	1095
946	1017
949	1106
951	1068
951	1289
952	975
953	1220
954	957
954	1177
955	1083
955	1085
955	1180
956	1175
957	1299
958	1039
958	1059
959	1009
959	1071
960	1055
960	1083
961	1291
962	1179
965	1131
965	1184
965	1210
966	1060
966	1173
966	1240
970	1019
970	1111
970	1256
970	1298
972	1229
972	1255
973	1123
973	1128
973	1129
973	1233
976	1264
978	1009
978	1069
978	1106
979	1038
980	1093
982	1084
984	1120
984	1194
984	1244
985	1232
985	1246
987	1278
990	1070
991	1084
991	1103
992	1033
994	1070
994	1208
997	1122
997	1162
998	1260
998	1272
1000	1054
1001	1135
1001	1283
1002	1234
1003	1004
1008	1035
1009	1151
1010	1164
1010	1223
1014	1165
1014	1261
1016	1225
1020	1253
1021	1274
1022	1073
1023	1285
1024	1131
1025	1170
1025	1280
1027	1092
1027	1286
1028	1288
1029	1103
1030	1040
1030	1228
1031	1045
1031	1168
1033	1095
1033	1219
1033	1258
1036	1069
1036	1111
1038	1073
1040	1105
1041	1085
1044	1274
1046	1103
1050	1155
1050	1207
1051	1091
1054	1153
1054	1240
1054	1246
1056	1238
1057	1275
1057	1279
1058	1118
1059	1144
1060	1205
1064	1106
1065	1284
1070	1204
1070	1270
1071	1166
1075	1138
1075	1286
1078	1264
1081	1249
1084	1117
1087	1272
1088	1245
1088	1295
1089	1211
1091	1231
1092	1287
1109	1171
1109	1276
1110	1247
1112	1293
1117	1243
1123	1145
1127	1258
1128	1252
1130	1205
1132	1213
1132	1221
1134	1240
1136	1287
1137	1277
1140	1220
1143	1271
1146	1246
1147	1214
1147	1272
1148	1195
1149	1207
1150	1212
1150	1241
1151	1231
1152	1192
1153	1193
1154	1291
1155	1253
1156	1295
1157	1297
1158	1200
1160	1290
1164	1232
1165	1178
1165	1285
1165	1287
1166	1205
1167	1186
1170	1251
1171	1273
1174	1246
1174	1285
1175	1276
1176	1179
1180	1229
1183	1210
1187	1216
1188	1259
1193	1278
1195	1284
1197	1211
1204	1213
1206	1278
1208	1220
1208	1278
1213	1298
1217	1252
1223	1227
1224	1284
1226	1289
1226	1295
1229	1244
1234	1244
1241	1245
1245	1290
1247	1266
1266	1295
1269	1283
1272	1282
1276	1297