0	115
0	448
0	651
0	802
0	812
0	908
0	1242
1	512
1	866
1	924
1	1260
2	176
2	235
2	358
2	887
3	292
3	487
3	555
3	773
3	815
3	995
3	1035
4	173
4	209
4	716
4	970
5	438
5	609
5	694
5	896
5	1064
6	318
6	459
6	754
6	1167
7	119
7	685
7	709
7	1066
7	1163
7	1197
8	708
8	989
8	1170
8	1288
8	1298
9	246
9	693
9	1184
10	281
10	450
10	714
10	990
10	1047
11	203
11	622
11	709
11	720
11	957
11	1216
11	1239
12	14
12	38
12	572
12	822
12	833
12	1051
13	168
13	583
13	949
13	1214
14	121
14	172
14	338
14	482
14	760
14	865
14	953
14	963
14	992
15	430
15	1048
15	1225
16	567
17	227
17	487
17	1288
18	799
19	467
19	746
19	757
19	806
19	1116
19	1289
20	147
20	1097
21	892
21	1146
21	1174
22	876
22	1004
22	1075
22	1176
23	464
23	1089
23	1092
23	1291
24	456
24	1056
24	1057
25	109
25	194
25	257
25	897
25	1284
26	905
26	988
26	1055
26	1127
27	644
27	692
27	980
28	549
28	645
28	698
28	863
28	913
28	978
28	1200
29	297
29	336
29	481
29	701
29	757
29	1274
29	1280
30	122
30	530
30	577
30	587
31	284
31	297
32	700
32	715
33	66
33	533
33	672
33	864
33	1036
34	177
34	348
34	378
34	521
34	777
34	1146
34	1270
35	363
35	865
35	1243
35	1256
36	618
36	1178
37	861
37	1297
38	635
38	811
38	1021
38	1167
39	64
39	281
39	313
39	614
39	629
39	1044
39	1159
39	1285
40	425
40	612
40	654
40	790
40	903
40	1015
40	1142
40	1203
41	379
41	647
41	1149
42	598
42	679
42	844
42	920
42	1233
43	628
44	183
44	356
44	1024
45	115
45	199
45	306
45	656
45	907
45	961
45	1193
45	1299
46	273
46	343
46	731
47	229
47	342
47	922
48	284
48	881
48	928
49	59
49	67
49	190
49	545
49	1231
50	349
50	380
50	1058
51	379
51	801
51	982
51	1046
51	1099
51	1132
51	1237
52	260
52	587
52	997
52	1228
53	205
53	1122
53	1243
54	393
54	762
54	827
54	887
55	105
55	1188
56	335
56	841
56	968
56	1140
56	1291
57	548
57	739
58	713
58	750
58	955
59	175
59	867
59	921
59	1020
60	605
60	1008
60	1025
60	1142
61	86
61	132
61	377
62	77
63	577
63	675
63	713
63	806
63	1283
64	1068
64	1222
65	412
65	482
65	1123
66	396
66	746
66	996
67	577
67	893
68	397
68	552
68	751
68	792
68	1248
69	76
69	330
69	421
70	228
70	310
70	386
70	773
70	1067
70	1268
71	168
72	166
72	171
73	847
73	992
74	282
74	365
74	507
75	504
75	796
75	997
75	1008
76	240
76	510
77	590
78	126
78	584
78	610
79	396
79	512
79	995
79	1119
79	1226
79	1253
80	630
80	765
80	842
80	1225
81	387
81	863
81	1021
82	383
82	517
82	763
82	944
82	1017
83	567
83	1282
84	352
84	362
84	535
84	734
84	964
84	1137
84	1138
84	1140
84	1276
85	218
85	387
85	810
86	208
86	212
86	981
86	983
86	1158
87	133
87	295
87	302
87	917
87	1085
87	1148
88	154
88	224
88	420
88	825
89	402
89	800
90	1110
90	1179
90	1238
90	1279
91	160
91	980
91	1235
92	177
92	544
92	589
92	745
92	818
93	129
93	180
93	615
94	296
94	483
94	652
94	861
94	1121
95	236
95	1141
96	926
97	322
97	560
97	713
97	1009
97	1120
97	1212
97	1268
98	527
98	820
99	358
99	588
99	766
99	834
100	188
101	408
101	927
101	1181
102	324
102	402
103	133
103	267
103	910
103	1203
103	1231
103	1260
104	138
104	355
104	867
104	971
104	1267
105	246
105	293
105	842
105	1159
106	226
107	641
107	845
107	934
107	945
107	1214
108	499
108	682
108	878
108	953
109	485
109	668
109	803
109	1233
110	650
110	730
110	760
110	889
110	952
111	253
111	576
111	795
111	896
111	985
112	436
112	453
112	642
112	689
112	777
112	1216
113	406
113	681
113	726
114	1046
114	1107
115	452
115	1077
115	1078
115	1149
116	238
116	497
116	534
116	943
117	963
118	645
119	307
119	728
119	865
119	1274
120	317
120	395
120	753
120	1167
121	143
121	423
121	963
122	455
122	1094
122	1232
123	201
123	420
124	140
124	548
125	411
125	644
125	695
125	858
125	1094
127	856
127	868
127	876
127	1050
127	1069
128	225
128	534
128	567
128	596
128	609
128	1239
129	134
129	155
129	246
129	279
129	747
129	798
129	909
130	935
130	983
131	512
131	733
131	915
131	941
132	389
132	456
132	854
132	954
133	522
133	807
134	208
134	831
134	1088
134	1147
134	1200
134	1254
135	190
135	235
135	389
135	402
135	409
135	480
135	991
135	1005
135	1266
136	836
136	998
136	1164
137	205
137	313
137	400
137	507
137	614
137	630
137	806
138	900
138	1217
139	309
139	606
139	997
140	221
140	282
141	440
142	310
142	554
143	518
143	697
143	1094
143	1246
144	766
144	876
144	939
144	1053
144	1257
145	281
145	376
145	444
145	473
145	561
146	789
146	1032
147	377
147	395
148	632
148	1149
149	267
149	532
149	869
149	1000
149	1184
149	1205
149	1266
149	1278
150	398
150	763
151	731
151	1069
151	1178
152	176
152	831
152	854
152	1057
153	241
153	727
153	920
153	1078
153	1084
153	1256
154	413
154	642
154	1119
155	168
155	640
155	829
155	1016
155	1091
155	1111
156	369
156	430
156	866
156	947
157	360
157	639
157	641
157	1012
157	1018
158	812
158	1116
158	1226
159	254
159	599
159	705
159	820
159	1005
160	178
160	388
160	781
160	1126
160	1298
161	395
162	226
162	475
162	708
162	953
162	1108
163	169
163	319
163	547
163	576
163	1115
164	208
164	399
164	595
164	818
165	212
165	667
165	894
165	1166
166	627
166	897
166	955
167	363
167	384
167	498
167	641
167	1223
168	265
168	420
168	1085
169	792
170	516
170	778
170	801
170	1181
171	310
171	482
171	609
171	802
171	1040
171	1043
171	1118
171	1195
172	264
172	677
172	972
173	463
174	417
174	1183
174	1270
175	458
175	612
176	648
176	927
176	1023
176	1080
176	1179
177	448
177	847
177	890
177	993
178	321
178	334
178	384
178	672
178	826
178	996
178	997
178	1120
178	1198
179	484
179	833
179	899
179	933
180	463
180	780
180	924
180	990
180	1248
181	243
181	261
181	335
181	338
181	624
181	796
181	972
181	975
182	196
182	433
182	812
182	1122
183	414
183	563
183	575
183	582
183	1019
183	1120
184	470
184	687
184	981
185	273
185	685
185	1004
185	1056
186	528
186	1117
186	1213
187	498
187	803
187	979
188	642
188	809
188	1108
189	519
189	955
190	513
190	749
190	819
191	1045
192	407
192	697
193	230
193	458
193	597
193	648
193	897
193	1166
193	1188
194	499
195	359
195	552
196	390
196	704
196	991
197	210
197	453
197	745
197	1282
198	1081
199	203
199	422
199	423
199	958
199	1063
199	1159
199	1186
200	789
200	802
200	931
200	1126
200	1175
201	558
201	826
202	218
202	471
202	516
202	536
202	684
202	986
202	1047
202	1208
203	335
203	558
203	660
203	985
203	1207
203	1238
204	642
204	784
204	789
205	506
205	764
205	800
205	1047
206	249
206	676
207	358
208	971
208	1018
209	969
209	978
209	995
210	627
210	843
210	906
210	1149
210	1178
211	376
211	560
211	718
211	1118
212	293
212	477
212	923
212	1298
213	453
213	463
213	604
213	702
213	1182
214	455
214	955
214	1063
215	673
215	1299
216	631
216	988
216	1237
217	483
217	805
217	850
218	1284
219	540
219	555
219	1045
219	1254
219	1259
219	1266
220	376
220	742
220	813
220	1007
221	468
221	664
221	785
222	491
222	562
222	731
222	933
222	1136
223	318
223	345
223	494
223	1027
223	1269
224	444
224	496
224	793
224	819
224	1075
224	1188
224	1200
225	413
225	495
225	576
225	750
225	932
226	749
226	810
226	885
227	443
227	697
227	853
227	855
227	1267
228	286
228	936
229	403
229	983
230	371
231	287
231	311
231	872
232	297
232	966
232	986
233	672
233	726
233	1127
233	1274
234	562
234	612
234	718
234	738
235	244
235	513
235	669
235	1047
235	1216
236	247
236	1273
236	1291
237	692
237	720
237	750
237	1016
237	1277
238	720
238	804
238	844
239	266
239	448
239	484
239	860
239	1210
240	663
240	1113
240	1163
240	1185
241	434
241	535
241	1070
242	408
242	515
242	666
242	686
242	965
243	442
243	478
243	1102
243	1160
244	381
244	1045
244	1257
245	960
245	1126
246	247
246	856
246	1097
247	1233
248	399
248	403
248	577
248	589
248	760
248	996
248	1026
248	1216
248	1269
249	441
249	612
249	1274
250	556
250	772
251	629
251	839
252	315
252	430
252	538
252	852
253	547
253	1217
254	400
255	266
255	496
255	606
255	651
255	658
255	863
256	506
257	414
257	612
257	675
257	850
257	1072
257	1171
257	1204
258	482
258	572
258	1167
259	518
259	1148
259	1229
260	588
260	873
261	437
261	650
261	920
261	933
261	1032
261	1121
262	276
262	474
263	287
263	305
263	614
263	756
263	1186
264	524
264	1245
265	471
265	704
265	728
265	974
266	1156
266	1212
267	533
268	399
268	409
268	667
268	960
269	378
269	623
269	1204
270	322
270	326
271	515
271	783
272	554
272	700
272	1175
272	1240
273	495
273	822
273	911
273	1013
273	1023
274	317
275	996
276	530
276	632
276	722
276	765
277	874
277	1038
277	1211
278	896
278	1126
278	1127
278	1228
279	669
279	1081
279	1201
280	595
280	621
280	845
280	1103
280	1177
281	335
281	652
281	730
281	1013
282	367
282	417
282	746
283	988
283	1013
284	420
284	1011
285	436
285	476
285	482
285	614
286	423
286	1019
286	1217
287	424
287	638
287	913
287	1057
287	1173
287	1260
288	317
288	832
288	1090
288	1297
289	597
289	670
289	847
289	1269
290	591
291	515
291	1161
291	1208
292	782
292	1003
292	1112
293	819
293	927
293	1031
293	1113
294	622
295	941
295	1011
295	1271
296	514
296	695
296	918
297	683
297	1239
298	673
298	715
298	965
298	993
298	1228
299	988
299	1014
299	1049
300	660
300	1015
300	1204
301	657
301	875
301	927
301	1290
302	454
302	601
303	528
303	875
303	954
303	985
303	1200
304	433
305	374
306	981
307	388
307	564
307	1242
308	315
308	635
308	637
308	702
308	878
308	934
308	985
308	1191
309	381
309	838
309	843
309	937
309	1067
310	1106
311	336
311	571
311	1198
312	487
313	430
313	1005
313	1015
313	1219
314	703
315	344
315	770
315	906
316	908
317	543
317	544
317	733
317	767
317	900
317	1246
319	645
320	767
320	838
320	877
320	896
321	430
321	722
322	338
322	933
322	1070
322	1278
323	553
323	608
323	893
323	923
323	1150
324	609
324	691
324	840
325	406
325	677
325	815
325	1008
326	368
326	810
326	1000
327	595
327	627
327	758
327	1141
327	1147
328	759
329	556
329	690
329	969
329	1023
329	1065
329	1116
329	1157
330	832
330	857
330	875
330	1165
331	1195
331	1251
332	1293
333	967
333	1180
333	1230
334	437
335	1023
336	475
336	552
337	421
337	655
337	958
337	1089
337	1261
338	608
338	918
338	1244
338	1296
339	442
339	472
339	675
339	872
339	952
340	635
340	637
340	648
340	905
340	1120
340	1187
341	1230
341	1283
342	618
342	758
342	1147
343	763
343	1016
344	728
344	762
344	935
344	1088
346	577
346	798
346	1129
347	519
347	757
347	1140
347	1197
348	656
350	1013
351	893
351	1295
352	966
353	673
353	1064
353	1188
354	446
354	1131
354	1172
354	1195
355	492
355	722
355	792
355	798
355	812
356	860
356	995
356	1063
356	1108
357	710
357	766
357	771
357	895
357	1103
358	431
358	466
358	633
358	756
358	963
358	1223
359	450
361	653
362	1169
362	1255
363	416
363	966
363	1159
363	1171
363	1276
364	370
364	376
364	683
364	695
364	1052
365	491
365	968
365	1267
366	506
366	542
366	809
366	967
367	384
367	450
367	554
367	1083
367	1131
368	455
368	527
368	571
368	1090
370	372
370	579
370	773
371	631
371	907
371	928
372	577
373	766
373	862
373	922
373	977
373	1119
374	567
375	712
375	951
375	1248
377	677
377	733
378	417
378	502
378	600
378	694
378	977
378	1067
379	851
379	903
379	939
379	1199
379	1272
380	620
380	1272
381	628
381	917
381	1144
381	1290
382	698
382	1179
382	1291
383	705
383	1266
384	495
384	650
384	794
384	1086
384	1121
385	682
385	794
385	856
385	1184
386	980
386	1037
386	1147
386	1268
387	401
387	814
387	882
387	1137
387	1184
387	1186
387	1214
388	390
388	583
388	872
388	927
388	966
388	1098
388	1245
388	1285
390	399
390	438
390	690
390	736
390	831
390	852
391	954
391	974
392	464
392	687
392	975
393	537
393	680
393	798
393	883
393	1066
393	1076
393	1127
393	1274
394	774
395	1105
396	429
396	530
396	707
398	612
398	635
398	732
398	929
399	759
399	794
399	923
399	1102
399	1277
400	494
400	592
400	688
400	695
400	974
400	1161
400	1206
401	609
402	695
402	972
402	1090
403	536
403	769
403	974
404	440
404	486
404	563
404	966
405	485
405	528
405	1049
406	1036
407	972
407	1218
408	784
408	1111
408	1156
409	482
409	1219
410	425
410	610
410	688
410	1083
411	605
411	943
411	1248
411	1254
412	1036
412	1041
412	1208
413	543
413	1047
414	1064
414	1111
414	1115
414	1119
415	1064
415	1158
415	1260
416	765
417	838
417	848
418	584
418	710
418	953
418	991
419	573
420	886
420	987
420	992
421	536
421	560
421	618
421	647
421	952
421	993
422	495
422	934
423	462
423	797
423	893
423	1056
425	1248
426	427
426	495
426	566
426	587
426	753
426	1116
427	839
427	863
427	1013
428	530
428	560
429	589
429	687
429	891
430	500
430	598
430	696
430	955
430	996
430	1227
431	655
432	885
433	460
433	489
433	786
433	789
434	482
434	605
434	775
434	846
434	987
434	1292
435	1161
436	714
437	827
437	886
437	1065
437	1209
438	1239
439	548
439	717
439	745
439	749
440	466
440	676
440	872
440	894
441	899
441	1238
442	489
442	1134
442	1267
443	452
443	626
444	537
444	816
444	1076
444	1231
445	921
445	1155
447	1088
448	494
448	595
448	801
448	865
448	923
448	928
448	1082
449	1212
450	889
450	1113
450	1116
451	612
451	626
451	810
451	815
451	1135
452	1080
453	728
453	853
453	1040
453	1184
453	1193
453	1250
454	529
454	662
454	701
454	713
454	842
454	1266
456	693
456	1074
456	1198
457	640
457	696
457	804
458	507
458	578
458	676
458	1150
458	1247
458	1278
459	628
459	888
459	955
459	1038
460	475
460	1007
461	943
461	1268
462	677
463	609
463	777
463	863
463	1054
463	1098
464	522
464	575
464	670
464	745
464	892
464	1143
464	1248
465	693
465	1050
466	540
466	964
467	668
467	941
468	601
468	720
468	769
468	816
468	1034
468	1046
468	1113
468	1297
469	988
470	593
470	727
470	918
470	1029
471	946
471	1017
471	1296
472	543
472	1199
472	1221
473	735
473	914
473	922
473	1138
473	1188
473	1222
474	480
474	584
474	919
474	1255
475	504
475	551
475	947
475	1089
476	711
476	1109
477	733
477	1023
477	1149
478	674
478	704
479	576
479	927
479	1152
480	869
480	879
480	1066
481	566
481	577
481	889
481	1022
482	641
482	725
482	941
482	1050
483	486
483	551
483	557
483	769
483	1087
484	867
484	939
485	651
485	801
485	995
485	1019
485	1131
486	604
486	891
487	535
487	1213
488	527
488	1052
489	557
489	779
489	1203
489	1216
489	1253
490	893
490	1059
490	1235
491	999
491	1036
491	1088
492	761
492	881
492	1117
493	660
493	1104
493	1166
494	704
494	772
494	1053
494	1268
495	1026
496	1078
496	1204
497	610
497	1176
498	1291
499	745
500	692
500	1234
501	635
501	831
501	937
501	1033
501	1081
502	673
502	942
503	941
504	578
504	670
504	719
504	866
504	941
504	1064
505	1094
505	1222
507	526
507	670
507	882
507	926
507	1032
508	900
508	967
509	659
509	774
509	1195
509	1294
510	734
510	949
511	678
511	856
511	1282
512	799
512	808
512	1276
512	1290
514	1055
515	549
515	615
515	719
515	1187
516	674
516	862
516	923
516	1120
516	1266
517	580
517	729
517	1264
517	1278
518	606
519	574
519	1053
520	795
521	584
521	671
521	1216
522	646
522	830
522	935
522	1095
522	1258
523	1144
523	1169
523	1230
523	1245
524	832
525	660
525	808
525	1023
527	1010
527	1214
528	732
530	625
530	689
530	1283
530	1291
531	1097
532	800
532	860
533	642
533	1155
534	577
534	943
534	1276
535	1104
536	610
536	693
536	852
536	916
536	1169
537	600
537	767
537	825
538	780
539	1169
540	980
541	803
541	1084
542	718
542	788
542	831
542	1151
543	1284
544	566
544	659
544	887
544	1264
545	689
545	807
545	887
545	945
546	928
547	787
547	898
547	946
548	675
548	1130
549	833
549	1143
550	926
550	1136
551	567
551	832
551	1130
552	681
553	562
553	565
553	588
554	694
554	734
554	826
555	903
555	1058
555	1227
555	1243
556	672
556	1012
557	682
557	971
557	1127
558	611
558	767
558	1020
558	1192
559	1001
559	1075
560	660
560	1239
561	572
561	588
562	978
562	1275
563	666
563	693
563	701
563	814
564	1299
565	865
565	959
565	1100
565	1111
566	956
566	1179
566	1298
567	637
567	868
567	930
567	1123
567	1248
568	700
568	794
569	868
569	1271
570	714
570	777
570	1216
571	817
571	966
572	787
572	989
572	1162
573	1070
574	986
575	1006
576	861
577	790
577	1010
577	1045
577	1106
578	655
578	695
579	582
579	955
579	1076
579	1199
580	1150
581	758
581	773
581	852
581	898
581	954
582	839
582	980
582	1131
583	795
583	810
585	648
586	1257
588	1016
589	698
589	823
589	1276
590	599
590	911
591	1141
592	1029
592	1212
592	1270
594	848
594	1040
594	1058
596	1231
597	619
597	738
597	975
597	1044
597	1293
598	677
599	690
599	702
600	1290
602	618
602	1076
603	832
603	995
603	1064
604	688
605	627
605	762
606	667
607	701
607	785
607	851
607	1238
608	629
608	1260
609	870
609	1130
610	1016
610	1258
611	758
611	1060
611	1294
612	752
612	772
612	978
612	995
613	1263
614	682
614	856
615	657
615	944
616	890
616	966
616	984
617	1229
618	957
618	1196
618	1285
619	1121
619	1129
619	1286
620	1200
622	629
622	738
622	948
622	970
622	1092
623	624
623	780
623	922
624	926
624	1209
625	1036
626	719
626	1164
626	1171
626	1174
627	814
627	985
627	1015
627	1045
627	1094
628	655
630	929
631	976
632	835
632	939
634	1285
635	668
635	1213
636	1187
637	1153
637	1294
638	682
638	900
638	1114
639	1145
640	842
641	1044
641	1172
641	1276
642	995
642	1197
643	775
643	1020
644	763
644	933
644	1085
645	678
645	819
645	866
646	1142
647	823
647	942
647	1258
647	1260
648	972
648	1225
649	910
649	916
649	978
650	814
650	967
652	984
652	1042
652	1117
653	1275
654	818
654	1005
655	866
655	1072
655	1268
656	765
657	717
657	1133
658	1023
659	785
660	985
660	1170
661	952
661	983
662	723
662	953
662	962
663	744
664	1026
664	1093
664	1221
665	1139
666	896
666	1124
667	709
667	1261
668	896
668	1056
669	1272
669	1273
670	811
671	945
671	1147
671	1190
673	930
674	995
675	682
675	753
675	937
675	1173
676	835
676	1109
677	787
678	953
679	1057
680	1003
682	877
682	953
682	1224
685	761
685	1166
686	1056
687	750
687	817
687	963
687	1037
687	1130
687	1267
688	894
688	1165
689	1031
690	972
690	1218
691	830
691	947
691	1018
691	1109
692	1043
692	1189
694	831
694	873
694	992
695	930
695	1265
696	983
697	800
698	1274
699	1164
699	1210
701	868
701	1139
702	1139
702	1213
703	884
703	978
703	995
703	1272
704	929
705	844
705	1241
705	1276
706	854
706	941
706	1026
707	795
707	1160
708	984
708	1069
709	921
709	986
709	1033
710	734
710	1259
711	789
711	1158
711	1186
712	1244
713	995
714	835
716	772
717	1030
717	1078
717	1122
718	719
718	1271
719	1195
720	977
720	1049
721	913
721	1038
722	738
723	1128
723	1145
724	954
724	1140
725	1026
725	1229
726	1017
726	1239
727	1161
728	999
728	1069
728	1124
728	1224
728	1230
729	871
729	1138
730	1018
731	744
731	1194
731	1234
732	816
732	1008
734	755
734	756
736	1131
736	1251
737	1115
737	1130
737	1165
738	889
738	1222
738	1298
739	979
739	1084
740	1247
740	1276
741	928
741	1038
741	1171
741	1177
742	1183
743	1267
744	776
744	782
744	1198
746	796
746	848
746	992
747	752
747	790
748	797
749	835
750	1209
751	840
751	1116
751	1286
752	1054
752	1123
752	1259
753	963
753	1161
754	1082
757	1145
758	796
758	1002
758	1110
758	1116
759	902
759	1062
759	1155
760	1105
760	1124
761	1204
761	1263
762	1021
762	1259
762	1276
763	935
763	1204
763	1277
765	778
765	818
765	920
765	1016
766	1054
766	1244
768	887
768	968
769	1028
769	1209
770	878
770	929
770	1024
770	1077
770	1082
772	847
773	1172
773	1231
774	1174
775	803
775	1007
775	1128
776	1061
777	856
777	1124
777	1158
778	799
778	990
779	837
779	1082
779	1136
780	1024
780	1078
782	1055
782	1203
784	1000
784	1262
785	1027
786	967
786	988
787	1260
787	1295
788	835
788	1068
788	1183
788	1228
789	1152
790	989
790	1112
791	799
791	926
792	1022
793	1103
793	1171
793	1249
793	1275
794	811
794	838
794	924
796	994
796	1158
797	945
798	905
798	1075
799	1001
799	1037
799	1092
799	1297
800	977
800	1007
800	1055
801	943
801	1112
801	1116
801	1295
801	1297
803	895
803	898
803	979
806	845
806	905
807	820
807	861
807	1064
807	1157
808	1146
809	872
809	1252
810	1000
810	1044
811	876
811	1277
812	950
813	922
813	946
813	1068
813	1163
814	909
817	1299
818	868
818	959
818	1230
818	1236
819	882
819	1038
820	882
820	1115
820	1198
820	1244
821	825
821	1004
822	1193
822	1245
823	887
823	1121
824	835
824	847
824	950
824	1081
824	1249
825	1019
825	1033
826	837
827	1222
828	915
828	1013
831	982
831	1241
832	1016
832	1141
833	924
833	926
834	863
834	890
835	1095
835	1277
837	1184
837	1263
840	1186
841	1134
843	1053
843	1090
843	1249
848	1285
849	1073
849	1100
850	1002
851	882
851	1175
853	1143
855	1049
857	868
857	924
857	1086
858	892
858	1107
858	1217
859	959
859	1098
860	867
860	1015
860	1079
860	1127
862	975
864	1143
865	1074
865	1119
865	1282
872	1076
872	1159
873	891
873	1003
875	1144
875	1211
876	1232
876	1260
877	1019
877	1139
878	1022
878	1219
879	950
879	1282
880	1204
881	1180
883	889
883	1255
885	1118
885	1144
885	1180
886	1269
888	1017
889	911
889	1056
891	1088
891	1189
892	902
892	987
893	992
893	1168
895	957
895	1011
895	1113
896	905
896	913
896	980
897	1139
898	1243
899	1074
900	939
900	1009
900	1024
900	1096
900	1296
901	1011
901	1090
902	1237
904	1136
904	1147
904	1290
905	1263
905	1273
906	1215
908	955
908	1002
908	1048
909	1040
910	1039
910	1119
911	1101
911	1214
912	1089
913	1166
913	1245
914	917
915	939
916	1008
917	950
918	1167
919	1183
920	989
923	996
923	1132
923	1150
923	1156
924	1103
925	1071
926	1024
926	1180
927	1245
928	1143
928	1204
929	1106
929	1180
930	943
931	1115
934	1290
935	1045
936	1040
938	1138
939	1065
940	1185
940	1220
944	1216
944	1246
944	1273
945	1134
946	1187
947	1221
948	1173
948	1262
949	1063
952	1083
953	1103
954	1146
956	959
956	1224
956	1229
957	1089
957	1295
959	1149
959	1152
959	1199
963	968
963	1129
963	1171
964	1038
965	1145
965	1256
966	1294
967	1177
968	1142
968	1276
969	1242
970	996
973	1197
973	1230
975	1255
979	1037
979	1079
979	1141
979	1223
980	1023
981	1031
982	1202
984	1013
984	1074
986	1245
986	1298
988	1067
989	1084
990	1034
990	1096
994	1120
996	1228
998	1242
1001	1080
1004	1103
1004	1131
1004	1154
1004	1288
1005	1291
1006	1043
1006	1100
1006	1111
1009	1217
1011	1042
1012	1034
1013	1198
1014	1173
1014	1185
1016	1218
1018	1185
1020	1105
1021	1284
1022	1115
1024	1202
1025	1167
1025	1256
1027	1138
1029	1133
1029	1172
1031	1222
1032	1085
1032	1177
1032	1277
1035	1156
1036	1146
1037	1178
1038	1076
1039	1092
1043	1074
1043	1114
1043	1239
1044	1241
1044	1297
1053	1277
1056	1152
1056	1261
1057	1064
1057	1145
1060	1136
1060	1142
1060	1276
1061	1105
1062	1122
1063	1214
1064	1296
1066	1095
1068	1115
1068	1122
1068	1184
1068	1250
1069	1210
1070	1268
1071	1145
1071	1232
1073	1206
1076	1125
1078	1262
1081	1084
1081	1211
1082	1145
1084	1156
1086	1161
1089	1113
1091	1212
1093	1154
1097	1229
1098	1117
1100	1122
1102	1128
1102	1298
1105	1107
1105	1288
1106	1141
1106	1224
1107	1288
1108	1218
1109	1211
1110	1184
1111	1142
1111	1176
1111	1207
1113	1249
1115	1257
1117	1151
1117	1181
1119	1166
1120	1131
1126	1155
1126	1241
1130	1283
1133	1266
1134	1165
1138	1252
1141	1251
1142	1181
1142	1252
1143	1172
1143	1229
1143	1277
1143	1287
1144	1206
1145	1246
1146	1268
1147	1168
1147	1245
1148	1158
1152	1255
1155	1158
1161	1213
1168	1202
1172	1195
1172	1241
1173	1207
1173	1225
1174	1219
1175	1217
1175	1219
1179	1289
1184	1253
1186	1243
1190	1193
1199	1260
1205	1249
1212	1298
1215	1290
1216	1233
1220	1265
1221	1275
1228	1249
1228	1280
1229	1240
1234	1268
1238	1289
1239	1250
1239	1257
1241	1243
1251	1252
1256	1285
1272	1284
1273	1281