0	184
0	568
0	883
0	1252
1	21
1	382
1	667
1	1139
2	489
2	821
3	274
4	72
4	516
4	669
5	234
5	887
5	972
6	586
6	807
6	922
6	1112
6	1224
7	144
7	330
7	649
7	738
7	796
8	286
8	517
8	717
8	733
8	788
8	877
8	1046
8	1172
9	355
9	575
9	922
10	53
10	56
10	268
10	872
11	96
11	185
11	223
11	284
11	710
11	817
11	883
11	1210
12	1114
12	1247
13	254
13	737
13	997
13	1186
14	256
14	306
14	417
14	611
15	29
15	228
15	440
16	68
16	113
16	231
16	258
16	346
16	421
16	606
17	156
18	95
18	781
18	857
19	260
19	402
20	901
20	1020
20	1202
21	233
21	392
21	482
21	612
21	664
21	961
22	174
23	438
23	596
23	956
23	1237
24	284
24	384
24	722
24	769
24	912
25	149
25	173
25	309
25	866
25	1074
26	45
26	118
26	370
26	961
26	1005
26	1167
27	234
27	328
27	624
27	651
27	959
28	80
28	108
28	122
29	42
29	246
30	418
30	823
30	979
31	334
31	624
31	958
32	259
32	363
32	585
32	640
32	709
32	1117
32	1197
33	771
34	177
34	359
34	518
34	526
34	647
34	917
35	73
35	236
35	261
35	1280
36	326
36	485
36	543
36	857
36	1288
37	800
37	965
38	508
38	668
39	396
39	406
39	941
39	983
39	1109
40	990
40	1209
40	1257
41	683
41	718
41	1261
42	343
42	966
43	760
43	849
43	1230
44	288
44	415
44	478
44	566
44	854
44	890
44	909
44	1139
44	1237
45	75
45	286
45	609
45	815
45	893
45	1067
46	124
46	802
46	950
46	1001
46	1044
47	169
47	175
47	329
47	754
47	797
47	853
47	1078
48	207
48	562
48	768
48	891
48	1150
49	68
49	121
49	271
49	516
49	550
49	571
49	716
49	861
49	904
50	208
50	794
50	843
50	861
51	105
51	127
51	296
51	414
51	867
51	931
51	1047
51	1241
52	98
52	133
52	428
52	613
52	634
52	852
52	1153
52	1174
54	277
54	331
54	425
54	435
54	859
54	1216
55	213
55	216
55	629
56	582
56	758
56	1289
57	442
57	478
57	856
57	896
57	931
57	954
57	1038
57	1280
58	150
58	343
58	899
58	987
58	1016
58	1253
59	517
59	726
60	321
60	366
60	1127
60	1140
61	600
61	1129
62	65
62	197
62	693
62	805
62	899
63	1167
63	1199
63	1215
63	1279
64	83
64	140
64	821
65	247
65	964
66	212
66	414
66	990
67	169
67	306
67	569
68	106
68	530
68	880
69	71
69	191
69	270
69	301
69	366
69	386
69	460
69	627
69	862
69	1027
70	426
70	528
70	736
70	764
70	828
70	1075
71	439
71	815
72	577
72	1120
73	93
73	824
73	1179
74	282
74	596
74	977
74	1266
76	485
76	510
76	1089
77	153
77	814
77	1077
78	457
78	571
78	638
78	738
78	804
78	985
78	1059
79	832
79	895
80	307
80	733
80	942
81	584
81	743
81	773
81	1060
82	170
82	719
82	761
82	774
82	901
82	1216
82	1222
83	144
83	394
83	890
83	892
83	919
83	1066
83	1181
84	208
84	331
84	921
84	1299
85	1248
85	1281
86	292
86	341
86	378
86	431
86	443
86	575
87	92
87	196
87	316
87	939
87	1109
87	1187
88	105
89	770
89	843
90	345
90	422
90	593
90	613
90	676
90	895
90	1178
91	295
91	298
91	608
91	885
91	1089
92	122
92	131
92	647
93	575
93	618
93	1079
93	1245
94	173
94	525
94	1004
95	541
95	547
95	1070
95	1121
95	1240
96	436
96	472
97	342
97	1039
97	1108
99	287
99	424
99	615
99	1009
99	1136
99	1156
99	1262
100	789
100	1156
101	123
101	831
101	838
101	1197
102	352
102	659
102	700
102	1106
102	1113
103	325
103	1235
104	330
104	770
105	916
106	239
106	274
106	1173
106	1177
107	781
107	1066
108	324
108	327
108	1032
108	1183
109	144
109	298
109	369
109	528
109	612
109	856
109	1042
110	397
110	937
110	1105
110	1281
111	159
111	842
111	1113
111	1135
111	1261
112	338
112	373
112	438
112	532
112	538
112	688
112	924
112	1275
112	1279
113	256
113	553
113	594
113	1135
114	144
114	521
114	624
114	1205
114	1256
115	260
115	506
115	644
115	919
115	971
115	1031
116	141
116	413
116	1156
116	1270
116	1272
117	380
117	1037
117	1208
118	184
118	483
118	623
118	631
118	749
118	1024
118	1284
119	193
119	454
119	889
119	1293
120	233
120	269
120	734
120	810
120	1039
120	1055
120	1145
121	344
121	374
121	375
121	946
121	1097
121	1145
122	477
122	557
122	606
122	735
122	824
122	831
122	1225
123	128
123	334
123	354
123	396
123	477
123	538
123	595
123	1152
124	202
124	212
124	1088
124	1277
125	126
125	429
125	828
126	1057
126	1134
126	1161
127	220
127	940
128	302
128	694
128	861
128	996
128	1269
129	216
129	395
129	523
129	547
130	190
130	622
130	794
130	868
130	1274
131	517
131	589
131	608
131	730
131	746
131	818
132	253
132	402
132	1223
133	1009
133	1098
134	645
134	769
134	851
134	970
135	250
135	453
135	465
135	616
135	720
136	569
136	616
136	856
136	1077
136	1217
136	1231
137	278
137	646
137	655
137	662
137	1228
138	304
138	1120
139	143
139	292
139	326
139	626
139	680
139	903
139	909
140	369
140	487
140	969
140	1273
141	208
141	343
141	958
141	1135
142	307
142	520
142	743
143	303
143	466
143	540
143	568
143	1263
144	515
144	1264
145	196
145	331
146	210
146	339
146	484
146	803
146	888
147	360
147	512
147	727
148	574
148	711
149	383
149	1051
149	1069
149	1118
150	231
150	440
150	911
150	1131
151	807
151	857
151	916
152	556
152	587
152	667
152	877
153	394
153	484
153	782
153	816
153	883
153	893
154	1082
154	1189
154	1224
155	247
155	357
155	835
156	201
156	690
156	801
156	940
156	1091
157	257
157	657
157	727
157	950
157	1225
158	418
158	674
158	706
158	1290
159	219
159	583
159	681
159	698
159	722
159	874
159	1046
160	1129
161	572
161	576
161	631
162	223
162	284
162	830
162	1177
162	1191
163	346
163	577
163	1015
164	186
164	230
164	398
164	445
164	572
164	716
165	340
165	830
165	876
165	899
166	473
166	1218
167	311
167	434
167	586
167	599
167	821
168	275
168	990
168	1104
169	402
169	762
169	1111
170	383
170	437
170	786
171	983
171	987
171	1032
171	1055
172	460
172	565
172	634
172	846
172	1149
172	1294
173	502
173	574
173	763
173	806
174	220
174	740
174	981
175	183
175	424
175	1067
176	470
176	538
176	738
176	977
176	1137
177	312
177	357
177	834
177	1110
177	1254
178	517
179	472
179	593
179	675
179	726
180	385
180	458
180	675
180	792
181	688
181	1083
181	1090
181	1125
182	799
182	909
182	991
183	313
183	382
184	226
184	643
184	1298
185	449
185	625
185	771
185	933
185	1087
187	728
187	805
188	225
188	329
188	1004
188	1022
188	1100
188	1194
189	268
189	449
189	579
189	1083
189	1119
190	391
190	743
190	897
190	1034
191	201
191	380
191	397
192	475
192	587
192	1007
192	1073
193	1094
193	1184
194	751
195	217
195	752
195	1091
196	268
196	311
196	400
196	1296
197	456
197	490
197	652
197	825
197	1256
198	900
198	1103
199	639
200	470
200	667
200	730
200	1182
202	536
202	1186
202	1225
203	455
203	577
203	640
203	1038
204	269
204	910
205	603
205	1098
206	504
206	797
206	974
206	1001
206	1107
206	1136
207	375
207	794
207	1069
208	230
208	368
208	484
208	618
208	949
209	263
209	1202
209	1251
210	369
210	831
210	993
210	1172
211	278
211	348
211	466
211	570
211	625
211	1048
211	1073
211	1299
212	325
212	331
212	565
212	736
212	824
213	310
213	361
213	410
213	790
213	911
213	995
213	1220
214	422
214	1123
215	370
215	852
216	685
216	1014
216	1018
216	1188
217	1191
218	453
218	724
218	1132
219	331
219	914
220	444
220	538
220	603
220	804
220	1153
221	483
221	528
221	931
222	333
222	552
222	800
222	866
223	460
223	495
223	648
223	905
223	929
223	1004
223	1238
224	520
224	684
224	1200
225	510
225	530
225	654
225	748
226	383
226	395
226	472
226	492
226	897
227	904
228	349
228	376
228	921
228	1028
228	1119
228	1127
229	544
229	719
230	391
230	491
230	679
230	1194
230	1224
231	374
231	692
231	1050
232	307
232	549
232	561
232	842
233	652
233	871
233	1223
234	646
234	847
235	552
235	765
235	829
235	984
236	245
236	273
236	362
237	1272
238	309
238	359
238	401
238	426
239	618
240	282
240	423
240	505
240	1256
241	393
241	1162
242	383
243	408
243	1129
244	864
245	1298
246	324
246	488
246	691
246	1285
247	564
247	1252
248	920
249	275
249	411
249	923
250	319
250	557
250	573
251	514
252	1007
252	1168
253	315
253	525
253	651
253	657
254	417
254	441
254	797
254	1036
254	1236
255	463
255	677
255	741
255	1074
256	407
256	472
256	626
256	930
256	996
257	272
257	283
257	363
257	447
257	482
257	483
257	1251
258	433
258	1069
258	1258
259	552
259	608
259	1071
259	1227
260	311
260	384
260	429
260	580
260	1008
260	1032
262	539
262	643
262	854
262	1018
263	308
263	427
263	533
263	539
263	849
263	1081
264	359
264	511
264	541
264	1288
265	422
265	460
266	664
266	705
266	1023
267	814
267	869
267	1097
267	1130
267	1145
267	1247
268	467
268	934
269	270
269	439
269	563
269	650
269	1095
270	303
270	923
270	1012
271	427
271	470
271	1194
271	1259
272	289
272	441
272	1003
272	1120
273	323
273	596
273	618
273	1185
274	323
274	693
274	1213
274	1296
275	685
275	724
275	902
275	1021
276	362
276	865
277	347
277	593
277	707
278	622
279	388
279	496
279	1199
280	365
280	934
281	389
281	515
281	566
281	922
281	1093
281	1127
281	1194
282	310
282	750
283	531
283	1270
284	913
285	389
285	781
285	909
285	1170
285	1238
288	291
288	344
288	1151
289	398
289	585
289	767
289	1195
290	747
290	802
290	988
290	1111
291	781
291	1209
292	551
293	1030
294	525
294	1170
295	845
295	1019
296	597
297	405
297	794
297	981
297	1179
298	669
299	714
300	1296
301	412
302	487
302	811
303	407
303	411
303	422
303	620
303	627
303	957
304	554
304	666
304	710
305	1075
306	1086
306	1130
307	547
307	1277
308	466
308	979
309	867
309	1027
310	316
310	557
310	710
310	1144
310	1200
311	391
311	482
312	386
312	678
312	754
312	890
313	790
313	978
313	1186
313	1234
314	353
314	565
314	790
314	922
315	398
315	483
315	920
315	1151
316	1235
317	393
317	537
317	747
318	772
318	1029
318	1091
319	370
319	679
319	689
319	950
320	505
320	732
320	869
321	457
321	565
321	612
321	783
321	806
321	853
322	327
322	601
322	925
322	1053
323	442
323	592
323	1096
323	1159
324	355
324	469
324	685
324	730
325	729
325	1045
325	1059
325	1152
325	1195
326	991
326	1026
327	365
327	902
327	989
327	1062
327	1130
327	1280
328	448
328	721
329	350
329	1048
330	529
330	701
331	652
331	1298
332	559
332	1111
332	1267
333	845
333	1188
333	1265
334	339
334	388
334	993
335	1001
336	338
336	703
336	998
337	399
337	1054
337	1071
337	1173
338	1060
338	1152
339	677
339	944
339	1032
340	526
340	760
341	449
341	1042
341	1161
342	719
344	351
344	1137
344	1200
346	751
346	829
346	1061
347	469
347	796
348	1048
348	1083
348	1173
349	352
349	376
349	477
349	507
349	761
349	767
349	1196
350	1008
351	519
351	667
351	772
351	779
351	1295
352	385
352	663
352	788
352	841
352	1180
352	1290
353	434
353	604
353	675
353	1228
353	1288
354	702
354	883
354	991
355	432
355	1181
356	789
357	501
357	779
357	921
357	1139
358	587
358	769
358	1022
359	675
360	564
360	840
360	964
360	1161
360	1213
360	1262
361	434
361	948
361	1183
362	1096
363	442
364	508
364	872
364	1097
364	1221
364	1298
365	764
365	765
365	1138
366	785
366	985
366	992
366	1003
367	370
367	488
367	587
368	394
368	536
368	641
368	931
368	1125
368	1158
368	1185
369	630
369	819
369	1081
369	1156
370	555
370	588
370	783
370	1144
371	783
371	1198
371	1241
372	532
372	1154
372	1188
373	488
373	676
374	813
374	971
374	1012
375	442
375	651
375	765
375	1045
376	706
376	981
376	988
377	410
377	1092
377	1291
378	410
378	537
379	394
379	567
379	1061
379	1295
380	950
380	1102
380	1146
380	1190
381	539
381	750
381	886
381	928
381	1237
382	481
382	714
382	824
383	724
383	800
384	1051
384	1097
385	651
386	489
386	909
386	977
387	996
387	1165
389	1092
390	745
390	825
390	917
390	919
390	945
390	1247
391	1012
391	1149
392	736
393	506
393	724
393	819
393	849
394	642
394	782
394	1165
395	460
395	726
395	920
395	1213
396	723
396	1086
396	1234
397	588
397	798
397	1291
398	446
398	471
398	592
398	1107
398	1148
400	506
400	534
400	826
400	894
401	548
401	1050
401	1203
402	710
402	925
403	568
404	587
404	815
404	854
404	1291
406	460
407	898
407	903
407	1283
408	473
408	789
408	892
409	1298
410	512
410	606
410	966
410	1143
410	1257
410	1263
410	1298
411	808
411	993
411	1027
411	1088
412	1144
412	1189
412	1217
413	672
413	1007
413	1191
414	532
414	798
415	707
415	724
415	805
415	908
415	1029
415	1069
415	1111
416	1159
418	1040
418	1230
419	463
419	840
419	947
420	1082
420	1178
420	1214
421	917
421	1037
421	1268
422	728
422	800
422	831
423	460
424	478
424	557
424	831
424	1108
425	1072
425	1129
426	557
426	614
426	665
426	819
426	1074
426	1100
427	843
427	1105
428	700
428	1077
428	1187
428	1260
428	1298
429	445
429	583
429	1266
429	1275
430	620
430	790
430	838
430	920
430	975
431	492
431	987
431	1051
432	545
432	927
432	1283
433	614
433	637
434	560
434	675
434	967
435	469
435	677
435	816
436	637
436	717
436	776
436	981
437	546
437	1103
438	553
438	958
438	1223
439	1134
440	505
441	451
441	966
441	1263
442	627
442	1076
444	1016
445	693
445	1175
446	619
447	482
447	1129
448	647
449	593
449	724
449	1017
449	1108
449	1277
450	512
450	1020
451	543
452	994
452	1102
452	1229
453	487
453	675
453	906
453	1071
454	672
454	874
454	1040
454	1295
455	537
455	942
455	1258
456	518
456	529
456	545
456	779
456	931
456	955
457	663
457	915
457	988
458	477
458	485
458	663
458	820
458	929
458	1220
458	1279
459	581
460	468
460	717
460	883
460	908
460	1148
461	973
461	993
461	1094
461	1169
461	1189
462	875
462	977
462	1166
462	1174
463	829
463	1075
463	1254
464	468
464	823
464	929
464	1005
464	1025
465	537
465	789
465	958
466	730
466	1038
467	804
467	982
468	670
468	1134
468	1294
469	712
470	778
470	822
470	1111
471	493
471	879
471	895
471	969
472	675
472	971
474	707
474	798
474	1145
474	1253
474	1269
475	591
475	656
476	1241
476	1280
477	500
477	652
477	1015
477	1101
477	1169
479	519
479	582
479	732
479	749
479	1151
480	558
480	714
480	1221
481	767
481	937
481	980
482	732
483	770
483	994
483	1212
484	486
484	529
484	920
484	1069
484	1261
485	520
485	1145
486	563
486	732
487	750
487	867
488	653
488	714
488	736
488	796
488	864
489	669
489	697
489	879
489	914
489	1012
489	1096
490	522
490	571
490	650
491	501
491	678
492	733
492	783
492	1099
493	606
493	711
493	836
493	847
493	1080
493	1133
493	1182
494	641
494	747
494	834
494	878
494	985
494	1035
494	1156
495	510
495	1007
495	1129
496	688
497	506
497	556
497	1032
497	1204
497	1297
498	747
498	1112
498	1213
498	1226
499	977
500	880
501	681
501	1136
501	1137
502	705
503	661
503	781
504	554
504	1065
505	1017
505	1061
506	544
506	658
507	622
507	655
507	798
508	552
508	753
508	1023
508	1127
509	634
509	1175
510	1017
510	1260
511	748
511	932
511	968
511	1247
512	565
512	883
512	1203
513	611
513	644
513	1180
514	1092
516	887
517	563
517	708
517	896
517	975
517	1068
517	1239
519	985
520	880
520	935
520	1253
522	554
522	602
522	742
522	970
522	1297
523	533
523	667
523	943
524	913
524	1195
525	530
525	625
525	839
525	889
525	1214
526	740
526	1051
526	1277
527	745
527	790
527	873
527	1049
527	1123
527	1141
527	1277
528	749
528	1015
529	745
529	1082
530	896
530	1140
530	1258
531	1297
532	860
533	724
533	1121
534	1086
534	1219
535	625
535	682
535	1024
536	562
537	1243
538	940
539	706
539	780
539	1024
540	686
540	995
541	937
541	1252
542	861
542	904
542	1035
543	616
543	1000
543	1099
543	1256
544	675
544	898
544	951
544	1001
544	1053
544	1080
544	1204
544	1261
545	690
545	757
545	911
545	933
546	1102
547	1193
548	565
548	576
548	634
548	741
548	1164
549	838
550	704
550	1004
550	1098
550	1267
551	555
551	892
551	1074
551	1254
552	966
552	1247
553	864
553	928
554	694
554	908
554	1058
555	692
555	699
555	809
555	1101
555	1115
556	801
556	857
556	1028
557	950
558	670
558	889
560	643
561	1182
562	681
562	1092
562	1160
563	735
564	666
564	781
565	690
565	809
565	864
566	837
566	872
566	1091
567	835
568	576
568	908
569	715
570	626
570	958
570	1179
571	597
571	764
571	788
571	1105
571	1246
572	649
572	916
572	1231
572	1247
573	649
573	1268
573	1276
574	1016
575	1299
576	938
577	775
577	879
577	1191
578	606
578	1053
578	1160
579	659
579	1014
580	650
580	784
580	906
580	1048
580	1166
581	996
581	1232
582	848
582	1199
583	907
583	967
583	1220
583	1267
585	651
586	759
586	931
586	1117
586	1167
587	666
587	750
587	952
587	1015
587	1198
587	1257
588	630
588	903
588	1164
589	819
590	1107
590	1155
591	785
591	946
591	1032
592	737
592	1044
593	717
593	955
593	1062
594	642
594	705
594	979
596	934
596	1224
597	677
597	853
597	930
597	1106
597	1164
598	789
598	977
600	601
600	1048
601	656
602	879
602	998
603	775
604	691
604	857
605	861
605	894
605	934
605	1285
606	653
606	1215
607	960
608	897
608	1239
609	624
609	640
609	673
609	1058
609	1230
609	1292
610	1037
610	1050
611	998
611	1148
611	1233
612	1288
613	624
613	626
614	1104
614	1219
615	741
615	748
615	750
615	789
615	1255
617	986
617	1044
618	892
619	801
619	1087
621	640
621	674
621	806
622	726
622	999
622	1235
623	757
623	1023
623	1205
625	674
625	841
626	996
626	1247
627	793
628	823
629	746
630	1217
631	792
631	1098
632	671
632	1144
633	738
633	869
633	946
634	780
634	1150
634	1299
635	711
635	1201
636	1037
636	1196
638	1061
638	1183
639	897
639	918
639	1277
641	904
641	930
642	1084
642	1200
642	1236
643	795
643	1148
644	719
644	929
645	732
645	850
646	846
646	1059
646	1080
647	733
647	1201
649	1211
649	1291
650	931
651	737
651	1205
651	1216
652	1108
652	1179
653	889
653	1065
653	1160
654	748
654	805
655	780
655	861
657	867
657	1031
657	1103
657	1246
658	732
658	894
658	964
658	1098
658	1150
659	999
659	1100
660	947
660	1249
661	1019
661	1046
661	1175
662	1000
662	1037
662	1134
662	1152
663	899
664	1027
664	1189
666	678
666	833
666	1019
666	1048
666	1070
666	1239
667	846
667	1030
668	812
668	1001
668	1114
669	1008
669	1095
670	883
671	820
671	986
671	1021
671	1141
672	1204
672	1224
673	890
673	1146
673	1183
674	1101
676	704
676	767
676	1286
677	942
677	944
677	1046
678	893
679	686
680	985
681	784
682	754
682	892
682	913
682	1208
683	704
683	973
683	1023
683	1088
685	1016
685	1050
685	1273
687	732
687	855
687	1192
689	1246
690	798
690	868
692	874
692	950
692	1137
693	872
693	1152
693	1210
693	1285
694	891
694	935
695	1176
695	1198
696	937
696	998
696	1119
696	1211
697	1002
698	1128
700	890
700	947
700	1085
701	936
702	821
703	825
704	856
705	1095
706	1015
706	1135
707	856
707	1274
708	731
708	768
708	1005
708	1121
713	877
713	935
714	1164
714	1298
715	1167
716	908
716	1206
717	1056
718	753
718	937
718	984
718	1038
718	1182
718	1233
720	1075
720	1276
722	853
722	1063
722	1124
725	1253
725	1296
726	772
726	1000
726	1038
726	1113
727	868
727	1007
727	1152
727	1224
729	901
729	1210
729	1252
730	958
730	1295
733	807
733	1084
733	1239
734	1092
735	999
735	1107
736	1131
737	783
737	882
737	893
737	994
738	1007
739	1040
739	1154
740	747
740	1286
741	837
741	954
741	963
741	1014
741	1111
741	1132
741	1281
743	1088
743	1098
743	1107
744	1149
744	1170
745	875
745	976
747	764
748	1080
749	961
749	988
749	1210
749	1226
750	822
750	1185
752	768
752	1036
753	1014
754	985
755	803
755	889
756	955
756	1200
757	1219
758	927
758	1051
759	991
759	1168
761	815
761	922
761	1085
763	895
763	1068
764	1052
764	1161
764	1223
764	1232
765	1033
765	1040
765	1072
766	1132
768	884
768	1092
769	829
769	1267
770	1263
771	942
772	851
772	1019
774	807
774	1002
775	778
776	955
776	1077
776	1142
776	1184
777	957
777	1031
777	1202
778	1029
780	1047
781	1151
782	858
782	884
782	1045
782	1054
782	1094
783	1142
785	1139
786	823
786	849
787	928
787	1231
789	875
789	990
790	1268
791	935
791	1035
793	836
793	847
793	898
793	1031
795	851
797	1106
799	908
800	816
800	1159
801	1263
802	1085
803	921
804	1234
806	1013
806	1086
808	825
808	916
808	934
808	1109
808	1265
809	1193
809	1224
810	830
811	1050
811	1298
814	1290
816	950
816	975
816	1094
817	1006
818	1074
818	1106
818	1288
819	1114
821	951
822	860
823	838
823	887
823	939
824	828
824	878
824	1187
824	1286
825	832
826	1039
826	1074
827	1059
828	861
829	914
830	916
830	1061
830	1104
831	1175
832	835
832	992
832	1164
833	933
833	1168
834	1093
835	1160
836	890
837	980
837	1186
839	902
839	1197
839	1238
840	1031
841	849
843	900
843	1061
844	849
844	947
844	988
844	1064
845	1281
846	1168
846	1271
847	863
847	879
847	1140
848	901
849	1101
851	1251
852	928
853	971
854	965
855	1036
857	877
857	1034
857	1249
858	1131
860	952
861	1070
864	889
864	1223
864	1225
865	1196
865	1228
867	951
867	987
867	1195
868	920
868	978
868	1101
868	1222
870	1162
872	1222
873	922
873	981
874	946
875	903
875	934
875	1079
876	1059
878	1181
878	1236
880	1194
881	1208
882	1107
882	1259
882	1274
882	1278
883	1005
883	1026
883	1288
884	1111
885	1144
886	932
886	1103
886	1127
889	1167
889	1242
891	905
892	1007
892	1292
893	1003
894	1159
894	1297
895	917
895	1182
896	1024
897	942
897	1254
899	1009
899	1018
899	1102
900	1064
900	1095
900	1260
900	1285
902	996
902	1285
905	957
905	986
905	1170
906	953
906	1032
907	1158
908	909
909	1179
911	1275
913	982
913	1108
913	1218
916	949
916	1038
917	1208
917	1223
919	1249
920	1100
920	1101
920	1223
920	1272
922	995
922	1295
923	1081
923	1281
926	1013
926	1187
927	957
927	1223
928	1111
929	1076
930	1151
932	1260
933	1167
934	1085
935	1259
936	1296
937	1249
938	1229
938	1268
939	1010
939	1043
941	1026
941	1038
942	1122
943	1017
943	1101
944	967
944	1240
945	1052
946	1084
946	1124
946	1167
947	1225
949	1122
951	1111
953	1045
954	1080
954	1184
954	1239
955	1147
955	1153
956	1111
957	1115
957	1233
959	1162
961	1028
962	969
964	1106
966	973
967	1116
968	1122
970	991
974	1112
974	1161
974	1199
974	1206
975	1120
977	1011
979	1278
980	1064
980	1131
980	1188
984	1126
985	1245
987	1094
990	1025
991	1282
992	1164
993	1261
997	1161
998	1164
999	1021
1001	1225
1001	1296
1002	1256
1006	1299
1007	1139
1008	1181
1009	1176
1009	1197
1012	1074
1014	1114
1015	1041
1015	1194
1016	1203
1017	1040
1018	1137
1018	1298
1019	1166
1019	1225
1019	1281
1022	1267
1023	1214
1026	1107
1026	1254
1028	1109
1031	1042
1031	1179
1033	1154
1033	1172
1036	1094
1036	1193
1036	1268
1037	1046
1037	1177
1040	1130
1048	1140
1048	1271
1050	1107
1051	1192
1053	1079
1053	1100
1053	1148
1061	1112
1064	1120
1064	1181
1064	1190
1064	1238
1064	1266
1065	1252
1066	1177
1068	1179
1068	1250
1070	1159
1070	1275
1071	1129
1073	1134
1079	1094
1081	1141
1082	1123
1087	1169
1087	1176
1087	1272
1090	1186
1091	1110
1091	1155
1091	1291
1095	1286
1096	1200
1103	1146
1107	1221
1107	1249
1108	1218
1111	1297
1117	1188
1117	1207
1118	1142
1119	1165
1119	1266
1120	1153
1124	1157
1126	1177
1126	1208
1130	1287
1132	1263
1134	1222
1134	1231
1135	1258
1135	1283
1135	1289
1137	1225
1138	1264
1140	1205
1142	1224
1145	1152
1151	1277
1152	1247
1162	1209
1163	1296
1164	1228
1166	1275
1167	1204
1169	1230
1170	1206
1171	1214
1173	1195
1173	1204
1174	1234
1174	1242
1178	1249
1179	1182
1188	1265
1192	1201
1193	1237
1199	1286
1200	1286
1205	1281
1208	1244
1211	1274
1213	1225
1220	1261
1227	1285
1229	1256
1229	1288
1231	1253
1234	1292
1239	1260
1245	1255
1251	1270
1256	1259