0	241
1	33
1	110
1	128
1	254
1	621
1	837
1	876
1	1043
2	621
2	807
2	955
2	1065
2	1165
3	107
3	183
3	1150
4	161
4	849
4	916
5	30
5	237
5	891
5	1224
6	349
6	686
6	718
7	332
7	359
7	835
7	942
7	947
8	100
8	350
8	416
8	475
8	524
8	734
8	900
8	1255
9	265
9	315
9	472
9	609
9	626
10	448
11	632
11	714
11	940
12	448
12	911
12	1202
13	417
13	418
13	636
13	857
14	108
14	659
14	774
15	87
15	510
15	669
16	122
16	168
16	355
16	574
16	1131
16	1189
16	1208
17	647
17	727
17	838
17	899
17	1185
18	46
18	129
18	349
18	356
18	768
18	874
19	213
19	317
19	497
19	575
19	958
19	1183
20	70
20	865
21	179
21	545
21	771
22	57
22	786
22	1155
22	1239
23	224
23	736
24	253
24	671
24	710
24	846
24	1056
24	1124
25	318
25	811
25	894
26	84
26	503
26	589
26	915
26	982
26	1226
27	414
27	422
27	938
27	1135
27	1160
28	228
28	711
28	823
28	1105
29	77
29	528
29	762
29	833
29	1004
30	250
30	511
30	534
30	561
30	585
30	774
30	1110
31	50
31	96
31	169
31	249
31	720
31	890
32	293
32	318
32	938
32	1250
33	35
33	53
33	328
33	625
33	818
33	967
33	1143
34	226
34	352
34	1212
35	328
35	332
35	425
35	464
35	604
35	739
35	925
35	1108
35	1286
36	598
36	693
36	712
36	870
36	874
36	899
36	1212
36	1267
37	134
37	469
37	917
38	74
38	527
38	719
39	424
39	432
39	1066
40	75
40	172
40	640
40	839
40	841
40	923
40	1029
40	1036
41	445
41	611
41	735
41	968
41	971
41	1093
41	1254
42	922
42	1198
43	84
43	446
43	560
43	623
43	627
43	772
43	780
43	1219
44	405
44	585
44	808
44	965
44	1223
45	162
45	379
45	584
45	637
45	827
45	1145
45	1280
46	539
46	1049
46	1092
47	260
47	953
48	618
48	1206
49	103
49	300
49	312
49	648
49	783
49	948
49	987
49	1215
50	241
50	392
50	629
50	650
51	346
51	526
51	688
51	924
51	1156
52	55
52	225
52	248
52	266
52	532
52	589
52	649
52	783
52	968
52	1005
53	141
53	547
53	906
54	453
54	578
55	328
55	480
55	749
55	985
56	128
56	329
56	718
57	415
57	830
57	1243
58	419
58	750
58	835
58	1214
59	1050
60	82
60	90
60	330
60	331
60	356
60	730
60	742
61	193
61	274
61	333
61	948
62	364
63	550
63	619
63	638
63	1096
63	1241
64	300
64	424
64	780
65	744
65	870
65	902
65	941
66	828
66	1068
67	617
67	1169
68	630
68	991
68	994
68	1147
69	113
69	914
69	944
69	1131
69	1179
69	1260
70	144
70	200
70	275
70	486
70	575
70	801
70	1224
71	485
71	507
71	611
71	828
71	1143
72	115
72	288
72	590
73	142
73	151
73	228
73	251
73	292
73	346
73	974
74	153
75	328
75	442
75	500
75	761
75	999
75	1222
75	1290
76	148
76	224
76	352
76	578
76	868
76	874
76	1159
76	1171
76	1188
76	1218
77	163
77	635
77	683
78	169
78	344
78	893
78	1032
79	958
79	1230
80	570
81	99
81	797
81	926
82	130
82	215
82	656
83	321
83	742
83	759
83	1044
83	1197
84	236
84	267
84	323
84	512
84	887
84	923
84	984
84	1114
85	573
85	751
86	108
86	312
86	475
86	783
86	796
86	887
87	494
87	718
87	762
87	912
87	1273
88	179
88	327
88	603
88	932
89	285
89	304
89	428
89	910
90	363
90	619
90	832
90	875
90	1197
91	246
91	296
91	432
91	710
92	119
92	445
92	617
92	946
92	991
93	220
93	381
93	996
93	1116
94	500
94	1009
94	1209
95	245
95	276
95	389
95	456
95	519
95	708
95	985
95	1225
96	841
96	1012
96	1265
97	255
97	402
97	914
98	172
98	758
98	838
98	845
99	132
99	307
99	594
99	1074
100	187
100	262
101	114
101	193
101	584
101	697
101	1102
101	1291
102	300
102	306
103	916
104	296
104	529
104	658
105	209
105	793
105	924
105	1239
106	310
106	513
106	610
106	614
106	890
106	1299
107	404
107	575
107	912
108	758
108	904
109	886
109	966
109	1291
110	403
110	775
110	850
110	1114
110	1253
111	114
111	195
111	1124
111	1184
112	481
112	504
112	587
112	880
112	1019
112	1124
113	603
113	687
113	912
113	977
114	120
114	492
115	792
115	948
116	483
116	1293
117	156
117	408
117	1144
117	1272
118	269
118	885
118	912
118	917
118	1056
118	1130
119	143
119	601
119	954
119	1096
119	1206
120	410
120	648
120	947
120	1176
121	807
121	998
122	510
122	830
122	1163
123	691
123	764
123	952
124	332
124	798
124	1078
125	533
125	1001
126	165
126	331
126	404
126	1062
126	1192
127	535
127	1117
127	1223
128	135
128	170
128	572
128	1222
129	314
129	907
129	1049
129	1053
130	648
130	833
131	275
131	407
131	427
131	532
131	671
131	798
131	1228
132	167
132	400
132	829
132	896
132	1109
133	390
133	563
133	941
133	1185
134	297
134	433
134	558
134	722
134	1197
135	476
135	626
135	896
136	240
136	669
137	341
137	1013
137	1283
138	302
138	490
138	629
138	819
138	875
138	962
139	176
139	484
139	1239
139	1264
140	162
140	1012
141	457
141	602
141	721
142	298
142	705
143	565
143	753
143	768
143	1057
143	1064
144	311
144	978
144	1027
145	463
145	538
145	657
145	886
145	1203
145	1293
146	349
146	821
147	210
147	215
147	535
147	996
148	152
148	213
148	323
148	372
148	1074
149	598
149	875
149	1118
150	168
150	690
150	800
150	1206
151	630
151	772
151	1194
152	727
152	1287
153	197
153	509
153	1031
153	1126
154	392
154	491
154	536
154	821
155	709
155	872
156	294
156	461
156	922
156	1105
156	1208
157	1174
158	332
158	778
158	994
158	1141
158	1299
159	745
159	777
160	399
160	1219
161	239
161	1285
162	318
162	327
162	552
162	562
162	653
163	435
163	964
163	992
163	1176
164	382
164	741
164	1234
165	561
165	1182
165	1251
166	723
167	204
167	210
167	339
167	779
167	1132
167	1158
167	1222
168	400
168	766
168	1098
168	1276
169	213
170	762
170	937
170	1056
171	715
171	776
171	794
172	985
172	1189
173	536
173	689
173	696
173	1126
174	506
174	649
174	790
174	1051
175	326
175	381
175	448
175	454
175	523
176	341
176	563
176	1290
177	330
177	1164
178	623
178	852
178	861
178	863
178	954
178	1113
178	1125
178	1187
178	1228
179	537
179	562
179	678
179	1005
179	1193
180	213
180	240
180	298
181	1030
182	195
182	526
182	1146
182	1229
183	333
183	1078
183	1096
183	1127
183	1262
184	905
184	940
184	1147
184	1152
184	1258
184	1279
185	375
185	689
185	1264
186	406
187	316
187	344
187	485
187	979
187	1229
188	481
188	816
188	982
189	203
189	217
189	219
189	448
189	782
189	828
189	860
189	1139
190	229
190	275
190	452
190	949
191	335
191	634
191	1242
192	464
192	643
192	671
192	826
192	905
192	967
192	1236
193	279
193	1079
194	868
194	950
195	211
195	359
195	1021
196	840
196	1196
196	1279
197	328
197	693
197	994
198	376
198	400
198	1128
198	1238
199	509
199	569
199	900
199	1075
199	1148
199	1254
200	358
200	694
200	918
200	927
200	1056
201	1142
201	1288
202	438
202	447
202	451
203	271
203	348
203	582
203	771
203	773
203	977
203	1129
204	267
204	949
204	1149
204	1152
205	306
205	341
205	660
206	739
206	1126
207	267
207	844
208	1056
209	233
209	861
209	1167
209	1233
210	501
210	1048
210	1081
211	248
211	285
211	355
211	760
211	811
211	823
211	886
211	966
211	1287
212	436
212	584
212	769
212	776
212	1134
212	1222
213	404
213	1040
214	500
214	1077
215	765
215	900
215	1194
216	612
217	344
217	969
217	1112
218	867
218	1044
218	1168
219	265
219	497
219	594
219	719
219	747
219	914
219	1082
219	1193
219	1248
220	589
220	976
220	1263
220	1269
221	396
221	431
221	849
222	375
222	777
222	965
223	442
223	544
223	713
223	838
223	916
223	998
223	1077
223	1111
224	248
224	529
224	636
225	847
226	452
226	613
226	709
226	875
227	239
228	1054
228	1176
229	421
229	845
229	948
229	1034
230	480
231	308
231	354
232	553
232	768
232	876
232	941
232	1151
232	1167
233	460
233	577
233	886
233	934
233	1036
234	285
235	713
235	801
235	910
235	1282
236	810
236	1056
236	1061
238	429
238	894
239	761
239	981
239	1257
240	509
240	632
240	787
240	920
240	980
241	411
241	463
241	520
241	593
241	888
241	1113
241	1189
241	1299
242	510
242	875
243	934
243	1062
243	1198
244	676
244	735
244	871
244	880
244	885
244	1065
245	504
246	461
246	733
247	300
247	676
247	868
248	425
248	437
248	873
248	1094
248	1125
250	688
250	792
251	638
251	990
251	1164
252	297
253	551
253	553
254	535
254	700
254	1099
254	1213
255	431
255	1036
256	712
257	632
258	726
258	815
258	910
259	359
259	615
259	655
260	329
260	706
260	1287
261	297
261	962
261	1144
261	1259
262	566
262	652
262	947
263	271
263	284
263	534
263	628
263	643
263	773
263	1270
264	699
264	998
264	1060
264	1250
265	709
265	855
265	1110
266	401
266	518
266	690
267	724
268	350
268	445
268	455
268	491
268	633
268	642
268	668
268	1001
269	583
269	775
269	1282
270	281
270	498
270	783
270	1065
270	1272
271	315
271	809
271	840
272	279
272	655
273	344
273	1049
273	1131
274	615
274	679
274	998
274	1238
274	1270
275	435
275	469
275	494
275	720
276	869
276	1288
277	1178
277	1258
278	328
278	369
278	527
278	842
278	965
278	976
278	1265
279	316
279	398
279	713
279	914
279	937
280	316
280	866
281	550
281	768
281	968
282	450
282	871
282	966
282	1089
283	530
283	787
283	954
283	1003
283	1155
284	543
284	653
285	778
285	779
285	913
285	1160
286	435
286	962
286	1086
287	300
287	322
287	965
287	1241
288	520
288	1044
288	1081
289	655
289	992
289	1061
289	1258
290	319
290	348
290	891
290	1050
290	1081
291	760
291	785
291	853
291	1247
292	370
293	760
293	888
294	453
294	850
294	876
294	1134
294	1247
294	1275
295	349
295	449
295	802
295	1134
296	804
296	955
297	1096
297	1279
298	903
298	944
299	359
300	310
300	621
301	364
301	384
302	610
302	930
303	781
303	898
303	901
304	578
304	724
304	815
304	1206
305	508
305	559
305	852
306	436
306	787
306	1125
306	1145
307	761
307	1104
308	804
308	1026
308	1067
309	894
310	508
310	614
310	737
311	555
311	612
311	1124
312	954
313	392
313	477
313	943
314	430
314	600
314	705
315	346
316	430
316	576
316	635
316	719
316	783
316	931
317	355
317	482
318	566
318	671
318	1045
318	1110
319	397
319	505
319	1110
320	1050
321	824
321	968
322	366
322	578
322	975
323	601
323	909
323	933
323	994
323	1040
323	1129
323	1165
324	382
324	446
324	451
324	1013
324	1051
325	1203
325	1279
327	352
328	542
328	836
328	860
328	1088
329	612
329	867
329	960
330	452
330	667
330	829
330	834
330	837
331	650
332	411
332	494
333	705
333	946
334	479
334	1196
335	1012
335	1115
335	1247
336	402
336	482
336	663
336	849
336	1224
337	638
337	811
337	1210
338	340
338	389
338	489
338	1044
338	1190
338	1275
339	547
339	714
339	832
340	943
340	950
340	1084
340	1114
341	346
341	812
341	983
341	1145
342	1033
343	655
344	923
344	1001
344	1056
344	1062
345	539
345	746
345	834
345	841
345	1240
345	1274
346	827
347	876
347	945
347	1065
347	1113
347	1132
348	791
348	1006
349	1261
350	756
350	1177
351	647
351	942
351	1069
353	372
354	517
354	764
354	905
354	984
354	1144
354	1203
355	419
355	622
355	829
355	864
355	885
355	984
356	936
356	989
356	996
357	1112
357	1235
358	700
359	617
359	720
360	1171
361	768
361	891
361	963
362	488
362	863
362	1195
362	1273
363	844
363	1044
364	1112
365	402
365	483
365	890
365	998
365	1102
365	1279
366	393
366	1023
366	1121
367	372
367	446
367	461
368	436
368	588
368	769
368	888
368	978
368	1088
369	493
369	745
370	559
370	697
370	1159
371	650
371	662
371	767
371	1155
372	660
372	723
373	615
373	894
373	1005
373	1008
374	561
375	396
375	519
375	757
375	966
375	1049
376	424
376	737
376	1254
377	596
377	1220
378	656
378	781
378	850
378	1041
379	593
379	1219
379	1287
380	859
381	653
381	723
382	396
382	620
382	971
382	1077
382	1203
383	475
383	529
383	736
383	787
383	1095
384	482
384	595
384	792
384	890
384	1280
384	1287
385	408
385	832
385	971
385	1015
386	827
387	712
387	714
387	1017
387	1121
388	716
388	1160
389	775
389	922
389	1278
390	1146
391	814
391	1127
391	1193
391	1225
391	1280
392	756
392	1029
392	1083
393	615
393	754
393	1097
394	565
394	695
395	472
395	514
395	939
395	1118
396	1057
396	1133
396	1148
397	1290
398	436
398	1243
399	417
399	496
399	582
399	697
400	409
400	510
400	605
400	633
400	913
400	1217
401	407
401	427
401	822
401	1182
401	1229
402	794
402	940
403	716
403	1146
403	1253
404	852
404	1004
405	800
406	434
406	610
406	795
406	1182
408	411
409	514
409	643
409	658
409	1080
410	563
410	1223
411	506
412	673
412	879
412	970
412	1034
413	685
413	735
414	451
414	538
414	795
414	864
415	765
415	884
416	437
416	458
416	710
416	738
416	1096
417	625
417	1269
418	430
418	586
419	632
419	779
419	1030
419	1284
420	1065
420	1256
421	775
421	1046
421	1288
423	743
423	1080
423	1285
424	717
425	670
425	865
425	980
425	1117
426	1012
426	1153
426	1174
427	628
427	728
428	587
428	592
429	565
429	1193
430	622
430	677
430	700
430	1144
430	1188
430	1207
431	903
432	450
432	502
432	1059
432	1140
433	507
433	670
433	789
433	826
433	897
434	629
434	1162
434	1291
435	676
435	824
435	1085
435	1215
436	1116
437	676
437	1111
438	443
438	460
438	554
438	863
439	550
439	565
439	967
439	1117
439	1188
440	673
440	924
441	709
442	539
442	998
443	834
444	752
444	1147
444	1178
445	698
445	875
445	907
445	960
445	1043
447	614
447	621
447	1097
447	1234
448	666
448	848
448	1085
448	1173
448	1242
448	1266
449	725
449	1000
449	1130
449	1184
449	1195
450	472
450	617
450	765
450	1162
451	614
451	968
452	474
452	551
452	1173
452	1200
453	565
453	703
453	1040
454	638
454	1019
454	1217
456	709
456	749
456	835
456	955
456	972
458	591
458	1150
458	1205
459	882
459	1102
459	1231
460	537
460	590
460	1133
460	1215
461	981
461	1089
461	1138
462	528
462	702
462	1208
463	588
463	649
463	894
464	737
464	873
464	1146
465	621
465	961
465	1047
465	1086
466	1015
466	1147
467	513
467	1023
467	1141
468	775
468	780
468	791
469	542
469	681
469	871
469	1229
470	548
471	655
471	1020
471	1218
471	1293
472	573
472	678
472	926
472	1185
473	732
473	745
473	831
474	823
476	550
476	633
477	790
477	864
478	958
479	1259
480	697
481	1027
481	1220
482	928
482	1264
483	643
483	652
484	1010
484	1072
484	1127
484	1214
485	808
485	814
485	1213
485	1222
486	970
486	1053
487	1021
487	1058
488	551
488	597
488	668
488	669
488	1199
489	653
489	842
489	875
490	669
490	939
491	622
491	821
491	1184
492	987
492	1209
493	648
493	851
493	943
493	1096
494	770
495	1113
495	1271
496	577
496	603
496	609
496	743
496	924
496	976
497	864
497	1118
498	734
498	845
498	1197
499	550
499	1043
499	1097
499	1120
499	1241
501	565
501	832
502	1150
502	1185
503	831
503	967
503	1025
504	807
505	581
505	682
505	851
505	995
505	1283
506	833
506	912
506	981
506	1013
506	1119
507	739
507	1222
508	543
508	832
508	1286
509	674
509	1102
509	1157
509	1279
510	1070
511	829
511	1092
512	807
512	1109
513	749
513	1040
513	1126
514	534
514	746
514	762
514	822
514	844
514	1070
514	1106
515	559
515	593
515	696
516	647
516	929
516	1114
517	659
517	992
518	1176
518	1194
518	1272
519	914
520	536
520	627
520	845
521	1098
521	1148
521	1158
522	612
522	796
522	907
522	1209
523	709
524	737
524	1168
525	1024
525	1112
525	1173
527	667
527	682
527	767
527	953
527	1040
528	860
529	610
529	725
529	980
529	1207
530	561
530	627
530	1042
530	1287
531	768
532	599
533	894
533	1065
534	716
534	740
534	785
534	1151
535	1221
536	857
536	946
537	625
537	732
537	1101
537	1283
538	620
538	801
538	1065
538	1262
539	625
539	1218
540	1077
540	1224
541	587
541	593
541	1198
542	1132
543	620
543	669
543	1124
543	1164
544	614
544	867
544	958
544	983
546	670
546	1003
546	1052
547	955
547	969
548	1070
549	673
549	706
549	903
549	924
549	1141
550	698
550	811
550	1038
550	1064
550	1147
550	1188
551	919
552	658
552	707
552	848
554	613
555	884
556	559
556	767
556	846
556	1158
557	581
557	755
557	963
557	1022
558	926
558	1232
559	677
559	1285
560	738
560	760
560	1081
561	580
561	825
562	585
562	586
562	1148
563	761
563	1258
564	705
564	768
564	846
565	602
565	986
565	1032
567	695
568	973
569	657
569	946
570	949
570	1041
570	1088
570	1116
571	1273
573	811
573	1048
573	1140
574	705
574	872
576	839
576	919
576	1084
576	1243
577	583
578	758
578	1137
579	895
579	1119
580	749
580	778
581	659
582	620
582	740
582	1024
583	1147
583	1250
584	808
585	769
586	1174
587	738
588	762
588	830
588	984
589	592
589	803
589	900
589	1084
590	751
590	937
590	1029
591	661
591	758
593	634
593	1009
593	1013
593	1060
593	1246
593	1294
594	917
596	843
596	891
596	1252
597	673
597	802
597	1107
598	762
598	1211
599	1085
600	728
600	1093
600	1295
601	1034
601	1050
601	1223
602	688
603	681
604	676
604	733
605	765
605	774
605	915
606	614
606	647
606	804
606	1023
607	896
607	1185
608	1189
609	705
609	805
609	1199
611	921
611	979
611	995
612	661
612	724
612	745
613	799
613	844
613	1097
614	1082
615	627
616	803
616	892
616	1243
617	1056
617	1075
618	793
618	1004
619	758
619	762
620	881
621	813
621	1119
622	1178
624	655
625	1035
625	1051
625	1159
627	798
628	661
628	995
628	1004
629	651
629	833
629	851
629	861
629	970
629	1234
630	681
630	998
631	676
631	848
631	1085
633	1007
633	1198
634	977
634	1134
634	1231
635	969
635	1056
635	1059
635	1162
635	1296
636	942
637	1105
637	1204
637	1246
638	845
639	801
639	886
639	964
639	1017
639	1043
641	820
641	938
641	1059
641	1066
641	1225
643	704
643	952
643	1093
643	1241
644	761
645	839
645	987
646	916
646	1068
647	690
647	774
647	1260
648	786
648	788
648	938
648	1027
648	1074
648	1220
649	843
649	879
649	1137
650	713
650	776
650	817
650	1230
650	1260
651	675
651	746
651	875
651	1293
652	788
652	887
653	762
654	788
654	899
654	1074
654	1298
655	781
656	968
657	728
657	732
657	797
657	936
658	1011
658	1073
658	1082
658	1120
660	1070
661	1234
662	698
662	742
662	746
662	941
662	1002
662	1039
663	1123
664	852
665	1061
665	1112
665	1168
666	923
666	1018
666	1236
667	709
667	882
667	899
667	971
669	1245
670	987
670	1063
670	1252
671	762
671	887
671	996
672	806
672	1047
672	1056
673	827
673	1233
674	1249
675	917
675	960
676	752
676	1108
677	979
677	1147
678	682
678	728
678	782
678	977
678	1152
678	1199
679	1008
679	1125
680	1087
680	1295
681	695
681	769
681	1228
682	1022
682	1037
684	1156
685	826
686	1024
687	1167
688	751
688	888
688	1090
688	1190
689	859
689	975
689	1119
689	1124
690	972
690	1120
690	1268
692	731
693	821
693	908
693	1190
694	1214
695	749
696	812
696	1223
696	1275
697	819
697	1270
698	703
699	838
699	1185
699	1268
701	937
701	1160
702	904
702	1136
703	809
703	887
703	1215
703	1216
704	844
704	1285
705	799
706	1190
707	1087
707	1160
708	857
708	1067
708	1129
709	758
709	823
711	996
712	1021
713	786
713	1130
713	1185
714	1072
714	1202
714	1236
715	929
716	815
717	772
718	868
718	889
718	988
718	1048
718	1247
719	911
719	1026
719	1275
719	1286
720	810
720	1021
721	1062
722	841
723	790
723	834
723	889
723	945
724	1183
724	1284
725	902
725	1237
726	800
726	1284
728	784
728	927
728	1224
729	856
729	1250
730	773
730	874
730	948
730	1014
730	1062
731	889
731	1000
731	1230
732	1190
734	935
734	1240
735	838
735	1015
736	1018
736	1094
736	1124
737	829
737	922
737	983
739	957
739	1005
740	793
740	901
740	1143
740	1178
740	1219
741	895
741	965
741	973
741	1071
742	905
742	998
743	882
743	993
745	767
745	960
745	1040
745	1081
746	831
746	1196
747	983
747	1221
748	863
750	1063
751	803
751	911
751	1157
752	901
753	995
753	1235
754	817
755	1288
756	1116
756	1189
756	1209
757	994
757	1057
757	1127
757	1248
758	849
758	1176
758	1239
759	897
759	1055
759	1090
761	1063
762	1184
762	1209
763	947
763	1186
764	801
764	1183
767	782
767	976
768	790
768	984
768	1033
770	1091
770	1129
770	1218
771	1147
772	798
772	903
772	1260
773	1185
773	1224
774	1091
774	1239
775	1202
775	1297
776	881
776	884
777	991
777	1060
778	927
779	958
779	976
780	1049
781	1243
781	1290
782	855
782	1172
782	1234
783	1082
783	1212
784	886
784	1175
784	1228
785	901
785	951
785	981
785	1070
785	1113
785	1165
786	1030
788	882
788	931
788	992
788	1034
789	815
789	952
792	988
792	1240
793	1292
794	822
794	992
794	1088
794	1245
795	1205
796	833
796	932
796	1214
797	1067
797	1250
798	1230
799	1076
799	1086
800	856
800	1020
800	1228
801	1127
801	1225
802	989
803	927
803	954
804	1015
806	862
807	1227
808	956
808	1246
809	1068
809	1237
809	1289
811	1034
812	859
812	881
812	1051
812	1122
813	948
813	1139
817	933
817	1272
818	940
818	1245
819	1208
821	952
822	1077
822	1240
823	1107
824	953
824	1197
824	1284
825	1006
825	1061
825	1252
825	1287
826	858
827	1162
828	890
828	1174
828	1199
829	1113
829	1140
830	1166
830	1240
831	1103
832	887
832	1058
833	851
833	914
833	1197
836	985
836	1258
839	877
840	869
840	981
840	1180
841	939
841	1272
842	931
842	1023
843	896
843	947
843	1214
844	1190
845	1147
846	1014
847	853
847	1278
848	1267
848	1268
849	1125
849	1163
850	863
850	883
850	1125
851	1014
852	1089
853	1178
854	861
854	1290
855	1095
855	1137
855	1140
855	1196
857	914
857	1080
858	921
858	1218
859	956
860	903
860	1030
860	1080
860	1177
861	862
861	897
861	1126
861	1165
862	1248
863	899
863	1253
864	920
865	927
865	1245
866	1083
866	1204
867	1119
868	871
868	992
868	1214
868	1289
869	921
869	979
869	987
871	967
871	1118
871	1214
871	1224
871	1284
872	916
872	919
873	991
873	1059
875	990
875	1294
876	1063
877	1054
878	920
878	1279
879	1036
880	1170
880	1191
880	1196
881	1229
882	1120
882	1261
883	1029
883	1163
884	1199
885	911
886	995
886	1203
888	1064
889	953
889	1211
890	1094
891	1102
894	968
894	1214
895	919
895	1077
896	946
896	975
901	1001
901	1118
902	973
903	1073
903	1204
905	936
906	949
907	1064
908	1239
910	1046
910	1187
910	1196
910	1290
911	1083
911	1252
912	940
912	1000
912	1284
913	1069
913	1247
914	1147
915	1108
915	1255
917	1259
918	967
918	1097
920	1289
923	1269
924	1022
924	1042
924	1258
930	1273
934	978
935	1137
936	1172
938	947
939	1012
940	1018
940	1072
942	962
942	1028
943	1060
943	1207
944	1166
945	1086
945	1174
945	1251
946	1010
946	1167
946	1213
947	1032
950	1126
951	1263
951	1297
952	1132
953	1213
955	1187
956	1050
956	1198
957	1051
959	1010
961	1085
961	1160
961	1170
961	1208
962	1033
963	1247
964	984
964	997
964	1051
964	1057
965	1047
965	1272
966	972
966	981
966	1026
968	1051
969	1003
969	1265
970	1146
970	1239
972	1113
973	1086
973	1278
975	1051
976	1274
983	1025
983	1281
984	1114
985	1013
985	1169
985	1261
986	1085
986	1208
987	999
988	1224
990	1234
992	1203
992	1206
994	1073
996	1077
999	1274
1000	1204
1002	1148
1002	1204
1003	1011
1003	1161
1003	1175
1004	1008
1005	1247
1009	1165
1011	1167
1015	1119
1015	1154
1015	1164
1016	1217
1016	1240
1018	1040
1018	1059
1019	1280
1021	1118
1021	1179
1022	1263
1023	1119
1024	1268
1025	1038
1026	1183
1027	1155
1029	1079
1030	1215
1031	1137
1033	1272
1036	1066
1040	1059
1040	1275
1041	1169
1043	1184
1043	1297
1048	1064
1048	1278
1049	1130
1053	1098
1053	1251
1054	1297
1055	1283
1056	1191
1057	1191
1057	1221
1058	1227
1059	1107
1060	1281
1061	1066
1061	1254
1061	1277
1065	1296
1066	1244
1066	1272
1067	1269
1068	1118
1069	1138
1069	1184
1069	1276
1070	1100
1071	1247
1072	1131
1072	1156
1073	1221
1074	1164
1077	1141
1080	1115
1081	1226
1083	1115
1087	1150
1088	1140
1092	1172
1093	1173
1093	1243
1094	1124
1094	1225
1095	1181
1098	1188
1102	1184
1105	1144
1105	1184
1106	1260
1110	1136
1110	1291
1113	1133
1118	1291
1119	1156
1123	1203
1123	1232
1124	1272
1130	1288
1131	1161
1131	1244
1133	1212
1137	1222
1141	1233
1143	1251
1150	1257
1151	1238
1157	1230
1158	1184
1158	1221
1161	1172
1167	1169
1169	1230
1174	1178
1175	1270
1178	1185
1178	1286
1179	1262
1186	1195
1187	1208
1193	1261
1194	1246
1195	1261
1198	1297
1201	1214
1202	1211
1204	1248
1213	1281
1213	1294
1213	1295
1214	1263
1217	1241
1218	1272
1230	1266
1231	1286
1232	1247
1234	1255
1237	1290
1239	1291
1241	1277
1253	1273
1270	1275