0	331
0	390
0	748
1	535
1	548
1	587
1	636
2	42
2	107
2	148
2	177
2	829
2	962
3	50
3	1032
3	1041
4	623
4	937
4	1147
5	676
5	737
5	946
5	978
5	1110
6	730
7	432
7	797
8	426
8	669
8	808
8	1024
8	1038
8	1071
8	1080
8	1123
8	1194
9	435
9	517
9	1038
10	335
10	474
10	873
10	1214
11	258
11	776
12	588
12	1042
13	1055
14	23
14	43
14	111
14	357
14	632
14	833
14	959
15	549
15	861
15	1030
15	1220
16	866
16	987
16	1057
17	155
17	751
17	781
17	877
17	914
17	1140
17	1171
18	286
18	630
18	864
18	1186
18	1293
19	41
19	911
20	258
20	537
20	894
20	1124
21	194
21	1168
21	1292
22	446
23	37
23	466
23	921
23	1014
24	439
25	534
25	790
25	860
25	878
25	907
26	173
26	432
26	444
27	135
27	176
27	860
27	1174
28	454
28	500
28	889
28	900
28	1008
29	455
29	921
29	1100
30	143
30	378
30	444
30	695
30	761
31	110
31	417
31	1233
32	188
32	795
32	925
32	1017
32	1075
33	482
33	592
33	707
33	1095
33	1282
34	994
35	479
35	516
35	667
35	989
36	491
36	1060
37	475
37	498
37	873
37	1070
38	883
39	84
39	253
39	354
40	86
40	121
41	48
41	942
41	1188
42	245
42	433
42	441
42	758
42	1242
43	99
43	184
43	359
43	641
43	785
43	854
43	935
44	75
44	833
45	239
45	677
46	551
46	980
46	1243
47	76
47	160
47	337
47	350
47	658
47	869
47	1161
48	52
48	91
48	94
48	216
48	458
48	592
48	1168
49	464
49	834
49	1217
50	90
50	194
50	427
50	654
51	78
51	120
51	274
51	976
52	347
52	661
52	909
52	1047
53	149
53	469
53	506
53	864
53	890
53	904
53	1093
54	420
55	276
55	554
55	565
55	688
55	763
55	1115
56	100
56	586
56	798
57	350
57	942
58	527
58	1145
58	1190
59	76
59	271
59	556
60	242
60	272
60	632
60	650
60	751
60	1140
61	102
61	706
61	789
61	941
62	592
62	1080
63	232
63	628
63	766
64	771
64	1053
65	68
65	369
65	1024
65	1038
66	220
66	259
66	742
66	880
66	943
67	645
67	796
68	86
68	793
68	856
68	1104
68	1264
69	98
69	233
69	1100
70	128
70	493
70	607
70	627
70	753
70	859
70	1045
70	1142
71	360
71	680
72	460
72	1092
73	127
73	329
73	341
73	1003
73	1259
74	96
74	377
74	447
74	610
74	692
74	722
74	973
74	1019
75	686
75	1212
76	761
76	1018
76	1054
76	1169
76	1260
77	110
77	281
77	389
77	427
77	807
77	948
78	258
78	904
78	929
78	1278
79	193
79	228
79	583
79	1085
80	844
80	879
80	1208
81	558
81	1037
81	1183
82	211
82	549
82	1223
83	256
83	384
83	488
83	862
83	883
83	1212
83	1258
84	243
85	805
85	999
85	1044
86	334
86	369
86	384
86	624
86	786
86	973
87	314
87	729
87	803
87	826
87	1147
88	245
89	166
89	233
89	286
89	389
89	482
89	673
89	694
89	932
89	1158
90	253
90	621
90	868
90	930
90	1116
90	1133
90	1230
91	219
91	402
91	1063
91	1284
92	362
92	613
92	740
92	761
92	816
93	163
93	278
93	321
93	404
93	514
93	530
93	566
93	624
93	625
93	1179
94	996
94	1171
95	145
95	571
95	1118
95	1298
96	523
96	546
96	877
97	211
97	268
97	525
97	668
97	1120
97	1176
98	121
98	554
98	786
98	1010
99	425
99	443
99	513
99	627
99	720
99	1109
99	1170
100	587
100	1002
101	432
101	1255
102	416
102	791
102	1280
103	462
103	612
103	851
103	1256
104	387
104	887
104	953
105	195
105	271
105	451
106	667
106	772
106	781
106	845
106	927
106	1177
107	156
107	454
107	586
107	663
108	462
108	463
108	715
108	762
108	1168
109	298
109	478
109	590
109	642
109	1247
110	211
110	364
110	1283
111	449
111	566
111	940
111	1156
112	309
112	1101
112	1242
113	769
114	349
114	521
114	655
114	1157
115	1104
115	1287
115	1290
116	454
116	735
116	965
116	1139
117	460
117	495
117	781
117	1168
117	1296
118	255
118	1081
119	233
119	303
119	450
120	260
120	317
120	873
120	1208
121	142
121	226
121	538
121	646
121	754
121	838
121	1025
121	1267
122	153
122	211
122	278
122	325
122	398
122	480
122	656
122	891
122	1002
123	426
123	505
123	689
124	918
125	177
125	269
125	646
126	269
126	896
127	242
127	405
127	656
127	717
127	726
127	775
127	980
127	1264
128	308
128	382
128	1118
129	182
129	478
129	1074
130	1061
131	146
131	288
131	1239
132	143
132	163
132	330
132	1081
132	1194
133	219
133	230
133	442
133	1124
133	1173
133	1230
134	714
134	1064
135	213
135	238
135	499
135	541
135	831
136	583
136	1189
137	592
137	651
138	196
138	455
138	1209
139	1046
140	514
140	562
140	752
141	477
141	804
141	1134
141	1271
142	542
142	545
142	757
142	870
142	1184
142	1207
143	364
143	557
143	903
143	1005
144	491
144	650
144	1077
145	510
145	566
145	1117
145	1275
146	561
146	731
146	767
146	911
146	1176
147	842
148	546
148	663
148	835
149	492
149	646
149	823
149	1177
150	320
150	436
150	491
150	768
150	877
151	202
151	242
151	293
151	473
151	577
152	368
152	591
152	919
153	1138
153	1259
154	206
154	355
154	385
154	530
154	724
154	966
154	1115
155	449
155	513
155	644
155	771
155	814
156	699
156	737
156	780
156	804
156	1204
157	182
157	538
157	649
157	1224
158	168
158	499
158	1123
158	1176
159	854
159	943
160	274
160	330
160	810
160	1052
160	1104
161	433
161	599
161	665
161	1190
162	706
162	791
162	928
163	390
163	974
163	1130
163	1159
164	652
164	829
165	335
165	558
165	601
165	604
165	792
165	816
166	176
166	298
166	709
166	1043
167	380
167	508
167	618
167	839
167	869
167	888
168	521
168	1010
169	293
169	804
169	913
169	993
169	1147
170	441
170	626
170	726
170	887
171	352
171	781
171	866
171	1079
171	1104
171	1134
172	621
172	878
172	1234
172	1287
173	190
173	248
174	196
174	256
174	329
174	368
174	996
175	692
175	704
175	1010
175	1273
176	865
176	873
176	901
176	911
176	949
176	1041
176	1076
177	608
177	752
177	1053
177	1247
177	1250
178	694
178	1126
178	1239
179	361
179	607
179	612
179	784
179	990
179	1188
180	337
180	596
180	1258
181	213
181	266
181	741
181	974
182	390
182	499
182	644
182	1126
182	1147
183	485
183	698
184	341
184	519
184	723
184	906
184	1264
185	225
185	603
185	745
186	226
186	339
186	427
186	941
187	322
187	1191
187	1281
188	690
188	716
188	920
189	737
189	1185
190	351
190	462
190	880
190	889
190	1280
191	1076
192	789
192	988
192	1237
193	265
193	665
193	827
193	863
194	857
194	864
194	1182
194	1244
195	684
195	823
195	1168
195	1249
197	549
198	567
198	886
199	376
199	488
199	708
199	830
199	1062
199	1210
200	289
200	330
200	889
200	1023
201	1052
201	1055
202	240
202	293
202	826
202	901
202	934
202	1261
203	211
203	362
203	680
203	723
203	929
203	1157
204	277
204	329
204	483
204	655
204	912
204	1101
204	1265
205	1177
206	448
206	602
206	1136
206	1215
207	435
207	481
207	817
208	1036
208	1071
208	1104
209	590
209	656
209	692
209	1104
210	486
210	742
210	1126
211	433
211	1198
212	449
212	560
212	975
212	1123
213	275
213	384
213	464
213	681
213	723
213	860
213	896
214	590
215	420
215	578
215	1151
216	390
216	639
216	1127
217	544
218	525
218	676
219	340
219	441
219	449
219	710
219	1279
220	519
220	666
220	958
220	1035
220	1209
220	1227
221	583
221	605
221	848
221	1012
221	1187
222	380
222	610
222	1009
223	345
223	579
224	326
224	410
225	280
225	382
225	428
225	1045
225	1235
226	381
226	633
226	810
226	885
226	988
226	1027
226	1127
227	414
227	565
227	614
227	712
227	893
227	1056
228	523
228	1150
228	1194
228	1276
228	1292
229	981
230	673
230	720
230	947
230	1253
231	538
231	541
231	686
231	799
232	1189
233	259
233	342
233	1249
234	1010
235	684
235	1100
236	404
236	1056
236	1071
236	1115
237	431
238	847
238	967
238	1010
238	1023
238	1036
238	1122
238	1238
239	282
239	510
239	744
240	853
240	871
240	1174
240	1193
240	1240
241	270
241	861
241	1105
242	725
242	954
242	1009
243	409
243	527
243	680
243	1127
244	518
244	562
244	950
244	1116
244	1154
245	275
245	931
245	1051
245	1285
246	460
246	653
246	811
246	836
247	268
247	340
247	547
247	686
247	1046
248	309
248	326
248	432
248	763
248	1067
249	741
249	1037
250	511
250	726
251	774
252	418
252	929
252	1033
253	297
253	991
253	995
253	1040
254	700
255	331
255	557
255	618
255	678
255	788
255	1037
255	1280
257	550
257	789
257	931
258	365
258	408
258	793
259	441
259	699
259	779
259	904
259	951
260	730
260	1299
261	300
261	668
261	1133
261	1241
262	520
262	568
262	1125
262	1141
262	1197
263	500
263	624
263	1294
264	883
264	889
264	977
265	763
266	365
266	860
266	981
267	617
267	829
268	424
268	635
268	1040
269	479
269	596
269	621
269	1226
269	1289
270	667
270	744
270	784
270	1088
270	1094
271	858
271	997
271	1000
271	1159
272	822
273	877
273	986
274	293
274	468
274	1149
275	595
275	781
276	317
276	353
276	393
277	374
277	1024
278	583
278	800
279	417
279	879
279	983
279	1215
280	550
280	700
280	1102
280	1164
280	1224
281	533
281	587
281	767
281	795
281	865
281	1213
282	647
282	832
283	297
283	702
283	775
283	928
283	1198
284	708
284	739
284	778
285	295
285	303
285	736
285	1051
285	1226
285	1283
286	492
286	1047
287	676
287	1134
288	380
288	1197
289	654
289	1261
290	346
290	590
290	700
290	726
290	732
290	951
290	1204
291	411
291	418
291	692
291	778
291	1045
292	339
292	391
292	548
292	870
292	1189
293	386
293	731
293	838
294	309
294	825
294	963
294	1014
295	370
296	942
296	1091
296	1296
297	977
297	980
298	909
299	1045
300	443
300	963
301	630
301	1229
302	507
302	703
302	791
302	929
302	989
302	1003
302	1287
303	374
303	592
303	983
304	832
304	1237
305	434
305	730
306	945
306	1060
306	1087
306	1235
307	1015
307	1147
308	456
308	962
308	973
308	1136
308	1141
308	1164
308	1251
308	1253
309	394
309	772
309	1042
309	1276
310	957
310	1194
311	332
312	851
312	861
312	903
312	1046
313	519
313	711
313	847
313	1074
313	1194
314	884
314	981
314	1093
314	1099
315	1189
316	924
316	958
317	340
317	995
317	1181
318	329
318	386
318	398
318	915
319	783
320	1072
320	1095
320	1145
321	846
321	955
322	1234
323	980
324	546
324	587
324	621
324	629
324	1029
324	1294
324	1299
325	987
325	1140
326	345
326	446
326	485
326	786
326	988
327	778
327	879
327	1274
328	815
328	947
329	787
330	419
330	498
330	580
330	905
330	1190
330	1281
331	609
331	814
331	840
331	1023
331	1094
331	1199
331	1216
332	842
333	1137
333	1170
333	1296
334	461
334	1019
334	1152
335	398
335	614
335	1141
336	544
336	808
336	828
336	1017
337	546
337	623
337	799
337	1048
337	1112
338	617
338	823
338	1174
340	548
340	610
340	1015
341	1121
342	457
342	665
342	688
343	966
343	1262
344	976
344	1081
344	1126
344	1281
345	403
345	482
345	879
345	1168
346	404
346	579
346	723
346	792
347	519
347	651
347	1040
347	1076
347	1276
348	1088
349	813
349	971
349	1034
350	1142
350	1248
351	458
351	784
353	520
353	677
353	863
353	1132
354	737
354	1025
354	1162
354	1185
355	609
355	854
355	870
356	1008
357	696
357	842
357	1083
358	446
358	825
359	523
359	593
359	978
359	1057
360	393
360	574
360	889
360	937
361	375
361	549
362	1068
362	1081
362	1116
363	591
363	768
363	1260
364	657
364	780
365	564
365	573
365	636
365	909
365	1230
366	405
366	517
366	662
366	1144
367	384
367	637
367	713
367	1078
368	574
368	622
368	736
368	739
368	842
368	1073
369	442
369	1035
370	400
370	718
370	1201
370	1227
370	1299
371	498
371	909
372	996
372	1120
372	1203
372	1262
373	499
373	662
374	575
374	704
374	905
374	1068
374	1250
375	400
375	408
375	598
375	926
375	965
376	434
376	460
376	682
376	743
376	1098
377	494
377	917
378	627
378	648
378	759
378	891
378	909
379	437
379	591
379	1047
379	1243
379	1249
380	1032
381	860
382	489
382	751
382	921
382	1294
383	656
384	633
384	783
384	929
384	1003
385	584
385	731
385	762
385	840
385	1136
385	1200
386	786
386	847
386	1116
387	1055
388	545
389	770
389	1062
390	668
390	961
390	997
391	407
391	658
391	773
391	992
392	493
392	611
392	829
393	648
395	914
396	401
396	670
396	715
396	1249
397	573
398	521
398	1010
398	1174
399	484
399	778
399	1025
400	1034
400	1072
401	437
401	778
401	1299
402	553
402	687
403	418
403	1144
404	1033
405	700
406	459
406	605
406	736
406	788
407	883
408	409
408	803
408	821
408	998
409	1174
410	514
410	727
410	736
410	938
410	1078
410	1278
411	1107
412	483
412	881
412	983
412	1100
412	1207
412	1278
413	1287
414	419
414	594
414	1243
415	549
415	735
416	516
416	1139
417	682
417	843
417	1023
417	1217
418	839
419	592
419	1094
419	1127
419	1202
419	1224
420	523
420	929
420	1251
421	606
421	1021
422	1141
423	704
423	763
423	948
424	430
424	465
424	1279
425	430
425	984
426	811
426	1088
426	1140
427	667
427	900
427	1053
427	1226
428	616
429	997
429	1206
429	1253
429	1281
430	1030
430	1168
431	442
431	769
431	994
432	493
432	746
433	511
433	944
434	866
435	1049
435	1135
435	1182
435	1231
436	593
436	661
436	972
436	1011
437	914
438	900
439	764
439	933
439	1197
439	1199
440	770
440	840
440	1029
440	1076
441	444
441	766
441	1246
442	671
442	903
443	607
443	736
444	649
444	1140
445	748
445	917
445	1106
446	529
446	539
446	729
446	1227
446	1231
447	825
448	521
450	856
450	965
451	675
451	745
451	1059
452	745
452	987
452	1033
452	1058
452	1107
452	1142
452	1171
453	833
453	911
453	1011
454	638
454	719
454	731
454	792
455	614
455	910
455	1178
456	477
456	721
456	1100
456	1114
457	793
457	923
458	547
458	891
458	931
458	1081
459	567
459	608
459	737
459	1116
459	1288
460	617
460	938
460	1031
460	1084
461	765
461	1240
462	572
462	876
462	1188
462	1267
463	539
464	483
464	685
464	801
464	929
464	1007
464	1108
465	531
465	592
465	691
466	636
466	768
466	1110
466	1299
467	1140
467	1279
468	535
468	645
468	933
468	1018
468	1186
469	678
469	1126
470	589
470	1199
471	687
472	508
473	535
473	755
474	976
474	1125
475	594
475	1267
476	633
476	675
477	683
477	890
477	1165
477	1237
478	661
478	908
478	1074
479	760
479	1210
479	1280
480	1258
481	1111
481	1133
482	742
482	938
483	991
483	1067
483	1188
484	1061
484	1137
485	865
485	950
485	1031
485	1073
485	1187
486	756
486	1239
487	490
487	553
487	983
487	1045
487	1191
488	575
488	840
488	1223
488	1285
489	500
489	695
489	1105
490	1088
490	1114
491	1025
492	870
493	833
493	915
493	1224
494	710
494	831
494	940
494	1018
495	791
495	1013
496	979
496	1038
496	1098
497	1028
498	885
498	999
498	1006
499	502
499	750
499	819
500	570
500	782
500	1247
501	637
502	1032
502	1278
503	1089
503	1142
504	654
505	963
506	679
508	836
508	1091
509	952
509	1012
509	1022
510	918
510	1149
510	1291
511	531
511	661
511	706
511	965
512	589
512	785
512	792
512	1281
513	975
514	681
514	1033
514	1132
515	842
517	630
517	793
518	750
518	764
519	705
519	1001
519	1213
520	693
522	559
523	620
523	775
523	1173
524	687
524	921
525	664
525	688
525	861
525	1038
526	723
526	974
526	1000
526	1229
527	616
527	702
527	1063
527	1289
528	885
529	565
529	1227
531	777
531	1100
531	1107
532	852
532	938
533	667
533	669
533	798
533	807
533	1071
533	1075
534	705
534	981
534	1114
535	815
535	1050
536	1043
537	562
537	1095
538	575
539	716
539	838
539	865
540	699
540	954
542	573
542	767
542	1001
543	596
543	648
543	1019
544	807
544	946
545	613
545	678
545	919
546	665
546	733
547	715
547	826
547	1127
548	918
548	1221
549	994
549	1166
549	1229
550	576
550	754
550	1069
551	626
551	1055
551	1115
551	1234
552	739
553	872
553	1154
554	903
554	1008
554	1123
554	1265
555	766
555	853
556	591
556	826
556	1177
557	883
557	973
558	673
559	790
559	883
559	1137
560	697
560	897
561	676
561	1061
561	1113
561	1115
562	978
562	1165
563	1053
564	1035
564	1114
565	708
566	660
566	1025
566	1119
568	616
568	742
568	806
568	824
568	1198
569	1264
570	641
570	905
570	985
571	1177
573	1001
573	1053
574	633
574	1087
574	1151
575	750
575	796
575	945
575	1181
576	837
576	1055
577	726
577	769
577	805
577	1108
577	1269
578	878
578	1212
579	640
579	693
579	804
579	1040
580	679
580	882
580	992
580	998
580	1010
581	974
582	737
582	751
582	929
583	845
583	1034
583	1079
584	653
584	1143
585	1033
585	1053
586	1182
587	588
587	670
587	768
587	845
587	1157
587	1183
588	923
589	795
590	753
590	928
592	661
592	704
592	830
592	1078
592	1145
592	1219
593	745
593	1036
593	1210
594	1023
595	601
595	901
596	1158
597	634
597	929
597	1122
597	1223
598	672
598	1163
599	676
599	922
599	1008
600	908
601	696
601	747
602	1001
602	1009
602	1079
602	1154
602	1187
603	704
603	1075
603	1258
604	1239
604	1274
605	724
605	1038
606	1054
607	982
607	1179
609	723
609	826
609	905
609	1222
610	650
610	1025
611	788
613	813
613	971
614	621
615	796
616	693
616	946
616	1102
616	1177
617	790
617	1193
617	1272
618	658
618	714
618	1044
618	1225
618	1295
619	707
619	781
620	655
620	911
620	965
624	626
624	654
624	751
624	982
624	1014
624	1018
625	790
625	1215
626	673
626	840
626	964
626	1001
627	730
627	1263
628	1034
629	1155
630	674
630	679
630	684
630	895
631	1007
632	752
632	1093
633	651
633	1272
635	833
635	889
636	713
636	840
636	851
636	1236
637	844
637	1154
638	1017
639	929
639	944
640	828
640	905
640	1207
641	730
641	782
641	917
641	1180
642	781
642	784
642	966
642	1083
642	1123
642	1130
643	790
644	1022
644	1261
645	681
647	945
647	1000
648	846
648	979
649	783
649	1009
649	1247
650	1251
650	1265
651	1066
651	1175
652	700
652	968
652	1021
653	721
654	893
654	987
654	1174
655	1078
656	754
656	811
656	821
657	726
657	986
657	1191
658	765
658	851
658	1023
659	677
660	1238
662	803
662	990
662	1207
664	983
664	1134
664	1273
665	691
665	921
665	979
665	1141
665	1293
667	781
667	900
668	771
668	802
668	958
668	1002
669	687
669	701
669	752
669	904
669	908
669	1177
670	1003
670	1031
671	689
671	894
674	911
675	920
676	696
677	712
677	977
678	760
678	1177
680	777
682	735
682	1227
683	1122
683	1145
684	1177
685	818
685	991
685	1115
685	1222
686	835
686	1130
687	1189
688	823
690	748
691	735
691	836
692	1146
693	894
693	1268
694	707
694	1000
694	1277
695	1080
695	1153
696	935
696	1054
697	713
697	1098
697	1100
697	1148
699	962
699	1000
699	1090
701	788
702	771
702	780
703	721
703	955
704	990
704	1234
705	792
705	947
705	1142
706	825
706	1212
707	965
708	814
708	1103
709	726
709	844
710	733
710	1007
710	1203
711	1264
713	961
713	1081
713	1265
714	766
714	826
714	957
714	1000
714	1281
715	1072
715	1140
716	842
716	953
717	1134
718	780
718	788
718	1263
719	749
719	912
719	1041
719	1282
720	747
720	792
720	862
720	1009
720	1266
721	908
722	746
722	1050
724	1004
725	1238
725	1258
726	942
726	1091
727	859
727	1246
728	922
728	972
728	1206
729	1007
730	820
730	1243
731	939
733	852
733	908
733	911
733	919
733	1032
733	1077
733	1208
733	1219
734	1190
735	793
735	924
735	952
735	1017
737	1045
737	1200
738	778
738	974
739	1186
739	1245
741	946
741	1291
742	909
742	941
742	1013
742	1083
743	1226
745	814
745	1066
745	1176
745	1245
746	1068
746	1125
746	1282
748	772
750	998
752	791
752	905
752	1137
753	758
753	811
753	824
753	974
753	1157
753	1277
755	798
755	1000
755	1204
756	908
756	967
757	837
757	919
757	1143
757	1199
758	813
758	878
759	976
759	1002
759	1292
760	778
760	1111
761	982
761	1115
762	891
764	1196
765	995
766	850
766	921
766	1120
766	1195
766	1270
768	1007
769	996
769	1240
770	1062
770	1126
771	1040
772	813
772	1037
773	1066
774	1069
775	886
775	1044
775	1213
776	783
776	932
776	1179
776	1239
777	1108
777	1276
778	1074
781	854
781	870
781	879
781	1210
782	962
783	844
783	883
783	988
783	1090
784	837
785	845
785	892
785	1017
785	1025
786	974
786	1038
786	1154
786	1217
787	1247
788	1026
789	1038
789	1054
790	1055
790	1193
790	1269
791	1137
793	1077
793	1222
794	1245
794	1271
795	850
795	1222
796	1183
798	1069
798	1151
799	1003
799	1235
800	1151
801	859
801	1016
801	1056
801	1099
801	1130
801	1263
803	944
803	1256
805	815
806	831
806	937
806	1234
807	1173
808	888
809	955
811	894
812	1071
812	1269
813	891
813	928
813	1016
813	1186
814	1062
814	1121
815	874
815	1002
815	1052
816	882
816	1137
817	1022
817	1069
817	1142
817	1167
818	1083
818	1145
819	832
820	1226
820	1234
821	1019
821	1062
821	1114
822	1292
823	965
823	1082
823	1175
823	1254
824	849
825	1183
825	1273
826	1085
826	1104
827	1026
827	1264
828	1058
832	971
832	984
832	999
832	1091
832	1238
832	1265
833	1030
833	1213
835	960
835	1099
836	842
836	1056
836	1123
837	876
837	1049
837	1063
837	1187
837	1215
838	898
838	930
838	945
838	1054
840	1214
841	867
841	887
841	1279
842	1072
843	1223
843	1284
845	1112
845	1290
846	1025
847	1085
849	885
851	979
853	949
854	952
854	1084
854	1186
855	1027
855	1200
856	1142
858	880
859	887
859	969
859	1147
860	953
860	1043
860	1068
860	1189
860	1266
861	944
861	1054
863	1199
864	1120
865	1053
866	1127
866	1168
867	996
868	985
868	1009
868	1083
869	977
869	1027
869	1120
869	1137
870	1008
871	1070
871	1129
873	977
873	1049
873	1214
874	1072
874	1081
874	1160
875	980
875	996
875	1012
877	917
879	959
880	1120
880	1137
880	1222
880	1241
880	1245
880	1287
882	1078
883	1184
885	922
886	935
886	1010
886	1141
888	974
889	893
889	1013
890	1098
891	900
891	1036
891	1205
893	949
893	1066
894	1120
895	1188
895	1237
895	1238
896	1010
897	963
898	1059
899	907
902	933
903	1236
903	1299
904	1122
904	1127
904	1183
904	1209
905	956
905	989
905	1124
905	1174
905	1183
905	1224
908	1085
908	1110
910	1095
910	1122
911	980
912	1010
913	1049
913	1072
914	978
914	1001
914	1057
914	1224
916	934
917	1186
917	1209
918	1003
918	1020
920	1261
921	1189
923	1026
923	1173
923	1252
925	1021
925	1231
926	1216
927	1048
927	1207
928	1261
929	963
931	1199
933	1180
933	1249
935	1116
935	1136
936	1250
939	1108
939	1223
942	1017
942	1175
942	1254
943	1208
944	1144
947	1125
948	1091
949	1173
950	1185
951	1040
951	1043
951	1044
951	1274
951	1297
952	995
952	1020
954	1100
955	1172
957	1175
957	1281
958	1091
960	1019
961	970
961	1129
961	1187
964	968
965	1065
966	1202
967	976
968	1288
969	1019
972	1114
972	1165
975	1153
975	1280
976	1136
977	1114
978	1071
978	1225
985	1258
986	1129
986	1197
988	1257
990	1198
990	1294
991	1039
993	1049
993	1075
994	1235
994	1275
995	1062
996	1251
996	1277
998	1027
998	1230
999	1189
1001	1081
1002	1197
1003	1060
1004	1055
1007	1252
1007	1258
1008	1120
1010	1286
1011	1229
1012	1208
1014	1132
1014	1247
1015	1218
1016	1262
1018	1143
1018	1253
1019	1221
1020	1056
1020	1120
1020	1286
1022	1280
1023	1193
1023	1226
1024	1197
1024	1260
1026	1139
1026	1188
1026	1299
1030	1061
1030	1086
1032	1155
1032	1191
1032	1224
1034	1137
1034	1180
1035	1278
1036	1070
1037	1060
1038	1277
1039	1071
1041	1155
1044	1249
1047	1094
1048	1230
1049	1107
1050	1141
1050	1261
1051	1228
1052	1137
1053	1200
1053	1209
1054	1197
1055	1117
1055	1240
1058	1118
1061	1232
1061	1263
1062	1222
1063	1197
1066	1267
1067	1261
1071	1260
1072	1181
1072	1284
1073	1239
1076	1172
1076	1257
1077	1238
1080	1176
1081	1088
1081	1131
1085	1193
1086	1175
1087	1109
1088	1191
1090	1224
1091	1179
1095	1184
1096	1174
1097	1156
1097	1292
1098	1143
1101	1272
1103	1264
1104	1275
1107	1139
1107	1160
1109	1169
1109	1241
1112	1227
1112	1245
1113	1163
1116	1280
1119	1192
1123	1185
1124	1245
1124	1273
1125	1294
1126	1261
1128	1218
1130	1199
1130	1209
1134	1263
1137	1178
1138	1217
1143	1152
1145	1232
1147	1196
1162	1259
1163	1244
1169	1252
1172	1185
1175	1246
1177	1193
1177	1294
1179	1200
1180	1263
1182	1224
1182	1229
1193	1244
1194	1239
1196	1261
1200	1211
1201	1257
1206	1247
1214	1276
1218	1278
1219	1267
1224	1261
1224	1266
1229	1263
1229	1297
1248	1274
1254	1262
1273	1274
1296	1299