0	83
0	168
0	319
0	619
0	1132
1	182
1	365
1	838
1	1292
2	12
2	60
2	564
2	617
2	779
2	867
2	921
2	1130
2	1194
2	1251
3	99
3	519
3	904
3	938
3	1108
4	98
4	101
4	825
5	132
5	198
5	327
5	701
5	779
5	957
6	469
6	935
6	1215
7	64
7	142
7	285
7	592
7	597
7	982
8	241
8	396
8	512
8	817
8	871
9	732
9	746
9	1004
10	243
10	870
10	1273
11	267
11	301
11	676
11	1057
12	53
12	268
12	284
12	526
12	971
12	1275
13	280
13	603
14	1065
15	444
15	1123
15	1143
16	904
16	1188
17	40
17	611
17	885
17	1189
17	1279
18	904
18	1260
19	398
19	522
20	213
20	297
20	317
20	688
21	69
21	406
21	461
21	1024
21	1180
22	89
22	182
22	530
22	629
22	651
22	820
22	1000
22	1103
23	585
23	586
24	250
24	1131
24	1132
25	73
25	82
25	117
25	602
25	791
25	825
25	857
25	1071
26	47
26	296
26	979
26	1183
27	382
27	1111
27	1159
28	503
28	1247
29	345
29	602
29	827
29	875
29	991
29	1046
29	1205
29	1288
30	427
30	537
30	544
30	1008
30	1159
31	45
31	108
31	1095
31	1192
31	1235
31	1261
32	694
32	716
32	960
32	1146
33	185
33	246
34	311
34	441
34	1251
35	59
35	176
35	191
35	884
36	803
36	1147
37	491
37	952
38	78
38	368
38	387
38	453
38	931
39	449
39	560
39	594
39	691
39	830
40	87
40	933
40	1007
40	1177
41	42
41	165
42	43
42	192
42	387
42	1074
42	1246
43	422
43	1244
44	853
44	905
44	1136
44	1216
45	504
45	859
45	886
45	1114
45	1149
45	1261
45	1270
46	434
46	490
46	1077
46	1078
46	1226
46	1247
47	379
47	884
47	912
47	992
47	1158
47	1195
48	49
48	611
48	807
49	53
49	167
49	269
49	309
49	1104
50	65
50	566
50	1244
51	376
51	601
51	630
51	832
51	835
51	1250
52	224
52	272
52	366
52	780
52	1276
52	1278
53	67
53	135
53	543
53	882
53	1209
54	622
54	902
55	75
55	794
55	879
55	1037
56	101
56	207
56	336
56	415
56	646
56	1140
57	263
57	730
58	242
58	376
58	847
58	995
58	1127
59	164
59	779
59	1098
59	1241
60	90
60	194
60	401
60	647
60	773
60	959
61	263
61	293
61	692
61	763
61	819
61	1242
62	174
62	963
62	1019
62	1294
63	601
63	783
63	827
63	887
64	756
64	904
64	1213
65	228
65	597
65	861
66	235
66	337
66	441
66	660
66	703
66	721
66	1228
67	186
67	703
67	951
68	955
68	1189
69	288
69	873
69	1154
69	1159
70	1281
71	148
71	689
71	1246
72	584
72	934
72	1001
72	1124
72	1232
73	290
73	492
73	750
73	910
74	92
74	663
74	1194
74	1246
75	140
76	552
77	92
77	145
77	255
77	303
77	611
77	1060
78	383
78	1252
79	280
79	1028
80	360
80	1236
81	220
81	350
81	573
81	809
81	929
82	1085
83	417
83	553
83	812
83	814
84	124
84	334
84	470
85	492
85	967
85	1299
86	345
86	598
86	633
86	649
86	878
86	1209
86	1292
87	316
87	325
87	539
87	885
87	888
88	262
88	297
88	459
88	1133
88	1145
88	1209
89	444
89	529
89	766
89	1062
90	205
90	220
90	1004
91	996
91	1169
91	1190
92	211
92	343
92	930
92	951
93	407
93	942
93	1206
94	131
94	327
94	999
94	1009
94	1153
94	1211
94	1294
95	482
96	168
96	460
97	218
97	376
97	482
97	1091
98	159
98	374
98	902
98	1049
98	1067
99	1204
100	235
100	699
100	743
100	848
100	923
100	1122
101	531
101	561
101	784
101	809
101	907
101	1066
101	1235
101	1268
102	273
102	290
103	581
103	1114
104	406
104	455
104	594
104	958
104	1055
104	1061
104	1240
105	161
105	339
105	898
105	1267
106	239
106	894
107	129
107	726
107	1222
107	1242
108	895
108	1252
109	227
109	332
109	791
110	305
110	538
111	167
111	812
111	823
111	1081
112	162
112	323
112	818
113	505
113	755
113	964
113	1157
114	343
114	344
114	517
114	594
115	493
115	776
116	390
116	1205
116	1242
117	122
117	1276
118	415
118	434
118	522
118	1009
119	267
119	426
119	1100
119	1180
120	383
120	1161
121	384
122	222
122	593
122	634
122	899
122	973
123	373
123	1127
124	177
124	243
124	383
124	626
124	655
124	658
124	1132
125	224
125	500
125	1285
126	450
126	785
126	1082
127	198
127	809
127	986
127	1106
127	1128
128	348
130	1000
130	1227
130	1282
131	175
131	308
131	811
131	1016
132	1293
133	505
133	676
133	784
133	930
133	1255
134	231
134	390
134	902
135	163
135	176
135	587
135	677
135	1109
136	604
137	170
137	214
137	707
137	724
137	745
137	798
137	942
137	1073
137	1290
138	585
138	779
138	857
138	1061
138	1270
139	356
139	718
139	775
139	1230
140	935
140	1071
141	229
141	803
141	1203
142	520
142	556
142	1185
143	594
143	1099
144	426
144	719
144	1186
145	870
146	440
146	481
146	700
146	1167
147	464
148	180
148	582
148	613
148	616
148	733
148	1072
149	167
149	295
149	319
149	352
149	431
149	838
149	1072
149	1266
150	301
150	1042
150	1050
150	1199
150	1243
151	469
151	808
151	854
151	889
151	903
151	1240
151	1248
152	744
152	825
152	1198
153	513
153	780
153	1223
153	1297
154	864
154	1041
155	302
155	881
155	1270
156	547
156	768
156	1042
157	198
157	485
157	616
157	874
158	578
158	1282
159	866
159	1008
159	1292
160	308
160	457
160	1187
161	381
161	526
161	617
161	630
161	1269
162	773
162	842
163	542
163	622
163	805
163	1154
164	622
164	667
164	697
165	396
165	779
165	1006
165	1113
166	389
166	936
167	319
167	415
167	451
167	739
168	195
168	280
168	726
168	1025
169	195
169	446
169	552
169	815
169	1118
170	471
170	1069
170	1273
171	604
171	990
171	1044
172	387
172	434
172	701
173	213
173	456
173	624
173	701
173	1136
173	1175
174	211
174	606
174	629
174	645
174	942
174	1065
174	1066
174	1243
175	206
175	221
175	683
175	753
176	356
176	379
176	620
176	665
176	822
177	619
177	920
177	1104
178	620
179	221
179	354
179	375
179	423
179	451
179	859
179	1074
180	274
180	609
180	697
181	834
181	930
181	956
181	985
181	1068
182	377
182	680
182	844
183	536
183	940
184	343
184	448
184	550
184	754
184	1167
185	317
185	684
185	696
185	793
185	906
185	1110
185	1148
186	263
186	323
186	1165
187	343
187	1014
187	1076
188	638
188	857
188	1147
188	1237
189	509
189	513
189	576
190	673
190	878
190	913
190	1089
190	1118
190	1240
191	468
191	826
192	588
192	731
192	1239
193	625
193	816
194	330
194	391
194	544
194	649
195	305
195	948
196	579
196	638
196	1147
196	1174
197	368
197	551
197	842
197	1236
198	746
198	1108
198	1173
199	285
199	438
199	782
199	1153
199	1179
200	476
200	709
201	505
201	809
201	1175
202	281
202	1210
202	1234
203	295
203	377
203	664
203	755
203	841
204	245
204	264
204	562
204	581
204	1117
204	1232
205	838
206	503
206	964
206	969
206	1225
206	1286
207	316
207	567
207	859
208	291
208	569
208	829
208	899
208	901
209	671
210	370
210	794
210	850
211	697
211	856
211	1106
211	1164
212	531
212	606
213	1030
213	1278
214	640
214	1207
215	397
216	230
216	397
216	524
216	1030
217	280
217	468
217	497
217	841
217	1130
217	1184
218	233
218	539
219	258
219	675
219	961
220	424
220	439
220	760
221	476
221	1045
221	1152
222	841
222	1009
223	296
224	308
224	464
224	481
224	1285
225	732
226	956
227	311
227	765
227	840
227	1178
228	869
228	1039
228	1205
229	563
229	617
229	689
229	1146
229	1205
230	239
230	731
230	755
231	319
231	479
231	535
231	650
231	722
231	1048
232	282
232	1107
233	237
233	304
233	780
233	1053
233	1079
233	1116
234	242
234	325
234	556
234	1026
235	310
235	468
235	481
235	701
235	772
235	913
236	981
236	1052
236	1123
237	503
237	537
237	908
237	995
237	1126
238	245
238	875
239	357
239	958
240	351
240	364
240	824
240	1018
240	1122
240	1299
241	482
241	492
241	804
241	1203
241	1253
242	424
242	997
243	257
243	692
243	764
244	304
244	438
244	851
244	1157
245	338
245	446
245	697
245	906
245	1162
246	725
246	883
247	586
247	771
248	496
248	611
248	622
248	868
249	1293
250	1009
250	1015
250	1071
251	716
251	777
251	949
251	1236
252	288
252	359
253	482
253	606
253	972
253	1161
254	799
254	817
254	1180
255	1164
256	1047
256	1112
257	403
257	645
257	680
258	430
258	433
258	434
258	641
258	902
258	969
259	602
260	403
260	457
261	352
261	418
261	1215
262	865
262	975
262	1107
263	729
263	980
263	1084
263	1225
264	655
264	1093
265	486
265	547
265	668
265	711
265	1123
265	1194
265	1298
266	503
266	749
266	1216
266	1252
267	388
267	449
268	443
268	479
268	1171
269	328
269	707
269	748
270	874
270	986
270	1119
270	1123
271	500
271	1096
272	298
272	349
272	1068
273	347
273	603
273	720
273	723
273	746
273	1035
274	414
274	728
274	830
274	979
275	315
275	659
275	815
276	653
276	718
277	960
277	997
278	348
278	467
278	613
278	745
278	1060
279	822
280	718
280	1170
280	1239
280	1296
281	576
281	693
281	875
281	897
281	1246
281	1294
282	302
282	522
282	723
282	1293
283	329
283	418
283	738
283	763
283	1057
284	514
285	298
285	967
286	479
286	605
286	624
286	812
286	934
286	1191
286	1293
287	1150
288	392
288	670
288	929
288	1071
288	1222
289	303
289	527
289	528
289	840
289	875
290	292
291	477
291	686
291	719
291	784
292	321
292	512
292	946
292	984
292	1186
293	435
293	511
293	783
293	1234
294	684
295	427
295	449
295	494
295	695
295	705
295	1108
295	1128
295	1291
296	983
296	1229
296	1238
297	358
297	735
297	1107
297	1108
299	400
299	466
299	813
299	1004
299	1106
300	449
300	1083
301	461
301	691
301	748
301	955
301	1138
302	372
302	403
302	518
302	613
302	752
302	1046
302	1187
303	725
305	1149
306	1059
307	385
308	454
308	623
308	675
308	987
308	1011
308	1125
309	436
309	545
309	569
310	342
310	393
310	667
310	799
310	875
310	918
311	392
311	479
312	413
312	1187
313	692
313	800
314	472
314	504
314	584
314	1073
315	832
315	910
315	1186
315	1219
315	1241
316	501
316	1062
316	1239
317	463
317	480
317	1055
317	1200
317	1211
318	607
318	655
318	880
318	983
318	1203
318	1249
320	709
320	734
320	925
321	383
321	1258
322	420
322	500
323	378
323	883
323	1045
323	1119
324	595
324	1046
324	1126
325	466
325	975
325	1177
326	1123
326	1140
327	367
327	1165
327	1193
328	689
328	762
328	923
329	585
329	628
329	736
329	1073
330	593
330	712
330	998
330	1187
331	443
331	617
331	662
331	697
331	769
331	1276
332	333
332	543
332	646
333	703
334	515
334	652
334	1071
335	362
335	424
335	478
335	666
335	773
335	995
335	1015
335	1193
336	485
336	553
336	694
336	808
336	1248
337	855
337	933
337	1089
338	510
338	647
338	812
338	1018
339	713
339	789
339	864
339	866
339	991
339	1176
339	1202
339	1243
339	1248
340	992
340	1222
341	423
341	455
341	579
341	1057
342	534
342	568
342	627
342	711
342	798
342	996
342	1147
343	414
343	565
343	772
344	1150
344	1167
345	612
345	782
345	891
345	972
346	365
346	764
346	856
347	861
348	398
348	511
348	542
349	585
349	671
349	795
349	859
349	1034
349	1040
349	1191
350	822
350	823
350	1014
350	1168
351	469
351	821
351	1111
351	1210
351	1285
352	387
352	1077
353	646
353	1044
353	1247
354	396
354	476
354	530
354	745
354	977
354	1015
354	1250
355	548
355	897
355	1067
356	434
356	457
356	593
356	1178
357	461
357	947
357	1007
357	1088
358	434
358	702
358	1271
359	672
359	801
360	551
360	660
360	712
360	854
361	522
361	856
361	1204
361	1264
362	363
362	506
362	1007
362	1067
363	402
363	450
363	703
363	1030
364	523
364	810
364	875
365	588
365	590
365	716
365	839
365	1293
366	390
366	884
366	927
367	590
367	1016
367	1241
369	1134
369	1204
370	600
370	677
370	739
370	751
370	1039
371	582
371	925
371	1063
371	1068
371	1138
372	486
372	575
372	605
373	591
373	614
373	690
373	1003
374	563
374	630
374	646
374	995
375	916
375	918
375	1087
375	1115
376	685
376	778
376	1154
376	1196
377	615
377	792
377	1059
378	479
378	511
378	976
379	1049
379	1068
379	1168
379	1226
380	448
380	1134
381	625
381	869
382	679
382	807
382	1188
382	1275
382	1276
384	549
384	550
384	732
384	1191
385	975
385	1076
386	414
386	506
386	537
386	606
386	785
386	807
387	552
387	1287
388	557
388	595
388	810
388	951
389	405
389	904
390	434
390	1135
390	1278
392	495
392	519
392	713
393	495
393	496
394	403
395	1150
395	1160
395	1234
396	563
396	672
396	1135
397	548
399	615
399	660
401	747
401	958
401	1221
402	564
402	1139
402	1259
403	408
403	860
403	1208
404	647
404	1262
405	776
405	912
406	411
406	448
406	735
406	967
406	984
407	597
407	1002
409	642
409	846
409	870
409	1028
409	1156
410	860
410	921
410	1073
411	682
411	894
412	1074
412	1274
413	427
413	673
413	712
413	861
415	573
415	917
416	483
416	585
416	858
416	1053
416	1143
417	487
417	561
417	693
417	1275
418	950
419	685
419	770
419	823
419	903
419	1253
420	549
420	734
420	908
421	596
421	766
422	627
422	973
423	804
423	1018
424	450
424	514
424	592
424	793
424	874
424	1106
424	1234
425	556
425	846
425	880
425	911
425	1029
426	458
426	623
426	895
426	1017
426	1037
426	1179
427	979
427	1114
427	1177
428	505
428	639
428	646
428	693
428	1276
429	791
429	1264
430	525
430	776
430	1182
431	661
431	1165
432	456
432	483
432	503
432	595
432	626
432	888
432	1135
432	1262
433	462
433	479
433	566
433	651
433	826
434	700
434	704
435	444
435	459
435	620
436	524
436	751
436	1092
437	689
437	1051
438	562
438	619
438	702
438	899
439	612
439	1030
439	1183
440	597
440	626
440	1087
440	1270
441	771
441	860
442	448
442	914
442	965
442	1083
443	624
443	647
443	796
443	1022
443	1042
444	475
444	606
444	710
444	792
444	1079
444	1118
445	795
445	816
445	1174
445	1175
446	817
446	886
446	929
447	806
447	1138
448	513
448	656
448	1011
448	1065
448	1183
449	1030
450	1167
451	807
451	957
451	1283
452	1197
453	769
453	1104
454	813
454	821
454	887
454	889
454	1277
455	890
455	1030
455	1095
455	1165
455	1260
455	1265
456	458
456	885
457	1284
457	1288
458	474
458	1282
459	537
460	691
461	1177
462	549
462	787
462	862
463	506
463	1034
465	981
465	1292
466	638
466	834
467	798
467	1070
467	1164
467	1209
468	534
468	1121
469	581
469	1154
470	757
470	1011
470	1263
471	514
471	551
471	773
471	811
471	992
471	1128
471	1178
472	526
472	1291
473	1123
475	1078
476	676
476	774
476	793
476	1029
477	1199
478	830
478	934
478	967
478	1094
479	647
479	815
479	938
479	961
480	1215
481	545
481	563
481	701
481	792
481	824
481	934
481	1022
482	689
482	980
482	990
483	885
483	930
484	662
484	942
484	966
484	1294
485	527
485	562
485	829
485	937
486	511
486	1045
487	1202
488	530
488	1212
489	786
489	802
489	939
489	1042
490	625
490	961
490	1203
490	1272
492	532
492	741
492	1038
493	524
493	576
493	861
493	893
494	621
494	731
494	899
494	955
494	1025
495	576
495	1001
496	814
496	1032
496	1116
497	547
498	633
498	713
498	1144
498	1205
499	684
499	1046
500	879
500	1099
501	591
501	695
501	856
501	1111
501	1175
501	1188
501	1208
501	1251
502	912
502	1134
502	1147
503	1007
504	778
504	990
504	1250
505	1155
505	1163
505	1248
506	901
506	914
506	1158
506	1260
507	982
508	547
508	891
508	924
509	1178
510	547
510	766
510	1110
511	671
512	822
512	843
512	1075
512	1264
513	699
513	1027
513	1270
514	1083
515	537
515	541
515	836
516	551
516	986
516	1201
517	1210
517	1286
518	749
518	1213
518	1249
519	991
519	1175
520	972
521	563
521	761
522	528
522	783
522	1151
523	711
523	1114
523	1128
524	1167
526	766
526	899
526	1151
526	1170
526	1258
527	612
527	792
527	869
527	1222
527	1275
528	900
529	707
529	1213
530	699
530	1152
531	1011
532	560
533	954
533	1077
534	1116
535	647
535	1276
536	565
536	1052
536	1177
537	871
538	545
538	884
538	1093
538	1169
539	851
539	852
539	985
539	1121
540	593
540	678
540	893
542	1168
542	1285
544	786
544	822
545	650
545	1064
545	1203
546	552
546	736
546	968
546	1109
547	619
547	979
548	1093
548	1103
548	1256
549	572
549	868
549	1097
549	1197
550	743
550	1106
551	643
551	946
552	1182
553	796
553	822
553	942
553	1074
554	900
554	1011
554	1233
554	1241
554	1254
554	1290
555	981
555	1176
556	1161
558	582
558	669
559	570
559	678
559	1267
561	808
561	949
561	1168
562	825
562	1033
563	796
565	1077
565	1138
565	1247
566	782
566	917
566	1216
566	1282
567	759
567	888
567	938
567	976
567	1228
567	1252
568	868
568	1008
568	1088
569	706
570	590
570	604
570	665
571	646
571	1082
571	1191
572	1172
573	1143
574	978
574	1243
575	956
575	1235
576	591
576	616
576	816
577	659
577	881
577	1135
578	1113
578	1180
579	748
580	673
580	1030
580	1032
581	722
581	779
581	910
581	1204
582	649
582	683
583	1036
584	712
584	715
584	1067
585	846
585	921
585	1248
586	1110
587	643
588	1206
589	969
590	1165
591	734
591	783
591	1055
591	1181
592	896
592	952
593	1201
594	771
594	999
594	1230
595	894
595	1209
596	749
596	849
596	1214
596	1232
597	761
597	771
598	1047
599	1162
600	904
600	1287
601	914
603	607
603	617
603	848
603	1047
604	629
604	631
604	1165
604	1186
605	648
605	795
605	1003
606	823
606	1211
608	680
608	859
608	972
609	683
609	960
610	1068
610	1089
611	954
611	1060
611	1076
611	1112
611	1276
612	648
612	836
613	883
614	1222
615	632
615	851
615	985
616	796
617	770
617	952
617	1115
618	658
618	670
618	870
618	1068
618	1279
619	750
619	971
619	1161
620	713
620	824
620	1071
620	1167
620	1272
620	1277
621	634
621	787
621	1047
622	628
622	639
622	703
622	732
622	737
622	879
622	922
623	1180
623	1181
624	659
624	1235
625	664
625	818
625	848
625	1208
626	1089
627	1058
627	1202
627	1274
629	1247
630	742
630	790
630	1093
631	693
632	740
633	720
633	1227
634	742
634	975
635	1277
636	727
636	843
636	1222
637	691
637	757
637	798
638	990
638	1015
638	1204
638	1272
639	1214
640	902
640	970
640	1166
641	700
641	919
641	1072
641	1199
642	966
644	711
644	800
644	1006
644	1068
645	983
645	1262
645	1270
646	973
646	1067
646	1191
647	830
647	928
647	1028
648	1071
648	1261
649	956
649	996
649	1235
650	670
650	672
650	1007
651	657
651	918
651	1259
652	704
652	814
652	1039
652	1104
653	1150
653	1154
653	1176
654	691
654	890
654	985
654	1022
654	1092
655	779
656	825
656	928
657	1055
658	773
659	1218
660	666
660	874
660	1045
662	794
664	1055
665	992
665	1089
666	845
667	1056
667	1124
667	1162
668	926
669	1051
670	1220
670	1296
671	796
671	960
671	974
671	1104
671	1180
672	1158
673	699
673	1019
673	1107
673	1168
674	887
675	1252
676	707
676	776
677	1029
679	1152
681	1033
682	1079
683	771
683	890
683	966
683	1198
683	1247
683	1270
683	1278
685	730
685	916
686	1110
686	1136
687	925
687	1211
688	753
688	1114
688	1234
689	791
690	975
692	717
692	767
692	955
693	715
693	719
693	720
693	1093
693	1165
694	696
694	1222
694	1283
695	816
696	959
696	1049
697	1182
698	896
698	1036
699	918
699	1153
699	1258
700	729
700	1071
701	1223
702	1270
703	1163
703	1299
704	1102
705	857
706	964
706	971
706	1087
707	834
707	994
707	1055
707	1062
708	757
708	897
708	898
708	1104
709	1184
710	797
710	1211
711	715
711	934
712	1229
713	937
713	1106
714	745
714	1141
714	1259
715	1071
716	767
716	774
716	985
717	1117
717	1216
718	1140
718	1173
720	785
720	1043
720	1117
721	767
721	867
721	1291
722	1005
723	930
723	932
723	1000
725	750
725	758
725	865
725	925
725	935
725	1010
729	837
729	870
729	1200
729	1281
730	1154
731	910
731	1123
731	1212
732	1006
732	1125
732	1187
735	838
736	911
736	974
737	1098
738	804
739	834
739	1292
740	978
741	800
741	1256
742	816
743	1130
744	1024
744	1157
745	820
745	1002
745	1254
746	849
746	1062
746	1069
746	1217
747	847
747	934
747	1014
748	943
748	953
750	1011
750	1108
751	779
751	980
751	984
751	1005
751	1170
751	1205
752	993
754	1162
754	1287
755	848
755	875
755	917
756	826
756	1148
757	942
757	1105
759	763
761	893
761	1247
763	1110
764	1233
765	1090
766	973
766	1010
766	1123
768	1250
769	1290
770	1265
771	846
771	1081
771	1172
771	1249
772	855
772	1020
772	1188
772	1289
773	881
773	1181
775	1038
775	1076
777	911
777	952
777	1172
778	985
779	910
780	1189
781	1152
781	1218
783	910
783	1284
784	952
784	1176
786	950
786	995
786	1244
787	1200
787	1244
788	818
788	865
788	1156
789	845
789	1157
790	1022
791	1266
791	1293
793	796
793	1019
794	1154
794	1295
795	957
796	835
796	950
796	1201
796	1261
796	1298
798	1231
799	989
800	884
800	960
803	1051
805	1111
805	1289
806	1223
807	932
807	1055
809	1015
809	1096
809	1120
809	1222
810	846
811	1111
812	966
813	1217
814	817
815	1081
815	1092
815	1192
816	1021
817	827
817	952
817	1199
819	1092
820	894
820	1285
821	1188
821	1244
822	959
822	1235
823	852
824	864
824	1137
824	1252
825	1019
826	904
826	1279
827	961
827	1066
828	861
828	1192
830	913
830	918
830	1126
831	838
831	1268
832	1224
833	1223
834	1171
834	1225
835	1124
835	1130
835	1281
836	965
836	1068
836	1241
837	1103
837	1111
838	1235
840	845
840	1012
840	1202
841	1130
842	1136
842	1137
843	954
843	1045
843	1108
844	953
844	1025
846	1177
848	1169
849	886
849	1028
850	1007
850	1115
850	1284
851	1276
853	1200
854	875
854	1003
855	1153
856	1124
857	1257
859	1277
861	945
862	875
862	1072
863	867
863	880
863	979
863	1162
864	1283
865	1054
865	1188
865	1276
866	1137
868	1015
869	1172
870	875
870	934
870	1052
870	1253
871	1250
872	953
872	1077
874	1052
875	910
875	1053
875	1153
876	922
876	1077
877	939
878	1118
878	1142
878	1214
879	1189
880	919
881	930
881	1013
881	1150
881	1161
882	1035
883	900
883	1268
884	1210
886	1086
887	1231
888	1136
889	1170
891	1100
892	962
892	1136
892	1232
892	1264
893	994
893	1000
893	1197
893	1250
893	1263
893	1298
894	1285
895	935
897	962
897	1289
898	1123
900	1192
901	1175
901	1259
902	917
902	1092
902	1105
904	1278
904	1280
905	1188
906	1094
906	1147
907	1246
908	1062
909	1053
909	1237
911	938
913	1237
914	916
914	974
914	1012
914	1239
915	1035
915	1040
915	1126
915	1286
917	1167
918	1065
918	1092
919	1043
919	1109
919	1157
920	1020
920	1035
920	1241
921	1036
922	1033
922	1117
922	1250
923	1005
924	947
924	982
924	1034
925	964
925	1243
926	1056
926	1135
928	1157
929	966
931	1289
932	1136
934	999
935	1090
935	1129
935	1229
937	1012
938	949
938	1048
938	1124
939	1019
940	1225
941	1073
942	1139
942	1207
943	1040
943	1297
944	1163
945	978
946	978
946	1279
947	997
947	1003
950	1054
950	1114
953	1004
954	1175
956	1194
959	960
960	1267
961	1217
962	988
962	1064
962	1136
963	1026
963	1230
963	1242
964	1295
966	1230
966	1261
967	1107
968	1067
968	1141
969	1170
970	1282
971	1020
976	1004
978	1189
979	1164
981	1145
981	1218
982	1192
982	1220
984	1070
984	1172
986	1017
986	1208
987	1113
987	1230
988	1158
989	1023
989	1111
989	1113
991	1134
991	1270
992	1018
992	1116
992	1248
993	1281
994	1083
994	1151
995	1134
997	1190
999	1180
1004	1079
1006	1137
1006	1226
1008	1074
1008	1260
1009	1241
1011	1049
1011	1123
1016	1179
1021	1188
1022	1029
1022	1089
1024	1223
1026	1224
1029	1223
1031	1052
1033	1125
1034	1161
1034	1242
1035	1041
1036	1166
1036	1266
1041	1052
1041	1217
1042	1175
1044	1223
1048	1110
1048	1286
1049	1242
1050	1288
1051	1234
1052	1192
1054	1203
1055	1120
1058	1292
1059	1132
1061	1265
1063	1257
1065	1171
1066	1290
1067	1153
1067	1255
1068	1179
1069	1294
1070	1288
1071	1139
1073	1212
1075	1149
1075	1175
1075	1242
1076	1080
1077	1188
1077	1210
1078	1198
1083	1149
1084	1289
1085	1203
1086	1275
1090	1099
1090	1189
1097	1245
1098	1260
1098	1291
1101	1184
1102	1183
1103	1214
1103	1243
1104	1218
1106	1224
1107	1139
1107	1178
1107	1181
1107	1194
1109	1142
1109	1284
1111	1275
1113	1163
1118	1276
1118	1296
1119	1182
1120	1159
1120	1280
1122	1249
1123	1160
1123	1208
1123	1233
1126	1258
1127	1253
1129	1190
1132	1146
1137	1289
1139	1278
1139	1292
1140	1173
1140	1248
1140	1280
1141	1159
1144	1183
1144	1187
1144	1229
1145	1274
1149	1186
1150	1186
1150	1266
1153	1215
1157	1187
1159	1258
1161	1252
1168	1212
1170	1182
1170	1237
1170	1255
1170	1269
1173	1243
1174	1297
1175	1243
1178	1244
1180	1267
1181	1285
1184	1242
1188	1208
1191	1230
1201	1235
1201	1259
1207	1216
1212	1254
1217	1234
1220	1234
1224	1243
1230	1289
1232	1285
1251	1292
1257	1279
1262	1290
1263	1281
1285	1294