0	257
0	265
0	455
1	128
1	213
1	405
1	587
1	1225
2	729
2	850
2	1030
2	1252
3	22
3	445
3	598
3	716
3	980
4	26
4	805
4	865
4	1103
4	1197
5	212
5	488
5	1020
5	1133
6	348
6	996
6	1172
7	48
7	269
7	445
7	671
7	1162
7	1222
8	78
8	1193
9	231
9	236
9	462
9	523
9	609
9	641
9	900
10	556
10	1156
11	210
11	276
11	687
11	924
11	1230
11	1252
12	170
12	674
12	935
12	1001
12	1123
13	821
13	1111
13	1245
14	489
14	878
14	883
14	1223
15	311
15	698
15	870
15	909
15	937
15	1122
16	969
16	985
17	73
17	94
17	617
17	747
17	773
18	43
18	388
18	421
18	626
18	869
19	448
19	783
19	1045
19	1102
19	1229
19	1246
20	315
20	395
21	574
21	626
21	759
22	87
22	98
22	320
22	471
22	676
22	868
22	1143
22	1283
23	617
23	642
23	957
23	1052
24	53
24	265
24	446
24	569
24	754
24	781
24	1046
24	1193
25	220
25	225
25	349
25	1208
25	1252
26	236
26	262
26	787
26	1039
26	1189
27	95
27	321
27	1037
28	87
28	152
28	245
28	390
28	526
28	666
28	1005
29	353
29	382
29	464
30	65
30	79
30	88
30	541
30	873
30	908
30	991
31	768
31	797
31	830
31	968
31	1212
32	75
32	673
32	1159
32	1190
33	410
33	521
33	752
34	191
34	223
34	874
34	949
34	994
34	1011
35	98
35	386
35	398
35	530
35	556
35	567
35	869
35	1162
36	200
36	506
36	600
36	668
36	833
36	992
36	1027
36	1125
37	172
37	1048
38	92
38	126
38	268
38	606
38	935
38	1085
39	712
39	913
40	69
40	287
40	304
40	323
40	443
40	592
40	749
40	869
40	884
40	1197
41	421
41	526
41	662
41	671
42	596
43	652
44	184
44	862
45	96
45	412
45	969
45	1296
46	96
46	629
46	639
47	725
47	818
48	641
48	742
48	998
48	1192
49	483
49	757
50	58
50	488
50	827
50	880
50	885
51	181
52	118
52	492
52	544
52	1105
52	1197
53	105
53	331
53	1027
53	1190
54	149
54	392
54	497
54	723
54	1002
54	1184
55	247
55	541
55	864
55	1213
55	1232
56	159
56	298
56	357
56	592
56	1256
57	682
58	316
58	564
58	565
58	611
58	647
58	1212
59	70
59	102
59	152
59	196
59	533
59	768
59	938
59	1085
59	1264
60	739
60	1017
61	236
61	310
61	429
61	713
61	731
61	826
62	202
62	294
62	607
62	751
62	945
62	1017
63	540
63	590
63	706
63	959
63	1138
63	1169
63	1189
64	98
64	824
64	1118
64	1249
65	282
65	754
65	881
66	83
66	326
66	600
67	730
67	813
67	1168
68	155
68	464
68	533
68	540
68	1057
68	1060
69	212
69	246
69	664
69	677
69	683
70	165
70	726
71	525
72	226
72	251
72	1157
72	1216
73	259
73	644
73	1054
74	218
74	362
74	499
74	513
74	622
74	813
74	863
75	309
75	459
75	570
75	986
76	185
76	482
76	691
77	144
77	151
77	426
79	119
79	471
79	1120
80	97
80	282
80	371
80	422
80	501
80	731
81	307
81	1102
82	860
82	1060
82	1076
82	1092
82	1147
83	241
83	616
83	730
83	1113
83	1248
84	570
84	848
84	861
85	86
85	856
85	920
86	625
87	305
87	395
87	427
87	495
88	405
88	487
88	497
88	870
88	915
88	1290
89	238
89	546
90	675
90	950
90	1137
91	258
91	267
91	478
91	523
92	210
92	299
92	380
92	1025
92	1173
92	1228
93	293
93	586
93	899
93	902
93	1284
94	394
94	1082
94	1135
95	243
95	745
95	855
95	1016
95	1240
96	177
96	187
96	788
96	877
97	340
97	364
97	556
97	584
97	751
97	1285
99	1045
100	245
100	642
101	157
101	234
101	856
102	385
102	1021
103	313
104	169
104	725
104	799
104	830
104	1186
104	1297
105	610
105	949
106	454
106	512
106	592
106	1027
106	1229
107	187
107	524
107	646
107	658
107	966
107	1045
108	209
108	475
108	603
108	1110
109	244
109	306
109	544
109	791
109	1083
110	195
110	252
110	1244
111	834
111	860
111	949
112	155
112	399
112	713
112	802
112	1145
113	155
113	640
113	852
113	861
113	901
113	1048
114	442
114	993
114	1086
114	1109
115	140
115	194
115	632
115	987
115	1022
115	1045
116	639
116	749
116	788
116	905
117	542
117	850
118	160
118	286
118	528
118	1067
119	163
119	217
119	457
119	1043
120	195
120	293
120	895
120	1107
120	1232
121	190
121	222
121	350
121	668
121	682
122	678
122	987
123	690
123	918
123	992
123	1192
123	1197
124	251
124	835
124	938
124	1120
125	1088
126	191
126	236
126	645
126	954
126	1197
127	391
127	479
127	672
128	694
128	712
128	1274
129	207
129	217
129	219
129	1042
130	185
130	834
131	821
131	904
132	505
132	808
132	952
132	984
133	884
133	903
133	960
133	1042
133	1264
134	387
134	595
134	789
135	321
135	546
135	752
135	781
135	796
135	1247
135	1265
136	900
137	541
137	546
137	604
137	800
137	886
137	959
137	965
138	417
138	1167
139	268
139	468
139	549
139	593
140	375
141	616
141	809
141	961
141	1165
141	1187
142	549
142	626
142	641
142	642
143	358
143	656
143	1006
143	1052
144	498
144	1015
144	1279
145	434
145	454
145	749
146	276
146	418
146	488
146	606
146	917
146	1040
147	206
147	685
147	807
147	921
147	1100
147	1295
148	519
148	584
148	1096
149	596
150	603
150	612
150	741
151	306
151	1000
151	1034
152	1008
152	1079
152	1174
152	1250
153	444
153	798
153	900
153	1209
154	304
154	372
154	806
154	1006
154	1212
155	226
155	267
155	314
156	189
156	194
156	708
156	835
156	1098
157	262
157	312
157	563
157	810
157	872
158	715
158	834
159	1064
160	322
160	907
160	1227
161	710
161	998
162	269
162	825
163	492
163	796
163	909
163	969
163	1123
164	464
164	586
164	628
164	854
164	1075
164	1078
165	777
165	806
165	1022
165	1106
165	1130
166	632
166	1234
167	558
167	1268
168	431
168	544
168	584
168	649
168	1001
169	242
169	261
169	286
169	505
169	1012
169	1123
170	982
170	1155
171	623
171	1255
172	733
172	1189
173	196
173	265
173	308
173	346
173	354
173	451
173	738
173	755
173	968
174	537
174	729
174	1025
175	281
175	335
175	382
175	685
175	1268
176	499
176	657
176	978
176	1067
176	1287
177	427
177	735
177	784
178	1215
179	667
180	265
180	527
180	1204
181	185
181	499
181	505
181	704
181	713
181	1245
182	264
182	325
182	380
182	532
182	637
182	1207
183	595
183	740
183	1069
184	491
184	494
184	632
184	733
184	810
184	1180
184	1204
185	783
185	882
186	473
186	608
186	773
187	633
187	1055
187	1108
188	461
188	1074
189	1222
190	492
190	816
190	1016
191	613
192	266
192	505
192	640
192	702
192	725
192	758
192	1063
193	199
193	269
193	313
193	392
193	458
193	905
193	1240
194	214
194	781
194	887
196	304
196	333
196	592
196	595
196	748
196	765
196	799
196	1083
196	1195
197	714
197	849
197	1012
197	1153
198	264
198	489
198	684
198	926
198	1203
199	526
199	1111
200	204
200	353
200	813
200	1157
201	779
202	389
202	396
202	517
202	998
202	1056
203	224
203	888
204	314
204	457
204	680
204	967
204	1003
204	1115
205	411
205	1020
205	1238
206	313
206	745
207	563
207	1295
208	225
208	377
208	446
208	493
208	602
208	667
209	227
209	452
210	539
210	793
210	881
210	1123
210	1258
211	352
211	714
211	737
212	244
212	245
212	348
212	475
212	669
212	947
212	1167
213	255
213	544
213	564
213	972
213	1127
215	366
215	851
215	1285
216	554
216	945
216	1127
216	1234
217	713
218	413
218	740
218	840
218	862
218	1173
219	996
220	544
220	588
221	331
221	1158
222	279
222	322
222	1026
223	295
223	360
223	756
223	906
223	960
223	1030
223	1225
226	252
226	329
226	459
226	516
226	658
226	1172
227	497
227	508
227	1066
227	1159
228	1001
228	1156
229	574
229	689
229	822
229	1201
230	512
230	606
230	728
230	1070
230	1076
231	334
231	777
231	968
231	1245
232	721
233	357
233	773
233	1004
234	334
235	899
236	276
236	683
236	971
236	1272
237	286
238	1069
238	1194
239	629
239	634
239	761
239	900
239	1026
240	281
240	523
240	795
240	816
241	761
241	787
241	856
241	1143
241	1151
242	257
242	1213
243	256
243	385
243	487
243	550
243	729
244	419
244	544
244	709
244	915
245	323
245	966
245	1035
246	509
246	1001
247	300
247	447
248	379
248	549
248	557
248	718
248	867
249	534
249	770
249	985
249	1213
250	727
250	751
251	274
251	924
251	970
252	651
252	1060
253	361
254	578
254	580
254	1084
255	313
255	349
255	460
255	466
255	516
255	688
255	915
256	351
256	1036
256	1053
257	991
257	1125
258	310
258	528
258	612
258	857
258	892
258	1209
258	1213
258	1235
259	940
260	643
260	1061
260	1065
260	1215
261	948
261	1005
262	763
262	1122
262	1239
263	781
264	528
264	809
264	1092
265	275
265	297
265	670
265	747
265	972
266	387
266	633
266	935
267	512
267	555
267	583
267	987
267	1265
268	325
268	330
268	634
269	558
269	805
269	947
270	785
270	1083
271	485
271	683
271	923
271	971
271	1051
272	332
272	525
272	693
272	731
272	1170
273	387
273	516
273	1218
274	354
274	768
275	823
275	922
275	976
276	399
276	543
276	1138
276	1269
277	759
277	945
277	1074
277	1138
278	479
278	805
278	1041
279	632
279	961
279	993
280	882
280	1037
280	1069
280	1095
280	1274
281	300
281	323
281	327
281	609
281	679
282	742
282	1103
283	319
283	567
283	1256
284	332
284	347
284	376
284	621
284	667
284	1031
285	546
285	988
285	1096
286	331
286	675
286	819
286	1240
287	943
288	324
288	798
288	960
289	561
289	748
289	811
289	1254
289	1282
290	1249
290	1256
290	1270
291	466
291	506
291	929
291	979
291	1188
292	346
292	748
292	920
292	1157
293	353
293	683
293	900
294	443
294	1087
294	1200
295	302
295	599
295	916
295	1203
296	699
296	1080
297	455
297	1093
298	399
298	672
298	701
298	855
298	889
299	1128
300	710
300	744
300	803
301	501
301	552
301	948
302	325
302	910
303	309
303	787
303	839
304	323
304	427
304	475
304	807
306	870
306	1098
307	511
307	1019
307	1044
308	655
308	1160
309	427
309	807
309	991
309	1144
309	1148
310	462
310	786
311	1045
312	789
312	896
312	974
312	983
312	1167
313	511
313	657
313	919
313	1028
314	507
314	796
314	892
314	1031
315	673
315	1151
316	416
316	555
316	710
316	886
316	924
316	964
317	346
317	723
317	997
317	1267
318	552
318	569
318	622
318	779
319	406
319	646
319	724
319	759
319	772
319	788
319	927
319	1153
320	789
320	1250
321	813
321	875
321	1116
321	1191
321	1192
323	605
323	1131
324	1248
325	543
325	784
325	821
326	327
326	387
326	891
326	900
326	1276
327	996
327	1008
328	599
328	619
329	473
329	540
329	1037
329	1271
330	698
330	1080
330	1200
331	353
331	503
331	519
331	885
332	426
332	763
332	788
332	1272
333	681
334	786
334	953
334	1126
334	1190
335	497
335	1095
336	1249
337	825
338	383
339	1222
340	522
340	820
340	1258
341	410
341	746
341	754
341	755
341	954
341	1215
342	837
342	936
342	1091
342	1283
343	377
343	961
343	1225
344	546
344	1097
345	346
346	433
346	596
347	435
347	471
347	532
347	1286
348	397
348	551
348	904
348	1051
348	1179
350	413
350	596
350	1032
351	611
352	386
352	539
352	1225
353	464
353	977
353	1057
354	513
354	883
354	1046
354	1138
355	426
355	988
355	1098
355	1298
356	448
356	1114
357	601
357	1094
357	1184
357	1276
358	386
358	390
358	1073
358	1145
358	1222
359	411
359	471
360	1081
361	368
361	767
361	866
362	481
362	583
362	1247
362	1288
363	868
363	1120
364	619
364	890
364	1089
364	1293
365	795
365	856
365	1249
367	404
367	878
367	1025
367	1033
367	1045
367	1082
367	1114
367	1116
368	682
368	795
369	709
369	711
369	976
369	1076
369	1269
370	685
370	979
370	1145
371	406
371	478
371	573
371	622
372	518
372	540
372	560
372	913
372	1095
372	1216
373	756
373	866
373	942
373	951
373	1194
374	1207
375	1081
375	1216
376	680
376	814
376	1158
377	726
377	1153
377	1272
378	649
378	662
378	780
379	383
379	685
379	857
379	1115
379	1164
379	1216
380	434
380	713
380	716
381	440
381	627
381	654
381	1121
382	476
382	552
382	733
382	748
382	825
382	1125
382	1283
383	388
383	725
383	881
383	960
383	1028
384	771
384	1111
385	976
386	411
386	542
388	518
388	718
388	998
389	631
389	768
389	999
389	1082
389	1298
390	425
390	588
390	735
390	1113
390	1237
391	526
391	545
391	918
392	1261
393	402
393	1155
395	557
395	626
395	1153
395	1266
396	666
396	789
396	996
396	1048
396	1291
397	774
397	775
397	982
397	1275
397	1280
398	498
398	552
398	557
398	574
398	1071
399	487
399	933
399	935
400	431
400	740
400	1298
401	620
401	639
401	718
401	1120
401	1281
402	582
402	610
402	781
403	565
405	423
405	889
405	900
405	1073
406	686
406	1084
406	1193
407	481
407	577
407	683
408	453
408	465
408	538
408	1136
409	728
409	1152
410	1051
411	532
411	876
411	1038
411	1049
411	1216
412	708
412	931
412	1074
413	869
413	1270
414	588
414	683
414	801
415	639
415	912
415	1121
416	463
416	634
416	676
416	1158
416	1239
417	868
417	892
417	909
417	1045
417	1155
417	1252
418	706
419	722
419	876
419	1175
420	1185
422	435
422	468
423	1110
423	1215
424	729
425	577
425	862
425	931
425	993
425	1285
427	503
427	782
427	965
427	1003
428	459
428	677
429	928
429	1155
430	468
430	592
430	614
430	649
430	671
430	989
431	1022
432	698
432	1124
432	1255
433	529
434	1159
435	515
436	830
437	608
437	623
437	1182
437	1195
438	674
438	751
438	1131
438	1159
439	787
440	581
440	692
440	701
440	906
440	937
440	1104
440	1216
441	832
442	1183
443	1105
443	1137
444	1154
444	1293
445	771
446	448
446	451
446	525
446	543
446	751
446	1169
446	1206
447	936
447	1010
447	1227
448	491
448	901
448	961
449	563
449	613
449	771
449	820
450	871
451	909
451	920
451	1130
451	1163
451	1216
451	1227
452	780
452	989
452	1181
453	587
453	768
454	1207
454	1278
455	793
455	1074
456	462
456	1140
458	685
458	687
458	928
459	809
459	967
459	1217
459	1288
460	535
460	552
460	684
460	715
460	792
460	823
460	1207
461	628
461	845
461	1096
463	553
463	698
463	720
463	1082
464	543
465	475
465	788
466	498
467	574
467	751
467	1205
467	1238
468	517
468	633
468	727
468	928
469	505
469	561
469	687
469	883
469	1020
469	1037
470	655
470	680
470	703
470	759
470	1244
470	1253
471	734
471	782
471	955
471	1103
472	584
472	1294
473	611
473	792
473	894
473	1070
474	926
475	649
476	581
476	768
477	856
478	532
478	698
478	1033
478	1133
479	641
479	689
479	1189
479	1221
480	714
480	903
480	1021
481	501
481	961
481	1026
481	1067
482	577
482	837
482	866
482	1004
482	1256
483	1141
483	1228
483	1294
484	550
484	868
484	1001
484	1224
484	1236
485	639
486	1186
487	511
487	1173
488	776
489	1119
490	607
491	796
491	1220
492	1279
493	522
493	596
493	630
494	1219
494	1292
496	770
497	505
497	715
497	728
498	1047
500	798
500	804
500	1024
501	629
501	810
501	1205
502	605
502	863
502	884
502	1174
502	1188
503	519
503	851
503	962
504	880
504	1039
504	1238
505	576
505	954
505	1132
506	883
506	1245
506	1246
507	1229
507	1292
508	961
509	1169
509	1181
509	1212
510	512
510	958
511	729
511	856
511	960
512	1010
512	1173
513	904
513	963
513	1001
513	1030
513	1238
514	525
514	680
514	870
514	876
514	926
515	537
515	618
515	754
515	1102
515	1209
516	532
516	709
516	1087
516	1192
517	660
517	1064
518	719
518	801
518	990
520	737
520	1169
521	843
522	652
523	838
523	1153
524	772
524	883
525	811
525	1071
525	1204
526	802
526	920
526	1080
526	1111
526	1138
527	1216
528	1039
528	1063
528	1098
529	822
529	1061
530	664
530	1150
530	1209
531	1226
531	1244
532	758
532	778
532	817
532	1132
532	1143
533	587
533	1032
533	1156
533	1265
534	1096
535	885
535	899
536	689
538	804
538	853
538	1263
538	1268
538	1275
539	652
539	1188
540	739
542	850
542	991
542	1275
544	1143
544	1259
545	916
545	1201
546	637
547	592
547	695
548	1208
549	608
549	689
550	561
550	722
550	813
550	829
550	985
551	908
552	1114
552	1164
554	703
554	947
554	1098
554	1265
555	573
555	611
555	766
555	928
556	643
556	847
556	937
558	775
558	805
558	996
559	574
560	806
560	848
562	954
563	738
563	1012
563	1269
564	904
564	966
564	1012
566	788
566	985
566	1020
568	642
569	921
569	1040
569	1151
569	1260
570	710
571	711
571	910
572	595
572	744
572	768
572	1280
573	960
573	1161
573	1279
575	858
575	932
575	963
575	1014
575	1142
578	696
578	1247
579	1178
580	698
580	1149
580	1241
581	1134
582	853
582	995
583	656
583	672
583	735
584	587
584	876
585	1112
586	1138
586	1218
587	748
587	1061
588	632
588	686
588	916
588	1026
588	1037
589	634
589	644
589	713
589	807
589	931
589	1018
591	951
591	1033
591	1203
594	711
594	974
595	940
595	1009
595	1216
596	907
596	1117
596	1237
597	695
598	848
598	979
598	1084
598	1159
598	1168
599	649
599	737
599	1179
600	627
600	975
601	710
602	999
603	743
603	1222
603	1273
604	1254
605	685
606	1013
606	1141
606	1212
607	782
607	1280
608	719
608	1156
609	698
609	1033
611	844
612	1154
612	1250
613	643
613	954
613	1085
614	814
614	912
615	928
615	1004
615	1263
616	676
616	679
616	708
616	847
616	990
617	740
617	760
617	1263
618	654
618	1194
620	1190
620	1284
621	815
621	868
621	1274
622	699
622	704
623	797
623	938
623	954
623	960
623	1215
623	1277
623	1294
624	1135
625	963
625	1111
626	929
626	1013
627	1003
627	1122
629	751
630	1277
631	652
631	754
631	1005
632	721
633	977
633	1026
633	1273
634	1104
634	1251
635	736
635	1074
636	712
636	713
636	719
636	941
636	1068
636	1125
637	862
637	1058
637	1115
638	799
639	666
639	693
639	1169
639	1259
640	647
640	785
640	801
640	1084
640	1166
641	793
641	902
641	1262
641	1276
643	694
643	916
643	990
644	915
644	1172
645	740
645	1022
645	1193
645	1235
646	867
646	1082
647	680
647	856
648	1101
649	736
650	695
650	986
650	1079
651	853
652	736
652	1063
652	1139
652	1253
653	733
653	947
654	664
654	1220
655	912
655	1283
656	973
656	1082
656	1092
657	715
657	724
658	791
658	1231
659	744
659	1292
660	736
660	749
660	1031
660	1094
661	717
661	718
661	822
661	906
662	1039
662	1267
663	985
663	1043
664	883
664	1184
665	838
665	843
665	937
665	975
666	1168
667	721
667	912
667	1237
668	851
669	705
669	884
669	1040
669	1138
670	1040
670	1061
671	1045
671	1203
672	796
672	1014
672	1241
673	756
673	1058
674	716
674	783
674	798
674	825
674	850
674	925
674	960
674	1028
674	1051
674	1264
675	965
675	986
675	1225
676	968
676	1288
677	895
677	942
677	1222
677	1254
680	1033
680	1203
680	1212
682	824
682	913
682	980
684	836
684	972
685	770
685	1051
686	1018
686	1214
687	787
688	971
689	811
689	917
689	994
690	802
690	1236
693	1050
693	1185
693	1198
694	739
694	875
694	1017
695	1192
696	1120
697	849
697	934
697	968
697	1097
697	1252
698	817
698	857
698	1208
700	789
701	993
701	994
701	1073
703	851
703	1068
704	796
704	1054
705	1058
705	1142
707	776
710	869
710	1114
711	839
714	1044
715	1077
716	754
716	946
717	955
717	968
717	1276
718	1063
718	1124
718	1130
719	892
719	1004
719	1146
719	1166
721	1079
723	1041
724	785
724	1288
725	836
725	888
725	1280
726	1015
727	1114
728	1158
729	1129
729	1161
730	1091
730	1127
732	780
732	1003
732	1137
733	1213
733	1237
734	850
734	1035
734	1069
734	1183
737	1261
739	1037
740	1162
742	1114
743	898
743	927
744	965
744	1143
745	782
745	1035
745	1267
747	1036
747	1166
748	831
748	1115
750	964
752	867
753	974
753	1056
754	1093
755	1047
755	1095
757	893
757	1014
757	1180
758	872
758	1088
758	1132
760	805
760	1145
761	910
761	932
761	936
762	805
763	1293
764	842
764	915
764	983
765	1116
766	812
767	842
767	1266
768	900
769	855
769	1189
770	1201
770	1230
771	1263
772	809
773	816
773	828
773	912
773	1072
774	1035
774	1259
775	913
775	1176
776	911
776	1038
777	1094
777	1199
778	935
779	896
779	903
779	1189
779	1204
780	1064
780	1244
781	978
782	967
783	1196
785	943
786	800
786	873
786	912
788	995
789	932
789	1181
790	1036
790	1098
791	910
791	944
792	885
792	911
792	993
792	1151
792	1199
794	1229
794	1244
795	1245
796	1207
797	912
798	1251
799	820
799	1156
800	936
800	1215
801	1042
803	983
803	1081
805	1252
806	1044
806	1059
807	901
808	1044
809	1151
810	886
810	893
810	919
811	924
811	1058
813	1154
815	1228
816	1086
816	1141
818	1048
819	830
819	1278
820	1021
820	1035
821	875
823	1122
824	1016
826	1108
826	1194
826	1273
827	960
829	951
829	1030
829	1190
829	1237
830	1073
830	1283
831	1124
832	1059
832	1069
832	1148
832	1214
833	1045
834	858
834	986
834	1070
836	889
836	937
836	1159
838	948
840	992
840	1144
840	1152
841	1016
841	1048
842	906
842	1135
842	1264
843	856
843	1000
843	1213
844	962
845	854
845	964
845	1097
845	1163
846	874
846	930
846	1240
848	1214
848	1251
849	974
849	1193
849	1201
849	1235
850	858
850	913
850	1060
851	898
851	931
851	1256
851	1257
851	1291
852	1105
853	900
853	907
853	1117
854	1035
854	1274
856	1236
858	889
858	998
859	861
859	1046
860	1189
861	1006
862	958
863	1067
867	966
867	1120
867	1133
867	1187
868	882
868	970
868	1056
868	1123
869	1144
871	886
871	920
872	1043
872	1286
873	1011
874	1172
877	1248
878	1189
879	1248
880	1236
880	1249
880	1258
882	1108
882	1146
883	906
883	1291
883	1294
884	1029
884	1211
885	1124
885	1189
886	1078
888	1052
888	1076
888	1127
889	1191
889	1216
889	1231
892	1033
894	991
895	938
895	1167
895	1298
896	1271
897	1199
897	1267
898	911
899	931
899	1254
900	1099
901	1009
901	1123
902	1229
903	939
904	975
905	983
906	1238
906	1245
907	1181
909	912
910	1067
911	1037
912	1216
912	1271
912	1297
913	1005
913	1071
914	947
914	968
915	1022
915	1154
916	1082
917	1014
917	1019
917	1054
917	1066
918	1166
920	922
920	971
920	1110
921	1030
921	1105
922	1118
922	1144
923	1053
923	1298
927	1205
927	1241
932	1118
937	1045
937	1176
939	1132
939	1178
940	1000
940	1183
940	1190
942	1088
942	1103
942	1110
942	1111
942	1222
943	981
943	1145
944	1126
945	1095
946	1153
946	1252
948	980
948	1026
949	1285
950	1233
952	960
952	1155
952	1211
954	1092
954	1207
954	1238
956	972
957	1168
960	998
963	1264
964	1098
965	1191
965	1231
967	1021
967	1055
968	1209
969	1152
972	1155
973	1044
973	1176
975	977
975	992
976	1171
977	1019
977	1106
977	1180
979	1052
979	1256
980	1068
980	1294
981	1000
983	1079
985	1137
986	1005
986	1288
987	1079
988	1035
989	1231
992	1028
992	1158
993	1031
993	1083
993	1162
994	1082
995	1232
996	1028
996	1056
996	1088
996	1236
997	1099
997	1116
997	1218
998	1098
1000	1006
1000	1286
1003	1081
1004	1088
1004	1247
1005	1080
1007	1203
1008	1211
1008	1226
1009	1269
1013	1081
1013	1216
1014	1143
1014	1202
1014	1225
1017	1277
1018	1266
1019	1045
1021	1234
1023	1097
1028	1033
1029	1157
1031	1080
1033	1187
1037	1286
1038	1063
1039	1112
1039	1183
1040	1145
1040	1240
1043	1169
1043	1171
1044	1096
1045	1060
1046	1194
1052	1192
1052	1299
1053	1071
1054	1083
1054	1176
1058	1191
1060	1215
1061	1197
1061	1290
1062	1162
1063	1072
1064	1221
1064	1278
1065	1278
1066	1126
1066	1136
1069	1266
1074	1078
1074	1106
1074	1107
1074	1276
1076	1082
1076	1167
1076	1274
1078	1263
1082	1272
1083	1208
1084	1093
1084	1228
1086	1210
1088	1277
1090	1211
1091	1212
1096	1276
1098	1178
1101	1296
1103	1107
1103	1210
1104	1105
1105	1177
1105	1254
1106	1124
1106	1172
1109	1243
1111	1188
1111	1267
1112	1208
1114	1175
1114	1232
1115	1216
1117	1150
1118	1144
1118	1211
1123	1135
1124	1252
1125	1250
1126	1247
1128	1225
1130	1226
1134	1136
1134	1211
1135	1247
1141	1163
1142	1272
1143	1272
1144	1148
1144	1194
1144	1270
1146	1178
1149	1256
1154	1161
1155	1205
1156	1157
1156	1159
1157	1242
1158	1289
1160	1223
1160	1231
1161	1247
1164	1201
1164	1220
1165	1221
1167	1223
1170	1194
1174	1214
1177	1219
1184	1283
1185	1294
1189	1214
1189	1292
1195	1269
1196	1271
1198	1244
1203	1273
1209	1272
1213	1251
1220	1262
1224	1250
1225	1240
1227	1254
1229	1271
1234	1284
1236	1242
1260	1269
1275	1280
1283	1292
1286	1295