0	286
0	290
0	649
1	826
2	213
2	1098
2	1234
3	272
3	1166
3	1236
4	34
4	677
4	1129
4	1179
5	16
5	151
5	228
5	247
5	340
5	547
5	581
5	1074
6	215
6	552
7	129
7	152
7	1001
8	88
8	792
8	878
8	1047
8	1083
9	370
9	690
9	699
10	268
10	482
10	607
10	697
10	1022
10	1237
11	319
11	615
11	661
11	676
11	976
11	1124
12	232
12	638
12	943
12	1031
12	1054
13	364
13	506
13	655
13	689
13	831
13	844
14	72
14	195
14	489
14	534
15	215
15	433
15	560
15	1033
15	1221
15	1276
15	1279
16	86
17	426
17	444
17	617
18	445
18	650
18	692
18	924
18	1108
18	1169
19	400
19	867
19	917
19	954
19	1059
20	237
20	256
20	321
20	947
20	968
20	1240
21	207
21	352
21	828
21	853
22	541
23	307
23	1287
24	760
24	813
24	936
25	338
25	843
25	1145
26	289
26	608
26	1021
26	1281
27	837
28	174
28	290
28	472
28	551
29	116
29	385
29	588
29	698
29	789
29	1200
30	841
30	1026
31	53
31	307
31	457
31	1220
32	1262
33	486
33	875
33	1021
33	1115
33	1224
33	1274
34	602
34	607
34	1262
35	168
35	214
35	227
35	251
35	420
35	966
35	1013
36	695
36	988
37	410
37	470
37	561
37	663
37	1192
38	117
38	182
38	1271
39	428
39	1006
39	1084
39	1156
39	1255
40	209
40	1083
40	1266
41	163
41	364
41	377
41	755
41	965
41	1055
41	1135
42	102
42	458
42	722
42	809
42	1211
43	131
43	708
43	1120
44	310
44	437
44	632
44	780
45	246
45	265
45	400
45	619
45	1121
45	1167
46	72
46	565
46	656
46	676
46	884
46	1009
47	923
47	1176
48	519
48	739
48	954
49	205
49	399
49	834
49	842
49	957
49	1265
50	169
50	527
50	1190
50	1250
51	364
51	425
51	474
51	493
51	553
51	871
51	1000
51	1185
52	377
52	504
52	791
53	594
54	333
54	716
54	730
54	1114
55	709
55	723
55	965
55	1270
56	787
57	336
57	544
57	1082
57	1210
58	89
58	376
59	541
60	205
60	279
60	303
60	873
60	1221
61	141
61	387
61	657
61	976
61	1238
62	561
62	758
62	1147
63	351
63	595
63	629
63	660
63	684
63	1191
63	1199
63	1240
63	1251
64	219
65	112
65	782
65	1051
65	1158
66	523
66	639
66	1031
66	1034
67	266
67	296
67	389
67	781
67	902
68	574
68	618
68	781
68	868
68	969
69	566
69	773
69	944
69	1024
69	1106
70	591
70	920
70	993
70	1033
71	169
71	224
71	621
71	1049
71	1091
73	497
73	555
73	816
74	89
74	304
74	886
74	1055
75	425
75	466
75	635
75	924
75	941
75	1191
75	1206
75	1214
75	1287
76	117
76	217
76	218
76	1007
76	1283
77	283
77	1167
78	203
78	244
78	413
78	529
79	525
79	533
79	665
79	920
79	1066
80	237
80	869
80	1178
80	1205
81	87
81	138
81	1085
81	1146
82	478
82	548
82	856
82	1207
83	130
83	370
83	402
83	405
83	981
83	1145
83	1199
84	866
84	1132
84	1163
85	111
85	915
86	1022
86	1279
87	460
87	761
87	765
87	1249
87	1284
88	408
88	542
88	1223
89	96
89	336
89	520
89	730
90	926
90	964
90	1135
91	192
91	378
91	871
92	1188
92	1250
93	301
93	1010
93	1242
94	352
94	466
95	123
95	480
95	550
95	1100
96	835
97	825
98	407
98	467
98	1195
99	248
99	724
99	1071
99	1170
99	1236
100	291
100	300
101	255
101	630
101	662
101	813
101	1025
101	1216
102	328
102	357
102	533
102	671
102	691
102	758
103	230
103	698
103	816
103	1100
103	1219
104	216
104	650
104	730
104	758
105	387
105	478
105	1163
106	708
106	744
107	169
107	800
107	924
107	1101
108	469
108	1065
108	1092
108	1103
109	347
109	873
109	1211
110	327
110	415
110	499
110	702
110	1207
111	330
111	452
111	473
111	768
111	957
112	233
112	560
112	566
113	890
114	347
114	414
114	522
114	1077
115	661
116	314
116	513
116	725
116	1295
117	520
117	594
117	978
117	1145
118	250
118	530
118	641
118	995
119	265
119	643
119	774
119	899
120	938
120	1244
121	389
121	392
121	517
121	768
122	491
122	713
123	146
123	397
123	455
123	599
123	755
123	977
123	1127
124	317
124	482
124	819
125	203
125	392
125	411
125	593
125	1068
126	339
126	491
126	1029
126	1085
127	152
127	856
127	1211
127	1253
128	243
128	1071
129	349
129	434
129	458
130	250
130	361
130	756
130	1196
130	1208
131	1062
132	133
132	251
132	399
132	685
132	952
133	139
133	253
133	397
133	605
134	357
134	1133
134	1179
135	181
135	355
135	492
135	764
135	769
135	973
135	1185
135	1208
136	163
136	539
136	673
136	767
137	227
137	1089
137	1092
138	1162
138	1255
139	243
139	332
139	747
139	790
140	324
140	426
140	586
140	850
141	733
141	807
141	940
141	1088
141	1210
141	1224
142	416
142	725
142	868
142	960
142	1249
143	703
143	772
144	146
144	791
144	974
144	1006
144	1255
145	331
145	529
145	933
145	1236
145	1248
146	214
146	1044
146	1089
146	1211
147	524
147	546
147	616
147	1079
147	1263
148	701
148	822
149	384
149	385
149	1057
149	1114
149	1145
149	1232
150	680
150	1010
151	513
151	622
151	653
151	943
151	1112
151	1230
152	342
152	663
152	956
152	1054
153	931
153	1130
154	207
154	307
154	629
154	834
155	405
155	681
155	787
155	1054
155	1075
155	1091
156	473
156	879
156	1115
156	1218
157	737
157	809
157	858
157	1142
158	230
158	325
158	1134
158	1190
158	1255
159	305
159	1140
159	1214
160	172
160	444
160	614
160	932
160	1282
161	202
161	288
161	639
161	1059
161	1290
162	289
162	692
162	836
162	1164
163	360
163	426
163	821
163	969
164	737
164	759
164	1109
165	448
165	536
165	874
165	938
165	992
165	1226
165	1275
166	891
167	470
167	1012
168	254
168	335
168	1048
168	1104
168	1257
169	514
169	773
169	1115
170	303
170	316
170	792
170	1009
170	1216
171	212
171	1155
171	1210
171	1239
172	508
172	1027
172	1056
172	1128
173	420
173	536
173	896
173	982
173	1004
174	260
174	636
174	664
174	950
174	1029
174	1149
175	624
175	963
175	1245
176	584
177	1258
178	234
178	797
178	931
178	982
179	210
179	334
179	993
179	1198
180	338
180	436
180	1269
181	208
181	533
181	863
181	997
182	472
182	485
183	241
183	276
183	351
183	417
183	944
184	275
184	465
184	737
184	870
184	1147
184	1219
185	966
186	370
186	391
186	394
186	734
186	1210
187	220
187	406
187	494
187	716
187	1291
188	194
188	200
188	203
188	246
188	641
188	757
188	1156
188	1190
189	215
189	267
189	479
189	1000
190	415
190	426
190	556
190	985
191	471
191	526
191	598
192	346
192	670
192	754
192	755
192	1190
193	208
193	986
194	245
194	678
194	1047
194	1294
195	768
195	972
195	1002
195	1085
196	205
196	342
196	505
196	562
196	909
196	1166
197	1011
197	1026
197	1043
197	1199
198	291
198	1033
199	372
199	623
199	674
200	1295
201	660
201	694
201	957
201	1169
201	1249
202	494
202	775
202	1238
203	954
203	1282
204	443
204	810
204	1017
204	1191
205	234
205	376
205	435
205	611
205	1199
206	365
206	546
206	1016
206	1244
207	259
207	491
208	272
208	796
208	928
209	287
209	577
209	860
210	575
210	1007
210	1013
210	1259
211	888
211	1074
212	301
212	532
212	766
213	258
213	338
213	496
213	1197
214	449
214	563
214	624
214	652
214	1151
214	1157
215	335
215	592
215	1145
216	1140
217	528
217	848
218	1252
218	1255
219	655
219	763
219	902
219	1166
219	1189
220	230
220	663
220	1263
221	232
221	290
221	847
222	553
222	575
223	332
223	1068
224	261
224	744
224	1132
224	1175
225	302
225	437
225	656
226	365
226	563
226	650
226	861
226	1048
227	418
228	1199
229	525
229	907
229	1108
230	323
230	1204
231	308
231	523
231	682
231	890
231	1204
232	291
232	477
232	558
233	370
233	738
233	1081
234	758
234	825
234	856
234	997
234	1295
235	350
235	679
235	938
235	1274
236	700
236	765
236	1244
237	680
237	713
237	984
237	1157
237	1294
238	338
238	455
238	506
238	537
239	358
239	556
239	790
240	901
240	1168
240	1255
241	302
241	578
241	983
241	1189
242	547
242	906
242	952
243	562
243	789
243	918
243	1001
243	1116
244	254
244	815
244	874
245	501
245	599
245	720
245	763
245	1220
246	585
246	723
247	344
247	436
247	536
247	1020
248	703
248	729
248	761
248	826
248	828
248	1105
248	1228
249	297
249	498
249	501
249	786
249	946
249	1135
250	262
250	648
250	757
250	1045
250	1298
251	567
251	671
251	845
251	934
251	1083
251	1197
252	577
252	814
252	1226
253	643
253	961
253	1270
254	428
255	406
255	658
255	1037
255	1038
255	1140
256	290
256	772
256	973
257	323
257	354
257	513
257	725
257	998
257	1208
258	549
258	655
258	1232
258	1238
259	496
260	1001
260	1249
261	519
261	553
261	768
262	303
262	304
262	635
262	660
262	781
262	783
262	1252
263	356
263	500
263	1037
264	421
264	739
264	891
264	1023
265	365
265	421
265	897
265	1131
265	1201
266	495
266	556
266	822
266	1115
266	1152
267	307
267	852
267	1035
267	1040
267	1102
268	738
268	1284
269	404
269	811
269	914
269	1002
269	1166
270	273
270	397
270	676
271	322
271	468
271	722
271	857
272	340
272	411
272	803
272	1179
273	428
273	505
273	1175
274	291
274	329
274	784
274	999
274	1047
275	441
276	419
276	526
276	688
276	754
276	842
276	1125
277	570
277	709
277	827
277	886
277	1044
277	1242
278	416
278	462
278	898
278	922
279	314
279	566
279	600
279	1003
279	1061
279	1191
280	963
281	682
281	823
281	967
282	296
282	362
282	690
282	744
282	853
282	1102
283	344
283	771
283	878
283	1286
284	313
284	383
284	430
284	494
284	816
284	944
285	618
285	878
285	1180
286	451
286	941
286	1100
288	428
288	778
288	1119
289	679
289	733
289	1149
290	437
290	710
290	762
290	1161
290	1212
291	499
292	946
292	955
293	481
293	577
293	1164
294	507
294	978
295	587
295	1180
296	552
296	574
297	507
297	630
297	646
297	735
297	826
297	861
297	968
297	991
297	1231
298	498
298	1059
299	457
299	542
299	906
299	1045
299	1202
300	564
300	582
300	588
300	1002
300	1060
300	1152
301	498
301	897
301	953
302	526
302	746
302	857
302	888
302	1250
304	487
305	577
305	1155
305	1198
306	380
306	900
306	1052
306	1164
306	1242
307	985
307	1182
308	816
308	819
308	859
309	1274
310	441
310	766
311	399
311	683
311	709
311	729
311	1223
312	676
312	711
312	1123
312	1294
313	870
313	992
313	1265
314	516
314	601
314	773
314	911
315	463
315	643
315	644
315	674
315	773
315	1033
316	537
316	829
316	997
316	1011
316	1123
317	396
317	460
317	1225
318	627
318	684
318	798
318	1144
319	580
320	531
321	335
321	425
322	446
322	559
322	913
322	1081
323	586
323	607
323	1140
323	1246
324	339
324	572
324	1118
325	355
325	419
326	613
326	707
326	1069
327	424
327	479
327	710
327	1028
328	435
328	1105
328	1199
329	492
329	843
329	940
329	1206
330	808
330	1004
330	1006
330	1235
331	796
332	824
333	355
333	466
333	471
333	526
333	846
333	913
333	981
334	548
334	1188
334	1283
335	1236
336	436
336	800
336	1034
337	344
337	666
339	472
339	492
340	369
340	453
340	1019
341	1164
342	747
342	850
342	1289
343	457
343	685
344	402
344	551
345	394
345	620
345	799
345	1061
346	1058
346	1295
347	558
347	691
347	695
347	1185
348	378
348	455
348	486
348	1052
349	402
349	586
349	678
349	702
349	919
350	400
350	429
350	587
350	639
350	1294
351	675
351	963
351	1258
352	435
352	469
352	831
353	623
354	648
355	717
355	807
355	895
355	1006
356	466
356	486
356	699
356	940
357	601
357	641
357	865
358	379
358	547
358	811
358	976
358	1176
359	568
360	434
360	1159
361	817
361	1016
362	443
362	563
362	642
362	966
363	650
363	1084
363	1183
364	528
364	754
364	1261
365	798
365	983
366	640
367	1132
367	1142
367	1175
368	414
368	596
368	884
368	1003
369	967
369	1115
369	1164
369	1271
370	791
370	1155
370	1185
371	646
371	751
371	960
372	480
372	887
372	924
372	1122
372	1145
372	1276
373	615
373	858
373	881
373	1149
373	1255
373	1268
374	574
374	832
375	475
375	729
375	761
376	489
376	1266
377	633
377	714
377	1078
377	1241
379	736
379	758
379	1189
380	434
380	739
380	837
381	1103
382	427
382	533
382	561
382	640
382	872
382	943
382	1045
383	688
383	786
383	958
383	1170
383	1263
384	688
384	792
384	1120
385	746
386	897
386	993
386	1120
387	791
388	719
388	732
388	912
388	1246
389	448
389	620
389	1034
390	722
391	1012
392	528
392	885
392	1190
392	1273
393	627
393	659
393	778
393	838
393	1297
394	788
394	801
395	482
395	514
395	719
395	1066
396	417
396	517
397	457
397	518
397	941
398	707
399	600
399	801
399	884
399	934
400	1176
401	1089
401	1169
402	415
402	588
402	630
402	658
403	1286
404	598
404	777
404	1057
404	1290
405	487
405	538
405	608
405	648
405	1042
406	786
406	1157
407	521
407	1277
408	427
408	477
408	674
408	1135
409	888
409	1235
409	1249
409	1265
410	658
410	849
410	951
410	1031
411	483
412	652
412	911
413	417
413	889
414	894
414	911
414	1138
414	1190
415	522
415	938
416	879
416	1108
416	1118
417	468
417	556
417	707
417	768
417	1270
418	467
418	648
418	927
418	1127
418	1197
419	867
419	870
420	811
420	876
421	534
421	804
422	432
422	931
422	1021
422	1156
423	1098
424	883
425	577
425	649
425	857
425	905
425	1206
426	725
427	1232
428	912
429	537
429	631
429	707
430	735
430	992
431	525
431	628
431	821
431	1162
432	813
433	561
433	958
434	593
434	616
434	1173
434	1178
434	1294
435	848
435	1292
436	1134
437	685
437	690
437	830
437	1017
438	1137
438	1174
439	1172
440	451
441	510
442	590
442	854
442	978
443	464
443	775
443	1039
443	1088
444	817
444	885
445	851
446	454
446	617
446	1095
447	674
448	494
448	726
448	886
448	1142
448	1169
448	1174
449	588
449	848
450	606
450	1169
451	487
451	932
452	682
452	833
452	1161
452	1271
452	1275
453	748
453	783
453	941
453	984
453	1005
453	1237
454	587
454	1273
455	867
455	1051
456	627
456	800
456	970
456	1230
457	837
457	1244
459	518
459	779
459	835
459	968
459	1027
460	881
461	591
461	822
461	907
461	1184
462	474
462	893
462	1162
462	1171
463	803
464	549
464	633
464	745
464	902
464	1080
464	1106
465	541
465	615
465	897
466	614
466	755
466	1040
467	985
467	1005
467	1079
467	1131
467	1269
468	501
468	643
468	825
468	1011
469	744
469	805
470	519
471	493
471	728
471	1007
471	1089
471	1101
472	704
472	760
472	1088
472	1100
472	1107
472	1116
473	617
473	687
473	781
473	1092
473	1238
474	1034
474	1139
475	694
475	1053
475	1215
476	1144
477	897
478	566
478	654
478	948
478	1042
479	508
480	789
480	835
480	865
481	1009
481	1049
482	798
482	1062
482	1117
483	551
483	873
483	933
484	936
484	1074
484	1215
485	754
485	831
485	1243
486	790
486	1105
487	1122
488	533
488	610
488	682
488	721
488	1074
488	1198
489	773
489	912
489	1047
489	1236
490	733
491	1059
491	1294
492	676
492	740
492	818
492	1242
493	621
493	644
493	708
493	1288
494	575
494	1177
494	1283
495	833
495	1012
495	1099
495	1281
496	684
496	719
496	874
496	925
496	1055
496	1261
497	597
497	603
497	632
497	852
497	1013
497	1058
497	1230
498	1115
499	856
499	971
500	682
500	1004
500	1150
501	668
501	770
501	1007
502	779
502	867
502	978
502	1038
502	1057
503	572
503	891
503	1052
503	1247
504	582
504	706
504	709
504	981
504	1134
504	1188
505	798
505	1116
506	873
506	975
507	787
507	819
507	945
508	594
508	600
508	766
508	835
508	970
509	751
510	725
510	962
511	850
512	696
514	531
515	632
516	1022
517	557
517	661
517	697
517	1225
518	580
518	939
518	1042
519	584
519	1051
521	660
521	923
521	1290
522	565
522	725
522	862
522	1042
522	1050
522	1138
522	1197
523	645
523	1093
524	529
524	541
524	673
524	755
524	1064
524	1291
525	917
525	1143
526	563
527	687
527	759
527	897
528	657
528	793
528	964
528	1003
528	1017
528	1098
528	1217
530	538
530	1030
531	800
531	847
531	1012
531	1072
532	912
533	960
534	726
534	952
535	984
536	792
536	1092
537	567
537	694
537	982
537	1213
538	677
538	1106
539	655
539	818
539	837
539	845
539	864
539	956
540	697
540	702
540	997
540	1271
541	714
541	828
541	1199
542	1278
543	1121
544	596
544	1111
545	585
547	857
547	935
548	1058
548	1181
548	1230
549	733
549	793
549	1231
551	1060
551	1065
552	1017
552	1158
553	712
553	901
553	1120
554	870
554	999
555	1114
555	1214
556	590
556	601
556	743
556	855
556	1161
557	978
557	1166
557	1249
558	570
558	625
558	662
558	798
558	989
558	1024
559	854
559	1025
559	1127
561	692
561	766
561	1067
562	845
562	987
563	1132
563	1149
564	684
564	811
564	957
564	1229
565	753
565	1077
565	1240
566	1291
567	650
567	1241
567	1251
568	588
568	1200
569	1234
570	1176
571	613
571	888
572	939
573	943
573	1101
574	626
574	837
574	910
574	1007
575	712
575	1102
575	1221
575	1249
576	1064
578	637
578	699
578	1186
579	829
579	996
580	895
581	601
581	822
581	988
581	1154
581	1268
582	645
582	671
582	750
582	751
582	1014
582	1069
582	1146
583	766
584	661
584	674
584	684
584	903
584	1129
585	685
585	947
585	1048
585	1172
585	1206
587	985
587	1245
588	758
588	907
589	1276
590	825
590	1106
590	1267
591	778
591	1042
591	1263
592	782
592	907
592	1173
594	625
594	647
594	893
595	1293
596	1009
596	1201
596	1290
597	756
597	826
597	855
597	1245
598	617
598	976
599	982
600	1029
600	1244
601	955
602	752
602	935
602	1053
602	1214
603	1141
603	1223
604	1293
605	648
605	1038
605	1106
606	1043
607	621
607	1017
608	724
608	762
608	1020
609	862
609	1215
610	627
610	801
611	873
611	1291
612	784
612	959
613	631
613	859
614	741
614	826
615	674
615	1108
615	1222
617	690
618	619
618	642
618	801
618	811
618	948
618	1214
619	822
619	1041
619	1082
620	1140
620	1175
621	988
622	843
624	1224
624	1266
625	788
626	1238
627	762
627	796
628	686
628	1266
629	721
629	787
629	1116
629	1177
630	797
631	831
631	1007
632	724
632	797
632	969
633	782
633	792
633	1153
634	910
634	1094
634	1159
636	810
636	948
636	994
636	1282
637	893
637	1057
638	649
638	715
640	669
640	817
641	1135
642	823
642	1058
642	1096
643	1161
644	931
647	833
647	1185
648	927
648	1062
649	943
649	1065
649	1158
650	1295
651	1082
653	991
653	1136
653	1168
654	1042
655	722
655	973
655	1158
656	726
656	952
656	1109
657	744
657	778
657	945
657	965
657	1008
658	885
658	1048
659	1239
662	1072
663	1292
666	1064
666	1195
667	988
667	1078
667	1185
668	929
668	1011
668	1119
669	840
669	1079
670	986
671	736
671	904
671	940
671	1184
671	1285
672	1273
673	892
674	884
675	1031
675	1211
675	1255
676	1056
676	1107
676	1138
676	1297
677	742
677	1254
677	1264
678	1223
679	775
679	787
680	770
680	858
680	979
680	1108
680	1161
681	1115
682	1041
682	1199
683	790
683	1287
684	782
685	926
685	1030
686	688
686	815
686	1206
687	742
687	1183
688	727
689	863
690	705
690	1019
690	1193
691	807
691	926
691	1002
691	1092
691	1209
692	918
692	926
692	958
692	959
692	1011
693	719
694	1155
695	962
695	1044
695	1146
696	809
697	846
697	1096
697	1234
698	1026
699	723
699	880
699	1010
700	852
700	881
701	946
702	1154
703	1294
704	1208
704	1275
705	868
705	1146
705	1178
705	1298
706	1176
707	736
707	864
707	1056
707	1168
707	1192
708	1128
709	882
709	888
709	1052
709	1124
709	1250
710	1165
712	1056
712	1275
713	798
713	1165
715	880
715	970
716	786
716	892
716	1195
716	1275
718	862
718	1145
719	923
719	1297
720	750
720	1078
720	1244
721	730
721	888
722	951
722	1211
723	965
724	777
724	1063
724	1108
725	1056
726	769
727	1095
728	765
728	949
729	1055
729	1296
731	1106
731	1229
731	1234
733	1213
735	934
735	1234
736	755
737	768
737	775
737	781
738	1273
739	831
739	863
739	930
739	987
740	1273
741	1165
742	897
745	1127
745	1140
746	801
746	832
746	1160
747	802
747	807
747	811
747	891
747	1046
748	813
749	1195
749	1248
750	900
751	1191
752	791
752	882
752	1202
752	1269
753	1010
753	1082
753	1221
755	938
755	1084
756	858
756	1100
756	1229
757	1299
758	859
759	1024
759	1189
760	873
760	1032
761	953
762	765
762	879
762	908
762	1007
762	1053
763	781
763	800
763	994
764	810
764	859
764	1069
766	842
766	1101
767	920
767	1081
767	1089
767	1122
768	1028
768	1290
770	1005
770	1225
771	991
772	1138
773	975
773	1111
774	1024
774	1101
774	1174
774	1215
775	856
776	1251
777	1151
779	916
779	1278
780	848
780	1290
782	866
782	873
782	880
783	812
783	834
783	1236
784	1122
785	1054
785	1076
786	1067
787	983
787	1019
787	1114
790	884
791	892
791	992
791	1150
793	1071
793	1144
794	832
795	1295
796	833
797	854
797	1272
800	1061
800	1220
803	1003
803	1004
803	1115
804	1080
804	1297
805	994
805	1212
806	1072
806	1204
807	817
807	1064
807	1121
808	1139
808	1249
809	1151
809	1213
810	1046
811	875
811	1204
812	1214
812	1276
813	1118
814	826
815	892
816	1145
818	1208
819	1270
820	885
820	978
820	1104
820	1106
821	1007
822	969
822	1232
823	1095
823	1146
823	1165
824	877
824	1267
825	845
826	1139
829	1140
829	1176
830	1294
831	980
831	1053
832	886
833	1026
833	1155
834	1150
835	893
835	1007
836	862
836	952
836	1082
836	1131
836	1156
837	1046
837	1092
838	942
838	953
838	976
839	1074
839	1078
840	1029
840	1188
840	1260
840	1297
842	1170
844	1223
845	1179
846	878
849	968
850	914
850	1064
851	1000
851	1152
852	882
852	1151
856	1245
857	1037
858	872
858	962
859	956
859	990
859	1069
859	1085
861	1190
862	1022
863	1249
867	883
868	1073
869	912
869	1105
870	1061
872	1009
872	1063
872	1065
873	1147
874	976
874	1220
875	1163
875	1262
875	1292
876	1203
876	1260
877	912
877	1292
879	888
879	1222
879	1268
880	1165
882	995
882	1242
883	1082
884	889
884	1010
884	1163
884	1251
885	1100
885	1256
886	986
887	938
887	1109
888	1113
890	1087
890	1192
891	979
892	1222
893	1006
893	1148
893	1272
895	911
901	1180
902	1110
903	1150
904	1000
904	1010
905	968
905	996
905	1131
906	1102
907	1100
907	1154
907	1252
907	1257
909	944
910	1056
911	1098
913	1018
914	961
914	1028
914	1069
915	969
915	1001
915	1058
915	1214
917	1016
917	1051
917	1257
918	1033
920	989
920	1015
920	1211
921	1105
921	1284
922	1081
923	1069
924	1217
925	1058
925	1244
927	999
927	1276
929	1194
930	1268
931	1069
931	1137
932	999
932	1115
933	1002
933	1013
933	1218
934	1219
935	1073
935	1279
937	982
937	1243
939	1104
941	1230
943	1011
943	1085
945	1083
946	1063
946	1267
946	1278
947	1111
948	1105
948	1254
949	1152
949	1158
950	1017
950	1097
951	1018
952	1230
954	986
954	1171
954	1174
955	1098
956	1167
957	1106
957	1196
958	961
958	991
958	1194
962	1003
962	1056
962	1086
962	1151
962	1292
963	1000
963	1144
963	1205
963	1262
964	998
964	1189
964	1194
965	1091
965	1237
967	1266
968	1212
972	976
972	1063
972	1073
972	1131
973	1107
974	1099
974	1126
975	1021
977	1165
978	1239
979	1028
981	1110
982	1189
982	1193
983	1175
984	1022
984	1063
985	1024
985	1058
985	1269
986	1159
989	1233
991	1068
993	1033
993	1119
993	1288
994	1164
994	1206
994	1246
995	1285
996	1063
996	1237
997	1008
998	1125
998	1132
999	1281
1000	1140
1001	1189
1002	1244
1004	1230
1006	1169
1007	1153
1007	1211
1010	1234
1012	1036
1012	1079
1013	1133
1017	1238
1018	1030
1022	1261
1023	1118
1023	1179
1025	1185
1026	1174
1029	1226
1029	1263
1030	1132
1032	1258
1033	1152
1034	1037
1036	1137
1037	1169
1037	1218
1039	1092
1039	1149
1039	1250
1040	1059
1041	1222
1042	1249
1044	1197
1044	1245
1046	1228
1047	1235
1049	1063
1050	1226
1051	1096
1052	1229
1054	1231
1054	1278
1055	1110
1055	1186
1056	1234
1057	1256
1058	1065
1058	1209
1059	1215
1059	1291
1060	1169
1060	1213
1062	1144
1063	1256
1065	1165
1065	1185
1066	1146
1070	1092
1070	1285
1072	1084
1075	1235
1077	1085
1079	1282
1081	1117
1083	1224
1085	1187
1088	1295
1089	1158
1089	1159
1090	1291
1092	1221
1102	1138
1102	1236
1103	1109
1103	1139
1107	1144
1108	1163
1110	1255
1111	1229
1113	1156
1118	1276
1119	1281
1120	1232
1120	1244
1120	1259
1122	1232
1122	1250
1123	1295
1126	1135
1127	1168
1130	1187
1130	1253
1133	1295
1140	1236
1141	1278
1142	1175
1147	1218
1150	1234
1152	1235
1158	1174
1158	1227
1159	1241
1162	1183
1162	1189
1162	1210
1173	1245
1177	1219
1177	1269
1178	1267
1179	1204
1180	1240
1182	1288
1187	1298
1189	1206
1191	1257
1200	1298
1202	1205
1202	1224
1206	1278
1206	1280
1213	1222
1215	1242
1217	1224
1226	1251
1236	1245
1236	1250
1241	1259
1241	1269
1245	1260
1247	1297
1257	1263
1266	1284
1270	1271