0	836
1	398
1	908
2	88
2	105
2	347
2	356
2	373
2	1114
2	1133
2	1210
2	1259
3	1102
4	111
4	183
4	578
5	204
5	282
5	387
5	521
5	899
6	389
6	633
6	1275
7	894
7	1041
8	184
8	604
8	698
9	849
9	1263
10	103
10	729
10	822
10	1057
10	1142
11	180
11	318
11	649
11	741
11	989
12	323
13	626
13	672
13	933
13	1115
13	1177
14	469
14	580
14	619
14	645
14	717
15	540
15	701
15	902
16	361
16	815
16	1146
17	41
17	179
17	445
17	1034
17	1126
18	83
18	610
19	584
19	848
19	1016
20	146
20	674
20	775
20	863
20	872
20	1150
21	43
21	333
21	406
21	857
21	872
21	1195
22	139
22	176
22	253
22	517
22	556
22	727
22	1295
23	904
23	994
23	1020
23	1097
24	287
24	443
25	76
26	106
26	138
26	139
26	356
26	1028
27	54
27	950
28	440
28	1038
28	1239
29	691
29	693
29	704
29	753
29	902
29	940
29	986
29	1031
30	424
31	306
31	374
31	577
31	801
31	1101
32	131
32	181
32	638
32	813
32	1240
33	148
33	362
33	660
33	721
34	439
34	631
34	692
34	771
34	806
34	928
34	997
34	1014
34	1018
34	1103
34	1129
35	258
36	189
37	295
37	839
37	912
37	1073
38	341
38	926
39	125
39	384
39	847
40	1083
40	1190
41	871
41	910
41	1008
42	164
42	687
42	717
42	738
42	836
43	329
43	571
43	884
43	987
44	67
44	370
44	800
44	847
44	942
44	1194
45	854
45	937
46	314
46	369
46	727
46	754
46	1208
46	1239
47	61
47	171
47	489
47	723
47	752
47	1295
48	1091
48	1124
49	61
49	206
49	447
49	640
49	753
49	969
50	611
50	723
50	855
50	980
51	287
51	339
51	407
51	633
51	1151
52	555
52	1066
52	1084
52	1136
53	86
53	145
53	769
53	1241
54	344
54	536
54	1258
54	1288
55	448
55	758
55	1185
56	118
56	362
56	472
56	861
56	1176
56	1184
57	503
57	600
57	796
57	1235
57	1243
58	239
58	369
58	376
59	86
59	211
59	403
59	695
59	846
60	238
60	247
60	353
60	449
60	618
60	700
60	768
61	343
61	402
61	486
61	669
61	939
61	1163
62	136
62	807
62	1162
63	316
63	1130
63	1200
64	74
64	119
64	262
64	1034
65	244
65	455
65	839
65	961
65	1186
66	119
66	688
66	789
66	844
67	270
67	572
67	802
67	934
67	1098
68	417
68	688
68	716
68	1164
69	107
69	557
69	965
69	1127
69	1196
70	191
70	382
70	853
70	977
70	1119
70	1206
71	239
71	1243
71	1272
72	104
72	322
73	105
73	517
73	524
73	878
73	964
73	1114
73	1202
74	1295
75	370
75	507
75	766
75	854
75	1231
76	1191
76	1287
77	140
77	160
77	619
77	931
77	984
77	1043
77	1262
78	120
78	654
78	787
78	806
79	86
79	228
79	276
79	400
79	772
79	796
79	810
80	249
80	404
80	464
80	575
80	605
80	812
80	823
80	1145
80	1164
81	114
81	218
81	595
81	698
81	1201
82	175
82	364
82	755
83	469
83	640
83	1137
84	214
84	745
84	1283
85	269
85	627
85	797
86	214
86	374
86	433
86	437
86	617
86	970
86	1079
87	990
88	782
89	297
89	367
89	546
89	878
89	1298
90	454
90	1173
91	1100
91	1284
92	371
92	450
92	486
92	1106
92	1183
92	1291
93	323
93	916
93	1144
93	1271
94	137
94	433
94	908
94	1181
94	1287
95	351
95	617
95	1201
96	789
96	964
97	273
97	798
97	993
98	218
98	925
98	1288
99	184
99	196
99	603
99	878
100	141
100	173
100	276
100	342
100	534
100	1051
101	104
101	209
101	519
101	843
101	1107
101	1217
102	638
102	1267
103	399
103	487
103	721
104	135
104	265
104	272
104	397
104	447
104	828
104	963
105	853
105	937
105	954
106	920
106	1095
106	1285
107	109
107	1106
107	1133
108	316
108	659
108	1062
108	1158
109	352
109	663
109	717
110	610
110	615
110	875
110	1008
110	1082
110	1191
110	1250
111	339
111	402
111	644
111	825
111	1066
111	1105
112	291
112	344
112	550
112	645
112	891
113	1029
114	142
114	143
114	184
114	320
114	349
115	444
115	449
115	938
116	178
116	212
117	209
117	598
117	1077
118	201
118	534
118	753
118	1231
119	321
119	443
119	689
119	972
121	320
121	501
121	564
121	631
121	902
122	258
122	304
122	467
122	1076
123	124
123	446
123	793
123	841
123	1247
124	290
124	355
124	581
124	690
124	741
124	748
125	686
125	735
125	898
125	1094
125	1278
126	367
126	766
126	1138
127	267
127	390
127	564
127	999
127	1212
128	690
128	1134
128	1226
129	268
129	607
129	794
129	801
129	1178
130	433
130	1255
132	574
132	793
133	340
133	444
133	458
133	564
133	614
133	986
134	491
134	654
134	995
134	1267
136	416
136	421
136	1108
136	1125
137	310
137	444
137	723
137	777
138	410
139	381
139	547
139	706
139	968
139	970
139	1069
140	251
140	270
140	471
140	742
141	181
141	957
141	1000
141	1007
141	1264
141	1277
142	721
142	1173
143	983
144	208
144	463
145	258
145	537
145	869
145	874
145	1257
146	265
146	511
146	785
146	926
146	1083
146	1231
147	459
147	727
147	741
148	896
148	1153
149	812
150	293
150	348
150	710
150	725
150	1053
151	295
151	316
151	327
152	263
152	364
152	504
152	662
153	974
154	196
154	222
154	285
154	775
154	1148
154	1151
155	207
155	427
155	476
155	516
155	671
155	846
155	1046
156	268
156	310
156	1176
157	432
157	589
157	1165
158	755
159	316
159	598
159	767
159	1031
159	1061
159	1238
159	1245
160	620
160	754
161	864
162	236
162	580
162	864
162	1140
162	1154
163	187
163	1275
164	1024
165	211
165	470
165	646
165	1189
166	195
166	216
166	404
166	725
166	1053
166	1055
166	1156
167	207
167	1173
168	1127
168	1182
169	1053
169	1240
170	183
170	353
170	526
170	835
171	828
171	991
171	1125
172	397
172	691
172	1121
173	675
174	201
174	524
174	556
174	617
174	768
175	881
176	400
176	675
176	751
176	1151
176	1180
177	735
177	830
178	677
178	684
178	1159
179	475
179	553
179	687
179	1054
179	1111
180	362
180	641
181	602
182	589
182	903
182	1041
183	267
183	852
183	883
183	1055
184	431
184	558
184	1023
185	515
185	928
185	1109
185	1191
186	216
186	693
186	838
186	1126
187	254
187	255
187	1115
188	757
188	884
189	459
189	1128
190	367
190	592
190	628
190	920
191	596
191	868
191	1060
192	497
192	710
192	1243
193	791
193	1077
194	552
194	609
194	768
194	876
195	225
195	386
195	629
195	729
195	940
195	954
195	1125
196	391
196	875
197	912
197	1269
198	497
198	509
198	1175
198	1269
199	975
200	559
200	728
200	1043
200	1050
200	1097
201	546
201	1297
202	529
202	728
202	915
202	1034
203	1218
204	1068
204	1233
205	273
205	399
205	979
205	984
206	432
206	1049
206	1284
207	226
207	310
207	1117
208	271
209	602
209	746
209	920
209	1236
209	1257
210	435
210	490
210	579
210	1232
211	237
211	283
211	414
211	1228
212	1075
212	1228
212	1283
213	215
213	485
213	511
213	543
213	1107
214	713
214	843
214	989
214	997
214	1010
214	1223
215	303
215	502
215	833
215	916
216	786
216	1115
217	913
218	885
218	1092
219	1253
220	537
220	778
220	1219
221	249
221	792
221	803
221	1183
221	1240
222	350
222	442
222	890
222	999
222	1169
222	1239
223	443
223	1149
224	566
224	1139
225	359
225	801
225	829
225	1020
226	344
226	365
226	379
226	687
226	753
227	672
227	699
227	901
227	1117
227	1244
228	937
229	682
229	904
229	995
229	1206
230	392
230	411
230	490
230	661
230	728
231	349
231	801
231	937
231	1221
232	491
232	791
233	552
233	1255
234	293
234	531
234	884
234	1186
235	238
235	908
235	913
235	997
236	305
236	310
236	317
236	352
236	458
236	575
236	792
236	1137
236	1243
237	917
238	435
238	568
238	654
238	1224
238	1297
240	639
240	771
241	1198
241	1229
242	336
242	861
242	1052
242	1264
243	469
243	967
243	1262
244	277
244	527
244	544
244	837
245	600
246	359
246	834
246	1214
247	585
247	780
247	803
247	1114
248	517
248	1077
248	1160
249	485
249	818
249	1141
249	1182
249	1262
250	504
250	858
250	947
250	1119
251	693
251	989
251	1247
251	1272
252	265
252	306
252	728
252	961
252	999
252	1098
252	1259
255	406
256	311
256	556
256	648
256	663
256	1188
256	1265
257	385
257	1119
258	287
258	517
258	582
258	778
258	867
258	1112
259	460
259	1216
260	390
260	436
260	539
260	1199
261	488
261	585
261	1247
263	1091
263	1252
264	329
264	934
264	1033
264	1146
264	1162
265	278
265	1098
265	1209
266	399
266	747
266	804
266	1108
266	1298
267	421
267	647
268	580
269	297
269	571
269	597
269	691
269	739
269	750
269	1293
270	802
271	746
271	1241
272	809
272	1181
273	314
273	419
273	552
273	678
273	923
273	1002
274	704
275	502
275	503
275	519
275	587
275	1174
275	1241
276	965
276	1071
276	1192
277	1104
278	354
278	873
278	1112
278	1207
278	1254
279	525
279	856
279	1276
280	331
280	967
280	1108
281	1097
281	1122
282	465
282	914
282	1002
283	701
283	787
283	965
284	570
284	777
284	865
284	1164
284	1220
285	315
285	406
285	649
285	1109
285	1260
286	315
286	649
286	656
287	371
287	797
287	802
287	1121
287	1193
288	367
289	469
290	973
290	1286
291	820
291	1147
292	345
292	494
292	733
292	764
292	905
292	999
292	1131
293	380
293	500
293	897
293	1189
294	770
295	356
295	921
295	927
296	388
296	421
296	1099
298	769
299	698
300	692
300	785
300	786
300	863
300	904
300	925
301	1230
302	453
302	672
302	925
302	948
302	1042
302	1214
303	739
304	450
304	737
304	807
304	832
305	743
306	837
306	1024
306	1198
306	1273
307	1046
308	389
308	776
309	329
309	554
309	655
310	781
310	886
310	971
311	982
311	1044
311	1183
311	1264
311	1291
312	1213
313	984
313	1003
314	412
314	507
314	1254
315	679
315	745
315	1141
315	1255
316	693
316	1024
316	1153
317	602
317	666
317	1105
318	351
319	1226
320	681
320	828
320	850
320	1209
320	1291
321	513
321	861
323	805
324	646
324	782
324	1268
325	674
325	702
325	1085
325	1149
326	860
328	356
329	397
329	696
329	939
329	968
330	419
330	562
330	1276
330	1277
330	1282
331	461
331	642
331	653
331	860
331	1106
331	1246
332	675
332	1295
333	649
333	920
334	485
334	636
334	938
334	987
335	537
336	466
336	470
336	560
336	612
336	615
336	984
337	705
337	1093
338	805
338	1046
338	1124
338	1136
339	579
339	944
340	396
340	541
340	728
340	740
340	1036
341	665
341	844
341	860
341	1000
341	1237
342	590
342	795
343	679
343	975
344	409
344	441
344	1169
345	347
345	978
345	1258
346	471
347	505
347	839
347	881
347	1155
347	1223
348	693
348	777
348	786
348	805
349	365
349	502
349	804
349	958
349	1250
350	1210
350	1215
350	1248
351	375
351	560
351	1158
352	653
352	963
352	1202
353	514
353	628
353	1001
354	441
354	807
354	1027
354	1109
354	1153
355	622
355	1236
355	1284
356	531
356	696
357	840
357	1101
358	859
358	1074
359	726
359	982
359	1046
359	1295
360	364
360	437
361	771
362	526
362	701
362	1072
362	1150
362	1231
363	481
363	711
363	1071
363	1145
363	1173
364	836
365	428
365	439
365	482
365	927
366	847
366	1225
366	1276
368	467
369	440
369	797
369	1067
369	1090
369	1189
370	535
370	1044
371	432
371	581
371	798
371	934
371	937
371	1063
372	466
372	559
372	684
372	883
372	992
372	1056
373	1123
374	1147
374	1219
375	677
375	1087
376	462
376	589
377	454
377	912
377	1242
378	496
378	746
378	847
379	405
379	409
380	1109
380	1226
380	1258
381	519
381	526
381	1091
382	1127
382	1139
382	1140
383	697
383	968
384	581
384	621
384	1166
385	943
385	959
386	754
386	1181
386	1279
387	653
387	1255
388	736
389	741
389	917
389	1254
390	858
390	921
390	1049
391	512
391	812
391	1276
391	1296
392	724
392	1251
393	1043
393	1068
393	1132
394	1099
394	1165
394	1261
395	501
395	523
395	1204
396	834
397	519
397	1147
398	555
398	679
398	694
398	1198
400	462
400	990
400	1191
401	470
401	891
402	637
402	842
403	494
403	800
403	1085
403	1134
404	759
405	424
405	502
405	1232
406	759
406	853
406	932
407	434
407	440
407	1272
408	421
408	517
409	420
409	494
409	1087
410	425
410	514
410	1037
411	918
412	462
412	847
412	1018
413	505
413	813
413	877
413	1035
413	1049
414	866
415	961
415	1164
416	742
416	1063
416	1191
417	988
418	723
418	1187
419	746
419	1159
420	1259
421	458
421	508
421	520
421	702
421	1271
422	854
422	1111
422	1155
423	514
423	1176
424	772
424	791
424	881
425	559
425	568
426	551
426	800
426	931
427	431
427	925
428	454
428	648
428	698
428	836
428	1235
429	433
429	462
429	970
429	1128
429	1166
430	462
431	722
431	875
431	901
432	602
432	870
432	1159
433	721
433	899
433	945
434	633
434	725
434	970
434	972
434	1232
437	497
437	1014
437	1030
437	1086
438	554
438	866
439	899
440	1117
440	1161
440	1247
441	907
441	975
441	1270
442	556
442	750
442	765
442	1002
442	1045
442	1095
442	1168
443	723
443	1083
445	620
445	1282
446	658
446	719
446	906
446	935
446	1115
447	459
447	666
447	1011
447	1092
448	831
449	489
449	841
450	470
450	939
450	960
451	540
451	729
451	1146
452	819
453	754
453	886
453	960
454	967
454	1016
454	1086
455	742
455	770
455	933
456	541
456	639
456	786
456	982
456	1186
457	470
457	766
457	1005
457	1129
458	581
458	998
458	1093
459	513
459	618
459	734
459	774
459	1251
460	547
460	788
460	821
461	729
461	857
461	1125
462	466
462	611
462	798
462	1056
463	550
463	1099
464	850
464	983
464	1250
465	648
466	877
467	545
467	650
467	1294
468	795
468	933
468	952
469	598
469	1009
469	1231
470	962
470	1012
470	1163
470	1207
472	646
472	1251
473	616
473	894
474	794
474	1012
475	1033
475	1194
475	1220
476	988
477	1266
478	761
478	1030
478	1114
478	1172
479	833
479	1216
480	1184
481	672
481	995
481	1051
481	1219
482	883
483	930
483	1058
483	1135
484	679
484	874
484	1046
484	1064
485	1158
486	511
486	915
486	1005
486	1151
487	766
487	820
487	835
489	1267
490	605
490	852
490	1018
491	553
491	695
491	880
491	1288
492	1218
492	1250
493	561
493	1039
493	1048
493	1202
494	532
494	1101
495	826
495	832
495	920
495	1193
495	1220
496	811
496	861
496	1247
497	498
497	733
497	968
497	1104
498	629
498	631
498	659
498	782
498	920
498	932
498	1143
499	545
499	636
500	533
500	644
500	931
500	965
500	1155
500	1276
501	679
501	714
501	787
501	814
501	1158
502	1027
502	1101
502	1237
502	1299
503	1231
504	1026
505	900
505	994
506	799
506	898
506	1022
507	575
507	884
507	969
508	940
508	979
508	1031
508	1103
508	1112
509	1182
510	661
510	1196
511	905
512	874
513	1101
514	919
514	1019
514	1121
514	1192
515	654
515	1126
517	550
517	623
517	668
517	1145
518	622
519	766
519	866
519	946
519	1267
520	738
520	991
521	883
521	1019
521	1139
522	605
523	629
523	699
523	1119
524	639
524	673
524	1178
524	1226
525	1164
525	1253
526	1052
526	1076
526	1130
527	603
527	812
528	1246
529	1203
530	869
530	922
531	719
531	752
531	850
531	1088
531	1178
533	783
534	792
534	918
534	935
534	1067
535	616
535	677
535	1066
536	624
536	656
536	1113
536	1138
536	1196
537	1031
537	1103
538	761
538	840
538	1110
539	583
539	719
539	839
539	939
539	973
541	583
541	730
541	1122
542	851
544	794
544	1164
544	1171
544	1200
544	1238
545	742
545	811
545	948
545	1095
546	606
546	702
546	908
547	731
547	1077
548	1099
548	1152
549	583
549	952
549	1080
550	559
550	806
550	829
550	975
551	720
552	682
552	755
552	819
552	1152
552	1231
553	638
553	699
553	706
553	858
553	1200
553	1299
554	701
554	842
554	878
554	1002
554	1098
554	1109
554	1149
555	570
555	682
555	764
555	855
555	912
555	1073
555	1205
556	693
556	1033
556	1063
557	1019
558	1067
559	573
559	1015
559	1229
560	745
560	935
560	1282
561	760
561	835
561	874
561	975
561	1092
561	1276
562	576
562	841
562	1029
562	1148
563	718
563	763
563	840
563	949
563	1156
564	597
564	621
564	767
564	1200
565	1121
566	1152
566	1278
567	1152
568	760
568	1195
569	676
569	816
569	991
569	1045
569	1213
569	1277
570	1280
571	837
571	928
571	1143
572	628
572	674
572	683
572	744
572	794
572	984
573	639
573	1204
574	638
574	695
574	729
574	972
575	637
576	888
576	994
576	1197
577	828
577	1203
578	921
578	1164
578	1266
579	1039
579	1081
580	611
581	1198
582	923
582	951
583	647
583	782
583	959
583	1268
584	976
584	1143
585	752
586	589
586	620
587	903
587	1019
588	611
588	1226
588	1238
588	1271
589	662
590	1077
590	1170
590	1226
591	810
593	828
594	630
594	685
594	750
594	762
595	1135
596	724
596	765
597	1017
598	926
599	1123
600	767
601	701
601	960
601	970
601	984
602	937
603	714
603	887
603	1273
604	645
604	846
606	660
606	733
607	678
607	689
607	1136
607	1273
608	962
608	1099
609	900
609	1076
610	666
610	780
610	855
610	1110
611	845
611	1274
613	743
613	763
613	876
614	741
615	623
615	887
615	1293
616	935
616	1150
616	1199
616	1233
617	717
617	1189
617	1256
619	782
619	977
619	1263
620	681
620	689
620	696
621	913
621	947
621	984
623	779
623	1044
624	705
624	740
625	854
625	917
626	807
626	1000
626	1064
626	1186
626	1195
627	792
628	699
628	740
628	1114
629	1040
630	1099
631	800
631	809
631	1054
632	1210
632	1292
633	866
633	980
633	1236
634	901
635	990
636	920
637	1024
637	1294
638	1169
638	1173
639	944
639	1136
641	691
642	987
643	650
644	1048
645	1230
646	962
646	1034
647	751
647	836
647	870
648	719
648	967
648	1244
650	1065
650	1112
651	745
651	1256
652	1138
653	1062
653	1188
655	859
655	949
655	1004
655	1183
655	1282
656	981
656	1101
657	742
657	834
657	1238
658	897
658	1075
659	1250
660	1071
661	1249
662	682
662	860
662	918
662	1031
662	1270
663	848
663	858
663	1083
664	913
664	1015
666	934
666	1138
666	1183
667	752
667	1087
668	734
668	1066
668	1299
670	802
670	875
671	736
671	790
672	814
673	1133
675	782
676	732
676	1004
677	845
677	1018
678	752
678	803
678	818
678	916
678	1104
678	1221
679	794
680	1073
682	735
684	822
684	914
684	1142
684	1208
685	1234
686	874
686	1284
688	742
688	1184
689	816
690	809
690	1094
691	874
691	1051
692	1039
692	1158
693	760
693	1059
693	1104
696	1176
697	1175
697	1220
698	1190
699	811
699	915
701	1039
702	888
702	1165
703	1162
703	1180
704	1215
705	913
706	787
706	996
706	1095
706	1212
707	1075
708	831
708	924
708	1260
708	1269
709	823
710	936
710	1063
712	788
712	852
713	776
714	822
715	874
715	1277
716	1010
716	1029
716	1146
717	1263
718	907
718	999
718	1074
720	1154
721	726
721	911
721	1109
722	1180
723	1125
723	1159
724	1016
725	807
726	742
727	1078
727	1136
729	869
731	978
732	1139
732	1299
734	923
736	754
736	807
736	865
736	1070
736	1122
737	1044
737	1261
738	816
738	1029
739	1032
740	758
741	758
741	997
742	768
742	907
742	1030
742	1189
743	748
743	782
744	903
744	1062
744	1155
744	1203
746	886
747	986
748	897
748	931
749	893
750	909
750	1277
751	1026
751	1084
751	1163
752	858
752	1055
753	756
753	903
753	1289
754	1108
754	1278
757	1028
757	1065
758	1149
759	998
759	1041
759	1099
759	1131
760	913
760	1014
760	1078
762	1199
764	765
764	920
764	1033
764	1085
765	813
767	1280
768	1076
768	1099
769	861
769	935
770	896
770	1030
770	1139
771	843
771	1096
771	1141
773	1242
774	1207
775	778
775	1003
776	862
777	995
778	942
779	923
779	1057
779	1278
780	1143
781	1037
782	1214
784	1020
784	1144
785	976
786	842
786	935
786	1024
786	1043
787	858
787	1100
787	1101
788	941
788	1047
788	1194
789	1026
790	849
790	901
791	1257
792	839
792	1262
794	830
794	1004
794	1233
795	892
795	1067
795	1146
796	863
796	918
796	1084
798	1028
798	1092
799	1026
802	1101
803	807
803	823
803	1101
804	1110
807	1168
808	814
808	880
808	904
808	929
808	951
809	1295
810	892
811	1013
811	1192
812	845
812	1071
812	1252
813	888
814	879
814	943
815	894
815	1233
815	1253
817	997
820	832
820	1221
821	867
822	1037
822	1132
823	901
823	987
823	1014
823	1092
824	1293
826	917
827	833
828	952
828	1189
828	1280
829	907
831	1083
831	1222
832	897
832	932
833	980
834	866
834	879
834	891
834	963
834	1026
834	1057
834	1095
835	956
835	1103
835	1120
836	1003
836	1235
837	976
837	1009
837	1262
838	846
838	1062
838	1097
840	972
840	1015
840	1027
841	1223
842	1098
843	1115
844	1130
845	1138
847	1163
848	973
848	1053
849	958
850	982
851	1055
852	960
852	982
852	1063
852	1118
853	1057
854	1013
854	1066
855	1205
857	1154
858	1007
859	1180
860	991
860	1165
861	1046
863	1159
863	1269
864	965
865	1038
865	1273
866	1078
866	1157
867	1213
869	1065
870	1135
870	1281
871	919
871	1162
871	1255
873	925
873	990
874	953
874	1013
874	1110
875	1008
875	1202
876	1199
877	1049
880	1254
881	1075
882	887
882	1175
883	1169
884	952
885	1037
887	991
887	1270
888	921
889	1140
892	953
892	1226
895	999
897	971
897	1021
897	1081
898	944
898	999
898	1221
899	1122
900	1218
901	1116
903	1152
904	1126
904	1163
906	1121
906	1246
907	1099
907	1123
910	1114
911	1179
912	1010
912	1138
912	1192
914	953
914	1208
914	1270
915	1287
916	924
916	942
916	1259
917	1290
918	1014
918	1074
919	934
920	1080
920	1088
922	1039
922	1179
924	1131
925	1148
925	1227
926	1111
927	1077
927	1159
929	1162
930	1031
930	1117
930	1156
931	1223
931	1289
932	1060
932	1286
933	1250
933	1252
934	1159
934	1258
937	1062
937	1175
937	1204
938	943
938	1199
939	1082
940	1050
940	1112
940	1168
941	1041
941	1077
941	1209
942	1068
942	1072
942	1156
942	1226
943	953
947	1228
948	1089
949	1140
950	1024
950	1153
950	1179
950	1195
950	1274
951	1010
952	1191
953	1122
954	1079
954	1121
954	1202
955	975
955	1120
957	1171
959	989
960	1046
960	1262
962	998
962	1033
962	1167
963	1016
963	1044
963	1187
963	1199
963	1201
965	1071
966	1107
966	1131
966	1153
966	1158
968	1144
970	1151
972	1064
972	1141
973	1067
973	1262
974	1111
976	989
977	1202
978	1283
979	1236
980	1002
980	1090
980	1172
980	1276
980	1296
982	1201
982	1285
983	1064
984	1074
984	1127
985	1171
986	1268
987	1075
987	1238
991	1105
992	1025
994	1239
996	1080
996	1099
996	1208
996	1289
998	1011
998	1039
999	1080
999	1147
1003	1081
1004	1208
1005	1054
1005	1064
1005	1175
1006	1296
1007	1054
1007	1157
1010	1125
1011	1111
1014	1069
1014	1234
1017	1294
1018	1120
1018	1231
1018	1289
1020	1224
1020	1269
1021	1083
1021	1206
1022	1074
1022	1157
1024	1170
1024	1206
1027	1061
1029	1186
1029	1285
1030	1108
1033	1067
1033	1253
1037	1199
1038	1232
1038	1269
1040	1128
1043	1048
1044	1059
1044	1140
1044	1159
1044	1180
1044	1263
1045	1129
1045	1156
1045	1170
1045	1211
1046	1199
1047	1273
1047	1298
1048	1270
1049	1071
1049	1138
1051	1200
1052	1099
1054	1265
1056	1237
1060	1119
1061	1253
1061	1270
1064	1076
1064	1185
1064	1265
1065	1203
1065	1270
1066	1157
1066	1243
1066	1244
1066	1264
1067	1193
1068	1136
1068	1164
1070	1189
1071	1229
1071	1291
1072	1280
1076	1245
1077	1116
1078	1278
1081	1218
1087	1182
1091	1264
1092	1099
1093	1237
1093	1289
1095	1112
1097	1111
1101	1113
1103	1134
1105	1149
1105	1240
1107	1218
1108	1282
1109	1165
1109	1172
1114	1276
1115	1185
1115	1190
1121	1267
1122	1212
1126	1262
1130	1294
1131	1203
1133	1198
1134	1258
1134	1293
1135	1297
1138	1214
1143	1168
1143	1234
1144	1265
1144	1273
1145	1223
1145	1275
1147	1204
1151	1159
1153	1184
1156	1159
1156	1167
1165	1232
1166	1290
1171	1224
1173	1220
1174	1223
1177	1207
1189	1234
1191	1194
1191	1279
1194	1297
1200	1252
1200	1258
1205	1289
1217	1220
1232	1257
1233	1287
1246	1251