0	1183
1	913
1	928
1	1238
2	184
2	383
2	509
2	878
2	1280
3	290
3	653
3	919
3	1073
3	1151
4	164
4	317
4	567
4	592
4	626
4	807
4	982
5	278
5	596
5	667
5	795
5	871
5	1037
5	1045
6	13
6	660
6	953
6	1155
7	150
7	362
7	544
7	717
8	690
8	1059
8	1246
9	192
9	693
9	1117
9	1160
10	807
10	1041
10	1104
10	1197
11	119
12	332
12	363
12	625
12	951
13	17
13	58
13	87
14	158
14	227
14	328
14	794
14	799
15	194
15	935
15	1180
16	50
16	266
16	395
16	447
17	240
17	499
17	526
17	650
17	782
17	944
18	443
18	701
18	1045
18	1215
18	1260
19	34
19	182
19	379
19	606
19	717
19	1090
20	153
20	157
20	413
20	536
20	1254
21	301
21	807
22	361
22	881
22	1283
23	647
23	959
24	353
24	412
24	924
24	1040
25	318
25	686
26	302
26	639
27	686
27	1270
28	673
28	870
28	1025
29	135
29	454
29	519
29	1261
30	326
30	446
30	679
30	710
31	142
31	199
31	357
31	416
31	1206
32	176
32	382
32	552
32	882
32	972
33	96
33	195
33	460
33	839
33	913
33	1152
34	183
34	833
34	843
34	858
34	1179
35	953
35	1003
36	789
36	1133
37	172
37	740
37	1145
38	453
38	691
38	784
38	996
38	1289
39	632
39	790
39	1187
39	1196
40	217
40	354
40	923
40	1104
40	1278
40	1297
41	328
41	851
41	940
42	125
42	1014
43	1052
43	1216
44	309
44	610
44	621
44	868
45	429
45	513
45	581
45	610
45	685
45	977
46	174
46	406
46	554
46	601
47	109
47	165
47	349
47	615
47	816
47	882
47	1102
47	1127
47	1261
48	128
48	1252
49	1187
50	205
50	943
50	1216
50	1257
51	105
51	290
51	529
51	821
52	435
53	358
53	639
54	355
54	520
54	530
54	690
54	824
54	847
54	957
55	288
55	405
55	672
55	701
55	979
55	1227
55	1245
56	208
56	338
56	364
56	781
56	1147
57	94
57	205
57	308
57	320
57	772
57	925
57	1040
58	60
58	607
58	1166
58	1187
58	1219
59	294
59	448
59	951
59	968
59	1002
59	1050
59	1152
60	577
60	685
60	1067
61	94
61	352
61	851
61	925
61	1180
62	496
62	557
62	980
62	1047
63	784
63	819
63	999
64	358
64	495
64	608
64	978
65	796
66	760
67	215
67	253
67	376
67	523
67	711
67	728
68	251
68	625
68	638
68	699
68	765
69	253
69	256
69	585
69	609
69	845
69	994
69	1102
70	379
70	644
70	775
70	779
70	843
70	850
70	960
71	592
71	707
72	295
72	447
72	565
72	642
72	644
72	750
72	1263
73	94
73	255
73	517
73	1173
73	1251
74	209
74	620
74	639
74	893
74	1009
74	1250
75	363
75	984
75	1063
75	1123
75	1149
75	1275
76	123
76	1044
76	1117
77	329
77	836
77	1106
78	886
78	922
78	972
79	314
79	362
79	391
79	430
79	614
79	667
79	899
79	943
79	1098
80	179
80	418
80	518
80	1165
81	173
81	271
81	473
81	561
81	1167
82	572
83	1012
83	1130
83	1190
83	1240
84	228
84	658
84	738
85	98
85	130
85	620
85	1126
85	1202
86	252
86	547
86	668
86	736
87	521
87	880
87	1249
88	93
88	535
88	796
88	971
89	293
89	302
89	1226
89	1241
89	1265
90	296
90	569
90	670
90	890
91	352
91	579
92	161
92	399
92	466
92	1219
92	1251
93	337
94	285
94	330
94	1263
95	354
95	697
95	773
95	850
96	177
96	253
96	1138
96	1256
97	282
97	324
97	528
97	611
97	858
98	668
98	1109
98	1154
98	1178
99	468
100	119
100	1123
100	1149
101	878
101	1048
101	1246
102	514
102	647
102	1194
103	371
103	726
103	1285
104	579
104	593
104	729
104	785
104	1119
104	1261
105	178
105	291
105	318
105	627
105	695
105	1021
105	1123
105	1286
106	281
106	445
106	622
106	946
106	993
106	1101
106	1148
106	1184
107	195
107	574
107	818
107	898
108	490
108	1203
109	300
109	351
109	725
109	868
110	254
111	857
112	131
112	268
112	333
112	582
112	654
112	730
112	782
113	229
113	1018
113	1156
113	1192
114	161
114	887
114	1093
115	535
115	733
115	1109
115	1276
116	251
116	938
116	1052
117	576
117	796
117	1150
117	1288
118	413
118	512
118	561
118	588
118	820
118	828
118	840
118	863
118	966
118	1035
118	1073
119	386
119	450
119	1032
120	755
120	756
120	1116
121	308
121	934
121	1012
122	324
122	379
122	543
122	1260
123	341
123	712
123	805
123	1030
123	1145
123	1292
124	776
124	790
125	297
125	992
125	1219
126	390
126	845
127	331
127	678
128	224
128	782
128	911
129	415
129	517
130	307
130	483
130	1169
131	338
131	505
131	1240
132	995
132	1130
133	143
133	158
133	296
133	316
133	578
133	766
134	315
134	633
135	1006
136	655
136	1154
136	1245
137	741
137	1132
138	146
138	185
138	490
138	1156
139	330
139	1045
140	246
140	527
140	865
140	868
140	869
140	966
140	1148
141	444
142	228
142	335
143	345
143	442
144	795
144	812
144	1043
144	1045
144	1253
145	856
145	1011
145	1115
146	716
146	992
147	760
148	291
148	685
148	1239
149	173
149	229
149	244
149	409
149	673
149	955
149	1226
150	377
150	511
150	662
150	1134
150	1293
151	541
151	602
151	642
151	995
152	735
152	898
153	481
153	1063
154	1208
154	1285
155	195
155	918
156	234
156	337
156	1015
156	1023
156	1047
157	256
157	470
158	229
158	392
159	1247
160	306
160	320
160	559
161	195
161	508
161	576
161	994
162	183
162	510
162	571
163	398
163	506
163	621
163	623
163	650
163	806
163	898
163	1067
163	1275
164	529
164	799
165	587
165	867
165	910
165	1007
166	868
167	811
167	1050
167	1125
168	392
168	976
168	988
168	1174
169	439
169	523
169	648
169	1245
170	297
170	386
170	928
170	1015
171	759
171	1037
172	440
172	1235
173	237
173	268
173	306
174	246
174	943
174	949
174	1135
174	1266
175	260
175	323
175	679
175	756
175	1112
176	581
176	941
176	1299
177	358
177	455
177	819
177	1222
178	365
178	881
178	971
178	1109
178	1141
178	1179
179	686
179	868
180	277
180	338
180	611
180	896
180	1195
181	440
182	789
182	932
182	1179
183	186
183	439
183	527
183	622
183	730
184	714
184	865
185	278
185	977
185	1058
186	1225
187	262
187	485
187	599
187	906
187	1000
187	1299
188	630
188	751
188	803
188	1111
189	342
189	625
189	1020
189	1147
189	1259
190	240
190	301
190	501
190	868
190	1078
191	533
191	1087
191	1113
192	263
192	336
192	409
192	549
192	712
192	897
192	999
192	1027
193	349
193	600
193	868
193	1003
194	360
194	898
194	1183
195	1284
196	351
196	667
196	1052
197	998
198	909
198	999
199	465
199	536
199	538
199	596
199	608
199	889
200	776
200	1070
201	475
201	489
201	651
202	442
202	883
203	310
203	315
203	570
203	1023
204	232
204	434
204	494
204	828
204	951
205	251
205	809
205	870
205	1053
205	1231
206	1255
207	538
207	551
207	786
207	1235
208	1021
209	1155
210	299
210	451
210	877
210	1161
211	363
211	606
211	777
211	861
211	922
211	982
212	581
213	275
213	484
213	588
213	786
213	806
213	807
213	1039
213	1212
214	742
214	833
214	1119
215	579
215	969
215	1002
216	872
216	901
217	839
217	949
217	1091
218	1081
219	353
219	397
219	461
219	568
219	816
220	280
220	691
220	1039
221	734
221	823
221	891
222	405
222	439
222	1143
223	350
223	427
223	471
223	995
224	530
224	617
224	1190
225	541
225	964
225	1298
226	304
226	413
226	1084
227	245
227	302
227	619
227	695
228	591
228	1137
229	474
229	834
230	234
230	1003
230	1236
231	346
231	573
231	755
231	922
231	1006
232	297
232	502
233	767
233	845
233	1012
233	1196
234	371
234	417
234	753
234	1045
235	237
235	953
235	1033
235	1134
236	792
236	959
236	1116
237	624
237	695
237	780
237	1014
238	826
238	1109
239	595
239	1250
240	244
240	499
240	731
240	1078
240	1148
241	457
241	1050
241	1154
242	615
242	830
242	882
243	326
244	495
244	1140
245	778
245	890
245	944
246	523
247	417
247	870
248	420
248	1220
248	1289
249	604
249	605
250	449
250	852
250	947
250	1069
251	254
251	332
251	642
252	818
252	872
252	900
253	586
253	647
253	741
253	908
254	430
254	458
255	860
255	1120
255	1218
255	1236
256	309
256	802
256	1004
257	472
257	481
257	703
257	802
257	1284
258	289
258	485
258	1017
259	476
259	660
259	782
259	923
259	1078
259	1292
260	688
260	943
260	996
260	1243
261	1018
261	1027
262	271
262	280
262	458
262	778
263	434
263	1050
264	295
264	362
264	554
264	743
265	321
266	383
266	417
266	420
266	529
266	942
266	1280
267	332
267	1056
267	1079
268	332
268	380
268	403
268	597
268	742
268	977
268	1043
269	510
269	560
269	1076
269	1191
270	691
270	739
271	404
271	1077
271	1251
272	396
272	589
272	1110
273	359
273	483
273	484
273	721
273	997
273	1169
273	1284
274	770
275	281
275	520
275	575
275	629
275	870
275	903
276	1075
277	351
277	730
277	791
277	824
277	894
277	907
278	851
279	1184
280	285
280	314
280	646
280	1066
281	1278
282	350
282	1091
282	1253
283	399
283	607
283	780
283	870
283	1016
283	1088
284	349
284	858
284	1058
284	1149
285	444
285	492
285	953
286	344
286	817
286	824
286	1062
287	1033
287	1037
288	378
288	695
288	1026
288	1038
288	1079
289	480
289	831
290	1075
291	293
291	381
291	388
291	1149
292	679
293	519
293	802
293	1037
293	1127
294	1146
294	1208
295	315
295	475
295	785
295	803
295	1129
296	343
296	454
296	746
296	1041
296	1196
296	1286
297	362
297	1256
298	792
298	940
298	1239
299	410
300	1202
301	326
301	670
301	950
301	1161
301	1218
301	1271
302	519
302	990
302	1087
303	549
303	960
303	1234
305	642
305	665
305	670
305	732
305	801
305	926
306	733
306	1091
307	423
307	548
307	560
307	876
307	939
307	1225
307	1283
307	1296
308	348
308	476
308	905
309	539
309	573
309	588
309	837
309	916
309	1230
310	464
310	716
310	1161
310	1208
311	648
312	477
312	1016
313	958
315	368
315	750
315	1179
315	1277
315	1298
316	514
316	1064
316	1234
316	1263
317	887
317	1152
318	320
318	421
318	1014
319	381
319	1260
320	331
320	573
320	648
320	649
320	791
320	867
321	441
321	501
321	1170
321	1281
322	330
322	399
322	560
322	667
322	1297
323	864
323	866
323	936
323	1070
323	1252
323	1265
324	332
324	719
324	1207
325	875
325	997
325	1133
326	379
326	587
326	618
326	637
326	934
326	1186
327	468
327	934
328	762
328	1224
329	354
329	357
329	490
329	687
329	915
329	922
330	436
330	452
330	497
330	940
330	1164
331	596
331	628
331	668
331	1101
332	1277
332	1284
333	398
333	583
333	860
333	1021
333	1146
333	1182
333	1260
334	943
334	1298
335	936
335	1163
336	906
336	1112
336	1121
336	1168
337	1010
337	1262
338	578
338	590
338	916
338	1044
339	449
339	929
340	410
340	1029
341	418
341	550
341	689
342	532
342	685
342	925
343	426
343	677
343	1201
344	578
344	790
344	1202
344	1279
345	771
345	779
345	1119
346	445
346	798
346	1056
346	1168
347	513
347	602
347	746
348	490
348	512
348	660
348	727
348	734
348	1251
349	383
349	432
350	636
350	742
350	746
350	790
350	842
350	974
351	550
351	877
352	457
352	601
352	671
352	707
352	1281
353	408
353	709
353	865
354	819
356	359
356	952
356	1060
357	484
357	1034
357	1190
358	360
358	542
358	647
358	1110
358	1146
358	1213
359	484
359	553
359	616
359	914
359	983
360	736
360	994
361	759
361	795
361	829
361	850
361	976
362	564
364	599
364	770
364	930
364	965
364	1096
365	622
365	915
365	918
365	1071
365	1085
365	1209
365	1262
366	786
366	822
367	1083
367	1148
368	1142
369	772
370	1113
371	466
371	561
371	761
372	712
372	1041
373	852
373	1214
374	393
374	596
374	626
374	636
374	1039
375	837
375	872
375	1198
375	1240
375	1258
376	532
377	950
377	991
377	1162
378	839
378	1124
378	1289
379	691
379	978
379	1064
380	863
380	1276
381	404
381	642
381	827
381	1263
382	491
382	599
382	627
382	646
382	1076
383	945
383	1165
384	670
384	1000
384	1074
384	1099
384	1116
384	1290
385	420
385	683
385	1277
386	455
386	592
386	749
386	969
387	762
387	832
387	1185
388	460
388	518
388	851
388	953
389	568
389	759
389	1027
389	1281
390	452
390	460
390	549
390	1210
391	487
392	942
392	972
392	1096
392	1144
392	1274
393	486
393	657
393	990
393	1088
393	1172
394	760
394	1031
394	1047
394	1092
394	1254
395	714
395	884
395	923
396	1191
397	653
397	935
397	1238
398	629
398	838
398	890
399	421
399	560
399	590
400	859
400	1050
401	491
401	570
402	711
402	783
402	884
402	1195
403	715
403	771
404	499
404	1018
404	1218
404	1261
405	518
406	421
406	1070
406	1145
407	544
407	569
407	744
408	715
408	1256
409	795
409	818
409	1255
410	465
410	1076
411	463
411	478
411	968
412	741
412	1059
412	1060
412	1158
412	1212
413	447
413	499
413	934
414	633
414	913
414	1081
415	467
415	564
415	596
416	481
416	635
416	836
416	930
416	1153
418	932
418	1100
419	510
419	985
420	434
420	850
420	937
421	764
421	1014
421	1053
421	1140
422	737
422	755
422	1055
422	1146
422	1181
423	669
423	676
423	829
423	1190
424	1208
424	1229
424	1261
425	606
425	763
426	864
426	997
427	523
427	610
427	706
427	978
428	538
428	541
428	727
428	1092
428	1248
430	501
430	613
430	969
431	888
431	1041
432	1091
432	1289
433	1224
434	504
434	539
434	551
434	776
434	954
434	965
434	1258
436	562
436	889
437	488
438	439
438	610
438	656
438	746
438	788
438	813
438	954
439	502
439	504
439	719
439	1249
440	478
440	790
440	1053
440	1218
441	462
441	912
441	938
441	1033
442	732
442	901
443	793
443	955
443	1007
443	1174
443	1281
444	608
444	1198
445	1040
446	464
446	530
447	571
447	1052
448	629
448	773
448	774
448	846
448	913
448	932
448	1048
448	1133
449	731
449	737
449	808
450	869
450	942
451	990
452	550
452	583
452	603
453	941
453	975
454	509
454	850
454	1128
454	1279
455	568
455	645
455	664
455	733
455	756
456	782
456	838
456	851
456	865
456	942
457	655
457	661
457	688
458	837
458	1060
459	764
459	1126
460	993
461	486
461	765
461	1172
462	569
462	936
463	641
463	839
463	853
463	1203
464	583
464	803
465	708
465	877
465	995
465	1272
466	804
466	846
466	924
467	976
467	1033
467	1273
468	615
468	1061
469	838
470	860
470	921
470	1173
471	912
471	1165
471	1204
472	556
472	668
472	890
473	945
474	476
474	665
474	1236
476	667
476	713
476	724
476	981
476	1051
476	1105
477	486
478	551
478	736
478	992
478	1036
478	1096
479	484
479	712
479	1040
479	1196
480	798
480	1297
481	1121
482	562
482	1178
483	521
483	1089
483	1227
484	555
484	578
485	1266
486	731
486	1204
487	825
487	887
487	896
487	924
487	1085
487	1255
488	632
488	908
488	942
488	1206
489	650
489	742
489	803
489	975
489	1196
490	625
490	649
490	696
490	764
491	631
491	939
491	950
492	836
493	631
493	1102
493	1287
494	734
494	1000
494	1122
495	583
495	1128
495	1130
495	1266
496	621
496	1124
497	857
498	814
499	565
499	783
499	1180
500	502
500	558
500	634
501	767
502	1233
503	939
503	1153
504	1270
505	702
506	644
506	763
507	518
507	1205
508	1044
508	1141
509	609
509	639
509	672
509	758
509	771
509	1068
511	833
511	864
511	1018
512	1058
513	611
513	630
514	740
514	1071
515	657
515	1143
515	1242
516	977
516	1026
517	872
517	1099
518	748
518	1117
519	558
519	585
519	673
519	782
519	842
520	642
520	892
521	792
521	834
521	941
522	665
522	848
522	932
522	1121
523	691
523	874
524	563
524	750
524	783
524	1121
525	835
525	1209
526	621
526	1151
527	729
527	927
527	937
527	985
527	1168
527	1237
528	698
528	1019
528	1206
529	552
529	576
529	861
530	587
531	933
532	616
532	1082
533	568
533	1020
534	582
534	1062
535	797
535	921
535	1012
535	1171
536	791
536	887
536	1036
536	1153
537	561
537	728
537	1037
537	1167
537	1193
538	881
539	575
539	653
539	711
540	548
540	568
540	729
540	1013
540	1176
542	583
542	605
542	1030
543	594
543	1219
544	813
544	834
545	1032
545	1157
545	1184
545	1225
545	1296
546	1056
546	1165
547	761
547	763
547	865
547	896
547	912
547	942
547	1253
548	1062
548	1072
548	1142
550	730
550	747
550	835
550	937
551	926
551	933
552	554
553	977
554	642
554	817
554	898
555	598
555	644
555	816
555	869
555	878
556	732
556	1245
556	1269
556	1283
557	709
558	983
559	1227
559	1248
560	942
560	1029
561	899
561	1070
561	1187
562	665
562	785
562	964
562	965
564	640
564	687
564	740
564	745
564	1128
564	1163
566	595
568	1240
569	615
570	819
570	1100
571	581
571	752
571	850
573	1145
573	1272
574	774
575	1149
577	886
578	719
578	1293
579	671
579	798
579	1047
579	1226
579	1281
580	1117
580	1152
581	679
582	640
583	701
583	978
584	603
584	734
585	657
586	676
586	678
586	1101
586	1268
587	635
588	914
588	1214
588	1273
589	947
590	1208
592	799
592	1298
593	730
593	1152
593	1228
595	1062
596	996
596	1026
597	773
598	748
598	952
599	968
599	1238
600	894
600	1205
601	803
602	789
602	1027
603	927
603	1121
603	1139
604	847
605	629
605	888
605	1157
606	1152
606	1190
607	745
607	1152
607	1176
607	1225
608	695
608	715
608	1085
608	1102
608	1171
609	850
609	1297
610	649
610	863
610	987
610	1258
610	1287
612	743
612	1093
612	1283
612	1297
613	735
613	1028
613	1067
614	1119
615	1297
617	913
617	1112
618	1293
619	1128
620	656
620	673
620	752
620	1205
621	723
621	958
621	1134
622	731
623	720
623	1018
623	1295
624	686
625	1274
626	1008
626	1025
627	936
627	949
628	890
628	1286
630	893
630	969
631	980
631	1086
631	1211
632	810
632	1076
633	952
633	1174
634	816
634	879
634	948
634	995
635	691
635	1179
636	1178
637	644
637	710
637	1032
637	1038
638	661
639	758
639	1123
639	1124
640	642
640	686
641	1104
642	782
642	1233
643	986
643	1196
644	692
644	1252
645	744
645	843
645	1006
645	1036
645	1236
646	745
646	969
646	1263
647	776
649	732
649	768
649	1070
649	1294
651	707
651	983
652	705
652	960
652	1198
653	942
653	1147
654	675
654	1083
654	1233
655	658
655	757
655	1100
655	1161
656	1012
656	1262
657	673
657	888
659	822
659	1276
660	908
662	843
662	879
662	978
663	780
664	756
664	855
664	871
664	1279
665	701
665	869
666	1213
666	1217
666	1235
667	804
667	815
668	812
668	1099
669	907
669	1019
669	1128
670	685
670	1081
671	1067
672	1027
672	1061
673	929
673	1269
674	1177
675	974
677	849
677	1194
678	691
678	880
678	883
678	950
678	1122
678	1252
680	977
681	1038
682	684
682	931
683	1260
684	1005
684	1025
685	943
686	948
686	1068
688	1181
689	779
690	971
690	1144
691	709
692	693
692	827
692	1113
693	861
694	828
696	1148
697	793
697	959
697	1011
697	1211
698	758
698	901
698	1202
700	824
700	900
701	748
702	988
702	1018
702	1103
702	1169
702	1236
703	813
703	863
704	1088
704	1153
705	745
705	1155
707	710
710	815
710	1170
711	753
711	904
712	823
712	935
712	1065
712	1205
712	1225
714	897
714	1127
714	1299
715	1070
716	1054
716	1146
717	1129
718	1098
718	1169
719	765
719	917
720	936
720	948
720	1285
722	981
722	1218
723	932
724	868
724	887
724	975
724	1029
724	1211
724	1248
724	1249
725	1047
727	1108
727	1275
728	1051
728	1106
728	1282
731	1082
731	1221
732	1030
732	1051
732	1266
733	836
733	861
733	866
733	1209
734	977
735	736
735	850
735	1160
736	1019
737	785
737	864
737	965
738	769
738	942
738	1087
739	873
739	1221
739	1273
740	996
741	1013
743	1079
745	1250
748	887
748	950
748	1171
749	805
749	990
749	1164
749	1251
752	796
752	979
752	1094
753	1061
754	774
754	1129
755	991
756	1145
756	1194
760	992
760	1121
760	1176
761	1151
762	862
762	1128
763	772
763	938
766	979
767	775
767	859
768	862
768	1013
768	1098
768	1169
770	810
770	927
770	1175
771	781
771	884
771	914
771	922
772	844
772	1169
772	1202
773	910
773	1285
774	839
774	975
774	1033
774	1069
774	1116
775	890
775	1049
775	1071
776	901
776	1072
776	1099
776	1209
777	798
777	965
777	1019
778	896
778	1277
779	1072
779	1085
780	1134
780	1193
783	919
783	947
783	1065
783	1154
784	863
784	933
785	1109
785	1232
786	992
786	1286
787	1087
787	1100
788	1077
789	838
789	878
789	967
789	1235
789	1239
792	807
792	871
793	913
793	914
793	1292
794	1053
794	1250
795	1018
796	1032
796	1158
796	1244
797	999
798	940
798	1074
798	1276
798	1278
799	1169
800	935
800	1094
800	1247
801	1156
802	1044
805	830
805	1294
806	1149
806	1206
807	1248
808	994
808	1131
808	1219
809	963
809	1191
810	836
810	862
810	1156
811	859
811	1114
812	835
812	919
812	988
813	845
813	1256
814	874
815	891
815	1202
817	828
818	960
819	887
819	942
819	1263
820	1046
820	1143
821	890
821	999
821	1022
822	910
823	1224
824	859
824	1088
825	1191
825	1206
826	863
826	1155
827	1107
827	1238
828	899
828	1297
829	851
829	1137
830	910
830	1021
830	1134
832	1266
834	992
834	1222
835	1002
836	1108
837	1017
839	931
839	1112
841	1208
842	919
842	1001
842	1073
842	1258
844	990
844	1167
845	1043
845	1179
845	1181
846	1214
846	1268
847	997
849	1005
849	1021
850	889
853	937
853	995
854	931
855	957
856	967
856	1172
857	1182
859	896
860	944
860	1156
861	914
862	1024
862	1285
863	1294
864	1233
865	1064
866	940
868	887
868	953
868	965
868	1192
869	978
870	1014
871	1009
872	893
872	1205
873	905
873	1038
877	1095
877	1151
882	897
883	1016
883	1278
884	1209
884	1214
885	1149
887	955
887	1119
887	1123
887	1232
887	1277
889	1248
889	1292
890	973
890	1024
891	1111
893	903
893	1242
894	968
895	1076
896	924
896	981
897	973
899	975
899	1127
902	1044
902	1263
904	1076
904	1179
905	1047
905	1112
905	1187
906	1181
907	1256
908	1042
908	1190
909	1075
910	996
910	1053
910	1113
911	1027
911	1267
912	1188
913	1206
913	1208
914	1161
916	1158
916	1230
917	1149
918	1031
918	1176
918	1194
920	1214
922	1221
925	1008
926	1045
926	1209
927	970
927	1114
927	1148
929	1126
932	1057
932	1108
933	1108
933	1116
934	1072
937	1040
938	1049
940	1275
941	1019
941	1230
942	982
943	1002
943	1070
943	1180
944	1061
945	1299
946	1036
946	1037
947	964
948	964
949	1062
951	1090
951	1192
951	1263
952	1169
953	1271
954	1248
955	1070
955	1276
956	1237
957	1127
957	1257
958	1245
959	1126
960	1002
961	1032
961	1055
961	1112
961	1143
961	1213
962	1103
964	1138
964	1143
966	979
968	1071
968	1117
968	1249
968	1259
970	1030
970	1114
974	1243
975	1118
975	1299
976	1079
977	1144
977	1211
981	1200
981	1214
983	1203
983	1253
984	1087
985	1082
987	1088
988	1014
988	1063
989	1018
989	1255
989	1264
990	1110
991	1173
992	1117
992	1192
993	1192
993	1214
994	1125
995	1058
995	1081
996	1216
996	1278
997	1190
999	1084
999	1206
999	1266
1001	1130
1001	1270
1001	1271
1002	1100
1002	1103
1003	1150
1005	1046
1005	1072
1005	1232
1006	1233
1007	1209
1007	1266
1008	1131
1009	1010
1009	1251
1011	1012
1011	1061
1011	1228
1013	1080
1013	1293
1014	1053
1017	1035
1017	1151
1018	1240
1019	1031
1019	1119
1020	1057
1020	1238
1021	1055
1022	1088
1023	1152
1023	1298
1024	1296
1025	1247
1028	1084
1031	1196
1032	1062
1032	1165
1034	1143
1034	1152
1035	1211
1036	1231
1036	1237
1036	1271
1039	1175
1039	1255
1040	1079
1041	1251
1043	1079
1043	1139
1043	1219
1044	1169
1044	1218
1044	1250
1047	1096
1047	1142
1048	1146
1048	1249
1053	1078
1053	1253
1055	1094
1057	1126
1058	1147
1059	1251
1060	1263
1062	1274
1064	1246
1066	1146
1067	1094
1067	1172
1067	1192
1068	1258
1070	1160
1070	1188
1072	1073
1072	1267
1077	1159
1077	1286
1078	1250
1081	1093
1083	1102
1083	1184
1084	1297
1086	1274
1089	1274
1091	1192
1092	1284
1096	1253
1097	1245
1098	1147
1099	1169
1108	1199
1111	1209
1113	1189
1114	1276
1116	1152
1117	1243
1117	1288
1123	1222
1125	1213
1127	1285
1128	1136
1129	1164
1129	1179
1129	1296
1131	1245
1131	1260
1137	1200
1138	1260
1140	1258
1143	1194
1146	1199
1147	1186
1149	1186
1150	1250
1153	1228
1156	1271
1159	1177
1159	1200
1160	1198
1161	1252
1162	1280
1163	1221
1164	1227
1171	1189
1178	1245
1180	1183
1180	1269
1181	1276
1183	1204
1184	1204
1186	1236
1188	1296
1192	1285
1193	1209
1193	1234
1194	1229
1195	1277
1198	1265
1208	1227
1209	1235
1210	1288
1217	1285
1218	1283
1223	1281
1226	1298
1228	1255
1229	1270
1235	1249
1235	1289
1236	1250
1238	1269
1263	1291
1268	1296