0	316
0	388
0	839
0	1058
0	1266
1	119
1	328
1	592
1	600
2	212
2	282
2	312
2	331
2	362
2	538
2	587
2	1215
3	101
3	287
3	403
3	870
3	1290
4	104
4	147
4	382
4	534
4	615
4	803
4	1098
5	354
5	584
5	1208
6	374
6	425
6	442
6	802
7	14
7	196
7	233
7	351
7	605
7	987
8	123
8	620
8	888
8	1020
9	217
9	469
9	657
9	1062
10	153
10	608
10	619
10	691
10	728
10	814
10	1040
11	401
11	426
11	493
11	715
11	812
11	1278
12	315
12	552
12	575
12	824
12	858
12	965
12	1000
12	1159
13	446
13	496
13	1051
13	1145
13	1242
14	149
14	391
14	655
14	1219
15	552
16	295
16	499
16	1284
17	241
17	553
17	629
17	638
17	968
18	189
18	506
18	713
18	740
19	155
19	384
19	627
19	680
19	705
20	276
20	309
20	815
20	1263
21	173
21	376
21	614
21	689
22	226
22	273
22	283
22	463
22	532
22	614
22	638
22	682
22	721
23	282
23	344
23	433
23	439
23	560
23	638
23	824
23	995
23	1180
24	48
24	459
24	1212
25	354
25	399
25	405
25	470
25	496
25	985
26	1176
27	268
27	649
27	1102
28	194
28	409
28	435
28	747
28	828
28	862
28	1296
29	502
29	604
29	1008
30	82
30	343
30	472
30	571
30	632
30	845
30	1006
30	1046
30	1064
31	207
31	549
31	601
31	734
31	1037
31	1132
31	1192
32	464
32	474
32	700
32	791
32	872
32	1278
32	1285
33	188
33	220
33	572
33	579
33	981
33	1052
34	323
34	619
34	825
34	1202
35	862
35	1019
35	1262
36	625
37	701
37	989
37	1166
38	130
38	147
38	163
38	315
38	483
38	654
38	1182
38	1277
39	363
39	888
40	194
40	351
40	400
40	907
41	44
41	432
41	678
41	825
42	519
42	559
42	713
42	811
42	1241
43	242
43	649
43	1159
43	1227
44	147
44	794
44	1153
44	1235
45	48
45	503
45	697
45	765
45	976
46	306
46	485
46	1009
46	1194
46	1224
47	329
48	145
48	451
48	470
48	561
48	1148
48	1288
49	92
49	328
49	711
49	1272
49	1298
50	548
50	765
51	489
51	985
51	1292
51	1293
52	207
52	880
52	1006
53	173
53	258
53	340
53	636
53	791
53	1113
53	1119
54	331
54	437
54	771
54	1106
55	75
55	93
55	239
55	515
55	859
56	201
56	558
56	621
56	785
56	1007
57	623
57	850
58	216
58	359
58	638
58	720
58	911
58	1080
59	377
59	1248
60	261
60	617
60	681
60	837
60	1063
60	1273
61	341
62	310
62	1123
63	755
63	874
63	1226
63	1253
64	100
64	455
64	604
64	1272
65	219
65	672
65	748
65	972
65	1122
65	1192
66	151
66	260
66	269
66	328
66	547
67	175
67	197
67	857
67	927
68	1080
69	423
69	899
69	954
69	1288
70	125
70	270
70	426
70	900
70	1011
71	264
72	262
72	450
72	667
72	811
72	1040
72	1247
73	583
73	779
73	827
73	885
73	1046
74	490
74	986
75	153
75	250
75	506
75	1293
76	177
76	570
77	90
77	154
77	374
77	903
77	1211
78	274
78	524
78	771
78	879
78	993
79	105
79	381
79	801
79	1173
80	434
80	438
80	934
81	143
81	311
81	594
81	697
81	826
81	1175
81	1237
83	166
83	266
83	530
83	720
83	829
83	953
83	1004
83	1058
83	1080
83	1175
84	167
84	298
84	435
84	731
84	934
85	319
86	324
86	1109
87	154
87	292
87	492
87	639
87	794
88	254
88	1111
88	1268
89	243
89	502
89	617
89	1063
90	97
90	333
90	804
91	600
91	752
91	871
91	1011
92	117
92	254
92	265
92	500
92	692
93	659
93	1033
94	149
94	757
95	98
95	324
95	467
95	486
95	949
95	953
95	1001
95	1123
95	1206
95	1296
95	1299
96	291
96	412
96	859
96	1126
96	1138
97	135
97	735
97	875
97	926
98	394
98	813
98	1087
98	1292
99	991
99	1029
100	228
100	431
100	670
100	1101
101	575
101	678
101	822
101	936
101	1066
101	1129
101	1157
102	229
102	550
102	1134
102	1291
103	412
103	678
103	1128
103	1209
104	410
104	1110
105	148
105	366
105	692
105	733
105	782
105	1053
105	1282
106	145
106	856
106	1248
107	387
108	341
108	515
108	601
108	663
108	1063
108	1248
109	257
109	574
109	785
110	181
110	685
110	759
110	772
110	835
110	1069
110	1259
110	1290
111	125
111	276
111	322
111	428
111	538
111	1009
111	1015
111	1208
112	243
112	481
112	717
112	864
112	901
112	1066
113	170
113	291
113	338
113	734
113	930
113	1219
113	1287
114	990
114	1161
114	1255
115	199
115	545
115	1187
116	203
116	374
116	671
116	950
116	1130
116	1147
117	376
117	658
118	132
118	183
118	277
118	912
118	916
118	985
118	1001
119	550
119	771
119	1031
120	311
120	328
120	1250
121	449
121	564
122	339
122	547
122	805
122	931
123	250
123	280
123	520
123	534
123	559
123	783
123	1119
124	414
124	449
124	542
124	1038
125	653
125	1033
125	1214
126	305
126	563
127	239
127	267
127	654
127	1160
127	1221
128	370
128	413
128	604
128	928
128	994
128	1136
129	156
129	258
129	522
129	1150
129	1180
130	907
130	945
130	1040
131	293
131	397
131	698
131	1149
131	1190
132	551
132	625
132	747
132	801
132	826
132	908
132	1276
133	356
133	806
133	870
133	996
133	1210
134	286
134	715
134	931
134	1061
135	766
135	922
135	949
135	1200
136	594
136	624
136	746
136	788
136	919
137	365
137	756
137	1203
138	531
138	996
138	1281
139	557
140	485
140	771
141	408
141	548
141	578
141	751
141	894
141	971
142	449
142	679
142	776
142	1143
142	1146
143	375
143	589
143	696
143	1027
144	1026
145	611
145	1275
146	186
146	540
146	736
146	1086
147	272
147	348
148	253
148	307
149	375
149	976
149	1139
150	713
150	976
150	1078
151	231
151	287
151	702
151	1073
152	280
152	530
152	561
152	621
152	943
152	1013
152	1100
153	294
153	513
153	811
154	256
154	549
154	638
154	660
154	860
155	280
155	368
155	905
155	1048
156	511
156	517
156	1039
157	390
157	1207
158	233
158	482
158	1021
158	1249
159	280
159	309
159	416
159	1005
159	1143
160	220
160	474
160	525
160	783
160	934
160	1115
160	1234
161	321
161	803
161	932
162	169
162	708
162	794
163	178
163	1003
163	1099
163	1269
164	333
165	454
167	215
167	555
167	635
167	712
167	731
167	871
167	1018
168	397
168	790
169	282
170	230
170	361
170	730
171	207
171	333
171	551
171	609
172	1069
173	280
173	608
173	718
173	1040
174	322
174	807
174	961
174	1136
175	1193
175	1251
176	217
176	418
176	692
176	1087
176	1154
177	258
177	314
178	661
178	706
179	354
179	413
179	418
179	1005
180	455
180	703
180	706
180	846
180	850
181	354
181	824
181	923
182	788
182	900
182	1017
182	1292
183	1234
184	737
184	767
184	888
185	1018
186	256
186	281
186	334
186	430
186	956
187	652
187	961
188	405
188	527
188	623
188	671
188	1149
188	1258
189	402
190	318
190	629
191	525
191	822
191	978
191	1044
192	403
192	1038
193	592
193	1056
193	1181
193	1211
194	376
194	443
194	882
194	1030
194	1082
195	342
195	726
195	777
195	1041
195	1179
196	649
196	714
197	233
197	346
197	863
197	1054
197	1225
198	211
198	219
198	244
198	298
198	310
198	510
198	637
198	706
199	428
199	1208
199	1276
200	583
200	794
200	1194
201	213
201	610
201	752
201	856
201	884
201	1038
202	385
202	455
202	758
202	1100
203	607
203	1222
204	232
204	766
204	808
205	372
205	630
205	690
205	702
205	1038
205	1150
205	1247
206	312
207	881
208	338
208	759
208	808
209	694
209	831
209	1010
210	234
210	396
210	438
210	484
210	486
210	751
210	782
211	276
211	670
212	506
212	753
212	885
213	230
214	929
214	1070
214	1170
214	1267
215	239
215	1072
215	1112
216	246
216	353
216	472
216	571
216	936
217	419
217	1105
217	1239
218	281
218	612
218	745
218	750
218	1287
219	762
219	835
219	1148
220	556
220	710
221	242
221	763
221	776
221	1005
221	1020
221	1192
222	356
222	448
222	921
223	753
223	812
223	928
224	861
224	1111
224	1112
225	516
225	834
226	351
226	682
226	754
226	779
226	1017
226	1156
227	750
227	799
228	353
228	1003
229	485
229	629
229	812
229	942
229	1027
230	921
230	1290
231	540
231	738
232	458
232	573
232	973
232	1266
233	342
234	363
234	552
235	254
235	840
235	1090
236	303
236	367
236	520
236	871
236	1144
236	1185
236	1217
237	587
237	717
237	943
237	1155
238	1010
240	379
240	413
240	711
240	806
240	1046
241	670
241	1181
242	1098
242	1216
243	435
244	1004
244	1261
245	308
245	1083
246	253
246	400
246	413
246	854
247	1032
247	1185
247	1230
248	378
248	900
248	1093
248	1107
248	1181
249	428
249	634
249	1094
249	1133
250	257
250	430
250	616
250	974
250	1278
251	565
251	981
252	275
252	280
252	613
252	725
252	814
253	508
253	830
254	269
254	492
254	1067
254	1096
255	399
255	595
255	615
255	906
255	1095
255	1268
256	711
256	750
256	859
256	1003
256	1006
256	1135
257	809
257	964
257	1103
258	425
258	1046
259	279
259	813
260	404
260	424
260	454
260	493
260	714
260	719
260	893
260	901
260	974
260	1099
261	849
261	896
261	901
261	914
262	487
262	544
262	1003
263	828
263	1111
263	1198
264	612
265	899
266	716
266	1010
267	744
267	1005
267	1072
268	410
268	970
269	909
269	986
269	1172
269	1189
269	1229
270	1126
270	1131
270	1287
271	442
271	951
272	761
273	1073
273	1112
274	489
274	1067
274	1271
275	584
275	864
275	868
275	1057
275	1275
276	361
276	471
276	788
277	304
277	933
277	1005
278	437
278	952
279	325
279	440
279	619
279	856
279	915
279	957
281	325
281	398
281	742
281	868
281	1272
282	554
282	643
282	1018
282	1155
283	289
283	996
283	1028
284	372
284	636
285	647
285	829
285	1241
286	534
286	680
286	866
286	909
286	1028
287	370
287	970
288	1012
288	1259
289	428
289	433
289	1159
290	372
290	435
290	593
290	778
290	805
290	825
290	1184
291	361
291	408
291	552
291	610
291	893
291	940
291	1023
291	1047
291	1260
292	752
293	529
293	533
293	614
293	856
293	947
294	464
294	570
294	751
294	772
294	1054
294	1081
295	547
295	572
295	894
296	1092
296	1209
297	1261
298	305
298	507
298	524
298	618
299	734
300	803
300	1112
301	709
302	784
302	1081
303	356
303	715
303	1030
304	469
304	514
304	606
304	731
304	752
304	915
305	408
305	1122
306	316
306	741
306	1081
307	916
307	1134
308	433
308	857
308	1035
308	1131
309	367
309	421
309	691
309	791
309	799
309	1133
309	1267
310	635
310	751
310	855
310	1076
311	852
312	597
312	680
312	710
312	819
313	835
313	848
313	893
313	1179
313	1255
314	491
314	845
314	950
315	624
315	651
315	1131
315	1159
315	1275
316	344
316	965
316	1132
317	364
317	763
317	880
317	1126
317	1177
318	671
318	1132
318	1222
319	1103
320	663
320	758
320	1289
321	769
321	866
321	892
321	1031
322	406
322	1247
322	1284
323	765
323	878
323	986
324	331
324	841
324	1168
325	418
325	867
325	1047
325	1088
325	1208
325	1234
325	1258
326	505
326	644
326	826
327	1071
328	917
328	1271
329	484
329	488
329	857
329	889
330	335
330	374
330	504
330	782
330	798
332	455
332	740
332	762
332	1086
333	793
333	1071
333	1248
334	948
334	1290
335	776
335	1173
335	1264
336	629
336	837
336	1038
336	1042
336	1070
337	543
337	588
337	707
338	638
338	1017
339	723
339	792
339	1165
340	573
340	956
340	1176
341	491
341	564
341	938
342	373
342	508
342	972
343	635
343	789
343	1050
344	593
344	1003
344	1171
345	597
345	1000
346	744
346	1136
347	376
347	957
347	966
348	597
348	820
348	836
348	874
349	679
349	862
349	1108
349	1212
350	930
351	433
351	793
351	1120
352	395
352	605
352	947
352	986
352	1162
353	420
353	815
353	1010
354	631
354	676
354	1132
355	946
356	605
357	836
357	890
357	1059
357	1100
357	1103
357	1186
358	602
359	425
359	577
359	633
359	751
359	791
359	852
359	908
359	968
359	1054
359	1230
360	567
360	736
360	986
361	1117
362	703
362	841
362	971
362	1041
363	480
363	724
363	785
363	816
363	1070
363	1261
364	771
365	467
365	689
365	761
365	1033
365	1061
365	1290
366	433
366	824
366	1138
367	421
367	521
367	591
367	787
367	1033
367	1123
368	466
368	486
368	528
368	656
368	745
368	1076
369	482
369	914
369	1212
369	1226
370	856
370	1237
370	1244
371	610
372	467
372	1257
373	608
373	620
373	1030
373	1179
373	1180
373	1218
373	1245
374	398
374	776
374	782
374	1092
374	1201
374	1210
375	415
375	699
375	1042
375	1248
375	1291
376	1022
376	1070
376	1114
377	929
378	463
378	622
378	666
378	703
378	864
378	872
379	680
380	634
380	725
380	787
380	1036
381	608
382	400
382	463
382	766
382	775
382	791
383	1105
383	1209
384	702
384	947
385	735
385	1265
386	431
386	750
386	976
386	1122
386	1201
386	1264
387	400
387	785
387	1017
388	888
389	952
390	468
391	453
391	929
391	1058
391	1073
392	498
392	1111
393	430
393	438
393	502
393	771
394	643
394	685
394	843
394	1112
394	1203
395	409
395	473
395	583
395	591
395	888
396	545
396	559
396	887
396	1112
397	543
397	1280
398	682
398	931
398	982
398	1055
399	642
399	660
400	702
400	1080
401	447
401	813
401	883
401	1092
401	1299
402	443
402	586
402	920
402	1004
403	976
403	982
404	717
404	774
404	1056
404	1153
405	651
405	987
405	1057
406	573
406	704
406	718
406	826
406	981
407	535
407	1282
408	577
409	690
409	798
409	1013
410	787
411	855
411	1053
411	1132
412	892
412	1276
413	513
413	594
413	1044
413	1046
414	434
414	631
414	1099
415	962
415	1078
415	1140
416	1162
417	771
417	1154
418	471
418	884
418	906
418	1086
418	1139
418	1248
420	731
420	786
420	1204
420	1268
421	715
421	1133
421	1234
422	832
422	1101
423	1172
425	956
425	1100
425	1123
426	623
426	754
426	756
426	1223
427	761
427	860
428	949
429	474
429	549
429	755
429	766
429	1073
430	521
430	566
430	1093
432	744
432	1042
433	838
433	966
433	1036
434	728
434	854
434	1026
434	1212
435	610
435	775
435	849
435	1292
436	503
436	803
436	832
437	698
437	712
437	948
439	738
439	836
439	1039
440	1161
440	1248
440	1296
441	448
441	660
441	665
441	690
441	999
441	1286
442	445
442	661
442	945
442	1150
443	517
443	863
443	1144
444	913
444	916
444	1247
445	677
446	672
446	920
447	619
447	868
447	944
447	1038
447	1151
448	639
448	895
449	582
449	783
449	971
450	493
450	859
451	515
451	774
452	509
453	870
453	1079
453	1094
453	1286
454	899
454	1256
455	598
455	1153
455	1291
456	649
457	468
457	574
457	1106
458	707
459	809
459	1153
459	1209
460	1009
460	1134
460	1217
461	530
461	692
461	810
462	538
462	1139
462	1205
463	745
463	785
463	866
463	1186
464	1138
465	532
465	969
465	1061
465	1071
466	739
466	765
466	838
466	1029
467	553
467	612
467	742
468	878
468	895
468	897
469	667
469	755
469	814
469	1080
469	1082
470	534
470	768
470	770
470	824
471	564
471	614
472	877
472	1187
473	855
473	1148
473	1279
474	812
475	699
476	713
476	943
476	1247
477	800
477	900
477	904
477	930
477	1015
478	558
478	1253
479	802
479	977
480	693
480	839
481	789
481	808
481	956
481	1200
482	895
482	999
483	661
483	833
483	855
483	1140
483	1214
484	541
484	840
484	899
484	985
486	877
486	1074
487	670
487	722
487	956
487	1203
487	1260
488	572
488	877
488	972
489	1052
490	634
490	761
490	1089
490	1120
490	1253
490	1278
491	607
492	496
492	892
493	1216
494	1044
494	1132
494	1291
495	497
495	633
495	699
495	1008
497	629
498	891
498	966
498	1012
498	1181
499	722
499	783
499	1219
500	530
500	1197
501	714
503	631
503	915
505	964
505	1063
505	1082
505	1212
506	619
506	696
506	1010
506	1012
506	1284
507	828
508	743
508	814
508	914
508	964
509	1073
510	1178
511	872
511	902
512	1073
513	657
513	1018
514	920
516	735
516	744
516	1048
516	1249
517	790
517	989
517	1250
518	833
519	558
519	577
519	1211
520	695
520	1005
520	1034
521	636
521	744
521	762
521	887
521	1025
521	1210
521	1280
522	526
522	678
523	953
523	1022
524	634
524	934
524	1243
525	958
525	1030
526	579
526	680
526	1257
527	551
527	704
527	1166
527	1202
528	644
528	853
529	694
529	893
529	1082
529	1091
529	1135
529	1180
531	653
531	749
531	756
531	838
532	631
532	914
532	1004
533	625
534	612
534	646
535	742
535	1033
536	792
537	892
537	1155
537	1259
538	820
538	889
538	979
538	1287
539	596
540	742
541	575
541	708
541	1008
541	1034
541	1043
541	1251
542	629
544	656
544	868
544	1020
544	1279
546	774
546	850
546	939
546	1148
547	1093
547	1221
548	697
548	1058
548	1093
549	681
549	838
549	873
549	924
549	1078
550	648
551	966
551	1206
552	679
552	947
553	873
553	1080
553	1213
554	620
554	624
554	869
554	1084
554	1087
554	1169
555	622
556	948
556	1127
557	794
557	975
557	1146
559	781
560	713
560	813
560	1221
561	568
561	889
561	1194
561	1229
561	1277
562	1174
563	644
563	772
563	787
564	710
564	756
565	681
565	778
565	1209
565	1290
565	1292
566	983
566	1066
567	920
567	951
567	1071
567	1225
568	841
568	903
568	1165
568	1265
569	1295
570	688
570	819
571	659
571	879
572	1167
574	879
574	1075
575	971
576	685
577	585
577	707
578	870
578	1021
578	1024
578	1266
579	585
579	848
579	1106
579	1248
580	847
581	665
581	995
582	832
582	976
582	1070
582	1125
583	685
583	763
583	960
584	805
584	924
584	1144
584	1182
585	636
585	746
585	1097
585	1122
586	654
587	799
587	1029
587	1077
587	1147
588	810
588	1164
588	1204
589	1280
590	1014
590	1123
591	870
593	666
593	1061
595	686
595	831
596	887
596	904
597	1094
597	1158
598	705
598	1208
599	600
599	1174
599	1248
600	635
600	638
600	709
600	803
600	1107
601	854
601	903
601	1135
601	1232
602	936
602	945
603	934
603	950
603	1134
603	1162
603	1294
604	1112
605	1068
606	806
606	1188
607	759
607	965
608	1284
609	787
609	843
609	988
609	1048
609	1180
609	1257
610	615
610	812
610	977
611	676
611	1056
612	851
612	988
612	1063
613	924
614	898
614	981
614	1232
616	705
616	949
616	1063
617	631
618	864
618	932
618	1277
619	673
620	623
620	654
620	953
621	1246
622	932
622	1071
622	1160
624	1156
626	803
627	694
627	1036
627	1181
628	920
628	1120
629	803
629	1058
630	682
631	804
631	814
631	1167
631	1274
631	1289
632	665
632	707
632	817
632	849
633	1017
633	1203
634	1248
634	1298
635	847
635	918
637	674
637	990
637	1018
637	1022
638	1106
640	928
640	1274
640	1292
641	905
641	928
641	951
642	1133
642	1148
643	853
643	997
645	1292
646	804
646	1002
647	1112
648	1172
648	1185
649	708
650	960
650	977
650	1173
650	1181
650	1222
651	692
651	868
651	879
651	943
651	1289
652	1007
652	1165
653	662
653	818
653	825
653	1000
654	744
655	787
655	1238
655	1265
656	799
656	846
657	852
657	1079
658	723
658	901
658	1299
659	1013
659	1268
660	804
660	815
660	1192
661	836
661	1051
662	885
662	1138
664	694
664	897
665	734
665	1268
665	1296
666	1014
667	980
667	1209
668	812
669	734
669	830
669	949
669	953
669	1158
670	1059
671	699
671	827
671	1299
672	992
672	1058
672	1105
672	1266
672	1298
673	862
675	858
675	893
675	1073
675	1245
676	1082
676	1190
677	719
677	800
678	816
679	820
680	723
680	947
681	903
681	958
683	921
683	1023
683	1083
684	848
685	864
685	947
685	1005
687	727
687	851
688	722
688	978
688	1172
688	1269
689	1096
689	1281
690	1191
690	1203
691	868
691	883
691	1238
692	950
692	957
692	1220
693	848
693	932
693	1276
694	1133
695	705
695	816
697	828
697	1265
698	860
699	829
699	1209
699	1249
700	893
702	874
702	903
702	1134
704	773
704	861
704	1131
704	1142
705	734
705	1027
705	1206
706	991
706	1215
707	840
707	1057
707	1230
708	923
708	1121
708	1128
709	785
711	906
711	1242
712	1131
712	1196
713	1109
714	1240
715	806
715	1162
716	752
716	833
717	871
717	1021
718	1072
718	1236
718	1256
718	1264
719	774
719	776
719	1118
719	1148
720	816
721	1215
722	723
722	959
722	1094
723	832
723	1237
724	1258
725	1147
726	1254
727	835
728	1287
729	855
729	959
729	1092
732	1061
733	797
733	838
734	801
734	1185
736	785
736	787
736	1061
736	1158
737	920
737	1140
737	1173
738	966
739	826
739	1180
740	998
740	1045
741	831
741	891
741	896
741	910
742	1002
743	1095
745	963
745	1203
746	905
746	1059
746	1265
747	1135
748	835
749	1116
749	1282
750	923
750	997
751	786
751	897
751	1262
752	770
752	812
752	1128
753	824
753	1034
753	1298
754	1134
756	1268
757	904
757	988
758	850
759	1164
760	776
761	807
761	852
761	1016
761	1142
762	989
764	824
767	857
769	803
770	1269
771	869
771	936
772	979
772	1028
773	879
773	1107
773	1165
774	964
774	1109
774	1144
776	864
776	1232
777	937
778	812
779	1228
780	798
780	862
780	1108
781	888
781	889
782	798
782	1222
782	1280
783	1296
784	986
784	1173
785	1262
787	906
787	998
787	1290
788	813
788	877
788	1229
789	913
789	1099
789	1284
790	1096
790	1268
790	1284
792	795
792	924
792	1073
792	1090
793	1283
796	971
798	1205
799	1090
799	1206
801	902
801	1070
801	1248
802	939
802	952
802	985
802	1081
803	1138
804	865
804	892
804	972
804	1110
805	898
806	1023
806	1031
806	1118
806	1263
807	1006
807	1195
808	827
808	946
809	1111
809	1117
809	1193
809	1254
810	1035
811	839
811	1115
812	1057
812	1161
814	841
814	1060
815	837
815	877
815	1170
817	881
817	966
817	1102
818	934
820	862
820	957
821	1031
821	1295
822	1207
822	1278
823	980
823	1239
824	1006
824	1173
825	905
825	1115
825	1116
825	1176
827	1106
828	960
829	852
829	951
829	1272
830	992
831	1224
833	895
833	1120
834	924
837	1061
838	1017
839	1163
840	856
840	1041
841	864
842	1052
842	1216
842	1260
844	858
844	976
844	999
844	1282
845	902
845	1236
847	1221
848	977
848	1115
849	1203
849	1286
850	1174
852	1034
853	902
853	1292
854	1239
855	971
855	1030
856	1144
857	1295
858	1076
859	1177
860	1176
861	931
861	1296
863	951
863	1177
863	1290
864	908
865	1231
865	1256
866	913
866	993
866	1096
868	1007
868	1053
870	902
873	1007
873	1070
874	932
874	1169
874	1265
874	1278
875	942
875	1278
875	1284
876	889
877	985
877	1038
877	1245
880	885
881	1243
882	1292
884	895
885	911
885	1183
885	1279
886	959
886	1115
887	1100
887	1172
889	984
890	972
890	1030
891	1181
891	1216
895	1023
895	1119
895	1248
895	1267
896	1031
896	1167
897	1242
900	1008
900	1277
901	934
901	1059
902	932
902	1037
903	1000
903	1124
903	1224
904	905
904	992
904	1116
906	1079
907	1046
908	959
908	1166
908	1238
909	1165
910	1053
911	1110
912	1027
912	1197
913	949
914	1270
914	1290
915	1213
916	1104
916	1158
918	1194
919	1015
920	989
921	992
922	986
925	1072
925	1152
925	1158
927	1085
930	1296
931	984
931	1074
931	1261
932	1055
932	1231
933	1115
933	1177
934	1289
935	1298
936	1174
937	1111
937	1235
938	1166
938	1280
941	1136
941	1257
942	1210
942	1278
943	993
943	1257
944	949
945	1091
945	1191
946	1170
946	1260
947	955
947	972
947	1177
948	1097
948	1240
949	970
950	951
951	1013
951	1214
952	1256
953	1176
955	1289
957	1063
957	1259
958	1007
958	1023
959	1115
960	1004
960	1235
960	1295
961	1154
961	1258
965	1142
965	1260
967	1284
968	1094
968	1109
970	1243
971	1038
972	1131
972	1190
974	984
974	1038
975	1256
976	1198
978	1143
978	1185
979	1200
982	1189
984	1095
987	1000
988	1111
988	1192
989	1235
990	1038
990	1149
992	1027
992	1062
992	1221
993	1045
993	1110
994	1081
995	1194
995	1242
996	1254
998	1114
999	1102
1002	1027
1002	1166
1005	1058
1006	1101
1009	1150
1009	1160
1011	1285
1013	1104
1013	1188
1017	1089
1018	1066
1018	1292
1019	1134
1020	1278
1021	1186
1025	1070
1026	1075
1026	1077
1026	1229
1027	1048
1027	1074
1027	1250
1028	1076
1028	1191
1032	1141
1033	1228
1034	1041
1034	1178
1034	1277
1036	1102
1037	1075
1038	1219
1040	1074
1041	1238
1043	1114
1044	1139
1046	1229
1049	1266
1050	1180
1051	1138
1051	1242
1052	1169
1052	1208
1053	1195
1054	1258
1054	1276
1056	1063
1056	1068
1057	1298
1058	1126
1059	1087
1062	1132
1065	1261
1066	1198
1068	1182
1070	1089
1071	1143
1072	1126
1074	1151
1076	1207
1078	1132
1080	1101
1080	1295
1081	1112
1083	1168
1083	1270
1085	1179
1086	1280
1089	1145
1090	1257
1090	1285
1092	1196
1092	1259
1093	1127
1093	1239
1096	1199
1096	1206
1096	1299
1097	1130
1100	1203
1100	1212
1101	1215
1103	1118
1110	1168
1112	1181
1114	1162
1114	1297
1118	1211
1120	1154
1120	1204
1121	1210
1122	1156
1124	1238
1125	1129
1127	1233
1128	1172
1132	1157
1136	1274
1137	1226
1137	1252
1139	1204
1141	1237
1144	1152
1145	1190
1145	1279
1145	1296
1146	1165
1146	1256
1148	1194
1150	1168
1152	1291
1156	1166
1159	1195
1159	1272
1160	1175
1161	1189
1163	1291
1164	1213
1164	1249
1172	1266
1176	1263
1179	1267
1190	1257
1209	1213
1210	1277
1211	1218
1215	1293
1234	1276
1240	1275
1246	1265
1250	1297
1252	1254
1254	1268
1266	1270
1266	1296
1267	1275