0	149
0	1151
1	8
1	364
1	767
1	1274
2	233
2	379
2	679
2	761
2	814
2	1044
2	1112
3	33
3	829
3	934
3	1027
3	1209
4	145
4	866
5	158
5	391
5	595
5	758
5	1087
5	1151
5	1202
6	207
6	463
6	508
6	560
6	1282
7	84
7	106
7	928
7	937
8	93
8	328
8	460
8	837
8	900
8	1017
9	316
9	478
9	484
9	1106
9	1280
10	50
10	74
11	237
11	352
11	927
11	944
11	974
11	1096
12	75
12	78
12	783
12	1171
13	501
13	580
13	718
13	1169
13	1295
14	42
14	121
14	365
14	912
15	511
15	705
15	916
16	850
16	1111
16	1155
16	1181
17	309
17	374
18	19
18	203
20	283
20	839
20	938
21	403
22	820
22	1047
22	1100
23	212
23	1040
23	1110
24	111
24	408
24	579
24	1037
24	1180
25	663
25	1030
25	1086
25	1250
25	1262
26	458
26	805
26	1249
27	345
27	520
27	928
27	956
27	1082
28	503
28	646
28	702
28	757
28	824
28	1040
29	273
29	1013
30	80
30	488
30	774
30	1021
30	1024
30	1097
30	1163
30	1232
31	443
31	501
31	1034
32	571
32	1161
33	118
33	220
33	539
33	969
34	80
34	269
34	290
34	577
35	925
35	1167
35	1224
36	324
36	576
36	707
37	295
37	1173
38	566
38	1162
39	161
39	302
39	491
39	562
39	575
39	685
39	723
39	1006
39	1259
40	585
40	680
40	683
40	862
40	975
40	1176
41	268
42	363
42	539
42	839
42	1178
43	468
43	475
43	861
44	81
44	96
44	116
44	312
44	381
44	870
44	947
44	1286
45	253
45	255
45	1094
46	570
46	654
47	718
47	787
47	808
47	1020
47	1259
47	1268
48	258
48	901
48	1007
49	207
49	338
50	1253
51	144
51	242
51	674
52	120
52	683
52	1222
53	329
53	466
53	617
53	1167
54	132
54	279
54	709
54	940
54	1128
55	418
55	706
56	284
56	648
56	661
56	992
56	1115
57	73
57	645
57	859
57	987
58	247
58	430
58	713
58	908
58	936
58	1085
59	301
59	615
60	461
60	659
61	354
61	942
61	990
61	1007
62	66
62	393
62	1035
63	161
63	620
63	746
63	917
63	965
64	624
64	767
65	85
65	512
65	765
65	1133
65	1229
66	224
66	770
66	1263
67	505
67	726
67	731
67	923
67	976
68	628
68	667
68	674
68	838
68	1232
69	125
69	550
69	706
70	186
70	319
70	376
70	382
70	804
70	818
70	874
70	891
70	951
70	1013
70	1068
71	345
71	691
71	959
71	1256
71	1257
72	81
72	164
72	206
72	623
73	176
73	306
73	474
73	1035
74	212
74	540
75	249
75	601
75	1178
76	131
77	526
77	549
77	697
77	1021
77	1088
77	1298
78	399
78	928
78	1268
79	205
79	630
79	1053
79	1187
80	118
80	297
80	361
80	721
80	788
80	834
80	992
80	1279
81	213
82	352
82	393
82	624
82	848
82	1141
83	424
83	1126
83	1161
84	96
84	123
84	227
84	252
84	526
84	1109
85	1207
86	281
86	604
86	971
86	1062
87	120
87	167
87	438
87	441
88	98
88	324
88	876
88	1085
89	400
90	356
90	1220
91	297
91	457
91	462
91	532
91	921
92	1217
92	1221
93	131
93	252
93	1265
93	1290
94	252
94	493
94	677
94	730
94	851
94	1139
94	1209
95	376
95	741
95	742
96	1222
97	786
97	808
97	907
97	1054
97	1248
97	1278
98	193
98	313
98	535
98	684
99	157
99	323
99	583
99	811
99	955
100	175
100	453
100	562
100	828
100	879
100	938
100	982
100	1028
100	1083
100	1153
101	196
101	313
101	316
101	515
102	198
102	743
102	813
102	1020
103	777
104	452
104	511
104	1089
105	166
105	846
107	973
107	1280
108	140
108	486
108	737
108	790
108	807
108	1048
108	1068
109	134
109	514
109	1002
109	1079
109	1130
110	261
110	704
110	927
110	1136
111	343
111	604
111	736
111	894
111	1241
112	327
112	541
112	776
112	1054
112	1069
113	149
113	402
113	576
113	599
114	789
114	1228
115	476
116	514
116	1023
116	1171
117	1061
117	1201
118	177
118	244
118	678
118	1164
119	203
119	423
119	1266
121	368
121	1036
122	526
122	581
122	824
122	981
122	1160
123	320
123	998
123	1093
124	220
124	533
124	767
124	799
124	1199
125	482
126	572
126	618
126	819
127	1038
128	447
128	574
128	1139
129	232
129	556
129	884
130	191
130	466
130	494
130	544
131	162
131	210
131	507
131	741
131	938
131	980
131	1073
132	236
132	266
132	437
132	739
133	420
133	593
133	894
133	1206
134	329
134	392
134	419
134	892
135	181
135	717
135	868
136	286
136	564
136	844
136	918
137	153
137	174
137	389
137	426
137	615
137	676
137	689
137	1120
137	1267
138	232
138	325
138	812
138	934
138	1219
139	537
139	1122
139	1145
140	586
140	982
140	1199
141	494
141	516
141	1163
141	1201
142	389
142	685
142	890
142	926
143	583
143	702
143	1145
144	1029
145	483
145	550
145	577
145	728
146	620
146	687
146	707
147	189
147	956
147	1207
148	371
148	1086
148	1139
149	245
149	352
149	409
149	760
149	1006
149	1092
150	384
150	619
150	912
150	1052
150	1093
151	316
151	812
151	1255
152	252
152	318
152	399
152	514
152	529
152	602
153	178
153	758
154	1002
154	1046
154	1278
155	288
155	350
155	730
156	892
157	167
157	685
157	1041
158	315
158	1055
159	189
159	352
159	518
159	608
159	726
159	759
159	773
159	1033
159	1254
160	655
160	1092
161	410
161	723
162	1009
163	1064
164	941
165	433
166	766
166	779
166	1018
166	1065
166	1113
166	1272
167	285
167	454
167	1296
168	194
168	323
168	369
168	514
168	762
168	1269
169	266
170	356
170	1024
170	1277
171	253
171	258
171	263
171	418
171	595
171	611
171	829
171	1168
172	242
172	608
172	891
172	1025
172	1088
172	1092
172	1225
173	647
173	678
173	807
174	412
174	892
175	550
175	620
175	647
175	865
175	891
176	442
177	508
177	889
177	932
178	344
178	541
178	995
179	266
179	580
179	687
179	939
179	990
179	1163
180	227
180	370
180	653
180	1299
181	799
182	479
182	901
183	1251
184	607
184	665
185	396
185	452
185	509
185	713
185	1274
186	532
186	657
186	870
186	913
186	1051
186	1264
187	421
187	773
187	831
188	827
189	257
189	262
189	674
190	1096
191	734
191	795
192	465
192	1061
192	1066
192	1098
192	1150
193	394
194	834
194	1006
194	1179
194	1287
195	282
195	599
195	621
196	369
196	726
196	826
197	328
197	848
198	307
198	696
198	924
198	987
199	850
200	501
200	551
200	595
200	658
200	833
200	1012
201	511
201	903
201	904
202	225
202	631
202	843
202	1057
203	254
203	260
203	351
203	370
203	798
203	876
203	1028
204	618
205	670
205	913
206	389
206	774
206	1235
207	425
207	437
207	1003
207	1135
208	292
208	487
208	710
208	865
208	989
208	1256
209	424
209	782
209	1093
210	390
210	1279
211	817
211	1134
212	534
212	553
212	685
213	224
213	383
213	1174
214	280
214	435
214	530
215	481
215	562
215	1065
215	1168
215	1297
216	420
216	492
216	718
216	948
216	952
217	277
217	315
217	500
217	761
218	483
218	494
218	536
218	552
218	1015
218	1145
219	241
219	518
219	773
219	1222
220	585
221	232
221	457
221	609
222	255
222	835
222	956
222	1042
222	1097
222	1258
223	1239
224	435
224	474
225	914
226	550
226	1041
227	241
227	419
227	784
227	927
228	400
229	472
229	521
229	726
229	957
229	1212
229	1223
230	680
230	973
231	677
231	824
231	838
232	410
232	1020
233	244
233	1004
233	1094
233	1156
234	403
234	406
234	772
234	983
234	1130
234	1197
235	1067
235	1273
236	1078
236	1082
236	1226
237	830
238	266
238	809
238	988
239	552
239	578
239	970
239	1205
240	314
240	433
240	676
240	981
240	1057
241	1062
241	1148
242	296
242	823
242	1209
242	1231
242	1253
243	333
243	558
243	608
244	489
244	699
244	948
245	364
245	634
245	707
245	1194
246	705
246	899
246	1092
246	1116
246	1134
246	1231
247	435
247	558
247	871
247	1230
247	1288
248	336
248	565
248	941
248	1193
249	644
249	866
249	963
249	1261
250	665
251	395
251	553
251	738
251	953
251	1253
252	404
252	467
252	538
252	699
252	1047
252	1051
253	451
253	698
254	362
254	514
254	1067
254	1133
254	1290
255	340
255	671
255	744
255	1013
256	428
256	676
256	732
256	1169
257	517
257	953
258	457
258	810
258	857
259	534
259	604
259	755
259	840
259	842
259	1146
260	317
260	689
260	1048
261	593
261	754
262	284
262	292
262	749
262	1089
262	1162
262	1268
264	576
264	937
264	1075
264	1092
265	335
265	823
267	790
267	1045
267	1080
267	1183
267	1195
268	287
268	356
268	949
268	957
268	1041
268	1078
270	519
270	577
270	1083
271	429
272	1129
273	535
273	553
273	600
274	277
274	510
275	854
276	945
276	1138
276	1172
276	1232
277	540
277	762
277	1184
277	1207
278	616
278	1291
279	916
280	562
280	582
280	928
280	1013
280	1057
280	1095
281	392
281	467
281	775
281	784
281	987
282	369
282	609
282	930
282	932
282	1077
283	334
283	679
284	316
284	678
284	766
284	928
284	974
284	1082
284	1142
285	583
285	671
285	831
285	840
285	1138
285	1164
286	397
286	636
286	725
287	406
287	818
287	1212
287	1228
288	534
288	547
288	922
288	944
288	1021
288	1090
288	1259
289	379
289	436
289	676
289	736
289	1211
290	322
290	676
290	842
290	1035
290	1045
291	480
291	979
292	422
292	788
292	1121
293	307
293	426
293	645
293	772
294	735
294	849
294	1003
295	935
296	297
296	302
296	386
296	677
296	1131
297	377
297	627
298	931
298	953
299	664
299	999
299	1189
299	1212
300	547
300	706
300	807
300	1053
300	1284
301	758
301	814
301	838
302	547
302	764
302	1165
303	893
303	977
304	1221
305	326
305	968
305	1212
306	590
306	905
306	1164
306	1256
307	467
307	786
308	793
308	1116
309	799
309	947
309	1119
309	1160
310	365
310	534
311	343
311	1142
312	461
312	483
312	669
312	700
312	802
312	1288
313	865
313	919
313	1279
314	652
314	809
314	879
315	485
315	595
315	1028
315	1082
316	813
316	953
317	530
317	553
317	961
317	1066
318	1235
320	848
321	390
321	649
322	894
323	614
323	841
324	483
324	566
324	884
324	937
324	984
324	1176
325	536
325	754
325	903
325	1282
326	331
326	578
326	1131
327	685
327	821
327	921
329	818
329	1155
329	1250
330	697
330	1049
331	380
332	686
332	1035
332	1056
332	1087
332	1145
333	621
333	977
333	1115
333	1272
334	680
335	781
336	526
336	893
336	939
336	984
336	1233
337	501
337	753
337	1233
338	869
338	907
338	914
338	995
339	1226
340	526
340	708
340	855
340	1174
341	404
341	474
341	751
341	877
341	1211
342	416
343	503
343	733
343	742
343	776
343	939
343	1057
343	1243
344	380
344	803
344	1135
345	418
345	524
345	631
345	655
346	417
346	781
346	954
346	1258
347	353
347	947
348	361
348	445
348	499
348	662
348	679
349	710
349	1075
349	1111
349	1129
350	731
350	740
350	885
350	1109
351	851
351	981
351	1033
351	1037
351	1088
351	1157
352	818
352	819
352	1166
353	446
353	685
353	859
353	900
353	925
354	395
354	405
354	633
355	506
355	566
356	896
356	1008
357	361
358	695
359	412
359	806
360	391
360	432
360	566
360	772
361	488
361	539
361	738
361	752
362	785
362	815
362	1254
363	1237
363	1258
364	823
365	693
366	421
366	624
366	1112
367	783
367	1174
368	542
368	1095
368	1152
369	594
369	862
370	652
370	1018
370	1166
371	540
371	920
371	1183
371	1238
372	554
372	570
372	723
372	1181
372	1232
373	530
373	638
373	685
373	1053
374	597
374	833
374	923
375	404
375	497
375	569
375	644
375	725
375	799
375	1049
377	648
377	653
377	1214
378	530
378	674
378	1158
378	1262
379	504
379	675
380	448
380	449
380	671
381	769
382	720
382	1160
383	891
383	1012
383	1222
384	849
384	1006
385	660
386	493
386	732
386	1136
387	574
387	611
387	955
387	1273
388	937
389	619
389	661
389	1146
390	490
390	813
390	1089
391	585
391	816
392	553
392	731
392	917
392	1065
392	1153
392	1181
393	1094
394	450
394	475
394	793
394	1015
395	466
395	916
395	941
395	1198
396	700
397	437
397	613
397	777
398	1210
399	532
399	548
399	1071
400	482
400	799
400	989
400	1078
401	405
402	760
402	807
402	1010
402	1066
403	457
403	472
403	734
404	879
404	1120
404	1149
405	508
405	564
405	573
405	1190
405	1269
406	667
406	1258
407	425
407	709
408	424
408	490
408	632
408	963
409	1171
410	658
410	671
410	798
410	841
410	1251
411	818
411	989
411	1025
411	1197
411	1216
412	595
412	702
412	894
412	1169
412	1200
413	1024
414	748
414	1191
415	425
415	483
415	600
416	514
416	740
416	858
416	1028
416	1117
416	1187
417	997
418	737
418	756
419	713
419	765
419	1174
420	901
420	933
420	1117
421	510
422	547
422	626
423	570
423	688
423	1089
424	566
424	785
424	881
425	978
426	439
426	729
426	1104
426	1163
427	562
427	831
428	607
428	659
429	688
429	775
429	862
430	1098
431	693
431	827
432	515
432	653
432	721
433	451
433	858
433	1004
434	656
435	527
435	769
436	481
436	503
436	1273
437	485
437	794
437	967
437	1050
437	1069
438	672
438	680
438	729
438	746
438	1099
438	1179
439	791
439	917
439	1024
440	1090
441	544
441	751
441	1070
443	573
443	1176
444	1177
444	1259
445	620
445	825
445	856
445	883
447	743
447	874
447	1294
448	559
448	947
448	1239
449	1119
449	1288
450	659
451	555
451	709
451	794
451	936
451	1033
452	615
452	751
452	1050
452	1271
453	566
453	829
453	1154
453	1184
453	1202
454	717
454	1239
455	600
455	995
456	784
456	935
456	963
456	1175
457	599
457	618
457	1058
458	494
458	541
458	742
458	1080
458	1082
458	1240
459	1272
460	720
460	845
460	867
460	938
460	1083
461	535
461	1198
462	675
462	786
463	592
463	755
463	898
464	619
464	685
464	835
465	838
466	730
466	927
466	937
466	1038
467	737
467	1038
467	1078
467	1130
468	739
468	1103
469	676
469	992
470	1298
471	533
471	871
472	815
473	500
474	572
474	576
474	650
474	687
474	691
474	903
474	1075
474	1105
475	541
475	792
475	973
475	1094
475	1131
475	1175
476	686
476	826
476	1001
476	1152
477	550
478	719
478	795
479	1083
480	692
480	786
480	835
480	1210
480	1294
481	898
481	908
482	668
483	898
483	1033
484	530
485	669
485	1057
485	1222
486	1100
486	1105
486	1136
486	1292
487	781
487	819
487	933
488	619
490	745
490	937
490	1015
490	1083
491	520
491	873
492	549
492	902
492	937
492	1139
493	700
493	1022
494	1080
494	1210
495	867
495	1150
495	1176
495	1178
495	1211
496	553
496	713
496	957
496	1180
497	691
497	1148
498	563
498	896
498	1099
498	1115
498	1181
499	537
499	883
499	884
499	1212
500	531
500	890
500	937
501	898
501	959
501	1181
502	707
503	963
503	1145
504	830
504	964
504	1120
504	1132
505	593
505	901
505	991
506	738
506	995
506	1011
507	892
507	1163
508	579
508	583
508	850
508	962
508	1137
509	734
509	944
510	537
510	1025
510	1084
511	715
512	885
512	938
512	1057
513	531
513	921
513	1083
514	904
514	955
514	1079
515	1187
516	736
516	1193
516	1247
516	1298
517	1107
518	535
518	672
518	801
518	821
518	851
518	944
519	992
519	1156
519	1202
520	649
520	743
520	759
522	1190
522	1227
523	808
523	847
524	607
524	644
524	769
524	986
525	569
525	609
526	1015
527	586
528	1296
529	627
529	887
529	1008
530	584
530	847
530	848
530	1263
530	1270
531	682
531	851
531	858
531	865
532	811
533	700
533	745
533	1063
533	1137
533	1220
534	742
534	744
535	656
535	1268
536	653
536	752
536	889
536	990
536	1214
537	1079
537	1165
538	881
539	937
539	1045
540	546
540	797
540	981
541	615
541	779
542	1241
543	555
543	778
543	865
543	1218
544	758
544	1057
545	763
546	733
546	1059
547	720
547	872
549	744
549	763
549	954
549	1106
550	729
551	963
552	794
552	1012
553	828
553	1030
554	771
554	779
554	787
554	872
554	895
555	656
555	844
555	1119
555	1241
557	566
557	661
558	792
558	1069
558	1077
559	737
559	763
559	876
559	878
559	954
560	1063
561	629
561	684
561	1251
562	1220
563	842
563	843
563	852
563	855
563	1145
564	958
565	871
565	1269
565	1282
566	721
566	779
566	1116
567	686
567	983
567	995
567	1018
567	1170
568	713
568	1065
568	1083
568	1152
568	1168
568	1230
569	969
570	878
570	1170
571	614
571	783
571	1060
571	1121
572	821
572	1149
572	1171
573	930
573	1254
575	630
575	860
575	897
575	969
576	708
576	963
577	607
577	1093
578	763
579	708
579	933
580	711
580	818
580	849
580	1008
580	1015
581	829
581	865
581	896
581	966
582	1279
583	599
584	1068
584	1140
584	1224
585	692
585	804
586	622
586	738
586	821
586	969
586	1151
587	671
587	687
587	1167
588	645
588	797
588	1100
588	1151
589	845
590	602
590	1230
591	863
591	1029
593	793
593	1289
594	675
594	718
594	777
594	803
595	756
595	760
595	768
595	1150
595	1254
595	1257
596	1148
596	1198
597	1127
598	631
598	916
599	792
599	921
599	935
599	1076
600	654
600	922
600	1060
601	639
602	796
602	854
602	863
603	1208
604	972
604	1015
605	1054
606	696
606	1027
608	952
609	889
609	935
609	1020
609	1118
609	1203
610	643
610	1222
611	734
611	1179
612	652
612	657
612	1143
612	1224
613	870
613	874
613	903
613	1117
613	1126
613	1262
614	789
614	1102
615	702
615	1055
615	1082
615	1295
619	808
619	819
620	825
620	989
621	775
621	1060
621	1187
622	773
622	1148
623	746
624	654
624	1150
624	1240
625	1094
626	806
627	939
627	1191
628	999
628	1143
629	680
629	806
630	669
631	752
631	830
631	906
631	952
631	993
631	1089
632	742
632	852
632	1001
632	1119
633	661
633	1028
634	725
634	1063
635	1247
637	798
638	712
638	749
638	836
638	870
639	831
639	851
639	1109
639	1212
639	1244
640	1072
641	770
641	930
641	1174
642	814
642	841
642	855
643	719
644	726
644	1079
645	681
645	809
645	851
645	1229
645	1237
646	1011
646	1293
647	852
647	901
648	1276
650	1164
651	786
652	802
652	1044
654	928
654	944
654	1037
654	1128
655	884
655	938
656	1021
656	1175
657	1068
658	1009
659	838
660	1074
660	1294
661	992
661	1020
661	1104
661	1184
664	1176
666	1062
666	1158
667	714
667	927
668	734
669	759
669	932
669	939
669	968
670	679
670	1011
671	1030
672	1042
673	739
674	1090
674	1178
674	1213
675	743
675	857
676	682
676	716
676	959
676	1021
676	1249
677	1006
678	1125
678	1136
679	737
679	779
679	785
679	916
679	1022
680	801
680	884
680	1299
681	727
681	1131
682	1208
683	924
683	1188
686	924
686	1196
687	889
687	1257
688	978
688	1118
689	787
689	831
689	924
689	1251
689	1282
690	713
690	958
690	1125
691	700
691	873
691	1204
692	897
692	1066
692	1076
693	703
693	925
694	825
694	951
694	1005
695	808
695	859
695	938
695	950
696	721
696	738
696	999
698	806
698	836
698	1068
698	1259
699	747
699	759
700	974
700	1127
700	1204
700	1275
701	904
702	814
702	900
702	957
702	1174
703	971
703	1095
703	1119
704	811
704	980
704	1208
706	764
706	1052
706	1103
707	834
707	1085
708	730
708	1085
708	1183
708	1224
708	1254
709	749
709	966
710	741
711	868
712	808
712	963
712	1147
713	1043
713	1073
714	955
714	969
715	1132
715	1153
716	746
716	1273
716	1277
717	1091
717	1299
719	1065
720	960
720	1281
721	1292
722	989
724	887
724	1258
726	1122
727	999
728	905
728	1074
728	1286
730	788
730	1207
731	743
731	1122
731	1164
732	832
733	1002
733	1025
733	1059
733	1101
733	1113
734	937
734	1033
734	1104
734	1217
735	748
735	913
735	1249
736	984
736	1191
737	752
737	857
737	950
739	856
739	961
739	1057
740	828
741	857
741	1056
742	1050
743	834
743	905
744	842
744	851
744	1007
744	1123
745	785
745	1011
745	1171
746	823
746	1210
748	1082
749	901
749	1033
749	1221
750	1141
754	895
754	1166
755	917
755	1222
756	1259
757	962
757	1080
758	922
758	1243
759	1039
759	1072
760	1172
760	1198
761	858
761	1119
762	1054
763	1089
763	1203
764	813
764	1073
766	846
766	1009
767	775
767	1049
769	1290
770	790
770	834
770	927
772	1086
772	1228
773	792
773	948
773	1038
774	950
774	1281
775	857
776	871
777	941
779	1142
780	785
780	1082
780	1083
783	1165
784	853
784	1275
784	1297
785	1011
786	800
786	935
786	1212
787	799
787	1223
788	1069
789	1124
789	1202
789	1221
790	1026
791	1223
791	1240
791	1260
792	1143
793	1114
793	1183
794	1216
794	1269
794	1298
795	1078
796	1164
796	1269
797	838
797	1000
797	1217
798	875
798	952
798	1024
798	1029
798	1297
799	940
800	817
800	820
800	852
800	861
800	995
801	853
802	948
803	825
803	1154
804	1002
804	1022
804	1219
805	1175
806	1093
806	1271
807	880
807	1299
808	1145
808	1236
808	1280
809	915
809	1080
809	1133
809	1271
810	1042
811	888
811	946
811	956
812	945
813	834
813	913
813	1224
814	832
814	1026
814	1247
815	977
815	1063
816	1144
816	1189
817	1175
818	1180
818	1247
819	973
820	1287
821	841
821	1084
822	881
822	890
823	881
823	1050
824	892
824	1274
825	972
825	992
826	1232
827	978
827	1207
828	976
828	1251
829	849
829	1013
829	1243
830	942
831	1117
832	889
832	1122
832	1149
833	844
833	979
834	1073
834	1156
835	939
835	1156
835	1224
836	1105
837	1005
837	1020
837	1031
840	863
840	914
842	857
842	901
842	1257
843	1152
843	1180
845	915
845	954
845	1004
847	1020
848	938
849	888
849	1118
849	1206
850	1079
850	1226
850	1231
851	1020
852	1076
853	952
853	1091
854	1050
855	1149
858	1196
858	1225
858	1231
859	1182
860	1103
860	1148
862	1278
863	1030
864	886
864	919
864	984
864	1056
865	928
865	975
867	940
869	871
871	1038
871	1288
873	929
873	954
873	1005
873	1265
875	918
875	940
875	1002
875	1244
876	1177
876	1218
878	990
878	1279
879	913
879	934
879	967
879	1026
880	1205
881	928
881	957
882	936
882	1120
883	1272
884	995
884	1254
886	1066
886	1138
888	1001
888	1212
889	953
890	1252
891	967
892	938
893	980
893	1256
894	1084
894	1181
895	1114
895	1157
895	1192
896	917
897	1133
897	1215
898	970
899	1164
901	1026
901	1250
902	923
903	1254
906	1077
906	1121
906	1223
909	1105
909	1161
910	1242
911	925
911	973
911	1223
911	1227
913	1062
913	1169
913	1170
915	1071
915	1170
916	983
916	995
916	1050
916	1134
916	1144
917	1227
918	1071
918	1244
921	1047
922	994
922	1051
924	946
924	1031
924	1106
925	952
927	965
927	1150
929	1056
929	1073
929	1265
931	962
931	974
931	1180
931	1223
932	1106
932	1207
933	1297
934	939
937	1016
938	1244
940	995
940	1031
941	1229
943	1181
943	1203
946	983
946	1117
947	1021
947	1060
947	1211
948	961
948	1129
948	1248
950	1170
951	953
952	959
953	1293
954	1186
954	1224
956	1247
958	982
958	1188
958	1191
958	1228
959	976
960	1011
960	1037
960	1219
962	1260
964	1032
964	1184
964	1294
965	1198
967	1234
967	1243
967	1298
968	1163
968	1190
968	1206
969	1218
969	1238
970	1248
972	1104
972	1162
974	1134
975	1114
977	1007
977	1207
978	1021
978	1107
979	1177
980	1027
984	1050
984	1247
985	1206
987	1205
987	1249
989	1148
991	1143
991	1144
992	1073
992	1144
992	1253
993	1122
993	1178
995	1066
995	1105
996	1008
996	1092
998	1205
998	1241
999	1076
1000	1174
1001	1116
1004	1205
1005	1075
1005	1258
1006	1070
1007	1174
1009	1248
1010	1185
1010	1216
1012	1083
1013	1124
1013	1144
1014	1089
1015	1160
1015	1235
1016	1206
1017	1279
1019	1112
1019	1234
1020	1042
1020	1095
1020	1098
1020	1285
1021	1132
1023	1137
1025	1086
1026	1232
1028	1181
1029	1077
1029	1206
1030	1235
1031	1052
1033	1118
1036	1092
1036	1285
1037	1274
1038	1204
1039	1085
1039	1150
1039	1244
1040	1265
1042	1189
1044	1057
1044	1218
1046	1062
1047	1159
1047	1278
1054	1202
1054	1205
1055	1059
1055	1088
1055	1177
1059	1256
1059	1297
1060	1262
1065	1220
1067	1113
1068	1121
1069	1145
1072	1099
1073	1280
1074	1227
1075	1239
1077	1152
1078	1113
1080	1262
1080	1290
1081	1087
1081	1138
1083	1129
1083	1166
1085	1226
1090	1176
1094	1183
1096	1215
1098	1177
1099	1148
1099	1193
1099	1200
1101	1177
1101	1191
1101	1227
1102	1293
1103	1202
1103	1273
1106	1113
1107	1143
1107	1263
1108	1275
1109	1224
1109	1283
1114	1134
1116	1162
1119	1121
1120	1123
1121	1185
1121	1260
1124	1279
1125	1152
1130	1251
1131	1141
1132	1233
1138	1184
1144	1269
1147	1215
1148	1257
1149	1170
1149	1279
1153	1190
1156	1168
1158	1222
1161	1172
1164	1195
1165	1293
1166	1285
1168	1275
1170	1247
1174	1197
1179	1252
1179	1292
1181	1281
1184	1225
1184	1231
1185	1287
1187	1284
1193	1279
1196	1293
1197	1206
1197	1243
1201	1227
1206	1259
1208	1250
1210	1272
1214	1286
1217	1228
1218	1227
1218	1258
1222	1260
1225	1244
1232	1269
1233	1244
1240	1262
1244	1292
1245	1268
1245	1284
1246	1262
1248	1255
1250	1283
1263	1269
1269	1298
1274	1287