0	50
0	507
0	679
0	1036
0	1236
0	1263
1	290
1	431
1	981
1	1292
2	173
2	663
3	15
3	740
3	806
3	1043
4	517
4	735
4	947
4	1115
5	271
5	324
5	706
5	1101
5	1243
6	255
6	494
7	214
7	501
8	712
8	1273
9	209
9	989
9	1039
9	1217
10	343
10	828
10	1179
11	652
11	1107
11	1123
12	641
12	1174
13	87
13	562
13	589
14	260
14	602
14	776
14	942
14	1094
14	1201
15	123
15	909
16	243
16	300
16	587
16	686
16	1031
17	71
17	457
17	978
17	1283
18	154
18	975
18	1124
19	102
19	228
19	345
19	444
20	315
20	532
20	1020
20	1054
20	1277
21	50
21	84
21	490
21	541
21	603
21	937
22	251
22	258
22	344
22	491
22	881
22	901
22	1014
23	891
24	134
24	360
24	459
24	483
24	571
25	323
25	464
25	1024
26	36
26	258
26	815
26	1046
27	38
27	253
27	261
27	486
27	1164
28	523
28	728
28	800
28	1161
28	1175
29	71
29	520
30	59
30	610
30	1112
30	1218
31	199
31	1156
31	1182
32	39
32	180
32	244
32	305
32	331
32	605
32	783
32	803
32	962
32	1204
32	1260
33	105
33	163
33	422
33	868
34	500
34	569
34	890
34	941
34	1020
35	149
35	196
35	318
35	689
35	1275
36	173
36	394
36	732
36	1069
36	1077
37	583
38	291
38	640
39	113
39	458
39	724
39	856
39	1009
39	1024
39	1250
40	95
40	304
40	457
40	1093
40	1150
41	918
42	94
42	842
42	903
42	967
42	982
43	330
43	348
43	520
43	695
44	234
44	282
44	322
44	476
44	539
44	541
44	660
45	57
45	165
45	197
45	355
45	386
45	898
45	931
45	1039
45	1075
46	253
46	530
46	931
46	1075
46	1106
47	50
47	445
47	834
47	1077
48	129
48	146
48	624
48	647
48	669
48	1094
49	273
49	390
49	687
50	546
50	748
50	768
50	952
50	1034
50	1146
51	682
51	886
52	69
52	308
52	787
53	492
53	497
53	506
53	998
53	1032
53	1162
54	760
54	1080
54	1222
55	119
55	177
55	1285
55	1293
56	393
56	497
56	590
56	677
57	702
57	863
57	1076
57	1271
58	163
58	286
58	635
58	829
58	999
59	386
59	1147
60	122
60	306
60	408
60	461
60	532
60	576
60	695
61	181
61	885
61	954
62	658
62	807
63	589
63	770
63	877
63	1079
64	214
64	323
64	1120
65	611
65	645
65	700
65	1184
66	173
66	300
66	326
66	556
67	530
67	748
68	184
68	491
68	528
68	715
68	835
68	964
68	1233
68	1294
69	555
69	1222
70	106
70	185
70	369
70	648
70	684
70	1279
71	120
71	751
71	798
71	935
71	1199
72	83
73	104
73	269
73	739
73	909
74	307
74	705
75	1058
76	280
77	877
77	959
78	280
78	1296
79	277
79	1233
79	1272
80	187
80	295
80	439
80	633
81	156
82	494
82	554
82	656
82	832
82	1065
83	246
84	255
84	804
84	1233
85	545
85	767
85	814
85	871
85	1175
86	212
86	442
86	562
87	179
87	578
87	702
87	985
87	1206
87	1255
88	297
88	637
88	770
88	854
88	996
89	324
89	502
89	609
90	364
90	990
90	1095
91	453
91	846
91	877
92	407
92	461
92	581
92	862
92	915
92	1150
92	1224
93	176
93	734
94	397
94	618
95	1292
96	116
96	477
96	1148
97	977
97	1258
98	561
98	613
98	729
98	862
99	718
99	742
99	764
99	847
99	1085
99	1172
100	253
100	574
100	620
100	790
100	1141
100	1268
101	528
101	663
101	772
101	1260
101	1268
102	325
102	413
102	665
103	185
103	586
103	1189
104	173
104	819
104	1067
104	1218
105	162
105	483
105	510
105	648
105	1289
106	312
106	571
106	1288
106	1294
107	163
107	542
107	755
107	798
107	847
107	864
107	933
108	138
109	280
109	284
109	603
109	1229
110	123
110	162
110	170
110	245
110	577
110	913
110	1060
111	735
111	784
112	366
112	507
112	759
112	791
112	853
113	207
113	245
113	334
113	932
114	194
114	1121
115	387
115	576
116	1120
116	1127
116	1256
116	1259
117	134
117	374
117	594
117	782
117	870
117	1133
117	1189
118	748
119	430
119	754
119	1032
119	1231
119	1280
121	213
121	916
121	1179
122	203
122	836
123	320
123	688
124	246
124	496
124	674
124	732
124	1096
124	1274
125	470
125	766
125	1000
126	194
126	611
126	664
126	1011
126	1070
126	1219
127	408
127	1072
127	1156
128	288
128	318
128	364
128	555
128	582
128	648
128	1100
128	1163
129	282
129	397
129	746
129	962
129	1030
129	1130
129	1209
130	580
130	726
130	771
131	625
131	869
131	1109
132	435
132	719
132	961
132	1129
132	1268
133	589
134	400
134	402
134	510
134	849
135	562
135	630
135	995
136	1177
137	914
137	1010
137	1134
138	372
138	1239
139	347
139	353
139	777
139	1288
140	659
140	850
140	927
141	444
141	752
141	918
142	431
142	535
142	667
142	1299
143	552
143	1280
144	231
144	245
144	288
144	508
145	431
145	474
145	1033
145	1142
145	1148
146	267
146	730
146	904
146	946
146	1009
147	234
147	323
147	401
147	429
147	534
147	1041
147	1246
147	1286
148	341
148	388
148	572
148	863
149	406
149	482
149	582
149	662
150	1205
150	1277
151	377
151	544
151	1207
152	564
152	667
152	1032
153	514
153	794
154	214
154	467
154	470
154	529
155	555
155	614
155	690
155	871
155	994
155	1086
155	1258
156	452
156	549
156	912
157	191
157	431
157	468
157	642
157	748
157	1206
158	230
158	398
158	819
159	637
159	711
159	829
159	1032
160	670
160	894
161	413
161	492
161	591
161	914
161	1088
161	1212
162	756
162	1009
162	1145
163	339
163	653
163	1020
163	1030
164	201
164	255
164	462
164	507
164	877
164	923
164	1125
165	221
165	892
165	1042
166	449
166	1116
166	1281
166	1297
167	437
167	933
167	985
168	188
168	336
168	346
168	466
168	639
168	927
169	222
169	1040
169	1099
169	1112
170	264
170	442
170	485
170	536
170	608
170	897
171	264
171	475
171	700
171	822
172	511
172	850
173	414
173	516
173	1002
174	448
174	668
174	1152
175	405
176	930
176	999
177	595
177	984
178	268
178	597
178	752
178	867
178	1215
178	1254
179	1076
180	305
180	966
181	187
181	200
181	287
181	450
181	517
181	579
181	694
181	1161
181	1221
182	748
182	1210
182	1220
183	362
183	1101
184	318
185	352
185	595
185	653
185	1033
185	1065
186	497
186	770
186	985
186	1036
187	858
187	919
187	1014
187	1021
187	1224
188	799
189	367
189	597
189	662
189	718
189	743
190	258
190	537
190	777
190	852
191	252
191	426
191	505
191	561
191	827
192	298
192	322
192	407
192	542
192	623
192	660
192	1133
193	423
193	915
193	1095
194	702
194	795
194	936
194	1186
195	462
195	892
195	989
195	1055
195	1088
195	1234
196	749
197	842
197	1176
198	364
198	819
198	1243
198	1247
199	261
199	458
199	536
199	778
199	801
199	1014
199	1071
200	322
200	701
201	224
201	446
201	1009
202	921
202	1020
202	1234
203	347
203	1263
204	598
204	1034
204	1135
204	1241
205	867
205	1157
206	684
206	1080
206	1154
206	1265
206	1289
207	424
207	757
207	857
207	879
208	826
208	894
208	1099
208	1157
209	317
209	660
209	703
209	1133
209	1276
210	875
210	881
211	786
211	999
211	1090
212	308
212	495
212	806
212	1011
212	1128
212	1173
213	875
213	1132
214	300
214	499
215	242
215	934
216	474
216	612
216	850
216	943
216	1014
217	286
217	495
217	540
217	982
217	1020
217	1084
218	600
218	1219
219	300
219	647
219	814
220	311
220	1168
221	764
221	1221
222	566
222	672
222	1022
223	241
223	949
223	972
223	1057
224	281
224	821
224	999
224	1038
224	1042
224	1142
224	1159
225	417
225	515
225	569
225	782
225	870
225	962
225	1127
226	301
226	587
226	800
226	851
227	233
227	1035
227	1168
227	1184
228	514
228	540
228	641
228	807
228	880
228	1111
228	1280
229	488
229	1043
229	1144
229	1290
230	370
230	676
230	1062
230	1198
230	1228
231	705
231	827
231	981
232	1207
232	1282
233	608
233	798
233	964
233	1117
233	1213
234	307
234	328
234	538
234	923
234	1187
235	535
235	670
235	983
235	1122
236	455
236	1024
236	1039
237	444
237	1097
237	1253
238	261
238	446
238	925
238	1211
238	1226
239	465
239	633
239	809
239	819
240	587
240	621
240	796
240	1222
241	505
241	824
241	1260
242	565
242	588
242	747
243	394
243	538
243	693
243	714
243	1245
244	374
245	580
245	862
246	332
246	590
246	971
246	1046
247	459
247	805
247	1197
248	362
248	603
248	1046
249	688
249	701
249	915
249	952
250	396
250	474
250	522
250	883
250	910
250	989
250	1097
251	399
251	427
251	672
251	1008
252	824
252	1123
253	748
253	792
253	978
254	455
254	571
254	1158
255	1265
256	451
256	600
256	1063
257	260
257	765
258	315
258	374
258	797
259	473
259	940
259	1002
259	1235
259	1241
260	523
260	602
260	875
260	891
261	353
261	826
262	504
262	939
262	1064
262	1087
263	1169
264	989
264	1269
265	495
266	587
266	1269
267	585
267	807
267	993
268	405
268	1211
269	599
269	816
269	1219
270	332
270	360
270	608
270	851
271	914
271	1249
271	1288
272	1089
272	1298
273	556
273	567
273	614
273	711
274	623
274	952
275	573
275	707
275	1286
276	545
276	715
276	987
276	1156
277	693
277	1145
278	682
278	1047
279	435
279	661
279	869
279	1025
279	1172
280	666
280	1298
281	573
281	1278
282	474
282	651
282	708
282	775
283	351
283	911
283	995
284	527
284	539
284	941
284	999
284	1132
284	1288
285	332
285	595
285	688
285	689
285	749
285	835
285	1124
285	1138
286	906
287	452
287	476
287	919
288	494
288	731
289	325
289	1182
290	292
290	336
290	424
290	506
290	701
290	835
290	1132
291	446
291	466
291	756
291	1093
292	356
292	843
292	1005
292	1035
292	1158
293	653
293	786
293	938
294	364
294	629
294	727
294	953
294	1074
294	1178
295	529
295	1040
295	1082
296	333
297	665
297	670
297	1008
298	319
298	415
298	752
298	940
299	323
299	436
299	662
299	948
299	1184
300	412
300	480
300	891
300	1086
300	1299
301	501
301	732
301	940
302	809
302	862
303	997
304	697
304	918
304	1250
305	434
305	904
305	910
306	962
306	1006
307	460
307	718
307	994
307	1022
308	325
308	403
309	1033
309	1239
310	879
310	1275
311	644
312	1061
313	538
313	561
313	1100
313	1193
313	1217
314	320
314	332
314	452
314	476
314	502
314	684
315	408
315	497
315	738
315	780
315	1272
316	515
316	581
316	587
316	1260
317	823
318	705
318	857
318	1160
318	1206
319	571
319	903
319	1231
320	779
320	1226
320	1266
321	803
321	926
321	986
322	331
322	565
322	838
322	1057
324	372
324	484
324	601
324	945
324	1085
324	1179
325	448
325	489
325	625
325	723
325	732
325	794
325	926
325	1050
325	1230
326	962
326	1139
327	500
327	532
327	962
328	591
328	1237
328	1269
329	1222
330	343
330	758
330	1218
331	939
332	640
332	657
333	517
334	414
334	720
335	1203
335	1234
336	365
336	612
336	842
336	1010
336	1210
337	687
337	801
337	1221
338	601
338	899
338	1257
339	661
340	652
340	908
340	1299
341	400
341	724
341	917
341	957
341	1195
342	976
343	876
344	659
344	784
344	842
344	868
345	620
345	675
345	796
345	1070
345	1154
345	1178
346	448
347	1204
347	1255
348	510
348	1001
348	1287
349	419
349	704
349	728
349	957
350	536
350	548
350	678
350	848
350	958
350	1082
351	649
351	848
353	451
353	924
353	1187
353	1233
354	704
354	979
354	1151
355	383
355	849
355	978
355	1084
356	514
356	534
356	582
356	1002
357	454
357	713
357	1237
357	1256
358	521
358	593
358	817
358	1008
359	537
359	709
359	710
359	935
359	1082
359	1087
360	561
360	850
360	935
360	1124
360	1206
361	948
361	1122
361	1270
362	1004
363	650
363	810
363	936
363	1187
363	1217
364	618
364	722
364	982
364	1011
365	403
365	714
365	879
365	1047
366	662
366	912
366	1097
366	1100
366	1104
367	838
367	1060
368	479
368	800
369	709
369	1030
369	1123
370	905
371	549
371	1029
371	1274
372	391
373	377
373	1003
374	1067
375	558
375	1062
376	635
377	766
377	1074
378	887
379	1277
380	642
380	945
380	1174
381	746
381	831
382	465
382	798
382	1092
383	661
383	1154
383	1196
383	1238
384	831
385	653
385	687
385	1044
385	1109
386	662
386	806
386	1203
386	1204
387	390
387	638
387	854
387	955
387	960
387	1033
387	1039
388	883
388	991
388	1004
388	1010
388	1066
389	447
389	791
389	798
389	956
390	433
390	454
390	744
391	418
391	431
391	485
391	742
391	786
391	866
391	907
391	1013
391	1214
392	405
392	937
392	975
392	1031
392	1036
393	451
393	513
393	566
395	430
395	622
396	508
396	1071
397	1101
397	1187
398	1288
399	819
400	484
400	655
400	987
400	1140
400	1260
401	554
401	728
401	915
401	1062
402	513
402	686
403	438
403	470
403	653
403	931
403	1228
404	545
405	420
405	1065
405	1250
406	425
406	701
406	1025
407	490
407	799
407	870
407	872
408	734
408	1091
409	452
410	743
410	1133
410	1160
411	671
411	854
412	734
412	929
413	414
413	464
413	528
413	603
413	710
413	891
414	498
414	1150
414	1283
415	539
415	1039
416	538
416	1295
417	926
418	796
418	1058
419	1209
421	689
422	524
422	748
422	1247
423	531
423	649
425	509
425	688
425	922
425	1016
425	1040
426	1047
427	693
427	1028
427	1077
427	1156
428	920
428	1093
429	658
429	729
429	1037
429	1120
429	1129
430	437
431	940
431	1179
431	1180
431	1187
432	487
432	615
432	695
432	928
433	767
433	889
433	941
433	1020
435	1145
435	1277
436	559
437	520
437	552
437	585
438	1036
439	912
440	1199
440	1202
441	443
441	635
441	880
441	968
442	869
442	1039
443	1018
443	1106
444	663
445	1221
446	470
446	496
446	855
446	1236
447	652
447	874
447	1088
447	1293
448	569
448	917
448	1128
449	1191
449	1261
450	1054
450	1207
450	1227
450	1261
451	822
451	931
452	489
453	549
453	697
453	794
453	842
453	900
453	1118
454	594
454	618
454	823
454	951
455	705
455	750
456	961
457	459
457	960
457	1038
457	1231
458	1191
458	1297
459	826
459	856
459	1036
459	1092
459	1125
460	528
460	633
460	896
460	1286
461	826
461	1078
461	1163
461	1222
461	1266
462	1187
463	652
463	1073
463	1134
464	697
464	1027
465	519
465	889
465	1007
465	1020
465	1283
466	1143
466	1168
467	649
467	687
467	786
468	521
468	963
469	595
469	781
469	1073
469	1179
469	1209
470	753
470	1177
471	476
471	982
471	1000
471	1154
471	1183
472	563
472	764
472	827
472	977
472	1256
473	596
473	737
473	1001
473	1165
474	530
474	1200
475	489
475	946
475	1076
475	1117
475	1216
476	689
476	932
476	1079
476	1105
476	1134
477	528
477	970
477	1014
478	544
478	1109
479	1030
480	1072
481	915
482	664
482	669
482	1047
482	1289
483	599
483	622
483	768
483	806
483	919
483	1272
484	721
484	931
484	1049
484	1109
484	1119
484	1124
485	1295
486	1046
487	719
487	1245
488	723
488	1076
489	522
489	810
489	1289
489	1294
490	882
491	516
491	647
491	982
491	1276
492	845
493	658
494	567
494	868
494	1212
495	1295
496	740
496	873
496	1052
496	1273
497	501
498	549
498	661
498	687
498	712
498	775
498	1055
498	1148
499	901
500	502
500	840
500	1192
501	568
501	646
501	776
501	834
502	641
502	1218
503	559
503	697
503	767
503	915
503	1071
506	579
506	825
506	953
507	564
507	702
507	718
507	856
508	869
508	1088
509	1004
510	620
510	705
510	868
510	1172
510	1197
511	1236
512	900
513	1187
514	735
514	859
514	1208
515	550
515	623
515	860
515	923
515	1106
516	772
516	1114
517	590
517	1229
518	544
519	699
519	966
519	993
521	824
521	1155
523	781
523	972
523	1245
524	651
524	1157
524	1173
524	1264
525	565
525	802
525	992
526	680
527	676
527	739
527	842
528	623
528	977
528	1084
531	626
531	1238
532	620
532	903
533	970
533	980
533	1038
533	1064
533	1172
534	754
534	967
535	818
535	1060
536	666
536	814
536	862
536	875
536	1142
537	1108
538	587
538	594
538	653
538	1299
539	984
539	1272
540	941
541	955
541	959
541	1141
542	583
542	771
542	1158
543	567
543	1016
543	1205
544	814
544	870
544	943
544	1214
544	1252
545	652
545	712
546	704
546	757
546	775
546	791
546	1072
546	1180
547	1011
548	765
548	813
549	857
549	998
549	1242
549	1264
550	604
550	610
550	659
550	895
550	970
550	994
550	1060
551	1086
552	627
552	856
553	594
553	605
553	1134
553	1163
553	1284
554	589
554	1015
555	814
555	1079
556	969
556	984
556	1283
557	929
558	1151
558	1153
559	905
560	1188
560	1276
561	840
561	897
561	918
561	1195
562	592
562	701
562	1235
565	945
565	1277
566	762
566	1145
566	1158
567	876
567	1015
567	1080
568	651
568	684
568	769
568	884
568	989
568	1014
568	1150
568	1291
569	701
569	711
570	777
570	865
571	994
572	1072
574	793
575	614
575	787
575	927
575	1292
576	592
576	1011
576	1133
577	939
577	1158
578	800
578	1262
579	797
579	1033
579	1299
580	583
580	714
580	1280
581	582
583	831
583	1280
584	657
585	713
585	1029
585	1203
586	739
586	1190
587	1288
590	595
590	1020
590	1134
590	1223
590	1259
591	877
592	1003
593	600
593	681
593	936
593	982
594	611
594	995
594	1242
595	846
596	611
596	1205
597	878
597	926
597	1032
598	604
598	1264
599	718
599	948
600	1116
600	1135
602	679
602	696
602	774
603	635
603	686
603	884
603	992
604	1131
605	740
606	666
606	1151
607	622
607	704
607	747
608	711
608	1190
609	1139
609	1172
609	1175
611	672
611	730
612	878
612	966
612	1151
613	977
614	1183
616	846
616	973
617	833
617	852
617	977
618	1167
618	1289
619	759
619	821
619	1061
620	1161
621	670
622	854
622	1166
622	1193
623	626
623	896
624	831
625	965
625	1144
627	889
627	926
627	1048
627	1049
628	643
628	1000
628	1244
629	1101
630	664
630	826
630	1184
631	983
631	1003
631	1007
632	825
632	971
633	726
633	784
633	973
633	1072
633	1228
633	1237
634	662
634	668
634	1057
635	731
635	1050
636	713
636	859
636	1033
636	1074
636	1271
637	948
638	646
638	669
638	787
638	853
640	823
640	1114
640	1185
640	1251
641	777
641	1037
641	1234
641	1275
642	651
642	768
642	834
643	649
643	762
643	1056
643	1057
643	1189
644	654
644	696
644	1063
646	1093
646	1195
646	1299
647	994
647	1283
648	735
648	1114
648	1216
649	680
649	786
649	952
650	756
651	884
651	1005
651	1114
652	889
652	913
653	748
653	1297
654	683
654	785
654	943
654	1166
655	667
655	841
655	1024
657	813
657	830
657	1165
658	778
658	1005
658	1287
659	750
659	911
659	1046
659	1112
661	1106
661	1107
661	1217
662	711
662	914
662	985
663	668
663	769
663	872
663	877
663	1146
665	854
665	1114
666	737
666	1261
667	700
667	784
668	703
668	920
669	727
669	1294
670	835
670	1132
671	971
671	1041
673	884
673	1101
674	902
676	926
676	1083
677	964
677	1145
678	979
679	866
679	1160
680	1267
681	689
681	1018
681	1115
682	745
682	924
682	1117
683	786
683	855
684	688
685	1049
686	867
686	1017
688	794
688	977
688	994
688	1100
688	1161
688	1297
689	831
691	707
691	840
691	1222
692	899
692	977
692	1243
692	1271
693	973
693	1015
693	1063
693	1270
694	1015
695	698
695	713
695	899
695	1279
696	1137
697	713
697	845
697	854
697	1067
697	1143
697	1195
699	882
699	1106
700	842
700	916
700	1068
701	786
701	1058
701	1182
702	1012
703	860
704	1085
704	1111
705	751
705	979
705	1289
706	929
707	890
707	1134
709	860
710	731
710	890
710	1113
711	733
711	1058
711	1136
712	977
712	1064
714	763
714	771
714	1087
714	1107
714	1128
715	921
715	985
715	1060
716	1110
716	1114
717	965
717	1020
718	722
719	813
720	1137
720	1161
721	1084
721	1177
723	931
723	997
723	1237
724	974
724	1149
725	1049
725	1271
726	1099
727	802
727	970
727	1049
727	1092
727	1199
728	872
728	1140
729	893
729	1051
730	755
730	784
730	1151
731	879
731	973
731	1059
731	1250
732	959
732	982
732	1113
732	1190
732	1213
732	1275
734	970
735	998
735	1000
735	1022
735	1096
735	1177
735	1243
736	899
736	1137
737	1085
737	1271
738	754
739	862
739	1077
739	1238
739	1253
740	827
740	888
741	760
741	799
741	889
742	1261
743	873
745	897
745	1089
745	1288
746	766
746	1137
746	1183
746	1260
747	918
747	1119
747	1147
747	1157
748	1085
748	1209
748	1210
748	1242
749	813
749	1175
750	1090
750	1249
751	843
751	1094
751	1175
751	1265
752	797
752	1098
753	841
753	1204
753	1207
754	1105
754	1236
755	1122
756	861
758	872
758	1094
759	1076
759	1081
759	1184
761	810
761	813
765	981
765	1245
766	1179
767	1192
767	1261
767	1263
768	913
768	1061
768	1072
771	915
771	942
771	1216
772	804
773	979
773	1080
776	878
776	1124
777	920
777	1142
778	1139
779	954
780	853
781	904
781	971
781	1036
781	1045
781	1221
782	1032
782	1220
782	1277
783	800
783	851
784	963
785	806
785	1138
785	1267
786	1219
787	803
787	850
788	789
788	896
788	1190
789	945
790	1239
791	806
791	1115
792	890
792	932
792	1021
792	1102
793	951
793	1028
793	1191
793	1234
794	1110
794	1192
795	1299
796	982
796	1216
796	1246
797	807
799	1183
799	1233
800	953
801	1130
804	1280
805	881
806	1055
807	843
807	960
807	988
808	1072
809	1195
809	1207
810	1214
811	910
812	965
812	1137
812	1177
812	1191
815	929
815	1211
816	1077
817	871
818	979
819	821
820	833
820	942
821	1191
823	1264
824	852
824	1070
825	1015
825	1044
825	1074
826	1068
827	883
827	946
829	1087
831	912
832	992
833	1229
833	1242
834	921
834	1231
835	964
835	1087
836	887
836	906
836	951
837	961
838	841
839	953
841	1142
841	1153
841	1163
842	953
843	926
843	1057
844	849
844	948
844	1010
844	1193
844	1238
845	876
848	1123
849	1232
852	1099
852	1279
853	1188
855	932
855	944
855	1104
856	1024
856	1079
857	918
857	1279
859	874
859	1159
860	917
860	918
861	1050
865	910
865	1039
865	1082
865	1212
867	939
867	1270
869	906
869	933
870	992
871	1015
871	1257
874	981
874	1043
875	1265
877	1245
878	1076
878	1202
879	1049
879	1184
879	1291
880	1048
880	1082
881	1191
881	1269
882	1264
883	1242
884	1026
884	1082
884	1121
884	1160
885	1119
885	1291
888	963
888	1010
888	1179
890	953
891	1271
892	913
892	1006
892	1011
892	1220
893	1041
893	1131
895	1071
896	1272
897	1214
898	911
898	951
898	1036
899	905
899	1105
900	1149
900	1282
901	944
901	989
901	1095
901	1296
903	1228
903	1245
904	1005
904	1206
904	1267
905	1124
905	1142
906	1122
906	1151
906	1258
908	1153
908	1203
909	1160
913	1138
914	987
914	1086
914	1232
916	926
916	1001
916	1221
918	929
918	956
918	1164
921	1190
922	1057
923	936
923	1172
924	944
925	1102
925	1128
926	972
927	950
927	1138
927	1226
929	1229
931	937
932	1134
933	1254
935	943
936	948
936	1082
936	1253
938	1288
940	963
940	1216
941	1049
942	1208
943	1189
943	1191
944	1003
946	956
946	1202
949	1016
949	1186
950	1061
951	1115
953	1224
957	962
957	1126
958	1028
959	973
960	1182
960	1288
963	1105
963	1232
964	1177
965	1095
965	1189
965	1242
966	1134
967	1004
968	971
968	1078
969	1149
970	1114
970	1146
971	1091
972	1169
973	993
973	1039
973	1054
973	1148
974	1291
976	1105
976	1197
976	1277
979	1207
981	1239
981	1248
983	1075
984	1113
985	1120
988	1233
989	1081
990	1076
992	1214
993	1192
993	1225
994	1151
995	1254
995	1270
996	1252
997	1044
999	1149
1001	1009
1001	1035
1004	1010
1004	1224
1006	1229
1006	1275
1007	1024
1007	1113
1008	1071
1008	1222
1009	1217
1009	1276
1010	1057
1012	1142
1012	1229
1012	1264
1013	1024
1014	1037
1017	1252
1019	1058
1019	1061
1020	1097
1020	1234
1022	1212
1023	1048
1025	1085
1025	1246
1027	1051
1027	1097
1029	1169
1029	1213
1029	1276
1030	1150
1033	1054
1034	1080
1034	1104
1035	1246
1036	1079
1036	1169
1037	1135
1037	1243
1039	1298
1040	1170
1040	1296
1041	1119
1042	1190
1042	1243
1043	1176
1044	1053
1048	1225
1049	1270
1049	1294
1052	1080
1060	1212
1062	1211
1068	1199
1068	1267
1068	1289
1069	1111
1069	1114
1069	1157
1070	1218
1071	1087
1074	1122
1077	1100
1079	1127
1081	1146
1085	1106
1086	1242
1089	1248
1090	1213
1091	1243
1095	1220
1096	1185
1097	1261
1098	1157
1099	1160
1102	1233
1103	1159
1107	1256
1110	1215
1110	1264
1115	1128
1118	1138
1119	1230
1121	1137
1123	1270
1125	1217
1126	1161
1129	1181
1134	1175
1134	1226
1134	1230
1137	1152
1137	1171
1137	1174
1137	1206
1137	1239
1137	1266
1138	1150
1139	1213
1139	1295
1141	1149
1149	1278
1150	1202
1155	1202
1155	1232
1156	1164
1156	1201
1159	1277
1161	1259
1163	1177
1173	1199
1177	1203
1177	1270
1178	1206
1178	1263
1178	1272
1179	1241
1179	1252
1180	1217
1181	1217
1184	1280
1186	1221
1190	1294
1192	1237
1193	1254
1194	1267
1195	1244
1197	1257
1200	1204
1202	1272
1203	1281
1205	1265
1206	1230
1208	1282
1210	1224
1211	1221
1216	1279
1217	1232
1217	1251
1220	1257
1226	1261
1228	1272
1234	1267
1235	1240
1242	1291
1263	1275
1263	1298
1281	1284