0	470
0	972
1	160
1	399
1	902
1	1719
2	56
2	172
2	235
2	1158
3	283
3	682
3	882
3	1004
3	1557
4	9
4	52
4	1157
5	251
6	373
6	583
6	679
6	924
6	999
7	380
7	883
7	1489
7	1598
8	890
9	215
9	490
9	781
9	1376
9	1607
10	816
10	878
10	1061
10	1192
10	1737
11	86
11	464
11	624
11	832
11	895
11	1787
12	619
12	1315
12	1319
13	677
13	806
13	823
13	1211
13	1605
14	93
14	324
14	1259
14	1744
14	1771
15	807
15	1153
15	1208
15	1373
15	1400
15	1534
16	810
16	955
16	978
16	1222
16	1360
17	115
17	919
17	1038
17	1722
18	601
18	1276
18	1681
19	156
19	946
19	1541
20	657
20	838
20	1247
20	1305
21	195
21	1275
21	1543
22	209
22	832
22	1577
23	773
23	859
23	1509
24	646
24	1158
24	1796
25	1029
26	1338
26	1381
27	58
27	84
27	195
27	1426
27	1645
28	242
28	253
28	520
28	640
28	694
28	705
28	973
29	916
29	1285
30	201
30	1056
30	1308
30	1466
31	548
31	1028
31	1540
31	1711
32	875
33	44
33	1168
34	964
34	1066
34	1201
34	1272
35	1257
35	1369
35	1386
35	1434
35	1503
35	1516
36	817
36	1009
37	90
37	1007
37	1090
37	1639
37	1730
38	100
38	281
38	345
38	356
38	734
38	1029
38	1126
38	1411
39	340
39	407
39	637
39	1002
39	1228
39	1554
40	783
40	1584
41	524
41	1013
42	381
42	390
42	433
42	573
42	669
42	949
42	972
42	1093
42	1377
42	1403
42	1701
43	956
43	1134
43	1592
44	100
44	492
44	505
44	557
44	828
44	1623
44	1655
45	1296
45	1475
46	1451
47	382
47	872
47	1794
48	342
48	869
48	1058
48	1152
48	1456
49	170
49	314
49	1199
49	1599
49	1799
50	54
50	407
50	720
51	783
51	880
51	1098
53	64
53	1075
53	1267
53	1390
54	280
54	471
54	496
54	1109
54	1186
55	416
55	1177
56	114
56	1476
56	1528
57	867
57	972
57	988
57	1306
57	1487
58	1046
58	1340
59	513
59	639
59	660
59	1036
59	1247
59	1495
59	1732
59	1792
60	393
60	589
60	897
60	1136
60	1260
60	1277
61	115
61	672
61	905
61	1369
62	600
62	1089
62	1346
62	1785
63	325
63	333
63	409
63	518
63	1478
64	73
64	144
64	374
64	417
64	737
64	836
64	1095
64	1635
64	1767
65	239
65	386
65	587
65	682
65	941
65	1336
66	897
66	1188
66	1245
66	1422
66	1424
66	1444
67	1133
67	1342
68	373
68	460
68	868
68	1030
69	89
69	706
69	1018
70	1169
70	1603
71	338
71	484
71	488
71	685
71	726
71	1088
71	1642
72	820
72	1056
72	1583
73	805
73	818
73	1026
73	1179
73	1798
74	714
74	928
74	1080
75	309
75	922
75	1780
76	364
76	959
76	1133
77	415
77	1571
78	429
78	590
78	714
78	923
78	1206
78	1599
78	1797
79	836
79	1045
79	1070
79	1107
80	534
80	885
80	1002
80	1308
80	1597
80	1652
80	1791
81	336
81	613
81	1441
82	1737
83	213
83	371
83	976
83	1300
83	1315
83	1501
84	581
84	1288
84	1655
85	482
85	502
85	829
85	959
85	1015
85	1137
85	1271
85	1621
86	176
86	406
86	618
86	919
86	1008
86	1058
86	1162
86	1549
87	547
87	1077
88	93
88	284
88	503
88	1076
88	1234
88	1636
88	1752
88	1775
89	127
89	311
89	772
89	1661
90	651
90	1075
91	429
91	1397
91	1523
92	230
92	274
92	1138
92	1534
92	1785
93	143
93	336
93	1684
94	243
94	639
94	1201
95	336
95	561
95	1051
95	1129
95	1216
96	434
96	671
97	132
97	552
97	556
97	841
97	1123
98	165
98	1277
98	1755
98	1756
99	833
99	1368
100	141
100	539
100	893
100	1118
100	1208
100	1359
100	1798
101	380
101	889
101	930
101	1104
101	1458
101	1595
102	190
102	442
102	604
102	677
102	706
102	1069
102	1090
102	1399
103	539
103	1055
103	1078
103	1103
103	1269
103	1313
104	129
104	177
104	1095
104	1505
104	1664
104	1701
105	185
105	426
105	882
105	1252
105	1796
106	172
106	332
106	758
106	960
106	1004
106	1787
107	363
107	1534
107	1621
108	560
108	809
108	1676
108	1681
109	602
109	628
109	961
109	1175
110	286
110	311
110	807
110	1410
110	1776
111	584
111	990
111	1143
112	374
112	1282
113	169
113	635
113	1020
114	642
114	1074
114	1153
114	1453
114	1492
114	1745
115	321
115	1092
115	1108
115	1474
116	520
116	1127
117	1030
117	1055
117	1556
117	1595
118	1328
119	339
119	418
119	609
119	1002
120	131
120	939
120	1172
120	1199
120	1312
120	1646
120	1716
121	274
121	342
121	356
121	854
121	1150
121	1278
122	399
122	1178
122	1249
122	1553
123	447
123	854
123	1143
123	1731
124	316
124	420
124	763
124	908
124	1123
124	1766
125	147
125	297
125	725
125	975
125	1616
125	1698
126	319
126	950
126	1041
126	1140
127	176
127	260
127	472
127	757
128	961
129	194
129	1269
129	1678
130	184
130	452
130	1159
130	1358
130	1374
130	1499
131	562
131	810
131	908
131	1727
132	501
132	908
132	1120
132	1372
132	1682
133	197
133	530
133	743
133	1382
133	1717
134	1019
134	1248
134	1377
134	1451
135	561
135	1191
135	1436
135	1506
135	1716
135	1735
136	239
136	1315
136	1398
136	1636
137	583
137	654
137	711
137	769
137	1179
137	1798
138	794
138	1116
139	259
139	326
139	885
139	1214
140	290
140	433
140	468
140	1469
141	785
141	789
141	954
141	1015
141	1186
142	556
142	1359
142	1375
142	1487
143	291
143	1634
144	824
144	907
144	1526
145	193
145	1307
145	1415
145	1419
145	1490
146	729
147	251
147	343
147	649
147	709
147	713
147	1630
147	1705
148	494
148	766
148	945
148	947
148	1492
149	446
149	501
149	682
149	737
149	1321
149	1470
149	1636
150	263
150	1079
151	219
151	460
151	963
151	975
151	1615
151	1660
152	456
152	472
152	573
152	858
152	1103
152	1218
152	1766
153	564
153	836
153	1027
153	1769
154	796
154	1015
154	1063
154	1267
154	1384
155	375
155	1045
155	1426
155	1490
155	1565
155	1573
156	226
156	347
156	437
157	1274
157	1384
157	1492
158	299
158	369
158	458
158	609
158	1002
158	1791
159	220
159	632
159	980
159	1536
159	1612
160	1678
161	712
161	1050
161	1113
161	1204
161	1249
161	1710
162	718
162	821
163	394
163	468
163	892
163	1588
163	1655
164	204
165	1354
165	1388
165	1450
165	1485
166	1324
166	1511
166	1530
167	477
167	697
167	1038
167	1384
167	1734
168	506
168	776
168	918
168	1787
169	781
169	1388
169	1496
170	1291
170	1338
170	1517
171	1646
172	604
172	903
172	1104
172	1300
173	317
173	506
173	518
173	754
173	1373
174	685
174	717
174	1755
175	181
175	614
175	618
175	747
175	1157
176	1021
176	1322
176	1564
176	1744
176	1793
177	435
177	454
177	748
177	867
177	1428
177	1758
178	820
178	899
179	252
179	1202
179	1350
179	1779
180	548
180	763
180	782
180	975
180	1094
180	1246
181	644
181	1483
181	1703
182	268
182	399
182	1085
182	1209
182	1384
183	401
183	546
183	807
183	1524
183	1538
184	270
184	1485
184	1569
184	1631
184	1750
185	271
185	300
185	659
185	858
185	1022
185	1306
185	1399
185	1426
185	1510
185	1527
186	680
186	806
187	580
187	714
187	769
187	1119
187	1646
188	711
189	1297
189	1370
189	1515
189	1550
189	1774
190	1308
190	1556
190	1681
191	220
191	387
191	621
191	1338
192	614
192	617
192	1401
192	1717
193	218
193	324
193	628
193	706
193	1186
193	1359
193	1435
193	1676
194	1612
195	1026
195	1255
195	1448
196	296
196	443
196	827
196	994
196	1166
196	1297
196	1341
196	1346
196	1522
196	1635
197	381
197	1756
198	206
198	655
198	754
198	859
198	882
198	1196
198	1646
199	335
199	797
199	838
199	1154
199	1665
199	1701
200	565
200	920
200	1014
201	440
201	471
201	496
201	795
201	972
201	1091
201	1150
201	1307
202	386
202	387
202	511
202	654
202	1208
203	456
203	458
203	1439
204	1660
205	233
205	391
205	1200
205	1737
206	732
206	837
206	899
206	994
206	1104
206	1152
206	1333
206	1362
206	1650
207	860
207	891
207	1160
208	251
208	396
208	556
208	655
208	885
208	1136
208	1569
209	507
209	640
209	980
209	1209
209	1232
210	442
210	1114
210	1206
210	1318
210	1751
211	228
211	462
211	668
211	903
211	912
211	1113
211	1455
211	1671
211	1783
211	1799
212	315
212	365
212	394
212	450
212	624
212	654
213	1413
214	767
214	803
215	238
215	1309
215	1509
215	1741
216	400
216	580
216	745
216	1391
216	1489
216	1563
217	1167
217	1425
218	344
218	640
218	861
218	933
219	522
219	674
219	1246
220	437
220	1503
220	1509
220	1754
221	323
221	444
221	845
221	897
221	923
221	1410
221	1565
221	1790
222	437
222	447
222	1109
222	1210
222	1561
223	746
223	1303
224	404
224	1024
224	1164
225	560
225	706
225	726
225	820
225	887
225	1388
225	1782
226	377
226	866
226	1324
227	230
227	859
227	1157
227	1563
228	582
228	609
228	1417
229	1445
229	1521
230	687
230	720
230	1555
230	1683
231	951
232	340
233	425
233	791
233	1007
233	1152
233	1212
234	1498
235	478
235	735
235	790
235	1250
235	1553
235	1694
236	461
236	941
236	969
236	1215
236	1569
236	1715
236	1793
237	422
237	967
237	1232
237	1611
238	360
238	637
238	1323
238	1347
238	1556
238	1625
239	483
239	836
240	1574
241	315
242	281
242	426
242	460
242	1147
242	1629
242	1683
242	1785
243	834
243	975
243	1002
243	1234
243	1284
244	578
244	1114
244	1310
244	1648
245	313
245	417
245	1370
246	452
246	644
246	700
246	1068
246	1284
246	1555
247	909
247	952
247	979
247	1253
247	1464
247	1637
248	919
248	1081
248	1483
249	720
249	1203
249	1625
250	613
250	768
250	1350
250	1731
251	1051
251	1088
251	1201
252	459
252	924
252	1029
252	1243
253	859
253	1094
254	642
254	1327
254	1458
254	1583
255	642
255	1005
255	1020
255	1189
255	1706
255	1716
256	501
256	798
256	1289
257	784
257	1049
257	1073
257	1346
258	556
258	762
258	863
258	1530
258	1544
258	1585
259	1230
260	479
260	785
261	400
261	516
261	945
261	1019
261	1139
261	1290
261	1492
262	329
262	607
262	636
262	852
262	1401
263	815
263	870
263	989
263	1162
263	1199
264	1179
264	1294
264	1471
265	353
265	485
265	912
265	913
265	1117
265	1494
265	1585
265	1627
266	294
266	1002
266	1069
266	1419
267	537
267	702
267	911
267	1623
268	1266
268	1500
268	1647
268	1780
269	793
269	1368
270	566
270	620
270	672
270	1321
270	1695
271	721
271	956
271	1228
272	351
272	760
272	868
272	1090
272	1250
273	347
273	905
274	573
274	647
274	1092
274	1289
274	1431
275	620
275	765
275	1501
275	1575
275	1591
276	698
276	863
276	1610
276	1729
277	1534
277	1592
278	1701
279	1013
279	1294
279	1364
280	902
280	1365
281	686
281	860
281	1287
281	1350
282	1419
282	1712
283	637
283	1777
284	597
284	727
284	809
284	1230
284	1366
284	1530
285	868
285	1775
286	1026
287	384
287	439
287	667
287	1009
287	1175
287	1732
288	350
288	359
288	485
288	698
288	923
288	968
288	987
288	1105
289	870
289	1724
290	629
290	1674
290	1725
291	1134
291	1136
291	1218
292	336
292	735
292	757
292	1035
292	1109
292	1287
292	1310
292	1401
292	1685
292	1769
293	750
293	1510
294	484
294	593
294	619
294	745
295	523
296	402
296	901
296	1207
296	1530
297	1191
297	1425
297	1462
297	1743
298	468
298	484
298	840
298	1187
298	1388
298	1440
298	1509
299	1056
299	1565
299	1655
299	1718
300	484
300	539
300	564
300	676
300	890
300	894
300	978
300	1280
300	1507
301	700
301	734
301	942
301	1001
301	1236
301	1387
301	1503
302	441
302	479
302	597
302	771
302	1539
303	517
303	901
303	931
303	1259
304	345
304	771
304	866
304	1547
304	1605
304	1693
305	645
305	719
306	822
306	887
306	1320
306	1350
306	1581
306	1758
307	1451
308	480
308	888
308	908
308	1157
308	1413
309	1093
310	1195
311	493
311	572
311	1114
312	481
312	975
312	998
312	1328
313	1149
313	1434
313	1593
314	496
314	699
315	318
315	701
315	842
315	1377
316	366
316	1120
316	1312
316	1722
317	700
318	1321
318	1361
319	1060
320	533
320	1666
321	412
321	1190
321	1250
321	1379
321	1555
321	1651
322	779
322	931
322	1612
323	873
323	1488
323	1496
323	1577
323	1648
324	842
324	989
324	1047
324	1577
325	583
325	1672
326	709
326	1030
326	1480
327	1297
327	1634
328	1306
328	1405
328	1724
329	1089
329	1284
329	1614
329	1639
330	609
330	764
330	948
331	439
331	614
331	675
331	1033
331	1605
332	454
332	894
332	1609
334	548
334	623
334	948
334	1746
335	495
335	1052
335	1154
335	1167
335	1734
336	883
336	1405
336	1558
336	1674
337	846
337	1761
338	691
338	1023
338	1143
338	1363
339	511
339	790
339	1102
339	1235
339	1419
339	1505
340	357
340	569
340	626
340	960
340	1024
340	1228
340	1270
340	1481
340	1543
340	1732
341	380
341	629
341	646
341	656
341	777
341	1034
341	1309
342	523
342	813
342	907
342	962
342	1445
342	1483
343	483
343	847
343	1117
343	1175
343	1459
343	1542
344	1212
344	1381
345	690
345	1049
345	1241
345	1430
346	1468
346	1500
346	1533
347	357
347	1649
348	831
349	1012
349	1244
349	1572
350	542
350	1197
350	1560
350	1713
351	472
351	634
351	946
351	1487
351	1595
352	527
352	645
352	1672
352	1682
353	1300
354	666
354	1373
354	1570
355	817
355	954
355	1455
356	894
356	1003
357	1241
357	1395
358	741
358	1019
358	1616
359	533
359	1207
360	982
360	995
360	1108
360	1567
361	727
361	1751
362	847
363	481
363	618
363	1104
363	1505
364	453
364	854
364	1338
365	572
365	1127
365	1497
366	634
366	1185
366	1423
367	417
367	764
367	1242
367	1702
368	463
368	668
368	703
368	723
368	1539
368	1628
369	1011
369	1600
370	1643
372	615
372	728
372	829
372	1269
372	1553
373	490
373	550
373	621
373	638
373	678
373	978
373	986
373	1771
374	1347
374	1442
374	1742
375	773
375	1019
375	1756
375	1786
376	520
377	463
377	1051
377	1296
377	1392
377	1628
378	1539
379	829
379	1574
379	1674
380	920
380	990
380	1312
380	1613
381	653
381	808
381	1204
382	1215
382	1404
383	818
383	1505
384	477
384	891
384	1061
384	1338
384	1650
384	1789
385	959
385	1000
385	1143
386	696
386	714
386	1221
387	781
387	991
387	1185
388	612
388	1001
388	1425
388	1431
388	1468
389	1137
390	649
390	1344
390	1412
390	1460
390	1510
391	395
391	999
392	450
393	579
393	1139
393	1277
393	1394
394	1171
394	1468
394	1626
394	1635
395	1091
395	1248
395	1550
395	1706
397	425
398	490
398	509
398	1051
398	1577
399	1267
399	1455
399	1701
400	868
400	1033
400	1101
400	1215
401	960
401	1178
401	1567
401	1600
402	723
402	1066
402	1209
402	1301
402	1714
403	409
403	966
404	1587
405	472
405	1471
405	1486
406	538
406	931
406	940
406	1404
406	1486
407	834
407	1650
408	847
409	445
409	1390
409	1782
410	475
410	1687
411	778
411	860
411	1209
412	612
412	1011
412	1436
413	1614
413	1677
414	647
414	995
414	1148
414	1250
415	520
416	798
416	1541
416	1605
417	1193
417	1248
417	1677
417	1740
418	644
418	791
418	934
418	1214
418	1706
419	1739
420	585
420	938
421	912
421	1791
422	1725
423	683
423	1079
423	1590
423	1759
424	515
424	664
424	981
424	1532
425	703
425	1148
425	1163
425	1525
426	1150
426	1321
426	1468
426	1605
427	593
427	1068
427	1726
427	1749
428	617
428	902
428	1555
430	843
431	593
431	1734
432	901
432	1383
432	1625
433	977
433	1074
433	1119
433	1610
433	1712
434	710
434	1591
434	1760
435	559
435	609
435	815
435	1017
435	1470
436	554
436	762
436	1744
437	550
437	664
437	1001
437	1176
437	1191
438	726
438	755
438	870
438	1389
438	1797
439	1050
439	1299
440	447
440	771
440	1131
440	1333
440	1453
441	585
441	748
441	787
441	1589
442	1386
442	1658
442	1772
443	621
443	891
443	1374
443	1467
443	1707
443	1719
444	1344
444	1541
445	478
445	1325
445	1338
446	576
446	613
446	812
446	817
446	886
446	998
446	1746
447	1340
447	1547
447	1777
448	932
448	1287
448	1422
449	539
450	669
450	1292
451	644
451	964
451	1046
451	1048
451	1585
452	574
452	1084
452	1175
452	1318
452	1696
453	1136
454	785
454	854
454	1433
454	1511
455	595
455	614
455	1007
455	1645
456	471
456	685
456	911
456	1060
456	1106
456	1361
456	1743
457	848
457	947
457	1094
457	1480
458	718
458	1179
458	1230
458	1234
459	497
459	960
459	1527
460	578
460	1630
461	1789
462	993
462	1030
462	1703
463	470
463	933
463	1080
463	1185
464	1090
464	1195
464	1354
465	900
465	1002
465	1130
466	917
466	1245
467	790
467	1128
468	1365
468	1531
469	1344
470	595
470	853
470	873
470	1192
471	489
471	916
471	1336
472	911
472	1088
472	1485
472	1697
473	587
473	597
473	1302
474	590
474	1298
475	1131
476	646
476	797
476	1656
477	545
477	933
477	1223
478	723
479	683
479	724
480	642
480	775
480	965
480	1316
480	1330
480	1494
481	504
481	513
481	533
481	586
481	1055
481	1071
481	1382
481	1718
481	1741
482	1374
482	1413
483	823
483	997
483	1560
484	1023
484	1378
484	1714
485	601
485	849
486	723
486	1217
486	1421
486	1613
487	845
487	982
487	1200
487	1652
488	1040
488	1209
488	1716
489	594
489	736
489	752
490	1187
491	1415
491	1599
492	545
493	806
493	854
493	880
493	1129
494	864
495	678
495	764
495	1413
496	677
497	1177
497	1512
498	829
498	1301
498	1596
498	1696
498	1766
499	539
499	1073
499	1422
500	755
500	758
501	679
501	1147
502	1703
503	771
503	1219
503	1499
504	644
504	709
504	797
504	1533
504	1764
505	812
505	1551
505	1613
506	836
506	1277
507	568
507	1749
508	864
508	1681
508	1757
509	547
509	694
509	895
509	1435
509	1550
510	870
510	1046
510	1498
511	979
511	1249
511	1398
511	1786
512	665
512	1487
512	1645
513	529
513	1326
513	1352
513	1642
514	812
514	1153
514	1627
515	1129
515	1656
516	721
516	782
516	1049
516	1129
516	1135
516	1190
516	1441
518	579
518	1454
518	1457
518	1549
519	1612
520	609
520	925
520	997
520	1121
520	1734
521	522
521	1008
521	1355
522	781
522	946
523	1475
523	1644
524	845
524	865
524	1332
524	1471
524	1658
525	1390
525	1586
526	975
526	1213
526	1260
526	1601
526	1694
527	914
527	1139
528	1045
528	1177
528	1607
529	855
529	1116
529	1420
529	1495
529	1675
530	1378
531	825
531	1513
532	949
532	1401
533	598
533	1578
534	832
534	1246
534	1773
535	1276
536	652
536	1329
536	1560
537	849
537	1495
537	1651
537	1653
538	1141
538	1145
538	1174
539	628
539	811
539	1197
539	1199
539	1663
540	616
540	629
540	1147
540	1429
541	808
541	1226
541	1474
542	585
542	1157
542	1169
542	1338
542	1571
543	743
543	1740
543	1790
544	609
544	1186
544	1373
544	1501
544	1699
545	660
545	726
545	880
546	839
546	844
546	1032
546	1783
547	574
547	1504
547	1511
548	983
548	1124
548	1332
549	662
549	1478
549	1747
550	868
550	1414
551	585
552	984
552	1002
552	1374
552	1548
553	804
553	894
553	1419
553	1435
554	1072
554	1290
554	1307
554	1492
554	1635
555	618
556	680
556	1087
556	1699
558	797
558	1002
558	1423
558	1686
559	1238
559	1727
560	1723
561	1213
561	1595
562	1353
562	1450
563	1502
563	1636
564	789
564	1496
565	956
565	1170
565	1322
565	1434
566	820
566	1728
567	580
567	1580
568	1693
569	1435
569	1570
570	747
570	1676
571	798
571	985
571	1151
571	1690
572	656
572	664
572	1508
573	1006
573	1116
573	1283
573	1597
574	701
575	639
575	871
575	1357
575	1610
576	772
576	789
576	818
576	1351
577	1243
577	1291
577	1425
577	1730
578	1702
579	912
579	1415
580	621
580	1400
580	1423
580	1718
581	1200
582	1324
582	1560
582	1666
583	1120
583	1381
583	1785
584	1102
584	1202
584	1241
585	1618
585	1734
586	961
586	1219
586	1236
586	1351
586	1422
586	1767
587	692
587	930
587	939
587	1112
588	738
588	1132
588	1642
589	1501
589	1613
590	1034
590	1448
590	1489
590	1524
590	1555
591	1013
591	1699
592	846
592	1104
592	1324
592	1447
592	1577
592	1675
593	1610
593	1777
594	1205
595	802
595	959
595	1032
595	1442
595	1705
596	855
596	1008
596	1218
596	1309
596	1339
596	1492
597	842
597	898
598	1120
598	1289
598	1336
598	1698
599	738
600	636
600	1198
601	966
601	1090
601	1135
601	1253
602	639
602	684
602	1578
603	737
603	839
603	1208
603	1413
604	616
604	944
605	651
605	925
605	1004
605	1375
606	668
606	1076
606	1476
607	718
607	1054
607	1329
608	727
608	1543
608	1793
609	989
609	1707
610	815
610	1201
610	1389
610	1764
611	733
611	1057
611	1069
611	1295
611	1466
612	1045
613	797
614	844
614	948
614	1299
614	1703
614	1752
615	933
615	1556
616	844
616	1042
616	1186
616	1456
617	724
617	749
617	1148
617	1772
618	1711
619	826
619	999
619	1131
619	1293
619	1621
620	902
620	915
620	1759
621	659
621	982
621	1302
621	1638
622	684
622	1319
623	1496
624	1320
624	1361
624	1363
624	1747
624	1768
625	674
625	1094
625	1136
626	788
626	1382
626	1761
627	1081
627	1485
628	981
628	1560
629	729
629	1291
629	1767
630	677
630	795
630	1552
631	651
631	1371
631	1476
631	1756
631	1758
632	789
633	756
633	856
633	1223
633	1344
633	1569
634	1419
634	1768
635	1589
637	664
637	705
637	1020
637	1335
638	806
638	1011
639	1227
640	714
640	732
640	1084
640	1761
641	652
641	739
641	1009
642	1198
642	1433
642	1779
643	760
643	791
643	953
643	1040
643	1283
643	1370
643	1618
644	828
645	1028
645	1038
645	1085
646	1150
646	1192
646	1306
646	1542
646	1613
647	908
647	1201
648	1250
648	1453
649	746
650	769
650	1100
650	1223
650	1244
650	1323
650	1407
651	820
651	861
651	1546
651	1550
652	1242
652	1724
653	695
653	827
653	1597
653	1600
653	1690
654	729
654	1294
654	1449
654	1715
655	728
655	962
655	1374
655	1459
655	1565
656	1329
657	1034
658	1145
658	1540
659	935
659	1286
659	1600
659	1613
660	997
660	1152
661	894
662	776
662	1271
662	1385
662	1640
663	1081
663	1694
664	1252
664	1521
665	1006
665	1029
665	1469
666	1524
667	961
668	937
668	1068
668	1264
668	1493
668	1504
669	846
669	1641
670	712
670	948
670	1012
670	1285
670	1756
671	847
671	1160
671	1440
671	1511
672	950
672	1064
672	1078
672	1625
673	861
674	1582
674	1638
675	900
676	1043
676	1105
676	1131
676	1186
676	1682
678	1130
678	1136
678	1542
678	1666
678	1770
679	914
679	1221
679	1407
679	1460
680	738
680	1320
680	1445
681	730
681	1119
681	1676
681	1701
681	1798
682	718
682	1018
682	1159
682	1712
684	846
684	1270
685	1677
686	1096
687	969
687	1460
687	1545
687	1656
687	1727
687	1745
688	772
688	1271
688	1512
689	1403
689	1712
689	1765
689	1780
690	1644
691	1233
692	1053
693	958
693	1624
694	1668
695	1084
696	1409
697	714
698	711
698	738
698	771
698	854
698	879
698	1152
698	1702
699	865
699	1012
699	1278
700	1656
700	1778
701	714
701	949
701	1187
701	1416
702	914
702	947
702	1159
702	1346
703	925
703	932
704	837
704	966
704	1728
705	1031
705	1519
706	757
706	1256
707	776
707	989
707	1544
708	1327
708	1597
708	1703
708	1736
709	835
709	1087
709	1512
710	963
710	1120
710	1305
710	1345
710	1392
710	1519
711	1550
712	768
712	839
712	1464
713	1258
713	1667
714	1286
715	1002
715	1299
715	1756
715	1771
716	892
717	983
717	1062
717	1366
717	1419
718	1047
718	1122
718	1205
719	892
719	972
719	1537
719	1744
720	898
720	1123
720	1321
720	1366
720	1461
720	1523
720	1715
720	1750
721	1308
721	1491
721	1572
722	765
722	950
722	1013
722	1598
723	1656
724	1075
724	1272
724	1515
724	1527
724	1581
724	1716
725	1149
725	1604
725	1697
726	1086
726	1779
727	922
727	1194
727	1676
728	926
728	982
728	993
728	1297
728	1662
729	1401
729	1604
729	1610
731	1454
731	1729
732	890
732	1528
732	1561
733	908
733	996
733	1576
733	1620
733	1698
734	958
734	1445
735	1617
737	779
737	1434
738	1302
739	754
739	764
739	782
739	1217
739	1535
739	1771
740	797
740	1166
740	1171
741	1192
741	1531
742	1411
742	1651
743	879
743	890
743	942
743	1357
744	776
744	925
744	990
744	1080
744	1125
745	890
745	1565
745	1610
745	1761
746	882
747	1634
748	826
748	1032
749	893
749	1401
749	1542
749	1799
750	929
751	776
752	1116
752	1209
752	1313
753	1259
753	1769
754	1285
754	1450
754	1640
755	1437
756	984
757	1388
758	1449
759	917
759	965
759	1131
759	1471
759	1503
759	1794
760	974
761	886
761	1348
761	1773
762	867
762	897
762	1084
763	1254
763	1456
763	1635
764	948
765	1183
765	1217
765	1242
765	1463
766	897
766	1624
767	800
767	1344
767	1653
768	1024
768	1739
769	1384
770	904
770	1544
771	1033
772	862
772	935
772	1478
773	829
773	860
773	942
773	1704
774	834
774	1380
774	1686
775	1408
775	1410
776	958
776	1130
776	1235
776	1251
776	1492
777	808
777	1648
778	795
778	963
778	987
778	992
778	1072
778	1187
778	1204
779	1388
779	1478
779	1599
779	1632
779	1743
780	807
780	826
780	1243
780	1536
781	791
781	1008
781	1757
783	1005
783	1443
783	1772
784	1039
784	1320
785	889
785	1728
785	1790
786	1307
786	1735
787	1032
787	1191
787	1437
787	1468
787	1718
788	1250
788	1268
789	905
789	1076
789	1327
789	1406
789	1558
790	881
790	1008
790	1059
790	1213
790	1297
791	856
791	1489
792	857
792	1063
792	1377
793	1585
795	1281
795	1797
796	982
796	1248
796	1449
796	1607
797	952
798	1335
799	988
799	1343
800	921
800	1022
800	1560
800	1622
801	1221
801	1480
801	1484
801	1687
802	840
802	1083
802	1787
803	1011
803	1156
803	1216
803	1483
804	832
804	1057
804	1189
804	1268
804	1344
806	869
806	1730
807	1737
808	1251
808	1657
809	931
809	1037
810	1074
810	1563
810	1735
811	1307
811	1653
812	1256
813	1427
813	1631
814	847
814	1698
815	1075
815	1266
816	1070
816	1193
816	1359
816	1506
818	896
818	1050
818	1097
819	1014
820	906
821	915
821	1481
823	888
823	1427
823	1682
824	965
824	1245
824	1567
825	962
825	1152
825	1224
825	1478
825	1760
826	1630
827	991
827	1111
827	1249
827	1738
828	1735
828	1742
829	1138
830	843
830	1323
830	1522
831	1037
831	1290
831	1370
831	1476
831	1503
831	1546
832	1329
832	1682
832	1768
835	1563
835	1591
837	1245
837	1594
837	1798
838	1171
838	1684
843	942
843	1597
843	1784
844	1449
845	961
845	1014
846	942
846	1356
846	1473
846	1605
846	1796
847	1205
847	1688
848	1069
848	1226
848	1642
849	1556
850	1200
851	1136
852	1650
852	1717
852	1764
853	1033
853	1385
853	1432
853	1752
854	1051
854	1422
854	1633
855	1142
855	1153
855	1689
856	1648
857	1256
857	1304
857	1551
857	1631
857	1774
858	998
858	1578
858	1743
858	1798
859	1249
859	1612
860	874
860	1085
860	1274
861	1443
862	1379
862	1681
863	1097
864	1468
864	1483
865	1327
866	1067
866	1099
866	1386
867	1094
867	1187
869	897
869	1069
869	1279
870	877
870	1472
872	944
872	1246
872	1251
873	1278
873	1495
873	1593
874	1167
874	1654
874	1748
876	1185
876	1331
877	900
877	1371
877	1393
878	1260
878	1493
878	1582
879	1022
879	1570
880	932
880	1115
880	1258
880	1485
880	1573
881	1792
882	1044
882	1424
882	1670
882	1748
883	998
883	1176
883	1270
883	1702
883	1706
884	1439
885	1197
885	1785
886	891
886	1462
886	1764
887	1525
888	1250
888	1412
889	1705
890	1133
890	1652
892	1130
892	1381
892	1502
892	1529
892	1672
893	1010
893	1282
894	1052
894	1300
895	982
895	1491
895	1630
896	1127
896	1304
896	1748
899	1739
901	1008
902	1761
903	967
903	989
903	1246
904	1787
905	1578
905	1791
906	908
906	973
906	1256
906	1420
906	1656
907	994
907	1121
907	1235
907	1333
907	1372
907	1609
908	916
908	1596
909	1702
910	970
910	992
910	1038
910	1328
910	1571
911	1123
911	1533
912	1121
914	1359
915	954
916	1384
916	1465
916	1498
917	1403
917	1536
918	1630
919	1292
920	1184
920	1478
921	1105
921	1239
921	1567
924	1348
924	1759
925	969
926	1520
927	1444
927	1553
927	1783
928	1104
928	1571
929	1113
931	962
932	1012
932	1086
932	1390
932	1424
934	965
934	1624
935	1081
935	1085
935	1103
935	1349
935	1566
936	1300
937	1250
937	1598
938	1001
938	1174
938	1248
938	1432
938	1499
938	1752
939	1452
939	1768
941	1185
941	1322
942	1185
942	1372
943	1175
943	1269
943	1309
943	1587
944	992
944	1212
944	1477
944	1755
945	1241
945	1291
947	1794
948	1468
948	1574
949	1459
950	1093
950	1145
950	1548
950	1687
950	1792
951	1392
951	1514
951	1595
951	1720
952	1401
952	1705
952	1781
953	1084
953	1344
953	1677
954	993
954	999
955	1205
955	1399
956	1551
957	1529
957	1533
958	1252
959	1057
960	1012
960	1074
960	1567
960	1575
961	1353
962	1483
962	1495
963	1125
964	1443
966	1218
967	1071
967	1090
968	1006
969	1629
970	1134
970	1214
971	1720
972	1019
972	1777
973	1473
975	1215
975	1526
975	1723
976	1419
976	1720
976	1783
977	1734
978	1035
978	1577
979	1360
979	1756
981	1481
981	1597
982	1138
982	1264
982	1739
984	1074
984	1075
985	1676
985	1750
985	1784
986	1596
986	1695
986	1729
987	1225
988	1640
990	1207
991	1482
991	1485
993	1267
993	1414
995	1229
995	1327
996	1074
996	1359
996	1474
996	1514
996	1744
997	1707
998	1246
998	1554
998	1717
999	1253
999	1477
1000	1275
1000	1412
1000	1556
1000	1621
1001	1564
1002	1785
1003	1242
1004	1156
1004	1499
1004	1575
1006	1650
1007	1337
1007	1583
1007	1619
1007	1733
1008	1086
1008	1402
1008	1634
1009	1118
1009	1563
1009	1735
1010	1039
1010	1339
1012	1321
1012	1521
1012	1551
1012	1729
1013	1034
1013	1058
1013	1338
1013	1523
1013	1576
1014	1385
1014	1661
1014	1740
1015	1099
1015	1578
1016	1306
1017	1130
1018	1206
1018	1271
1019	1375
1019	1582
1019	1758
1019	1765
1020	1713
1021	1068
1022	1203
1022	1228
1022	1637
1023	1504
1023	1686
1023	1746
1023	1774
1024	1308
1025	1398
1026	1616
1026	1628
1026	1699
1027	1133
1027	1290
1027	1426
1027	1521
1030	1476
1031	1094
1031	1221
1031	1781
1032	1152
1032	1200
1032	1523
1032	1577
1033	1222
1035	1233
1036	1295
1037	1611
1039	1117
1039	1397
1039	1796
1040	1403
1040	1727
1042	1658
1043	1482
1043	1718
1043	1750
1045	1646
1045	1655
1047	1057
1047	1258
1047	1272
1047	1446
1047	1568
1047	1790
1048	1460
1049	1132
1049	1168
1050	1397
1051	1215
1051	1532
1054	1511
1055	1369
1056	1102
1056	1685
1058	1649
1059	1649
1060	1257
1060	1409
1061	1133
1061	1318
1063	1156
1063	1495
1063	1656
1064	1069
1064	1115
1064	1119
1064	1192
1064	1576
1065	1766
1066	1793
1069	1735
1071	1762
1073	1583
1074	1754
1078	1496
1079	1518
1080	1765
1082	1254
1082	1517
1083	1293
1083	1735
1084	1483
1085	1576
1086	1144
1086	1470
1088	1113
1089	1485
1089	1716
1090	1584
1091	1324
1093	1215
1093	1475
1093	1617
1094	1232
1094	1319
1095	1216
1096	1101
1097	1405
1097	1597
1097	1710
1098	1328
1098	1414
1098	1503
1101	1332
1101	1408
1101	1482
1102	1127
1102	1349
1103	1362
1103	1635
1104	1528
1106	1479
1107	1192
1109	1262
1110	1786
1112	1129
1112	1719
1113	1403
1113	1711
1113	1786
1114	1177
1114	1373
1115	1486
1115	1730
1116	1261
1116	1321
1116	1476
1116	1582
1117	1713
1119	1199
1119	1665
1119	1673
1120	1260
1121	1249
1121	1398
1121	1595
1121	1643
1121	1682
1122	1234
1122	1471
1123	1243
1123	1566
1126	1274
1128	1320
1128	1728
1128	1761
1129	1227
1129	1591
1129	1680
1130	1236
1130	1342
1131	1315
1132	1201
1134	1397
1134	1407
1134	1506
1135	1174
1135	1287
1135	1758
1136	1211
1136	1232
1136	1517
1136	1702
1137	1580
1139	1311
1140	1258
1140	1598
1141	1429
1141	1562
1142	1201
1142	1635
1143	1342
1145	1171
1145	1434
1145	1525
1145	1749
1146	1213
1146	1328
1146	1751
1147	1161
1147	1564
1148	1258
1148	1503
1148	1685
1149	1528
1149	1717
1150	1240
1151	1736
1152	1303
1153	1405
1153	1525
1154	1648
1154	1665
1154	1699
1155	1577
1156	1257
1156	1328
1156	1373
1156	1591
1156	1616
1157	1236
1159	1752
1162	1395
1164	1616
1165	1203
1165	1494
1166	1511
1167	1467
1167	1609
1167	1692
1170	1751
1171	1580
1171	1763
1172	1188
1172	1370
1173	1274
1173	1654
1176	1300
1176	1306
1177	1430
1178	1679
1179	1541
1179	1708
1180	1253
1180	1327
1180	1420
1180	1756
1181	1714
1182	1317
1182	1446
1182	1447
1182	1624
1183	1411
1183	1525
1186	1665
1186	1688
1187	1605
1187	1626
1188	1322
1188	1710
1189	1190
1189	1257
1189	1538
1190	1230
1191	1532
1191	1616
1192	1776
1193	1208
1193	1369
1193	1651
1194	1513
1194	1759
1195	1429
1195	1521
1196	1369
1198	1392
1198	1490
1198	1587
1199	1471
1201	1421
1202	1500
1202	1794
1203	1511
1206	1301
1207	1670
1209	1416
1209	1439
1210	1557
1210	1688
1210	1764
1211	1569
1212	1768
1213	1283
1213	1423
1213	1546
1213	1689
1214	1294
1214	1308
1214	1399
1216	1418
1218	1497
1219	1722
1219	1741
1220	1430
1221	1647
1221	1669
1222	1292
1222	1679
1222	1768
1223	1459
1224	1259
1226	1687
1226	1776
1227	1442
1228	1457
1228	1716
1228	1736
1229	1463
1229	1648
1231	1519
1232	1489
1233	1364
1233	1501
1233	1785
1235	1663
1236	1750
1237	1777
1240	1412
1240	1421
1241	1273
1242	1289
1243	1665
1243	1723
1244	1427
1247	1414
1247	1543
1247	1578
1248	1352
1248	1551
1248	1553
1248	1712
1249	1253
1250	1664
1251	1345
1251	1552
1252	1313
1252	1702
1253	1795
1254	1398
1255	1610
1256	1328
1257	1454
1260	1628
1261	1445
1262	1594
1262	1650
1263	1657
1265	1332
1266	1308
1266	1445
1266	1473
1269	1434
1271	1281
1271	1355
1271	1757
1272	1285
1272	1493
1273	1487
1273	1647
1275	1437
1275	1633
1277	1327
1279	1320
1279	1792
1280	1707
1281	1420
1282	1343
1284	1519
1285	1642
1286	1618
1288	1417
1290	1776
1291	1477
1291	1791
1292	1730
1293	1536
1294	1587
1294	1710
1295	1719
1296	1719
1296	1734
1297	1504
1297	1515
1299	1602
1300	1365
1300	1680
1300	1711
1301	1612
1302	1714
1302	1739
1303	1401
1303	1684
1304	1530
1306	1368
1306	1514
1306	1722
1306	1730
1307	1426
1307	1678
1308	1479
1308	1719
1309	1545
1310	1324
1310	1371
1312	1470
1312	1698
1313	1430
1313	1477
1313	1585
1314	1768
1315	1454
1315	1546
1315	1616
1316	1485
1317	1319
1317	1542
1318	1559
1318	1657
1321	1322
1321	1526
1321	1642
1322	1444
1322	1720
1323	1364
1324	1367
1325	1664
1325	1667
1326	1333
1326	1572
1326	1677
1327	1585
1328	1425
1332	1506
1332	1519
1333	1520
1333	1644
1333	1713
1334	1435
1334	1512
1335	1696
1336	1441
1336	1582
1337	1423
1337	1579
1338	1794
1339	1644
1340	1693
1343	1539
1343	1627
1345	1505
1346	1370
1346	1456
1346	1460
1348	1617
1349	1683
1351	1753
1354	1386
1355	1693
1355	1783
1356	1652
1357	1444
1357	1448
1358	1377
1358	1695
1358	1709
1359	1466
1359	1768
1363	1441
1365	1366
1365	1416
1367	1567
1367	1580
1367	1592
1368	1374
1368	1768
1370	1532
1377	1538
1378	1543
1378	1702
1380	1785
1381	1394
1381	1502
1384	1530
1385	1531
1386	1661
1387	1706
1393	1498
1396	1440
1396	1576
1396	1579
1397	1617
1397	1712
1397	1729
1399	1786
1400	1755
1403	1431
1403	1533
1405	1464
1405	1635
1408	1548
1408	1603
1409	1674
1411	1600
1411	1728
1416	1799
1419	1494
1419	1601
1420	1511
1420	1534
1421	1430
1421	1618
1422	1653
1425	1751
1427	1525
1427	1597
1431	1799
1433	1574
1433	1748
1435	1745
1436	1687
1438	1483
1440	1665
1440	1751
1441	1761
1442	1768
1444	1445
1444	1468
1444	1566
1445	1686
1447	1779
1454	1701
1454	1722
1455	1496
1456	1635
1458	1536
1459	1549
1460	1470
1460	1640
1461	1607
1461	1702
1461	1747
1461	1796
1462	1675
1462	1796
1463	1701
1464	1615
1469	1627
1469	1763
1471	1694
1479	1770
1480	1533
1482	1576
1482	1741
1484	1655
1488	1598
1490	1615
1491	1542
1500	1759
1502	1574
1502	1728
1504	1628
1506	1557
1506	1680
1511	1799
1514	1734
1517	1573
1517	1635
1520	1716
1521	1791
1522	1639
1522	1668
1524	1583
1526	1639
1527	1748
1532	1610
1533	1759
1535	1584
1535	1604
1539	1706
1541	1719
1542	1723
1545	1595
1545	1624
1547	1620
1552	1695
1552	1753
1556	1709
1557	1723
1558	1617
1563	1585
1568	1630
1568	1634
1569	1589
1570	1577
1573	1606
1574	1786
1577	1714
1581	1766
1582	1650
1586	1610
1587	1731
1587	1788
1595	1623
1601	1733
1602	1673
1603	1630
1605	1636
1608	1610
1608	1634
1611	1655
1611	1697
1612	1780
1615	1691
1619	1645
1619	1765
1627	1756
1628	1774
1628	1784
1629	1740
1630	1713
1636	1638
1636	1722
1636	1734
1639	1682
1639	1797
1647	1664
1647	1746
1650	1675
1653	1706
1655	1679
1658	1720
1658	1786
1659	1700
1660	1702
1660	1721
1664	1675
1664	1718
1667	1719
1682	1699
1683	1696
1686	1780
1697	1708
1698	1702
1700	1747
1708	1713
1714	1786
1720	1722
1724	1759
1730	1763
1753	1767
1757	1767