0	726
0	737
1	35
1	43
1	824
1	891
1	1143
1	1156
1	1391
2	498
2	847
2	851
2	1331
2	1649
2	1757
3	39
3	373
3	1727
4	1442
4	1510
5	966
5	1426
6	492
6	777
6	1642
6	1701
7	752
7	977
7	1346
7	1476
8	45
8	930
8	1302
8	1437
8	1556
8	1582
9	240
9	1159
9	1752
10	300
10	641
10	828
10	839
10	983
10	1367
10	1491
11	395
12	1014
12	1551
13	74
13	903
14	995
14	1465
14	1672
15	392
15	423
15	694
15	1041
15	1108
15	1542
15	1726
16	709
16	1199
16	1735
17	18
17	1459
17	1675
18	237
18	744
18	1594
19	149
19	1166
19	1555
20	55
20	459
20	732
20	940
20	1020
20	1132
20	1269
21	874
21	1638
22	40
22	230
22	706
23	56
23	777
23	1556
24	50
24	334
24	355
24	1213
24	1533
25	118
25	524
25	623
25	1186
25	1205
26	1337
27	174
27	476
27	828
28	80
28	196
28	780
28	1023
28	1510
28	1666
28	1700
29	796
29	1173
29	1414
29	1444
30	457
30	606
30	1333
30	1568
31	265
31	818
31	1142
31	1318
31	1445
32	424
32	1430
33	128
33	769
33	1088
34	341
34	383
34	1257
34	1733
35	97
35	482
35	671
35	1344
35	1380
36	302
37	126
37	545
37	1156
37	1551
38	153
38	449
38	558
38	897
39	74
39	166
39	233
39	321
39	359
39	1040
40	1170
41	115
41	237
41	664
41	926
41	1280
41	1668
42	901
42	1146
42	1736
43	377
44	98
44	392
44	1314
44	1625
44	1670
44	1682
44	1724
45	537
45	598
45	617
45	696
45	877
46	64
46	452
46	1333
46	1738
47	253
47	1029
47	1131
48	205
48	320
48	653
48	884
48	1358
48	1481
49	405
49	691
49	1232
49	1449
49	1525
50	69
50	769
50	1357
51	266
51	294
51	572
51	1413
51	1539
51	1577
52	151
52	369
52	403
52	524
52	953
52	1204
52	1421
53	304
53	943
53	1532
54	162
54	1088
54	1389
54	1565
55	421
55	493
55	1343
56	421
56	1368
56	1582
57	244
57	752
57	996
57	1458
58	786
58	1580
58	1590
59	118
59	353
59	1422
59	1435
59	1676
60	350
60	657
60	830
60	1507
60	1575
61	80
61	591
61	1314
61	1765
62	1306
63	536
63	1085
63	1361
64	185
64	388
64	1471
65	291
65	478
65	920
65	1266
66	468
66	846
66	1198
67	538
67	871
67	1448
67	1736
68	907
69	529
69	1081
69	1180
69	1793
70	203
70	1024
70	1089
70	1105
70	1474
70	1616
71	449
71	654
71	691
71	1472
72	304
72	1706
73	255
73	660
73	864
73	876
73	968
73	1130
74	242
74	576
74	1188
74	1287
75	242
75	392
75	466
75	895
75	1170
75	1430
75	1531
76	192
76	234
76	245
76	1093
76	1407
77	312
77	1063
78	204
78	476
78	1202
79	331
79	698
79	771
79	873
79	928
79	1157
79	1366
80	466
80	700
80	721
80	1148
80	1221
80	1356
81	627
81	1350
81	1427
81	1666
82	197
82	381
82	1116
82	1127
82	1205
83	729
83	1722
84	1051
84	1382
84	1447
84	1648
85	477
85	730
85	1010
85	1262
85	1388
85	1624
85	1693
86	649
86	658
86	740
86	847
86	1004
86	1244
87	1337
87	1429
87	1474
87	1567
87	1716
87	1740
87	1795
88	723
88	1225
88	1620
89	858
89	871
89	909
89	1357
89	1745
90	153
90	303
90	878
90	1286
91	219
91	544
91	932
92	427
92	750
92	1182
93	233
93	398
93	812
93	1571
93	1589
94	240
94	892
94	1030
94	1039
94	1216
94	1223
94	1520
94	1620
95	245
95	472
96	337
96	484
96	685
96	1152
96	1365
96	1499
97	274
97	886
98	610
98	1092
99	318
99	710
99	856
99	940
99	1129
99	1190
99	1348
99	1501
99	1748
100	295
100	524
100	537
100	1439
100	1513
101	793
101	1095
102	284
102	437
102	990
102	1020
102	1148
102	1556
103	299
103	524
103	971
103	1509
103	1722
104	106
104	882
104	971
104	1749
105	517
105	1032
105	1751
106	432
106	681
107	167
107	220
107	568
107	1020
108	483
108	567
108	667
108	986
108	1203
108	1430
109	210
109	367
109	887
109	1177
109	1674
110	351
110	645
110	1025
110	1379
111	135
111	537
111	607
111	644
111	890
111	943
111	1000
111	1066
112	262
112	340
112	462
112	780
112	819
112	821
112	1367
112	1706
113	341
113	1248
113	1272
113	1550
114	611
114	1373
114	1562
114	1567
114	1599
115	661
115	921
115	1067
115	1368
116	951
116	968
116	1290
116	1458
116	1486
117	466
118	121
118	285
118	482
118	676
118	814
118	967
118	1045
118	1430
119	781
119	1308
120	271
120	1202
121	395
121	523
121	868
121	1060
121	1471
121	1726
122	513
122	1643
123	763
123	1443
124	343
124	948
124	997
124	1330
125	182
125	923
126	432
126	438
126	618
126	1708
126	1770
127	163
127	775
128	841
128	1239
128	1266
128	1300
129	594
129	808
129	1553
129	1772
130	201
130	320
130	342
130	606
130	905
130	953
130	960
131	288
131	356
131	430
131	883
131	1325
132	1272
132	1363
132	1582
133	161
133	256
133	589
133	719
133	990
133	1325
133	1732
134	1532
135	435
135	532
135	858
135	1631
136	746
136	956
136	1147
136	1166
137	182
137	584
137	621
137	1033
137	1322
137	1642
137	1661
138	1232
138	1309
139	327
139	590
139	1012
139	1221
140	1250
140	1286
141	1655
142	253
142	903
142	1339
142	1403
143	225
143	389
143	690
143	943
143	1794
144	531
144	614
144	785
144	1326
145	269
145	939
145	964
146	349
146	840
146	1203
146	1722
147	869
147	1160
147	1178
147	1272
147	1541
147	1545
147	1727
148	1125
149	925
149	963
150	152
150	417
150	1036
151	747
151	996
152	559
152	606
152	670
152	1612
153	501
153	955
153	1285
153	1594
154	202
154	386
154	1681
155	371
155	469
155	543
155	1772
156	177
156	416
156	1282
156	1379
156	1696
157	1192
157	1346
157	1616
157	1784
158	737
158	823
158	1077
158	1503
158	1761
158	1778
159	1140
159	1758
160	312
160	1286
160	1541
161	220
161	326
161	433
161	620
161	1664
162	248
162	731
162	874
162	960
163	408
163	454
163	1083
164	277
164	482
164	1453
165	872
165	1711
166	607
166	1087
166	1089
166	1104
166	1219
166	1422
167	415
168	465
168	757
168	773
168	1003
169	1077
169	1304
169	1331
170	625
170	643
170	965
170	1112
171	815
171	1089
171	1732
172	323
172	398
172	658
172	1570
173	257
173	399
173	840
173	1081
173	1525
173	1722
174	204
174	948
175	437
175	1598
176	246
176	595
176	742
176	867
177	617
177	889
177	1149
177	1308
178	750
178	1008
179	369
179	622
179	747
179	1096
179	1268
179	1762
180	1422
181	450
181	574
181	1348
181	1779
181	1788
182	772
182	871
182	934
182	1204
182	1436
183	561
183	921
183	1086
183	1443
184	910
184	1743
185	260
185	429
185	531
185	1005
185	1055
185	1513
186	1013
186	1481
186	1535
186	1727
187	339
188	1288
188	1399
189	1030
189	1175
189	1458
190	1301
191	990
191	1306
191	1349
191	1549
191	1590
192	210
192	1168
193	365
193	453
193	671
194	294
194	350
194	963
194	1083
194	1316
195	1078
196	317
196	524
196	597
196	799
197	963
197	1053
197	1360
197	1379
198	1533
199	535
199	1085
199	1347
199	1457
199	1719
199	1753
200	782
200	1043
200	1163
200	1241
200	1262
200	1469
200	1532
201	1018
201	1546
202	313
202	595
202	1135
202	1190
203	960
203	1738
204	456
204	934
204	1314
204	1331
205	520
205	655
205	669
205	894
205	1172
205	1711
205	1731
205	1781
206	550
206	728
206	958
207	466
207	877
207	1380
207	1708
208	271
208	528
208	530
208	1544
208	1677
209	403
209	443
209	806
209	1192
209	1328
210	753
210	1051
210	1123
211	269
211	319
211	619
211	942
211	945
211	1030
211	1545
211	1604
212	1365
212	1650
213	640
213	648
213	721
213	890
213	1278
213	1391
213	1528
214	796
214	935
214	1443
214	1697
215	350
215	598
215	831
215	1001
215	1067
215	1783
216	426
216	481
217	1069
217	1326
217	1449
217	1583
218	521
218	887
218	1580
219	1202
219	1275
219	1641
220	231
220	678
220	808
221	558
221	1466
221	1604
221	1776
222	418
222	444
222	484
222	777
222	1309
223	602
223	606
223	824
223	1250
223	1339
224	765
224	1657
225	666
225	820
225	1062
226	279
226	323
226	754
226	874
227	1164
227	1258
228	820
228	1546
229	648
229	969
229	996
229	1260
229	1504
229	1770
230	524
230	671
230	733
230	808
230	871
231	337
231	396
231	856
231	877
231	1064
231	1078
231	1401
232	800
232	920
232	1113
233	1308
233	1497
233	1512
233	1538
234	671
234	1175
234	1421
234	1550
234	1769
235	751
235	1340
235	1396
236	338
236	1229
237	1450
237	1455
237	1696
238	701
238	1431
239	440
239	627
239	985
239	1397
239	1698
240	976
240	1639
241	1002
241	1199
241	1217
242	1327
242	1465
243	372
243	627
243	632
244	482
244	858
244	1128
244	1430
245	569
245	603
245	608
245	862
245	1372
245	1598
246	497
246	522
246	728
246	846
246	1135
246	1751
247	384
247	1714
248	675
248	943
248	1029
248	1585
248	1612
248	1634
249	935
249	1269
250	429
250	979
251	991
251	1103
252	552
252	590
253	631
253	654
253	1342
253	1480
253	1551
254	375
254	616
254	1597
255	757
255	1192
256	720
256	1024
256	1096
257	545
257	717
258	261
258	967
258	1116
258	1144
258	1363
259	1018
259	1165
260	312
260	1205
261	443
261	1332
262	437
262	506
262	1135
262	1165
262	1264
263	1000
263	1629
263	1795
264	309
264	346
264	877
264	1118
264	1225
264	1297
265	381
265	998
265	1778
266	1241
267	655
267	713
267	1533
268	1100
269	722
269	1013
269	1193
269	1546
269	1591
270	833
270	1781
271	679
271	835
271	882
271	1457
271	1585
271	1728
272	898
272	924
273	407
273	415
274	954
274	1265
275	848
276	435
276	633
276	847
276	1475
277	281
277	507
277	785
277	891
278	324
278	750
278	831
278	968
278	1272
279	521
279	953
279	983
279	1013
280	1275
280	1483
280	1604
281	1260
281	1524
281	1677
282	705
283	844
283	1001
283	1557
283	1692
283	1754
284	984
284	1071
284	1337
284	1457
284	1482
284	1601
284	1639
285	1376
286	550
286	1662
287	1579
288	312
288	1543
289	296
289	596
289	991
289	1285
289	1408
289	1518
289	1593
290	615
290	1206
290	1405
290	1602
291	877
291	1068
291	1591
291	1785
292	660
292	1293
292	1297
292	1487
293	375
293	753
293	945
293	1035
293	1340
293	1427
293	1505
293	1648
293	1670
294	531
294	963
294	1209
294	1341
294	1417
294	1537
294	1654
295	723
295	851
295	902
295	1014
296	731
296	881
296	1307
296	1722
297	821
297	1125
297	1621
297	1662
298	431
298	447
298	1194
298	1706
299	634
299	873
299	1161
299	1239
299	1345
300	545
300	1461
300	1560
300	1580
301	752
301	1149
301	1415
302	347
302	366
302	946
302	1031
303	373
303	820
303	1103
305	333
305	416
305	851
305	1167
306	614
306	833
306	1383
307	802
307	1176
308	520
308	1420
308	1769
309	516
309	518
309	1443
310	1477
311	420
311	487
311	539
312	866
312	1209
314	321
314	327
314	617
314	850
314	1414
315	498
315	581
315	1037
315	1238
315	1501
316	890
316	1118
316	1289
317	1289
318	1074
318	1799
319	473
319	1037
319	1655
320	415
320	570
320	769
320	1307
320	1455
320	1634
321	456
321	1412
321	1592
322	717
322	1608
322	1690
323	621
323	656
323	1521
324	394
324	718
324	762
324	833
324	1020
324	1125
324	1731
325	857
325	1355
326	946
326	1379
327	653
327	1497
327	1649
328	378
329	1773
330	681
330	1435
330	1489
330	1600
331	695
331	727
331	1369
331	1459
332	650
332	1263
333	708
333	1444
334	431
334	452
334	561
334	1162
335	686
335	966
335	1313
335	1330
336	360
336	1184
336	1532
337	533
338	525
338	1272
339	891
339	904
339	1776
340	741
340	748
340	1218
340	1294
341	868
341	1028
341	1152
341	1430
341	1502
342	896
342	1173
342	1219
342	1296
343	458
343	938
343	985
343	990
344	545
344	872
344	1202
344	1213
345	1333
346	408
346	787
346	820
346	1630
347	411
347	1154
347	1605
348	714
349	505
349	624
349	682
349	835
349	1065
349	1305
349	1597
350	846
350	880
350	1172
351	855
351	999
351	1573
351	1695
352	1137
352	1468
353	1094
354	648
354	1031
354	1189
355	1671
356	410
356	1300
357	475
357	615
357	918
357	1372
358	421
358	1082
358	1469
359	622
359	1093
359	1249
359	1677
360	494
360	783
360	1157
360	1510
361	618
361	797
361	1289
361	1453
362	445
363	588
363	1015
363	1471
363	1559
363	1561
363	1680
364	1172
364	1252
364	1429
364	1689
365	736
365	863
365	1334
365	1348
365	1729
365	1798
366	965
366	995
366	1106
366	1161
366	1227
367	478
367	1249
367	1686
368	820
368	1121
368	1168
368	1634
369	1707
370	617
370	1015
370	1164
371	796
371	1233
371	1641
371	1729
371	1787
372	403
372	462
372	581
372	624
372	698
372	709
372	953
373	521
373	714
374	877
374	1223
375	454
375	922
375	1530
375	1676
376	1108
376	1307
377	823
377	1033
377	1331
377	1763
378	1489
379	645
379	900
379	1264
379	1271
379	1322
380	602
380	1125
380	1471
381	483
381	562
381	1420
382	996
382	1006
382	1296
382	1509
382	1642
382	1717
383	635
383	828
383	1551
383	1733
383	1735
384	779
384	852
384	918
384	1065
384	1258
384	1548
384	1569
384	1768
385	1306
386	668
386	1657
387	565
387	597
387	704
387	1462
388	461
388	1015
388	1364
388	1477
389	660
389	1345
390	1257
391	599
391	720
391	1207
391	1451
391	1586
392	504
392	575
392	953
392	1163
392	1442
393	1299
393	1377
393	1745
394	464
394	960
394	1590
394	1592
395	653
395	712
395	1076
396	1069
396	1668
397	1345
397	1580
397	1627
398	1069
398	1227
398	1310
399	805
399	907
399	1419
399	1598
400	624
400	1068
400	1798
401	674
402	681
402	1385
403	577
403	915
403	1610
404	871
404	1411
404	1717
405	626
405	1673
405	1715
406	544
406	610
406	1090
406	1348
406	1502
407	612
407	631
407	728
407	1220
407	1563
408	984
408	1059
408	1309
408	1355
409	474
409	606
409	1317
409	1389
410	487
410	573
410	979
410	1112
410	1737
410	1774
412	1170
412	1375
412	1399
412	1500
413	632
413	826
413	828
413	881
413	1009
413	1577
413	1695
413	1769
414	1128
414	1267
414	1526
415	655
415	1058
415	1709
415	1738
416	900
416	1798
417	568
417	844
418	635
418	783
418	1636
419	446
419	823
419	880
419	1160
419	1772
420	588
420	857
420	1091
420	1221
420	1646
421	559
421	571
421	1079
421	1458
422	470
422	651
422	1429
423	615
423	792
423	1107
424	847
424	914
424	1647
425	486
426	614
426	1548
427	500
427	649
427	952
427	1135
427	1340
427	1341
427	1423
427	1538
427	1742
428	566
428	1020
428	1267
429	525
429	807
429	1454
429	1589
429	1711
430	826
430	1312
431	935
431	1707
432	895
432	1177
432	1333
432	1417
433	683
433	1270
433	1470
433	1583
434	691
434	790
434	1120
434	1281
435	746
435	1562
436	1155
437	1115
437	1235
437	1557
438	754
438	947
438	1173
438	1519
439	1188
439	1589
439	1613
439	1705
440	827
440	1372
440	1374
440	1499
441	676
441	1481
442	1515
443	565
443	583
443	784
443	970
443	986
443	1548
445	820
445	910
446	597
447	900
447	1192
447	1269
448	605
449	568
449	706
449	1183
449	1371
450	799
450	1641
451	536
451	1192
451	1578
452	516
452	1312
452	1371
452	1462
452	1564
453	1092
454	551
454	1101
455	496
455	886
455	906
456	469
456	823
456	1735
457	567
457	1162
457	1208
457	1499
458	597
458	1387
458	1417
459	498
459	509
459	540
459	1158
459	1332
459	1430
459	1459
459	1747
460	665
460	744
460	1518
461	850
461	863
461	989
461	1229
461	1334
462	1070
463	528
463	681
463	1464
463	1553
463	1622
463	1625
463	1641
463	1702
464	673
464	1666
465	962
465	1123
465	1215
465	1259
465	1533
466	797
466	1430
467	991
467	1314
468	984
468	1642
469	733
469	749
469	1502
470	476
470	734
470	1027
471	657
471	687
471	1257
471	1396
472	1287
472	1293
472	1674
473	961
473	1197
473	1469
473	1622
473	1732
474	1081
474	1635
475	895
476	1041
476	1112
476	1522
477	639
477	1157
478	672
478	949
478	1532
479	672
479	1288
479	1351
480	1253
480	1436
480	1441
480	1731
481	897
481	969
481	1096
481	1742
482	893
482	943
482	1044
482	1173
483	501
484	622
484	840
484	1554
484	1676
485	1289
485	1588
485	1765
486	654
486	743
486	1352
486	1622
487	488
487	1544
487	1715
488	1612
489	802
489	810
489	953
489	1110
489	1187
489	1430
490	711
490	764
490	1753
490	1785
491	1380
491	1750
492	875
493	689
493	772
493	1404
493	1457
493	1782
494	1341
494	1490
495	1353
495	1705
495	1766
496	1671
497	770
497	1634
499	921
499	1162
499	1490
499	1649
500	1715
501	924
502	1105
502	1307
502	1406
502	1512
503	548
503	582
503	935
503	1348
503	1641
504	1610
505	985
505	1039
505	1317
505	1434
505	1755
506	595
507	695
507	1454
507	1710
508	614
508	851
508	905
508	928
508	1022
508	1510
508	1716
509	986
509	1108
509	1705
510	962
510	1079
510	1427
511	579
511	1020
511	1240
511	1385
512	1427
512	1702
512	1782
513	1022
513	1043
513	1052
513	1207
513	1254
513	1629
513	1723
514	617
514	741
514	1051
514	1262
515	695
515	1198
515	1490
516	816
516	1194
517	1115
517	1144
518	584
518	760
518	879
518	898
518	1044
518	1185
519	1360
519	1560
520	868
520	1305
521	1095
521	1102
521	1450
521	1480
521	1649
522	545
522	730
522	912
522	1336
523	913
523	1701
524	747
524	1032
524	1338
524	1546
524	1747
525	732
525	773
526	846
526	978
526	1133
526	1673
526	1735
527	612
527	1069
527	1564
527	1630
527	1720
528	1449
528	1495
528	1499
529	773
529	1249
530	1318
530	1540
530	1787
531	789
531	1005
531	1299
531	1301
532	597
532	839
532	1491
532	1653
532	1733
533	1684
534	1085
535	926
535	1364
536	550
536	1719
538	726
538	895
538	1575
538	1707
539	648
540	579
540	1400
541	774
541	1217
541	1390
541	1621
542	1496
543	598
543	869
543	1199
543	1305
543	1385
543	1431
543	1736
543	1799
544	690
544	751
545	669
545	682
545	838
545	1338
545	1405
545	1497
545	1609
546	796
546	1141
546	1251
546	1354
546	1552
547	604
547	1718
547	1744
548	609
548	785
548	874
548	1135
549	1411
549	1471
550	1166
550	1453
550	1528
551	636
551	771
551	930
551	1149
551	1251
552	759
552	1113
552	1332
553	698
554	991
555	1435
555	1748
555	1754
556	750
556	896
557	1090
557	1682
558	889
558	943
558	1298
559	608
560	864
560	1449
561	882
561	1637
562	699
562	704
562	834
562	908
562	1381
562	1583
563	982
563	1351
563	1779
564	710
564	1333
564	1456
565	927
565	1443
566	1424
567	815
567	1102
567	1537
568	816
568	948
568	1344
569	870
569	1346
570	695
570	1124
570	1432
570	1652
570	1798
571	1076
571	1261
571	1319
571	1338
571	1343
571	1638
572	1479
572	1648
573	658
573	957
573	1481
574	1369
574	1384
575	1698
576	1044
576	1684
577	727
577	1089
577	1165
577	1274
578	734
579	805
579	1271
579	1537
580	1553
582	717
582	751
582	1169
582	1337
582	1499
582	1760
583	975
583	1130
583	1221
583	1671
584	891
584	924
584	1483
585	849
585	1155
586	944
587	1497
588	758
588	1177
588	1259
588	1552
590	735
590	1295
591	1455
591	1753
592	1365
593	661
593	698
593	1135
593	1496
593	1708
593	1755
594	817
595	915
595	1051
595	1145
595	1270
595	1394
595	1417
595	1469
595	1479
595	1563
596	1233
596	1321
597	1221
597	1408
597	1461
598	604
598	928
598	1343
598	1346
598	1779
599	851
599	1063
599	1211
599	1416
599	1464
599	1760
600	655
600	1472
601	732
601	1198
602	799
602	1014
602	1038
602	1168
602	1503
602	1523
602	1699
603	764
603	936
603	1474
604	1042
604	1189
604	1568
604	1762
605	682
605	1679
606	654
606	1573
607	734
607	832
608	969
608	1110
609	1609
610	939
610	967
610	993
610	1353
610	1457
610	1621
611	632
611	942
611	1234
611	1439
612	895
612	1264
612	1408
613	721
613	929
613	1362
614	860
614	1577
615	1239
615	1660
616	937
616	1088
616	1105
616	1198
616	1356
617	695
617	1045
617	1772
618	1692
619	1118
619	1334
619	1514
619	1626
619	1656
619	1661
620	875
620	1135
620	1572
620	1588
621	749
621	1251
622	670
622	1313
622	1430
622	1479
623	1497
623	1578
624	664
624	687
624	894
625	1774
626	710
626	806
627	677
627	1439
627	1535
627	1704
627	1781
628	1322
628	1608
629	810
629	816
629	891
630	1669
631	697
631	744
631	928
632	702
632	732
632	833
632	956
632	1014
632	1068
632	1119
632	1256
632	1564
633	668
633	1511
634	991
635	1208
635	1505
636	717
636	1458
637	764
637	1184
637	1269
637	1390
638	1119
638	1404
638	1752
639	1649
640	1292
640	1579
640	1643
641	1032
641	1393
642	977
642	1181
643	988
643	1709
644	891
646	859
646	1159
646	1753
647	1031
647	1591
648	955
648	1575
650	1292
650	1530
651	1677
652	911
652	1179
652	1315
653	1401
653	1780
654	1006
654	1219
654	1695
655	786
655	1313
655	1637
655	1689
656	1089
657	1038
658	1410
658	1476
659	680
659	1066
659	1381
659	1588
659	1642
660	1311
660	1521
660	1609
660	1797
661	719
661	1488
662	1305
662	1473
663	906
663	1045
664	699
664	889
664	1365
665	671
665	782
665	1449
665	1465
665	1745
666	671
666	825
666	845
666	937
666	973
666	1658
667	1546
668	681
668	744
668	1008
668	1077
669	1237
670	1052
670	1713
671	746
672	710
672	999
672	1363
672	1716
672	1742
673	761
673	1443
674	1280
676	801
676	1092
676	1291
677	992
677	1457
678	714
678	1171
678	1202
678	1242
678	1328
678	1793
679	1118
680	777
680	1241
680	1250
680	1465
683	1365
683	1456
683	1471
684	902
684	1135
684	1229
684	1766
685	1003
685	1292
685	1572
685	1701
686	818
686	1226
686	1285
686	1484
687	688
687	801
687	867
687	1094
687	1107
687	1544
688	749
688	945
688	1003
688	1541
689	964
689	1657
690	837
690	1071
690	1438
690	1664
691	1251
691	1746
692	1518
693	1504
693	1698
694	1252
694	1296
695	714
695	1082
695	1245
697	1762
698	1268
699	1044
699	1169
699	1746
700	892
700	1312
700	1380
700	1634
701	895
701	1731
702	712
702	1230
703	705
703	1128
703	1344
704	1069
704	1460
704	1487
705	1038
705	1278
706	849
706	894
706	1471
707	983
707	985
707	1605
707	1785
708	1520
709	973
709	1010
709	1342
709	1397
709	1768
710	1385
710	1601
710	1641
712	803
713	970
713	1020
713	1707
713	1722
715	942
716	940
717	882
717	1456
718	981
719	953
719	1010
720	1789
721	746
721	896
721	1677
722	810
722	915
722	1006
723	816
723	1129
723	1437
723	1545
723	1775
724	794
724	1500
724	1624
725	818
725	920
725	921
725	1502
725	1745
726	1789
728	942
728	1448
729	859
729	894
729	1695
729	1744
730	819
730	833
731	953
731	1147
731	1551
731	1658
732	1643
733	957
733	1337
733	1498
734	775
734	1207
734	1373
734	1640
734	1767
735	926
735	1194
735	1364
735	1444
736	775
736	1141
736	1627
737	1594
738	1149
738	1514
738	1595
738	1618
739	1190
739	1777
740	1033
740	1273
740	1584
741	1091
741	1161
741	1349
741	1677
742	774
742	940
742	1283
742	1494
742	1537
742	1782
743	1346
744	849
744	865
744	1284
744	1584
745	1113
745	1247
745	1261
745	1516
747	754
747	1121
747	1159
747	1483
747	1568
748	1053
748	1287
748	1481
748	1554
749	986
749	1089
750	908
750	928
750	1161
750	1479
752	804
752	997
752	1053
752	1376
752	1746
753	1610
753	1617
753	1742
754	1318
754	1486
755	932
756	938
756	1310
756	1329
756	1507
756	1592
757	814
757	889
758	917
758	999
758	1154
758	1252
758	1310
758	1418
759	983
759	1036
759	1086
759	1129
759	1254
759	1707
759	1724
759	1734
760	905
761	1217
762	1271
762	1432
764	1166
764	1188
765	1499
766	852
766	1015
766	1205
766	1258
767	982
767	1009
768	1636
768	1658
768	1718
769	1360
769	1536
769	1777
770	1054
770	1292
770	1594
771	786
771	1239
772	1340
773	968
774	801
774	1238
774	1318
774	1655
775	820
775	1586
776	1617
777	787
777	855
777	1350
777	1382
777	1667
778	817
778	1208
778	1536
778	1737
778	1765
779	1533
779	1544
780	1319
780	1550
781	973
781	1067
781	1089
781	1771
782	875
782	1408
782	1669
782	1681
782	1732
783	952
783	1030
783	1429
783	1690
784	1026
784	1310
784	1645
785	792
785	930
785	1300
786	1443
786	1725
787	1178
788	928
788	984
788	1010
788	1026
788	1578
789	1265
789	1373
789	1634
789	1705
790	1379
790	1633
791	1352
792	936
792	1205
793	1153
793	1193
795	1176
796	1121
796	1784
797	888
797	1260
797	1369
798	1060
798	1076
799	1179
799	1606
799	1731
800	1188
800	1279
800	1417
800	1536
801	879
801	995
801	1532
802	1164
802	1182
802	1201
802	1282
802	1722
803	885
803	890
803	919
803	1282
803	1666
804	924
804	1494
804	1578
804	1582
805	1251
806	900
806	1582
807	910
807	1282
807	1382
807	1592
807	1733
808	841
808	1212
808	1675
809	977
809	1111
810	1314
811	1761
813	1068
813	1084
813	1139
813	1412
813	1696
814	1228
814	1378
814	1648
815	1436
815	1611
817	1087
817	1419
817	1443
817	1611
818	856
819	835
819	1366
820	836
820	1060
820	1430
821	960
821	1038
821	1092
822	1742
823	905
823	1507
824	1133
824	1520
824	1536
825	1141
825	1376
826	848
826	964
826	1629
826	1757
828	1226
828	1394
828	1735
829	1119
829	1414
830	1358
831	866
831	1115
831	1177
831	1311
832	1044
833	1734
834	850
834	950
835	1470
836	1353
836	1437
837	1093
837	1116
837	1354
837	1436
837	1689
837	1785
838	881
838	1556
839	963
839	1013
839	1214
840	1249
840	1626
841	1678
842	1275
843	1622
844	1067
845	1583
845	1638
847	997
847	1151
847	1617
847	1793
848	957
849	861
849	983
850	1109
850	1347
851	1404
853	1274
854	1191
855	1562
855	1567
855	1573
855	1578
855	1697
855	1760
856	1006
858	1460
860	1101
860	1293
861	1149
862	1605
862	1674
863	944
863	959
863	1437
863	1522
863	1547
863	1748
864	930
864	1226
864	1300
864	1753
865	979
865	1312
866	1119
866	1623
866	1685
867	1091
867	1411
868	909
868	920
870	1078
870	1111
870	1170
871	1108
871	1594
871	1714
872	1058
873	918
873	1141
873	1162
873	1318
873	1745
874	1019
875	1676
875	1715
876	992
876	1263
876	1387
877	1785
878	1146
878	1308
878	1675
879	1536
880	1108
880	1489
881	1308
882	940
883	1009
883	1164
884	926
884	1257
884	1561
885	1357
886	1374
886	1640
887	1761
889	1463
890	950
890	1660
891	1666
891	1697
893	1677
894	1543
895	1379
895	1536
896	1466
896	1589
898	1629
899	1235
900	1367
901	987
901	1188
901	1345
902	939
902	1318
902	1364
903	1232
903	1351
904	1720
906	1021
907	958
907	1107
907	1182
908	1589
908	1671
909	1551
910	1048
910	1605
911	1301
911	1687
912	922
912	1261
912	1286
912	1293
913	1012
913	1192
913	1545
913	1630
914	1075
914	1220
914	1229
914	1441
914	1568
915	1183
915	1775
916	957
916	1082
916	1169
916	1349
916	1565
917	1200
917	1344
918	979
918	1328
918	1585
919	1633
920	1041
920	1147
920	1326
920	1725
922	1282
922	1485
923	1255
924	1078
925	1174
925	1197
925	1324
925	1646
925	1706
926	979
926	1018
926	1365
926	1683
927	1294
927	1730
928	1522
928	1683
928	1717
929	1047
929	1468
930	1046
930	1092
930	1186
930	1255
930	1455
930	1706
931	1200
932	978
933	1059
933	1150
933	1153
933	1489
934	1231
935	1150
936	947
936	1310
937	1464
937	1563
938	1664
939	1135
939	1416
941	1256
941	1327
941	1657
942	1535
943	1101
943	1250
943	1354
946	1259
946	1445
946	1489
947	1464
947	1527
947	1584
948	1237
948	1366
948	1492
948	1503
949	1060
949	1137
949	1559
949	1613
950	976
950	1096
950	1237
950	1342
950	1417
951	1179
951	1463
951	1646
952	1674
953	1045
953	1127
953	1221
953	1351
953	1441
954	1159
955	977
955	1434
956	1087
956	1119
956	1155
956	1224
956	1441
956	1490
956	1558
957	1051
957	1074
957	1316
959	1166
960	1055
960	1517
961	1364
963	1073
963	1785
964	1035
964	1194
964	1425
964	1483
964	1729
965	1350
966	1234
966	1296
966	1638
967	1509
969	1183
969	1206
971	1713
972	981
972	1007
972	1201
972	1408
972	1525
972	1608
973	1169
973	1332
973	1396
973	1400
973	1526
973	1569
974	1075
974	1564
974	1787
976	1421
976	1643
978	1070
979	985
979	1604
980	1604
981	1452
981	1487
981	1506
981	1539
981	1614
981	1622
981	1739
983	1496
983	1694
984	1091
985	1008
985	1650
985	1759
986	1513
988	1224
988	1584
990	1247
990	1298
990	1675
991	1312
991	1400
993	1648
993	1700
994	1189
994	1256
994	1648
994	1671
995	1046
997	1247
999	1331
999	1565
1001	1084
1001	1194
1001	1497
1002	1132
1002	1171
1002	1638
1002	1659
1002	1661
1003	1032
1003	1406
1003	1674
1004	1358
1004	1733
1005	1514
1005	1742
1006	1232
1006	1443
1007	1064
1007	1697
1008	1135
1010	1574
1011	1088
1012	1059
1012	1735
1013	1304
1013	1366
1014	1202
1014	1309
1015	1487
1016	1746
1017	1084
1017	1402
1017	1632
1017	1718
1018	1340
1019	1386
1020	1470
1021	1258
1021	1332
1021	1502
1022	1479
1022	1500
1022	1671
1023	1446
1023	1465
1023	1741
1024	1185
1024	1234
1024	1463
1025	1375
1025	1454
1026	1341
1026	1460
1026	1485
1026	1513
1026	1732
1030	1252
1031	1110
1031	1323
1033	1065
1033	1442
1033	1605
1034	1744
1035	1247
1035	1251
1036	1068
1036	1691
1036	1734
1037	1319
1037	1616
1037	1721
1038	1509
1038	1649
1039	1519
1040	1047
1040	1318
1040	1728
1041	1679
1042	1131
1043	1368
1044	1471
1044	1652
1045	1130
1045	1345
1045	1682
1046	1242
1046	1578
1047	1054
1047	1601
1047	1707
1047	1724
1047	1795
1048	1502
1048	1618
1049	1145
1049	1466
1050	1249
1050	1282
1051	1149
1051	1706
1052	1095
1052	1777
1053	1320
1053	1513
1055	1249
1055	1393
1056	1582
1056	1797
1057	1326
1058	1211
1059	1326
1059	1742
1060	1764
1061	1286
1061	1308
1061	1555
1062	1207
1062	1694
1062	1722
1063	1569
1064	1274
1064	1655
1065	1087
1065	1386
1066	1204
1066	1245
1066	1360
1066	1541
1067	1653
1067	1686
1068	1697
1068	1741
1069	1103
1069	1655
1069	1686
1070	1294
1070	1545
1071	1126
1072	1338
1072	1358
1072	1459
1073	1236
1073	1332
1073	1561
1074	1241
1074	1338
1075	1773
1076	1524
1076	1703
1077	1733
1078	1285
1078	1764
1079	1314
1079	1674
1080	1167
1080	1228
1080	1238
1080	1305
1081	1434
1081	1475
1082	1422
1082	1452
1082	1614
1082	1644
1083	1110
1084	1455
1086	1101
1086	1156
1086	1571
1086	1635
1087	1254
1087	1460
1087	1719
1088	1710
1089	1225
1089	1654
1090	1222
1090	1444
1090	1613
1090	1639
1091	1224
1091	1384
1091	1533
1092	1494
1093	1134
1094	1298
1096	1400
1097	1580
1097	1611
1098	1140
1098	1332
1099	1715
1100	1192
1100	1738
1100	1769
1101	1659
1102	1124
1103	1253
1103	1415
1103	1653
1103	1733
1104	1163
1105	1333
1105	1739
1106	1377
1108	1627
1110	1321
1110	1330
1110	1408
1110	1443
1110	1471
1110	1560
1110	1741
1111	1378
1111	1523
1112	1660
1113	1567
1114	1391
1115	1317
1115	1737
1116	1705
1117	1635
1117	1642
1118	1687
1119	1173
1119	1797
1120	1278
1120	1494
1120	1507
1120	1616
1121	1523
1122	1698
1123	1216
1125	1617
1126	1352
1127	1722
1128	1705
1129	1743
1130	1267
1130	1277
1132	1142
1132	1556
1135	1450
1136	1531
1137	1536
1137	1605
1138	1439
1138	1596
1139	1282
1139	1360
1140	1243
1144	1555
1145	1423
1145	1755
1146	1677
1147	1158
1147	1640
1148	1259
1148	1554
1149	1221
1150	1338
1150	1368
1151	1631
1151	1635
1153	1555
1154	1539
1156	1628
1157	1196
1157	1465
1159	1173
1160	1197
1160	1347
1160	1543
1161	1687
1162	1303
1162	1326
1162	1473
1163	1345
1164	1258
1164	1306
1164	1344
1164	1692
1165	1234
1165	1468
1166	1714
1166	1771
1167	1422
1168	1540
1168	1783
1169	1179
1169	1290
1171	1310
1171	1793
1172	1201
1173	1291
1173	1452
1173	1704
1175	1611
1177	1525
1177	1586
1178	1658
1179	1309
1180	1359
1180	1397
1180	1682
1181	1320
1182	1746
1183	1275
1183	1635
1184	1203
1184	1392
1184	1424
1184	1486
1185	1359
1187	1480
1188	1286
1188	1797
1190	1303
1190	1461
1191	1484
1191	1602
1193	1750
1194	1730
1194	1756
1194	1776
1195	1584
1195	1710
1196	1419
1197	1345
1197	1466
1198	1509
1199	1750
1200	1264
1200	1556
1202	1468
1202	1758
1203	1260
1203	1568
1204	1704
1205	1419
1205	1469
1205	1527
1205	1552
1205	1566
1207	1269
1207	1315
1207	1323
1207	1358
1207	1472
1207	1747
1208	1447
1208	1611
1208	1750
1210	1371
1210	1621
1210	1656
1210	1764
1211	1243
1211	1438
1211	1574
1211	1721
1211	1746
1211	1782
1213	1298
1213	1384
1214	1347
1216	1350
1216	1454
1216	1546
1217	1293
1217	1545
1219	1576
1219	1755
1220	1456
1221	1276
1221	1282
1222	1430
1222	1440
1223	1576
1224	1262
1224	1344
1224	1710
1225	1298
1225	1479
1225	1535
1225	1575
1227	1244
1227	1433
1228	1266
1228	1520
1229	1613
1230	1588
1231	1687
1232	1242
1232	1605
1233	1309
1234	1530
1234	1609
1235	1239
1235	1398
1235	1571
1235	1665
1236	1333
1236	1471
1237	1257
1238	1294
1238	1767
1239	1348
1239	1703
1240	1335
1241	1327
1241	1445
1241	1553
1242	1614
1243	1658
1243	1776
1244	1315
1246	1407
1246	1493
1247	1712
1249	1465
1250	1508
1251	1365
1252	1300
1252	1311
1252	1338
1252	1385
1252	1613
1253	1427
1253	1484
1253	1605
1254	1546
1258	1277
1260	1445
1260	1735
1260	1781
1261	1522
1261	1636
1263	1551
1267	1324
1267	1611
1268	1650
1269	1559
1269	1747
1270	1402
1272	1486
1272	1604
1273	1311
1273	1645
1275	1419
1275	1552
1275	1676
1275	1763
1276	1636
1277	1486
1279	1385
1279	1607
1279	1686
1280	1341
1280	1506
1282	1324
1282	1591
1284	1692
1285	1718
1285	1739
1286	1738
1287	1458
1288	1386
1288	1713
1289	1773
1290	1397
1291	1393
1291	1466
1296	1385
1296	1766
1297	1446
1298	1453
1298	1498
1298	1508
1298	1753
1300	1323
1301	1407
1301	1594
1302	1770
1304	1392
1305	1486
1307	1475
1307	1597
1307	1615
1308	1636
1310	1454
1312	1459
1312	1542
1312	1716
1313	1519
1313	1544
1313	1646
1315	1504
1315	1546
1316	1717
1316	1727
1317	1744
1318	1422
1318	1497
1320	1556
1320	1647
1321	1329
1321	1592
1324	1630
1325	1512
1326	1566
1326	1639
1326	1688
1328	1348
1330	1351
1330	1372
1330	1546
1331	1688
1331	1753
1332	1491
1332	1496
1333	1507
1334	1383
1334	1613
1336	1442
1339	1658
1341	1627
1342	1495
1342	1791
1344	1408
1344	1601
1348	1456
1349	1456
1350	1455
1350	1696
1351	1446
1351	1597
1352	1563
1353	1542
1354	1373
1356	1468
1356	1572
1356	1673
1357	1640
1358	1468
1360	1428
1361	1476
1363	1413
1364	1377
1364	1618
1368	1400
1368	1749
1370	1593
1370	1698
1373	1624
1374	1593
1376	1754
1377	1544
1377	1720
1378	1727
1380	1628
1380	1642
1382	1608
1382	1644
1383	1465
1383	1611
1385	1783
1385	1787
1387	1409
1387	1411
1387	1519
1388	1576
1391	1596
1393	1503
1395	1521
1395	1768
1396	1775
1398	1416
1401	1611
1401	1786
1402	1505
1403	1796
1404	1654
1405	1530
1405	1541
1408	1541
1408	1609
1409	1540
1409	1781
1413	1562
1414	1420
1415	1476
1415	1484
1415	1697
1416	1641
1417	1587
1419	1476
1423	1523
1423	1680
1424	1456
1425	1547
1425	1652
1426	1543
1426	1579
1426	1584
1429	1758
1430	1633
1430	1704
1431	1564
1431	1719
1433	1485
1434	1477
1435	1551
1435	1599
1438	1491
1438	1497
1438	1734
1440	1442
1440	1499
1440	1608
1442	1571
1446	1671
1447	1745
1448	1511
1449	1460
1449	1782
1450	1573
1450	1604
1451	1559
1453	1686
1454	1620
1455	1515
1455	1649
1455	1653
1456	1577
1457	1541
1459	1570
1460	1508
1462	1598
1463	1520
1463	1763
1464	1696
1464	1732
1466	1488
1467	1548
1468	1562
1470	1619
1470	1730
1471	1504
1476	1628
1476	1765
1477	1554
1478	1493
1478	1510
1481	1514
1481	1708
1482	1550
1486	1545
1486	1658
1487	1597
1487	1663
1488	1617
1488	1799
1489	1621
1495	1496
1495	1742
1496	1537
1499	1690
1501	1546
1501	1726
1503	1571
1509	1513
1509	1744
1511	1775
1512	1589
1513	1600
1513	1673
1513	1757
1514	1596
1521	1778
1522	1570
1524	1757
1526	1603
1528	1567
1529	1798
1534	1697
1538	1772
1542	1578
1542	1700
1543	1732
1545	1753
1548	1636
1554	1705
1555	1706
1557	1688
1559	1569
1560	1572
1565	1729
1565	1756
1568	1764
1570	1683
1573	1673
1573	1758
1574	1615
1574	1698
1577	1602
1579	1792
1581	1698
1581	1753
1582	1674
1583	1611
1589	1693
1591	1720
1594	1790
1606	1651
1608	1699
1609	1667
1612	1727
1616	1767
1620	1678
1621	1722
1623	1713
1627	1651
1627	1657
1631	1644
1631	1716
1632	1749
1632	1784
1634	1745
1636	1668
1636	1776
1636	1777
1640	1684
1641	1765
1642	1671
1647	1671
1650	1686
1650	1768
1651	1701
1653	1677
1655	1718
1656	1787
1659	1748
1661	1788
1664	1697
1664	1711
1665	1675
1682	1705
1686	1738
1688	1714
1693	1767
1694	1704
1695	1708
1707	1739
1708	1797
1709	1748
1713	1779
1719	1764
1721	1798
1722	1767
1723	1795
1727	1796
1730	1746
1737	1740
1742	1744
1754	1799