0	663
0	1100
0	1122
1	127
1	498
1	541
1	809
1	1109
1	1602
2	268
2	1352
3	634
3	910
3	970
4	107
4	884
4	897
4	1389
4	1430
5	363
5	857
5	913
6	1195
7	133
7	136
7	1519
8	512
8	913
8	1454
9	1094
9	1250
10	79
10	1254
10	1713
11	260
11	714
11	878
11	1237
11	1244
12	582
12	594
12	1102
12	1262
12	1358
13	263
13	419
13	789
13	1079
13	1223
13	1596
14	613
14	684
14	1252
14	1593
15	24
15	1084
16	370
16	760
16	1541
17	975
17	1057
17	1178
18	1246
19	489
19	512
19	555
19	732
19	742
19	990
19	1733
19	1742
20	686
20	885
20	920
21	284
21	981
21	1243
21	1544
21	1596
22	188
22	265
22	368
22	452
22	598
22	883
22	893
22	956
22	1012
23	251
23	714
23	785
24	40
24	348
24	488
24	1685
25	82
25	191
25	299
26	34
26	573
26	852
26	1053
26	1252
26	1289
26	1566
26	1638
27	1416
27	1653
28	1529
28	1554
29	106
29	524
29	1197
29	1587
30	924
31	326
31	897
32	44
32	86
32	816
33	658
33	1103
33	1498
34	1141
34	1544
34	1576
35	631
35	659
36	50
36	506
36	515
36	941
36	1426
36	1578
36	1684
37	61
37	257
37	359
37	396
37	1084
37	1129
37	1269
37	1745
38	1079
38	1574
38	1601
39	311
39	627
39	1005
39	1277
39	1327
39	1669
40	406
40	535
40	758
40	1221
41	1559
41	1702
42	702
42	876
43	190
43	935
43	1489
43	1593
43	1780
44	378
44	775
44	887
44	1726
45	49
45	158
45	1187
45	1269
45	1439
45	1498
45	1552
45	1641
46	64
46	600
46	700
46	1242
46	1324
47	805
47	979
48	1118
48	1339
48	1594
49	570
49	703
49	857
50	600
50	663
50	906
50	923
50	1332
50	1523
50	1719
51	338
51	563
51	885
51	1124
51	1397
51	1472
52	169
52	878
52	919
52	1286
52	1488
52	1670
52	1677
53	251
53	1235
53	1398
54	140
54	408
54	456
54	500
54	501
54	729
54	919
54	942
54	1072
54	1088
54	1411
54	1712
55	398
56	315
56	776
56	1111
56	1278
57	159
57	1397
57	1631
57	1689
58	838
58	1424
59	629
59	642
59	976
59	1152
60	271
60	375
60	408
60	555
60	1104
60	1560
61	883
61	1011
61	1028
62	553
62	1144
62	1307
62	1683
63	599
63	714
63	1308
63	1592
63	1691
64	348
64	629
64	722
64	1055
64	1142
65	139
65	308
65	1014
65	1032
65	1133
65	1414
66	495
66	789
66	1202
66	1612
66	1746
67	76
67	349
67	376
67	639
67	662
67	711
67	1215
67	1767
68	225
68	230
68	507
68	1274
68	1721
69	305
69	1585
70	396
70	1156
70	1369
70	1570
71	869
72	384
72	766
73	309
73	327
73	544
73	562
73	1294
73	1309
73	1325
74	1018
74	1584
74	1675
75	237
75	439
75	504
75	1262
75	1670
76	198
76	634
76	650
76	1009
76	1697
77	270
77	322
77	375
77	744
77	1128
77	1451
77	1501
77	1737
78	482
78	577
78	1048
79	329
79	481
79	1018
79	1704
80	603
80	927
80	1172
81	504
81	723
81	727
81	1411
81	1477
82	784
82	1048
82	1530
83	374
83	1021
84	126
84	1697
85	845
85	1023
85	1646
86	131
86	781
86	1416
87	191
87	700
88	893
88	1174
89	584
89	834
89	1777
90	736
90	1176
90	1303
90	1570
91	209
91	712
91	1543
92	619
92	1403
93	709
93	1044
93	1344
93	1542
94	459
94	647
94	1223
94	1779
95	137
95	1350
95	1436
95	1477
96	1213
97	351
97	707
97	718
97	978
97	995
98	254
98	656
99	1245
100	203
100	336
100	860
100	1039
101	387
101	1118
102	111
102	364
102	1015
102	1363
102	1388
102	1609
103	1206
104	142
104	206
104	241
104	464
104	1109
104	1795
105	169
105	694
105	1009
105	1361
106	354
107	317
107	442
107	911
108	182
108	662
108	1334
109	330
109	472
109	751
109	1048
109	1112
109	1160
109	1209
109	1413
110	352
110	775
110	816
110	1291
111	131
111	337
111	384
111	444
111	510
111	1167
111	1177
112	562
112	1348
113	529
113	630
113	1316
113	1468
114	1252
114	1638
114	1664
115	126
115	163
115	577
115	684
115	821
115	978
115	1286
115	1485
116	384
116	467
116	470
116	620
116	703
116	1135
116	1242
117	418
117	455
117	795
117	875
117	1009
117	1088
117	1187
117	1329
118	611
118	1505
119	579
119	657
119	1448
119	1716
120	439
120	525
120	677
120	1371
121	1120
121	1542
121	1709
122	145
122	920
122	1035
122	1137
122	1191
123	671
123	818
123	1634
123	1719
124	258
124	391
124	1499
124	1699
125	404
125	595
125	1668
126	127
126	176
126	604
126	659
126	1118
126	1322
126	1506
126	1513
127	670
127	792
127	1008
127	1487
127	1775
128	150
128	766
128	781
128	808
128	999
128	1363
129	943
129	1597
130	351
130	772
130	819
130	1519
130	1536
131	858
131	1325
131	1546
132	188
132	535
132	1217
132	1497
133	497
133	647
133	690
133	1077
133	1464
133	1771
134	313
134	331
134	391
134	408
134	532
134	569
134	607
134	608
134	973
134	1416
134	1443
134	1450
135	977
135	1134
135	1198
136	147
136	433
136	504
136	664
136	1001
136	1113
136	1352
137	334
137	774
137	843
137	1106
137	1783
138	577
138	1282
139	144
139	531
139	994
139	1206
139	1419
140	254
140	461
140	622
140	664
140	1624
141	314
141	605
141	622
141	1762
142	643
142	761
143	733
143	1269
143	1440
143	1476
143	1566
144	261
144	405
144	729
144	769
144	927
144	1222
144	1300
144	1546
144	1766
145	204
145	593
145	973
145	1208
145	1396
145	1467
146	1673
146	1747
147	1340
147	1370
147	1763
148	292
148	1051
148	1174
148	1566
149	806
149	1016
150	549
150	848
150	1138
150	1217
150	1479
150	1636
150	1675
151	787
151	962
152	493
152	768
152	794
152	913
152	1412
153	308
153	712
153	1028
154	212
154	270
154	751
154	1112
154	1128
154	1174
154	1305
154	1469
154	1501
155	1671
156	311
156	498
156	700
156	761
156	1362
157	441
157	547
157	638
157	1748
158	238
158	726
158	787
158	1596
158	1605
159	396
159	458
159	804
159	1181
160	390
160	392
160	420
160	689
161	349
161	1318
161	1416
162	222
162	332
162	1093
162	1145
162	1193
162	1579
163	786
163	1285
163	1533
164	272
164	1219
164	1435
164	1440
165	877
165	982
165	1209
165	1372
165	1427
165	1574
165	1585
165	1617
166	213
166	441
166	645
166	942
166	1002
166	1236
166	1317
167	302
167	632
167	668
167	1137
167	1367
167	1432
168	188
168	666
169	304
169	367
169	635
169	751
170	308
170	1069
170	1160
170	1591
171	220
171	404
171	898
172	553
172	1152
172	1295
172	1628
172	1782
173	796
173	911
173	1577
174	498
174	613
174	616
174	1023
174	1096
174	1266
174	1640
174	1729
175	305
175	513
175	1552
175	1620
176	513
177	1523
178	979
178	1533
179	646
179	915
179	1010
179	1116
179	1594
180	191
180	306
180	793
180	995
180	1052
181	349
181	425
181	817
181	969
181	1130
182	329
182	1241
182	1592
182	1783
183	263
184	292
184	430
184	629
184	1208
184	1440
184	1654
185	382
185	480
185	503
185	756
185	1348
185	1577
186	745
186	1497
187	279
187	292
187	522
187	859
187	1761
188	328
188	1141
189	347
189	1720
190	774
191	273
191	310
191	667
191	1296
191	1512
191	1753
192	357
192	1492
192	1687
192	1728
193	310
193	466
193	559
193	750
193	867
193	1363
193	1399
193	1714
194	222
194	228
194	453
194	601
194	1675
195	410
195	518
196	237
196	388
196	570
196	1290
196	1579
196	1705
197	598
197	605
197	1129
197	1231
197	1533
197	1645
198	422
198	510
198	531
198	1282
198	1312
198	1676
199	304
199	1314
200	295
200	421
200	657
200	748
201	1625
201	1765
202	294
202	741
202	1148
203	499
203	902
203	1637
204	322
204	604
204	870
205	533
205	939
205	1075
205	1414
206	415
206	647
206	949
206	1142
206	1588
207	681
207	920
208	392
208	599
208	1066
208	1680
209	1608
210	712
210	1372
210	1644
210	1722
211	580
211	826
211	1221
211	1548
212	288
212	528
212	1190
212	1612
213	269
213	504
213	1149
214	1105
214	1157
214	1504
214	1541
215	518
215	1546
215	1736
215	1787
216	582
216	909
216	1620
217	1625
218	487
218	695
218	739
218	811
218	921
218	980
218	1073
218	1596
219	260
219	283
219	302
219	336
219	342
219	829
219	1361
219	1621
220	336
220	724
220	1221
220	1341
220	1508
220	1744
221	421
221	1067
221	1628
222	1187
223	412
223	1213
223	1428
223	1768
223	1775
224	1760
225	400
225	553
225	855
225	1164
225	1709
226	251
226	504
226	1433
226	1448
226	1692
226	1734
227	237
227	263
227	602
227	804
227	939
228	372
228	602
228	838
229	683
229	1350
230	1309
230	1322
230	1699
230	1726
231	318
231	1680
232	468
232	672
232	1700
233	527
234	513
234	676
234	1075
234	1281
235	290
235	471
235	490
235	516
235	885
235	892
235	971
235	1437
236	381
236	647
236	846
236	1031
236	1382
237	878
237	1397
238	257
238	554
238	1132
238	1267
238	1382
238	1641
238	1737
239	1391
239	1477
240	243
240	629
240	826
240	968
240	1260
240	1719
241	590
241	1362
241	1719
242	366
242	1494
242	1516
242	1762
242	1771
243	447
243	526
243	883
243	977
243	1115
243	1184
243	1376
243	1564
243	1786
244	313
244	488
244	1131
244	1667
245	463
246	1744
247	775
247	971
247	1057
248	1014
248	1075
248	1358
248	1486
248	1681
248	1698
249	1427
249	1583
250	856
250	1088
250	1536
250	1682
250	1771
251	1098
251	1421
252	382
252	702
252	716
252	791
252	798
252	1054
253	486
253	530
253	1261
254	619
254	803
254	955
254	1267
254	1436
254	1477
255	941
255	1787
256	1309
256	1448
256	1733
257	729
257	1710
258	1527
258	1585
258	1601
259	1221
259	1713
260	434
260	790
260	929
260	1006
261	448
261	927
261	1375
262	316
262	379
262	805
262	1280
263	399
263	675
263	709
263	1702
263	1744
264	368
264	394
264	789
264	1089
265	432
265	593
265	1371
266	274
266	296
266	692
266	980
266	1222
267	501
268	632
268	766
268	1684
269	509
269	650
269	1013
269	1511
269	1545
270	588
270	1252
270	1591
271	869
271	1138
271	1504
272	1633
272	1771
273	297
273	587
273	1098
273	1640
273	1683
274	296
274	426
274	1084
274	1088
274	1115
274	1436
274	1652
275	1154
275	1599
275	1778
276	507
276	538
276	1318
276	1561
276	1774
277	749
277	1335
278	324
278	934
278	1205
278	1741
279	352
279	1403
279	1684
279	1771
280	770
280	921
280	972
281	919
282	565
282	1015
282	1240
282	1340
282	1572
283	992
283	1292
284	397
284	1039
284	1307
284	1654
285	1691
286	845
286	921
286	940
286	1175
287	852
288	1775
289	449
289	618
289	738
289	898
289	915
289	1036
289	1476
290	924
290	1119
290	1426
291	349
291	1560
292	1074
293	521
293	554
293	773
293	863
293	1464
293	1746
294	365
294	958
295	783
295	1233
295	1417
296	916
296	1415
296	1602
296	1786
297	914
297	1031
298	405
298	466
298	637
298	1094
298	1381
298	1695
299	548
300	438
300	571
300	870
300	888
301	1280
301	1510
301	1692
302	663
302	988
302	1061
302	1685
303	1025
304	457
304	858
304	1318
304	1563
304	1668
305	649
305	704
305	1276
305	1399
305	1610
307	1695
308	564
308	615
308	938
308	1392
308	1723
308	1757
308	1790
309	456
309	983
309	1626
309	1686
310	956
310	967
310	1277
311	994
312	787
312	1149
312	1159
312	1397
312	1573
312	1584
312	1784
313	415
313	519
313	919
313	1444
314	427
314	1126
314	1450
315	369
315	1370
315	1512
316	423
316	1063
316	1682
317	511
317	1385
317	1475
318	712
318	1352
318	1696
318	1785
319	616
319	1290
319	1459
320	522
320	664
320	1070
321	794
321	973
321	1285
321	1627
322	746
322	780
322	1075
323	912
323	1324
323	1355
323	1516
324	1264
324	1752
325	1077
325	1321
326	497
326	551
326	767
326	1646
327	754
327	871
327	1280
327	1346
327	1459
328	517
328	858
328	1219
328	1518
328	1547
328	1720
329	894
329	1313
329	1477
329	1626
330	857
330	1038
331	562
331	966
331	1581
332	704
333	408
333	792
333	1293
333	1509
333	1606
334	513
334	802
334	1160
334	1370
334	1774
334	1798
335	1134
336	705
336	780
336	1672
337	383
337	409
337	688
337	818
337	1158
337	1180
337	1538
338	567
338	1444
339	757
339	883
339	932
340	1101
341	430
341	744
341	850
341	861
341	898
341	1508
341	1739
342	511
342	820
342	1204
342	1595
342	1748
343	917
343	1020
343	1133
343	1474
344	1022
344	1031
344	1221
345	815
345	1274
345	1330
345	1519
346	891
346	988
347	979
347	1290
347	1464
347	1610
347	1792
348	509
348	1110
348	1123
348	1215
348	1783
349	672
349	1468
349	1711
349	1741
350	1500
351	355
351	698
351	1545
351	1582
352	661
352	1080
352	1761
353	359
353	1333
353	1395
353	1627
354	433
354	511
354	782
354	865
354	1046
354	1192
355	387
355	840
355	1009
355	1636
355	1797
356	736
356	1109
356	1665
357	970
357	1073
358	612
358	961
358	1310
358	1516
359	766
359	804
359	1166
359	1424
360	460
360	794
360	1109
360	1417
360	1607
361	768
361	866
361	913
361	1590
362	894
362	1652
362	1780
363	709
363	766
363	1392
363	1720
364	474
364	526
364	861
364	1001
364	1058
364	1486
364	1507
364	1521
365	1090
365	1115
365	1646
365	1681
366	562
366	564
366	1108
366	1115
366	1611
366	1701
367	1302
367	1778
368	879
368	1635
369	388
369	767
369	875
370	1063
370	1142
370	1225
370	1338
371	506
371	677
371	1136
372	415
373	1492
374	933
375	1689
376	1436
377	447
377	494
377	807
377	895
378	813
378	817
378	1354
379	460
379	538
379	987
380	699
380	1320
380	1511
381	423
381	948
381	1380
382	539
382	796
382	949
382	1334
382	1418
382	1682
383	655
383	1049
383	1365
383	1420
384	596
384	973
384	1101
384	1126
384	1159
384	1274
384	1724
385	1012
385	1115
385	1462
386	733
386	1150
387	836
387	837
387	905
387	972
387	1595
388	419
388	564
388	729
388	953
388	1309
389	1043
389	1336
390	562
390	1202
390	1239
390	1354
391	842
391	1570
392	864
392	1011
392	1446
393	529
393	549
393	875
393	990
393	1296
393	1331
394	715
394	793
394	1588
394	1799
395	895
396	1280
396	1293
396	1364
396	1406
397	634
397	713
397	1092
397	1166
397	1698
398	559
398	778
398	1139
398	1733
399	970
399	974
399	1154
399	1218
399	1354
400	511
400	542
400	557
400	1227
400	1335
400	1417
400	1700
401	584
401	1572
402	721
402	830
402	945
403	910
403	1224
403	1305
403	1355
403	1547
404	1748
405	1742
405	1796
406	500
406	669
406	672
406	774
406	928
406	954
406	1442
407	444
407	478
407	1032
408	899
408	1177
408	1635
409	472
410	438
410	826
410	844
410	938
410	1028
410	1146
410	1254
410	1284
410	1385
411	723
411	729
411	741
413	1030
413	1060
413	1355
414	429
414	468
414	858
414	1130
414	1265
414	1566
414	1742
415	889
415	1178
415	1278
415	1410
415	1552
415	1612
416	1060
417	1593
418	597
418	784
418	807
418	1026
418	1777
419	627
419	1289
419	1654
419	1723
420	457
420	1139
421	467
421	964
421	1206
421	1543
421	1757
422	497
422	920
423	561
423	1308
423	1775
424	589
424	1581
426	784
426	981
426	1696
426	1737
427	1054
428	678
428	894
428	1215
428	1398
428	1687
429	531
429	698
429	989
429	1028
429	1257
429	1592
430	956
430	1221
430	1513
430	1742
431	912
431	1757
432	639
432	1496
432	1588
432	1660
433	744
433	756
433	759
433	919
433	1216
433	1617
434	1072
434	1453
434	1742
435	715
435	1274
435	1527
436	750
436	922
436	1047
436	1134
436	1376
437	509
439	848
439	925
439	1056
439	1744
440	957
440	1524
441	1123
441	1592
441	1599
442	513
442	1075
442	1096
443	780
444	686
444	1018
444	1041
444	1563
444	1649
445	694
445	867
445	1063
445	1124
445	1647
446	1339
446	1399
447	716
447	1431
447	1732
448	869
449	856
449	1705
450	1060
450	1173
451	511
451	635
451	984
451	1172
451	1510
452	632
452	657
452	759
452	808
452	1217
452	1595
453	1552
453	1715
453	1747
454	519
454	664
454	693
454	970
454	1234
454	1736
455	564
455	1021
455	1071
455	1197
455	1776
456	486
457	1268
458	498
458	562
458	589
458	738
458	1600
458	1618
459	521
460	634
460	719
460	952
460	1569
462	1525
463	1176
463	1217
464	562
464	1392
464	1665
464	1778
465	845
465	876
465	995
465	1068
465	1204
465	1225
465	1509
465	1782
466	613
466	1526
467	560
467	1303
467	1550
467	1640
468	1246
468	1799
469	696
469	1020
469	1203
469	1264
470	641
470	1088
470	1202
470	1236
470	1287
471	573
471	656
471	1612
471	1656
472	601
472	719
472	1251
472	1375
472	1416
473	619
473	1103
473	1722
474	503
474	975
474	1146
474	1412
474	1664
475	997
475	1335
475	1543
475	1676
476	655
476	700
476	1112
477	689
477	1744
479	543
479	632
479	921
479	1468
480	701
480	703
480	1051
481	981
481	1190
482	752
482	1117
483	567
483	936
483	1107
483	1202
483	1509
483	1586
484	690
484	1003
484	1374
485	540
485	623
485	1730
486	612
486	856
486	958
486	1559
487	692
487	1004
487	1063
487	1207
487	1693
489	1136
489	1198
490	1628
490	1764
491	629
491	959
491	1346
491	1522
491	1775
492	697
492	699
492	771
492	1139
493	545
493	1020
493	1114
493	1540
494	945
495	782
495	923
496	648
496	1183
496	1662
498	547
498	744
498	1082
498	1635
499	559
499	626
499	732
499	1397
499	1507
499	1793
500	715
500	782
500	821
500	903
500	1476
500	1749
501	1123
501	1744
502	1105
502	1225
502	1360
502	1784
503	762
503	1492
504	1585
504	1680
505	958
505	1426
506	1269
506	1412
507	1300
507	1589
507	1777
508	712
508	726
508	897
508	1149
509	739
509	778
510	550
511	788
511	1528
511	1668
511	1768
512	1086
513	1306
513	1447
514	541
514	763
514	1316
514	1346
514	1364
515	559
515	560
515	979
515	1413
516	540
516	1098
516	1129
516	1180
516	1466
517	975
517	998
517	1674
517	1690
518	980
518	1054
518	1096
518	1136
518	1263
518	1321
518	1512
520	789
521	969
521	975
521	1442
522	1613
523	637
523	677
523	1031
523	1467
524	717
524	799
524	1752
525	715
525	757
525	898
525	1287
525	1616
526	720
526	832
526	1515
527	716
527	1293
528	799
528	918
528	1195
528	1284
528	1658
528	1679
528	1752
529	885
530	824
530	870
530	1123
530	1641
531	1352
531	1513
531	1567
531	1725
533	536
533	610
533	1618
534	967
534	1243
535	1236
536	1423
537	632
537	1650
538	773
539	550
539	563
539	1282
540	1111
540	1615
541	1581
541	1587
542	1136
542	1678
544	988
544	1297
545	1255
545	1285
545	1393
545	1457
545	1781
546	615
546	1332
547	1003
547	1023
547	1182
547	1203
548	1448
548	1566
549	821
549	1583
550	1336
550	1455
550	1547
550	1587
550	1763
551	572
551	639
551	931
551	1283
551	1385
552	646
552	952
552	1687
553	897
553	939
553	1095
553	1275
554	594
555	758
555	1015
556	922
556	1215
556	1502
556	1608
557	843
557	885
557	1088
557	1471
557	1720
558	672
558	1474
558	1797
559	1564
560	564
560	587
560	648
560	1612
561	944
562	666
562	772
562	1057
562	1473
563	804
563	1139
563	1214
564	627
564	1430
564	1530
564	1550
565	1587
565	1652
566	835
566	897
566	1393
566	1572
567	779
567	1253
567	1579
567	1783
568	615
568	933
568	1045
569	620
569	847
569	861
569	1155
569	1261
569	1282
570	655
570	1064
570	1497
570	1568
570	1645
571	1172
571	1213
571	1300
572	1459
572	1491
572	1654
573	703
573	815
573	1089
573	1106
574	808
574	964
574	1052
574	1157
574	1575
575	727
575	1620
575	1743
576	584
576	809
576	1330
576	1403
577	1023
577	1637
578	781
578	823
578	911
579	772
579	1146
579	1361
579	1695
579	1736
580	714
580	1284
580	1732
581	1480
582	939
582	1659
583	1662
584	1018
584	1611
584	1726
585	824
585	1359
585	1622
586	1035
586	1058
586	1202
586	1642
587	1188
587	1234
587	1763
588	598
588	969
588	1620
588	1735
588	1759
590	1353
590	1569
591	1602
592	713
592	1104
592	1165
592	1493
592	1607
594	657
594	1582
595	1427
596	1072
596	1225
596	1391
597	606
597	704
597	1026
597	1049
597	1068
597	1071
597	1212
597	1427
600	999
600	1130
600	1212
601	614
601	1695
601	1741
602	1486
603	1484
604	1011
605	651
605	675
605	1182
605	1188
605	1473
606	723
606	1126
607	1149
607	1639
608	661
608	726
608	1385
609	1257
609	1296
609	1343
609	1348
610	855
610	904
610	972
610	1628
610	1687
611	1267
611	1299
611	1589
613	645
613	732
613	1396
614	1357
614	1533
615	628
615	1391
615	1448
616	702
616	780
616	908
616	1517
617	685
617	1432
617	1471
617	1610
617	1631
618	948
618	1422
619	858
619	1231
619	1512
620	660
620	665
620	910
620	1746
621	625
621	750
622	801
622	1280
623	761
623	1385
624	1365
624	1508
624	1517
625	752
626	1091
626	1495
627	697
627	943
627	1797
628	636
628	645
628	1484
630	706
630	766
630	1437
630	1464
631	642
631	1047
632	793
632	1082
632	1530
632	1754
632	1793
633	702
633	1388
635	1143
635	1319
635	1365
635	1416
635	1461
635	1513
636	821
636	1217
636	1219
636	1394
636	1411
637	1059
638	708
639	1013
639	1128
639	1154
639	1295
640	768
640	784
640	1187
640	1256
640	1311
640	1464
641	1035
641	1404
641	1485
642	817
642	902
642	1353
643	720
643	939
644	853
644	1388
645	683
645	893
645	984
645	1539
646	773
646	1283
646	1718
646	1750
647	1741
647	1754
648	654
648	890
648	1065
649	803
649	1084
649	1401
649	1704
649	1709
650	680
650	811
650	888
650	1514
651	1089
651	1137
651	1513
652	1146
653	839
653	992
653	1278
653	1376
653	1767
654	789
654	1087
654	1638
655	1066
656	1459
657	1028
657	1151
657	1525
658	1099
659	1626
660	996
660	1148
660	1405
660	1727
661	924
661	1166
661	1269
662	1714
663	760
663	1090
663	1322
663	1429
663	1685
664	687
664	1781
665	1261
665	1340
666	1418
667	1395
668	821
668	1252
668	1370
669	1631
670	708
670	1137
670	1418
670	1711
670	1769
672	1154
672	1257
672	1513
672	1630
672	1790
673	723
673	1546
674	749
674	799
674	911
674	969
675	896
675	1660
675	1749
676	873
676	1164
677	1619
677	1698
677	1731
677	1790
678	1122
678	1241
678	1602
679	955
679	1090
679	1597
680	822
681	868
681	1272
682	939
682	961
683	1306
683	1479
683	1780
684	936
684	1049
684	1323
685	698
685	864
685	1024
685	1101
685	1144
685	1764
686	1221
686	1223
686	1260
686	1394
686	1583
687	827
687	870
687	1055
687	1279
688	809
688	1030
688	1559
689	704
689	1242
689	1264
689	1384
690	810
690	840
690	1053
690	1200
690	1362
691	1215
691	1611
691	1621
692	1124
694	1110
694	1717
695	1115
695	1326
695	1554
695	1607
695	1665
695	1767
696	775
696	824
696	885
696	1414
697	1358
697	1560
697	1784
699	1148
699	1210
699	1781
700	742
700	769
700	1667
701	1144
702	1058
703	1068
703	1265
703	1685
704	1016
704	1345
704	1379
705	1432
705	1579
706	1654
707	783
707	1567
708	1106
708	1222
708	1707
709	1434
710	1180
712	731
712	977
712	1154
712	1478
713	1605
713	1667
714	897
714	1143
714	1295
715	1175
715	1381
715	1543
716	1539
718	1774
719	1125
720	786
720	1140
720	1435
721	795
721	1116
722	725
722	829
722	1023
722	1370
722	1676
723	809
723	1424
723	1612
724	1647
725	1478
725	1691
726	923
726	1591
727	867
727	1497
728	1326
728	1645
729	1351
730	1532
731	864
732	794
732	1500
732	1724
733	1188
734	1692
735	780
735	1296
735	1418
736	843
736	1234
736	1684
737	923
738	830
738	941
738	1018
738	1138
738	1285
739	965
739	1220
739	1256
740	846
740	1439
741	778
741	1010
741	1465
742	959
742	1417
742	1511
743	893
743	914
743	1011
743	1333
743	1400
743	1508
743	1593
744	879
744	1699
745	797
745	1248
746	1164
746	1748
747	1057
747	1488
747	1593
748	789
748	1630
748	1649
749	912
751	867
751	981
752	924
752	1064
752	1350
753	1238
753	1660
754	940
754	1324
755	1680
756	1556
757	1135
757	1348
757	1451
758	937
758	1360
758	1450
758	1548
759	967
759	1000
759	1449
759	1727
760	1202
760	1735
760	1767
761	1091
761	1535
762	845
763	831
763	1135
763	1328
763	1508
763	1657
764	969
765	1335
766	1193
766	1274
766	1320
766	1409
766	1612
767	1388
768	891
768	1150
769	811
769	1078
769	1317
769	1384
769	1490
770	911
772	999
773	1080
773	1395
774	935
774	1631
775	988
775	1072
775	1449
777	1103
777	1460
778	956
778	1311
778	1696
779	1223
779	1469
779	1634
779	1663
780	1046
780	1663
782	999
782	1175
782	1512
783	1138
783	1324
783	1458
784	1440
785	930
785	1621
786	1246
786	1744
787	823
787	1394
787	1527
788	1061
788	1670
789	1501
789	1542
790	1005
790	1745
791	1258
792	841
792	905
792	1033
792	1237
793	1674
794	1023
794	1578
795	940
795	1092
797	1530
797	1686
798	939
798	1419
798	1503
798	1695
799	1458
799	1686
799	1744
800	1166
800	1371
800	1457
800	1485
800	1598
802	951
802	1450
803	1228
803	1372
804	1157
804	1305
804	1742
805	1652
806	954
806	1268
806	1323
806	1495
806	1603
807	1088
807	1308
808	1491
809	925
809	969
809	1014
810	1212
810	1726
811	950
811	991
811	1063
812	975
813	925
813	941
813	1447
813	1679
813	1734
814	1098
814	1143
814	1236
814	1619
815	994
815	1013
816	835
816	1125
816	1372
817	1374
817	1394
817	1439
818	959
820	1581
821	1255
821	1319
822	1155
822	1206
822	1324
824	1039
824	1276
824	1348
825	993
825	1575
826	867
826	997
826	1160
826	1624
827	979
827	1305
827	1731
828	983
828	1401
828	1653
828	1656
828	1765
829	1035
830	1138
830	1310
830	1426
830	1593
831	912
831	1043
831	1135
831	1337
833	1276
834	1008
834	1129
834	1612
835	1727
835	1730
836	1105
840	1205
840	1653
841	1170
841	1177
842	889
842	1013
843	1019
843	1139
843	1262
843	1485
843	1698
843	1752
844	984
845	1386
845	1468
846	970
846	1054
847	909
847	1197
847	1380
847	1401
847	1444
848	925
848	1653
849	1073
850	1707
851	860
852	1300
852	1566
853	936
853	938
854	1019
854	1308
855	1087
855	1378
857	887
857	1408
857	1477
857	1733
858	963
858	1068
858	1300
858	1416
858	1739
858	1765
859	1117
860	1161
860	1573
861	1329
861	1432
862	1041
862	1791
863	923
863	978
865	1293
865	1437
866	1307
866	1416
866	1694
867	1483
868	1019
868	1170
869	912
870	1044
870	1241
871	1470
872	952
872	1010
872	1504
872	1553
872	1716
872	1753
874	1266
874	1605
875	1178
876	878
876	1191
876	1202
876	1778
877	897
877	1023
877	1472
877	1713
878	1795
879	1150
879	1315
880	1104
880	1155
880	1648
880	1708
881	912
881	999
881	1419
881	1741
882	1152
883	1735
884	890
884	1766
885	949
885	1129
885	1322
885	1481
886	977
886	1365
886	1614
887	1311
887	1492
887	1785
888	1783
889	1299
889	1326
890	968
890	1781
891	917
891	1023
892	940
892	945
892	1022
892	1276
892	1279
892	1723
893	1351
893	1460
895	1177
895	1541
897	1592
898	1194
898	1267
898	1423
899	1214
899	1695
900	944
900	1155
900	1674
900	1690
901	1337
901	1445
901	1706
903	1096
903	1223
903	1419
903	1461
903	1636
904	972
904	1389
905	1303
905	1328
905	1517
906	1603
907	1266
907	1784
908	1536
909	1522
910	995
910	1630
911	1046
912	1104
912	1118
912	1490
912	1661
913	1203
914	955
915	1322
915	1537
916	1224
919	1047
919	1397
920	1184
920	1347
921	976
921	1217
922	1466
922	1469
922	1543
923	1352
923	1430
924	1155
924	1203
924	1342
924	1483
925	1526
926	1003
930	1660
931	1451
931	1648
932	976
932	1147
932	1174
932	1762
933	949
934	1383
934	1772
935	1500
936	969
936	1325
936	1564
937	1072
937	1365
937	1432
938	1157
938	1711
939	962
939	1606
940	1006
940	1056
940	1272
940	1745
941	1109
941	1564
941	1679
941	1687
941	1738
943	1192
943	1489
943	1788
944	1007
944	1598
944	1663
945	1321
945	1698
946	1538
947	1595
947	1648
948	1186
949	1091
950	1173
950	1329
950	1549
951	1431
952	959
952	1053
953	1107
953	1438
953	1444
954	1115
954	1156
954	1575
954	1752
955	962
955	1463
955	1554
955	1654
956	1019
956	1056
956	1604
957	1679
958	1112
958	1162
958	1407
958	1651
960	1183
960	1451
961	1616
961	1670
961	1727
962	1281
962	1587
963	1210
963	1618
964	1053
965	1622
967	1217
967	1506
967	1762
969	1268
970	1015
970	1414
971	1669
971	1766
973	1057
973	1618
973	1650
974	1201
974	1390
974	1469
974	1679
975	1148
975	1175
975	1317
975	1620
976	1032
976	1096
976	1570
977	996
977	1023
977	1665
978	1214
979	1330
980	1558
980	1618
981	1065
983	1302
984	1437
984	1529
984	1603
985	1062
986	1263
989	1570
990	998
990	1742
991	1095
991	1466
991	1507
991	1532
991	1752
992	1634
992	1730
994	1338
994	1656
995	1129
995	1334
995	1457
995	1567
996	1168
996	1244
996	1335
997	1114
997	1152
997	1421
997	1465
997	1646
998	1330
998	1574
998	1639
999	1163
999	1173
999	1715
999	1772
1000	1540
1001	1321
1003	1069
1003	1301
1003	1348
1003	1482
1003	1662
1003	1699
1003	1732
1004	1005
1005	1405
1005	1758
1007	1461
1008	1064
1008	1282
1009	1057
1009	1098
1009	1357
1009	1665
1010	1134
1010	1441
1010	1710
1011	1469
1011	1743
1012	1406
1012	1413
1012	1490
1013	1255
1013	1629
1017	1040
1017	1472
1017	1579
1017	1704
1018	1076
1018	1230
1018	1525
1018	1729
1019	1152
1019	1397
1019	1666
1021	1268
1021	1325
1021	1606
1021	1762
1022	1169
1024	1050
1025	1347
1025	1403
1025	1502
1025	1682
1026	1285
1026	1682
1027	1104
1027	1336
1027	1469
1028	1312
1028	1599
1028	1759
1029	1305
1029	1323
1029	1342
1031	1114
1031	1538
1031	1760
1033	1681
1034	1360
1034	1672
1035	1472
1035	1664
1035	1676
1036	1312
1036	1489
1037	1617
1038	1311
1040	1238
1040	1268
1040	1781
1041	1454
1041	1620
1042	1125
1042	1310
1042	1363
1042	1756
1043	1270
1044	1454
1044	1573
1045	1212
1045	1324
1046	1255
1047	1236
1047	1374
1047	1664
1047	1766
1048	1057
1048	1463
1049	1123
1049	1140
1049	1405
1050	1102
1050	1274
1050	1616
1051	1197
1051	1401
1052	1126
1052	1371
1053	1127
1054	1668
1056	1514
1056	1631
1057	1269
1057	1527
1057	1669
1057	1716
1058	1231
1059	1084
1060	1538
1061	1473
1063	1488
1063	1493
1063	1768
1064	1554
1065	1461
1065	1562
1066	1777
1067	1227
1067	1489
1067	1773
1070	1125
1070	1631
1071	1091
1071	1750
1072	1159
1072	1203
1072	1599
1072	1632
1072	1646
1072	1667
1072	1790
1073	1771
1074	1695
1074	1774
1075	1457
1075	1541
1076	1160
1076	1380
1076	1555
1076	1795
1077	1273
1077	1359
1078	1512
1078	1591
1078	1694
1078	1756
1079	1117
1079	1360
1079	1475
1079	1646
1079	1753
1080	1110
1080	1238
1081	1221
1081	1305
1083	1276
1083	1313
1084	1582
1085	1767
1087	1361
1087	1749
1088	1483
1088	1589
1088	1776
1089	1336
1090	1779
1091	1128
1091	1603
1092	1193
1092	1360
1093	1475
1093	1556
1094	1361
1094	1437
1094	1688
1095	1565
1095	1707
1096	1297
1097	1337
1097	1533
1098	1300
1098	1692
1100	1457
1106	1189
1106	1437
1107	1311
1107	1426
1107	1735
1108	1366
1108	1505
1108	1536
1109	1539
1110	1534
1111	1356
1112	1423
1112	1585
1114	1203
1115	1305
1115	1518
1115	1733
1116	1131
1117	1168
1117	1473
1120	1204
1120	1267
1121	1490
1122	1793
1123	1539
1124	1195
1124	1412
1125	1413
1125	1446
1125	1505
1126	1295
1126	1331
1126	1529
1127	1377
1127	1733
1128	1531
1129	1680
1129	1726
1130	1457
1131	1504
1131	1651
1131	1668
1131	1689
1134	1761
1136	1151
1136	1740
1137	1722
1137	1743
1138	1780
1141	1276
1141	1320
1141	1765
1143	1520
1144	1259
1144	1327
1144	1357
1145	1635
1146	1249
1146	1691
1147	1222
1147	1606
1148	1365
1149	1165
1150	1219
1150	1326
1150	1584
1150	1636
1150	1732
1151	1574
1152	1169
1153	1175
1153	1350
1155	1422
1156	1239
1156	1346
1157	1310
1159	1252
1159	1702
1161	1279
1161	1693
1161	1756
1162	1327
1162	1711
1163	1612
1164	1203
1164	1436
1164	1649
1165	1180
1166	1450
1166	1601
1166	1605
1167	1638
1168	1303
1169	1322
1169	1451
1170	1514
1171	1193
1172	1759
1174	1611
1174	1798
1176	1324
1176	1383
1176	1670
1176	1699
1179	1778
1180	1616
1180	1654
1182	1333
1183	1520
1184	1375
1185	1189
1185	1385
1186	1334
1186	1442
1187	1298
1187	1335
1187	1711
1188	1389
1189	1234
1189	1254
1189	1532
1191	1230
1191	1702
1192	1362
1193	1794
1194	1195
1194	1281
1194	1465
1194	1513
1194	1709
1196	1433
1197	1250
1197	1414
1197	1650
1197	1739
1198	1244
1198	1518
1199	1761
1201	1308
1201	1320
1201	1343
1201	1427
1201	1480
1202	1283
1202	1511
1202	1539
1202	1572
1203	1565
1206	1515
1207	1286
1208	1668
1211	1282
1211	1488
1212	1363
1212	1798
1217	1376
1218	1706
1218	1762
1219	1418
1221	1285
1221	1660
1224	1226
1225	1447
1226	1684
1227	1288
1227	1517
1228	1332
1229	1732
1232	1288
1232	1787
1234	1307
1235	1543
1235	1663
1238	1571
1239	1782
1241	1584
1241	1711
1242	1332
1242	1634
1242	1733
1243	1518
1243	1595
1243	1705
1247	1662
1252	1781
1254	1357
1254	1633
1254	1698
1255	1384
1256	1353
1256	1752
1257	1337
1257	1452
1259	1492
1259	1667
1260	1377
1260	1669
1261	1563
1265	1276
1265	1402
1265	1493
1265	1526
1265	1551
1265	1775
1265	1790
1266	1731
1266	1766
1267	1443
1267	1516
1267	1595
1268	1375
1268	1618
1268	1653
1269	1424
1270	1469
1270	1511
1270	1662
1270	1761
1271	1413
1272	1363
1273	1573
1274	1608
1275	1544
1275	1669
1275	1725
1276	1794
1277	1295
1277	1718
1278	1486
1279	1577
1280	1409
1280	1602
1281	1454
1282	1315
1282	1322
1282	1498
1282	1655
1283	1617
1285	1324
1288	1705
1288	1758
1289	1513
1290	1677
1291	1339
1291	1591
1293	1511
1295	1474
1295	1575
1296	1797
1297	1399
1299	1507
1300	1735
1302	1628
1302	1656
1304	1645
1304	1658
1305	1789
1306	1706
1307	1613
1309	1678
1311	1351
1311	1508
1312	1473
1314	1580
1315	1533
1315	1602
1318	1325
1318	1568
1318	1704
1318	1768
1319	1492
1320	1733
1321	1399
1321	1445
1322	1693
1322	1699
1323	1331
1323	1540
1323	1640
1325	1623
1327	1632
1331	1402
1332	1381
1334	1359
1334	1719
1336	1619
1336	1647
1337	1589
1339	1490
1339	1757
1340	1372
1340	1534
1340	1753
1341	1548
1341	1648
1342	1413
1342	1755
1343	1374
1343	1562
1343	1625
1344	1592
1345	1632
1346	1711
1347	1732
1349	1497
1349	1666
1352	1611
1352	1612
1355	1488
1356	1502
1361	1409
1362	1380
1362	1470
1363	1490
1363	1613
1363	1708
1365	1605
1368	1527
1368	1532
1368	1739
1371	1382
1371	1442
1372	1457
1372	1615
1373	1718
1374	1488
1375	1595
1376	1755
1377	1417
1377	1497
1378	1409
1379	1387
1379	1591
1379	1681
1379	1733
1380	1629
1381	1450
1383	1442
1384	1611
1385	1515
1385	1575
1385	1686
1386	1411
1387	1601
1387	1754
1389	1670
1391	1721
1392	1691
1394	1423
1396	1744
1396	1746
1398	1721
1399	1517
1399	1620
1404	1624
1405	1648
1406	1523
1406	1572
1406	1574
1406	1613
1406	1719
1406	1725
1408	1560
1408	1761
1410	1555
1410	1582
1412	1756
1416	1517
1416	1674
1416	1776
1419	1477
1419	1562
1419	1639
1420	1467
1420	1557
1423	1756
1424	1540
1425	1480
1425	1601
1427	1773
1428	1568
1428	1765
1429	1494
1430	1547
1430	1627
1432	1487
1432	1773
1433	1543
1436	1783
1438	1718
1439	1602
1440	1467
1440	1716
1441	1624
1442	1721
1443	1507
1443	1530
1443	1687
1443	1781
1444	1649
1445	1460
1446	1658
1448	1512
1450	1603
1451	1789
1452	1469
1453	1611
1453	1793
1454	1589
1454	1597
1456	1682
1458	1699
1459	1564
1459	1702
1460	1567
1461	1594
1461	1785
1463	1619
1463	1655
1464	1572
1464	1706
1465	1484
1465	1785
1466	1695
1466	1705
1468	1495
1468	1671
1469	1656
1469	1675
1470	1752
1472	1637
1475	1531
1475	1704
1477	1642
1478	1558
1478	1561
1479	1615
1480	1534
1481	1556
1482	1683
1485	1497
1485	1498
1487	1532
1487	1571
1487	1764
1487	1797
1489	1640
1489	1739
1492	1520
1492	1757
1494	1543
1495	1761
1496	1512
1498	1606
1498	1752
1501	1515
1501	1554
1504	1653
1504	1737
1507	1586
1507	1597
1507	1673
1507	1729
1509	1634
1509	1702
1510	1620
1513	1547
1514	1741
1516	1640
1518	1650
1519	1536
1519	1630
1522	1539
1522	1561
1522	1632
1524	1594
1524	1624
1525	1734
1527	1561
1530	1719
1531	1716
1532	1676
1533	1782
1534	1745
1535	1623
1535	1793
1536	1616
1536	1663
1536	1744
1538	1694
1538	1738
1538	1755
1540	1629
1541	1783
1546	1696
1546	1748
1547	1737
1553	1604
1557	1756
1557	1766
1560	1594
1564	1613
1564	1734
1566	1617
1569	1740
1573	1703
1575	1780
1579	1672
1581	1782
1582	1772
1583	1688
1585	1612
1585	1716
1585	1735
1592	1617
1593	1623
1593	1773
1598	1734
1598	1771
1600	1615
1602	1643
1603	1794
1606	1666
1607	1672
1607	1735
1607	1752
1611	1645
1617	1681
1617	1682
1619	1786
1628	1770
1640	1655
1643	1757
1646	1742
1647	1654
1648	1764
1657	1718
1657	1777
1663	1717
1664	1726
1666	1751
1670	1760
1670	1774
1674	1745
1677	1778
1680	1724
1680	1780
1682	1731
1683	1728
1688	1792
1695	1750
1698	1744
1698	1772
1718	1776
1718	1796
1733	1793
1753	1794
1754	1775
1761	1767
1762	1788
1780	1783
1786	1788
1786	1792