0	113
1	1063
2	1515
3	516
3	851
3	995
3	1234
4	219
4	991
4	1381
4	1750
5	182
5	322
5	325
5	1181
5	1308
6	241
6	749
6	1233
6	1423
6	1552
7	1050
7	1320
7	1554
8	278
8	383
8	392
8	582
8	1567
8	1705
9	221
9	237
9	326
9	329
9	1342
9	1647
9	1680
10	757
11	213
11	1243
11	1568
12	442
12	595
12	1121
12	1482
12	1704
13	642
13	894
13	1081
13	1175
14	689
14	719
14	856
14	1475
14	1500
14	1679
14	1724
15	346
15	661
15	880
15	1205
15	1771
16	99
16	347
16	381
16	682
16	1142
16	1321
17	347
17	538
17	553
17	702
17	1116
17	1517
18	308
18	652
18	915
18	951
18	1281
18	1725
19	244
19	793
19	794
19	1245
20	37
20	349
20	500
21	574
21	1657
21	1728
21	1779
22	1194
22	1312
23	611
23	1418
24	366
24	664
24	907
25	215
25	284
25	951
25	1302
26	1144
26	1383
26	1387
26	1774
27	213
27	344
27	406
27	675
27	928
27	1096
28	1029
28	1065
29	144
29	290
29	1159
29	1186
29	1276
30	112
30	339
30	570
30	792
30	1579
31	586
31	832
31	888
31	1072
31	1092
32	97
32	115
32	457
32	1331
32	1637
33	322
33	543
33	805
33	1332
33	1474
33	1570
33	1643
34	821
34	1555
35	331
35	860
36	198
36	581
36	672
36	1123
36	1264
37	743
37	860
37	1316
38	55
38	1519
39	1318
39	1588
39	1710
39	1724
39	1743
40	510
40	540
40	1346
40	1419
41	335
41	670
41	1100
41	1213
42	43
42	187
42	1050
42	1345
42	1798
43	302
43	697
43	1127
43	1208
44	773
44	794
44	844
44	932
44	1244
44	1469
45	133
45	207
45	639
45	694
45	765
45	1179
45	1671
46	550
46	948
46	1024
46	1176
46	1645
47	150
47	252
47	298
47	363
47	549
47	777
47	783
47	898
47	1092
48	197
48	677
48	758
48	772
48	802
49	203
49	1085
50	129
50	907
50	933
50	1590
51	160
51	1076
51	1100
51	1357
51	1390
52	1362
52	1746
52	1749
52	1763
53	1584
54	153
54	510
54	728
54	1497
54	1711
55	970
55	1039
55	1103
55	1361
56	162
56	590
56	765
56	899
56	906
56	968
56	1121
57	598
57	628
57	1023
58	429
58	1037
58	1353
59	536
59	808
59	1695
60	144
60	510
60	538
60	565
60	616
60	789
60	1246
60	1403
61	335
61	1308
61	1503
61	1752
62	82
62	277
62	400
62	529
62	1214
62	1678
63	287
63	324
63	502
63	896
63	950
63	1250
63	1257
63	1598
63	1628
63	1705
64	150
64	1025
64	1074
64	1314
64	1372
64	1460
64	1682
65	87
65	1090
65	1344
66	1170
66	1233
66	1281
67	962
68	473
68	817
68	1078
68	1573
68	1595
68	1657
69	1443
69	1475
69	1538
70	114
70	244
70	772
70	931
70	1332
71	155
71	813
71	832
71	1199
71	1700
72	1019
72	1469
73	650
73	685
73	1164
73	1574
73	1587
74	172
74	1657
75	965
75	975
75	1500
76	284
76	367
76	1393
77	87
77	249
77	569
77	914
77	1172
77	1178
77	1512
77	1614
77	1616
78	577
78	982
79	296
79	403
79	438
79	816
79	905
79	908
79	1018
79	1078
79	1477
80	412
80	783
80	1611
80	1728
81	120
81	379
81	804
81	920
81	935
81	1776
82	891
82	1149
82	1216
82	1313
82	1573
83	459
83	1169
83	1667
84	528
84	798
84	1551
85	384
85	386
85	1327
86	236
86	328
86	549
86	1010
87	329
87	846
87	1336
88	193
88	809
88	1652
89	205
89	206
89	419
89	947
89	1634
90	633
90	1320
90	1762
91	94
91	199
91	629
91	931
91	1578
92	407
92	1244
92	1709
93	199
93	452
93	980
94	323
95	97
95	149
95	902
95	1237
96	236
96	1054
96	1096
96	1363
97	386
97	524
97	723
97	973
97	1317
97	1362
98	283
98	845
98	1401
99	1301
99	1545
100	762
101	299
101	809
101	1182
102	258
102	1345
102	1532
102	1564
103	320
103	370
103	430
103	1158
104	285
104	435
104	585
104	1038
104	1068
105	315
105	605
105	656
105	1280
105	1533
105	1571
106	684
106	712
106	1064
106	1534
106	1785
107	518
107	603
107	958
107	1113
107	1283
107	1340
108	110
108	1608
109	127
109	158
109	925
110	121
110	324
110	1127
111	336
111	644
111	1010
111	1048
112	131
112	478
112	758
112	1100
113	401
113	509
113	762
113	1190
113	1262
114	186
114	508
114	770
114	1161
114	1174
114	1571
115	541
115	794
115	997
115	1151
115	1190
115	1390
116	522
116	738
116	1075
116	1354
116	1506
116	1702
117	331
117	987
118	705
118	1374
119	210
119	260
119	700
119	940
119	1368
120	245
120	661
122	420
122	721
122	1078
122	1345
123	218
123	702
123	800
123	813
123	1191
123	1689
124	422
124	792
124	842
124	1301
124	1345
124	1577
125	129
125	256
125	495
125	775
125	820
126	169
126	727
126	1620
127	279
127	291
128	302
128	1797
129	342
129	576
129	1120
129	1139
129	1251
129	1584
129	1653
130	150
130	303
130	351
130	881
130	1061
131	1120
131	1212
131	1311
131	1329
131	1483
131	1623
132	500
132	836
132	976
133	1716
133	1757
134	1245
134	1581
134	1753
135	184
135	189
135	348
135	1060
135	1226
135	1233
136	322
136	629
137	457
137	1067
137	1593
138	140
138	497
138	1248
138	1707
139	854
139	1175
139	1712
140	665
140	1142
140	1437
141	154
141	270
141	320
141	326
141	432
141	863
141	1071
141	1407
141	1485
141	1538
142	301
142	918
142	1103
142	1220
143	151
143	212
143	1427
144	398
144	1290
144	1528
144	1632
145	198
145	387
146	1032
146	1466
146	1516
147	544
147	1270
147	1624
148	1376
149	1164
149	1239
149	1339
149	1686
150	741
150	1336
150	1543
150	1578
151	1643
152	232
152	836
152	863
152	1601
152	1696
153	913
153	1260
153	1429
154	535
154	804
154	1430
155	557
155	1167
155	1304
155	1506
156	1702
157	282
157	768
157	1130
157	1720
158	192
158	369
158	555
158	980
158	1011
158	1071
159	387
159	1317
159	1736
160	209
160	314
160	334
160	868
160	1173
160	1202
161	199
161	991
161	1097
161	1230
161	1672
161	1690
161	1729
162	1091
162	1561
163	245
163	541
163	729
163	1688
164	444
164	1116
165	324
165	546
165	561
165	573
165	1257
165	1478
166	346
166	1013
166	1210
166	1348
166	1490
166	1723
167	257
167	831
167	927
167	1418
167	1715
168	1016
168	1263
169	728
169	874
170	771
170	1691
170	1725
171	638
171	776
171	818
171	1153
171	1380
171	1432
172	707
172	799
172	1527
173	793
173	1263
173	1471
174	1024
175	949
175	1067
175	1216
175	1255
175	1422
175	1658
175	1784
176	189
176	370
176	727
176	1041
176	1204
176	1630
177	284
177	429
177	1051
177	1508
177	1595
177	1770
178	889
178	974
178	1169
178	1426
178	1469
179	504
179	1342
179	1381
179	1586
180	623
180	632
180	1346
181	212
181	769
181	1023
181	1380
181	1397
181	1483
182	255
182	820
183	594
183	1266
183	1404
184	1322
184	1393
185	1195
186	227
186	258
186	291
186	425
186	1772
186	1777
187	542
187	955
187	1455
187	1651
188	469
189	782
189	1434
190	238
190	525
190	603
190	878
191	1175
192	304
192	676
192	1020
192	1058
192	1171
193	638
193	958
193	1545
193	1697
193	1716
194	317
194	476
194	608
194	1244
194	1414
194	1686
194	1732
195	394
195	453
195	497
195	701
195	1718
196	236
196	251
196	551
196	1229
196	1319
197	499
197	614
197	749
197	801
197	1252
197	1323
197	1376
197	1421
198	953
198	966
198	1092
198	1184
198	1628
199	325
199	576
200	254
200	258
200	1350
200	1549
201	743
201	961
201	1646
202	676
202	912
202	935
203	1584
203	1612
204	352
204	776
204	1359
205	357
205	640
205	687
205	836
205	1335
206	737
206	954
206	1276
206	1324
206	1408
206	1661
207	738
207	1167
207	1341
207	1367
207	1453
208	253
208	1352
209	362
210	279
210	1005
210	1358
211	1169
212	1208
214	256
214	365
215	927
216	780
216	803
216	1195
216	1271
216	1363
216	1530
216	1627
216	1657
217	608
218	844
218	1097
218	1627
219	1159
219	1246
220	596
220	1646
221	578
221	668
221	1286
222	542
222	674
222	1364
222	1394
223	533
223	740
223	881
223	1327
224	279
224	600
224	933
224	1011
224	1597
225	416
225	1056
225	1599
226	446
227	933
227	1174
228	367
228	1133
228	1623
229	242
229	440
229	757
230	496
230	693
231	298
231	1458
231	1637
231	1776
232	465
232	568
232	1006
232	1066
232	1592
232	1779
233	668
233	867
234	431
234	742
234	1221
234	1273
235	978
235	1243
235	1361
236	390
236	1301
236	1564
236	1664
236	1696
237	270
237	455
237	516
237	765
237	1535
237	1578
237	1615
237	1650
238	262
238	987
238	1656
239	304
239	378
239	433
239	976
240	302
241	1150
241	1672
242	319
242	423
242	459
242	499
242	542
242	1668
243	630
243	778
243	803
243	1389
244	1383
244	1464
245	1285
245	1361
245	1473
245	1572
245	1693
246	347
246	399
246	672
246	1622
247	589
247	956
248	731
248	980
248	1365
248	1486
248	1698
249	1323
249	1753
250	314
250	640
250	690
250	1194
251	536
251	916
251	1397
251	1426
251	1609
252	864
254	437
254	1682
255	324
255	529
255	800
255	887
256	281
256	519
256	1076
256	1218
256	1565
257	263
257	577
257	612
257	636
257	1322
258	460
258	502
258	525
258	750
258	857
258	1090
258	1118
259	461
259	806
260	707
260	1286
260	1364
260	1509
261	282
261	286
261	457
261	504
261	642
261	740
261	1531
262	655
262	990
263	733
263	803
263	953
264	1220
265	606
265	660
265	1534
265	1674
266	313
266	1325
266	1337
266	1398
266	1524
266	1766
267	502
267	1632
268	472
268	744
268	862
268	982
268	1136
268	1383
269	1482
270	395
270	734
270	1161
270	1351
270	1593
271	1194
271	1229
271	1282
271	1556
272	1167
272	1575
273	501
273	1043
273	1640
274	1267
274	1531
274	1728
274	1737
275	790
275	1229
276	294
276	653
276	1559
277	510
277	881
277	1362
278	409
278	748
278	1002
279	352
279	391
279	1038
279	1159
279	1428
279	1583
280	349
280	595
280	979
280	1162
281	470
281	1016
281	1512
281	1597
282	324
282	613
282	812
282	1308
283	812
283	1112
283	1279
283	1336
283	1389
284	776
284	912
284	1613
284	1660
285	1020
285	1444
285	1505
286	421
286	1748
286	1799
287	418
287	694
287	836
287	1234
287	1763
288	462
288	669
288	793
288	837
288	1054
288	1319
288	1640
289	326
289	611
289	1197
291	753
291	896
291	1518
291	1697
292	374
292	820
292	1777
293	436
293	470
293	837
293	983
293	1129
293	1592
293	1673
295	734
296	1165
297	339
297	896
297	942
297	1324
298	763
298	946
298	1750
299	502
300	821
300	1021
301	418
301	1252
301	1519
302	676
302	1567
303	631
303	664
303	833
303	993
304	332
304	1246
305	688
306	1525
307	420
307	590
307	677
307	1116
307	1186
307	1461
308	969
308	1391
308	1682
309	1350
309	1475
309	1718
310	850
310	895
310	1555
311	775
311	1428
311	1504
311	1559
312	795
312	900
313	1477
313	1718
314	372
314	963
316	1320
316	1391
317	1016
317	1201
317	1344
317	1472
317	1737
318	669
318	826
318	1007
318	1309
319	1642
320	425
320	578
320	954
320	1197
321	749
321	1796
322	496
322	1585
322	1715
323	551
323	1655
324	1318
324	1386
324	1499
324	1554
325	511
325	1185
326	589
326	972
327	1185
327	1658
328	894
328	1003
328	1009
329	331
329	501
329	616
329	627
329	643
329	891
329	1146
329	1512
329	1606
330	893
330	1086
331	406
331	821
331	1301
332	910
332	978
332	1745
332	1792
333	1458
334	576
334	1069
334	1372
334	1448
335	369
335	429
335	1471
336	338
336	349
336	788
336	1211
336	1648
337	444
337	457
337	734
337	901
337	1637
337	1679
338	1625
340	573
340	1640
341	574
341	1012
341	1547
342	421
342	555
342	818
342	1292
342	1490
342	1526
343	1799
344	501
344	1043
344	1138
344	1210
345	968
345	1187
345	1704
346	623
346	1424
346	1522
347	876
347	1583
347	1778
348	605
348	1276
348	1501
349	438
349	827
349	1029
349	1237
350	734
350	1417
350	1523
351	1394
351	1561
352	736
352	863
352	1051
352	1292
353	363
353	426
353	549
353	580
353	730
353	839
353	1213
353	1512
354	538
354	544
354	701
354	1444
354	1574
354	1667
355	364
355	1221
356	570
356	700
357	603
357	1108
357	1282
357	1494
358	1021
358	1594
358	1755
359	1173
359	1353
360	624
360	1531
360	1737
361	366
361	440
361	689
361	699
361	1048
361	1198
361	1479
361	1504
361	1697
361	1795
362	591
362	1297
362	1347
362	1544
362	1765
363	444
363	1737
364	647
364	903
364	1231
364	1612
365	575
365	781
365	877
366	581
366	1267
366	1799
368	606
368	726
368	848
368	880
368	941
368	1125
368	1252
368	1536
369	440
369	875
369	1036
369	1539
370	1740
371	799
371	1682
372	466
372	534
372	602
372	711
372	763
372	1276
372	1367
373	609
373	669
374	1379
375	581
375	1443
375	1470
376	1038
377	439
377	773
377	806
378	429
378	432
378	1201
378	1461
378	1781
379	1249
379	1721
380	653
380	949
380	1137
380	1427
380	1692
381	1242
381	1714
382	1179
383	437
383	873
383	1251
383	1418
383	1431
384	545
384	804
384	1131
384	1174
385	400
385	463
385	506
385	587
385	1061
385	1098
385	1667
386	1183
386	1206
386	1410
386	1608
386	1631
387	389
387	1472
388	507
388	947
388	1424
389	901
389	1360
389	1504
390	417
390	1786
391	773
391	1198
391	1408
391	1452
392	407
392	789
393	445
393	774
393	1414
394	653
394	1261
394	1338
394	1650
395	414
395	978
395	1533
396	430
396	896
396	1502
397	564
397	774
397	980
397	1459
398	835
398	971
399	538
399	1083
399	1356
399	1699
400	502
400	788
400	1215
400	1650
401	614
401	682
401	1363
402	756
403	420
403	781
403	1021
403	1225
403	1243
403	1513
404	595
404	990
405	595
405	785
405	1628
406	1147
406	1599
407	547
407	1384
408	749
408	1600
408	1631
409	490
409	1567
410	912
410	1012
410	1034
411	624
411	771
411	1254
412	549
413	761
413	1216
414	454
414	491
414	727
414	734
414	1591
414	1593
415	526
415	1581
416	650
416	1450
416	1487
416	1685
417	841
417	1002
417	1127
417	1413
417	1417
417	1468
417	1536
418	570
418	718
418	830
418	973
418	1334
420	459
420	866
420	906
420	1324
420	1563
420	1738
421	792
421	1554
422	1074
423	792
423	1335
424	1074
424	1537
425	435
425	512
425	655
425	1130
425	1585
425	1692
427	533
427	877
427	1147
427	1566
428	522
428	729
428	1542
428	1682
429	481
429	988
429	1543
430	473
430	646
431	665
431	832
431	881
431	1652
432	606
432	805
432	950
432	1410
433	501
433	870
434	946
434	1308
435	928
436	1446
436	1518
437	893
437	1044
437	1169
438	477
438	733
438	1160
438	1169
438	1360
438	1559
439	767
439	773
439	1170
439	1226
439	1263
440	747
441	1182
441	1451
442	648
442	782
442	804
442	895
442	1062
442	1078
443	466
443	1196
443	1598
443	1777
444	876
444	1571
445	662
445	966
446	1469
446	1719
447	1089
447	1418
448	736
448	749
448	1664
449	460
449	571
449	1028
449	1312
449	1504
450	1345
451	742
451	809
451	828
451	1412
451	1747
452	1108
453	637
453	732
453	1011
453	1670
454	731
454	1439
455	752
456	574
457	985
457	1700
457	1756
458	740
458	896
459	1145
460	725
460	788
460	1070
460	1385
461	675
461	896
461	1023
461	1487
462	693
462	922
462	1433
462	1726
463	936
464	515
464	630
464	802
465	1555
465	1645
466	467
466	537
466	744
466	748
466	1578
467	541
467	1243
467	1400
467	1495
467	1768
468	615
468	908
468	1408
468	1470
468	1709
469	870
470	546
470	751
470	842
470	934
470	1245
470	1552
471	959
471	1705
472	1245
473	652
473	693
473	927
473	1627
474	834
474	901
474	931
474	1165
474	1261
475	919
475	1144
475	1153
475	1766
476	797
476	954
476	1606
476	1661
476	1671
476	1710
477	709
477	752
477	795
478	734
478	1045
478	1214
478	1276
479	577
479	642
479	740
479	981
479	1623
480	666
480	1372
481	773
481	859
481	880
481	1035
481	1104
482	683
482	1408
482	1655
482	1798
483	750
483	1185
483	1247
484	1201
484	1413
485	714
485	1671
486	651
486	1693
487	800
487	910
487	1478
488	1216
488	1242
489	1686
490	575
490	1506
491	536
491	1707
491	1785
492	708
492	816
492	1087
492	1207
492	1359
492	1453
493	979
493	1085
493	1532
494	678
494	895
494	1228
494	1478
494	1680
495	521
495	1085
496	1264
496	1409
497	1092
497	1200
497	1373
497	1527
497	1534
498	806
498	880
498	1297
498	1726
499	511
499	979
499	1060
499	1511
500	564
500	1123
500	1379
501	634
501	826
501	1241
501	1493
501	1593
501	1618
501	1791
502	535
502	1354
502	1705
503	525
503	860
503	1711
504	1001
504	1202
504	1749
505	839
505	895
505	1504
505	1737
506	798
506	1553
506	1736
507	1045
507	1051
508	717
508	1315
509	562
509	652
509	897
509	985
509	1302
510	1120
510	1434
511	518
511	1356
511	1408
512	1059
512	1503
512	1591
513	630
513	915
513	1645
513	1649
514	653
514	832
514	1161
515	1124
515	1153
516	1598
516	1690
517	1315
517	1536
518	1177
518	1704
519	543
519	667
519	761
519	786
520	1242
520	1501
521	620
521	635
521	1155
521	1552
522	614
522	1080
523	544
523	849
523	1202
523	1406
524	636
524	704
524	867
524	1097
524	1105
524	1190
524	1669
525	542
525	877
525	1332
525	1693
526	1085
526	1206
526	1425
526	1455
526	1488
527	1007
527	1763
528	822
528	1277
529	995
529	1212
529	1243
529	1490
530	766
530	785
530	1324
531	607
531	888
531	1251
532	775
532	836
532	1052
532	1410
532	1654
533	1188
533	1221
533	1426
533	1612
534	883
534	901
534	1021
534	1338
534	1475
534	1570
535	1607
535	1764
537	576
537	1228
537	1732
538	671
538	1162
538	1201
539	643
539	974
539	1470
540	1046
540	1470
540	1656
541	1253
542	865
542	1070
543	939
543	1287
543	1411
544	951
544	1038
544	1580
544	1587
545	779
545	1015
545	1319
545	1665
545	1743
546	619
546	1132
546	1176
546	1399
546	1535
546	1562
546	1655
547	702
547	920
547	956
547	1749
548	1348
549	1097
550	626
550	884
551	1007
551	1053
552	1235
552	1465
553	596
553	1035
553	1167
553	1173
553	1206
553	1457
553	1590
554	579
554	855
554	948
554	1464
555	670
555	1056
555	1081
555	1275
556	1096
556	1555
557	760
557	829
557	842
557	1165
557	1308
558	823
558	957
558	1530
558	1693
558	1719
559	1460
560	1282
561	841
561	933
561	1050
561	1073
561	1562
561	1771
563	1000
564	623
564	1136
564	1633
565	751
565	768
565	1021
565	1032
565	1383
566	618
566	805
566	960
566	1359
566	1782
567	595
567	1148
567	1231
567	1605
568	1540
568	1668
568	1687
569	1249
569	1402
569	1504
569	1533
570	1075
570	1392
571	943
571	1224
571	1434
572	928
572	1062
572	1441
573	1312
574	688
574	1559
575	738
575	762
575	1296
575	1312
576	947
576	1491
577	756
577	1178
577	1304
578	719
578	1498
578	1776
579	1418
579	1510
580	639
580	846
580	954
580	1091
581	689
581	749
581	797
581	992
581	1374
582	920
582	1134
583	775
583	919
583	950
583	1188
584	591
585	1000
585	1432
585	1761
586	1072
586	1255
586	1315
586	1662
587	667
587	1069
587	1690
587	1773
588	985
588	1296
588	1426
589	810
589	1152
590	736
591	1447
592	633
592	1109
593	1055
593	1062
593	1233
594	874
594	1054
595	1532
595	1540
596	1057
596	1083
596	1085
596	1385
597	1137
598	717
598	754
598	1434
598	1672
599	1155
600	770
600	966
600	1645
601	890
601	1042
601	1225
601	1650
602	887
602	963
602	1255
603	1375
603	1655
603	1794
604	1128
605	646
605	710
605	870
606	776
606	1469
607	1465
609	1168
609	1416
609	1434
609	1779
610	1169
611	952
611	1070
611	1206
611	1264
611	1678
611	1701
612	905
613	1081
614	1152
614	1281
615	923
615	936
615	1030
615	1171
616	916
616	1715
617	1663
619	631
619	674
619	1277
619	1424
619	1567
619	1651
620	844
620	989
620	1104
620	1527
620	1734
621	675
621	713
621	862
621	1008
621	1090
621	1442
621	1751
621	1798
622	715
622	889
622	1011
622	1647
622	1740
624	760
624	775
624	794
624	1141
624	1545
624	1711
625	1258
625	1517
625	1628
626	949
626	1360
626	1593
626	1748
626	1779
627	809
627	945
627	1009
627	1068
627	1416
627	1535
627	1570
628	780
628	841
628	1522
629	633
630	737
630	1110
631	1481
631	1760
632	656
632	1122
632	1345
632	1506
635	929
635	1008
635	1271
636	936
636	1238
636	1320
636	1670
637	757
638	761
638	801
638	1045
639	724
639	759
639	1005
639	1017
639	1183
639	1593
639	1747
640	733
640	959
640	1461
641	1117
641	1170
641	1239
641	1395
641	1635
642	922
642	1305
643	660
643	946
643	1080
643	1268
643	1361
643	1698
644	909
644	1007
644	1771
645	739
645	1184
645	1302
646	1134
647	1281
647	1454
647	1564
648	725
648	840
649	1056
649	1270
649	1562
650	998
650	1555
650	1789
651	657
651	1170
652	803
652	1551
653	1330
654	673
654	872
654	1362
654	1627
654	1705
654	1744
654	1794
655	757
655	889
655	1000
655	1149
655	1677
656	887
656	1024
656	1113
657	1281
657	1386
657	1458
657	1544
658	1236
659	931
659	1159
659	1247
659	1418
660	821
660	1340
660	1352
660	1383
661	678
661	1257
661	1795
663	1047
663	1647
664	789
664	1224
664	1557
665	700
665	765
665	904
666	872
666	1377
667	1168
667	1436
668	859
668	903
668	1304
669	1588
670	952
670	1043
670	1069
671	856
671	944
671	1597
672	1053
672	1764
673	833
673	1569
674	1467
674	1761
674	1786
675	1265
675	1599
675	1694
676	924
676	1260
676	1298
676	1727
676	1740
676	1757
677	1046
677	1455
678	1225
679	1790
680	1182
681	875
681	966
681	1458
681	1655
683	1063
684	797
684	834
684	1232
686	714
686	1616
686	1678
687	1365
687	1627
688	781
688	793
688	1149
688	1489
688	1528
689	726
689	1554
690	1198
690	1547
690	1621
690	1726
691	970
691	1474
692	876
692	1347
693	781
695	927
695	989
695	1038
695	1233
695	1712
696	698
697	1323
697	1785
698	708
698	735
699	1155
701	810
701	1018
701	1741
702	1439
702	1745
703	718
703	924
703	1181
704	834
704	879
704	1061
704	1515
704	1719
705	1117
705	1693
706	898
706	1030
706	1248
706	1616
707	808
707	925
708	1488
709	1254
709	1395
710	755
710	872
710	1178
710	1356
712	752
712	851
712	929
712	960
712	1718
712	1792
713	716
714	749
714	1292
715	1447
716	1029
716	1230
716	1342
716	1662
717	723
717	1014
717	1087
717	1416
717	1750
718	1276
719	750
719	1445
720	825
720	1404
720	1480
721	1438
722	1019
722	1236
722	1264
722	1274
722	1489
723	788
724	739
724	950
724	1082
724	1335
724	1385
725	1135
725	1160
726	1202
726	1248
727	765
727	1246
728	1736
729	1482
731	864
731	894
731	930
731	941
731	1068
731	1312
731	1716
732	861
732	1014
732	1630
733	1147
733	1175
733	1279
734	849
734	1073
734	1271
734	1704
735	803
735	812
735	1078
735	1172
735	1180
735	1721
737	1230
737	1361
738	1147
738	1635
738	1685
739	857
740	747
740	1510
741	821
741	864
741	990
741	1313
741	1555
742	853
742	1320
742	1406
743	1750
744	756
744	1036
745	1253
745	1344
746	1421
746	1502
747	805
747	1330
748	1747
749	797
749	1303
749	1412
749	1491
749	1514
750	876
751	786
752	1006
752	1168
752	1484
753	1158
753	1307
753	1790
755	927
755	1009
755	1098
755	1218
755	1778
757	1476
757	1658
758	1739
758	1755
759	833
759	1093
760	821
760	866
760	1099
760	1180
761	1046
761	1294
761	1655
762	829
762	1487
762	1714
763	857
763	1485
764	1177
764	1270
765	1501
766	1019
766	1377
767	832
767	1235
767	1714
767	1715
768	778
768	1105
768	1202
768	1300
768	1377
769	772
769	917
769	1225
770	932
770	1178
770	1195
770	1251
770	1416
770	1524
770	1791
771	1307
771	1370
771	1787
772	1176
772	1580
772	1600
772	1797
773	791
773	1013
773	1796
774	1003
774	1011
774	1636
775	1275
776	1020
777	1077
777	1318
778	1062
778	1243
778	1386
778	1410
778	1497
779	1158
779	1179
779	1456
780	1312
780	1381
780	1522
780	1614
781	851
781	1027
781	1045
782	926
782	1016
783	859
783	869
783	872
783	1377
783	1473
783	1749
784	828
784	885
784	1435
784	1780
785	1062
785	1297
785	1507
786	1759
787	1158
788	1113
788	1339
789	1153
789	1252
789	1378
789	1449
789	1590
789	1715
789	1786
790	1340
790	1572
791	925
791	1077
792	955
792	974
792	1428
792	1610
793	1321
794	1357
794	1532
795	1229
796	1168
796	1649
796	1669
797	1050
797	1497
798	876
798	1114
798	1170
798	1392
798	1573
801	1466
802	862
802	1142
802	1357
803	1317
803	1506
803	1712
804	1016
806	1163
807	895
807	1099
807	1419
807	1558
807	1787
808	1798
809	826
809	1226
809	1384
809	1757
810	1209
810	1393
810	1419
811	1156
811	1488
812	1709
813	1244
813	1795
814	1679
815	1367
816	826
816	1404
817	1559
818	1596
818	1750
818	1772
819	1679
821	919
822	930
822	1039
822	1488
822	1513
822	1583
822	1686
822	1744
823	848
823	1551
824	904
824	977
825	1710
825	1763
826	982
826	1499
827	866
827	870
829	1024
829	1205
829	1616
829	1655
829	1719
830	1052
830	1514
830	1675
830	1781
831	1179
831	1360
832	927
832	1382
832	1607
833	1379
834	1112
835	1048
835	1122
835	1210
836	1633
837	872
837	1408
837	1459
837	1503
838	1696
839	1529
839	1552
840	1093
841	1055
842	1363
842	1423
843	862
843	1086
843	1676
844	1152
844	1223
845	1029
846	1249
846	1401
847	1087
847	1689
848	886
849	972
849	1001
849	1546
849	1645
849	1755
850	1107
850	1275
850	1282
850	1593
850	1689
851	1013
851	1104
851	1162
852	966
852	1242
852	1321
852	1416
853	1090
853	1601
854	1185
854	1652
854	1673
855	1667
857	1073
857	1507
858	972
858	1066
858	1312
858	1364
858	1371
858	1384
858	1717
859	1121
859	1720
860	1686
861	1289
861	1380
861	1628
862	1075
862	1763
863	945
863	1320
863	1342
863	1452
863	1706
863	1730
863	1733
865	1209
865	1545
865	1601
865	1608
866	1344
866	1492
866	1588
867	1749
867	1795
868	1049
868	1469
869	1289
869	1525
870	1185
870	1552
871	1114
871	1272
871	1685
872	994
872	1357
873	1633
874	911
874	1093
874	1240
874	1379
874	1695
874	1777
875	970
875	1274
875	1352
875	1751
877	886
877	998
877	1165
877	1491
877	1777
878	922
878	1158
879	918
879	1176
879	1218
879	1572
880	1306
881	1401
882	991
882	1026
882	1075
882	1154
883	1481
884	985
884	1348
884	1546
889	1363
889	1426
889	1544
890	1077
890	1482
890	1633
891	1545
892	1424
893	1225
893	1525
893	1742
894	1525
895	1716
897	1142
897	1408
897	1685
898	1223
898	1263
898	1329
899	1062
899	1174
899	1390
900	947
900	1209
901	932
901	986
901	1217
901	1408
901	1623
902	1064
902	1191
902	1272
902	1310
902	1388
902	1415
903	1513
903	1628
904	949
904	1355
905	1309
905	1564
906	1051
906	1056
906	1178
906	1637
907	1451
907	1610
908	1064
908	1680
909	1769
910	1095
910	1239
911	1783
912	1279
912	1330
914	1232
915	953
915	1723
916	918
916	1663
918	1388
918	1702
919	1213
920	935
920	1223
920	1315
920	1488
921	1593
923	1730
924	1662
924	1672
925	1695
926	1437
927	1241
927	1257
929	1583
930	1197
930	1200
930	1260
930	1270
930	1341
930	1373
931	1125
931	1654
932	1243
932	1419
932	1542
933	981
933	1798
934	1317
935	1356
935	1377
936	1021
936	1579
937	1066
937	1113
937	1160
937	1573
938	1397
940	1248
940	1281
940	1307
940	1742
942	962
943	1264
943	1617
944	1497
945	1434
945	1773
946	996
946	1141
946	1680
947	1107
947	1110
947	1402
948	1771
949	1246
949	1379
949	1658
950	1563
950	1578
951	1287
951	1740
952	1008
952	1439
952	1526
952	1646
953	985
954	1042
955	1244
956	1473
957	1145
957	1347
958	1343
958	1603
959	1018
959	1068
959	1473
959	1730
960	1456
960	1747
961	1629
962	1172
962	1633
963	1285
963	1337
963	1586
964	1760
964	1761
966	1122
967	1024
968	1528
968	1554
968	1594
970	1153
970	1204
970	1502
970	1639
971	977
971	1493
972	1792
973	1140
973	1340
973	1405
974	1078
974	1448
975	1231
975	1525
975	1534
976	1638
977	1039
977	1155
977	1799
979	1358
979	1581
980	1555
982	999
982	1567
982	1568
983	1367
984	1524
985	1265
985	1298
986	1197
986	1199
986	1696
987	1030
988	1629
989	1158
989	1459
990	1249
992	1101
992	1368
993	1313
994	1132
994	1462
996	1130
997	1022
997	1268
997	1332
997	1466
998	1063
998	1691
1000	1384
1000	1539
1001	1198
1003	1274
1004	1497
1004	1743
1005	1277
1005	1717
1006	1129
1006	1237
1006	1559
1006	1653
1006	1720
1007	1252
1007	1581
1008	1682
1010	1489
1010	1662
1011	1368
1011	1397
1011	1443
1011	1562
1012	1077
1012	1133
1013	1428
1014	1099
1014	1120
1015	1501
1015	1727
1016	1187
1016	1560
1017	1298
1017	1606
1017	1671
1018	1042
1018	1733
1019	1187
1019	1369
1019	1463
1019	1625
1020	1134
1020	1239
1021	1488
1021	1552
1021	1702
1021	1758
1024	1224
1024	1366
1024	1652
1025	1047
1025	1451
1025	1631
1025	1772
1026	1165
1026	1237
1026	1349
1026	1357
1026	1670
1027	1165
1028	1102
1028	1225
1029	1752
1030	1310
1030	1370
1030	1489
1030	1721
1031	1035
1031	1101
1032	1444
1033	1542
1033	1589
1035	1194
1035	1286
1035	1513
1037	1091
1037	1628
1037	1659
1038	1482
1038	1671
1040	1051
1040	1236
1042	1192
1042	1681
1042	1723
1043	1309
1044	1162
1046	1142
1047	1684
1047	1730
1047	1792
1048	1377
1048	1422
1048	1581
1048	1784
1049	1187
1049	1400
1050	1187
1051	1795
1052	1525
1052	1667
1053	1066
1053	1469
1053	1602
1054	1341
1054	1356
1054	1417
1054	1501
1056	1094
1057	1264
1058	1517
1058	1539
1058	1556
1059	1797
1060	1696
1061	1573
1062	1397
1063	1210
1063	1403
1064	1502
1066	1173
1066	1298
1067	1755
1067	1766
1068	1269
1068	1397
1068	1598
1069	1528
1069	1550
1070	1200
1071	1544
1071	1643
1072	1630
1073	1340
1073	1354
1074	1193
1075	1177
1075	1699
1077	1643
1078	1235
1079	1370
1081	1320
1081	1619
1082	1171
1083	1313
1084	1147
1084	1260
1084	1410
1084	1755
1085	1160
1086	1274
1086	1496
1087	1285
1087	1794
1088	1280
1088	1511
1088	1565
1088	1615
1089	1278
1089	1280
1090	1584
1090	1602
1091	1412
1091	1602
1091	1735
1092	1708
1092	1763
1093	1171
1094	1311
1095	1431
1095	1498
1097	1166
1101	1161
1101	1288
1102	1411
1102	1421
1102	1571
1103	1744
1104	1330
1104	1673
1104	1758
1105	1151
1105	1477
1105	1554
1106	1326
1106	1435
1106	1578
1107	1197
1107	1291
1108	1309
1108	1357
1108	1678
1109	1778
1110	1212
1111	1549
1111	1551
1112	1389
1113	1232
1113	1780
1114	1486
1115	1478
1115	1744
1116	1167
1116	1294
1116	1659
1119	1254
1119	1415
1120	1771
1121	1234
1122	1435
1122	1462
1123	1341
1124	1171
1125	1218
1125	1540
1126	1147
1127	1203
1127	1398
1127	1460
1127	1621
1127	1675
1127	1707
1128	1493
1129	1241
1129	1725
1129	1727
1130	1371
1131	1666
1133	1169
1137	1660
1138	1734
1139	1343
1141	1192
1142	1238
1142	1399
1142	1701
1143	1471
1143	1494
1143	1661
1144	1185
1144	1318
1144	1338
1145	1509
1145	1528
1147	1416
1147	1754
1148	1680
1150	1562
1150	1722
1151	1247
1151	1363
1152	1266
1153	1168
1153	1256
1153	1284
1153	1467
1154	1338
1154	1341
1154	1454
1154	1795
1155	1622
1156	1198
1157	1497
1158	1566
1159	1411
1159	1478
1160	1597
1161	1182
1161	1244
1161	1413
1165	1187
1165	1620
1166	1365
1166	1373
1166	1756
1168	1578
1169	1202
1169	1373
1170	1307
1170	1638
1171	1661
1172	1791
1173	1707
1174	1308
1175	1721
1175	1754
1175	1795
1176	1720
1177	1434
1180	1231
1181	1729
1182	1265
1182	1400
1183	1731
1185	1280
1185	1311
1185	1654
1186	1197
1186	1386
1187	1205
1187	1447
1189	1594
1189	1719
1190	1293
1191	1493
1192	1484
1194	1299
1194	1594
1196	1714
1197	1672
1197	1718
1199	1222
1204	1274
1204	1298
1204	1507
1205	1521
1206	1776
1207	1355
1208	1219
1210	1588
1211	1230
1211	1611
1215	1260
1219	1369
1219	1688
1220	1493
1221	1639
1223	1379
1223	1568
1223	1644
1225	1647
1225	1768
1226	1625
1226	1712
1226	1763
1227	1375
1227	1712
1228	1447
1229	1358
1229	1394
1229	1453
1229	1765
1230	1564
1231	1616
1232	1526
1232	1598
1233	1489
1234	1389
1234	1513
1234	1654
1234	1749
1235	1411
1235	1529
1235	1542
1236	1475
1236	1796
1237	1544
1239	1707
1239	1799
1240	1248
1241	1296
1241	1344
1241	1554
1241	1727
1243	1712
1244	1602
1246	1701
1246	1796
1247	1448
1251	1356
1254	1497
1255	1387
1256	1437
1259	1362
1260	1463
1261	1577
1261	1681
1263	1326
1263	1672
1264	1266
1264	1625
1265	1637
1265	1659
1266	1400
1266	1445
1266	1781
1269	1367
1269	1447
1272	1603
1273	1290
1274	1558
1275	1600
1276	1335
1276	1482
1276	1529
1276	1713
1277	1342
1277	1788
1278	1795
1280	1360
1280	1501
1281	1775
1282	1503
1282	1684
1282	1769
1283	1347
1283	1711
1284	1319
1284	1468
1284	1712
1285	1519
1286	1566
1286	1592
1287	1497
1287	1773
1288	1731
1289	1510
1291	1720
1292	1394
1292	1565
1294	1781
1295	1635
1296	1297
1296	1426
1296	1727
1297	1515
1298	1412
1298	1524
1299	1373
1299	1546
1299	1662
1300	1777
1302	1771
1305	1404
1305	1716
1308	1367
1309	1735
1312	1469
1314	1532
1314	1608
1314	1791
1315	1341
1315	1518
1316	1325
1316	1570
1317	1468
1318	1536
1318	1541
1319	1636
1320	1576
1320	1740
1321	1463
1321	1672
1323	1680
1324	1370
1325	1376
1325	1576
1327	1372
1327	1444
1328	1454
1328	1767
1329	1536
1329	1796
1331	1539
1333	1789
1334	1426
1334	1508
1337	1348
1337	1397
1338	1449
1338	1532
1342	1469
1342	1612
1343	1379
1343	1690
1344	1359
1344	1524
1344	1794
1345	1744
1346	1713
1347	1467
1348	1559
1350	1522
1350	1524
1350	1555
1350	1572
1350	1591
1353	1370
1354	1784
1356	1436
1357	1421
1357	1495
1359	1424
1359	1433
1362	1369
1362	1644
1363	1446
1363	1622
1363	1681
1363	1753
1364	1781
1365	1433
1365	1494
1368	1530
1368	1776
1369	1557
1373	1378
1374	1412
1374	1770
1375	1529
1376	1485
1378	1543
1380	1381
1380	1541
1380	1590
1382	1507
1382	1515
1382	1641
1383	1423
1384	1773
1384	1787
1387	1649
1389	1759
1390	1401
1390	1453
1390	1618
1391	1496
1392	1666
1395	1591
1395	1708
1396	1413
1400	1552
1400	1765
1402	1595
1403	1432
1405	1538
1405	1611
1406	1548
1407	1540
1407	1625
1408	1573
1408	1601
1412	1678
1414	1573
1415	1520
1416	1438
1418	1548
1420	1421
1420	1793
1421	1609
1424	1608
1425	1522
1425	1682
1426	1526
1426	1585
1429	1614
1429	1642
1430	1497
1430	1526
1436	1438
1436	1560
1436	1682
1437	1503
1437	1719
1439	1514
1439	1587
1440	1551
1441	1471
1441	1537
1441	1771
1442	1453
1442	1608
1442	1680
1443	1621
1443	1721
1444	1602
1444	1790
1447	1553
1448	1616
1449	1739
1450	1656
1452	1522
1453	1520
1454	1488
1456	1740
1457	1703
1458	1526
1459	1584
1459	1648
1462	1480
1462	1582
1464	1518
1464	1648
1464	1779
1469	1475
1471	1560
1472	1716
1473	1644
1474	1762
1475	1577
1476	1757
1477	1683
1478	1604
1479	1677
1481	1700
1482	1744
1486	1622
1486	1649
1489	1628
1490	1611
1492	1654
1493	1729
1496	1603
1499	1552
1502	1631
1503	1506
1506	1604
1507	1603
1509	1627
1510	1732
1513	1669
1515	1661
1518	1647
1521	1609
1522	1753
1524	1548
1525	1647
1526	1708
1526	1789
1530	1643
1531	1759
1532	1671
1532	1736
1535	1747
1536	1738
1537	1590
1538	1713
1543	1584
1543	1793
1545	1563
1549	1617
1550	1769
1553	1778
1556	1564
1558	1583
1560	1787
1562	1579
1562	1666
1563	1774
1566	1740
1567	1754
1568	1594
1570	1598
1571	1723
1572	1672
1579	1747
1580	1661
1582	1699
1584	1680
1584	1769
1586	1641
1586	1792
1587	1770
1588	1795
1590	1780
1592	1714
1593	1727
1598	1631
1604	1743
1604	1769
1606	1632
1610	1795
1611	1635
1616	1774
1618	1755
1621	1768
1626	1717
1629	1687
1629	1749
1636	1721
1639	1687
1641	1654
1642	1657
1644	1651
1644	1701
1645	1780
1647	1708
1648	1782
1652	1741
1661	1739
1661	1793
1664	1698
1665	1669
1666	1723
1673	1770
1674	1681
1675	1788
1688	1742
1691	1763
1693	1759
1698	1704
1704	1737
1708	1738
1712	1715
1716	1787
1718	1753
1720	1758
1723	1748
1726	1748
1730	1783
1733	1770
1750	1762
1751	1755
1754	1769
1760	1791
1763	1768
1776	1794