0	1105
0	1282
0	1351
0	1380
1	190
1	319
1	728
1	752
1	1359
1	1770
2	712
2	1381
3	22
3	706
3	1023
3	1341
3	1347
4	402
4	1053
4	1208
4	1541
5	28
5	104
5	1340
5	1530
5	1749
5	1784
6	180
6	685
6	1073
6	1210
6	1240
7	158
7	503
7	570
7	1385
8	168
8	783
8	1270
9	337
9	1535
10	34
10	257
10	591
10	1015
11	498
11	1216
12	62
12	335
12	702
12	771
12	1245
12	1392
13	62
13	122
13	319
13	873
13	997
13	1225
13	1351
13	1421
13	1752
14	444
14	654
14	985
14	1301
15	785
15	1561
15	1645
16	324
16	1332
16	1344
16	1474
16	1490
17	213
17	1046
17	1382
18	153
18	229
18	724
18	1223
18	1414
19	538
19	1158
19	1428
20	34
20	95
20	118
20	218
20	1169
20	1339
20	1608
21	438
21	1486
21	1509
21	1553
22	470
22	1024
23	796
23	1170
23	1471
23	1519
24	293
24	311
24	347
24	382
24	453
24	1410
24	1676
24	1724
24	1751
25	281
25	1071
25	1555
26	1651
27	443
28	598
28	610
28	617
28	976
28	1246
28	1399
28	1530
28	1601
29	233
29	514
29	711
29	1578
30	473
30	882
30	1303
30	1580
31	155
31	1123
31	1474
31	1602
31	1634
31	1749
32	1015
32	1164
32	1473
33	69
33	1116
33	1657
34	690
34	1268
34	1598
34	1684
35	1487
36	75
36	754
36	1321
36	1375
37	1489
38	300
38	567
38	1053
38	1460
39	1448
40	438
40	1379
40	1682
41	730
41	1140
41	1312
42	522
42	875
42	911
42	1286
42	1303
43	120
43	636
43	1182
44	265
44	281
44	878
44	914
44	1056
44	1067
44	1069
44	1726
45	501
45	503
45	1054
45	1100
45	1316
45	1435
45	1621
46	409
46	454
46	873
46	1225
46	1236
46	1263
46	1425
46	1646
46	1708
47	353
47	1307
47	1415
48	615
48	840
48	1261
48	1343
48	1481
49	477
49	480
49	1019
49	1536
50	56
50	208
50	1228
51	130
51	934
51	1202
51	1438
52	396
52	469
52	1038
52	1473
53	487
53	863
53	1739
53	1792
54	158
54	501
54	1451
55	188
55	567
55	704
55	768
55	1020
55	1068
55	1146
55	1269
55	1340
55	1515
56	187
56	349
56	1268
57	539
57	1500
58	512
58	546
58	1018
58	1529
59	926
59	949
60	316
60	1053
60	1054
60	1330
60	1434
61	476
61	520
61	1134
61	1261
61	1478
61	1518
61	1626
62	1374
62	1453
62	1504
62	1740
63	698
63	744
63	1137
63	1575
63	1637
64	570
64	756
64	1462
64	1620
64	1634
65	297
65	675
66	857
66	1141
66	1685
66	1700
67	84
67	601
67	755
67	866
67	872
67	991
67	1070
67	1096
67	1207
67	1322
67	1542
67	1552
67	1587
67	1632
68	1321
68	1688
69	355
69	634
69	913
69	1126
69	1407
70	526
70	1555
70	1670
71	220
71	810
71	1343
71	1441
71	1783
72	398
72	654
72	685
72	1547
72	1649
73	1035
73	1200
73	1298
73	1565
73	1672
74	652
74	775
74	1621
75	466
75	880
75	1249
75	1453
75	1678
75	1738
76	186
76	453
76	678
76	870
76	1207
76	1258
77	174
77	920
77	1232
77	1625
78	483
78	788
78	1604
79	580
79	664
79	1656
79	1739
80	271
80	620
80	720
80	815
80	1757
81	118
81	467
81	1017
81	1341
82	742
82	1071
82	1179
82	1265
82	1310
82	1525
82	1792
83	891
83	990
84	1083
84	1595
84	1783
85	137
85	1136
86	742
86	1101
86	1308
86	1480
86	1751
87	283
87	440
87	595
87	712
87	1087
87	1130
87	1426
87	1549
87	1701
87	1750
88	1311
88	1759
88	1761
89	207
89	1071
90	900
90	1026
90	1331
90	1681
91	484
91	795
91	1190
91	1542
91	1716
92	371
92	669
92	791
93	1186
94	350
94	701
94	1101
94	1339
94	1674
95	133
95	235
95	1281
96	639
96	1575
96	1701
96	1744
97	270
97	1290
97	1587
97	1664
97	1696
98	222
98	223
98	383
98	498
98	780
98	1696
99	1407
99	1671
100	253
100	498
100	1577
101	1732
102	208
102	576
102	597
103	1496
104	488
104	1513
105	883
105	1193
105	1480
106	314
106	1202
107	265
107	332
107	347
107	549
107	678
107	689
107	1256
108	462
108	673
108	882
108	1076
108	1120
108	1145
108	1199
109	1380
109	1659
109	1724
110	429
110	476
110	542
110	601
110	996
110	1425
111	1196
111	1404
111	1453
112	1260
113	515
113	1237
114	145
114	566
114	811
114	1188
114	1623
115	1159
115	1456
115	1463
116	1740
117	799
117	911
117	1222
117	1609
117	1630
117	1707
118	424
118	660
118	830
118	1234
118	1348
118	1415
118	1566
119	347
119	1504
120	350
120	406
120	447
120	477
120	554
120	868
120	1212
120	1780
121	339
121	787
121	1121
121	1256
122	678
122	736
122	898
122	1027
122	1784
123	297
123	1139
123	1320
123	1434
123	1540
124	672
124	674
124	728
124	974
124	1030
124	1119
125	207
125	232
125	822
125	1084
125	1761
126	298
126	1351
126	1785
127	479
128	431
128	629
128	1456
129	284
129	391
129	568
129	951
129	1333
129	1601
129	1688
130	487
130	1399
130	1674
130	1761
131	392
131	667
131	677
131	1550
132	155
132	215
132	628
132	919
133	733
133	835
133	855
134	181
134	281
134	463
134	511
134	533
134	747
134	970
134	997
134	1676
134	1716
135	425
135	646
135	680
136	163
136	320
136	392
136	493
136	951
136	1244
136	1273
136	1640
137	636
137	805
137	1706
138	196
138	431
138	1761
139	211
139	467
139	850
139	866
139	1075
139	1683
140	336
140	729
140	831
140	832
140	1003
140	1017
140	1180
140	1425
140	1645
141	1061
141	1141
141	1357
142	338
142	1273
142	1552
143	178
143	296
143	411
143	884
144	196
144	413
144	1352
144	1651
145	220
145	379
145	648
145	719
145	833
146	244
146	562
146	873
146	1232
146	1305
146	1677
147	325
148	571
148	1298
148	1633
149	823
149	899
150	868
150	1641
151	294
151	1223
151	1315
151	1552
152	536
152	1493
152	1724
153	731
153	1099
153	1513
154	984
155	450
155	742
155	882
155	1489
156	701
156	1044
156	1437
156	1533
157	1133
157	1248
157	1424
157	1684
157	1695
158	401
158	832
158	1154
159	215
159	491
159	499
159	859
159	956
159	1067
159	1695
160	422
160	760
161	182
161	882
161	908
161	1220
162	513
162	776
162	956
162	1750
162	1764
163	812
163	940
163	1360
163	1445
164	318
164	482
164	703
165	519
165	775
165	1245
166	371
166	498
166	1232
167	347
167	509
167	802
167	841
167	1423
168	196
168	230
168	1169
168	1751
169	411
169	498
169	721
169	739
169	955
169	1000
169	1152
169	1482
169	1539
170	260
170	302
170	348
170	573
170	787
170	898
170	919
170	1293
170	1467
170	1636
171	384
171	519
171	587
171	607
171	1085
171	1149
171	1475
172	528
172	829
172	1405
173	235
173	298
173	956
173	1304
174	614
174	1122
175	488
175	603
175	718
175	1107
175	1134
176	420
176	1396
177	739
177	830
177	1474
177	1747
178	887
179	352
180	722
180	757
180	973
181	426
181	1458
182	225
182	897
182	981
182	1316
182	1449
182	1455
183	1024
183	1181
183	1246
183	1287
183	1589
183	1644
184	1241
185	381
185	628
185	629
185	754
185	783
185	1772
186	1018
186	1481
186	1575
187	431
187	1177
187	1296
187	1322
187	1524
187	1564
188	272
188	290
188	460
188	461
189	236
189	349
189	478
189	1178
189	1253
190	308
190	1136
190	1312
190	1414
191	858
191	904
192	324
192	1116
192	1207
192	1533
193	579
193	1418
193	1426
193	1755
194	902
194	1479
195	312
195	1031
195	1071
196	1540
197	270
197	1465
197	1499
198	880
198	1045
198	1098
198	1233
198	1670
199	735
199	945
199	1181
199	1329
199	1587
200	279
200	391
200	831
200	1023
201	596
201	988
201	991
201	1454
201	1750
202	1045
203	311
203	775
203	1039
203	1203
204	433
205	227
205	282
205	306
205	350
205	363
205	638
205	691
205	792
205	1474
205	1486
205	1744
206	287
206	493
206	830
206	967
206	1132
207	916
207	1698
207	1759
208	365
208	445
208	498
208	1384
209	605
209	883
209	989
210	870
210	1010
210	1023
211	463
211	661
212	922
212	1561
213	540
213	761
213	972
213	1048
213	1289
213	1656
213	1711
214	533
214	536
214	785
214	917
214	1296
214	1789
215	1397
215	1790
216	230
216	1020
216	1419
216	1525
216	1538
216	1568
217	528
217	609
217	675
217	841
217	1209
217	1329
217	1356
217	1388
217	1430
218	628
218	662
218	698
218	745
218	1190
219	251
219	437
219	697
219	830
219	1236
219	1413
220	330
220	1210
221	807
221	903
221	1416
221	1659
222	828
222	911
222	1071
222	1399
222	1438
224	382
224	711
224	1242
224	1600
224	1750
225	408
225	629
225	826
225	839
226	833
226	959
226	1268
226	1510
227	302
227	355
227	421
227	543
227	609
227	773
227	1168
227	1176
227	1295
227	1429
228	347
228	582
228	925
228	1482
229	464
229	913
230	512
230	650
230	871
230	919
230	941
230	1046
230	1090
230	1092
230	1166
230	1245
230	1303
230	1475
231	278
231	1566
232	958
232	1492
233	249
233	870
234	313
234	706
234	1368
235	357
235	1438
235	1756
236	1002
236	1319
236	1332
237	347
237	771
237	1720
238	242
238	407
238	458
238	824
238	1293
239	1470
240	1646
241	826
241	1364
243	296
243	868
243	1157
243	1414
244	676
244	1048
245	439
245	851
245	1726
246	407
246	750
246	1453
246	1677
247	355
247	417
247	1482
248	983
248	1246
248	1496
248	1614
249	284
249	760
249	773
249	803
250	572
250	834
250	1091
250	1554
251	481
251	605
251	659
251	761
251	1753
252	1493
252	1495
253	1268
253	1559
254	508
254	1435
254	1463
255	907
255	996
255	1187
255	1512
255	1677
256	555
257	429
257	455
257	776
257	1036
258	432
258	776
258	1632
259	314
259	856
260	1219
260	1734
261	291
261	372
261	754
261	1042
261	1722
262	650
263	378
263	809
263	1231
264	1689
265	507
265	574
265	1002
265	1115
265	1139
265	1304
265	1653
265	1717
266	622
266	773
266	907
266	1049
266	1066
266	1113
266	1227
266	1367
266	1382
267	548
267	1255
268	297
268	924
268	936
268	939
268	1309
268	1371
268	1514
269	733
269	1061
269	1244
270	1049
271	442
271	905
271	1139
271	1171
271	1253
271	1674
271	1716
272	405
272	659
272	669
272	1294
272	1756
273	290
273	1286
273	1305
274	847
274	948
274	1216
275	995
275	1504
275	1689
276	547
276	659
277	698
277	877
277	1338
277	1405
277	1417
277	1602
278	431
278	549
278	577
278	661
278	896
278	1188
278	1233
278	1471
279	1284
279	1476
280	282
280	928
280	974
280	1344
280	1721
281	419
281	960
281	1272
281	1401
281	1499
282	492
282	944
282	1236
282	1288
282	1679
283	544
283	1051
283	1491
283	1686
284	314
284	484
284	655
284	711
284	742
284	802
284	1103
284	1150
284	1435
285	485
285	546
285	1607
286	669
286	903
286	1235
287	709
287	1060
287	1402
288	1175
289	398
289	672
290	487
290	1189
291	350
291	843
292	307
292	977
292	1678
292	1760
293	432
293	1227
293	1665
294	427
294	741
294	883
294	898
294	1174
295	872
295	1183
295	1324
296	344
296	351
296	371
296	394
296	588
297	1043
297	1148
297	1448
297	1738
298	1793
299	1533
299	1593
300	467
300	1398
300	1714
301	626
302	783
302	979
302	1233
302	1556
303	1440
303	1720
304	312
304	339
304	381
304	663
304	983
304	1371
305	1737
306	377
306	667
306	966
306	1173
306	1280
306	1519
307	540
307	1514
307	1534
307	1580
308	405
308	467
308	998
308	1470
309	771
309	1511
310	1070
310	1675
310	1705
311	969
311	1629
312	1039
312	1254
313	707
313	843
313	853
313	1012
314	455
314	1203
314	1388
315	1015
315	1109
315	1516
316	382
316	1206
317	721
317	1481
318	455
318	696
318	1182
318	1440
319	713
319	1486
319	1555
320	610
320	1006
320	1402
321	553
321	606
321	1663
322	434
322	621
322	1136
322	1640
323	432
323	786
324	394
324	435
324	1024
324	1391
325	392
325	617
325	1030
325	1566
325	1663
326	437
326	813
326	985
327	1651
328	460
328	573
328	644
328	1046
328	1117
328	1283
328	1467
329	807
329	1525
329	1573
330	555
330	602
330	734
330	870
331	414
331	631
331	1008
331	1068
331	1078
331	1306
332	374
332	637
332	876
332	967
333	381
333	1052
333	1683
334	401
334	679
334	767
334	1073
334	1163
334	1780
335	1259
335	1651
336	458
336	1754
337	409
337	582
337	1154
337	1183
337	1578
338	721
338	1445
339	515
339	695
339	820
339	957
339	979
340	383
340	387
340	716
341	1570
342	1406
343	550
343	935
343	1145
343	1527
344	400
344	472
344	529
344	891
344	894
344	979
344	1030
344	1661
345	729
345	972
345	1762
346	662
346	752
346	774
346	791
346	983
346	1324
346	1794
346	1795
347	699
348	1142
349	521
349	959
349	962
349	1523
350	905
350	1290
350	1327
350	1413
350	1680
351	1013
351	1091
351	1130
352	735
353	738
353	987
353	993
354	847
354	1093
354	1659
355	474
355	885
355	1165
355	1320
355	1583
355	1782
356	541
356	623
356	716
356	836
356	1024
356	1053
357	1218
357	1348
358	1544
359	453
359	741
359	1120
359	1699
360	571
360	711
360	794
360	1566
360	1669
361	486
361	488
361	672
361	1194
361	1654
362	426
362	717
362	1048
362	1255
363	445
363	510
364	449
364	566
364	1361
364	1574
364	1665
365	918
365	1293
365	1387
365	1451
365	1524
365	1749
366	1072
366	1122
366	1524
367	1152
367	1420
367	1703
368	796
368	1122
368	1263
368	1425
368	1743
369	580
369	1215
369	1613
370	1285
370	1591
371	814
371	935
371	1057
371	1142
371	1287
371	1304
371	1345
372	1024
372	1641
373	455
373	1252
373	1280
374	755
374	888
374	1280
375	503
375	566
375	1172
375	1589
375	1632
376	537
376	1172
376	1788
377	586
377	1038
377	1231
377	1448
377	1483
378	1508
378	1755
379	384
379	721
379	974
379	1208
379	1736
380	648
380	793
380	1271
381	480
381	555
381	608
381	905
381	1011
381	1251
383	490
383	954
383	993
383	1045
384	463
384	959
384	1549
385	1123
386	945
386	1404
386	1591
386	1677
387	505
387	508
388	1592
388	1668
389	1350
389	1502
389	1586
389	1673
390	635
390	1193
390	1480
391	981
391	1667
391	1762
393	498
393	737
393	1647
394	941
394	1035
394	1234
395	953
396	602
396	637
396	1149
396	1321
396	1410
396	1540
397	1685
397	1691
398	651
398	1030
398	1245
398	1377
398	1510
399	434
400	456
400	721
400	1727
401	1479
401	1666
402	1119
402	1382
403	524
403	938
403	1526
404	1295
406	1724
407	816
407	954
407	1037
407	1262
408	572
408	1047
408	1593
409	1699
410	973
410	1018
411	414
411	755
411	767
411	979
411	1075
411	1307
411	1700
412	1315
412	1406
412	1623
413	605
413	1367
414	565
414	1314
415	935
415	1279
415	1442
415	1509
416	1431
417	489
417	498
417	1722
418	713
418	999
418	1078
418	1400
419	909
419	969
419	1155
420	906
420	1227
420	1439
421	947
421	1767
422	541
422	915
423	633
423	675
423	771
424	1124
424	1667
425	884
426	567
427	462
427	766
427	835
427	1077
427	1100
427	1778
428	834
429	680
429	949
429	1272
430	1655
431	527
431	834
431	879
431	1418
431	1609
432	973
432	1252
432	1553
433	1058
434	481
434	1051
434	1300
434	1787
435	955
435	1573
436	510
436	1679
436	1699
436	1764
437	1040
437	1653
438	534
438	1020
439	478
439	1423
439	1429
440	1033
440	1194
440	1202
440	1357
441	644
441	685
441	757
441	999
441	1437
442	631
442	689
442	834
442	1080
442	1247
442	1249
442	1250
443	1052
443	1582
443	1636
444	636
444	940
445	780
445	1030
445	1380
446	559
446	1409
446	1600
447	597
447	1157
448	907
448	1358
449	1227
449	1758
450	769
451	584
451	1049
451	1389
451	1448
452	882
452	1039
452	1360
453	655
453	1765
454	682
455	988
455	1085
456	1748
457	674
457	1240
458	778
458	1279
459	920
459	1075
459	1428
460	601
460	810
460	1173
460	1342
461	1137
462	1502
463	689
463	1385
463	1627
464	686
464	1066
465	678
465	794
465	1086
465	1127
466	511
466	892
466	986
467	1092
468	807
468	1703
469	782
469	873
469	1493
470	718
470	977
471	594
471	1153
472	714
472	1051
472	1350
472	1499
472	1534
472	1703
473	630
473	682
473	962
473	1560
473	1632
474	528
474	533
474	1069
474	1072
475	1684
476	777
476	787
476	875
476	978
476	1253
477	902
477	1706
478	591
478	1276
479	689
479	722
479	904
479	1641
481	1189
481	1197
482	551
483	688
483	1440
483	1682
484	568
484	1022
484	1260
484	1410
485	1203
485	1408
485	1483
485	1706
486	762
486	1071
486	1742
487	1062
487	1099
488	596
488	630
488	950
488	1187
490	1364
491	515
491	703
491	1593
492	948
493	782
493	1397
493	1533
494	772
494	837
494	878
494	1114
494	1517
494	1725
495	734
495	936
496	808
496	885
496	1302
496	1413
496	1485
496	1493
496	1656
497	800
497	1444
498	1014
499	1537
499	1650
500	609
500	1309
501	1113
501	1504
502	818
502	1440
502	1707
503	536
503	1594
503	1664
503	1684
504	624
504	722
504	1163
504	1554
504	1785
505	957
505	1273
505	1530
505	1699
506	564
506	1206
506	1288
506	1476
507	646
507	943
508	1022
509	532
509	965
509	1017
510	610
510	1487
512	752
512	786
512	853
512	1089
512	1230
512	1498
513	1017
513	1363
514	642
514	1338
515	631
515	1183
515	1377
516	651
516	970
516	1079
516	1564
517	680
517	999
517	1182
517	1531
517	1552
517	1703
518	1592
518	1668
519	1745
519	1749
520	877
520	977
520	1476
521	1722
522	862
522	1651
522	1670
522	1718
523	1376
524	632
524	1190
524	1294
524	1566
525	964
525	1117
525	1279
525	1301
525	1427
526	986
526	988
526	1705
527	1040
528	1241
530	732
530	1474
531	575
531	994
531	1279
531	1318
532	883
532	1345
532	1637
533	535
533	1128
533	1530
533	1771
534	846
535	926
535	1577
535	1687
536	706
536	1615
536	1746
537	559
537	597
537	692
537	1348
537	1573
537	1795
538	710
538	727
538	1262
538	1264
538	1717
539	581
539	1194
539	1636
540	955
540	1147
540	1674
541	1120
541	1614
542	721
542	1780
543	796
543	867
543	1095
543	1188
544	1376
545	626
545	738
545	1044
545	1085
545	1636
545	1784
546	1280
547	1300
547	1622
547	1654
547	1701
547	1788
548	1295
549	1054
549	1276
550	1177
550	1640
551	988
551	1313
551	1339
552	836
552	1002
552	1015
552	1141
553	1167
553	1218
553	1305
553	1368
553	1653
554	742
554	755
554	1054
554	1719
555	690
555	923
555	1095
555	1610
555	1776
556	1173
556	1490
556	1548
557	887
558	578
559	1113
559	1160
559	1318
559	1555
559	1741
560	1269
560	1365
560	1704
561	1117
561	1133
561	1541
561	1578
561	1798
562	613
562	754
562	1303
562	1323
562	1571
563	846
564	884
564	1016
564	1192
564	1295
564	1410
564	1541
565	789
565	872
565	1227
565	1456
565	1646
566	1143
566	1256
567	1024
567	1063
567	1296
568	971
568	1194
568	1208
568	1368
569	576
569	1296
569	1742
570	866
570	1080
570	1259
570	1340
570	1552
572	696
572	1240
572	1271
572	1285
572	1305
573	679
573	1259
573	1366
574	888
575	1017
575	1766
576	1008
576	1501
576	1717
577	1094
577	1712
578	842
578	904
578	1144
579	770
579	1022
579	1631
579	1666
580	731
580	833
580	836
580	1054
580	1624
581	1396
581	1531
582	1304
583	687
583	1291
583	1433
583	1669
583	1701
584	833
584	1234
584	1373
585	682
585	988
585	1035
585	1361
586	950
586	1020
587	1029
587	1296
587	1507
588	683
588	1487
588	1635
589	711
589	1595
589	1686
590	701
590	751
590	1342
590	1633
591	857
591	889
591	1213
591	1385
591	1556
591	1761
592	839
592	842
592	1117
592	1690
593	1189
594	1081
595	726
595	1040
596	844
596	1313
597	665
597	704
597	1210
597	1721
598	727
598	992
598	1375
598	1640
599	1634
600	666
600	813
600	907
600	1522
600	1742
601	1025
601	1782
602	778
602	1242
602	1481
603	1291
603	1702
604	894
604	1238
605	976
605	1018
605	1035
605	1102
605	1510
606	715
606	1563
607	683
607	752
607	1758
609	802
609	1036
609	1124
609	1218
610	867
611	838
612	1189
612	1342
612	1615
613	691
613	696
613	1353
613	1487
613	1726
614	929
614	1079
614	1123
615	756
615	1117
615	1515
615	1780
616	977
616	1555
616	1633
617	1201
617	1450
617	1723
618	751
618	987
619	1532
620	1474
620	1556
621	780
621	1746
622	1531
623	730
625	680
625	715
625	1089
625	1573
625	1758
626	1232
626	1283
626	1409
626	1642
627	745
627	1164
628	662
628	1316
628	1496
629	1018
629	1390
629	1469
630	810
630	1216
630	1286
631	767
631	1339
631	1657
632	937
632	1262
633	713
633	975
633	1170
633	1386
634	1196
634	1369
634	1734
635	1066
635	1360
637	677
637	944
637	1521
637	1598
638	1371
638	1423
639	1366
639	1589
639	1756
640	1662
641	1577
642	922
642	1444
643	694
643	1384
643	1673
644	760
644	1068
644	1287
645	1016
645	1073
645	1228
645	1365
645	1483
646	1193
646	1455
647	1035
647	1571
647	1784
648	915
648	1503
648	1729
649	1365
650	672
650	840
650	909
650	1414
652	1433
652	1520
653	1061
653	1594
654	810
654	1327
654	1440
655	683
655	1094
655	1218
655	1360
656	849
656	930
656	1615
657	1241
658	797
658	1179
658	1238
658	1510
658	1695
659	1035
659	1655
660	1123
660	1398
661	1525
661	1752
662	1368
663	970
663	1093
663	1546
665	742
666	853
666	1091
666	1183
667	871
667	997
667	1532
667	1733
668	776
668	901
668	1037
668	1328
668	1382
669	961
669	1225
669	1341
670	733
670	951
670	1148
670	1200
670	1378
670	1543
671	1000
671	1359
672	1364
672	1458
673	1003
674	873
674	1367
675	855
675	912
675	914
675	1138
675	1300
676	762
677	1561
677	1615
678	1662
679	1770
680	1335
680	1587
681	1044
681	1274
682	721
682	1037
682	1451
683	1021
684	771
684	1737
684	1738
685	738
685	853
685	1071
685	1202
685	1467
685	1599
685	1759
686	742
686	775
686	1062
686	1585
687	700
687	1016
687	1058
687	1266
687	1419
687	1740
688	746
688	818
688	1435
688	1522
688	1565
688	1608
688	1706
689	1417
690	762
690	899
690	972
691	1072
692	877
692	1055
692	1307
693	1454
693	1772
694	936
694	1390
694	1451
694	1488
695	1103
695	1163
695	1208
695	1274
696	779
698	837
698	1101
698	1506
699	702
699	1091
699	1503
700	717
700	1722
701	846
701	1513
701	1538
701	1613
701	1699
702	911
703	860
703	1455
703	1494
703	1557
703	1573
703	1585
703	1636
703	1792
704	1202
704	1277
705	914
705	977
705	1026
705	1087
706	995
706	1129
706	1615
707	810
707	874
707	1343
707	1522
708	808
708	1228
708	1376
708	1661
708	1761
709	1101
711	1653
712	982
712	1368
712	1599
713	757
713	1329
713	1693
713	1777
714	1027
714	1033
714	1088
714	1449
714	1606
714	1739
715	1363
716	937
716	1499
716	1526
718	966
718	1020
718	1095
718	1166
718	1291
718	1542
718	1551
719	1209
721	734
721	980
722	1173
722	1207
723	967
723	1243
723	1389
723	1524
723	1697
725	1210
725	1337
726	1188
726	1363
727	810
727	900
727	1454
727	1457
727	1527
727	1689
728	832
728	1748
729	760
729	1593
730	1285
730	1431
730	1612
731	918
731	1718
732	934
733	1012
733	1113
733	1154
733	1305
733	1791
734	1082
734	1156
734	1653
735	1303
735	1343
735	1589
735	1796
736	1132
736	1294
736	1543
736	1567
738	741
738	796
738	1327
738	1548
739	1035
739	1685
739	1699
740	1049
741	876
741	1202
741	1367
741	1446
741	1453
741	1481
742	883
742	1389
743	921
744	1186
745	1079
745	1273
745	1547
745	1751
746	1088
746	1198
746	1355
747	778
747	1525
747	1731
748	1232
748	1266
748	1556
749	1318
749	1574
749	1775
749	1777
750	998
750	1256
751	864
751	1341
751	1672
752	822
752	1117
753	1272
755	1266
756	821
756	953
756	1040
756	1563
757	1074
757	1291
757	1529
758	1207
759	1393
759	1397
759	1448
760	1470
760	1479
760	1696
761	805
761	838
762	1218
763	1165
763	1557
764	852
764	932
764	1392
764	1414
764	1719
765	897
765	1518
765	1571
766	952
767	1629
768	813
768	978
768	1546
769	1274
769	1361
770	1187
771	1035
771	1530
771	1749
772	834
772	1187
772	1273
773	1197
773	1651
773	1661
775	810
775	1295
775	1577
775	1642
776	1168
776	1567
777	1798
778	914
778	1142
778	1431
778	1615
778	1653
779	1158
779	1386
779	1709
780	1102
780	1421
780	1734
781	865
781	1079
781	1223
784	1119
784	1271
785	1613
786	839
786	1306
787	1677
788	867
788	976
788	1246
789	1258
790	922
790	1467
791	1538
792	1189
792	1257
792	1543
793	824
793	1082
793	1125
794	1384
795	1445
796	811
796	847
796	975
796	1240
796	1322
796	1678
796	1741
797	910
797	1469
798	915
798	1477
798	1491
799	1109
800	1014
800	1231
800	1454
800	1563
801	1319
802	1586
803	1245
803	1766
804	1714
805	1673
806	1328
806	1661
807	855
808	1271
811	830
811	1192
811	1513
811	1607
812	1165
812	1742
813	920
814	832
814	881
814	1120
814	1158
814	1406
815	1638
815	1759
816	1028
817	969
817	1741
818	1434
818	1774
819	970
819	1648
819	1666
820	1112
820	1221
820	1362
821	1074
821	1387
821	1769
822	1029
824	1134
824	1276
825	1036
826	843
826	1007
826	1085
826	1265
827	869
828	1425
828	1558
828	1622
829	1030
829	1057
829	1777
830	1038
830	1147
830	1534
831	1399
831	1612
831	1774
832	1082
832	1097
833	959
833	1079
833	1537
833	1656
834	1041
834	1131
835	1074
835	1214
835	1357
835	1788
835	1793
836	969
836	1339
837	1021
837	1332
837	1405
838	1779
840	1145
841	1520
842	1653
843	1363
843	1471
843	1610
843	1644
844	877
844	1792
845	905
846	1165
846	1448
847	1248
847	1398
847	1599
847	1697
848	1709
848	1744
849	1053
849	1149
849	1434
849	1656
850	868
850	1202
850	1374
850	1644
850	1659
850	1790
851	1285
853	1202
853	1259
853	1517
853	1606
854	1144
854	1719
855	1042
855	1183
856	1393
857	1004
857	1206
859	1026
859	1137
859	1468
859	1749
860	997
860	1625
860	1783
861	1682
862	948
862	1105
862	1200
862	1658
863	1387
864	991
864	1053
864	1129
864	1238
864	1726
864	1733
865	1012
865	1582
866	1061
866	1735
867	938
867	1731
868	1312
869	965
869	1493
869	1547
869	1573
870	871
870	1101
870	1307
870	1363
870	1496
871	931
871	999
871	1145
872	1476
873	1093
873	1221
873	1722
874	1468
874	1704
875	925
875	1334
875	1359
876	1002
876	1056
877	1037
877	1476
877	1494
877	1757
878	998
878	1283
878	1478
879	1141
879	1708
880	898
880	1514
882	1557
883	1775
884	1661
884	1702
885	1084
886	1213
887	1048
887	1251
887	1260
887	1661
889	959
889	1048
889	1305
889	1391
890	1546
891	1071
891	1572
892	1710
893	918
893	953
893	1557
893	1715
894	984
894	1390
894	1507
895	1293
896	1072
896	1552
897	1364
898	1110
898	1358
899	1314
899	1351
899	1377
899	1585
900	1241
901	994
902	1531
903	984
903	1284
903	1299
904	1453
905	1012
905	1620
907	1017
907	1150
907	1550
907	1677
908	1189
908	1233
908	1357
908	1702
909	1045
909	1143
909	1352
909	1491
909	1532
911	1798
912	1361
913	1018
913	1423
913	1575
913	1723
914	1059
915	1237
916	1074
916	1169
916	1320
916	1353
916	1732
916	1740
917	1490
917	1681
918	1194
918	1398
919	1465
919	1518
921	1064
921	1283
922	1169
923	982
923	1646
924	1049
924	1209
925	931
925	954
925	1440
927	1489
928	998
928	1230
928	1376
929	1312
929	1343
929	1594
929	1681
930	961
930	1040
930	1729
931	1724
932	1503
933	1032
933	1066
934	1340
934	1496
934	1664
935	1334
935	1335
935	1485
935	1608
936	1301
937	1307
937	1535
938	1411
938	1492
938	1741
939	1680
940	1149
940	1306
941	1130
941	1541
942	1079
942	1163
942	1742
943	1660
944	1500
945	949
945	1253
945	1574
946	957
946	1038
946	1443
947	1634
948	980
948	1100
949	969
950	1110
950	1117
950	1130
950	1694
951	993
951	1233
954	971
954	1376
956	1025
956	1136
956	1452
957	1124
957	1215
960	1754
961	1360
961	1455
961	1641
962	989
962	1212
962	1331
963	968
963	1699
966	1649
966	1774
967	1244
967	1409
967	1482
967	1599
967	1659
968	1272
968	1684
969	1507
969	1521
970	989
970	1319
970	1505
970	1758
971	1530
971	1773
972	1110
972	1224
972	1240
972	1637
972	1688
973	1131
973	1378
974	1079
974	1232
974	1322
974	1570
975	999
975	1038
975	1040
975	1661
977	1122
977	1247
977	1633
978	1397
979	1204
979	1629
980	1010
981	1652
981	1724
982	1264
982	1507
983	1056
983	1343
984	1025
986	1507
987	1295
988	1415
989	1708
990	1466
990	1734
992	1558
994	1736
995	1059
995	1504
996	1384
997	1226
997	1326
999	1514
999	1730
1000	1681
1001	1199
1001	1752
1002	1221
1002	1230
1002	1432
1002	1577
1002	1748
1003	1338
1003	1439
1004	1582
1005	1123
1005	1157
1005	1370
1005	1496
1006	1070
1006	1639
1007	1125
1007	1736
1007	1771
1008	1392
1009	1450
1009	1466
1010	1063
1010	1191
1010	1224
1010	1317
1011	1622
1011	1673
1015	1461
1015	1621
1016	1341
1017	1314
1018	1060
1018	1709
1018	1754
1019	1262
1019	1314
1020	1042
1020	1630
1021	1116
1021	1675
1022	1048
1022	1299
1022	1531
1023	1789
1024	1494
1024	1799
1025	1083
1025	1482
1025	1731
1028	1158
1028	1506
1028	1525
1028	1762
1029	1247
1029	1401
1029	1408
1030	1175
1030	1182
1030	1646
1031	1169
1033	1072
1033	1149
1033	1357
1033	1793
1034	1427
1034	1570
1035	1147
1036	1293
1036	1455
1036	1476
1036	1510
1038	1293
1038	1348
1039	1589
1040	1137
1040	1675
1040	1799
1041	1462
1041	1541
1041	1786
1042	1114
1044	1106
1044	1276
1044	1512
1044	1531
1046	1275
1046	1402
1046	1509
1047	1605
1048	1641
1049	1245
1050	1446
1051	1149
1051	1748
1052	1183
1052	1698
1053	1178
1053	1377
1053	1482
1053	1707
1054	1342
1056	1295
1057	1532
1058	1150
1058	1561
1058	1598
1059	1079
1059	1532
1060	1098
1060	1227
1060	1629
1060	1787
1061	1295
1062	1249
1062	1492
1063	1196
1063	1218
1064	1661
1064	1689
1065	1474
1066	1301
1066	1642
1067	1537
1068	1276
1068	1772
1069	1112
1069	1340
1071	1124
1071	1221
1071	1278
1071	1475
1072	1280
1073	1360
1073	1395
1076	1280
1076	1653
1076	1723
1077	1123
1077	1331
1078	1724
1079	1123
1079	1380
1080	1342
1081	1481
1082	1193
1082	1354
1082	1736
1084	1124
1085	1145
1086	1589
1088	1324
1088	1605
1090	1660
1090	1663
1090	1671
1091	1159
1091	1577
1091	1741
1092	1421
1093	1173
1094	1260
1095	1116
1095	1257
1098	1349
1099	1591
1099	1595
1100	1283
1100	1334
1100	1461
1101	1506
1101	1634
1101	1696
1101	1724
1101	1768
1102	1424
1103	1458
1104	1126
1104	1205
1104	1708
1105	1131
1105	1290
1105	1798
1106	1519
1107	1442
1108	1239
1109	1140
1109	1741
1110	1187
1111	1135
1111	1674
1112	1336
1112	1537
1112	1548
1113	1158
1113	1388
1113	1433
1114	1199
1114	1591
1115	1126
1115	1616
1116	1219
1116	1519
1117	1141
1117	1328
1118	1604
1119	1143
1120	1222
1121	1604
1122	1231
1122	1658
1123	1599
1123	1683
1123	1754
1124	1196
1124	1793
1126	1618
1127	1373
1128	1341
1128	1724
1129	1649
1130	1755
1131	1229
1131	1657
1131	1659
1131	1778
1132	1582
1133	1172
1133	1517
1133	1645
1134	1247
1134	1507
1135	1208
1135	1671
1137	1210
1137	1651
1139	1182
1139	1207
1140	1624
1140	1767
1142	1202
1142	1389
1142	1407
1142	1411
1142	1594
1143	1666
1145	1649
1146	1340
1146	1541
1147	1204
1147	1404
1148	1415
1148	1597
1148	1699
1148	1747
1149	1207
1149	1505
1149	1792
1150	1200
1150	1622
1151	1408
1152	1365
1154	1166
1155	1357
1155	1521
1155	1525
1156	1367
1157	1486
1158	1168
1159	1241
1160	1436
1161	1263
1161	1277
1162	1301
1162	1347
1162	1741
1163	1729
1165	1550
1166	1547
1168	1629
1168	1631
1168	1635
1170	1260
1171	1396
1172	1618
1174	1375
1177	1241
1177	1311
1180	1603
1180	1704
1180	1729
1181	1582
1182	1726
1182	1795
1183	1258
1183	1477
1184	1658
1184	1707
1184	1767
1185	1226
1185	1376
1185	1447
1186	1446
1188	1406
1189	1298
1189	1520
1189	1654
1190	1709
1191	1686
1193	1349
1193	1724
1194	1215
1194	1265
1194	1334
1195	1210
1195	1346
1196	1468
1196	1729
1197	1383
1200	1728
1201	1763
1202	1317
1202	1464
1203	1308
1203	1685
1204	1369
1204	1421
1204	1509
1204	1718
1205	1700
1206	1302
1208	1691
1209	1714
1210	1355
1210	1517
1210	1666
1210	1741
1210	1752
1211	1291
1211	1518
1211	1532
1213	1389
1214	1714
1216	1518
1217	1477
1217	1751
1219	1221
1219	1282
1219	1458
1219	1671
1220	1696
1220	1767
1221	1710
1224	1396
1224	1495
1224	1689
1224	1730
1226	1285
1226	1306
1227	1495
1227	1644
1227	1758
1229	1446
1231	1372
1231	1545
1231	1581
1231	1629
1231	1746
1233	1235
1233	1753
1234	1350
1234	1654
1236	1344
1236	1493
1237	1395
1237	1490
1239	1361
1239	1671
1240	1353
1240	1567
1240	1742
1241	1268
1241	1291
1242	1705
1242	1786
1243	1260
1243	1318
1243	1336
1243	1594
1243	1714
1244	1387
1245	1574
1246	1700
1247	1345
1247	1466
1247	1515
1248	1608
1249	1781
1250	1421
1251	1617
1251	1678
1253	1534
1254	1617
1256	1281
1256	1368
1257	1284
1257	1796
1259	1507
1259	1522
1259	1542
1259	1728
1260	1435
1261	1684
1262	1442
1262	1527
1262	1543
1262	1634
1262	1695
1263	1469
1263	1539
1264	1452
1265	1773
1266	1338
1266	1587
1267	1290
1268	1591
1271	1672
1272	1795
1273	1423
1273	1686
1275	1286
1275	1679
1276	1484
1276	1624
1278	1320
1278	1509
1280	1609
1281	1762
1285	1312
1285	1784
1286	1394
1286	1651
1287	1457
1287	1666
1288	1651
1288	1663
1288	1687
1288	1764
1289	1485
1289	1709
1291	1334
1291	1378
1292	1403
1293	1603
1293	1615
1294	1305
1294	1680
1297	1384
1298	1481
1298	1733
1298	1747
1299	1598
1300	1685
1300	1765
1301	1598
1303	1319
1305	1421
1305	1574
1306	1777
1306	1780
1307	1322
1308	1389
1308	1586
1310	1555
1310	1580
1310	1635
1310	1715
1311	1506
1311	1542
1311	1633
1311	1719
1313	1421
1313	1453
1313	1504
1314	1558
1314	1636
1315	1391
1316	1382
1316	1677
1316	1731
1317	1579
1318	1532
1318	1595
1319	1405
1319	1779
1320	1511
1320	1596
1322	1592
1323	1425
1323	1501
1325	1517
1326	1559
1328	1528
1329	1426
1330	1691
1331	1408
1333	1352
1333	1452
1333	1503
1333	1744
1334	1472
1334	1642
1335	1492
1335	1635
1336	1790
1337	1647
1338	1749
1339	1750
1341	1401
1343	1370
1343	1609
1344	1379
1346	1553
1347	1788
1348	1485
1348	1614
1349	1657
1350	1689
1350	1789
1352	1480
1352	1787
1353	1441
1353	1636
1354	1417
1356	1376
1357	1544
1357	1686
1358	1609
1359	1588
1360	1395
1361	1466
1364	1709
1365	1469
1368	1468
1368	1662
1370	1399
1370	1694
1371	1471
1374	1383
1374	1455
1378	1749
1378	1770
1379	1740
1380	1583
1380	1713
1381	1590
1384	1394
1384	1638
1385	1643
1386	1547
1387	1636
1387	1703
1388	1524
1391	1465
1391	1520
1391	1581
1391	1732
1393	1583
1396	1406
1396	1528
1397	1434
1398	1524
1398	1669
1399	1768
1401	1512
1402	1408
1402	1743
1404	1549
1407	1441
1407	1709
1407	1739
1408	1416
1410	1467
1410	1739
1412	1509
1413	1773
1414	1585
1414	1685
1414	1731
1415	1576
1416	1699
1418	1498
1418	1525
1418	1745
1420	1508
1420	1668
1420	1711
1421	1552
1422	1703
1423	1561
1424	1597
1424	1680
1425	1766
1426	1570
1428	1471
1428	1794
1429	1528
1429	1625
1429	1627
1430	1584
1431	1693
1432	1567
1432	1763
1434	1543
1434	1736
1435	1732
1435	1758
1436	1688
1437	1546
1440	1619
1440	1769
1441	1727
1442	1502
1444	1708
1444	1777
1446	1710
1447	1733
1459	1465
1459	1559
1459	1738
1460	1679
1460	1725
1461	1732
1462	1645
1465	1487
1465	1606
1465	1752
1466	1616
1466	1718
1467	1761
1468	1522
1468	1689
1468	1791
1470	1661
1471	1660
1471	1703
1471	1713
1474	1656
1474	1732
1476	1539
1476	1661
1477	1553
1478	1672
1479	1717
1483	1585
1485	1528
1486	1583
1486	1708
1487	1657
1487	1719
1487	1745
1487	1760
1490	1793
1491	1601
1491	1615
1491	1771
1493	1628
1494	1627
1494	1758
1495	1774
1497	1663
1498	1501
1498	1780
1499	1569
1500	1646
1500	1715
1504	1634
1505	1662
1512	1619
1514	1628
1514	1738
1515	1518
1518	1525
1519	1606
1519	1768
1520	1758
1525	1766
1533	1614
1535	1651
1536	1763
1538	1730
1542	1546
1542	1794
1544	1705
1545	1595
1545	1693
1550	1605
1550	1755
1552	1783
1553	1757
1558	1564
1558	1798
1559	1709
1562	1649
1563	1720
1567	1746
1569	1597
1570	1632
1571	1784
1572	1733
1573	1671
1575	1626
1578	1693
1580	1662
1583	1723
1587	1600
1589	1658
1590	1637
1590	1732
1592	1737
1594	1713
1600	1661
1600	1693
1611	1732
1612	1797
1613	1664
1614	1622
1614	1687
1617	1683
1618	1636
1618	1643
1619	1684
1621	1741
1624	1707
1633	1761
1636	1705
1636	1716
1642	1750
1643	1653
1646	1683
1652	1696
1652	1725
1652	1734
1652	1741
1657	1759
1660	1770
1662	1769
1665	1774
1668	1692
1670	1705
1672	1788
1676	1773
1684	1763
1690	1797
1700	1723
1703	1770
1704	1753
1706	1742
1727	1783
1745	1770
1748	1781
1751	1796
1757	1776
1762	1773
1763	1787
1783	1784