0	89
0	1527
0	1794
1	131
1	444
1	1274
1	1549
2	285
2	379
2	716
3	1026
3	1040
3	1445
3	1573
4	156
4	886
4	1033
4	1637
4	1653
4	1663
5	123
5	1202
5	1333
5	1380
5	1539
6	41
6	607
6	661
6	898
6	1792
7	439
7	1013
7	1068
8	1261
9	570
9	1015
10	126
10	369
10	447
10	1005
11	960
11	1637
11	1707
12	939
12	1206
12	1252
13	1008
14	302
14	362
14	423
14	696
14	1049
14	1071
14	1197
15	405
15	458
15	763
15	1477
16	243
16	1338
16	1655
16	1718
17	78
17	198
17	397
17	889
18	116
18	520
18	1018
19	988
19	1386
20	564
20	1378
20	1669
21	194
21	302
21	1171
21	1745
22	447
22	1020
22	1592
23	75
23	436
23	1212
24	534
24	958
24	1016
24	1564
24	1566
25	347
25	515
25	578
25	1142
25	1482
25	1496
25	1526
25	1601
26	654
26	799
26	823
26	1306
26	1545
26	1665
27	166
27	290
27	1495
28	235
28	1346
28	1523
29	163
30	90
30	158
30	282
30	1378
30	1486
30	1660
31	150
31	667
31	873
32	150
32	669
32	1251
33	272
34	393
34	564
34	1359
34	1452
35	962
35	1343
35	1448
35	1498
36	340
36	370
36	594
36	1219
36	1400
36	1796
37	192
37	298
37	570
37	769
37	1101
37	1104
37	1167
37	1650
38	371
38	553
38	982
38	1343
38	1464
39	344
39	840
39	1487
40	163
40	972
40	1224
40	1556
41	252
41	324
41	413
41	455
41	758
41	759
41	1449
42	305
42	361
42	379
42	1006
42	1111
42	1236
42	1755
43	422
43	485
43	732
43	733
43	872
44	119
44	456
44	648
44	977
44	1643
45	541
45	547
45	594
45	867
45	1293
46	177
46	691
46	1143
46	1243
46	1498
47	134
47	574
47	889
47	942
47	1000
47	1709
48	212
49	688
49	812
49	1072
49	1344
49	1744
50	406
50	462
50	1193
51	133
51	448
51	1758
52	236
52	560
53	257
53	446
53	447
53	925
53	971
54	90
54	1144
54	1607
54	1685
55	736
55	778
55	848
55	1003
55	1248
55	1403
55	1590
55	1749
56	275
56	1208
57	208
57	555
57	593
57	889
57	1156
57	1769
58	145
58	666
58	680
58	865
58	1259
58	1276
58	1510
58	1693
59	385
59	512
59	1102
59	1162
59	1733
60	1360
60	1727
61	500
61	605
61	979
61	1145
61	1215
61	1415
62	69
62	644
62	1214
62	1518
63	612
63	685
63	835
63	947
63	1780
64	1168
64	1217
65	242
65	389
65	1160
65	1457
66	408
66	648
66	736
66	1319
66	1497
67	355
67	1097
68	1717
69	1465
70	197
70	534
70	646
70	788
70	1162
71	499
71	665
71	899
71	1166
71	1276
71	1368
71	1371
71	1734
72	152
72	656
72	1471
72	1536
72	1586
72	1625
72	1723
73	442
73	467
73	1613
74	339
74	878
74	975
74	1227
74	1390
74	1525
75	216
75	550
75	564
75	796
75	916
75	1083
75	1271
75	1686
76	1239
77	731
78	450
78	1385
78	1463
79	612
79	1045
79	1111
79	1618
80	628
80	719
80	789
80	1387
80	1503
81	99
81	885
81	1011
81	1248
81	1506
82	248
82	1219
82	1777
83	420
83	775
83	886
83	1044
83	1104
83	1241
84	400
84	835
85	177
85	1387
86	1522
87	528
87	740
87	879
87	1095
87	1199
87	1210
87	1220
87	1574
88	365
88	484
88	806
88	1105
89	311
89	530
89	854
89	889
89	1336
89	1456
89	1777
90	524
90	580
90	924
90	1324
91	338
91	1651
92	347
92	375
92	480
92	535
92	1547
92	1663
93	255
93	712
93	1056
93	1243
93	1470
94	142
94	407
94	726
94	961
94	1171
95	334
95	511
95	888
95	1167
96	262
96	399
96	875
96	990
97	393
97	584
97	1096
97	1139
97	1163
98	465
98	757
98	938
99	694
99	1079
100	1270
100	1620
101	359
101	632
101	1121
101	1418
102	630
102	1676
103	296
103	1682
104	443
105	143
105	1435
106	1412
106	1473
106	1556
107	420
107	857
107	867
107	924
107	1017
107	1245
107	1616
108	117
108	413
108	1460
108	1466
109	275
109	529
109	704
109	1269
109	1730
110	1542
111	401
111	862
112	286
112	450
112	890
112	1369
113	1647
114	267
114	338
114	1229
114	1255
115	326
115	704
115	1308
116	922
116	1117
117	339
117	785
117	1001
117	1037
117	1597
118	141
118	1747
119	131
119	457
119	1533
120	538
120	924
120	1019
120	1420
121	152
121	911
121	1363
121	1722
122	409
122	1384
123	187
123	830
123	1520
123	1731
124	594
124	935
124	1375
125	154
125	262
125	432
125	1282
125	1303
125	1751
126	547
127	173
127	1782
128	194
128	215
128	256
128	509
128	761
128	1374
129	876
129	1675
130	1049
130	1373
130	1412
131	141
131	400
131	1363
131	1578
132	168
132	316
132	406
132	647
132	728
132	1076
132	1210
132	1380
132	1557
133	813
133	1591
134	874
134	1411
135	881
135	1109
135	1118
135	1156
135	1357
135	1402
135	1511
136	356
136	796
136	1143
136	1608
137	758
137	1193
138	1011
138	1247
139	346
139	439
139	541
139	734
139	847
139	1294
140	204
140	382
140	1045
140	1064
140	1796
141	208
141	226
141	1062
141	1200
141	1554
142	514
142	959
142	1784
143	793
143	1351
144	631
144	1152
145	690
145	1491
145	1659
146	268
146	431
146	906
146	1604
146	1666
147	209
147	259
147	649
147	1005
147	1202
148	518
148	531
148	647
148	707
149	395
149	970
149	1078
149	1273
149	1302
150	740
150	755
150	827
150	862
150	863
150	999
150	1107
150	1364
151	440
151	448
151	476
151	751
151	1081
151	1126
151	1604
152	860
152	1135
152	1480
153	560
153	1231
154	300
154	673
154	1755
155	198
155	395
156	499
156	860
156	1199
156	1258
157	871
157	993
157	1645
157	1730
158	269
158	347
158	418
158	883
158	1090
159	207
159	238
159	473
159	1424
160	186
160	308
160	484
160	747
160	1390
160	1396
160	1669
161	413
161	486
161	649
161	680
161	1358
162	178
162	182
162	630
162	1296
162	1781
163	174
164	428
164	453
164	589
164	739
164	952
164	1052
164	1140
164	1265
165	437
165	1017
166	582
166	713
166	723
166	992
167	779
167	880
167	938
167	1138
168	515
168	1018
169	229
169	298
169	612
169	1119
169	1286
170	554
171	227
171	1681
172	1325
172	1776
173	591
173	885
174	525
174	539
174	610
174	937
174	1217
174	1426
175	292
175	649
175	921
175	1309
175	1609
175	1621
176	819
176	1454
177	569
177	774
178	975
178	1098
179	408
179	598
179	912
179	1332
180	685
180	1592
181	312
181	430
181	698
181	789
181	900
181	1145
181	1362
181	1523
182	377
182	1039
183	1055
183	1268
184	1042
184	1206
184	1275
184	1649
184	1774
185	370
185	521
185	532
185	571
185	1219
185	1352
185	1551
186	1371
186	1474
186	1494
186	1632
187	256
187	426
187	481
187	640
187	1736
188	246
188	368
188	474
188	626
188	882
188	1231
189	488
189	1351
189	1744
190	275
190	1335
190	1417
190	1530
190	1566
191	245
191	753
191	1463
192	1693
193	616
193	749
193	885
193	1598
194	782
194	1693
194	1797
195	254
195	978
195	1466
195	1738
196	541
196	813
196	1653
196	1724
197	759
197	1333
198	370
198	1088
198	1671
198	1735
199	685
199	838
199	1380
199	1533
200	553
200	725
200	1021
200	1057
200	1104
201	788
201	943
201	1554
201	1786
202	360
202	946
202	1104
203	829
203	1176
204	226
204	383
204	889
204	1113
204	1139
204	1632
205	423
205	485
205	667
205	894
205	1529
205	1696
206	436
206	444
206	753
206	885
206	977
206	1109
206	1486
207	1174
207	1433
208	1058
208	1245
208	1479
208	1529
210	248
210	1741
210	1775
211	658
212	240
212	638
212	640
212	837
212	889
212	1211
212	1623
213	894
213	1350
213	1392
214	751
214	779
215	429
215	926
215	1017
215	1289
215	1379
216	689
216	1088
217	340
217	498
217	1305
218	1187
218	1426
219	516
219	712
219	741
219	1070
219	1548
220	409
220	1423
220	1425
220	1793
221	366
221	453
221	527
221	676
221	870
221	1300
222	432
222	831
222	1380
222	1523
223	259
223	766
223	1157
223	1316
223	1490
224	569
224	1076
224	1476
224	1779
225	518
225	748
225	765
225	819
225	1339
225	1638
226	282
226	682
226	693
226	1163
226	1430
226	1436
227	365
227	515
227	1747
228	516
228	686
228	957
228	1290
228	1775
229	1238
229	1463
229	1671
230	643
230	1030
230	1158
230	1772
231	1010
231	1201
231	1630
232	243
232	495
232	1050
232	1058
232	1093
232	1661
233	420
233	1593
233	1600
234	490
234	786
234	1007
234	1754
235	1555
236	529
236	896
236	929
236	969
236	1086
236	1751
237	572
237	964
238	854
239	783
239	1611
240	1604
240	1643
241	615
241	754
241	891
241	1307
241	1372
241	1756
242	385
242	821
242	1322
242	1390
242	1450
243	946
244	421
244	532
244	715
244	769
244	1788
245	1410
246	416
246	465
246	1026
247	311
247	445
247	482
247	492
247	841
247	864
247	1091
247	1331
248	1047
248	1395
249	871
250	308
250	978
250	1100
251	654
251	951
251	1184
251	1281
251	1357
251	1534
252	556
252	935
252	1505
252	1787
253	983
253	1072
253	1246
254	735
255	726
255	740
255	809
255	952
256	410
256	780
256	1409
257	959
257	1622
257	1772
258	358
258	359
258	485
258	541
258	562
258	644
258	870
258	1022
258	1483
259	431
259	733
259	761
259	1071
259	1287
260	406
260	444
260	470
260	659
260	836
260	1783
261	1046
261	1048
261	1345
261	1370
261	1386
261	1405
262	488
262	544
262	634
262	1115
262	1500
262	1501
262	1786
263	965
263	971
264	933
264	943
264	987
264	1171
265	743
265	934
265	1085
265	1335
266	276
267	1707
268	749
268	1569
269	1561
269	1576
269	1660
269	1759
270	1315
271	762
271	1129
271	1375
271	1782
272	322
272	494
273	461
273	551
273	559
274	368
274	530
274	1036
275	744
275	922
275	982
275	1573
276	374
276	632
277	633
277	842
277	1113
277	1560
278	530
278	699
278	1213
278	1669
279	982
279	1046
279	1296
279	1406
279	1613
280	664
280	853
280	1151
280	1632
281	799
281	1642
281	1799
282	407
282	493
282	1134
282	1208
282	1369
282	1485
282	1659
283	429
283	531
283	1650
284	405
284	712
284	787
284	1161
284	1403
284	1420
285	1165
285	1191
285	1377
286	381
286	538
286	813
287	1510
287	1522
288	610
288	672
288	704
289	550
289	613
289	825
289	1030
290	438
290	722
290	1114
290	1193
290	1194
290	1272
290	1307
290	1515
290	1638
291	747
291	794
291	1126
291	1437
291	1573
292	1458
292	1556
292	1622
293	1380
294	456
294	573
294	604
295	430
295	1087
295	1268
295	1465
296	537
296	1246
296	1452
297	671
297	1672
297	1733
298	1208
298	1658
298	1732
299	845
299	1215
300	1250
301	1084
301	1415
301	1751
301	1767
302	425
302	1247
302	1350
303	470
303	486
303	1175
303	1310
303	1654
303	1699
304	359
304	648
304	753
304	805
304	1300
304	1463
304	1696
305	423
305	1059
305	1227
305	1664
306	571
306	1743
307	388
308	888
309	436
310	324
310	822
310	1159
310	1378
311	597
311	1483
311	1601
312	630
312	1271
313	1782
314	1679
315	839
315	1095
315	1537
316	686
316	769
316	1309
316	1708
317	350
317	630
317	961
317	1632
317	1738
318	873
318	1312
318	1461
318	1631
318	1686
319	389
319	529
319	636
319	1031
319	1302
320	931
320	1330
321	903
321	1474
322	365
322	376
322	888
322	1046
323	402
323	720
323	1719
323	1784
324	700
324	1086
324	1138
324	1417
324	1602
324	1669
325	858
325	1437
326	368
326	386
326	396
326	796
326	1379
327	544
327	869
327	1288
328	535
328	730
328	757
328	958
328	1765
329	336
329	383
329	510
330	875
330	1327
330	1454
330	1626
331	1533
332	690
332	1488
332	1742
333	549
333	1762
334	468
334	1700
335	1219
335	1720
336	419
336	447
336	500
336	566
336	1276
336	1540
337	577
337	678
337	1525
339	508
339	909
339	969
339	1254
339	1291
340	910
340	1326
340	1386
341	408
341	645
341	1646
341	1727
342	483
342	793
342	1087
342	1435
342	1625
342	1687
342	1745
343	415
343	599
343	782
343	1171
343	1339
343	1740
344	424
344	1450
345	747
345	883
345	1079
345	1163
346	1072
348	373
348	713
348	1480
349	594
349	656
349	1176
349	1554
349	1790
350	693
350	1395
350	1703
351	1434
351	1769
352	433
352	560
352	601
352	729
352	990
352	1576
352	1599
353	1694
354	1027
354	1369
356	362
356	1161
356	1186
356	1198
356	1460
357	422
357	819
357	826
357	1019
357	1146
357	1494
357	1531
358	360
358	372
358	727
358	889
358	1077
358	1538
359	385
359	460
359	1160
360	919
360	1186
360	1501
361	538
361	562
361	998
361	1139
362	1090
362	1278
363	622
363	624
363	787
363	805
363	1466
363	1780
364	672
364	1435
366	652
366	672
366	689
366	744
366	785
367	371
367	761
367	789
367	886
367	1204
367	1430
368	657
368	1090
368	1408
368	1522
368	1753
369	1084
369	1150
370	738
370	1640
371	423
371	528
371	588
371	670
371	1440
371	1642
371	1765
372	1192
373	1347
373	1403
373	1441
374	440
374	708
375	722
375	825
375	1711
376	466
376	566
376	1156
376	1296
376	1334
376	1346
376	1500
376	1637
376	1705
377	1107
377	1246
377	1762
378	1226
378	1252
378	1473
379	547
379	610
379	1530
379	1635
380	936
380	1663
384	1733
385	403
385	717
385	757
385	1219
386	466
386	494
386	949
387	546
387	799
387	885
387	926
387	981
387	1172
387	1184
387	1738
388	435
388	1233
388	1677
388	1762
389	848
389	1170
389	1314
390	392
390	972
390	1569
390	1751
391	679
391	1085
391	1663
392	444
392	1157
392	1507
393	490
393	591
393	1136
393	1455
393	1759
394	495
394	545
394	929
394	1275
394	1447
395	635
395	1301
395	1409
396	1129
396	1296
396	1619
396	1727
396	1768
397	411
397	656
397	1524
398	586
398	1202
398	1519
398	1747
399	489
399	1015
399	1108
399	1294
399	1338
399	1366
400	702
400	904
400	914
400	937
401	1224
401	1313
401	1474
401	1691
401	1721
402	1622
402	1698
402	1758
403	476
403	751
404	719
405	408
405	762
405	1052
406	788
406	1537
407	586
407	1070
407	1523
407	1615
407	1650
408	536
408	591
408	800
409	481
409	668
409	861
409	1532
410	631
410	1657
411	545
412	416
412	776
412	950
412	1623
413	826
413	1171
413	1181
413	1395
413	1601
413	1735
414	780
414	1235
414	1421
415	1526
416	509
416	1113
416	1384
416	1390
416	1593
417	430
417	866
417	1444
418	419
419	947
419	1043
419	1466
420	783
420	1179
420	1284
420	1368
421	610
421	709
421	830
421	1098
421	1157
421	1353
421	1586
422	484
422	1090
422	1241
422	1423
423	1292
424	444
424	551
424	1066
424	1775
425	997
425	1070
425	1076
425	1134
426	742
426	840
426	1248
427	1139
427	1700
428	651
428	662
428	761
428	1384
429	1362
430	494
430	723
430	1051
431	1581
432	794
432	1062
432	1195
433	747
433	1162
433	1320
434	733
434	1058
434	1160
434	1178
434	1261
434	1559
435	561
435	582
435	1215
436	495
436	1251
436	1264
436	1433
437	475
437	1566
438	1210
438	1216
439	538
439	953
439	1098
439	1302
440	463
440	563
440	748
440	981
440	1062
440	1273
440	1556
441	1678
442	843
442	1012
442	1204
443	564
443	1320
443	1386
444	562
444	936
444	1036
444	1189
445	1408
446	922
446	939
446	1625
447	1285
447	1454
448	677
448	838
448	1543
449	1031
449	1508
450	747
450	757
450	890
450	1065
450	1137
451	719
451	1270
451	1571
452	1097
452	1327
452	1776
453	659
453	713
453	781
453	974
453	1144
453	1280
453	1476
454	588
454	649
454	661
454	957
454	1303
454	1610
455	709
455	796
455	1091
455	1268
455	1456
456	1764
457	550
457	702
457	711
457	1276
457	1326
457	1366
457	1619
458	822
458	946
458	1586
459	663
459	1101
459	1199
459	1387
459	1526
459	1530
460	544
460	799
460	909
460	1186
460	1531
460	1772
462	1161
462	1418
464	765
464	1176
464	1755
465	580
465	873
465	1142
465	1366
465	1383
465	1741
466	506
466	1480
466	1495
467	607
467	669
467	1092
467	1305
467	1459
467	1472
467	1614
467	1693
468	488
468	1313
469	718
470	784
470	1201
471	496
471	824
471	1183
471	1200
471	1325
472	1343
473	735
473	950
473	1537
474	741
474	1101
474	1354
475	574
475	849
475	1464
476	707
476	1190
476	1382
476	1535
477	507
477	574
477	1164
477	1271
478	978
478	1000
478	1300
479	756
479	1024
479	1062
479	1257
479	1492
480	927
480	1040
480	1551
480	1560
480	1773
481	1630
481	1761
482	954
482	1214
482	1556
483	911
483	995
483	1060
483	1066
483	1215
483	1718
484	674
484	898
484	972
484	1493
485	565
485	808
486	948
486	1234
486	1435
486	1520
487	1250
487	1391
488	1541
488	1714
488	1791
489	1297
489	1586
489	1596
490	890
490	970
491	693
491	1244
491	1374
491	1421
491	1465
491	1668
492	1205
493	529
493	635
493	1774
494	888
494	920
495	503
495	1496
496	552
496	890
496	1386
496	1665
497	514
497	701
497	737
497	1015
498	859
498	907
498	995
498	1231
498	1782
499	722
499	753
499	835
499	1739
500	811
500	838
500	858
500	1194
500	1736
501	636
501	1280
501	1311
501	1664
502	526
502	586
502	1335
502	1392
502	1512
503	670
503	966
503	985
503	1099
503	1325
504	695
504	1284
504	1489
504	1622
505	1400
506	1717
507	1474
507	1513
508	536
508	603
508	1003
508	1055
508	1214
508	1427
508	1650
509	1072
509	1632
510	1162
510	1683
511	767
511	942
511	1173
511	1229
511	1285
511	1497
512	1418
513	1330
513	1613
514	1165
514	1356
514	1363
514	1597
515	699
515	877
515	1350
517	554
517	964
517	1138
517	1149
517	1310
518	975
518	1032
518	1047
518	1234
519	531
519	858
519	1106
519	1573
519	1798
520	1409
521	602
521	744
521	1170
521	1370
522	1385
522	1518
523	702
523	719
523	959
523	1334
523	1761
524	1330
524	1759
525	800
525	991
525	1632
526	785
526	893
526	1256
526	1634
527	1182
527	1433
527	1501
527	1726
527	1759
528	626
528	889
528	998
528	1247
528	1310
529	1171
529	1350
529	1428
530	1702
531	1165
531	1559
531	1564
533	718
533	980
534	725
534	862
534	1144
534	1262
534	1433
534	1756
535	673
535	1479
536	919
537	866
537	1716
538	1589
539	714
539	953
539	1156
540	681
540	704
540	854
540	966
540	1164
540	1576
540	1661
540	1785
540	1797
541	920
541	1043
541	1131
541	1210
541	1491
541	1504
542	687
543	564
543	1644
544	985
544	1188
545	1568
546	1141
546	1662
547	755
547	918
547	1120
547	1296
547	1544
547	1725
548	747
548	1139
548	1459
548	1799
549	599
549	901
549	1097
549	1221
550	656
550	683
551	1209
551	1251
551	1308
551	1797
552	662
552	891
552	1383
552	1683
553	624
553	1195
553	1205
553	1758
554	1605
555	831
555	1079
556	561
556	1261
556	1430
556	1543
557	645
557	1196
557	1771
558	955
558	1726
559	1141
559	1449
559	1501
559	1527
560	575
560	800
560	1305
561	1073
562	1075
562	1241
562	1541
562	1635
562	1727
562	1770
563	1358
563	1402
564	1457
565	1325
565	1343
565	1459
565	1682
566	1158
567	614
567	927
567	1520
568	961
568	986
568	1254
568	1267
568	1270
569	666
570	657
570	675
570	937
570	1065
571	923
571	1218
571	1487
571	1640
572	680
572	928
572	1045
573	925
573	933
573	1309
574	772
574	798
574	1148
575	1053
575	1459
576	637
576	758
576	882
577	1103
577	1379
578	753
578	782
578	1053
578	1087
578	1153
578	1733
579	947
579	1279
579	1369
580	849
580	1124
580	1260
580	1271
580	1452
581	1551
582	886
582	1440
583	1302
584	1687
585	1020
586	1235
586	1605
587	1114
587	1247
587	1298
587	1355
587	1794
588	1205
588	1251
588	1660
589	698
590	623
590	1238
590	1448
590	1762
591	632
591	900
591	1690
592	691
593	816
593	1222
594	622
594	652
594	1017
594	1090
594	1532
594	1672
594	1690
594	1790
595	1218
595	1629
596	794
596	1118
596	1146
596	1271
596	1358
597	868
597	1505
597	1627
597	1674
597	1742
598	1564
598	1655
599	1453
600	701
600	1314
600	1558
602	643
602	926
602	973
602	1066
602	1341
602	1350
603	665
603	897
603	903
603	1456
603	1732
604	676
604	954
605	661
605	681
605	784
605	874
605	1180
605	1440
605	1714
606	800
606	1278
606	1716
606	1733
606	1772
607	620
607	737
607	1260
608	1153
608	1236
608	1680
609	1631
610	1315
610	1543
611	1125
611	1140
611	1603
611	1689
611	1750
611	1773
611	1799
612	628
612	911
612	1585
612	1741
613	663
613	840
613	1087
613	1124
613	1141
613	1190
613	1780
615	676
615	1042
615	1069
615	1112
616	1028
617	1344
617	1351
618	955
618	1007
618	1146
618	1197
618	1249
618	1475
618	1554
619	650
619	927
619	1396
620	1064
620	1526
620	1626
621	721
621	1414
622	1078
622	1212
622	1382
622	1601
622	1644
623	1216
623	1393
624	835
625	1673
626	831
626	1448
627	962
627	1514
627	1704
628	1778
629	776
629	833
629	1636
629	1767
630	1137
630	1162
630	1772
631	1356
631	1771
632	649
632	667
632	1478
632	1728
633	665
633	1068
633	1285
633	1358
634	708
634	1502
634	1550
636	925
636	1058
636	1208
636	1761
636	1778
637	741
637	886
637	1332
638	932
638	1196
638	1554
639	1682
640	853
641	1525
642	834
643	1665
643	1689
643	1770
644	1010
644	1257
645	1156
645	1163
646	1341
646	1514
646	1531
647	908
648	705
648	1408
648	1467
649	930
649	1471
649	1505
650	727
650	1247
650	1375
651	886
651	1087
652	886
653	688
653	1285
653	1551
653	1733
654	762
654	996
654	1126
654	1203
654	1527
654	1793
655	928
656	1128
656	1238
656	1464
656	1556
657	1224
657	1686
657	1691
657	1692
658	1446
658	1476
659	1037
659	1191
659	1226
659	1774
660	924
660	1306
660	1699
660	1739
660	1751
661	1007
662	1061
662	1618
663	1039
663	1220
663	1337
663	1765
664	986
664	1721
665	1374
666	850
666	851
666	872
666	1333
667	963
667	988
667	1007
668	862
669	770
669	792
669	1219
669	1500
669	1723
670	1346
671	749
671	1050
671	1284
671	1303
671	1498
672	1376
673	1173
674	1550
674	1557
674	1737
675	855
675	1119
675	1236
675	1564
675	1663
676	963
676	1119
676	1292
676	1429
677	1051
678	1072
678	1417
679	1483
680	1232
680	1246
681	765
681	1158
682	1123
682	1387
682	1744
683	772
683	1327
684	1549
684	1564
685	771
685	1257
685	1648
686	1697
687	870
687	1642
688	769
688	1051
688	1521
688	1592
689	876
689	1238
689	1351
689	1378
689	1552
690	794
690	1723
691	835
691	894
691	1169
691	1174
691	1366
691	1408
691	1495
691	1540
692	792
692	829
692	867
692	1089
692	1654
692	1780
693	709
693	1078
693	1110
693	1422
694	792
694	1747
695	1060
695	1480
696	731
696	776
696	1157
697	905
697	964
697	1133
697	1270
697	1572
698	942
698	1298
699	1394
699	1466
699	1523
700	1002
700	1587
700	1689
701	853
701	1706
702	1318
702	1542
702	1577
702	1735
703	861
703	1191
703	1193
703	1496
704	831
704	1283
705	719
705	809
705	1206
705	1676
706	1277
706	1313
706	1795
707	751
707	1294
707	1396
707	1668
708	898
708	1223
709	1022
710	815
710	990
710	1084
710	1582
711	836
711	1004
711	1133
711	1711
712	884
712	1557
712	1731
712	1793
713	1010
714	889
714	1520
714	1549
715	864
716	1727
717	755
718	1235
719	1034
720	1063
720	1191
720	1268
721	1079
721	1096
721	1521
722	793
722	1079
723	725
723	1187
724	878
724	892
726	1112
728	1040
728	1647
728	1702
729	1273
729	1308
730	869
730	1360
730	1476
730	1636
730	1653
732	780
732	1602
732	1638
732	1716
732	1753
734	948
734	1073
735	872
735	1297
735	1326
736	1377
737	1012
737	1301
738	1256
738	1694
739	1147
739	1362
740	1399
740	1675
741	1262
741	1624
741	1669
742	812
743	885
743	1225
743	1279
743	1362
743	1707
744	1601
745	782
745	1208
745	1399
745	1469
746	971
746	1131
746	1599
746	1765
747	914
747	999
747	1047
747	1394
747	1442
748	1543
749	853
749	1514
750	912
750	1136
750	1147
751	954
751	1201
751	1364
751	1369
752	953
752	1729
753	920
753	1141
753	1649
755	787
755	931
755	1122
755	1550
755	1765
755	1774
755	1795
756	952
756	1384
756	1736
757	1784
758	1009
758	1021
758	1219
758	1234
758	1593
759	1477
760	1150
760	1279
760	1343
760	1549
761	774
761	897
761	1307
761	1589
762	835
762	918
762	1213
762	1218
763	972
763	986
763	989
763	1397
763	1418
763	1572
764	1190
764	1398
764	1440
765	826
765	1236
767	1694
768	1037
768	1666
769	936
769	1256
769	1557
770	1377
770	1652
770	1793
771	909
771	1120
772	1478
772	1606
772	1697
773	1189
773	1484
773	1489
774	1503
775	1078
775	1215
775	1316
777	1150
777	1722
778	1046
778	1210
778	1271
779	1312
780	817
780	914
780	978
780	1017
781	1399
781	1494
781	1734
783	986
783	993
783	1002
783	1064
783	1735
784	798
784	1059
784	1151
784	1613
785	1055
785	1270
785	1761
786	1273
787	1165
787	1279
787	1363
787	1390
787	1415
787	1779
789	795
789	1060
789	1229
790	859
790	1346
790	1706
791	1664
793	1438
793	1735
794	937
794	1007
794	1517
794	1726
795	1017
795	1035
795	1683
795	1730
796	1150
797	821
797	1442
797	1560
797	1722
798	862
798	1223
799	1084
800	1262
800	1357
800	1362
800	1437
800	1697
801	1504
801	1584
801	1688
802	1613
802	1622
802	1656
803	1131
803	1132
803	1542
804	1194
805	1577
805	1711
806	1331
807	1073
809	828
809	1281
810	1412
811	1109
811	1290
812	1098
812	1451
812	1578
812	1754
813	984
814	1524
814	1741
815	1308
816	1563
818	888
818	1109
818	1142
819	956
819	957
819	1402
819	1498
819	1520
819	1790
820	887
820	1366
821	1278
821	1637
822	1642
823	1316
823	1768
824	1355
824	1495
825	1220
825	1298
825	1578
825	1794
827	1021
827	1390
828	1322
828	1332
829	1069
829	1578
830	861
830	931
830	1283
830	1410
830	1457
830	1474
830	1754
831	1194
831	1217
831	1755
832	1141
832	1236
832	1247
832	1287
832	1606
833	887
833	1077
833	1591
833	1656
833	1719
833	1794
835	1715
835	1763
837	1231
838	839
838	1085
838	1095
838	1137
838	1765
839	843
839	908
839	1702
840	1354
841	1288
841	1729
842	978
842	1571
842	1709
842	1749
844	947
844	1214
844	1578
844	1603
845	1049
845	1062
845	1142
846	1121
847	1281
847	1442
848	1459
849	852
849	874
849	1180
849	1625
850	1510
851	915
851	1042
852	1013
852	1263
852	1567
852	1677
853	1324
853	1701
854	1130
854	1207
854	1652
855	1218
855	1625
855	1652
855	1735
856	1126
856	1258
856	1689
857	909
858	942
858	1199
859	1174
859	1244
859	1489
859	1566
860	1392
860	1624
860	1687
860	1715
861	1129
862	1234
863	1036
863	1045
863	1788
865	1057
865	1359
865	1427
866	1613
867	1172
867	1509
867	1584
867	1605
867	1696
867	1724
868	1381
868	1466
868	1562
869	905
870	963
870	1032
870	1645
871	956
871	1348
874	1011
874	1233
874	1276
875	1516
875	1774
876	900
876	1628
876	1765
877	1032
878	1147
879	1458
879	1495
881	908
881	1029
882	1545
883	1207
883	1704
883	1711
884	886
885	1534
886	1030
886	1328
887	938
887	1302
887	1781
888	1468
889	988
889	1144
889	1499
889	1773
890	897
890	1178
891	925
892	980
892	1519
893	1017
893	1719
894	1027
895	898
895	1348
896	1186
896	1491
897	1426
897	1586
898	907
898	1203
899	928
899	1020
899	1340
899	1404
899	1438
900	1373
900	1686
901	1190
901	1450
902	1294
906	1367
906	1567
907	1168
908	988
908	1623
909	1229
909	1338
910	1273
910	1481
910	1636
911	972
911	986
912	917
912	949
912	1487
912	1610
913	1104
913	1386
914	1010
914	1350
914	1477
914	1517
914	1597
915	1084
915	1125
915	1652
916	1207
917	1636
917	1667
917	1692
918	996
918	1494
919	1246
920	1255
920	1437
921	987
921	1028
922	1244
922	1412
924	938
924	1630
924	1686
925	1299
925	1716
926	1007
926	1237
927	1421
927	1743
928	956
928	1004
928	1144
929	1428
929	1726
930	1102
930	1440
930	1785
931	1186
932	1380
933	1108
934	1547
935	1397
935	1716
936	991
936	1034
936	1450
936	1594
936	1643
936	1708
937	1397
938	1064
938	1301
939	1053
939	1355
940	1527
940	1702
941	1344
941	1560
941	1624
941	1751
941	1790
942	1775
943	1086
943	1354
944	1466
944	1703
945	1032
945	1405
946	1045
946	1321
946	1326
947	1079
947	1617
947	1663
948	1326
948	1741
949	1192
949	1458
950	1178
951	1490
951	1576
951	1773
952	1088
952	1686
952	1693
953	1762
954	1578
956	1376
956	1466
956	1499
957	1274
958	1232
958	1769
958	1796
961	1314
961	1438
961	1774
963	1155
963	1197
963	1720
964	990
964	1085
964	1162
964	1688
964	1777
966	1226
966	1263
967	1541
968	1052
968	1166
968	1688
969	1277
970	1179
971	1300
971	1782
972	1345
972	1559
972	1673
973	1205
973	1449
974	1561
974	1713
975	1380
975	1401
975	1431
976	1215
976	1274
977	1411
978	993
978	1333
979	1158
979	1167
979	1599
979	1756
980	1061
981	1137
982	1759
983	1084
984	1210
984	1512
984	1538
986	1047
986	1555
986	1562
986	1596
987	1103
987	1738
989	1414
990	1001
990	1695
991	1232
991	1312
991	1714
991	1715
993	1053
993	1765
993	1777
994	1375
994	1557
995	1637
998	1035
998	1085
998	1145
998	1730
998	1766
999	1197
999	1376
999	1538
999	1661
999	1779
1000	1176
1000	1221
1000	1461
1000	1549
1001	1340
1001	1744
1003	1005
1003	1774
1004	1329
1005	1442
1005	1620
1005	1671
1005	1731
1006	1118
1006	1305
1006	1498
1006	1621
1007	1655
1008	1010
1009	1086
1010	1021
1010	1498
1010	1707
1011	1015
1011	1540
1013	1721
1014	1038
1014	1621
1015	1239
1015	1640
1017	1070
1017	1729
1017	1781
1018	1373
1018	1379
1018	1523
1020	1218
1021	1074
1021	1183
1021	1326
1021	1380
1021	1404
1022	1690
1022	1766
1023	1311
1024	1212
1025	1148
1025	1515
1026	1551
1028	1101
1028	1151
1028	1240
1028	1326
1029	1351
1030	1715
1031	1264
1031	1499
1031	1625
1032	1056
1032	1065
1032	1466
1032	1575
1033	1210
1033	1422
1033	1583
1033	1655
1033	1732
1034	1062
1034	1064
1034	1192
1034	1342
1034	1429
1035	1643
1036	1143
1038	1602
1039	1445
1040	1569
1040	1591
1041	1059
1041	1255
1042	1270
1042	1394
1043	1391
1044	1054
1044	1334
1045	1169
1046	1254
1047	1317
1047	1652
1048	1096
1049	1360
1050	1517
1051	1756
1052	1428
1054	1500
1054	1528
1054	1537
1054	1785
1054	1796
1055	1570
1056	1479
1056	1716
1057	1127
1058	1422
1058	1448
1058	1548
1059	1150
1060	1566
1060	1632
1062	1379
1062	1503
1063	1184
1063	1796
1064	1310
1064	1723
1065	1103
1065	1200
1066	1081
1066	1329
1066	1342
1067	1493
1068	1330
1069	1344
1069	1621
1069	1677
1070	1273
1071	1092
1071	1595
1072	1179
1073	1253
1074	1710
1075	1389
1075	1746
1076	1202
1076	1648
1078	1426
1079	1315
1080	1158
1080	1737
1081	1355
1082	1215
1082	1251
1082	1270
1083	1182
1083	1463
1084	1419
1084	1532
1085	1414
1085	1572
1085	1697
1088	1314
1088	1561
1089	1545
1091	1093
1091	1550
1092	1661
1092	1725
1093	1102
1093	1157
1093	1230
1093	1586
1094	1186
1094	1278
1094	1304
1094	1658
1095	1205
1095	1462
1096	1107
1096	1236
1096	1439
1097	1187
1097	1221
1098	1127
1099	1763
1100	1598
1102	1151
1104	1509
1106	1598
1107	1412
1107	1467
1107	1780
1108	1154
1108	1278
1109	1241
1109	1394
1109	1514
1109	1601
1109	1645
1109	1646
1110	1114
1110	1538
1111	1208
1111	1350
1111	1440
1112	1708
1112	1787
1113	1177
1113	1296
1113	1643
1114	1619
1116	1217
1116	1574
1116	1645
1117	1724
1118	1372
1118	1620
1119	1558
1119	1792
1120	1529
1121	1271
1122	1700
1125	1176
1125	1599
1125	1755
1126	1266
1126	1747
1128	1161
1129	1509
1129	1578
1130	1526
1130	1788
1131	1382
1131	1579
1132	1265
1132	1559
1132	1648
1133	1156
1133	1196
1133	1479
1134	1440
1136	1217
1136	1532
1136	1565
1136	1630
1136	1660
1139	1199
1139	1305
1139	1551
1139	1553
1140	1239
1141	1145
1141	1459
1141	1765
1142	1432
1142	1465
1143	1415
1143	1671
1143	1689
1144	1259
1145	1232
1145	1301
1145	1585
1145	1631
1146	1171
1146	1484
1147	1373
1147	1424
1148	1255
1148	1323
1149	1197
1149	1648
1150	1702
1151	1468
1151	1579
1151	1746
1153	1327
1153	1625
1154	1723
1156	1374
1157	1500
1158	1684
1159	1621
1159	1749
1160	1419
1160	1616
1161	1693
1162	1257
1162	1678
1163	1314
1164	1220
1164	1744
1165	1533
1165	1732
1166	1354
1166	1638
1167	1247
1167	1605
1167	1646
1167	1772
1168	1176
1168	1228
1168	1270
1168	1344
1169	1419
1169	1496
1170	1245
1170	1515
1172	1285
1173	1224
1174	1691
1175	1545
1175	1704
1176	1229
1178	1288
1178	1703
1178	1773
1180	1241
1181	1561
1182	1520
1182	1647
1184	1537
1185	1230
1185	1603
1186	1230
1187	1361
1187	1470
1189	1488
1189	1766
1190	1307
1191	1261
1191	1552
1192	1275
1194	1356
1194	1359
1196	1503
1197	1456
1199	1332
1200	1421
1201	1558
1201	1720
1202	1366
1203	1519
1203	1595
1203	1708
1204	1399
1205	1228
1206	1214
1208	1757
1209	1433
1210	1278
1210	1442
1210	1546
1210	1583
1210	1712
1211	1317
1211	1321
1211	1691
1212	1419
1213	1620
1214	1477
1215	1778
1217	1464
1217	1529
1220	1360
1220	1418
1222	1498
1222	1593
1223	1253
1223	1455
1225	1508
1227	1399
1227	1606
1228	1316
1228	1710
1229	1408
1231	1330
1231	1403
1231	1484
1231	1651
1231	1670
1232	1380
1232	1637
1233	1688
1233	1699
1235	1247
1236	1345
1236	1414
1237	1566
1237	1583
1241	1411
1242	1555
1243	1416
1244	1262
1244	1489
1245	1380
1246	1770
1247	1313
1248	1718
1250	1379
1250	1672
1251	1698
1252	1286
1252	1704
1254	1512
1254	1793
1255	1288
1255	1763
1256	1716
1256	1718
1257	1639
1257	1688
1259	1529
1259	1555
1259	1636
1259	1703
1259	1743
1260	1456
1260	1495
1262	1279
1262	1706
1263	1308
1263	1322
1263	1362
1263	1431
1264	1561
1264	1581
1264	1705
1265	1450
1266	1406
1266	1685
1268	1727
1269	1305
1270	1478
1271	1366
1271	1397
1271	1784
1272	1572
1272	1608
1272	1652
1273	1360
1274	1463
1275	1387
1275	1395
1276	1332
1276	1344
1276	1587
1276	1736
1277	1390
1277	1487
1278	1348
1278	1442
1278	1682
1280	1299
1280	1633
1281	1327
1281	1557
1281	1616
1282	1289
1282	1307
1282	1753
1284	1454
1284	1558
1289	1379
1289	1436
1289	1747
1290	1670
1292	1362
1294	1495
1295	1705
1295	1723
1296	1353
1296	1388
1296	1480
1296	1660
1299	1660
1300	1512
1300	1697
1301	1580
1302	1441
1305	1482
1306	1387
1306	1729
1308	1742
1309	1431
1309	1507
1309	1762
1310	1345
1310	1567
1310	1734
1311	1430
1311	1443
1312	1434
1312	1459
1312	1717
1314	1729
1315	1699
1317	1432
1318	1388
1321	1549
1323	1500
1323	1646
1324	1542
1324	1588
1325	1583
1325	1666
1326	1507
1327	1448
1328	1714
1329	1760
1330	1562
1331	1538
1331	1751
1332	1409
1333	1517
1334	1627
1337	1501
1338	1429
1338	1471
1339	1499
1340	1407
1340	1423
1340	1484
1343	1715
1343	1746
1345	1372
1345	1488
1345	1557
1345	1569
1345	1623
1349	1606
1349	1785
1350	1428
1351	1358
1353	1706
1354	1538
1356	1555
1357	1430
1358	1552
1358	1663
1359	1634
1360	1380
1360	1451
1360	1495
1360	1714
1361	1478
1362	1678
1363	1551
1365	1523
1366	1740
1368	1783
1369	1681
1370	1472
1372	1456
1374	1475
1374	1682
1375	1454
1375	1471
1375	1492
1376	1724
1377	1487
1377	1614
1378	1562
1379	1643
1380	1714
1385	1426
1385	1748
1387	1714
1387	1750
1387	1778
1388	1457
1389	1661
1390	1534
1390	1615
1392	1793
1393	1699
1394	1744
1395	1494
1398	1773
1399	1443
1400	1637
1402	1516
1404	1410
1404	1594
1405	1593
1405	1661
1410	1473
1412	1642
1413	1555
1415	1497
1417	1438
1418	1528
1420	1612
1423	1671
1428	1681
1429	1777
1430	1603
1432	1789
1435	1448
1436	1445
1436	1498
1437	1595
1437	1659
1438	1474
1438	1533
1441	1638
1443	1745
1445	1646
1447	1456
1449	1563
1449	1608
1451	1493
1451	1597
1452	1799
1454	1699
1455	1573
1458	1689
1458	1786
1460	1707
1461	1758
1464	1677
1465	1550
1466	1529
1467	1663
1472	1641
1472	1765
1474	1562
1474	1634
1474	1639
1475	1667
1476	1526
1479	1534
1480	1719
1482	1618
1485	1722
1488	1549
1488	1692
1489	1773
1493	1763
1496	1538
1499	1513
1499	1678
1500	1551
1505	1571
1507	1615
1508	1663
1508	1699
1510	1794
1511	1716
1516	1585
1522	1623
1522	1639
1528	1638
1529	1706
1530	1792
1531	1605
1532	1783
1533	1604
1533	1786
1534	1737
1535	1644
1535	1727
1537	1544
1537	1616
1537	1639
1538	1572
1540	1687
1541	1614
1544	1693
1545	1596
1548	1695
1552	1560
1552	1787
1556	1623
1556	1690
1558	1600
1563	1570
1563	1631
1565	1698
1567	1625
1570	1636
1572	1728
1576	1669
1577	1762
1579	1609
1580	1798
1584	1596
1585	1588
1587	1778
1589	1677
1589	1725
1590	1657
1592	1639
1594	1631
1594	1779
1596	1599
1600	1699
1605	1683
1605	1781
1605	1799
1606	1682
1606	1723
1608	1736
1610	1623
1610	1663
1610	1714
1613	1672
1613	1753
1616	1770
1620	1741
1622	1663
1622	1696
1626	1647
1627	1628
1628	1740
1629	1635
1629	1723
1631	1683
1631	1706
1635	1698
1639	1681
1639	1787
1640	1787
1643	1670
1650	1670
1650	1723
1654	1699
1660	1743
1661	1751
1663	1793
1668	1674
1675	1722
1676	1717
1677	1760
1684	1794
1691	1736
1697	1776
1707	1757
1721	1792
1722	1752
1726	1775
1734	1778
1736	1793
1740	1783
1755	1774