0	76
0	134
0	219
0	467
0	668
0	1178
0	1296
0	1297
1	372
1	664
1	1009
1	1130
1	1583
2	975
2	1167
2	1569
3	265
3	703
4	191
4	586
4	615
4	1027
4	1370
4	1444
5	265
5	319
5	1455
5	1609
5	1666
6	241
6	867
6	968
6	1506
7	878
7	1059
7	1156
8	149
8	358
8	1516
9	506
9	604
9	714
9	767
9	1322
10	400
10	1474
10	1639
11	48
11	1594
12	114
12	326
12	744
12	981
12	1023
12	1198
13	1002
13	1296
13	1495
13	1550
13	1646
14	192
14	565
14	1751
15	239
15	431
15	1461
16	884
16	969
17	670
17	698
17	1220
17	1299
17	1461
17	1549
18	762
18	1023
18	1072
19	419
19	870
19	968
19	1090
19	1595
20	135
20	704
20	783
20	1298
21	170
21	640
21	763
21	1077
21	1291
22	712
22	992
22	1372
22	1657
23	80
23	635
23	1243
23	1308
23	1419
23	1524
24	1000
24	1691
25	783
25	1182
25	1308
25	1648
26	380
26	610
26	634
26	775
26	881
26	965
26	1384
26	1729
27	300
27	1104
27	1146
27	1532
27	1548
27	1582
28	835
28	948
28	1029
28	1110
28	1375
28	1530
28	1637
29	55
29	110
29	175
29	1382
29	1534
29	1554
29	1752
30	607
30	672
30	934
30	994
30	1147
30	1430
30	1572
31	195
31	269
32	63
32	595
32	1237
32	1769
33	428
33	1299
33	1575
33	1725
33	1732
34	184
34	202
34	779
34	1032
34	1286
34	1370
35	176
35	209
35	532
35	1436
35	1628
35	1799
36	380
36	648
36	981
36	1034
36	1370
37	353
37	982
38	75
38	1268
39	161
39	382
39	1244
39	1442
40	1153
40	1318
40	1330
40	1783
41	960
41	1652
42	66
42	345
42	1235
43	211
43	347
43	491
43	564
43	751
43	1137
43	1201
44	49
44	516
44	1272
45	282
46	405
46	880
46	1171
46	1696
46	1711
47	1109
47	1312
47	1457
48	131
48	171
48	532
48	1277
49	117
49	206
49	1050
50	520
50	670
50	706
50	1383
51	571
51	706
51	767
51	1576
51	1635
52	828
52	1037
52	1250
52	1761
53	711
53	1466
53	1479
53	1514
53	1627
54	69
54	787
54	933
55	139
55	352
55	445
55	649
55	982
56	204
56	656
56	1180
56	1492
56	1723
57	348
57	426
57	462
57	1457
58	225
58	261
58	280
58	872
58	1111
58	1434
58	1492
58	1758
59	311
59	369
59	388
59	424
59	433
59	796
59	890
59	1714
59	1747
59	1760
60	579
60	676
60	755
60	1020
60	1115
60	1221
60	1321
60	1451
60	1606
61	338
61	686
61	705
61	932
61	1148
61	1492
62	219
62	245
62	394
62	736
62	986
62	1048
62	1287
62	1574
63	271
63	396
63	486
63	663
63	666
63	1572
64	861
65	208
65	1628
65	1650
65	1798
66	531
66	539
67	692
67	1413
68	199
68	325
68	747
68	925
68	1038
68	1565
69	1662
70	406
70	932
70	1757
71	1375
71	1748
72	165
72	599
72	1119
72	1269
72	1274
72	1443
72	1588
73	254
73	815
73	882
74	139
74	212
74	259
74	287
74	1275
75	327
75	744
75	1494
75	1652
77	1492
77	1748
77	1778
78	331
78	991
78	998
78	1034
78	1687
79	233
79	1104
79	1132
79	1146
79	1194
80	438
80	1602
80	1734
81	380
81	1124
81	1127
81	1417
82	675
82	740
82	744
83	120
83	166
83	571
83	655
83	747
84	108
84	289
84	425
84	660
84	1254
84	1255
84	1501
85	437
85	735
85	888
85	1583
86	1745
87	245
88	788
88	815
88	860
88	906
88	1431
88	1669
89	421
89	567
89	1010
89	1402
89	1574
90	459
90	609
90	859
90	1653
90	1658
91	507
91	895
91	1183
91	1223
91	1343
92	102
92	341
92	1443
93	334
93	1076
93	1312
94	355
94	467
94	1198
94	1389
94	1769
95	512
95	756
95	1428
95	1469
95	1687
96	147
96	1388
97	593
97	691
97	727
97	821
97	1086
97	1603
98	618
99	795
99	810
99	944
99	1029
99	1045
99	1146
99	1595
100	1076
101	1790
102	520
102	935
102	1268
102	1709
103	705
104	1030
104	1485
105	430
105	1533
105	1563
105	1591
105	1765
106	951
106	1209
107	326
107	1104
107	1637
107	1649
107	1777
108	284
108	785
108	1195
108	1455
109	1469
109	1524
109	1532
109	1646
110	591
110	671
110	695
110	1180
111	316
111	597
111	1700
112	1102
112	1381
112	1606
113	191
113	871
113	1010
114	165
114	820
114	1118
115	256
115	407
115	596
116	533
116	1625
117	253
118	167
118	954
118	1071
118	1235
118	1317
119	1716
120	1093
121	1116
121	1156
121	1194
121	1198
121	1235
121	1317
121	1711
122	634
122	683
122	922
122	1051
122	1687
123	417
123	1262
123	1575
124	244
124	1075
124	1102
124	1492
125	653
125	720
125	1275
126	974
126	1644
127	191
127	389
127	1045
128	362
128	406
128	692
128	1123
129	184
129	186
129	234
130	821
130	1089
131	529
131	1007
131	1226
131	1645
131	1693
132	488
132	857
132	1192
132	1517
132	1777
132	1798
133	281
133	302
133	402
133	1123
133	1283
134	176
134	306
134	337
134	403
134	1222
135	790
135	967
135	1319
136	420
136	678
136	770
136	1205
136	1481
137	151
137	342
137	1523
138	221
138	652
138	1537
138	1701
139	900
139	1233
140	718
141	404
141	435
141	513
141	725
141	979
141	1514
141	1652
142	819
142	832
142	1166
142	1507
142	1771
143	936
143	1129
143	1360
143	1545
144	233
144	430
144	892
144	1428
145	503
145	507
145	817
145	917
145	1244
145	1404
146	264
146	686
146	1001
146	1161
146	1510
147	1436
147	1623
148	170
148	821
148	1373
148	1790
149	1253
149	1772
150	755
150	1414
150	1585
150	1630
151	438
151	711
151	1588
152	466
152	673
152	1047
152	1110
152	1671
153	366
153	849
153	973
153	1110
153	1234
153	1432
154	565
154	882
155	496
155	1508
155	1522
156	833
156	1483
157	1077
158	484
158	660
158	1069
158	1228
158	1348
158	1589
159	502
159	1068
159	1632
159	1781
160	1555
161	823
161	897
161	1601
162	286
162	1238
162	1598
163	558
163	560
163	928
164	453
164	626
164	883
164	1584
165	794
165	807
165	1687
165	1737
166	430
166	1257
166	1690
167	194
167	483
167	1732
168	1009
168	1675
169	591
169	1435
170	770
170	1273
171	346
171	462
171	673
171	1014
171	1440
171	1531
172	808
173	190
173	341
173	1038
174	919
174	1361
175	517
175	993
175	1047
175	1061
175	1709
175	1711
176	749
176	1465
176	1530
176	1779
177	695
177	808
177	854
177	974
177	1537
178	912
178	1081
178	1523
178	1641
179	608
179	744
179	1006
179	1127
179	1652
180	249
180	534
180	854
180	1376
181	619
181	711
181	779
181	828
181	1348
181	1762
182	1363
182	1742
183	746
183	768
183	981
183	1642
183	1702
184	788
184	819
184	1789
185	315
185	1149
186	581
186	759
186	787
186	990
187	512
187	1697
188	352
188	786
188	870
188	926
188	951
188	1287
188	1549
188	1731
189	389
189	503
189	1487
190	958
190	1026
190	1083
190	1246
190	1435
190	1587
191	1348
191	1398
192	486
192	1151
193	586
193	736
193	861
193	1195
193	1596
194	467
194	1237
194	1369
194	1496
195	716
195	783
195	1196
195	1454
195	1459
196	254
196	663
196	1191
197	405
197	598
197	764
197	1605
197	1689
198	852
199	1503
200	1153
200	1354
200	1514
201	279
201	1002
201	1062
201	1114
201	1364
202	272
202	342
202	783
202	973
202	1412
203	567
203	592
203	785
203	969
203	1178
203	1584
204	430
204	668
204	697
204	895
204	1020
204	1205
205	1335
205	1785
206	251
206	1106
206	1664
207	436
207	953
207	1146
208	1441
208	1547
208	1679
209	620
209	1075
209	1167
209	1498
210	224
210	957
210	1187
211	326
211	521
211	1178
211	1430
212	261
212	636
212	970
212	1584
213	649
214	409
214	502
214	909
214	1713
215	725
215	754
215	955
215	1610
215	1696
215	1770
216	279
216	538
216	568
216	719
216	808
216	1422
216	1556
217	435
217	685
217	748
217	1128
217	1272
218	728
218	814
219	245
219	706
219	1350
220	559
221	448
221	1746
222	864
222	1524
222	1786
223	365
223	921
223	992
223	1579
224	1293
224	1392
224	1394
225	300
226	495
226	871
226	1469
226	1698
227	849
227	899
227	1304
227	1516
228	271
228	715
228	1244
228	1630
228	1645
228	1786
229	764
229	936
229	1439
230	259
230	928
231	414
231	492
231	1688
232	259
232	1285
232	1506
233	268
233	559
233	931
233	1097
233	1240
234	248
234	314
234	798
234	1326
235	355
235	542
235	549
235	977
235	1269
236	455
236	975
237	692
237	1502
238	865
239	266
239	321
239	762
239	1517
240	584
240	905
240	941
240	1108
240	1375
240	1700
240	1737
241	826
241	864
242	384
242	546
242	960
242	1261
242	1632
243	1077
244	285
244	356
244	492
244	670
244	1045
244	1158
245	252
245	352
245	1029
245	1490
245	1534
246	1755
247	1071
248	314
248	1487
248	1516
249	638
249	644
249	766
249	869
249	921
249	1278
249	1476
250	790
250	818
250	912
250	1341
251	308
251	313
251	588
251	879
251	950
251	1181
252	412
252	911
252	946
252	1582
252	1733
253	387
253	640
253	893
253	923
253	1204
254	921
254	1091
254	1252
255	327
255	614
255	776
255	881
255	1359
255	1573
255	1767
255	1799
256	300
256	541
256	924
256	1039
257	802
257	1606
258	1197
258	1298
258	1491
258	1530
259	1476
260	829
260	1049
260	1233
261	407
261	1334
261	1346
261	1438
261	1768
262	374
262	581
262	1420
262	1454
262	1570
263	700
263	887
263	907
263	1621
264	717
265	394
265	1197
265	1484
265	1621
266	362
266	1605
267	548
267	579
267	1454
268	423
268	1070
270	621
270	685
270	766
270	915
270	1033
270	1068
270	1538
271	346
271	421
271	537
271	678
271	692
272	579
272	779
272	1651
273	486
273	696
273	738
273	769
273	1507
273	1670
274	340
274	729
274	1094
274	1407
275	392
275	509
275	669
275	1344
276	431
276	683
276	1144
276	1255
276	1382
276	1525
276	1786
277	324
277	1114
277	1121
277	1399
278	1183
278	1480
278	1701
279	1557
279	1682
280	497
280	987
280	1490
280	1748
281	401
281	501
281	1613
282	540
282	560
282	626
282	1542
282	1715
283	331
283	724
283	867
283	1506
284	1209
284	1474
285	598
285	1018
285	1454
285	1592
285	1619
285	1695
286	1166
286	1693
287	870
287	1302
287	1421
287	1719
288	349
289	344
289	801
289	824
289	919
289	1570
289	1602
290	1563
291	460
291	787
291	817
291	1132
291	1580
291	1760
292	465
292	892
292	1091
293	340
293	561
293	1246
293	1335
293	1429
294	304
294	946
294	1153
294	1238
294	1352
294	1517
295	370
295	816
295	887
295	992
295	1708
296	321
296	1184
296	1187
297	394
297	782
297	1119
298	664
298	836
298	1148
298	1168
298	1791
299	776
299	982
299	1365
299	1556
299	1664
301	568
301	1127
301	1363
301	1720
302	435
302	1106
302	1124
302	1231
303	372
303	666
303	1142
303	1424
304	1155
304	1512
304	1515
305	513
305	585
305	763
305	1070
306	394
306	605
306	838
306	924
306	1103
306	1160
306	1179
306	1401
306	1596
307	1274
307	1687
307	1729
308	1045
308	1757
308	1794
309	1168
310	409
310	759
310	1076
310	1359
310	1493
311	749
311	778
311	891
311	910
311	991
311	1404
311	1482
312	316
312	616
312	900
313	512
314	536
314	682
314	876
314	1037
314	1770
315	917
316	433
316	969
316	1195
316	1763
317	397
317	663
317	666
317	1759
318	1457
318	1700
319	1029
320	406
320	501
320	1434
321	660
321	895
321	1748
322	932
322	1521
322	1714
323	819
323	915
323	1129
323	1151
324	1022
324	1148
324	1629
325	718
325	1001
325	1272
325	1588
326	546
326	1042
326	1617
327	794
328	401
328	876
328	958
328	982
329	333
329	449
329	609
329	1012
329	1264
329	1494
330	633
330	810
330	1304
330	1587
330	1708
331	1167
331	1725
332	519
332	706
332	707
332	780
332	1058
332	1091
332	1237
333	1493
333	1758
334	947
335	614
335	780
335	905
335	1262
335	1280
335	1347
335	1667
336	459
336	532
337	704
337	729
337	1117
337	1545
338	423
339	1697
339	1793
340	381
340	463
340	947
340	973
340	1091
340	1301
340	1343
341	485
341	806
341	1273
342	417
342	816
342	1496
342	1532
343	373
343	450
343	555
343	1026
343	1154
343	1784
344	824
344	1236
344	1638
345	372
345	722
345	1284
345	1507
346	542
346	1223
347	993
347	1021
347	1055
347	1450
347	1660
348	520
348	661
348	1628
349	1097
349	1274
350	859
350	1087
350	1496
350	1789
351	621
351	655
351	1254
351	1398
351	1409
351	1680
352	936
352	1235
353	1031
353	1609
354	547
354	825
354	987
354	1353
354	1556
355	621
355	842
355	1183
355	1661
356	639
356	856
356	1212
356	1428
356	1545
357	364
357	1057
357	1516
358	930
358	1410
358	1560
359	670
359	1247
360	432
360	1395
361	484
361	728
361	1459
362	514
362	577
362	777
362	1023
362	1052
362	1359
362	1461
363	834
363	1175
363	1471
363	1530
364	1125
364	1412
365	597
365	721
365	1114
365	1176
365	1548
366	454
366	535
367	781
367	1049
367	1197
368	1119
369	846
369	859
369	1382
369	1534
370	1077
370	1487
370	1539
371	1252
371	1267
371	1556
371	1568
372	411
372	545
372	671
372	717
372	762
372	909
372	925
372	1108
373	778
374	583
374	596
374	1153
375	462
375	1204
375	1244
375	1306
375	1523
375	1767
376	498
377	529
377	1458
377	1670
378	623
378	811
378	1441
379	417
380	687
380	1022
380	1246
381	784
381	1427
381	1449
381	1489
381	1719
382	743
382	812
382	969
383	834
383	1284
384	941
385	1370
386	680
386	859
386	974
387	1519
387	1646
388	658
388	1138
388	1214
388	1336
389	1092
389	1096
390	708
390	1141
390	1635
391	862
391	1424
391	1674
392	532
392	795
392	1283
392	1709
393	539
393	643
393	1252
394	403
394	711
395	1715
396	774
396	1209
396	1401
397	1511
397	1665
397	1740
398	570
398	1051
399	1146
399	1422
399	1437
399	1608
400	716
400	874
400	964
400	1511
401	489
401	1569
402	551
402	702
402	812
402	1584
403	498
403	882
403	1764
404	513
404	825
404	1176
404	1269
404	1602
404	1652
405	551
405	1137
405	1778
406	868
406	1055
406	1458
407	617
407	949
407	1024
407	1075
408	751
408	888
408	915
408	1031
408	1065
408	1536
408	1549
410	1206
410	1797
411	678
411	763
412	638
412	838
412	855
412	1493
413	845
413	1112
413	1398
414	1124
414	1527
415	812
415	1208
416	875
416	1236
416	1457
416	1701
417	808
417	1430
418	645
418	706
418	859
418	1116
419	1208
419	1288
420	1750
421	757
421	758
421	928
421	1230
421	1405
422	1199
423	985
424	734
424	1064
424	1101
424	1313
424	1674
425	590
425	830
425	1174
426	573
426	1323
426	1349
426	1764
427	915
427	964
427	1130
427	1223
427	1362
427	1543
428	655
428	1328
429	571
429	637
429	942
429	1010
429	1114
429	1499
429	1511
430	596
430	691
431	1130
431	1155
431	1366
432	576
432	1231
433	873
434	596
434	690
434	751
434	1311
434	1415
435	679
435	887
435	1277
435	1650
436	1446
436	1737
437	1085
438	770
438	883
438	1028
438	1092
438	1720
439	1126
440	464
440	690
440	749
441	1032
442	597
442	903
442	1229
442	1284
442	1348
442	1724
443	1257
443	1560
443	1614
443	1665
443	1684
444	723
444	1134
444	1648
445	511
445	593
445	704
446	560
446	1780
447	1026
447	1497
449	533
450	1001
450	1173
451	745
451	1565
451	1670
452	875
452	1349
452	1427
453	885
453	1220
454	757
454	1297
454	1401
455	806
455	1256
455	1471
455	1578
456	461
456	879
456	997
457	1764
458	1137
458	1193
458	1488
459	736
459	1081
459	1393
460	628
461	723
461	1055
461	1108
461	1326
461	1375
461	1716
462	920
463	1193
463	1357
463	1704
463	1732
463	1745
464	529
464	693
464	1665
465	700
465	1737
466	506
466	646
466	1302
466	1511
466	1540
466	1640
467	810
467	1255
467	1444
467	1721
468	1387
468	1595
469	1134
470	577
471	755
471	886
471	1240
472	997
472	1581
473	1314
474	763
474	1158
474	1305
474	1539
474	1632
474	1650
475	1478
476	520
476	1257
477	1772
478	733
478	824
478	1248
479	489
479	862
480	1204
480	1435
480	1608
480	1665
481	1404
481	1672
482	1111
482	1776
483	924
484	747
484	831
484	856
484	932
485	1736
486	506
486	628
486	1012
486	1327
486	1342
487	954
488	755
488	1576
489	535
489	564
489	864
489	1035
489	1134
489	1699
490	780
490	1008
491	759
492	1733
493	710
493	1028
493	1591
494	1580
495	505
495	1531
496	1014
496	1290
496	1377
496	1667
497	653
497	671
497	1362
497	1543
498	792
498	974
498	1495
498	1686
498	1711
499	541
499	663
499	898
500	927
500	1235
500	1437
501	710
501	928
501	1329
501	1490
502	675
502	1269
502	1547
503	1015
504	535
504	1250
505	665
505	1186
505	1749
506	569
506	730
506	1517
506	1606
507	724
507	901
507	1029
507	1065
507	1330
508	693
508	1200
508	1404
508	1674
508	1685
508	1725
509	1711
510	581
510	919
510	1080
510	1726
511	684
511	733
511	1046
513	927
514	623
514	1195
514	1323
514	1763
515	1505
515	1724
516	629
516	1278
516	1701
517	541
517	1095
518	900
518	1028
518	1066
518	1579
518	1786
519	720
519	817
519	1037
519	1283
519	1744
520	542
520	594
520	1007
520	1348
521	707
521	983
521	1310
521	1563
522	917
522	1558
523	648
523	690
523	892
523	1593
523	1709
524	556
524	955
524	1600
524	1766
525	660
525	1300
525	1670
525	1758
526	718
526	903
526	1070
527	710
527	1219
527	1232
527	1753
528	880
528	1607
528	1780
529	981
529	1002
529	1520
529	1569
529	1599
530	681
530	1039
530	1258
531	544
531	595
531	822
531	1134
531	1747
532	723
532	905
532	1135
533	654
533	666
533	1185
533	1296
533	1385
533	1626
534	1218
534	1377
535	552
535	1505
535	1664
536	678
537	660
537	1124
537	1773
538	824
538	870
539	548
539	962
539	1248
539	1286
539	1328
540	1137
540	1152
541	1108
542	909
543	1040
543	1510
544	937
544	1639
545	1117
545	1166
545	1394
545	1422
545	1498
546	639
547	887
547	917
547	1273
548	1142
548	1404
548	1693
549	909
550	1039
550	1558
551	638
551	889
551	1696
552	777
552	1369
553	952
553	1786
554	560
554	756
555	1202
556	873
556	897
556	1179
556	1309
557	1571
559	641
559	1338
559	1388
559	1401
559	1606
560	640
561	1678
561	1785
562	572
562	644
563	1213
563	1248
564	612
564	824
564	1323
564	1460
564	1580
564	1607
565	1147
566	612
566	688
566	1502
566	1579
567	835
567	957
567	1136
568	997
568	1634
569	584
569	898
569	1043
569	1312
569	1799
570	742
570	986
570	1071
570	1714
571	866
571	1209
573	611
573	798
573	1549
574	605
574	1017
574	1158
574	1382
574	1525
574	1647
575	605
575	1012
576	681
576	941
576	1285
576	1529
577	594
577	1354
578	1299
578	1335
580	592
580	1011
580	1280
580	1764
581	1363
581	1621
582	1492
582	1564
583	1005
583	1160
583	1683
584	1300
584	1414
584	1684
585	751
585	1219
585	1341
585	1586
586	948
586	1509
586	1549
586	1564
586	1646
587	592
587	617
587	713
587	1158
587	1387
588	637
588	1110
588	1346
589	825
589	970
589	978
589	1643
590	625
590	778
591	1123
591	1588
591	1593
592	717
594	780
594	1269
595	909
595	1561
595	1632
596	813
596	1226
596	1268
596	1724
597	745
597	834
597	1172
598	1196
599	744
599	966
599	1049
599	1144
600	768
600	1055
600	1112
600	1164
600	1352
600	1409
601	840
601	957
601	1230
601	1451
601	1522
601	1798
602	1005
602	1070
603	871
603	875
603	1347
603	1703
604	725
604	1065
604	1595
605	1128
605	1488
605	1614
606	791
606	1129
606	1462
607	828
607	1309
608	856
608	1273
609	724
610	1217
610	1505
612	779
612	807
612	837
612	1170
613	836
613	929
613	1009
613	1074
613	1149
614	1703
615	934
615	999
615	1275
615	1341
615	1401
615	1551
615	1763
616	1425
617	692
617	921
617	1128
617	1438
617	1572
617	1683
618	1299
619	933
619	941
619	1077
619	1465
619	1473
619	1678
620	693
621	1465
621	1525
622	1299
622	1303
622	1360
622	1409
623	826
624	1787
625	713
625	1014
625	1436
625	1622
625	1793
626	767
627	631
628	747
628	864
628	1215
628	1290
629	748
629	887
630	1672
631	1031
632	787
632	989
632	1420
633	1338
633	1614
633	1798
634	1142
635	848
635	1163
635	1359
635	1462
635	1467
636	751
636	1347
636	1595
637	721
637	1085
637	1244
637	1365
637	1607
637	1615
637	1665
638	1561
639	1240
640	1589
640	1713
641	678
641	1730
642	1130
642	1257
642	1307
642	1337
642	1431
642	1578
643	653
643	784
643	844
643	875
643	1023
643	1100
643	1136
643	1215
643	1226
644	669
644	837
644	1062
644	1488
645	862
646	769
647	911
647	1596
648	1236
648	1312
649	1023
649	1246
650	702
651	657
651	954
651	1391
652	1187
652	1690
653	816
653	878
653	1534
653	1591
653	1677
654	678
654	1754
654	1758
655	950
655	1019
655	1182
655	1639
656	812
656	1407
657	1103
657	1289
657	1464
657	1531
658	802
658	1484
658	1580
659	1133
660	1130
660	1240
660	1747
660	1749
661	714
661	1251
661	1462
662	1056
662	1117
662	1196
663	704
663	1672
664	1311
664	1472
664	1528
665	1388
665	1479
665	1708
666	1125
666	1129
666	1368
667	1741
668	875
668	1016
668	1239
669	1791
670	1392
671	998
671	1529
672	813
672	1298
672	1444
674	948
674	1097
674	1329
674	1523
675	861
675	1001
676	998
676	1010
676	1692
677	775
677	1198
677	1280
677	1567
678	1655
679	1096
679	1435
679	1701
680	698
680	974
680	1014
680	1175
680	1312
681	824
681	1208
682	886
682	1065
682	1183
683	1303
684	871
684	1236
686	884
686	1149
686	1171
686	1730
687	1115
688	937
688	1073
688	1330
688	1576
688	1604
689	1016
689	1042
689	1207
689	1222
690	1182
690	1465
690	1595
691	1209
691	1216
691	1470
692	737
692	996
692	1370
693	763
693	1053
693	1190
693	1793
694	758
694	852
694	1330
694	1797
695	772
697	1365
697	1721
698	1023
699	1714
700	1128
701	704
701	1395
702	985
702	1168
702	1235
702	1539
704	784
704	951
704	1198
704	1449
704	1584
705	1361
705	1513
705	1536
705	1760
706	798
707	981
707	1404
707	1655
708	945
708	1515
708	1639
709	1618
710	1525
711	1360
712	922
712	1288
712	1418
712	1461
713	1132
714	1754
715	899
715	1174
715	1262
715	1273
716	1611
716	1662
717	766
718	892
719	749
720	825
720	1230
720	1456
720	1480
720	1553
721	976
721	1099
721	1162
721	1176
721	1508
722	1083
722	1096
722	1140
722	1175
722	1399
722	1733
723	1259
723	1361
723	1393
723	1649
724	838
724	1471
725	1431
726	1191
726	1693
729	1556
730	917
730	1059
730	1416
730	1428
731	883
732	1093
733	1090
733	1636
733	1733
734	1285
735	936
735	1054
735	1469
735	1622
736	1016
736	1202
737	1020
737	1060
737	1281
737	1331
739	1200
739	1323
739	1427
739	1724
739	1752
740	1065
740	1200
740	1633
741	948
741	1072
741	1698
742	764
742	948
742	1570
743	1018
743	1074
743	1468
744	922
744	960
744	1386
744	1797
745	1182
745	1792
746	1287
747	1453
749	941
749	1069
749	1374
750	752
751	844
751	1006
751	1433
751	1642
752	971
752	1205
752	1572
752	1575
753	778
753	802
753	1034
753	1167
753	1626
754	759
754	983
754	1235
754	1706
754	1785
755	1189
755	1235
756	1588
757	1240
757	1281
757	1701
758	980
758	1011
758	1038
759	1225
759	1394
759	1617
760	1239
760	1588
761	1409
762	1111
762	1653
763	862
763	1310
763	1474
764	1176
764	1398
764	1437
764	1570
765	1191
765	1591
766	935
766	1754
768	1557
769	1614
771	875
771	1193
771	1310
771	1606
772	826
772	843
772	1175
772	1565
773	939
773	1045
773	1252
773	1445
773	1540
773	1694
774	925
774	1011
774	1508
774	1521
774	1613
775	908
775	1202
775	1491
775	1719
776	1253
777	1011
777	1132
777	1446
778	1577
779	854
779	899
779	1075
779	1156
779	1536
779	1680
780	1387
781	1454
781	1524
781	1671
782	883
782	1396
782	1555
783	1151
783	1239
783	1753
783	1760
784	963
784	1384
785	922
786	791
786	1786
787	867
787	984
787	1333
788	833
788	1033
788	1333
788	1353
789	1358
790	834
790	1200
790	1342
790	1372
791	1101
791	1164
792	1007
792	1316
792	1788
793	981
793	1212
793	1274
793	1388
793	1563
793	1727
794	1528
795	1190
795	1606
795	1630
796	1398
797	1227
798	805
798	1673
799	1380
800	869
800	1281
800	1566
801	1027
802	1485
803	952
804	887
804	1544
804	1556
804	1639
805	1122
805	1728
806	861
806	916
807	1186
807	1767
808	1183
809	1130
809	1153
810	1040
810	1086
810	1447
810	1557
810	1660
810	1704
811	912
811	1215
811	1770
812	1431
813	960
813	1157
813	1558
815	869
815	1531
815	1737
816	1403
818	829
818	1529
818	1579
818	1615
819	1048
819	1724
820	1431
820	1637
821	1055
821	1778
822	1476
823	974
824	1044
824	1107
824	1336
825	1719
826	881
827	1725
828	1001
829	1420
830	889
830	1045
830	1576
830	1584
831	945
832	1754
833	863
833	917
833	1321
833	1446
833	1462
834	1432
834	1470
835	854
835	941
835	1107
836	1608
836	1777
837	1500
838	1481
839	1082
839	1297
839	1476
840	887
840	1171
841	870
841	1295
841	1555
841	1663
842	903
842	1159
842	1368
842	1553
842	1631
843	878
843	1528
844	1346
844	1498
846	897
846	1098
846	1169
846	1373
846	1604
847	1215
847	1379
848	1326
849	1069
849	1228
849	1288
850	1286
851	907
851	1211
851	1553
852	853
852	1368
853	1389
853	1449
853	1572
855	1218
857	1211
858	975
858	989
858	1587
858	1701
859	1012
859	1021
859	1032
859	1035
859	1432
860	924
860	1001
860	1061
861	1402
861	1475
861	1645
862	878
862	884
862	1269
862	1355
863	1578
864	1336
864	1565
864	1687
865	1368
865	1495
866	966
866	1317
867	1010
867	1146
867	1614
868	1131
869	1135
869	1221
869	1695
869	1743
870	1091
870	1350
870	1721
871	1375
872	1276
872	1511
873	1410
873	1566
874	1274
875	1054
875	1139
875	1249
876	1344
877	1170
878	1542
878	1720
878	1724
879	1117
879	1197
880	896
880	984
880	1103
881	1017
881	1701
882	1286
883	960
883	1039
883	1104
884	1750
885	995
886	1129
886	1486
890	994
890	1335
890	1561
891	1383
892	1007
892	1152
892	1302
892	1664
893	1308
894	919
894	1326
895	1538
897	1014
897	1106
897	1222
897	1625
898	1364
898	1433
899	1183
899	1187
899	1405
899	1474
899	1544
900	1084
901	1087
901	1424
901	1514
902	917
902	1481
902	1797
903	1012
903	1591
903	1715
904	1624
906	1249
907	1135
907	1484
907	1502
908	1555
908	1603
908	1630
909	1537
910	1009
910	1131
910	1407
910	1753
911	1028
911	1116
912	950
912	1076
912	1205
912	1600
912	1736
913	943
914	999
914	1656
915	1041
915	1683
915	1728
915	1745
916	1167
916	1209
917	943
917	1664
918	1784
919	1118
919	1336
919	1386
920	947
920	1244
920	1344
922	1559
923	1026
923	1030
923	1510
923	1592
924	1339
924	1636
925	980
925	1012
925	1017
926	1423
927	945
927	1062
927	1113
927	1565
928	1390
928	1412
929	1190
929	1560
930	948
931	1068
931	1148
931	1676
933	1373
933	1409
934	1325
934	1741
935	985
936	1021
936	1138
936	1231
936	1258
936	1358
937	998
937	1102
937	1451
938	948
938	1185
938	1623
940	1322
940	1713
941	1030
942	1254
942	1478
943	1093
943	1105
943	1138
943	1401
944	1586
945	1172
945	1347
946	1178
946	1334
946	1422
948	979
948	1497
948	1625
949	1616
950	1223
950	1392
950	1535
950	1579
951	963
951	1381
952	1072
952	1151
952	1413
952	1468
953	992
953	1132
953	1286
955	1029
955	1650
956	1300
956	1366
956	1756
957	1503
958	1005
958	1102
958	1194
959	1367
959	1785
961	1175
964	1131
964	1604
965	1466
966	1154
966	1672
967	981
967	1344
968	1509
969	1101
969	1178
969	1204
969	1469
969	1718
970	1134
970	1254
970	1317
970	1651
970	1733
971	1095
971	1236
971	1559
971	1712
971	1770
972	1114
972	1491
972	1640
975	987
975	1509
976	1202
976	1468
976	1595
977	1416
977	1586
978	1599
979	1400
979	1672
980	1106
980	1114
981	1799
982	1607
982	1668
983	1163
984	1455
986	1494
986	1551
987	1347
987	1717
987	1720
988	1211
988	1292
988	1559
988	1740
989	1053
989	1145
990	1065
990	1075
991	1659
991	1758
992	1226
992	1337
993	1566
994	1022
994	1527
994	1720
995	1186
995	1570
996	1124
996	1273
996	1444
996	1739
998	1435
999	1463
999	1609
1000	1137
1000	1305
1000	1346
1001	1356
1001	1619
1003	1357
1003	1701
1003	1741
1004	1320
1005	1029
1006	1241
1007	1486
1007	1631
1008	1208
1009	1676
1011	1540
1012	1019
1012	1089
1012	1552
1013	1083
1013	1285
1014	1568
1014	1695
1015	1043
1016	1502
1016	1593
1016	1699
1017	1161
1017	1560
1019	1226
1019	1404
1019	1476
1019	1785
1020	1080
1020	1118
1020	1292
1020	1785
1021	1113
1021	1424
1021	1716
1022	1026
1024	1059
1024	1190
1024	1299
1024	1302
1024	1344
1024	1365
1025	1209
1025	1321
1025	1736
1026	1036
1028	1164
1028	1282
1028	1352
1028	1614
1029	1090
1029	1273
1030	1118
1030	1693
1031	1058
1031	1436
1033	1280
1033	1647
1034	1162
1034	1319
1037	1521
1037	1689
1037	1737
1038	1167
1039	1785
1040	1405
1042	1743
1043	1462
1045	1090
1045	1154
1045	1157
1045	1563
1045	1602
1045	1657
1046	1136
1046	1443
1047	1409
1048	1151
1048	1523
1048	1714
1052	1201
1053	1203
1053	1265
1053	1387
1054	1176
1055	1082
1055	1698
1055	1732
1057	1587
1057	1684
1057	1687
1058	1655
1059	1249
1060	1133
1060	1648
1062	1739
1063	1347
1063	1669
1064	1080
1064	1404
1064	1510
1064	1737
1065	1462
1065	1535
1066	1620
1067	1285
1067	1504
1069	1331
1069	1743
1070	1342
1070	1368
1072	1419
1073	1707
1073	1770
1075	1126
1075	1189
1075	1366
1075	1593
1077	1086
1077	1092
1077	1452
1077	1454
1077	1618
1078	1250
1078	1408
1078	1694
1078	1786
1079	1321
1079	1623
1080	1312
1080	1607
1080	1787
1081	1165
1083	1296
1084	1731
1084	1765
1086	1792
1087	1587
1087	1701
1088	1170
1088	1310
1088	1641
1088	1694
1088	1794
1089	1253
1089	1767
1090	1488
1091	1655
1092	1192
1092	1213
1093	1498
1093	1781
1094	1151
1094	1643
1095	1096
1095	1477
1095	1740
1098	1698
1098	1751
1098	1778
1099	1320
1099	1335
1099	1667
1100	1208
1100	1521
1100	1686
1102	1617
1102	1624
1103	1511
1104	1288
1104	1401
1104	1436
1104	1534
1105	1759
1105	1787
1106	1118
1106	1129
1106	1189
1106	1503
1107	1128
1107	1347
1107	1461
1107	1537
1108	1291
1108	1323
1109	1201
1109	1342
1110	1457
1111	1440
1111	1750
1112	1789
1113	1146
1114	1241
1114	1261
1114	1467
1114	1530
1114	1560
1115	1118
1115	1249
1115	1427
1115	1449
1115	1713
1116	1706
1116	1792
1117	1326
1118	1773
1119	1203
1119	1418
1119	1529
1119	1545
1119	1669
1119	1717
1120	1156
1120	1315
1121	1501
1122	1291
1123	1340
1125	1235
1125	1744
1126	1138
1126	1239
1126	1342
1127	1651
1128	1182
1128	1698
1130	1160
1130	1440
1130	1506
1130	1692
1132	1273
1133	1255
1136	1472
1138	1385
1138	1511
1139	1489
1139	1666
1140	1144
1143	1591
1144	1276
1146	1176
1146	1291
1146	1568
1147	1148
1147	1274
1147	1599
1148	1312
1149	1284
1149	1292
1149	1341
1150	1511
1151	1250
1151	1639
1151	1671
1151	1679
1152	1184
1152	1571
1153	1530
1154	1574
1155	1587
1156	1736
1157	1699
1158	1225
1159	1322
1159	1531
1160	1601
1161	1241
1161	1415
1162	1290
1165	1461
1165	1539
1165	1777
1166	1242
1166	1614
1167	1210
1168	1240
1168	1302
1169	1425
1169	1744
1169	1792
1170	1294
1170	1605
1170	1667
1170	1670
1170	1700
1171	1356
1171	1491
1173	1356
1175	1545
1176	1188
1176	1455
1176	1542
1177	1463
1178	1602
1179	1529
1180	1270
1180	1605
1181	1342
1182	1427
1183	1202
1183	1416
1184	1201
1185	1321
1186	1187
1186	1255
1189	1285
1189	1297
1189	1629
1189	1660
1190	1448
1190	1472
1192	1235
1192	1252
1192	1689
1192	1763
1194	1389
1195	1478
1195	1609
1197	1477
1197	1506
1198	1602
1200	1356
1200	1470
1200	1553
1201	1300
1202	1284
1202	1452
1202	1488
1202	1704
1202	1774
1204	1222
1205	1372
1205	1530
1207	1393
1207	1759
1208	1678
1209	1481
1210	1414
1211	1469
1211	1521
1211	1615
1211	1638
1212	1256
1212	1428
1212	1592
1212	1613
1212	1710
1214	1521
1214	1527
1214	1587
1217	1457
1217	1477
1217	1795
1218	1266
1218	1369
1218	1539
1218	1745
1218	1780
1219	1500
1220	1406
1222	1268
1222	1576
1222	1787
1223	1619
1223	1630
1223	1694
1224	1428
1224	1558
1224	1643
1225	1265
1225	1649
1226	1732
1226	1765
1227	1451
1227	1540
1227	1747
1228	1353
1228	1360
1228	1577
1231	1782
1232	1357
1232	1446
1232	1495
1232	1722
1233	1449
1234	1553
1234	1775
1235	1258
1237	1747
1240	1620
1243	1286
1243	1473
1244	1393
1244	1616
1245	1273
1245	1411
1245	1503
1246	1552
1248	1525
1248	1575
1248	1599
1248	1621
1249	1430
1249	1443
1249	1491
1249	1592
1249	1720
1250	1296
1250	1417
1250	1662
1251	1484
1251	1504
1251	1682
1252	1359
1252	1475
1252	1721
1253	1673
1255	1538
1256	1426
1256	1512
1256	1628
1258	1349
1258	1673
1258	1755
1259	1619
1260	1277
1261	1689
1262	1408
1262	1539
1263	1324
1263	1562
1263	1735
1264	1551
1265	1300
1266	1602
1267	1694
1267	1798
1270	1296
1270	1463
1270	1532
1270	1639
1271	1467
1271	1661
1271	1732
1272	1536
1273	1431
1273	1538
1275	1365
1278	1674
1279	1659
1279	1760
1280	1324
1280	1435
1281	1691
1282	1354
1282	1524
1282	1652
1284	1346
1284	1502
1285	1385
1286	1662
1287	1568
1289	1530
1289	1571
1289	1734
1289	1741
1289	1786
1290	1337
1290	1495
1291	1597
1292	1318
1293	1621
1295	1771
1296	1357
1298	1467
1299	1705
1300	1396
1300	1437
1300	1561
1302	1764
1303	1485
1304	1586
1305	1499
1306	1383
1308	1480
1309	1475
1310	1484
1310	1776
1311	1356
1312	1564
1314	1766
1315	1646
1315	1760
1317	1559
1317	1665
1320	1352
1321	1572
1321	1735
1321	1756
1322	1435
1322	1641
1323	1542
1323	1614
1327	1380
1328	1699
1330	1728
1332	1374
1335	1418
1337	1459
1337	1525
1340	1658
1341	1499
1341	1793
1343	1394
1343	1398
1343	1452
1343	1565
1345	1549
1346	1752
1347	1445
1349	1394
1349	1443
1349	1445
1349	1457
1350	1394
1350	1400
1351	1360
1351	1758
1352	1624
1353	1677
1354	1683
1355	1422
1355	1558
1357	1448
1358	1570
1359	1542
1359	1554
1360	1786
1360	1791
1361	1768
1362	1378
1364	1772
1365	1610
1366	1473
1366	1607
1366	1620
1369	1486
1370	1572
1371	1375
1372	1561
1372	1708
1373	1498
1373	1516
1373	1534
1373	1640
1375	1664
1376	1687
1377	1415
1377	1470
1377	1707
1377	1748
1377	1767
1380	1568
1382	1652
1384	1631
1385	1680
1387	1767
1388	1700
1389	1707
1389	1731
1391	1670
1392	1449
1393	1405
1393	1754
1394	1400
1396	1757
1396	1766
1397	1612
1398	1680
1400	1514
1401	1713
1402	1469
1402	1560
1403	1710
1405	1693
1408	1449
1408	1450
1408	1625
1408	1671
1409	1620
1409	1640
1410	1665
1412	1509
1413	1502
1413	1791
1414	1542
1414	1796
1415	1554
1415	1597
1419	1503
1419	1758
1420	1783
1421	1737
1421	1746
1422	1458
1422	1559
1425	1678
1427	1601
1428	1545
1428	1644
1429	1469
1430	1517
1430	1699
1431	1728
1432	1497
1434	1704
1435	1738
1436	1676
1437	1558
1437	1594
1438	1547
1440	1474
1440	1600
1441	1485
1442	1583
1443	1586
1444	1504
1445	1481
1447	1648
1448	1497
1448	1784
1449	1767
1450	1500
1450	1579
1451	1593
1452	1589
1453	1626
1453	1789
1454	1482
1456	1660
1457	1506
1461	1540
1462	1628
1463	1524
1465	1604
1466	1505
1468	1663
1468	1668
1469	1659
1472	1494
1472	1626
1474	1561
1474	1598
1475	1481
1476	1516
1477	1604
1479	1684
1479	1784
1482	1492
1487	1562
1487	1676
1488	1737
1488	1773
1488	1797
1489	1634
1490	1633
1490	1693
1491	1547
1493	1763
1497	1575
1499	1690
1499	1738
1502	1562
1502	1673
1502	1689
1504	1697
1506	1602
1506	1636
1507	1686
1511	1717
1511	1785
1512	1724
1515	1606
1516	1702
1516	1708
1516	1784
1518	1622
1521	1557
1523	1533
1525	1617
1526	1669
1526	1751
1530	1727
1530	1757
1531	1615
1533	1690
1534	1681
1537	1604
1539	1599
1541	1620
1541	1766
1542	1772
1544	1551
1546	1695
1547	1738
1551	1789
1553	1777
1556	1737
1560	1716
1563	1776
1567	1759
1571	1702
1572	1720
1577	1633
1578	1731
1578	1733
1579	1671
1579	1740
1583	1585
1583	1658
1586	1780
1586	1784
1590	1667
1590	1719
1592	1772
1595	1755
1595	1765
1597	1739
1597	1751
1598	1705
1599	1721
1600	1732
1602	1791
1605	1615
1606	1722
1607	1610
1608	1725
1610	1796
1611	1703
1612	1681
1613	1759
1616	1716
1619	1737
1624	1654
1628	1668
1630	1791
1631	1690
1632	1665
1634	1739
1634	1749
1636	1651
1641	1712
1649	1684
1650	1747
1654	1702
1659	1797
1660	1773
1663	1677
1665	1669
1666	1708
1670	1712
1671	1721
1671	1727
1672	1749
1672	1759
1682	1798
1683	1745
1686	1799
1689	1728
1690	1763
1691	1694
1706	1708
1721	1790
1722	1790
1737	1760
1741	1784
1746	1756
1750	1766
1757	1792
1759	1776