0	122
0	126
0	648
0	983
0	991
1	1053
1	1129
1	1295
1	1456
1	1765
2	418
2	1708
3	575
3	893
3	1505
3	1782
3	1798
4	347
4	1266
5	166
5	387
5	1136
5	1788
6	859
6	1616
7	327
7	649
7	784
7	796
7	1085
7	1278
7	1445
7	1771
8	72
8	1145
9	533
9	927
9	1352
9	1433
10	307
10	332
11	171
11	199
11	212
11	759
11	790
11	899
11	1275
11	1423
12	172
12	599
12	614
12	631
12	699
12	760
13	386
13	854
13	1350
14	813
14	947
14	1401
14	1605
14	1717
15	674
15	1208
15	1358
16	468
16	628
16	860
16	1170
16	1381
16	1654
17	335
17	1185
17	1213
17	1490
17	1612
18	170
18	1003
18	1244
18	1400
18	1655
19	329
20	1691
21	95
21	261
21	276
21	368
21	392
21	747
21	889
21	1687
22	177
22	574
22	1042
22	1370
22	1383
22	1782
23	1058
23	1299
23	1348
24	326
24	615
24	665
24	828
24	1131
24	1250
25	209
25	765
25	1302
25	1667
26	397
26	497
26	568
26	901
26	951
26	1216
26	1392
26	1642
27	416
27	763
28	1328
28	1509
29	1113
30	448
30	961
30	1125
30	1705
31	1302
31	1412
31	1527
32	160
32	951
32	1132
32	1155
32	1525
33	76
33	133
34	785
34	1351
34	1683
35	476
35	783
35	854
35	1798
36	109
36	1651
36	1744
37	666
37	1107
38	378
38	514
38	612
38	637
38	641
38	873
38	981
38	1114
38	1520
38	1694
39	107
40	49
40	269
40	320
40	636
40	787
40	1678
40	1711
41	215
41	752
42	659
42	686
42	769
42	1745
43	689
43	1077
43	1372
43	1557
44	148
44	465
44	620
44	1366
44	1489
44	1706
44	1758
45	236
45	332
45	855
45	1253
46	1472
46	1494
47	357
47	538
47	1550
47	1575
48	255
48	271
48	444
48	1444
48	1515
49	799
49	910
49	1577
50	1182
50	1528
51	222
51	259
51	844
51	1122
51	1234
51	1723
52	669
52	1479
53	77
53	1433
53	1443
54	827
54	1625
55	132
55	235
55	771
55	1066
55	1210
55	1711
56	152
56	280
56	439
56	1413
57	210
57	429
57	789
57	1636
58	277
58	565
58	1088
59	141
59	243
59	574
59	879
59	1194
59	1244
59	1384
59	1693
59	1783
60	586
61	272
61	279
62	193
62	308
62	896
62	1194
62	1291
63	1053
64	293
64	1388
64	1573
65	471
65	807
65	1110
65	1166
65	1540
66	290
66	1067
66	1122
66	1161
66	1175
66	1796
67	399
67	578
67	660
68	566
68	973
68	1261
68	1576
69	536
69	937
69	1184
69	1545
70	572
70	1065
70	1149
70	1241
70	1343
70	1469
70	1596
71	581
71	857
72	219
72	851
72	1252
72	1586
73	563
73	1738
74	1117
74	1746
75	387
75	1623
75	1679
75	1788
76	129
76	534
76	829
76	1139
77	78
77	1097
77	1142
77	1359
78	442
78	1686
79	698
79	1055
80	427
80	445
80	496
80	670
80	1136
80	1224
80	1762
81	275
81	662
81	1456
81	1476
82	178
82	709
82	720
82	1672
82	1682
83	543
83	916
83	1174
83	1324
83	1713
84	239
84	287
84	405
84	837
84	1213
84	1541
85	590
85	806
85	1450
85	1579
86	994
87	462
87	966
87	1201
88	296
88	958
88	978
88	1008
89	137
89	570
89	714
89	810
90	545
90	1389
90	1398
91	326
92	213
92	469
92	667
92	669
92	778
92	883
92	1140
92	1478
93	175
93	630
94	804
94	998
94	1031
95	791
95	1180
95	1289
96	97
96	172
96	1130
96	1303
96	1389
96	1545
96	1716
97	170
97	199
97	737
97	888
97	901
97	1232
97	1467
97	1667
98	421
98	889
98	926
98	1190
98	1503
99	637
99	1113
99	1157
99	1265
100	234
100	410
100	513
100	698
100	1071
100	1456
101	1063
102	351
102	411
102	639
102	1359
103	662
103	1060
104	969
104	1764
105	352
105	731
106	1711
107	375
107	1004
107	1788
108	1002
108	1069
108	1621
109	434
109	622
109	1487
109	1540
110	812
110	1097
111	360
111	716
111	748
111	774
111	1279
112	1054
112	1674
112	1677
112	1710
112	1780
113	475
113	1125
113	1338
114	354
114	848
114	1155
114	1299
114	1331
114	1633
115	531
115	593
116	193
116	237
116	856
116	1089
116	1474
116	1562
116	1563
116	1601
116	1653
116	1745
117	184
117	307
117	561
117	756
117	1036
117	1240
117	1345
117	1448
117	1684
118	556
118	1071
118	1153
119	200
119	423
119	1005
119	1513
120	358
120	723
120	908
120	915
120	937
120	1091
120	1171
121	1368
121	1470
121	1725
122	348
122	1673
122	1712
123	1452
123	1541
123	1586
123	1664
123	1676
123	1712
124	194
124	986
125	179
125	255
125	677
126	408
126	809
126	1301
126	1589
126	1664
126	1746
127	404
127	431
127	663
127	701
128	1698
128	1763
128	1794
129	272
129	621
129	906
129	1187
130	240
130	470
130	624
130	699
130	933
131	479
131	523
131	825
131	987
131	1065
131	1302
131	1411
131	1452
131	1587
132	529
133	229
133	694
133	1003
133	1219
133	1279
133	1792
134	167
134	677
134	1077
134	1097
134	1324
135	145
135	200
135	469
135	1668
136	201
136	427
136	936
136	1198
136	1412
136	1486
137	623
137	1323
137	1347
138	245
138	301
138	304
138	431
138	474
138	662
139	486
140	185
140	908
140	1346
140	1384
140	1629
141	202
141	365
141	367
141	1003
141	1660
141	1671
142	189
142	497
142	922
142	1639
143	672
143	988
143	1222
143	1289
143	1341
143	1409
143	1682
144	273
144	343
144	1711
145	1578
146	197
146	561
146	1336
146	1370
147	321
147	356
147	695
147	1454
147	1680
148	415
148	505
148	533
148	1130
148	1220
148	1342
148	1442
148	1796
149	986
149	1282
150	361
150	735
150	1471
151	390
151	845
152	178
152	641
152	703
152	1126
153	407
153	516
153	524
153	839
154	802
154	1043
154	1190
154	1419
155	845
155	1656
156	806
156	988
156	1231
156	1480
156	1728
157	330
157	586
157	620
157	1356
157	1486
158	376
158	486
158	643
158	1650
159	424
159	597
159	1538
159	1689
160	468
160	799
160	988
160	1446
161	462
161	1118
161	1724
162	782
162	976
162	1024
162	1319
163	285
163	1176
163	1601
164	1015
165	180
165	1357
165	1413
165	1574
166	600
166	617
166	750
166	1582
166	1647
166	1663
166	1710
166	1752
167	362
167	804
167	1095
167	1798
168	376
168	634
168	819
168	948
168	1006
168	1461
168	1544
168	1584
168	1667
168	1671
168	1726
169	424
169	1457
170	653
170	1667
170	1736
171	192
171	353
171	1373
171	1792
172	664
172	1337
172	1424
172	1462
173	317
173	1562
174	420
174	1069
174	1369
174	1727
175	293
175	299
175	695
175	1104
175	1353
175	1600
176	1292
177	577
177	588
177	812
177	1048
178	517
178	993
178	1234
178	1454
179	202
179	430
180	391
180	666
181	195
181	714
181	1138
181	1155
182	348
182	439
182	589
182	714
182	963
183	186
183	394
183	757
183	899
183	1520
184	214
184	222
184	347
184	808
184	917
184	919
184	1401
184	1451
185	1600
186	948
186	1480
186	1668
187	536
187	1003
187	1557
187	1701
188	1281
188	1490
188	1521
189	257
189	381
189	595
189	596
189	1477
189	1799
190	480
190	507
191	649
191	676
191	892
191	922
191	1094
191	1564
192	779
192	854
192	1400
193	557
193	724
193	761
193	1493
193	1496
194	258
194	569
194	1328
194	1527
194	1645
195	568
196	620
196	1718
197	735
197	1310
197	1419
198	239
198	729
198	1582
198	1607
199	337
199	847
199	1019
199	1174
199	1312
199	1493
200	363
200	1045
200	1301
200	1532
202	546
202	590
202	1241
202	1338
202	1434
203	228
203	497
203	700
203	951
203	1241
203	1578
204	272
204	648
205	380
205	559
206	655
206	979
206	1269
206	1675
207	863
207	899
208	452
208	469
208	852
208	1185
208	1573
209	624
209	1572
209	1727
210	594
211	219
211	583
211	598
211	869
212	273
212	1280
212	1478
213	596
213	1605
213	1777
214	368
214	430
214	607
214	899
215	319
215	418
215	427
215	594
215	985
215	1033
215	1338
215	1474
216	482
216	1280
217	765
217	1134
217	1192
217	1327
217	1495
217	1597
217	1624
217	1743
217	1766
218	640
218	981
218	1631
219	582
219	1011
220	367
220	465
220	753
220	1167
221	683
221	692
221	1162
222	1438
223	756
223	1785
224	849
224	1168
224	1223
224	1334
224	1379
225	1270
226	252
226	340
226	466
226	1228
226	1654
227	315
227	490
227	611
227	1083
228	864
228	1043
228	1172
228	1607
228	1709
228	1787
229	559
229	734
229	1396
229	1470
230	469
230	629
230	1084
230	1345
231	684
231	1307
231	1318
231	1720
231	1750
232	260
232	348
232	916
232	1242
233	257
233	650
233	801
233	1201
233	1513
233	1534
233	1666
234	519
234	536
234	614
234	1504
234	1512
235	1510
235	1642
236	997
236	1225
236	1432
236	1462
237	294
237	754
237	893
238	284
238	1006
238	1028
238	1561
240	1161
241	1466
241	1742
242	820
242	988
242	1312
242	1315
243	354
243	630
243	1435
243	1723
244	947
244	1506
245	465
246	654
246	997
246	1002
246	1718
247	1178
247	1363
247	1421
248	252
248	1213
249	527
249	635
249	1283
250	1008
250	1013
250	1123
250	1665
250	1686
251	746
251	1174
252	260
252	408
252	839
252	1554
253	270
253	370
253	506
253	852
253	1673
254	1051
254	1554
254	1640
255	302
255	657
255	740
256	335
256	520
256	655
256	994
256	1013
256	1735
256	1761
257	992
257	1597
258	321
258	474
258	539
258	686
258	757
258	903
258	971
258	1188
258	1244
258	1539
259	558
259	796
259	896
259	1134
259	1559
260	722
260	1147
260	1528
260	1639
261	927
261	1003
261	1599
262	507
262	1135
262	1488
263	462
263	615
263	739
263	1520
263	1583
263	1587
263	1634
264	963
264	1046
264	1153
265	369
265	385
265	681
265	1283
266	695
266	827
267	866
267	870
267	1026
267	1433
267	1467
268	1687
269	360
269	463
269	931
269	1250
269	1698
270	486
270	756
270	1375
270	1691
270	1722
271	401
271	618
271	1457
271	1513
271	1797
272	1034
272	1174
272	1284
272	1747
273	353
273	1461
273	1629
274	842
274	1530
274	1695
275	369
275	725
276	522
277	878
278	672
278	810
278	1117
279	398
279	494
279	637
279	1354
280	528
280	1043
281	669
281	1643
282	317
282	539
282	1087
282	1326
282	1396
283	853
283	1293
284	389
284	777
284	1508
285	394
285	763
285	1207
285	1381
286	411
286	660
286	738
286	787
287	824
287	868
287	1002
287	1050
287	1514
287	1535
288	801
289	1001
289	1376
289	1395
289	1736
290	334
290	1010
291	958
291	1351
292	1346
292	1412
293	364
293	1585
294	403
294	422
294	862
294	1600
294	1679
294	1691
295	370
295	659
295	1614
295	1617
295	1634
295	1722
296	480
296	1262
297	724
297	932
297	1603
297	1778
298	494
298	670
298	1605
299	473
299	593
299	1408
300	522
300	965
300	1421
300	1522
301	307
301	402
301	1034
301	1151
301	1564
301	1673
302	481
302	1168
302	1173
302	1444
302	1600
302	1610
302	1661
303	616
303	699
303	771
303	849
303	1281
304	473
304	620
304	982
304	1360
305	740
305	1040
305	1046
305	1399
306	368
306	834
306	1246
307	572
307	596
308	529
308	541
309	1401
310	411
310	427
310	1473
311	487
311	763
311	804
311	1794
312	390
313	892
313	1058
313	1676
314	372
314	435
314	571
314	800
314	862
314	1152
314	1153
314	1483
314	1779
315	1346
316	772
316	1259
316	1730
317	1333
317	1397
318	471
318	572
318	864
318	1174
318	1445
318	1605
319	738
319	1321
319	1503
320	842
320	1405
320	1609
321	549
321	931
321	1329
322	480
322	556
322	605
322	1215
322	1216
322	1332
323	594
323	1243
323	1486
323	1650
324	422
324	1706
325	466
325	574
325	1361
326	345
326	590
327	421
327	632
327	1056
327	1228
327	1304
327	1425
327	1498
328	1267
328	1359
328	1371
329	634
329	1192
329	1271
330	717
330	1216
330	1577
331	386
331	1080
331	1461
332	483
332	493
332	741
332	942
332	1018
332	1154
333	1400
334	462
334	646
334	1147
334	1449
334	1527
335	708
335	1038
335	1584
335	1624
336	363
336	465
336	879
336	1437
337	486
337	804
338	678
338	1266
339	1447
339	1782
339	1784
340	418
340	484
340	618
340	818
340	891
340	1165
340	1319
341	449
341	552
342	1065
343	613
343	1117
343	1465
344	477
344	512
344	798
344	1035
344	1066
344	1389
344	1424
344	1533
345	449
345	640
345	931
345	1125
345	1157
346	462
346	507
346	903
347	952
347	1082
347	1784
348	1286
349	772
350	392
350	487
350	836
350	871
350	1566
351	803
351	1097
351	1363
352	840
352	1698
353	909
353	1353
353	1661
353	1678
353	1743
354	845
354	1380
354	1795
355	487
355	869
355	1758
356	663
356	823
356	1061
356	1285
357	800
357	1398
357	1404
357	1580
358	442
358	460
358	523
358	713
358	1693
359	869
359	1004
359	1005
360	1537
361	1188
361	1229
362	923
362	1463
363	680
363	1349
366	562
366	722
366	1059
367	437
367	643
367	1336
367	1568
369	963
369	1749
369	1791
370	1242
370	1330
370	1604
370	1754
371	387
371	541
371	822
371	1226
372	834
372	1181
372	1364
372	1736
373	815
373	964
373	1025
373	1591
374	799
374	814
374	1259
374	1436
374	1522
375	652
375	661
376	613
376	765
377	601
377	720
377	1158
377	1499
377	1627
378	821
378	1654
379	683
380	790
380	1222
381	581
381	1160
382	581
382	601
382	1111
382	1320
382	1627
383	521
383	870
383	1763
384	516
384	757
385	480
385	516
385	634
385	963
386	594
386	643
386	1786
387	912
387	1213
388	683
388	1269
389	395
390	408
390	519
390	970
391	1014
391	1473
391	1646
392	429
392	569
392	846
392	892
392	1100
392	1118
392	1136
392	1201
392	1379
392	1608
393	850
393	1280
393	1520
394	1659
395	920
395	1118
395	1211
395	1721
396	1300
397	1206
397	1492
397	1595
397	1748
398	796
398	1103
398	1148
398	1227
399	472
400	498
400	889
400	1374
400	1718
401	946
401	982
401	1342
401	1567
402	1202
402	1241
403	467
403	530
403	808
403	886
403	1219
403	1362
403	1604
403	1703
404	932
404	1220
404	1355
404	1523
404	1678
405	415
405	1080
405	1287
405	1618
406	1116
407	567
407	961
407	1393
407	1549
408	583
408	1246
408	1576
408	1691
409	417
409	485
410	1617
411	608
411	997
412	808
412	875
412	1049
412	1316
413	1144
413	1407
413	1622
413	1700
414	1141
414	1533
415	673
415	801
415	1076
415	1108
415	1159
415	1459
415	1679
416	1369
417	471
417	519
417	605
417	1025
418	1095
418	1363
419	1765
420	776
420	1262
420	1396
421	897
421	1091
421	1440
422	529
422	590
422	1726
423	576
423	1014
424	816
424	908
424	924
424	1446
424	1663
424	1674
425	754
425	969
425	1095
425	1127
425	1216
425	1336
425	1634
426	491
426	1138
426	1207
427	1232
427	1421
427	1634
428	599
428	770
428	1394
428	1690
429	496
429	869
429	1293
429	1623
430	1290
430	1707
431	1291
432	913
432	1002
433	826
433	975
433	1495
433	1531
434	1236
434	1294
434	1304
434	1558
434	1743
436	1541
437	837
437	999
437	1174
437	1288
437	1341
437	1724
438	449
438	988
438	1328
438	1579
439	458
439	612
440	1361
440	1442
440	1463
440	1495
440	1511
440	1772
441	509
441	700
441	771
441	1237
442	788
442	1007
442	1387
443	678
443	977
443	1644
444	687
444	953
445	1317
445	1726
446	538
446	768
446	899
446	1539
447	852
447	867
447	877
447	1135
447	1372
448	640
448	1768
449	590
449	991
449	1377
449	1404
450	609
450	1461
451	1036
451	1046
451	1137
451	1601
451	1692
452	1523
453	562
453	827
453	889
453	1185
453	1570
454	589
454	1352
455	515
455	1102
455	1326
456	780
456	987
456	1210
457	464
457	530
457	656
457	822
457	856
457	1034
457	1762
458	775
458	1108
458	1221
458	1516
458	1664
458	1689
459	1161
459	1482
460	462
460	817
460	834
460	1290
460	1323
460	1450
461	537
462	1334
463	876
463	1147
463	1394
463	1423
464	1040
464	1343
464	1772
465	557
465	818
465	1472
466	642
466	669
466	1292
467	854
467	1651
468	821
468	893
470	701
470	871
470	1145
470	1474
471	882
471	1331
471	1472
471	1511
472	628
473	627
473	733
473	1600
474	578
474	654
474	678
474	1480
475	862
475	975
475	1502
476	691
477	791
477	1277
477	1406
477	1520
478	546
478	629
478	632
478	1542
478	1673
479	749
480	1131
481	829
481	1167
481	1314
481	1340
482	630
482	1141
483	565
483	772
483	878
483	1153
483	1591
484	1789
485	524
485	690
485	1259
485	1504
485	1606
485	1624
486	1231
486	1266
487	1526
487	1672
488	1264
488	1424
488	1740
489	652
489	730
489	751
489	1653
491	575
491	1040
492	640
492	692
492	1060
492	1237
493	967
493	1092
493	1335
493	1697
494	1114
494	1627
495	908
495	1224
495	1628
495	1649
495	1780
496	520
496	802
497	627
497	634
497	1595
498	655
498	748
498	1403
498	1700
499	584
499	1073
499	1294
500	897
500	1137
500	1515
501	1180
502	1051
502	1275
503	1083
503	1262
504	1140
504	1626
505	554
505	1066
505	1606
506	719
506	722
506	843
506	888
506	1429
506	1702
507	1047
507	1314
508	1757
509	1596
510	517
510	778
511	1259
511	1730
512	946
512	1021
512	1296
512	1324
512	1736
513	548
513	643
513	733
513	959
513	1778
514	523
514	561
514	1314
514	1626
514	1694
515	945
515	1121
515	1409
515	1552
516	886
516	1116
517	1445
517	1626
518	1051
519	1265
520	656
520	688
520	1150
521	1460
521	1604
522	586
522	678
522	819
523	719
523	893
523	901
524	830
524	1202
524	1763
525	782
525	1227
525	1598
526	1402
526	1449
526	1567
527	880
527	1134
527	1682
528	566
528	1220
529	554
529	759
529	782
529	845
529	1075
529	1463
530	1482
530	1624
530	1678
531	1179
531	1362
531	1436
532	744
533	559
533	845
533	1495
534	1115
534	1385
535	689
535	1023
536	1087
536	1181
536	1419
537	790
537	1266
537	1448
537	1451
537	1656
538	860
538	1205
538	1472
538	1630
538	1638
539	1009
539	1146
539	1264
539	1550
540	1189
540	1396
540	1575
540	1658
541	851
541	939
541	1202
541	1239
541	1494
542	809
542	898
542	923
542	1325
542	1599
543	580
543	1134
543	1313
544	1000
544	1075
545	1726
545	1796
546	994
546	1111
546	1184
547	1283
548	1020
548	1211
548	1797
549	853
549	1080
549	1215
549	1354
549	1659
550	924
551	1500
552	905
552	1220
552	1421
553	819
553	839
554	1086
554	1240
555	937
555	1389
555	1573
555	1607
556	712
557	706
557	1765
558	1169
559	678
559	1646
559	1667
560	722
560	891
561	722
561	1047
561	1576
562	763
562	1427
563	626
563	1475
564	1034
564	1455
565	634
565	1131
566	684
566	1472
567	1006
567	1288
567	1666
568	607
568	646
568	953
569	633
569	807
570	853
570	859
570	1026
571	948
571	1023
571	1241
571	1494
571	1669
572	1470
573	625
573	952
573	1004
573	1062
573	1457
573	1668
574	764
574	985
576	734
576	1289
576	1782
577	1044
578	1068
579	972
579	1314
579	1345
580	829
581	782
581	1016
581	1218
582	1402
583	633
583	1123
583	1239
584	798
584	1014
584	1340
584	1607
585	968
585	1082
585	1292
587	667
587	759
587	1668
588	738
588	1011
588	1502
588	1624
589	855
589	1542
590	632
590	1568
591	730
591	831
591	1630
592	1788
593	1196
594	774
594	1456
594	1608
594	1703
595	1216
595	1437
595	1599
596	668
596	795
597	1445
597	1556
598	996
598	1463
599	838
599	1372
600	675
600	868
600	1547
602	763
603	1275
604	982
604	1014
606	1131
607	998
607	1086
607	1142
607	1422
607	1528
607	1792
608	766
608	1199
608	1601
608	1645
609	693
609	714
609	1114
609	1387
610	1612
611	1500
611	1611
611	1648
612	836
612	1624
613	1154
613	1785
614	1013
614	1608
614	1611
615	628
615	786
615	1022
615	1120
615	1249
615	1339
615	1597
616	745
617	1267
618	691
618	707
618	883
618	1224
618	1736
618	1771
619	819
619	1157
620	686
620	766
620	787
620	1381
620	1633
621	931
621	944
621	1081
621	1196
621	1404
621	1679
622	726
622	961
622	1139
622	1316
624	682
624	799
624	842
624	954
624	1021
624	1142
625	868
625	1573
625	1649
626	800
626	1446
627	630
627	1354
627	1631
628	847
628	1595
628	1638
629	805
630	777
630	845
630	1059
630	1215
630	1582
631	753
631	845
631	874
631	1229
631	1753
632	1153
632	1560
633	1304
633	1445
633	1753
634	705
634	1313
635	762
635	948
636	1078
636	1363
636	1612
636	1744
636	1749
637	847
637	908
637	1074
637	1432
637	1678
638	935
638	1229
639	845
639	889
639	1098
639	1301
639	1439
640	749
640	816
640	1064
641	917
641	1571
641	1651
642	1760
643	644
643	1172
644	1654
645	1325
645	1518
646	1018
646	1608
647	913
647	1033
647	1126
647	1589
648	882
648	1233
648	1364
649	655
649	719
649	1243
649	1796
650	962
650	1159
650	1382
650	1695
651	695
651	1291
651	1642
652	1442
652	1478
652	1574
652	1637
653	1078
653	1083
653	1152
653	1230
654	878
654	1137
654	1186
654	1260
654	1422
655	853
655	1223
655	1510
655	1666
656	795
656	987
656	1215
656	1713
657	954
658	1035
659	702
659	1242
660	958
660	1456
660	1564
661	790
661	1089
661	1183
662	701
663	1064
665	673
665	879
666	1052
666	1054
666	1055
666	1069
667	696
667	1232
667	1600
667	1708
668	1029
668	1319
668	1330
669	735
669	1736
669	1799
670	862
670	944
670	1686
671	716
672	743
672	1228
673	854
673	1203
674	1526
675	1342
676	730
676	818
676	1525
676	1563
676	1596
676	1617
676	1725
677	1172
677	1474
678	754
678	853
678	897
678	1433
679	744
679	1596
680	1769
681	1621
683	982
684	1166
684	1576
685	1607
686	1217
687	1030
687	1365
687	1415
687	1502
687	1608
688	1630
689	1096
689	1525
689	1660
689	1726
690	782
690	811
690	842
690	885
690	894
690	1317
690	1386
690	1539
690	1584
690	1768
691	852
691	1157
691	1285
691	1387
691	1404
692	1119
692	1396
692	1624
693	1008
693	1618
694	765
694	955
694	1598
695	867
695	1199
695	1319
695	1644
695	1682
696	1714
697	907
697	1087
697	1315
697	1445
698	1274
698	1368
698	1630
698	1776
699	967
699	1030
699	1494
700	880
700	1032
700	1130
700	1152
700	1293
700	1349
701	1525
701	1599
702	1090
703	725
703	1699
703	1771
704	1001
704	1126
704	1672
705	855
705	1149
705	1249
706	740
706	801
706	869
706	1461
706	1711
706	1790
707	1011
707	1037
707	1338
707	1497
707	1600
708	802
708	905
709	1098
709	1290
709	1489
709	1737
710	776
710	1299
710	1338
711	1118
712	866
712	904
712	1016
712	1234
712	1700
713	1332
713	1732
714	962
714	1018
714	1405
714	1463
714	1493
714	1518
714	1779
715	801
715	1064
716	757
716	1266
717	961
717	1301
717	1333
717	1415
717	1738
718	1032
718	1765
719	776
719	1528
719	1662
720	1194
721	839
722	1483
722	1675
722	1786
724	1035
725	1323
725	1429
725	1509
726	941
726	1073
726	1438
727	1306
728	945
728	1520
729	841
729	938
730	1771
731	1058
731	1571
732	1338
732	1416
732	1551
732	1784
733	853
733	862
733	1313
734	1704
734	1753
735	847
735	1060
735	1719
736	1077
736	1122
736	1282
737	1171
737	1172
737	1187
737	1506
738	1011
738	1387
738	1455
738	1658
739	1216
739	1300
739	1342
740	1241
741	837
741	947
741	1225
742	1403
742	1685
743	1029
743	1148
743	1443
743	1498
744	925
745	905
745	1180
745	1376
745	1614
746	1050
746	1486
747	1315
747	1457
747	1644
747	1739
748	763
748	1452
749	766
749	1582
750	990
750	1488
750	1614
750	1642
751	824
751	1357
751	1783
752	808
752	832
752	1214
752	1339
752	1712
753	760
753	821
753	1413
753	1516
754	1078
754	1123
754	1483
754	1526
754	1640
754	1672
754	1750
755	1319
755	1432
755	1608
756	757
756	996
756	1246
756	1333
756	1525
756	1783
758	811
758	1418
759	955
759	1520
760	790
760	891
760	921
760	1071
761	805
761	838
761	1778
762	796
762	1406
762	1666
763	1534
763	1752
764	1420
765	1261
765	1711
767	1757
768	796
768	919
768	1151
768	1243
769	1543
769	1702
769	1765
770	1117
771	799
771	896
771	1094
771	1630
772	871
772	1489
772	1668
773	925
773	1714
774	1392
774	1414
775	1138
775	1248
776	989
776	1186
776	1461
777	1408
777	1635
778	883
778	1068
778	1283
778	1476
778	1525
780	1182
780	1315
781	1142
781	1390
781	1528
781	1618
783	812
783	838
783	1190
783	1212
784	1140
784	1404
784	1414
785	953
785	976
785	1366
785	1436
785	1471
785	1726
786	1263
786	1721
787	1219
787	1417
788	857
789	1228
789	1625
790	906
790	1464
791	941
791	983
791	1672
792	1142
792	1554
793	815
793	1029
793	1144
793	1199
793	1258
794	1315
794	1775
795	1272
795	1731
796	896
797	939
797	1394
797	1453
798	805
798	1028
798	1206
798	1761
799	1524
800	1060
800	1757
801	893
803	980
803	1137
804	1063
804	1438
804	1515
805	1212
805	1343
806	1094
806	1125
806	1405
806	1656
806	1756
806	1788
807	942
807	1103
807	1649
808	1175
808	1345
809	911
809	912
809	1251
810	831
810	1297
810	1425
810	1713
811	1558
811	1593
812	1166
812	1379
812	1755
813	1151
814	840
814	940
814	1283
814	1397
816	880
817	1193
817	1613
819	1362
819	1377
820	864
820	1612
821	1166
821	1413
822	885
822	1459
822	1660
823	1006
823	1234
825	1591
826	1011
827	859
827	927
827	1080
827	1293
827	1607
827	1665
828	976
828	1037
830	1373
831	848
831	1415
832	1494
832	1684
832	1756
833	1485
833	1720
835	1657
836	895
836	901
836	1068
836	1328
837	1078
837	1142
837	1632
838	914
838	937
838	1343
838	1450
838	1463
839	1050
841	1344
841	1358
842	917
842	1060
842	1297
842	1446
843	1237
843	1360
843	1513
844	962
844	1057
844	1266
844	1689
846	1361
847	1536
848	1358
848	1600
849	1101
849	1408
849	1483
850	1171
850	1602
851	976
851	1029
851	1371
852	1291
852	1384
852	1597
853	1652
854	1180
855	1116
855	1221
855	1584
855	1618
856	870
856	1202
856	1287
857	1463
857	1560
857	1683
858	962
858	1027
858	1199
858	1501
858	1567
858	1703
859	1457
860	975
861	1034
861	1131
861	1524
862	936
863	955
863	1154
863	1666
864	1222
864	1361
864	1424
865	1406
865	1654
866	1753
867	1046
868	1212
868	1514
869	1494
870	1202
871	1488
871	1573
872	1069
872	1342
872	1424
872	1779
873	1000
873	1114
873	1607
875	1428
875	1552
876	1678
876	1729
876	1787
877	1385
877	1457
878	1721
879	1039
879	1579
879	1630
880	951
880	983
880	1199
881	1669
882	1580
882	1761
883	1228
883	1743
884	1037
886	1281
886	1471
887	964
887	1165
887	1321
888	982
890	932
890	1457
890	1796
892	1244
893	901
893	1114
893	1388
894	1205
894	1492
895	1151
895	1293
895	1593
896	1026
896	1198
896	1477
896	1495
897	1253
897	1434
897	1541
898	1118
898	1125
899	1073
899	1490
899	1564
900	1263
900	1307
900	1691
901	1129
901	1776
902	1139
902	1630
903	1529
903	1655
904	910
904	1778
905	1025
905	1070
905	1191
906	939
906	1055
906	1264
906	1640
906	1723
907	1096
907	1330
908	913
908	1008
908	1193
908	1630
908	1776
910	1428
910	1696
911	1031
911	1762
912	988
914	989
914	1748
916	1291
917	1227
917	1518
917	1783
918	1110
918	1281
918	1581
919	1553
919	1646
920	1286
920	1782
921	1587
922	1744
923	1794
926	1000
926	1662
927	928
927	1229
928	992
928	1115
928	1545
928	1725
929	951
929	1043
929	1045
929	1180
929	1292
930	1208
930	1758
931	1730
932	969
932	1020
932	1108
933	1638
934	1569
935	1054
935	1446
935	1490
936	1049
936	1400
937	1058
939	1126
939	1430
939	1434
940	1662
941	1631
942	1399
942	1418
942	1465
943	1553
944	1446
945	1442
945	1786
946	1576
948	1497
948	1786
949	998
949	1061
949	1212
950	1103
950	1726
951	1341
951	1722
952	1384
952	1690
953	1156
953	1361
953	1578
953	1594
955	1248
955	1446
956	1160
956	1202
956	1372
956	1378
957	1264
958	1053
958	1332
958	1751
959	1147
960	1065
960	1308
960	1761
961	1028
961	1103
961	1388
962	1576
963	1232
963	1358
964	1015
964	1628
965	1215
965	1265
965	1791
966	1189
966	1462
968	1481
969	1191
970	1136
970	1427
970	1667
973	1644
974	1631
975	1117
975	1512
975	1762
976	998
977	1283
977	1383
977	1402
977	1557
979	1015
980	1761
980	1789
981	1170
982	1258
982	1271
982	1482
983	1010
983	1147
983	1162
983	1256
983	1371
984	1703
987	988
987	1101
988	1220
988	1421
991	1756
992	1036
992	1726
993	1308
993	1606
994	1713
995	1626
996	1362
996	1599
997	1193
997	1492
998	1202
998	1544
999	1123
999	1373
1001	1101
1001	1360
1002	1336
1002	1605
1002	1621
1003	1005
1003	1309
1003	1368
1003	1570
1004	1531
1004	1740
1005	1619
1006	1144
1006	1325
1006	1672
1007	1253
1008	1112
1008	1335
1008	1361
1009	1212
1009	1228
1009	1616
1009	1660
1010	1391
1010	1601
1010	1640
1011	1263
1012	1277
1012	1722
1013	1153
1014	1187
1015	1635
1016	1038
1017	1724
1018	1369
1019	1400
1019	1435
1020	1419
1021	1152
1021	1202
1023	1311
1025	1511
1025	1545
1026	1032
1026	1106
1026	1149
1026	1349
1027	1142
1027	1199
1027	1467
1027	1765
1028	1359
1029	1074
1029	1194
1029	1229
1029	1290
1029	1683
1030	1124
1030	1579
1030	1598
1032	1300
1032	1370
1033	1263
1033	1336
1033	1537
1033	1788
1034	1683
1036	1454
1037	1216
1037	1577
1038	1680
1039	1247
1039	1584
1041	1458
1041	1758
1042	1577
1042	1653
1042	1748
1043	1481
1043	1573
1044	1607
1045	1109
1045	1431
1046	1574
1047	1078
1047	1266
1048	1110
1048	1200
1049	1431
1050	1573
1050	1634
1050	1689
1051	1080
1052	1084
1053	1146
1054	1372
1056	1476
1058	1235
1058	1272
1058	1382
1059	1229
1059	1681
1060	1709
1061	1337
1061	1571
1062	1142
1062	1231
1064	1179
1064	1473
1064	1538
1065	1648
1065	1717
1067	1638
1067	1682
1067	1725
1068	1648
1069	1492
1070	1150
1070	1433
1070	1485
1070	1701
1072	1318
1072	1374
1072	1481
1072	1588
1073	1147
1073	1152
1075	1123
1075	1590
1075	1770
1076	1113
1076	1294
1076	1429
1076	1560
1076	1641
1077	1246
1078	1643
1079	1369
1079	1582
1080	1339
1081	1572
1082	1678
1082	1779
1084	1774
1085	1231
1086	1682
1086	1691
1087	1363
1087	1556
1087	1700
1088	1704
1089	1138
1090	1110
1092	1378
1092	1597
1092	1599
1092	1724
1093	1352
1093	1728
1094	1160
1094	1465
1094	1799
1095	1103
1095	1563
1096	1314
1096	1525
1097	1509
1098	1418
1098	1492
1098	1712
1099	1173
1099	1189
1099	1269
1100	1523
1101	1284
1101	1426
1101	1498
1101	1733
1102	1108
1103	1688
1103	1791
1105	1173
1105	1626
1105	1737
1106	1275
1106	1326
1106	1700
1107	1220
1107	1670
1107	1728
1108	1420
1108	1654
1108	1752
1110	1326
1110	1605
1111	1701
1112	1261
1112	1305
1113	1305
1113	1492
1114	1246
1114	1521
1114	1647
1115	1279
1115	1581
1115	1642
1115	1644
1117	1566
1118	1182
1118	1581
1119	1339
1119	1590
1120	1176
1120	1790
1121	1400
1121	1541
1121	1706
1122	1298
1122	1675
1123	1374
1124	1723
1125	1137
1125	1179
1126	1188
1127	1491
1128	1513
1129	1544
1129	1667
1130	1286
1130	1290
1130	1337
1130	1772
1131	1297
1131	1574
1131	1625
1132	1785
1133	1191
1133	1297
1133	1387
1134	1562
1135	1159
1135	1731
1136	1268
1136	1384
1136	1388
1136	1451
1136	1517
1136	1562
1137	1482
1137	1616
1137	1634
1137	1672
1138	1614
1139	1245
1140	1160
1140	1694
1141	1231
1141	1310
1141	1703
1142	1418
1142	1639
1143	1425
1143	1614
1144	1450
1144	1542
1145	1526
1145	1679
1148	1200
1149	1328
1150	1244
1150	1316
1150	1386
1150	1516
1150	1744
1153	1704
1154	1193
1154	1645
1156	1163
1156	1164
1156	1319
1156	1731
1157	1779
1159	1285
1159	1353
1159	1561
1161	1669
1162	1336
1162	1397
1163	1248
1163	1277
1164	1458
1164	1591
1164	1656
1165	1297
1165	1700
1165	1716
1166	1202
1166	1463
1166	1513
1166	1600
1166	1739
1167	1332
1168	1620
1168	1742
1170	1519
1170	1723
1172	1553
1172	1594
1173	1215
1174	1369
1174	1526
1175	1227
1175	1349
1176	1198
1176	1334
1177	1737
1180	1251
1180	1605
1181	1266
1181	1275
1181	1340
1181	1353
1181	1449
1181	1577
1181	1634
1182	1312
1184	1260
1184	1289
1184	1647
1186	1411
1187	1410
1188	1647
1189	1642
1190	1436
1190	1518
1191	1200
1191	1673
1192	1781
1193	1228
1193	1393
1193	1644
1194	1680
1195	1244
1196	1249
1196	1281
1196	1720
1197	1389
1198	1426
1198	1587
1200	1426
1203	1683
1204	1781
1205	1675
1207	1232
1208	1561
1208	1578
1209	1627
1210	1248
1212	1349
1212	1355
1212	1699
1212	1762
1213	1465
1213	1781
1216	1595
1217	1384
1217	1452
1219	1383
1219	1625
1220	1621
1221	1574
1223	1482
1226	1700
1227	1420
1227	1751
1228	1558
1228	1626
1229	1405
1229	1562
1229	1734
1231	1387
1231	1636
1232	1433
1233	1765
1234	1356
1234	1678
1235	1558
1236	1259
1237	1273
1237	1558
1237	1668
1238	1609
1238	1731
1239	1557
1240	1393
1241	1635
1241	1653
1241	1692
1242	1297
1242	1425
1242	1690
1243	1288
1243	1534
1243	1703
1244	1273
1244	1383
1244	1612
1244	1709
1244	1734
1246	1507
1247	1388
1247	1422
1247	1667
1250	1388
1250	1794
1251	1353
1252	1500
1254	1405
1254	1614
1255	1592
1256	1320
1257	1325
1258	1328
1259	1721
1259	1728
1260	1669
1262	1690
1263	1646
1264	1366
1264	1517
1264	1559
1265	1607
1268	1682
1268	1749
1268	1760
1269	1405
1270	1552
1270	1635
1274	1445
1276	1359
1277	1668
1277	1757
1283	1404
1284	1356
1284	1603
1285	1295
1285	1516
1285	1793
1286	1708
1288	1492
1288	1575
1291	1647
1292	1719
1297	1768
1298	1378
1298	1577
1298	1707
1298	1749
1300	1310
1300	1677
1301	1552
1302	1306
1302	1322
1302	1533
1302	1761
1305	1748
1306	1365
1306	1549
1307	1316
1307	1366
1308	1556
1308	1745
1310	1323
1311	1539
1312	1525
1313	1367
1313	1462
1314	1358
1314	1515
1315	1486
1317	1420
1317	1572
1320	1555
1321	1489
1321	1753
1322	1474
1325	1725
1327	1435
1329	1369
1330	1509
1330	1564
1330	1698
1331	1396
1331	1425
1333	1617
1334	1517
1336	1417
1337	1564
1337	1689
1338	1660
1339	1652
1341	1667
1341	1778
1342	1456
1346	1799
1347	1526
1350	1738
1350	1790
1353	1582
1354	1635
1356	1467
1356	1760
1357	1392
1359	1441
1359	1664
1360	1574
1360	1721
1362	1431
1363	1733
1364	1563
1364	1767
1364	1786
1365	1515
1365	1728
1366	1463
1366	1741
1367	1584
1368	1387
1368	1473
1368	1479
1369	1532
1372	1375
1372	1624
1374	1597
1374	1723
1379	1480
1381	1759
1381	1766
1382	1409
1383	1568
1385	1404
1385	1763
1386	1448
1387	1425
1389	1779
1390	1551
1394	1487
1394	1715
1394	1791
1395	1653
1396	1616
1396	1793
1397	1406
1397	1752
1398	1656
1399	1444
1399	1719
1401	1442
1401	1736
1402	1716
1402	1752
1403	1534
1403	1646
1405	1449
1406	1558
1406	1630
1407	1564
1409	1455
1410	1498
1411	1570
1412	1587
1415	1539
1415	1656
1415	1690
1415	1796
1416	1730
1418	1556
1418	1583
1418	1763
1420	1483
1420	1730
1421	1678
1421	1766
1423	1449
1423	1452
1424	1529
1424	1530
1427	1445
1429	1737
1430	1465
1431	1736
1432	1643
1432	1768
1433	1594
1433	1644
1433	1742
1434	1490
1436	1619
1436	1635
1437	1461
1442	1484
1442	1491
1442	1723
1442	1738
1443	1733
1445	1604
1445	1717
1446	1465
1446	1546
1447	1575
1448	1460
1450	1688
1451	1637
1451	1656
1452	1548
1453	1579
1453	1679
1454	1601
1454	1710
1455	1527
1455	1577
1455	1587
1455	1668
1456	1674
1457	1609
1458	1586
1458	1690
1459	1608
1460	1722
1461	1515
1462	1490
1463	1506
1463	1598
1464	1529
1465	1521
1465	1524
1467	1755
1468	1568
1470	1618
1473	1737
1474	1632
1474	1798
1475	1748
1477	1759
1478	1751
1479	1570
1482	1561
1482	1595
1483	1686
1485	1646
1487	1648
1487	1774
1490	1670
1492	1508
1498	1682
1500	1734
1503	1702
1504	1552
1504	1787
1507	1660
1508	1633
1510	1527
1510	1562
1515	1628
1515	1760
1516	1534
1518	1550
1520	1649
1520	1751
1521	1736
1521	1789
1522	1529
1524	1799
1526	1538
1526	1712
1527	1737
1529	1722
1531	1791
1534	1614
1534	1696
1534	1738
1546	1676
1547	1662
1549	1568
1550	1689
1551	1652
1553	1646
1553	1795
1556	1638
1556	1640
1557	1657
1557	1756
1563	1642
1565	1634
1567	1770
1571	1799
1576	1686
1576	1784
1580	1653
1580	1719
1581	1761
1581	1769
1582	1690
1582	1731
1585	1776
1587	1651
1587	1654
1587	1798
1589	1764
1591	1647
1596	1750
1599	1729
1606	1725
1606	1773
1611	1639
1615	1713
1618	1681
1619	1642
1621	1669
1621	1675
1623	1677
1623	1767
1624	1693
1625	1671
1625	1716
1628	1645
1631	1660
1632	1652
1637	1684
1638	1779
1639	1787
1645	1720
1647	1762
1649	1723
1649	1737
1655	1730
1659	1722
1664	1764
1665	1702
1666	1673
1667	1746
1670	1690
1674	1706
1681	1740
1697	1705
1707	1738
1708	1766
1714	1721
1721	1734
1721	1767
1722	1741
1724	1763
1741	1775
1758	1797
1776	1790
1783	1794