0	1266
0	1282
0	1759
1	111
1	322
1	732
1	875
1	883
1	1265
1	1398
2	620
2	952
2	1749
3	348
3	480
3	858
3	1641
3	1719
4	1304
5	196
5	720
5	973
5	1651
5	1734
6	853
6	1188
6	1368
6	1500
7	283
7	825
7	1003
7	1040
7	1455
7	1628
8	238
8	1404
8	1548
9	899
9	1084
9	1111
9	1337
9	1694
9	1758
10	1472
10	1764
10	1790
11	46
11	406
12	514
12	536
12	836
12	1010
12	1050
12	1403
12	1789
13	94
13	345
13	1737
14	207
14	432
14	501
14	651
14	1510
15	62
15	216
15	776
15	1006
16	184
16	1143
16	1252
16	1635
17	107
17	944
17	1540
17	1727
18	345
18	616
18	739
18	919
18	1670
19	239
19	1044
20	557
20	1287
20	1362
20	1515
21	779
21	966
22	677
23	127
23	206
23	767
23	874
23	953
23	1036
23	1051
24	375
24	449
24	1141
24	1598
25	822
25	994
26	821
26	1476
26	1698
27	531
27	928
27	1104
28	88
28	286
28	919
28	946
28	1082
28	1130
28	1662
29	837
29	942
29	1635
30	1014
30	1103
30	1148
30	1452
30	1615
31	194
31	232
31	750
31	1138
31	1735
32	205
32	1451
33	459
33	873
33	895
33	1280
34	147
34	832
34	1259
34	1437
34	1490
34	1761
35	1490
35	1661
35	1757
35	1774
36	1067
36	1291
36	1397
36	1509
36	1532
36	1738
37	509
37	536
37	800
37	970
37	1252
37	1506
38	838
38	953
38	1504
38	1576
38	1706
39	65
39	111
39	203
39	510
39	680
39	793
39	1042
40	1217
40	1280
41	158
41	394
41	820
41	841
41	853
41	1737
42	875
42	1034
42	1192
43	393
43	842
43	1048
43	1345
43	1479
44	349
44	674
44	935
44	1574
45	208
45	364
45	714
45	1431
45	1687
46	258
46	365
46	455
46	1265
46	1589
47	339
47	954
47	1020
47	1286
48	126
48	175
48	1314
48	1459
49	329
49	458
49	733
49	910
50	418
50	573
50	576
50	659
50	737
50	860
51	1217
51	1432
51	1476
52	56
52	756
52	1767
53	417
53	1663
54	176
54	1085
54	1107
54	1438
54	1442
54	1702
55	1117
56	77
56	152
56	637
56	825
56	1462
57	94
57	1254
57	1745
58	81
58	138
58	188
58	301
58	1057
59	1743
60	782
60	1104
60	1235
60	1417
60	1691
61	483
61	565
61	960
61	1027
61	1301
61	1306
62	425
62	703
62	1061
63	299
64	802
64	837
64	983
64	1077
64	1512
64	1743
65	663
65	913
65	1249
65	1513
66	718
66	1276
67	535
67	745
68	258
68	422
68	900
68	956
68	1717
69	242
70	506
70	736
70	1150
70	1261
71	174
71	1753
72	470
72	714
72	1113
72	1484
72	1558
73	685
73	1277
73	1515
73	1731
74	81
74	214
74	319
74	927
74	987
74	1037
74	1664
75	638
75	663
75	806
75	890
75	928
76	527
76	670
76	897
76	1621
76	1692
77	532
77	688
77	1215
77	1290
78	393
78	400
78	938
78	1023
78	1712
79	438
79	494
79	1300
79	1667
80	161
80	313
80	540
80	1108
80	1132
80	1270
80	1364
80	1459
80	1662
81	826
81	1744
82	291
82	724
82	747
82	797
82	857
82	1132
82	1649
83	148
83	152
83	342
83	530
83	835
83	944
83	1299
84	572
84	605
85	357
85	992
85	1272
86	104
86	438
86	535
86	856
86	1050
86	1494
87	531
87	544
88	201
88	214
88	475
88	1065
88	1520
88	1587
89	141
89	468
90	439
90	643
90	976
90	1037
90	1065
90	1189
90	1280
90	1397
90	1544
90	1775
91	434
91	547
92	396
92	1270
92	1289
92	1370
92	1470
92	1702
93	626
93	908
93	1227
93	1585
94	279
94	960
95	516
95	767
95	832
95	835
96	132
96	276
96	478
96	1635
96	1757
97	148
97	642
97	866
97	1303
97	1729
98	269
98	857
99	589
99	614
99	647
99	678
99	1339
99	1564
100	199
100	797
100	1394
100	1722
100	1793
101	140
101	314
101	644
101	932
101	1205
102	248
102	494
103	568
104	124
104	328
105	471
105	613
105	1013
106	239
106	380
106	581
106	740
106	1050
106	1070
106	1678
107	338
107	1153
107	1156
108	122
108	317
108	533
108	931
108	1030
108	1302
108	1372
108	1458
109	756
109	1382
109	1403
109	1582
109	1758
110	805
111	357
111	1173
111	1378
111	1458
112	582
112	715
112	788
112	864
112	1144
113	264
113	284
114	348
114	841
114	910
114	1505
114	1742
115	441
115	887
115	1711
116	157
116	573
116	1475
117	245
117	654
118	195
118	839
119	295
119	314
119	1213
119	1222
119	1252
120	191
120	411
120	591
120	627
120	671
120	717
120	1401
120	1536
121	853
121	1065
121	1400
121	1630
122	155
122	222
122	1004
122	1149
122	1176
123	228
123	1288
124	615
124	1744
124	1783
125	499
125	555
125	582
125	598
125	725
125	1078
125	1569
125	1732
126	184
126	344
126	839
126	1506
126	1540
127	599
127	879
127	1047
127	1200
127	1590
128	512
128	681
128	1305
129	188
129	229
129	587
129	609
129	808
129	1019
129	1494
130	504
130	731
130	744
130	752
130	1350
131	475
131	1645
132	236
132	499
132	724
132	991
132	1113
132	1349
133	340
133	391
133	624
133	1257
133	1503
133	1523
134	160
134	595
134	1609
135	346
135	1212
135	1216
135	1515
136	877
136	1149
136	1222
137	708
137	791
137	919
137	1190
137	1224
137	1588
137	1692
138	300
138	743
138	792
138	1414
139	968
140	314
140	568
140	940
140	1668
140	1736
141	603
142	322
142	366
142	1614
143	1133
143	1409
144	947
145	593
145	921
145	1291
145	1324
145	1786
146	1160
147	170
147	706
147	898
147	1254
148	168
148	459
148	786
148	1696
148	1765
149	1788
150	212
150	1137
150	1229
150	1582
150	1737
151	538
151	1167
152	284
152	757
152	1206
152	1401
152	1428
152	1719
153	1523
153	1550
153	1789
154	820
154	828
154	954
154	1205
155	467
155	526
155	1394
155	1538
156	362
156	831
156	951
156	1603
156	1743
157	648
157	973
158	181
158	418
158	1175
159	648
159	685
159	948
160	896
160	1090
160	1735
161	308
161	1199
162	651
162	827
162	1307
163	271
163	476
163	582
163	771
164	1077
164	1223
164	1658
164	1755
165	304
165	377
165	408
165	700
165	957
165	1093
166	313
166	1320
167	368
167	838
167	925
168	1182
168	1269
168	1581
169	294
169	720
169	1774
170	586
170	1067
170	1621
171	302
171	783
171	1013
171	1077
171	1306
171	1434
171	1499
172	230
172	386
172	607
172	1066
173	529
173	811
173	898
173	1642
174	285
174	474
174	1313
174	1787
175	1006
175	1338
176	232
176	626
176	670
176	818
176	1245
177	975
177	1160
177	1380
177	1431
177	1553
178	282
178	888
178	1006
178	1426
179	287
179	1295
180	799
180	865
180	1327
182	1200
182	1448
182	1750
183	225
183	720
183	1574
184	447
184	790
184	968
184	1265
185	544
185	565
185	581
185	682
185	731
185	794
185	1487
185	1645
186	360
186	1305
186	1789
187	1118
187	1239
187	1784
188	234
188	639
188	1104
188	1203
189	300
189	960
189	1113
189	1321
189	1401
190	250
190	677
190	1615
191	458
191	751
191	883
191	1026
192	778
192	1186
192	1341
193	241
193	576
193	790
193	1000
193	1521
193	1760
194	629
194	769
194	1433
194	1722
195	722
195	1184
196	856
196	1075
196	1094
197	220
197	364
197	654
198	325
198	871
198	1148
198	1507
198	1520
198	1548
199	1110
199	1191
199	1198
199	1221
200	232
200	667
201	622
201	1169
202	1481
203	270
203	314
203	526
203	1107
203	1266
204	544
204	878
204	1043
204	1061
204	1481
204	1647
205	273
205	363
205	418
205	652
205	744
205	1010
206	945
206	1141
207	1756
208	217
208	479
208	588
208	609
208	730
209	532
209	592
209	1146
209	1253
209	1543
209	1603
210	780
210	1036
210	1316
211	352
211	499
211	515
211	667
211	1369
211	1449
212	706
212	953
212	1082
212	1667
213	886
213	1315
213	1497
214	1392
214	1713
214	1755
215	300
215	843
215	1532
215	1660
216	1267
217	343
217	413
217	545
217	1584
218	390
219	403
220	266
220	457
220	842
220	1040
221	238
221	726
221	1051
221	1174
221	1302
221	1340
222	519
222	834
222	850
222	1671
223	421
224	284
224	378
225	581
225	708
225	864
225	1652
226	1145
226	1226
226	1461
227	1645
228	315
228	330
228	797
228	1234
228	1284
228	1351
228	1387
228	1399
229	349
229	1153
230	602
230	1009
230	1120
230	1127
230	1562
231	362
231	761
231	1092
231	1146
231	1672
231	1771
231	1788
233	610
234	403
234	956
234	1015
234	1122
234	1152
234	1280
234	1528
234	1774
235	1571
235	1673
236	444
236	532
236	676
236	1464
237	472
237	1068
237	1472
238	306
238	505
238	580
239	946
239	1119
240	747
240	810
241	1419
241	1434
242	1132
243	554
243	762
243	1038
244	732
244	748
244	807
244	924
244	1356
244	1445
244	1653
245	462
245	486
245	955
246	421
246	483
246	581
246	1403
246	1542
246	1692
247	421
247	425
247	497
247	644
247	1118
247	1744
248	434
248	984
248	1200
248	1484
249	391
249	630
249	689
249	1501
249	1682
250	811
250	856
250	1374
251	488
251	1473
251	1798
252	1016
252	1178
252	1383
253	448
253	951
253	1577
253	1687
254	332
254	518
254	1073
254	1583
254	1602
255	575
255	592
255	1427
256	465
256	816
256	932
256	1257
257	727
257	1752
258	518
258	551
258	572
259	390
259	645
259	1121
259	1356
259	1360
259	1746
260	708
260	1316
261	283
261	749
261	1022
261	1360
262	568
262	896
263	1160
263	1687
264	326
264	1045
264	1401
265	1138
265	1388
265	1674
266	408
266	566
266	1004
266	1171
266	1261
267	347
267	790
267	1542
268	499
268	1107
268	1700
268	1706
269	504
269	516
269	782
269	1108
269	1338
270	794
270	940
271	541
271	603
271	1299
272	488
272	826
272	911
272	1437
272	1456
272	1643
272	1645
273	353
273	641
274	413
274	825
274	939
274	1363
274	1470
275	595
275	1482
275	1777
276	454
276	604
276	660
276	737
276	1156
276	1410
276	1712
277	1139
277	1249
277	1250
277	1602
278	483
278	628
278	1242
279	1768
280	458
280	1222
280	1732
280	1784
281	413
281	647
281	1287
282	368
282	608
282	694
282	1133
282	1592
283	309
283	328
283	534
283	733
283	931
283	976
283	1031
283	1320
283	1579
283	1703
284	327
284	331
284	551
284	857
284	894
284	1099
284	1227
284	1257
284	1603
284	1709
285	455
285	521
285	665
285	1354
286	1703
286	1730
287	1391
288	532
288	586
288	611
288	725
288	860
288	973
288	1303
288	1663
289	1222
290	794
290	1565
290	1774
291	720
291	1090
292	416
292	636
292	781
292	807
292	978
292	1210
292	1328
292	1462
293	862
294	769
294	1129
294	1374
294	1380
294	1439
294	1454
294	1583
295	602
295	692
295	1582
296	453
296	856
296	1429
297	598
298	981
298	1037
298	1345
298	1439
299	1202
299	1256
299	1487
300	545
300	767
300	1583
301	597
301	1191
301	1561
302	1672
303	450
303	840
303	893
304	402
304	709
304	941
304	1046
305	730
305	990
306	1249
306	1353
306	1524
307	868
307	1146
308	714
308	1121
309	725
309	811
309	1607
310	690
311	644
311	1089
311	1165
311	1505
311	1634
312	712
312	733
312	1601
313	371
313	555
313	1025
313	1164
313	1197
313	1690
314	1798
315	634
315	885
315	1155
315	1337
315	1422
315	1795
316	784
316	1657
317	668
317	1209
317	1356
318	1235
319	378
319	581
319	693
319	1390
319	1533
320	893
320	1098
320	1108
321	493
321	569
321	1466
322	336
322	498
322	649
322	728
322	1169
322	1396
323	1235
323	1462
323	1709
324	352
324	1466
324	1620
325	631
325	1013
325	1192
325	1236
325	1506
325	1655
326	1040
326	1413
326	1540
326	1580
327	457
327	526
327	570
327	1022
327	1037
329	350
329	1548
330	455
330	457
330	531
330	840
330	849
330	979
330	1346
331	634
331	1275
331	1662
332	686
332	699
332	703
332	736
332	1377
332	1519
333	425
333	800
333	887
333	1140
333	1304
333	1436
333	1501
334	803
334	1127
334	1163
334	1188
335	1203
335	1709
336	360
336	364
336	639
336	739
336	1375
337	771
337	1196
337	1228
337	1245
337	1338
337	1755
338	396
338	628
338	1248
339	1644
340	848
340	856
340	931
340	1325
341	453
341	518
341	575
342	747
342	1007
342	1348
343	367
343	407
343	847
343	1414
343	1503
344	666
344	748
344	1232
345	553
345	1177
345	1409
345	1418
345	1548
346	841
346	873
346	1567
347	650
347	913
347	1068
347	1737
348	732
348	1056
348	1300
348	1505
349	716
349	1344
349	1591
350	359
350	824
350	948
350	1395
351	451
351	1446
352	394
352	482
352	622
352	720
352	1156
352	1616
353	816
353	947
353	1571
353	1716
354	410
354	780
354	1042
354	1174
354	1192
354	1299
354	1760
355	463
355	1187
355	1355
355	1434
356	844
357	623
358	1391
358	1723
359	671
359	1213
359	1397
359	1662
359	1734
360	362
360	423
360	1479
361	395
361	525
361	1100
361	1699
362	1164
362	1171
362	1619
363	497
363	589
363	619
363	908
363	932
363	1274
363	1463
363	1692
364	1567
364	1644
364	1674
365	395
366	1124
366	1688
367	1015
367	1184
367	1474
368	1160
368	1456
368	1719
369	393
369	640
369	842
369	937
369	1208
370	1757
371	862
371	1127
371	1683
372	407
372	1242
373	985
373	993
373	1495
374	753
374	1525
374	1786
375	936
375	1158
375	1280
375	1670
376	1138
377	1214
378	575
378	1201
378	1219
378	1615
378	1674
379	1746
379	1787
380	383
380	694
380	1085
380	1409
381	919
381	1690
381	1744
382	1322
382	1676
383	460
383	1024
384	777
384	1629
384	1673
385	1357
386	678
386	1389
386	1484
386	1795
387	557
387	745
387	1240
387	1308
387	1474
388	1625
389	591
389	861
389	919
390	555
390	670
390	1688
391	676
391	1716
392	897
392	1105
392	1379
393	555
393	699
393	1133
393	1168
394	654
394	1278
394	1667
395	1102
395	1364
396	786
396	1060
397	540
397	1050
397	1282
397	1303
397	1427
397	1551
397	1585
398	542
398	742
398	1500
399	698
399	940
399	1114
399	1137
399	1449
399	1604
401	460
401	533
402	546
402	671
402	1317
402	1476
403	954
403	1722
403	1775
404	835
404	1235
405	582
405	1763
406	521
406	1030
406	1159
407	413
407	1661
408	1180
408	1526
409	523
409	770
409	1020
409	1132
409	1456
409	1676
409	1733
410	959
410	1449
411	583
411	857
412	1797
413	469
413	585
413	916
413	1539
413	1699
413	1750
414	1554
415	1013
415	1454
416	1568
416	1750
417	1669
418	952
418	1201
419	746
419	896
419	1352
420	538
420	616
420	625
420	857
420	1260
420	1372
421	1000
421	1043
421	1412
421	1444
421	1644
422	1684
423	467
423	783
423	1138
424	960
424	1635
425	468
425	503
425	563
425	770
425	818
426	704
426	772
426	795
426	883
426	900
426	1013
426	1382
426	1390
426	1661
427	544
427	1154
427	1442
428	626
428	1104
428	1245
428	1400
428	1739
429	473
429	639
429	795
429	1620
429	1700
430	468
430	577
430	1478
430	1532
430	1585
431	697
431	1619
431	1674
432	843
432	1263
432	1469
432	1507
432	1756
433	1170
433	1444
433	1670
433	1783
434	729
434	1537
434	1761
435	1384
436	583
436	1205
436	1343
437	851
437	982
437	1524
438	691
438	753
438	757
438	860
438	1627
439	501
439	614
439	1222
440	549
440	971
440	1521
440	1549
441	767
442	1421
442	1592
443	591
443	1178
443	1271
443	1298
443	1655
444	453
444	556
444	651
445	1095
445	1220
445	1318
445	1584
445	1668
446	1398
447	813
447	1010
448	891
449	758
449	765
449	1297
450	839
450	977
450	1083
450	1449
450	1480
451	786
452	728
452	991
452	1502
453	1134
453	1417
454	546
454	782
454	1168
454	1404
455	736
455	871
455	1482
456	1362
457	694
457	886
457	1304
457	1605
457	1727
458	580
458	796
458	1731
458	1733
459	1132
461	710
461	1206
461	1572
461	1615
461	1618
462	1105
462	1320
462	1498
463	561
463	975
463	1010
463	1147
463	1464
463	1585
464	557
464	647
464	766
464	789
464	1104
464	1184
464	1639
465	848
465	1179
465	1426
466	618
466	625
466	827
466	1024
466	1270
467	881
467	907
467	931
468	1485
469	773
469	852
469	987
470	736
470	1244
471	475
471	1527
471	1617
472	926
472	999
472	1022
472	1173
473	636
473	846
473	1425
473	1541
474	1343
474	1571
474	1624
475	816
475	941
475	1002
475	1584
476	559
476	608
476	899
476	1044
477	863
477	1172
478	1057
478	1155
478	1688
479	698
480	867
480	1042
480	1456
480	1740
481	629
483	918
483	1296
484	795
484	975
484	1179
484	1408
485	942
485	1321
485	1445
485	1510
485	1724
486	744
486	784
486	1440
486	1488
486	1519
486	1649
487	1704
488	515
488	521
489	788
489	969
489	1425
490	1040
491	1779
492	1573
493	686
493	729
494	683
494	825
494	889
494	1038
494	1108
494	1526
494	1775
495	568
495	660
495	663
495	1616
496	915
496	944
496	1530
496	1765
497	1200
497	1409
497	1784
498	679
498	1598
498	1667
499	556
499	585
499	1054
500	541
500	591
500	848
500	1202
500	1619
501	600
501	777
501	1147
501	1337
501	1379
502	529
502	810
502	1039
502	1497
503	558
503	1245
503	1321
504	1312
505	508
505	631
505	1388
506	800
506	1087
507	524
507	1321
508	1423
508	1457
508	1699
509	546
509	779
509	1042
510	702
510	766
510	1313
510	1516
511	940
511	1264
511	1278
511	1647
512	1272
513	876
513	1273
513	1446
514	611
514	903
514	1204
514	1451
515	676
515	1544
515	1569
517	1362
518	521
518	1088
518	1095
518	1170
518	1246
518	1548
518	1792
519	673
520	695
520	884
521	868
522	1170
522	1238
522	1373
522	1563
522	1634
523	1115
524	737
524	846
524	1262
524	1679
525	1653
526	1496
526	1710
526	1768
527	1419
528	1096
528	1460
528	1590
529	618
529	786
529	1284
529	1301
529	1369
529	1620
530	891
530	1758
531	674
531	1073
531	1709
531	1748
532	1142
532	1393
532	1723
534	605
534	1143
534	1563
534	1565
535	816
535	905
535	914
535	1026
536	1277
536	1597
537	1200
538	940
538	1404
538	1474
539	670
539	782
539	1052
539	1215
539	1393
539	1489
539	1546
540	625
540	1648
540	1798
541	588
541	977
541	1388
541	1592
542	917
542	985
543	1064
543	1490
544	669
544	1403
545	689
545	867
546	728
546	1133
546	1414
547	1021
547	1190
547	1561
547	1619
548	932
548	1260
548	1362
548	1510
549	1126
549	1246
549	1249
550	1656
550	1780
551	592
552	1294
552	1523
553	845
554	822
554	1212
555	1440
557	623
557	676
558	1456
559	1241
560	1358
560	1625
561	1609
562	936
562	939
562	1316
563	809
563	1504
563	1584
564	1205
564	1656
565	1314
566	620
566	1271
566	1502
567	802
567	994
567	1318
567	1380
567	1457
569	695
569	1107
569	1250
569	1282
569	1372
569	1525
570	758
570	1256
570	1360
570	1543
570	1725
571	773
571	1225
572	1076
572	1457
572	1486
573	663
573	692
573	853
573	1166
573	1322
574	1278
574	1330
575	968
575	1381
576	820
576	1717
577	793
577	1716
578	1278
579	658
579	1029
579	1205
579	1435
580	920
580	1011
580	1417
580	1677
581	787
581	1421
582	987
583	621
583	831
583	993
583	1098
583	1546
584	699
585	920
585	1482
586	795
586	922
586	1004
586	1030
586	1202
586	1438
586	1497
586	1595
588	678
588	1069
588	1726
589	1057
589	1206
590	1024
590	1434
590	1575
590	1737
592	942
592	1197
592	1687
593	1458
594	1276
594	1731
595	662
595	707
595	784
595	1042
595	1097
595	1378
595	1566
596	758
596	1024
596	1401
597	964
597	1428
597	1624
598	627
598	920
598	1016
598	1428
598	1621
598	1648
599	1428
600	627
600	1483
600	1566
601	1446
602	817
602	874
602	1081
602	1277
602	1701
603	666
603	1272
604	729
604	885
604	1252
604	1298
604	1585
604	1653
605	876
605	1783
606	721
606	927
606	1677
607	659
607	896
607	928
607	1066
607	1239
607	1588
608	696
608	870
608	1046
608	1237
608	1379
608	1486
608	1487
609	738
609	902
609	907
609	949
609	1039
609	1089
609	1428
610	846
610	1208
610	1278
610	1660
611	1118
611	1761
612	676
612	983
612	1333
613	956
613	1702
614	957
614	996
614	1056
614	1160
614	1196
614	1699
616	857
616	1047
616	1432
616	1623
617	643
617	802
617	1352
618	1491
619	1320
619	1400
619	1502
620	1007
620	1079
620	1327
621	1622
622	1194
622	1298
622	1426
623	903
623	1612
624	917
624	952
624	1383
624	1419
624	1447
624	1494
624	1566
625	673
625	1047
625	1086
625	1410
626	743
626	898
626	942
626	1317
626	1318
626	1500
626	1653
627	786
627	846
628	726
628	1104
629	1319
629	1544
630	1314
630	1430
630	1623
631	784
631	1066
631	1098
631	1538
632	708
632	1430
633	891
633	948
633	1024
633	1176
633	1232
634	893
634	1081
634	1202
634	1424
635	770
635	954
635	1008
635	1021
635	1316
636	674
636	1075
636	1462
636	1514
636	1542
636	1737
637	1268
638	1084
639	671
640	736
640	936
640	1343
641	898
641	928
641	1246
642	836
642	898
642	915
642	1364
643	647
643	833
643	1177
643	1275
643	1685
644	892
644	1523
645	663
645	1629
645	1671
645	1688
645	1757
646	652
646	807
646	1113
646	1500
647	785
647	1066
648	723
648	1240
649	1388
649	1773
650	811
650	946
650	971
650	1617
651	726
651	940
651	1053
651	1203
651	1412
652	744
652	1391
652	1406
653	970
653	1711
654	751
655	729
655	818
656	1576
657	830
657	869
657	941
658	716
658	1148
658	1218
659	678
659	1008
659	1177
659	1188
659	1437
659	1720
660	1445
660	1497
660	1557
661	899
661	1210
661	1511
662	1410
663	860
663	1341
663	1554
664	1324
665	782
666	757
666	1474
669	905
669	1740
670	1786
671	1105
671	1314
671	1518
672	1347
673	711
673	1111
673	1149
673	1230
673	1550
674	1768
675	919
675	1727
676	1046
676	1110
677	1052
677	1109
677	1190
677	1219
677	1308
678	1520
678	1679
678	1724
679	722
679	1110
679	1540
679	1643
679	1679
680	699
681	727
681	1271
682	1014
682	1659
682	1684
683	1059
683	1250
683	1417
683	1588
684	985
684	1119
684	1476
684	1486
684	1652
685	983
685	1527
687	1467
687	1502
687	1513
687	1563
687	1676
688	731
688	1519
688	1622
689	1708
690	927
690	968
690	1396
691	915
691	970
691	1525
692	937
692	1319
692	1552
694	1113
695	722
696	784
697	749
697	779
697	1010
697	1269
697	1712
699	715
699	900
699	903
699	1410
699	1515
699	1629
700	854
700	1267
700	1418
700	1557
700	1730
701	923
701	1583
702	1430
703	1012
704	1510
705	992
705	1228
705	1363
705	1477
706	720
706	1059
706	1601
706	1784
708	730
708	882
708	958
708	1406
708	1747
709	798
709	1158
710	1093
710	1711
711	909
711	911
711	1343
712	1255
712	1566
713	901
713	936
713	1160
713	1606
713	1653
714	754
714	811
714	980
714	1705
715	1034
715	1059
715	1476
715	1571
716	754
716	1492
717	1698
718	729
718	1644
719	999
720	1047
720	1370
722	1473
723	900
724	868
724	962
724	1719
725	967
725	1171
725	1560
725	1566
725	1615
725	1621
726	1400
726	1534
727	1075
727	1321
727	1536
727	1718
727	1741
728	989
729	981
730	1148
730	1736
731	1023
731	1298
731	1394
732	741
732	1694
734	1479
735	830
735	1290
736	1277
737	996
737	1077
738	1161
738	1343
738	1396
738	1408
739	1287
739	1772
740	964
740	1778
741	950
741	1092
741	1134
742	988
742	1461
743	1333
744	802
744	1049
744	1469
744	1649
746	1698
747	956
747	968
748	852
748	1017
748	1092
748	1185
748	1307
748	1583
749	790
749	1286
749	1384
750	1526
750	1689
750	1749
752	877
752	908
752	1230
753	941
753	1109
753	1178
753	1473
753	1505
754	957
754	1223
754	1577
755	1386
755	1676
756	1543
757	1088
757	1162
757	1515
757	1671
758	1612
759	816
759	872
759	1236
760	1292
760	1544
761	1052
761	1364
761	1556
762	931
762	1363
763	923
763	1207
764	817
765	1613
765	1721
766	1188
766	1422
766	1718
767	783
767	1176
767	1297
767	1510
768	802
768	1159
769	1731
770	777
770	785
770	1484
771	1001
771	1147
771	1348
772	910
772	959
772	1144
772	1349
773	1389
773	1462
774	884
774	1501
775	1395
775	1435
775	1791
776	1020
777	785
777	869
777	1645
778	1092
778	1270
778	1515
778	1537
778	1692
779	920
779	1124
779	1417
780	852
780	1114
780	1416
781	890
781	1681
782	799
782	811
782	852
782	1470
783	1195
784	914
784	1644
785	1340
785	1344
785	1784
786	952
786	1165
786	1223
786	1730
787	1001
787	1733
789	1621
789	1711
790	962
790	1513
791	1496
792	793
793	1063
793	1244
793	1301
793	1439
793	1679
794	975
794	1037
794	1047
794	1450
795	1053
795	1611
795	1661
796	805
796	1257
797	1763
798	1458
798	1666
799	1715
800	1505
800	1543
801	1293
801	1501
801	1793
802	1621
802	1727
802	1742
803	946
803	1141
803	1406
803	1606
804	845
804	985
804	1608
805	1442
805	1530
805	1549
805	1600
806	908
806	1207
806	1220
807	958
807	1610
808	811
809	850
809	1429
809	1458
809	1460
810	1019
810	1420
810	1717
811	1137
812	868
812	1378
814	1537
814	1570
814	1745
815	1396
817	870
817	1162
817	1346
817	1650
817	1764
819	1195
819	1430
820	1152
820	1163
820	1169
820	1287
821	1159
821	1596
822	891
822	1720
823	863
823	1172
824	1102
824	1223
824	1410
824	1517
824	1748
825	1182
825	1283
827	1044
827	1332
827	1793
828	1152
828	1203
828	1764
829	1449
829	1503
830	1424
830	1592
831	940
831	1799
832	856
833	952
833	1404
834	869
835	1171
835	1624
836	1010
836	1170
836	1467
837	908
837	1653
838	1032
838	1606
838	1643
838	1683
838	1762
839	986
839	1440
839	1554
840	1007
840	1663
841	928
842	986
842	1114
843	1104
843	1135
843	1314
843	1732
844	1307
844	1343
844	1460
845	909
845	1095
846	1315
847	995
847	1473
848	1389
848	1473
849	912
849	1427
849	1467
849	1638
850	1291
850	1735
851	907
851	1085
851	1443
851	1590
852	1313
852	1674
853	1431
853	1562
853	1687
854	1236
855	1533
855	1670
856	1188
856	1543
856	1736
857	1647
857	1719
858	1106
858	1128
858	1403
858	1410
858	1507
859	1230
860	1153
860	1338
861	1002
861	1243
861	1323
861	1555
862	1305
862	1750
863	935
863	1263
864	1232
864	1726
865	982
865	1461
865	1499
866	1181
866	1604
867	1138
868	1688
869	905
869	1210
869	1765
870	1378
871	1182
871	1578
872	1220
872	1700
873	1521
874	1005
874	1066
874	1402
874	1565
874	1637
875	1396
875	1574
875	1708
876	920
876	1157
876	1263
878	961
878	1024
878	1220
878	1270
878	1509
879	936
879	1297
880	1090
880	1381
880	1510
881	996
882	1074
882	1793
883	931
883	1298
883	1347
883	1534
883	1544
884	1401
885	1651
886	902
886	923
887	897
887	1519
888	1471
889	1174
889	1296
889	1316
889	1474
891	924
892	1538
892	1795
893	1093
893	1158
893	1393
893	1423
893	1486
893	1597
894	1061
894	1436
895	1296
896	1177
896	1287
896	1744
897	1091
897	1276
897	1326
898	1539
898	1709
899	1168
899	1753
900	1259
901	1122
901	1512
902	1320
903	986
903	1062
903	1713
904	1094
904	1750
905	979
906	959
906	1210
906	1380
906	1476
907	1023
907	1058
907	1331
907	1355
908	1078
909	941
909	1698
910	1117
910	1479
910	1545
911	1036
913	1351
913	1358
914	1715
915	1798
916	1245
917	955
917	1026
917	1046
917	1342
918	1213
918	1651
919	1586
919	1595
920	954
920	1586
920	1723
922	924
922	1105
922	1260
922	1294
922	1637
923	1438
924	1280
925	1143
925	1359
925	1474
925	1586
926	940
926	979
926	1136
926	1244
926	1796
928	1021
928	1719
929	1229
929	1267
929	1543
930	1185
930	1396
931	984
931	1407
931	1721
932	1103
932	1626
932	1735
933	1641
934	1147
934	1453
936	1645
937	1790
938	1016
938	1110
938	1183
940	979
940	1190
940	1318
940	1519
940	1767
941	1439
942	1403
942	1482
943	1107
943	1504
944	964
944	1413
944	1742
945	1313
945	1428
945	1453
947	1041
948	966
948	1509
948	1606
949	1281
951	1132
951	1142
951	1713
952	1081
952	1595
953	1440
954	1465
955	1749
956	996
956	1022
956	1092
956	1617
957	1755
958	1211
958	1278
958	1769
959	1280
959	1384
959	1652
960	1004
960	1491
962	1539
963	964
963	1203
964	997
964	1567
965	1215
965	1426
965	1532
965	1770
966	1697
967	1097
967	1259
968	1404
969	1021
969	1173
969	1253
969	1310
969	1313
969	1504
970	1679
971	1680
972	1082
973	1294
973	1439
974	1058
976	982
976	1156
978	1141
978	1233
978	1694
979	1027
980	1160
980	1226
981	1386
981	1714
982	1021
982	1023
982	1113
982	1475
982	1477
982	1585
983	1335
983	1366
983	1434
983	1503
983	1743
984	1285
984	1541
984	1780
986	1501
988	1039
989	1720
990	1486
990	1552
990	1783
991	1055
991	1080
992	1702
993	1399
993	1527
993	1668
994	1103
995	1419
996	1304
996	1685
998	1463
999	1183
999	1591
1000	1169
1001	1049
1001	1230
1001	1605
1001	1766
1002	1105
1002	1191
1002	1315
1003	1427
1003	1579
1003	1644
1005	1370
1006	1191
1007	1632
1008	1388
1008	1650
1009	1389
1009	1679
1009	1697
1010	1063
1010	1202
1010	1784
1011	1291
1011	1709
1013	1568
1013	1795
1015	1043
1017	1319
1018	1636
1018	1761
1019	1261
1020	1684
1020	1708
1021	1200
1021	1703
1022	1180
1022	1419
1022	1437
1022	1773
1023	1130
1023	1754
1025	1092
1025	1784
1026	1159
1027	1705
1028	1097
1028	1493
1028	1776
1029	1107
1029	1371
1029	1474
1030	1544
1031	1769
1032	1056
1032	1135
1032	1365
1032	1453
1032	1547
1033	1094
1033	1139
1033	1377
1033	1492
1033	1674
1034	1094
1035	1213
1036	1121
1036	1151
1037	1655
1039	1273
1040	1095
1040	1739
1041	1717
1043	1343
1043	1759
1043	1783
1044	1204
1044	1303
1044	1612
1045	1333
1046	1146
1046	1644
1046	1797
1047	1298
1047	1337
1048	1091
1048	1284
1048	1585
1048	1680
1049	1053
1051	1194
1051	1297
1051	1540
1051	1797
1052	1240
1052	1263
1055	1269
1056	1342
1056	1377
1056	1689
1058	1339
1058	1430
1058	1472
1060	1280
1060	1419
1060	1675
1061	1524
1061	1572
1061	1773
1062	1084
1062	1322
1063	1525
1065	1360
1066	1286
1066	1290
1066	1566
1066	1757
1068	1350
1069	1253
1069	1632
1069	1681
1069	1729
1070	1599
1071	1088
1072	1535
1072	1734
1073	1751
1075	1471
1076	1165
1076	1575
1077	1315
1077	1430
1077	1792
1077	1794
1078	1582
1080	1081
1080	1648
1081	1225
1083	1566
1084	1162
1085	1667
1089	1670
1090	1604
1091	1710
1092	1112
1092	1148
1094	1675
1095	1510
1097	1160
1098	1417
1099	1200
1099	1570
1100	1791
1101	1228
1101	1455
1101	1526
1102	1127
1102	1326
1102	1597
1103	1746
1104	1616
1105	1232
1105	1268
1107	1391
1109	1136
1109	1227
1109	1660
1110	1655
1111	1241
1111	1384
1114	1393
1116	1283
1116	1339
1116	1582
1117	1432
1117	1447
1118	1441
1118	1600
1121	1346
1122	1250
1122	1682
1123	1354
1125	1566
1125	1596
1125	1783
1126	1333
1126	1795
1127	1314
1129	1491
1131	1732
1133	1745
1134	1176
1134	1218
1134	1590
1135	1420
1136	1276
1136	1367
1136	1565
1137	1247
1137	1453
1138	1595
1139	1785
1141	1238
1142	1384
1143	1305
1145	1772
1146	1174
1146	1283
1148	1318
1148	1796
1150	1258
1150	1345
1150	1524
1151	1271
1151	1574
1152	1655
1155	1631
1155	1728
1156	1411
1157	1491
1157	1723
1158	1577
1158	1622
1159	1163
1159	1338
1159	1397
1159	1471
1159	1541
1159	1550
1159	1779
1160	1161
1160	1268
1160	1561
1161	1539
1162	1446
1162	1592
1162	1644
1162	1769
1162	1773
1164	1165
1164	1443
1164	1540
1164	1637
1165	1196
1165	1681
1167	1196
1169	1262
1169	1552
1169	1699
1170	1606
1171	1280
1171	1543
1172	1773
1173	1403
1173	1559
1174	1537
1175	1296
1175	1322
1175	1637
1176	1199
1177	1689
1178	1455
1178	1529
1178	1695
1179	1321
1180	1181
1182	1676
1183	1375
1184	1597
1185	1572
1186	1717
1186	1781
1187	1487
1187	1515
1189	1329
1189	1658
1191	1522
1191	1654
1192	1386
1192	1415
1192	1585
1193	1486
1193	1697
1194	1621
1195	1273
1196	1425
1198	1306
1198	1792
1199	1789
1202	1571
1203	1213
1203	1532
1203	1682
1204	1526
1205	1256
1206	1456
1206	1704
1206	1794
1207	1359
1207	1794
1209	1310
1209	1662
1210	1600
1212	1371
1212	1658
1214	1292
1214	1707
1216	1299
1217	1254
1217	1522
1219	1429
1219	1475
1220	1706
1221	1614
1221	1728
1222	1281
1223	1379
1223	1420
1223	1444
1223	1484
1224	1646
1224	1647
1225	1693
1226	1265
1226	1744
1227	1751
1228	1278
1229	1430
1229	1569
1230	1756
1231	1786
1234	1342
1234	1583
1236	1405
1236	1788
1237	1393
1237	1552
1238	1308
1239	1446
1241	1253
1241	1741
1242	1491
1242	1742
1244	1270
1246	1320
1246	1632
1247	1289
1247	1662
1247	1684
1250	1629
1250	1703
1251	1548
1251	1565
1252	1552
1253	1388
1253	1666
1254	1733
1256	1432
1256	1469
1257	1303
1257	1500
1260	1363
1260	1510
1260	1677
1261	1616
1262	1542
1266	1338
1266	1637
1266	1681
1267	1370
1268	1389
1269	1339
1269	1401
1269	1445
1270	1695
1270	1796
1271	1378
1272	1447
1272	1578
1272	1649
1273	1326
1273	1637
1273	1708
1273	1769
1274	1620
1275	1284
1275	1321
1275	1436
1275	1448
1276	1522
1276	1763
1277	1300
1277	1720
1278	1453
1279	1582
1279	1672
1280	1510
1282	1535
1283	1566
1284	1734
1286	1291
1286	1592
1286	1616
1286	1647
1286	1747
1289	1389
1289	1639
1290	1531
1290	1701
1292	1316
1292	1724
1293	1510
1294	1325
1297	1514
1297	1638
1297	1690
1298	1634
1301	1336
1302	1385
1304	1794
1308	1368
1308	1588
1308	1770
1309	1668
1309	1675
1309	1777
1310	1531
1310	1635
1311	1482
1313	1578
1313	1711
1314	1468
1319	1733
1320	1391
1320	1674
1320	1767
1322	1596
1322	1794
1323	1740
1324	1546
1324	1564
1324	1618
1324	1649
1326	1634
1327	1472
1327	1743
1331	1657
1333	1370
1333	1765
1334	1457
1334	1772
1335	1468
1337	1469
1339	1348
1339	1405
1340	1361
1343	1363
1343	1426
1343	1533
1344	1773
1347	1556
1351	1359
1351	1439
1351	1534
1354	1514
1355	1524
1355	1646
1356	1375
1356	1552
1356	1740
1357	1423
1359	1639
1359	1715
1360	1381
1360	1447
1363	1375
1364	1740
1366	1414
1367	1736
1368	1532
1368	1583
1370	1491
1370	1657
1370	1767
1371	1495
1372	1635
1374	1465
1374	1722
1376	1553
1376	1672
1380	1422
1380	1733
1381	1774
1384	1678
1385	1645
1387	1518
1387	1596
1387	1617
1388	1468
1388	1505
1389	1544
1389	1790
1390	1481
1390	1551
1390	1692
1390	1712
1392	1474
1392	1556
1394	1749
1397	1722
1398	1789
1399	1504
1400	1652
1403	1682
1405	1433
1405	1757
1406	1447
1406	1578
1406	1681
1407	1559
1407	1580
1407	1724
1408	1629
1409	1730
1410	1452
1411	1443
1411	1681
1413	1598
1413	1649
1414	1768
1415	1639
1416	1773
1417	1554
1417	1602
1418	1696
1421	1553
1421	1725
1423	1735
1423	1795
1424	1595
1425	1738
1427	1667
1427	1795
1429	1682
1430	1484
1430	1575
1431	1605
1431	1638
1434	1744
1435	1538
1436	1649
1436	1688
1437	1661
1438	1535
1438	1685
1439	1532
1441	1584
1442	1575
1443	1461
1444	1656
1445	1659
1446	1461
1446	1484
1446	1560
1446	1571
1446	1762
1447	1550
1447	1583
1451	1470
1452	1629
1452	1767
1452	1794
1453	1589
1454	1740
1454	1776
1456	1575
1457	1598
1457	1791
1458	1525
1458	1547
1459	1700
1464	1477
1464	1489
1464	1608
1466	1658
1466	1773
1467	1717
1469	1695
1470	1492
1470	1701
1471	1535
1471	1608
1472	1557
1472	1616
1472	1711
1473	1547
1473	1657
1476	1677
1477	1539
1479	1606
1479	1669
1481	1787
1484	1548
1484	1661
1484	1717
1484	1746
1486	1758
1487	1508
1490	1642
1490	1709
1490	1720
1491	1605
1492	1780
1493	1539
1496	1607
1496	1714
1497	1526
1501	1530
1502	1602
1502	1791
1503	1754
1505	1588
1506	1725
1507	1573
1507	1580
1507	1598
1508	1795
1514	1665
1517	1647
1520	1633
1520	1705
1526	1584
1526	1754
1527	1694
1528	1770
1528	1797
1534	1604
1537	1679
1541	1661
1542	1567
1542	1612
1542	1657
1542	1675
1545	1571
1545	1625
1546	1632
1549	1585
1550	1593
1550	1762
1552	1599
1552	1651
1553	1581
1553	1782
1554	1653
1556	1698
1557	1607
1558	1718
1558	1764
1560	1626
1561	1579
1561	1765
1562	1620
1565	1777
1568	1594
1568	1651
1570	1781
1572	1700
1578	1603
1578	1626
1579	1583
1593	1660
1602	1635
1605	1630
1605	1751
1605	1795
1609	1693
1611	1779
1615	1664
1615	1793
1619	1790
1624	1761
1635	1647
1637	1715
1639	1788
1640	1653
1647	1664
1650	1669
1653	1683
1655	1661
1656	1761
1657	1796
1659	1773
1661	1678
1663	1701
1664	1760
1666	1674
1667	1738
1668	1752
1670	1769
1672	1742
1676	1740
1686	1726
1686	1750
1687	1772
1690	1725
1690	1774
1694	1760
1695	1761
1698	1727
1715	1741
1724	1780
1727	1756
1738	1777
1750	1787
1764	1772
1764	1777
1767	1782