0	97
0	487
0	648
0	661
0	685
0	721
0	795
0	1047
0	1190
0	1572
0	1645
1	281
1	638
1	1092
1	1499
2	24
2	527
2	578
2	1525
3	145
3	977
3	1693
3	1775
4	569
4	957
5	473
5	694
5	708
5	833
5	1223
6	33
6	895
6	924
6	1151
6	1176
7	384
8	167
8	782
9	28
9	48
9	685
9	944
9	1255
9	1757
10	1025
10	1693
11	75
11	1342
11	1635
12	291
12	524
12	724
12	1042
12	1509
12	1518
13	388
13	449
13	529
13	1292
14	637
14	659
14	1362
15	201
15	1125
15	1376
15	1676
16	306
16	383
16	651
16	915
17	159
17	550
17	916
17	1091
17	1613
18	141
18	220
18	842
18	946
18	1056
18	1246
19	59
19	626
19	729
19	877
20	494
20	1487
21	1120
21	1400
22	91
22	407
22	771
23	200
23	332
23	605
23	926
23	1024
23	1525
23	1526
24	272
24	805
24	1496
24	1521
25	435
25	749
25	1424
25	1501
25	1623
25	1639
26	86
26	206
26	1047
26	1170
26	1532
27	90
27	270
27	348
27	764
27	1659
27	1716
27	1753
28	137
28	420
28	1071
28	1431
29	526
29	876
29	897
29	1288
29	1466
29	1574
29	1705
30	315
30	445
30	494
30	662
30	776
31	84
31	111
31	1275
32	337
32	407
32	1289
33	480
33	694
34	68
34	157
34	315
34	1016
34	1522
34	1701
35	89
35	93
36	613
36	788
36	827
36	1249
37	145
37	271
37	500
37	921
37	1491
37	1556
38	75
38	358
38	821
38	1309
38	1789
39	1696
40	172
40	669
40	1543
41	83
41	533
41	833
41	865
41	1403
41	1759
42	110
42	948
43	75
43	406
43	671
43	700
43	706
43	872
43	1316
43	1374
43	1522
44	90
44	394
44	821
44	1206
44	1270
44	1601
45	370
45	517
45	559
45	1200
45	1296
46	252
46	393
46	614
46	654
46	770
46	1748
47	168
47	375
47	1526
48	64
48	250
48	882
48	1135
48	1321
48	1428
49	114
49	618
49	795
49	1093
49	1257
50	158
50	724
50	1158
50	1420
51	135
51	487
51	649
52	689
52	1071
52	1616
52	1750
53	518
53	794
53	935
53	1181
53	1368
53	1527
53	1605
54	760
55	235
55	1436
55	1644
56	75
56	327
56	407
56	522
57	289
58	293
58	1455
58	1518
59	91
59	249
59	556
59	742
60	245
60	309
60	429
60	752
60	1314
60	1352
60	1575
60	1595
60	1636
60	1637
61	433
61	929
62	132
62	534
62	684
62	1227
62	1445
63	320
63	1221
63	1716
64	469
64	1529
65	125
65	160
65	267
65	1004
65	1679
66	91
66	540
66	1293
66	1523
66	1771
67	231
67	410
67	423
67	928
67	1081
67	1509
67	1678
68	198
68	260
68	1692
69	232
69	1372
69	1739
70	432
70	551
70	581
70	612
70	720
71	852
71	1184
72	118
72	688
72	807
72	863
72	1078
72	1281
73	312
73	346
73	879
73	1260
74	101
74	331
74	368
74	1481
75	85
75	146
75	647
75	677
75	913
75	1468
76	423
76	514
76	517
76	616
76	943
77	741
78	1249
78	1277
78	1363
78	1695
79	1469
79	1735
80	1206
80	1250
80	1521
80	1574
81	429
81	692
81	1432
81	1506
82	352
82	983
82	1460
82	1461
82	1468
83	128
83	684
83	946
83	1541
83	1726
84	209
84	315
84	441
84	1494
84	1556
85	842
85	908
85	1654
86	482
86	1112
86	1561
87	664
87	953
87	1246
87	1479
88	343
88	1098
88	1132
88	1157
88	1431
88	1557
89	522
89	1107
90	169
90	424
90	1055
90	1137
90	1401
91	135
91	468
91	738
91	1341
91	1614
91	1703
92	337
92	374
92	507
92	835
92	1038
92	1115
92	1154
92	1375
92	1657
93	158
93	349
93	680
93	1508
93	1563
93	1782
94	258
94	393
94	971
94	1410
94	1491
95	172
95	470
95	1124
96	105
96	146
96	801
96	1227
96	1588
96	1775
97	1056
97	1122
97	1205
97	1342
97	1484
97	1679
98	380
98	1311
99	962
99	1235
99	1566
99	1615
99	1730
100	535
100	561
100	901
100	1248
101	350
101	457
101	757
101	1559
101	1560
101	1764
102	285
102	371
102	525
102	834
102	1271
102	1640
103	870
103	1699
103	1789
104	280
104	605
104	612
104	924
104	1244
104	1267
105	853
105	1709
106	683
107	396
107	1288
107	1361
108	419
108	577
108	599
108	819
108	1203
109	382
109	521
109	763
109	942
109	996
109	1618
110	213
110	215
110	628
110	1266
111	220
111	404
111	545
111	769
111	814
111	1029
112	530
112	559
112	1322
112	1544
112	1679
113	239
113	344
113	655
113	672
113	1009
113	1274
113	1414
113	1542
114	185
114	1130
114	1198
114	1681
115	158
115	940
116	682
116	1458
117	827
117	902
117	1510
118	703
118	1261
119	227
119	586
119	766
119	1270
120	410
120	576
120	770
120	1690
121	136
121	210
121	678
121	713
121	824
122	437
122	608
122	638
122	1748
122	1782
123	141
123	274
123	294
123	296
123	407
123	442
123	451
123	733
123	894
123	1006
123	1262
124	243
124	1313
125	233
125	716
125	759
125	1182
125	1402
125	1451
125	1668
125	1708
125	1794
126	169
126	1097
126	1308
126	1730
127	632
127	730
127	907
127	1173
128	373
128	458
128	474
128	785
128	811
128	1241
128	1385
128	1425
129	430
129	1025
129	1562
129	1639
130	307
130	345
130	611
130	672
130	1224
130	1315
131	204
131	586
131	863
131	1712
132	857
132	1246
132	1344
133	182
133	460
133	465
133	981
133	983
133	1551
133	1781
134	260
134	338
134	655
135	213
135	271
135	548
135	652
135	1352
135	1770
136	1046
136	1181
136	1322
137	363
137	726
137	910
137	1410
138	690
138	1576
139	392
139	1069
139	1227
139	1390
140	543
140	609
140	777
140	973
141	588
141	1009
141	1416
142	173
142	937
142	1628
142	1689
143	717
143	1104
143	1335
144	565
144	694
144	1086
145	967
145	1242
145	1360
145	1510
146	240
146	731
146	738
146	1174
146	1701
146	1756
147	553
147	671
147	1049
147	1073
147	1237
147	1332
148	170
148	209
148	620
148	1277
148	1411
149	469
149	865
149	1378
149	1562
149	1715
150	387
150	580
150	706
150	1233
151	976
152	289
152	607
152	871
153	481
153	724
153	822
153	1592
154	754
154	1084
155	235
155	239
155	1251
155	1635
156	422
156	671
156	846
156	1683
157	494
157	760
157	925
157	1000
158	174
158	644
158	1010
158	1144
159	339
159	788
159	1454
159	1483
159	1542
160	618
160	711
160	938
160	1212
160	1340
160	1381
160	1425
160	1756
161	1028
161	1225
162	1011
162	1327
162	1503
162	1695
163	426
163	490
163	652
163	1055
163	1232
164	299
164	824
164	1033
164	1053
165	178
165	1594
166	564
166	1679
167	391
167	1080
167	1157
168	1591
169	347
169	1163
170	213
170	289
170	775
170	1421
170	1524
170	1611
171	831
171	856
171	1080
171	1316
171	1418
171	1539
171	1675
172	214
172	288
172	745
172	769
172	1125
173	1149
173	1293
173	1499
173	1650
173	1696
174	895
174	1302
174	1396
174	1405
174	1693
175	1587
175	1688
176	758
176	1185
176	1461
176	1611
177	829
177	1023
177	1035
177	1068
178	1217
178	1233
178	1545
179	1171
179	1276
179	1295
179	1600
180	886
180	1460
181	816
182	507
182	557
182	712
182	1639
183	517
183	722
183	746
183	791
183	1005
183	1287
183	1778
183	1781
184	426
184	809
184	1117
185	303
185	648
185	960
186	674
186	1248
186	1345
187	601
187	716
187	772
187	949
187	1115
187	1397
188	387
188	781
188	1647
188	1677
189	981
189	1010
189	1103
190	389
190	463
190	608
190	750
190	1078
191	564
191	1280
191	1426
191	1634
192	675
192	923
192	1143
192	1375
192	1677
192	1707
193	212
193	913
193	947
193	1134
193	1426
194	781
194	1788
195	982
195	1112
195	1529
196	1010
196	1613
197	1067
197	1186
197	1219
197	1457
198	725
198	841
198	1081
198	1097
199	709
199	785
199	1490
200	920
200	1680
201	454
201	508
201	669
201	915
201	924
201	1160
201	1233
202	1705
203	770
203	1347
203	1678
204	331
204	392
204	716
204	722
205	1202
206	1105
206	1547
206	1636
207	1330
208	533
208	610
208	823
208	1521
208	1737
209	841
209	1676
209	1768
210	916
210	1000
210	1643
211	362
211	683
211	795
211	1039
212	961
212	1104
212	1677
212	1753
212	1759
213	446
213	754
213	829
213	1685
213	1768
214	243
214	1237
214	1773
215	438
215	932
215	1005
215	1070
215	1587
215	1662
215	1756
216	856
216	1278
216	1411
216	1768
216	1799
217	260
217	1062
217	1288
217	1581
217	1627
217	1694
217	1726
218	437
218	587
218	712
218	851
219	790
219	942
219	1416
220	363
220	499
220	1567
221	481
221	535
221	1481
222	350
222	590
222	880
223	369
223	647
223	672
223	818
223	1073
223	1610
224	1387
225	594
225	804
225	1642
225	1685
225	1769
226	649
226	770
226	1009
226	1228
226	1692
227	268
227	333
227	902
227	926
227	1014
227	1616
228	819
228	1086
228	1436
228	1754
229	645
229	946
229	1119
229	1186
229	1481
229	1555
230	407
230	711
230	1155
230	1347
230	1426
230	1675
230	1684
231	425
231	1142
231	1270
231	1720
232	435
232	488
232	576
232	1247
232	1569
233	1672
233	1715
234	960
234	1001
234	1293
235	756
235	890
235	1135
235	1164
236	520
236	735
236	857
237	611
237	685
237	1607
238	740
238	1182
239	481
239	500
239	733
239	794
239	830
239	847
239	928
239	947
239	997
239	1335
239	1534
239	1624
240	474
240	952
240	964
240	1696
240	1755
241	566
241	896
241	1604
242	1302
242	1707
242	1725
243	436
243	910
243	1670
243	1769
244	335
244	525
244	637
244	690
244	944
244	1325
244	1670
245	375
245	607
245	1335
245	1368
246	825
246	1589
246	1699
246	1741
247	327
247	1235
247	1514
248	750
248	752
248	796
248	865
249	735
249	890
249	1376
250	413
250	691
250	707
251	1205
251	1689
252	341
252	946
252	1565
252	1594
253	973
254	377
254	579
254	812
254	851
254	1786
255	281
255	637
255	1204
255	1258
255	1437
255	1615
256	306
257	944
257	1128
257	1211
257	1628
258	701
258	710
258	1321
259	441
259	709
259	964
259	1023
259	1242
259	1752
259	1761
260	293
260	554
260	570
260	755
260	800
260	1441
261	441
261	473
262	959
263	1210
263	1317
263	1485
263	1714
264	1676
265	846
265	1216
265	1282
266	547
267	438
267	655
267	681
267	883
267	1773
268	1228
268	1377
269	401
269	639
269	736
269	1139
270	1379
271	307
271	382
271	829
272	359
273	1554
273	1798
274	488
274	882
274	1205
274	1426
274	1724
274	1788
275	1483
276	786
276	1015
276	1335
276	1545
276	1668
277	386
277	501
277	656
277	807
277	972
277	1073
277	1302
277	1464
278	416
278	573
278	764
278	1329
278	1612
279	1157
279	1235
279	1553
280	858
281	388
281	519
281	809
281	1153
281	1163
281	1703
282	1038
282	1394
283	892
283	1746
284	820
284	1382
284	1769
285	810
285	912
285	937
285	1593
286	916
286	1280
286	1288
286	1458
286	1587
286	1742
287	1008
287	1202
287	1364
288	1724
289	1152
289	1312
290	598
290	643
290	720
290	1116
290	1139
290	1460
290	1470
291	358
291	403
291	410
291	906
291	1463
291	1766
292	998
292	1133
292	1435
292	1734
293	313
293	767
293	1528
295	1161
295	1193
295	1590
295	1735
296	305
296	450
296	543
296	574
296	763
296	826
296	1311
296	1761
297	1774
298	379
298	447
298	563
298	827
298	868
298	1434
298	1722
298	1765
299	560
299	713
299	781
299	956
299	1624
300	308
300	437
300	1138
300	1508
301	700
301	774
301	939
301	1027
301	1155
301	1221
301	1419
301	1778
302	997
302	1119
302	1338
302	1489
303	464
303	615
303	682
303	830
303	1287
303	1374
304	868
304	1329
304	1403
305	806
305	991
307	447
307	940
307	1012
307	1702
308	611
308	1080
308	1452
308	1528
309	497
309	708
309	781
309	902
309	927
309	1236
309	1791
310	543
310	1091
311	439
311	682
311	1120
312	532
312	1360
313	764
313	825
313	1004
313	1433
314	364
315	1207
315	1592
315	1774
316	813
316	1248
317	558
317	1267
318	563
318	753
318	954
318	1226
318	1239
319	956
319	1136
319	1237
320	648
320	649
320	770
320	1485
320	1767
321	433
321	552
321	648
321	748
321	1005
321	1564
322	1154
322	1352
322	1636
323	788
323	1648
324	440
325	876
326	1032
327	419
327	471
327	590
327	635
327	1369
327	1473
327	1531
328	923
328	1097
328	1733
329	951
330	864
330	944
331	888
331	1252
331	1307
332	740
332	868
332	1180
333	379
333	676
333	871
333	1012
334	688
334	710
334	836
334	888
334	1340
335	540
335	619
335	902
335	1426
335	1483
335	1535
335	1588
336	1082
336	1339
336	1362
337	344
337	358
337	955
338	1140
338	1311
338	1476
339	357
339	1326
340	592
340	799
340	834
340	1332
341	1206
342	744
342	879
342	948
342	1009
342	1092
342	1250
342	1659
343	868
344	523
344	535
344	877
344	972
344	1017
344	1304
344	1346
345	1264
346	405
346	1058
347	1058
347	1197
347	1582
347	1627
347	1637
347	1696
348	354
348	408
348	1649
348	1741
349	367
349	1183
349	1308
350	664
350	950
350	1103
350	1186
350	1738
351	752
351	1056
351	1077
352	422
352	667
352	1611
353	365
353	399
353	592
353	611
353	939
353	1170
354	489
354	717
354	1407
354	1465
354	1467
355	506
355	620
355	822
355	1313
355	1638
356	489
356	546
356	658
356	797
356	969
356	992
356	1304
357	882
358	670
358	899
359	387
359	821
359	1333
359	1548
359	1784
360	582
360	728
360	968
360	979
360	1296
361	589
361	914
361	976
361	1203
361	1508
361	1567
362	1177
362	1240
362	1448
362	1646
363	1064
363	1316
363	1733
364	518
364	524
364	1017
364	1079
364	1427
364	1594
364	1612
365	955
365	1242
365	1549
366	391
366	738
366	934
366	989
366	1017
366	1542
366	1580
367	431
368	831
368	919
368	1173
369	673
369	1072
369	1757
370	888
370	1037
370	1401
370	1504
371	457
371	920
371	1103
371	1756
372	710
372	737
372	943
372	1618
372	1633
373	885
374	844
374	856
374	960
374	1442
375	627
375	1100
375	1419
376	581
376	1645
377	790
377	1183
377	1217
378	846
378	1121
378	1293
378	1475
380	765
380	934
380	1703
381	864
381	1384
381	1474
382	1502
382	1625
383	451
384	570
384	938
384	1119
384	1532
385	558
385	751
385	1058
385	1792
386	1215
386	1218
386	1220
387	490
387	509
387	665
388	407
388	915
388	1268
389	401
389	933
389	1078
389	1426
390	594
390	643
390	911
390	1684
391	471
392	1784
393	1558
394	1439
394	1780
395	844
395	876
395	1588
396	614
396	1360
396	1784
397	614
397	1481
397	1732
398	483
398	575
398	628
398	687
398	844
398	1002
398	1181
398	1258
398	1591
398	1645
399	749
399	1293
400	579
401	647
401	686
401	971
401	1540
402	924
402	1354
402	1386
402	1394
403	702
403	1687
404	1080
404	1389
404	1626
405	1499
406	569
406	752
406	832
406	1017
406	1436
406	1791
407	1218
407	1573
408	945
408	1034
408	1509
409	809
409	1474
410	482
410	1021
410	1048
410	1078
410	1117
410	1137
410	1715
411	741
411	1715
412	712
412	1523
412	1653
413	634
413	762
413	1370
413	1461
414	1276
414	1592
414	1753
415	466
415	497
415	1261
415	1375
415	1740
416	530
416	1087
417	462
417	553
417	989
417	1117
417	1257
417	1395
417	1617
417	1713
418	735
418	908
418	1760
418	1764
419	825
420	668
420	768
420	1210
421	495
421	597
421	1377
422	642
422	825
423	642
423	702
423	946
423	1138
423	1230
424	434
424	504
424	713
425	761
425	924
425	1163
425	1274
425	1441
425	1790
426	780
426	893
426	979
426	1309
426	1346
426	1749
427	986
427	1189
427	1401
428	537
428	1145
429	688
429	971
429	1142
429	1205
429	1370
431	698
431	789
432	604
432	969
432	1642
433	1091
433	1321
433	1562
434	690
434	1582
434	1668
434	1688
435	543
435	1002
436	476
436	1322
436	1631
437	798
437	1399
438	812
438	1204
438	1292
438	1637
439	681
439	1031
440	716
440	1218
440	1333
440	1416
441	848
441	1467
441	1552
441	1635
441	1771
442	1031
442	1440
443	513
443	926
443	1114
444	1077
444	1133
444	1483
445	551
445	745
445	1486
445	1650
446	567
446	687
446	1782
447	613
447	915
447	1089
447	1211
447	1657
448	1010
448	1203
449	1174
450	832
450	1101
450	1122
450	1381
450	1397
451	801
451	1013
451	1494
452	559
452	763
452	811
452	999
452	1108
452	1164
452	1389
453	1201
454	1119
454	1385
455	1096
455	1500
456	608
456	904
457	748
457	1663
458	583
458	764
458	1655
459	1251
459	1264
460	1263
460	1375
461	551
461	854
462	833
462	1112
462	1516
462	1579
464	1160
465	1645
466	801
466	873
466	888
466	1473
467	787
467	1477
467	1696
468	612
468	1415
469	785
469	1680
469	1682
469	1692
470	764
470	782
470	1400
471	921
472	805
472	1023
472	1685
473	499
473	680
473	823
473	1082
473	1146
473	1373
473	1675
474	1230
475	952
475	1141
475	1179
476	1035
476	1314
476	1694
477	1218
477	1280
477	1703
478	790
479	608
479	1055
479	1222
479	1499
480	533
480	679
480	991
480	1113
480	1178
480	1359
480	1385
480	1657
480	1736
480	1761
481	525
481	1366
481	1732
482	591
482	948
482	1716
482	1762
483	577
483	783
483	946
483	1103
483	1534
484	859
484	1019
484	1669
485	527
485	681
485	701
485	1127
485	1148
485	1387
485	1396
485	1415
485	1625
485	1628
485	1664
486	542
486	653
486	749
486	1211
486	1559
486	1593
487	661
487	823
487	1227
487	1228
487	1679
488	563
488	1006
488	1195
488	1375
488	1442
489	645
489	1218
490	766
490	900
490	1037
491	1480
492	697
492	1089
492	1688
493	513
493	907
493	1329
493	1648
493	1728
494	555
494	882
494	1452
494	1759
495	1186
496	545
496	658
496	983
496	1154
496	1479
496	1747
497	607
497	831
498	523
498	1190
498	1434
498	1656
499	1669
499	1764
500	1029
500	1101
500	1560
501	1073
501	1452
501	1663
502	599
502	700
502	1016
502	1384
503	573
503	1065
503	1086
503	1555
503	1702
504	1562
504	1629
505	1026
505	1165
505	1360
505	1452
505	1512
506	519
506	725
506	1450
506	1719
507	627
507	1285
508	942
508	947
509	910
509	1089
509	1105
509	1329
510	1054
510	1064
510	1103
510	1526
511	597
511	893
511	1287
511	1411
511	1420
511	1601
512	517
512	582
512	760
512	839
512	932
512	1003
512	1535
513	1614
514	941
514	968
514	1409
515	1291
515	1594
515	1781
516	1148
516	1478
516	1581
516	1755
517	965
517	1081
517	1538
518	1192
518	1347
518	1466
519	1437
519	1551
519	1681
521	1179
522	1414
523	773
523	1392
524	620
524	1132
525	689
525	1305
526	1040
526	1250
526	1424
527	622
527	1082
527	1586
528	1331
528	1560
529	812
529	888
530	818
530	1622
531	592
531	822
531	1610
532	709
532	1317
533	838
533	1054
533	1097
533	1178
533	1545
534	873
534	1006
534	1325
534	1557
534	1637
534	1723
535	546
535	1586
536	1034
537	783
537	1120
538	656
538	736
538	795
538	898
538	1155
538	1488
539	746
539	766
539	1063
539	1102
539	1452
539	1460
540	682
540	1209
540	1238
540	1503
540	1642
541	696
541	736
542	579
542	702
542	1267
543	883
543	885
543	929
543	1118
543	1307
543	1403
543	1592
543	1630
544	590
544	675
544	722
544	1529
545	800
547	932
547	1151
547	1193
547	1286
547	1581
547	1758
548	1214
548	1239
548	1274
548	1575
549	1086
549	1684
550	1176
550	1181
550	1461
551	1387
552	621
552	728
552	782
552	1253
552	1641
553	788
553	1455
554	953
554	1176
554	1357
555	668
555	824
555	1314
555	1363
556	603
556	701
556	1290
556	1318
556	1639
557	836
557	1461
558	1153
559	842
559	1381
560	1731
561	1691
562	1166
562	1288
562	1612
563	731
563	834
563	1026
563	1130
563	1313
563	1746
564	836
564	871
564	1255
565	668
565	870
565	1155
565	1592
565	1652
566	621
566	736
567	1096
567	1363
568	1186
568	1348
568	1471
568	1682
568	1723
569	1417
569	1566
569	1701
569	1798
570	1238
571	756
571	862
571	1176
572	1105
572	1360
573	1728
573	1774
574	744
574	781
574	1030
574	1033
574	1034
574	1536
574	1604
574	1781
575	815
575	1485
575	1567
576	853
576	1023
576	1426
576	1609
577	1539
577	1654
577	1787
578	878
578	1136
578	1232
578	1488
579	635
580	994
580	1105
580	1507
580	1602
581	729
581	1232
581	1294
582	1059
582	1196
582	1209
582	1254
582	1282
582	1590
582	1747
583	1269
584	968
584	1312
584	1738
585	633
586	1123
586	1368
586	1521
587	622
587	646
587	663
587	896
587	1304
588	970
588	1147
588	1512
589	711
589	1312
589	1420
591	943
591	1165
592	1018
592	1121
592	1543
592	1793
593	631
593	667
593	1363
594	1068
594	1182
595	1553
596	997
596	1152
597	794
597	1276
598	1397
598	1771
599	1798
600	765
600	1135
601	626
601	1161
602	765
602	1196
602	1548
602	1556
602	1618
603	638
603	1074
603	1242
603	1642
603	1758
604	625
604	1165
604	1373
605	817
605	1642
606	867
606	1494
607	1395
608	1173
608	1444
609	1027
609	1759
610	1494
610	1753
611	1168
611	1722
612	884
612	1010
612	1081
614	777
614	1143
614	1633
614	1634
614	1668
615	628
615	1325
615	1760
616	758
617	632
617	738
617	1378
617	1657
618	624
618	918
618	1129
618	1286
618	1477
618	1628
618	1646
618	1685
619	1413
620	802
620	1735
621	983
622	1106
622	1226
623	812
624	636
624	730
624	780
625	1410
625	1594
626	1094
626	1550
626	1567
626	1652
627	666
627	1192
627	1464
627	1752
628	729
628	1179
628	1557
628	1576
628	1799
629	650
629	778
629	1287
630	766
630	1105
630	1140
630	1181
630	1474
631	770
631	789
631	802
631	940
631	1713
632	808
632	1747
633	831
633	1662
633	1753
634	987
634	1338
634	1547
634	1709
635	1270
635	1471
636	742
636	1032
636	1477
636	1493
637	1053
637	1166
637	1280
637	1615
638	650
638	1337
638	1456
639	840
639	849
639	1425
639	1560
640	690
640	1083
640	1239
640	1438
640	1795
641	899
641	1082
641	1392
642	648
642	749
642	1158
642	1210
642	1221
642	1437
645	843
645	980
645	1241
645	1398
646	1406
646	1593
646	1742
647	1057
647	1480
647	1741
648	849
648	1082
648	1285
648	1673
649	1061
649	1134
649	1369
650	1210
651	1389
652	899
653	679
653	1642
654	1371
655	1077
655	1277
655	1712
656	785
656	1351
657	845
657	904
657	1160
657	1217
658	665
658	1197
658	1350
658	1374
659	937
660	1189
661	880
661	1400
662	768
662	889
662	994
662	1055
662	1081
662	1634
662	1711
662	1795
664	938
665	1031
665	1088
665	1694
667	924
667	1339
668	673
668	840
668	858
668	1101
668	1249
668	1420
668	1678
669	822
669	1668
670	999
671	869
672	745
672	873
672	1126
672	1302
672	1513
673	1010
673	1399
673	1546
674	914
674	964
675	1682
676	714
676	1450
676	1730
677	777
677	1584
678	721
678	826
678	1250
678	1323
679	1282
679	1524
680	977
680	1164
681	1567
682	877
682	1610
683	739
683	1294
684	1312
685	1016
685	1192
685	1498
686	724
686	889
686	1583
686	1597
687	1084
687	1487
687	1662
688	1540
688	1542
688	1763
689	878
690	1123
691	1120
691	1250
691	1366
691	1385
692	1393
693	722
693	947
693	984
694	824
694	1298
694	1445
695	737
695	1138
695	1333
695	1741
696	803
696	820
696	914
696	976
696	1518
696	1699
696	1734
697	910
697	1188
697	1603
698	1130
698	1143
698	1205
698	1406
698	1423
698	1708
699	927
699	1608
700	1104
700	1319
700	1427
700	1535
701	812
701	1544
701	1698
702	1079
702	1105
702	1160
702	1539
703	883
703	1102
704	1034
705	768
705	1326
706	710
706	1218
706	1267
706	1331
706	1415
706	1447
707	1244
707	1510
707	1535
707	1744
708	1709
708	1732
708	1746
709	956
709	1333
709	1355
710	837
710	1225
710	1651
712	1355
713	845
713	1150
713	1368
714	1639
715	872
715	1658
716	1007
716	1266
716	1397
716	1622
718	1335
718	1712
718	1753
719	1277
720	868
720	1268
721	753
721	885
721	1382
722	853
722	1588
722	1657
723	871
723	1083
723	1332
723	1486
723	1514
724	746
724	1716
725	1086
726	835
726	917
726	946
727	1094
727	1432
727	1511
727	1571
727	1669
728	1035
729	1256
729	1434
730	902
730	1030
730	1153
730	1263
731	973
731	1410
731	1742
732	1330
732	1501
732	1517
732	1714
733	878
734	1350
734	1425
734	1706
734	1799
735	1260
735	1624
736	806
737	818
737	1318
737	1492
738	1101
738	1148
739	1243
739	1796
740	910
740	1288
740	1778
741	1683
742	1284
742	1527
743	924
744	937
744	1518
744	1576
744	1661
745	970
745	1163
745	1663
746	898
746	1509
747	1628
747	1668
748	759
748	967
748	1225
748	1250
748	1483
749	1260
750	764
750	1153
751	859
751	912
751	1456
751	1491
752	1533
753	1275
753	1279
754	837
754	915
754	1276
754	1573
755	838
755	1268
755	1570
756	884
757	1166
757	1779
758	966
758	970
759	795
759	1575
760	839
760	912
762	1585
762	1796
763	1186
764	1109
764	1577
765	1165
765	1561
766	963
766	1193
766	1705
767	831
767	1395
768	982
768	1143
768	1576
769	876
769	990
769	1103
769	1444
770	1148
771	1703
772	1181
772	1719
773	1292
773	1380
773	1624
773	1645
773	1776
774	1693
775	969
775	1732
775	1792
776	992
776	1051
776	1300
776	1756
777	1065
777	1355
777	1622
778	1012
778	1327
778	1772
779	1270
780	1006
780	1212
780	1324
780	1508
781	1181
781	1353
782	913
782	1259
783	999
783	1171
784	1413
785	950
785	1056
786	980
786	1329
787	854
787	887
788	897
788	966
788	978
788	1036
788	1368
788	1434
788	1690
788	1749
790	1708
791	795
791	879
791	1160
791	1227
791	1418
791	1558
792	898
792	1005
792	1243
793	1104
794	1507
794	1553
795	1000
795	1095
795	1332
796	801
797	903
797	1397
797	1452
797	1458
799	1017
799	1324
800	1258
800	1385
800	1540
801	869
801	1631
801	1705
802	1638
803	1196
803	1426
803	1586
803	1715
803	1770
804	812
804	948
804	1434
804	1511
805	931
805	1607
806	900
806	984
806	1125
806	1307
807	1328
807	1568
808	1464
808	1522
808	1539
809	1298
810	1023
810	1082
811	1098
811	1544
812	978
812	1195
812	1490
812	1564
812	1764
813	1200
813	1451
813	1589
814	1223
814	1357
814	1546
814	1551
814	1700
815	829
815	994
816	830
816	1075
816	1469
817	829
817	869
817	1071
817	1283
817	1358
817	1419
818	1188
818	1617
818	1770
819	1572
820	1095
820	1187
820	1757
821	1023
821	1210
821	1259
821	1305
821	1494
821	1535
821	1596
822	993
822	1373
823	959
823	1292
823	1689
823	1752
825	1120
825	1198
825	1748
826	1489
826	1635
826	1653
826	1740
827	1092
827	1352
827	1601
827	1763
828	1517
828	1521
829	950
829	1325
830	1696
830	1698
830	1729
831	1260
831	1668
832	1424
833	1611
833	1650
833	1670
833	1722
834	879
834	1088
834	1528
834	1621
836	1771
837	1349
838	1167
838	1366
838	1706
841	1586
842	1307
842	1555
843	1288
844	1038
844	1179
844	1654
844	1785
845	1208
845	1385
845	1433
845	1566
845	1596
845	1626
845	1727
846	1066
846	1335
846	1443
846	1653
846	1682
847	1211
848	973
848	994
848	1085
849	1213
849	1301
849	1310
850	1218
850	1235
850	1294
851	1172
852	919
852	1440
854	862
854	900
854	1265
854	1476
854	1667
855	1208
855	1622
856	999
857	1003
857	1093
857	1509
858	874
858	901
858	925
858	1288
858	1327
858	1365
858	1384
858	1645
858	1783
859	1096
859	1284
859	1376
859	1503
859	1580
859	1745
859	1791
860	1169
860	1253
860	1330
860	1484
860	1691
861	1321
861	1779
861	1798
862	1136
862	1364
863	882
865	1229
865	1335
865	1586
866	975
866	1431
866	1489
866	1501
867	1302
868	1250
869	982
869	1328
870	1338
870	1683
871	897
871	1038
872	1480
874	1165
874	1721
875	1464
875	1525
875	1719
876	1273
876	1758
877	1225
877	1334
877	1539
877	1772
878	966
879	903
879	1290
879	1390
880	1027
880	1191
880	1315
880	1413
880	1622
881	1051
881	1191
881	1483
881	1635
882	1087
882	1367
882	1589
883	923
883	1038
883	1336
883	1468
883	1779
884	1492
884	1683
886	1543
886	1598
887	1237
887	1727
888	1612
888	1621
888	1663
889	1266
890	1551
890	1652
891	1184
891	1400
893	1748
894	1683
895	1111
895	1301
895	1356
896	1353
897	1127
898	1048
898	1380
898	1544
899	1512
899	1523
900	929
900	992
901	1095
901	1349
902	906
902	1111
902	1229
902	1633
903	912
903	1266
904	1112
905	1414
905	1603
906	1459
906	1563
907	1122
907	1312
907	1366
907	1492
907	1557
908	916
908	1381
909	1087
909	1179
909	1775
910	1270
910	1305
910	1392
910	1771
910	1783
911	1139
911	1222
911	1596
912	1767
913	914
913	1016
913	1393
914	1137
915	1700
916	1031
917	1359
917	1485
917	1646
917	1747
918	1125
918	1263
918	1281
920	1260
920	1799
921	1302
921	1353
921	1735
922	1047
922	1344
922	1613
922	1632
922	1641
925	1206
925	1491
925	1557
925	1739
927	1372
927	1379
928	1328
929	1018
929	1304
930	1290
930	1418
931	1290
931	1396
932	1799
933	998
933	1256
933	1460
933	1622
933	1770
934	981
934	1415
935	1198
935	1635
936	991
936	1272
937	1001
938	1021
938	1285
938	1329
939	1769
940	1436
940	1788
942	1067
943	1217
944	1064
944	1203
944	1388
944	1610
944	1668
944	1674
946	1087
946	1251
946	1577
946	1684
947	1412
948	1265
948	1344
948	1776
949	1312
949	1505
949	1572
950	1393
950	1411
951	1344
951	1726
951	1744
952	981
952	991
952	1728
953	1038
954	1161
955	1192
955	1705
956	1150
958	1452
958	1704
958	1753
959	1219
959	1407
960	993
961	1039
961	1119
963	1284
963	1287
963	1444
963	1488
964	1616
965	1622
966	1429
966	1783
967	1460
969	1306
969	1311
970	1010
970	1162
970	1670
971	1070
971	1168
971	1741
972	1481
974	1585
975	1472
976	1047
976	1493
976	1579
977	1331
978	1204
978	1241
979	1149
979	1352
980	1090
980	1154
980	1443
981	1721
981	1726
982	1052
982	1323
982	1327
983	1071
983	1089
983	1155
983	1591
984	1797
985	1199
985	1213
985	1729
986	993
986	1080
986	1372
986	1385
986	1435
987	1035
987	1087
987	1527
988	1436
989	1094
989	1555
990	1327
991	1413
992	1014
992	1079
992	1394
994	1626
995	1286
995	1430
995	1460
995	1478
996	1184
996	1688
996	1737
997	1705
998	1174
998	1703
998	1789
999	1152
999	1418
1001	1644
1001	1679
1002	1315
1002	1658
1003	1644
1003	1698
1005	1288
1006	1424
1008	1051
1009	1184
1009	1522
1009	1654
1009	1741
1011	1086
1012	1029
1012	1073
1012	1146
1012	1263
1012	1695
1013	1060
1013	1145
1013	1265
1013	1449
1014	1467
1016	1096
1016	1478
1016	1738
1016	1789
1017	1068
1019	1693
1020	1601
1021	1078
1021	1137
1021	1319
1021	1550
1021	1667
1022	1604
1023	1183
1023	1310
1023	1550
1023	1626
1024	1052
1025	1381
1026	1090
1027	1631
1028	1736
1028	1739
1029	1100
1029	1325
1029	1388
1030	1185
1030	1501
1031	1314
1031	1422
1031	1715
1031	1788
1032	1070
1032	1185
1033	1140
1033	1205
1033	1236
1033	1318
1033	1391
1033	1549
1033	1580
1035	1607
1035	1760
1036	1099
1036	1390
1036	1686
1037	1706
1038	1244
1039	1389
1039	1511
1040	1084
1040	1235
1040	1650
1041	1140
1041	1671
1042	1093
1042	1401
1042	1474
1043	1234
1043	1271
1043	1528
1044	1055
1044	1063
1044	1147
1044	1407
1044	1502
1045	1078
1045	1104
1045	1141
1045	1180
1045	1215
1045	1259
1045	1720
1045	1754
1046	1178
1046	1567
1046	1695
1047	1429
1048	1371
1048	1689
1048	1788
1049	1055
1049	1356
1050	1237
1050	1359
1050	1456
1051	1519
1054	1716
1056	1366
1056	1399
1056	1652
1058	1124
1058	1151
1058	1160
1058	1601
1059	1204
1059	1308
1059	1387
1059	1399
1060	1211
1060	1672
1061	1382
1061	1671
1061	1728
1063	1402
1063	1630
1064	1628
1065	1302
1065	1431
1065	1517
1066	1556
1067	1236
1067	1549
1068	1133
1068	1635
1069	1471
1069	1536
1070	1538
1070	1708
1070	1725
1072	1149
1074	1301
1074	1669
1075	1566
1075	1577
1076	1481
1076	1679
1077	1161
1078	1298
1078	1678
1078	1759
1079	1340
1081	1382
1081	1458
1081	1506
1082	1172
1083	1304
1083	1641
1084	1133
1084	1177
1084	1776
1085	1525
1085	1684
1086	1164
1086	1322
1086	1485
1087	1429
1088	1399
1089	1426
1089	1516
1090	1118
1090	1383
1090	1411
1091	1448
1092	1302
1092	1676
1096	1250
1096	1461
1100	1244
1100	1271
1101	1464
1102	1169
1102	1382
1103	1558
1104	1157
1104	1569
1105	1239
1105	1410
1105	1784
1106	1450
1106	1567
1107	1658
1108	1264
1109	1333
1109	1613
1110	1450
1111	1209
1111	1422
1112	1520
1112	1622
1113	1151
1114	1453
1114	1516
1114	1522
1115	1276
1116	1630
1117	1219
1117	1240
1117	1263
1117	1332
1117	1734
1118	1294
1118	1480
1118	1629
1119	1151
1119	1174
1119	1192
1119	1408
1119	1596
1120	1675
1121	1249
1123	1647
1124	1149
1124	1304
1124	1382
1125	1201
1125	1356
1125	1366
1126	1233
1126	1391
1126	1703
1127	1485
1127	1728
1128	1703
1128	1758
1129	1230
1129	1357
1129	1415
1129	1622
1129	1689
1130	1723
1131	1294
1132	1463
1133	1162
1135	1209
1135	1686
1136	1156
1136	1405
1136	1749
1137	1170
1137	1364
1137	1650
1137	1760
1138	1500
1138	1643
1140	1247
1140	1285
1141	1468
1141	1777
1142	1352
1143	1368
1143	1662
1143	1790
1144	1303
1144	1549
1145	1400
1145	1483
1147	1744
1147	1788
1148	1508
1149	1260
1149	1365
1150	1432
1150	1522
1150	1570
1150	1619
1150	1636
1150	1734
1153	1314
1153	1582
1156	1266
1156	1313
1156	1682
1157	1422
1157	1788
1158	1552
1158	1783
1159	1310
1159	1386
1159	1467
1159	1653
1160	1190
1160	1324
1160	1690
1160	1775
1162	1426
1162	1656
1164	1499
1164	1625
1166	1520
1167	1244
1167	1517
1167	1636
1168	1595
1168	1721
1170	1203
1170	1495
1170	1696
1170	1719
1171	1309
1171	1770
1172	1259
1173	1436
1173	1535
1174	1309
1174	1746
1175	1187
1175	1271
1175	1650
1175	1669
1177	1275
1177	1286
1178	1482
1179	1401
1179	1502
1180	1253
1181	1734
1182	1188
1185	1273
1185	1482
1187	1229
1187	1614
1187	1747
1188	1295
1188	1525
1190	1658
1190	1706
1191	1367
1191	1522
1192	1771
1194	1220
1194	1770
1195	1703
1196	1295
1196	1314
1196	1625
1196	1628
1196	1638
1196	1662
1197	1738
1197	1790
1198	1218
1199	1716
1200	1764
1200	1783
1201	1629
1202	1250
1203	1299
1203	1522
1204	1343
1204	1529
1205	1398
1206	1273
1206	1448
1207	1322
1208	1487
1208	1619
1208	1707
1209	1755
1209	1783
1210	1224
1210	1590
1210	1779
1212	1729
1213	1605
1214	1539
1215	1795
1216	1409
1216	1466
1216	1530
1216	1658
1217	1583
1218	1369
1218	1722
1219	1692
1220	1366
1220	1714
1221	1420
1221	1482
1222	1654
1225	1730
1227	1386
1227	1643
1228	1443
1228	1494
1228	1731
1228	1760
1229	1768
1231	1308
1231	1700
1232	1614
1233	1450
1233	1632
1233	1796
1234	1596
1234	1644
1235	1504
1238	1473
1240	1474
1240	1648
1241	1264
1241	1731
1242	1440
1242	1581
1244	1515
1244	1540
1245	1467
1245	1705
1246	1369
1246	1440
1246	1441
1246	1639
1247	1263
1247	1684
1250	1254
1250	1538
1250	1574
1250	1674
1251	1285
1251	1697
1253	1349
1253	1395
1253	1578
1254	1698
1255	1430
1255	1643
1256	1297
1256	1309
1256	1463
1256	1572
1258	1710
1259	1361
1260	1693
1261	1777
1262	1361
1262	1534
1262	1617
1264	1690
1264	1716
1264	1771
1265	1595
1265	1597
1265	1797
1266	1473
1266	1786
1268	1305
1268	1544
1268	1640
1269	1684
1269	1790
1271	1432
1272	1485
1272	1518
1272	1598
1275	1318
1275	1580
1276	1695
1277	1283
1278	1521
1281	1427
1281	1452
1281	1462
1282	1376
1282	1380
1282	1525
1282	1690
1284	1327
1287	1314
1287	1494
1288	1608
1289	1459
1289	1654
1290	1351
1291	1311
1293	1597
1295	1404
1295	1770
1297	1384
1299	1440
1299	1608
1300	1734
1301	1313
1301	1424
1301	1495
1302	1407
1303	1393
1303	1780
1305	1473
1305	1737
1306	1687
1307	1394
1308	1421
1309	1587
1313	1535
1314	1602
1314	1636
1314	1683
1315	1558
1315	1569
1315	1783
1316	1367
1320	1715
1321	1385
1321	1610
1321	1738
1322	1428
1322	1668
1323	1363
1324	1333
1325	1611
1328	1700
1328	1713
1328	1770
1330	1533
1331	1356
1332	1523
1332	1753
1333	1371
1335	1762
1336	1609
1337	1496
1337	1588
1338	1459
1338	1482
1338	1539
1339	1714
1339	1773
1340	1400
1341	1549
1342	1735
1343	1528
1343	1607
1343	1743
1344	1527
1346	1632
1347	1452
1347	1577
1349	1589
1350	1588
1351	1503
1353	1538
1353	1700
1356	1693
1357	1624
1357	1780
1360	1631
1361	1362
1362	1716
1363	1543
1363	1795
1364	1539
1364	1633
1366	1648
1369	1660
1369	1726
1370	1792
1373	1551
1374	1478
1374	1653
1376	1434
1377	1603
1377	1737
1379	1687
1380	1651
1382	1438
1382	1604
1383	1456
1383	1659
1384	1445
1385	1757
1387	1568
1388	1452
1389	1461
1389	1771
1391	1595
1393	1780
1394	1784
1397	1599
1397	1627
1398	1405
1398	1522
1398	1564
1404	1500
1406	1768
1407	1434
1407	1516
1407	1520
1407	1797
1410	1667
1411	1477
1412	1532
1415	1669
1417	1424
1418	1794
1419	1568
1421	1535
1422	1561
1424	1761
1426	1458
1433	1511
1435	1473
1435	1490
1435	1517
1436	1752
1439	1679
1440	1637
1440	1759
1442	1448
1442	1648
1444	1530
1444	1655
1444	1665
1445	1612
1446	1718
1448	1660
1449	1575
1450	1481
1451	1720
1452	1486
1452	1777
1453	1642
1453	1729
1456	1679
1458	1468
1458	1716
1459	1553
1460	1467
1462	1737
1464	1614
1466	1685
1468	1518
1469	1689
1470	1642
1470	1675
1471	1494
1472	1542
1473	1794
1474	1577
1474	1675
1479	1735
1480	1724
1481	1567
1485	1600
1486	1488
1486	1549
1486	1600
1486	1654
1486	1684
1487	1711
1488	1505
1488	1563
1488	1711
1490	1758
1492	1527
1492	1610
1493	1539
1493	1762
1494	1649
1495	1691
1497	1538
1499	1796
1500	1573
1501	1642
1502	1745
1503	1538
1503	1717
1504	1699
1506	1620
1507	1550
1509	1785
1510	1704
1510	1734
1516	1625
1520	1776
1521	1797
1522	1737
1522	1776
1523	1789
1524	1604
1527	1694
1528	1644
1528	1667
1528	1686
1532	1652
1532	1719
1536	1650
1537	1740
1538	1636
1538	1788
1542	1619
1546	1669
1547	1567
1547	1713
1549	1585
1549	1594
1549	1609
1550	1666
1551	1666
1554	1557
1557	1756
1559	1577
1559	1757
1562	1679
1563	1629
1567	1599
1567	1648
1568	1581
1569	1795
1570	1627
1570	1788
1575	1761
1576	1601
1576	1617
1576	1758
1582	1713
1584	1756
1585	1597
1588	1783
1593	1617
1594	1769
1595	1688
1595	1722
1595	1760
1596	1689
1598	1680
1601	1701
1603	1696
1605	1686
1606	1655
1608	1790
1611	1723
1612	1692
1612	1726
1613	1667
1614	1667
1614	1728
1618	1713
1621	1656
1629	1708
1629	1798
1633	1754
1638	1788
1640	1742
1642	1680
1642	1706
1642	1797
1646	1752
1654	1687
1662	1788
1663	1738
1663	1790
1665	1738
1672	1776
1677	1737
1703	1784
1704	1751
1704	1763
1719	1725
1735	1751
1737	1759
1742	1794
1745	1766
1785	1799