0	29
0	715
0	1290
1	121
1	787
1	858
1	981
1	984
1	1164
1	1200
1	1665
2	155
2	177
2	179
2	407
2	678
2	1057
2	1300
3	32
3	846
3	1003
3	1344
4	1485
5	345
5	905
6	502
6	838
6	1375
7	134
7	764
7	908
7	943
8	211
8	544
8	984
8	1674
9	800
9	903
9	974
9	1397
9	1399
9	1787
10	485
10	510
10	791
10	839
10	1490
11	511
11	641
11	1019
11	1762
12	589
12	1123
13	107
13	266
13	631
13	987
13	1312
14	377
15	1328
15	1426
15	1538
15	1646
15	1728
16	359
16	484
16	591
16	770
16	1420
17	692
17	977
17	1421
18	170
18	182
18	470
18	581
18	1003
18	1012
18	1028
18	1723
18	1770
19	215
19	758
20	177
20	496
20	836
20	859
20	1344
20	1573
20	1676
21	548
21	849
21	978
22	726
23	50
23	218
23	315
23	324
23	430
23	963
23	1076
24	480
24	514
24	561
24	1762
25	346
25	410
25	1015
25	1149
25	1332
26	64
26	231
26	539
26	570
26	856
26	1213
26	1571
27	1149
27	1274
27	1325
28	102
28	263
28	495
28	1082
29	129
29	432
29	670
29	827
29	835
29	1396
29	1660
30	115
30	184
30	310
30	318
30	767
30	826
30	1705
31	564
31	624
31	1530
31	1742
31	1788
32	223
32	383
32	654
32	662
33	627
33	860
33	912
33	1129
33	1198
34	572
34	790
34	868
34	1310
35	184
35	1004
35	1080
35	1170
36	278
36	831
36	844
36	1390
36	1665
37	54
37	315
37	333
37	509
37	1467
37	1633
38	303
38	674
38	1177
38	1536
38	1630
39	162
39	341
39	395
39	469
39	744
39	1221
40	148
40	162
40	365
40	921
40	1760
41	1625
42	219
42	419
42	1013
42	1382
42	1731
43	138
43	257
43	369
43	375
43	739
44	154
44	706
44	1101
44	1582
45	711
45	1132
46	852
46	1009
46	1296
46	1464
47	302
47	425
47	506
47	969
48	298
48	1350
48	1423
48	1442
49	366
49	690
50	1605
51	316
51	678
51	1110
51	1263
51	1281
51	1537
51	1754
52	1437
52	1566
53	401
53	531
53	1012
53	1068
53	1751
54	92
54	1135
54	1739
55	612
55	702
55	1234
55	1580
56	58
56	455
56	957
56	1210
56	1423
57	110
57	698
57	829
57	1357
58	220
58	509
58	1017
59	623
59	755
59	967
59	1203
59	1742
59	1794
60	323
60	398
60	1673
61	103
61	379
61	957
61	1252
61	1304
61	1317
61	1786
62	445
62	741
62	1017
62	1334
62	1524
63	488
63	923
63	1233
63	1389
64	68
64	266
64	605
64	632
64	1179
64	1361
64	1455
65	490
65	664
65	1471
65	1543
66	594
66	618
66	777
66	1351
67	256
67	522
67	881
67	1457
68	856
68	1044
68	1353
68	1575
69	646
69	1169
69	1404
69	1453
69	1637
70	86
70	209
70	1062
70	1308
71	415
71	853
71	898
71	1197
71	1315
71	1322
71	1654
72	288
72	703
73	573
73	689
73	953
73	1610
73	1699
74	252
74	358
74	828
74	1181
74	1220
75	278
75	347
75	672
75	1217
75	1459
75	1606
76	1457
76	1539
76	1596
77	431
77	724
77	1167
77	1280
77	1323
77	1749
78	321
78	513
78	636
78	831
78	1591
79	330
79	456
79	509
79	1058
79	1124
79	1154
79	1757
80	461
80	717
80	790
80	1595
81	375
81	564
81	604
81	737
81	859
81	1387
81	1589
82	617
83	106
83	307
84	164
84	921
84	965
84	1251
84	1684
85	156
85	431
85	496
85	665
85	1322
85	1323
86	1114
86	1118
86	1740
87	335
87	353
87	666
87	855
87	1243
87	1248
87	1321
88	718
88	969
88	1093
88	1778
89	97
89	925
89	1616
90	104
90	277
90	519
90	542
90	546
90	1585
91	588
91	1691
91	1705
92	277
92	288
93	325
93	445
93	1437
94	620
94	1331
95	283
95	385
95	624
96	429
96	506
96	1094
96	1293
96	1337
97	374
97	1077
97	1332
97	1482
97	1637
98	112
98	256
98	292
99	385
99	1305
99	1513
99	1688
99	1689
100	205
100	649
100	1104
101	613
101	852
101	1590
101	1741
102	1090
102	1167
102	1239
104	584
104	1217
104	1663
104	1783
105	258
105	421
105	642
105	988
105	1019
105	1355
106	590
106	688
106	766
106	892
106	1485
107	413
107	679
107	1293
107	1785
108	148
108	335
108	491
108	496
108	739
109	209
109	517
109	557
109	768
109	970
109	1154
109	1672
110	1277
110	1612
110	1773
111	1188
111	1751
112	464
112	468
113	153
113	210
113	1189
113	1327
114	348
114	1169
114	1615
115	593
115	1142
116	181
116	1188
116	1362
116	1557
116	1716
116	1728
117	277
117	619
117	666
117	873
117	1147
118	1112
118	1137
118	1452
118	1456
118	1553
119	230
119	986
120	338
120	492
120	738
120	762
120	966
120	1326
121	301
121	746
121	1122
121	1448
121	1683
122	516
122	661
122	804
122	875
122	1536
123	235
123	337
123	447
124	186
124	728
124	766
124	787
124	1130
124	1317
125	372
125	931
126	199
126	248
126	592
126	650
126	1324
126	1535
126	1550
127	139
127	307
127	555
127	1190
128	181
128	496
128	1517
129	267
129	598
129	1143
129	1590
130	916
130	1087
130	1207
130	1508
130	1698
131	386
131	439
131	458
131	527
131	1406
131	1511
131	1721
132	207
132	922
132	1181
133	177
133	794
133	1567
133	1622
134	536
134	897
134	1280
134	1415
134	1628
135	758
135	1264
135	1418
136	681
136	1596
136	1719
137	429
137	672
137	1130
137	1513
138	279
138	844
138	1152
138	1310
138	1398
138	1598
139	325
140	354
140	720
140	728
140	1535
141	320
141	354
142	332
142	527
142	841
142	968
142	1257
142	1753
143	687
143	764
143	904
143	937
144	394
144	399
144	496
144	513
144	845
144	1097
144	1671
145	1348
145	1782
146	241
146	1442
146	1746
147	487
147	1137
147	1522
148	357
148	560
148	891
148	1155
148	1268
148	1447
148	1586
149	592
150	1650
150	1713
151	263
151	772
151	1615
151	1651
152	1293
152	1544
153	234
153	1456
153	1536
154	266
154	1678
155	166
155	1392
155	1395
155	1693
156	732
156	1718
157	1376
158	308
158	1043
158	1752
159	424
159	471
159	1166
159	1299
159	1314
159	1531
160	851
160	1267
160	1550
161	772
162	164
162	175
162	284
162	719
162	1234
162	1500
163	499
163	546
163	1048
163	1391
164	702
164	1209
165	1306
166	414
166	655
166	1063
166	1447
167	314
167	1281
168	963
168	1763
169	201
169	234
169	917
169	930
169	1203
169	1315
169	1329
169	1797
170	850
170	1555
170	1763
171	229
171	427
171	1753
172	1371
173	335
173	547
173	1165
173	1186
173	1693
174	296
174	439
174	1356
174	1487
175	420
175	1394
175	1469
176	735
176	1624
177	203
177	917
177	1084
177	1115
177	1710
178	1365
178	1558
178	1563
179	235
179	618
179	747
179	1485
180	328
180	459
180	492
180	1026
180	1106
180	1234
180	1444
180	1488
182	202
182	233
182	972
182	1484
183	1071
183	1401
184	1087
184	1381
184	1696
185	999
185	1357
185	1380
186	263
186	283
186	858
186	1601
186	1672
186	1771
187	698
187	1395
188	1000
188	1382
188	1484
189	382
189	596
189	983
189	1701
190	1058
191	345
191	624
191	1088
191	1209
191	1787
192	696
192	1382
192	1588
192	1641
193	554
193	969
193	1192
193	1321
193	1670
194	403
194	700
195	411
195	435
195	617
195	1194
195	1382
195	1692
195	1754
196	216
196	431
196	556
196	636
197	506
197	859
197	901
197	1190
197	1321
197	1422
197	1602
197	1636
198	383
198	739
198	1405
199	213
199	1731
200	288
200	497
200	978
200	1077
201	947
201	1774
202	273
202	533
202	666
202	1289
202	1426
203	431
203	673
203	844
203	994
203	1424
203	1554
204	219
204	1206
205	269
205	1038
205	1101
205	1554
206	389
206	666
206	906
206	949
206	1094
207	1322
207	1585
208	284
208	1283
208	1441
208	1668
209	267
209	690
209	815
209	1101
210	499
210	968
210	1556
211	366
211	693
211	1541
212	220
212	571
212	956
212	1257
213	292
213	761
214	500
214	1296
214	1471
215	437
215	589
215	773
215	1374
216	996
216	1530
217	449
217	776
217	819
217	822
217	1687
218	480
218	1553
219	1510
219	1796
220	602
220	742
220	777
220	898
220	1237
220	1387
220	1411
221	363
221	695
221	1769
222	334
222	412
222	1702
223	316
223	328
223	878
224	270
224	484
224	771
224	926
224	963
225	382
225	764
225	766
225	878
225	1026
225	1190
226	345
226	593
226	648
226	855
226	977
226	1058
226	1667
227	549
227	623
227	762
227	1054
227	1323
228	329
228	557
228	1312
228	1692
229	232
229	470
229	1379
229	1439
229	1769
230	929
230	1285
230	1503
232	244
232	408
232	416
232	1694
233	451
233	1141
233	1630
234	324
234	484
234	1492
235	376
235	1316
235	1731
236	269
236	1241
237	369
237	528
237	713
237	873
237	1120
237	1349
238	845
238	943
238	1244
239	346
239	361
239	496
240	314
240	330
240	405
240	925
240	1153
240	1527
241	378
241	408
241	725
241	868
241	872
241	1190
241	1279
242	273
242	678
242	918
242	963
242	996
242	1018
242	1301
242	1640
242	1726
243	546
243	936
243	1227
243	1612
243	1745
244	710
245	332
245	627
246	599
246	1272
246	1427
246	1460
246	1647
247	1338
248	557
248	575
248	728
248	1065
248	1203
248	1273
249	449
249	914
250	488
250	784
250	1252
250	1731
251	864
251	1552
251	1610
252	391
252	755
252	877
252	1551
253	1091
253	1367
253	1399
253	1681
254	1729
255	1119
255	1680
256	462
257	347
257	893
257	1548
257	1725
258	432
258	490
258	892
258	1183
258	1670
259	340
259	708
259	1197
259	1474
259	1481
259	1719
259	1786
260	613
260	696
260	960
260	1411
261	648
261	1032
261	1144
261	1180
261	1402
262	553
262	606
262	694
263	370
263	402
263	857
263	1031
264	381
264	884
264	1290
265	409
265	454
265	586
265	1187
266	341
266	1091
266	1175
267	374
267	915
267	1073
267	1371
267	1605
268	393
268	893
269	1660
270	497
270	1745
271	1624
272	334
272	352
272	403
272	807
272	1066
272	1235
273	330
273	877
273	1073
273	1156
273	1254
274	428
274	1273
274	1524
274	1628
275	297
275	958
275	1345
275	1797
276	782
276	908
276	1712
277	498
277	527
277	1674
278	350
278	475
278	1099
278	1150
278	1684
279	371
279	689
279	1106
279	1222
280	392
280	568
280	576
280	1106
281	1193
281	1236
282	410
282	984
283	578
283	765
283	1673
283	1686
284	528
284	780
284	784
285	313
285	691
285	876
285	1058
285	1248
285	1341
285	1772
286	502
286	1033
286	1633
287	606
288	658
288	889
288	937
288	1343
288	1420
289	534
289	1136
289	1284
290	1069
290	1298
290	1544
290	1640
291	929
292	388
292	508
292	738
292	978
292	1138
293	376
293	955
293	1703
294	357
294	469
294	493
294	732
294	865
294	1239
294	1242
294	1324
294	1526
295	947
295	1129
295	1621
296	563
296	788
296	1233
296	1605
297	448
297	638
297	994
297	1042
297	1050
297	1183
297	1588
298	876
298	1116
298	1487
299	395
299	429
299	496
299	947
299	1404
299	1537
299	1615
300	387
300	406
300	681
300	682
300	778
300	836
300	883
300	1575
300	1740
301	388
301	738
301	957
301	1366
302	412
302	1365
302	1502
303	338
303	597
303	877
303	1415
304	1459
304	1512
304	1551
305	415
305	514
305	934
305	1075
305	1516
305	1688
306	395
306	1596
306	1622
306	1634
307	912
307	1270
308	607
308	669
308	1256
308	1685
309	805
309	1100
309	1299
309	1456
311	699
312	1318
313	1120
313	1573
314	477
314	878
314	1475
314	1711
315	1179
316	404
316	870
316	1600
317	1062
317	1273
317	1277
317	1625
317	1689
319	394
319	1378
319	1423
320	1215
320	1490
320	1529
321	345
321	728
321	1610
322	1335
322	1613
322	1791
323	994
324	884
324	1072
325	368
325	979
325	1235
325	1556
325	1561
326	1209
326	1453
326	1482
326	1497
327	765
327	1388
328	378
328	1646
329	372
329	564
329	1058
330	437
330	502
330	1211
330	1599
331	626
331	682
331	1253
331	1604
332	573
332	1059
333	762
333	1176
333	1261
333	1494
334	573
334	632
334	672
334	1394
335	383
335	548
335	710
335	898
335	1063
335	1098
335	1105
335	1325
336	419
336	560
336	889
336	1142
336	1300
336	1606
336	1697
337	784
337	928
337	1799
338	799
338	1256
338	1648
339	615
339	660
339	781
339	1479
340	451
340	696
340	909
341	712
341	946
341	1074
341	1248
342	675
342	1060
342	1230
342	1249
343	971
343	1370
344	1074
345	528
345	533
345	777
345	900
345	962
345	1131
345	1182
345	1414
346	1435
346	1559
347	855
347	1500
347	1782
348	383
348	1491
348	1751
349	357
349	560
349	681
349	1001
350	467
350	559
350	704
350	1473
350	1482
351	1329
351	1471
351	1767
352	1215
352	1363
352	1481
353	420
353	490
353	1110
353	1131
354	389
354	936
354	1473
355	1109
355	1489
355	1712
356	571
356	1033
357	1167
357	1612
358	543
358	836
358	1121
358	1313
358	1355
359	421
359	531
359	1303
360	1262
360	1635
360	1734
361	441
361	517
361	752
361	1295
361	1368
361	1428
362	736
362	1341
362	1503
363	739
363	1107
363	1246
364	1369
364	1554
364	1644
364	1666
365	783
365	837
366	737
366	1061
366	1142
366	1367
366	1537
367	667
367	1527
368	525
368	688
368	1032
368	1330
369	411
369	660
369	1454
370	750
370	903
370	1006
370	1142
371	599
371	741
371	1023
371	1046
371	1405
371	1626
372	396
372	813
372	1388
372	1517
372	1610
373	465
373	619
374	728
374	1044
375	949
375	1012
375	1076
375	1550
375	1658
376	388
376	509
376	1643
377	504
377	713
377	1093
377	1346
378	1070
378	1253
379	732
379	752
379	1210
379	1449
379	1559
379	1575
379	1658
380	1486
381	1006
381	1092
381	1189
381	1399
382	667
382	1379
383	876
383	1422
383	1706
384	492
384	837
385	1128
385	1668
386	1609
387	558
387	604
387	876
387	1501
388	814
388	1535
388	1610
389	1796
390	722
390	786
390	1170
391	791
391	1209
392	489
392	836
392	987
392	1102
392	1286
393	409
393	1006
393	1570
393	1726
394	493
394	885
394	910
395	599
395	1109
395	1632
395	1735
396	1396
396	1452
396	1621
396	1623
397	604
397	1247
398	880
398	1402
398	1566
399	582
400	1142
400	1692
401	518
401	1580
402	778
402	1314
403	1550
404	614
404	648
404	800
404	1293
404	1389
405	1454
407	753
407	1249
407	1557
407	1594
407	1757
408	514
408	751
408	866
408	1174
409	788
409	1657
410	726
410	789
410	1355
410	1509
411	834
411	865
411	1279
412	780
412	1243
412	1301
412	1371
412	1751
413	417
413	744
413	1051
413	1154
415	879
415	1033
415	1112
415	1406
415	1422
415	1485
415	1737
416	1171
416	1190
416	1451
417	1171
417	1540
418	779
418	1161
419	428
419	789
419	792
419	1443
420	654
420	1061
420	1716
421	555
421	592
421	951
421	1071
421	1156
421	1284
421	1402
421	1793
422	527
422	535
422	851
422	1227
423	986
423	1657
424	496
424	757
425	829
425	1255
425	1277
425	1382
426	865
426	1296
426	1465
426	1620
427	917
427	948
428	952
428	1394
428	1489
429	1423
429	1572
430	772
430	889
431	687
431	975
431	1079
432	479
432	1081
432	1138
432	1222
433	493
433	560
433	1017
433	1342
433	1564
433	1658
434	767
434	1704
435	576
435	1042
435	1374
435	1510
435	1666
436	507
436	1258
436	1399
436	1570
437	565
437	707
437	1514
437	1557
437	1569
438	977
438	1022
438	1354
439	696
439	1019
439	1103
439	1408
440	483
440	600
440	657
440	1602
441	1584
442	762
442	877
442	955
442	1123
442	1267
442	1606
443	464
443	479
443	720
443	933
443	1200
443	1557
443	1574
444	745
444	853
444	867
444	1088
444	1755
446	1546
446	1743
447	600
447	1313
448	931
448	1012
448	1062
448	1331
448	1460
449	1078
449	1215
450	551
450	893
450	1455
450	1605
451	892
451	1010
451	1234
451	1303
451	1312
451	1710
452	474
453	1155
453	1158
454	740
455	744
455	902
455	1644
456	832
456	1047
457	588
457	861
457	881
457	1317
457	1679
458	919
458	1167
458	1703
459	1083
459	1320
459	1701
460	1306
460	1563
461	1269
462	815
462	1084
463	724
463	864
463	1069
463	1109
464	738
464	781
464	1291
464	1305
464	1465
464	1468
464	1698
465	618
465	715
465	986
466	740
466	751
466	1563
467	785
467	883
467	1235
467	1327
467	1793
469	978
469	1522
469	1679
470	726
470	984
470	1008
470	1047
471	775
471	1017
471	1406
471	1743
471	1764
472	664
472	1292
472	1309
472	1637
473	929
474	1189
474	1609
475	852
475	1051
475	1052
475	1245
475	1671
475	1691
476	1764
478	1406
478	1620
479	792
479	861
479	1543
479	1742
480	794
480	937
480	1497
481	514
481	1055
481	1097
482	810
482	1239
482	1270
482	1681
482	1725
483	500
483	608
483	614
483	1216
483	1228
484	1122
485	620
485	651
485	1385
485	1442
485	1507
486	822
486	1082
486	1255
486	1416
486	1750
487	549
487	639
487	882
487	1356
487	1706
488	1071
489	643
489	1013
489	1753
490	491
490	713
490	796
490	825
490	1561
490	1604
490	1764
491	652
491	878
491	1660
493	1296
493	1690
494	504
494	608
494	666
494	835
494	1043
494	1216
494	1220
494	1379
494	1534
494	1643
495	736
495	778
495	1087
495	1410
495	1493
496	797
496	914
496	953
496	1305
496	1656
497	592
497	868
497	905
497	1292
497	1628
497	1692
498	690
498	846
498	1124
498	1194
498	1457
498	1635
499	538
499	922
500	1381
501	1263
502	1175
502	1529
503	524
503	798
503	857
503	966
503	1115
503	1404
503	1617
504	624
505	916
505	1368
505	1674
505	1768
506	863
506	1054
506	1093
506	1193
506	1469
506	1471
506	1516
506	1675
507	969
507	1549
508	829
508	944
508	1031
508	1426
508	1659
508	1678
509	678
509	750
509	1638
510	726
511	875
512	789
513	919
514	569
514	1170
515	519
515	884
515	1338
515	1474
517	668
517	767
518	634
518	1301
518	1347
518	1790
519	833
519	1609
520	1177
520	1352
521	549
521	906
521	991
521	1495
521	1571
521	1687
522	1742
523	716
523	1082
524	1522
525	1203
525	1459
525	1477
525	1694
526	1209
527	560
527	936
527	1271
528	548
528	1759
529	1149
529	1667
529	1769
530	986
530	1026
530	1057
530	1345
530	1429
530	1448
531	725
531	1218
532	816
532	1208
532	1542
533	879
533	1322
533	1475
533	1658
533	1744
534	739
534	956
534	970
534	1522
535	583
535	618
535	1584
536	555
536	984
536	1357
537	897
537	1255
537	1632
538	929
538	1699
538	1796
539	745
539	801
539	1797
540	858
540	1193
540	1332
540	1451
541	597
542	938
542	1412
542	1413
542	1683
542	1725
543	616
543	859
544	745
544	1087
544	1482
545	550
545	804
545	1015
546	713
546	946
546	1216
546	1380
546	1419
547	563
547	709
547	1208
547	1220
547	1330
547	1338
547	1479
547	1647
548	986
548	1018
549	715
549	860
549	934
549	1567
549	1667
550	1509
551	908
551	1280
551	1303
551	1450
551	1510
551	1660
552	590
552	602
552	1697
554	839
554	1511
554	1575
554	1789
556	558
558	987
558	1378
559	1317
559	1613
559	1664
559	1690
559	1765
560	907
560	1422
561	980
561	1357
561	1711
562	962
562	1030
563	1105
564	631
564	924
564	1757
565	1508
566	652
566	921
566	1061
566	1467
566	1523
566	1747
567	869
567	1157
568	626
568	1326
570	1023
570	1043
570	1531
570	1657
570	1754
571	672
571	749
571	985
571	1293
571	1412
572	831
572	1395
573	746
573	840
573	956
573	1045
573	1437
573	1633
573	1670
574	813
574	963
574	1062
574	1776
575	677
575	983
575	1622
576	705
576	912
577	793
577	1203
578	968
578	1086
578	1363
578	1456
579	1016
579	1189
579	1232
579	1526
580	1125
580	1297
580	1689
581	597
581	1041
582	955
582	1411
582	1460
582	1490
582	1637
582	1684
582	1715
583	906
583	1079
583	1469
583	1678
584	1167
584	1201
585	751
585	1145
585	1155
585	1168
585	1272
586	908
586	1001
586	1042
587	591
587	1606
587	1742
588	707
588	1485
589	1124
589	1490
590	971
590	995
591	1040
591	1736
592	843
592	1040
592	1764
593	796
593	1238
593	1240
594	1034
594	1302
594	1338
595	722
595	1067
596	1531
596	1558
597	907
597	1399
597	1451
597	1558
597	1621
597	1622
598	1362
598	1436
598	1558
599	861
599	957
599	1025
599	1538
600	752
600	932
600	1206
600	1262
600	1266
601	716
601	717
601	891
601	1413
601	1777
602	652
602	1087
603	978
603	1069
603	1239
604	950
604	996
605	758
605	1376
606	1145
606	1434
606	1606
607	846
607	1094
607	1123
607	1269
607	1311
607	1349
608	1235
608	1720
609	1099
609	1142
609	1146
609	1294
609	1442
609	1480
609	1706
610	795
610	945
610	1073
610	1768
611	1469
612	888
612	1610
613	901
613	1120
613	1304
613	1460
614	1213
614	1585
615	858
616	1013
616	1093
616	1277
616	1342
616	1366
616	1369
616	1590
617	1022
617	1232
617	1405
618	982
618	997
618	1028
618	1071
618	1150
618	1534
619	978
620	776
620	1568
621	864
621	1376
621	1405
622	1201
622	1266
623	1220
623	1449
623	1612
623	1675
624	919
624	1185
625	1075
625	1096
625	1311
625	1439
625	1585
626	1143
626	1295
626	1446
627	940
628	978
628	1275
629	1491
629	1625
630	841
631	907
631	1275
631	1448
631	1766
632	934
632	1079
632	1639
633	1644
634	829
634	1117
635	1335
636	661
636	1033
636	1399
636	1421
637	1688
637	1697
638	1472
639	1217
639	1508
639	1598
640	1770
641	888
641	1693
642	873
643	1601
644	752
644	885
644	1208
644	1264
645	758
645	832
645	1061
645	1382
645	1496
645	1766
646	872
646	1025
647	1163
647	1772
648	1674
649	907
649	1158
649	1367
650	1013
651	1561
652	720
652	1109
652	1177
652	1546
653	1034
654	1517
654	1619
655	779
655	1773
656	1644
658	859
658	1153
658	1479
659	926
659	1248
659	1461
659	1592
661	1087
661	1508
663	799
663	1463
663	1686
664	773
664	866
664	1261
664	1789
665	998
665	1183
665	1211
665	1590
666	990
669	945
669	1227
669	1346
669	1563
670	679
670	847
670	1063
670	1332
670	1714
670	1756
671	1593
672	1340
672	1481
673	1035
674	1222
674	1336
675	1422
676	710
676	1291
676	1403
678	1423
679	799
679	1020
680	821
680	928
681	1266
681	1365
681	1568
682	1114
682	1239
682	1261
682	1409
683	929
684	711
684	1142
685	954
685	1706
686	837
686	1172
686	1196
686	1278
686	1614
686	1645
686	1792
687	747
687	926
687	1713
688	700
688	961
688	1049
688	1417
688	1450
690	779
690	1047
691	749
691	1065
692	1523
692	1532
693	799
693	1195
693	1202
693	1260
693	1596
695	770
696	722
696	1028
697	783
697	876
697	1039
697	1180
698	878
698	1025
698	1197
698	1242
698	1388
698	1504
698	1720
698	1763
699	963
700	740
700	1013
700	1040
701	756
701	1156
701	1350
701	1684
701	1751
702	854
702	1206
702	1546
702	1663
703	1060
704	737
705	1323
705	1566
706	708
706	830
706	1020
706	1737
707	1731
708	1291
708	1295
708	1633
708	1767
709	978
709	1183
709	1533
709	1791
710	1321
710	1420
710	1659
711	1624
712	1503
713	1020
713	1159
714	1047
714	1257
714	1678
715	836
715	849
715	980
715	1616
715	1733
717	1026
717	1111
718	1224
718	1339
718	1433
718	1710
719	766
719	1105
719	1185
719	1513
719	1601
720	842
720	1737
721	861
722	723
722	985
722	1036
722	1541
723	1019
723	1584
724	768
725	1744
726	1368
726	1384
726	1599
726	1610
727	880
727	1000
728	1206
728	1365
728	1740
729	756
730	768
730	1102
730	1636
731	749
731	1158
732	1786
733	1136
733	1495
733	1696
734	1367
734	1465
735	1009
735	1477
735	1589
735	1619
735	1716
735	1752
736	738
736	766
736	1112
736	1264
737	1096
738	1664
739	1459
739	1692
739	1775
740	1463
740	1517
741	1781
742	769
742	1107
742	1193
742	1238
743	1032
743	1795
744	914
744	1418
746	937
746	1085
746	1237
746	1401
748	801
748	1113
748	1338
748	1473
748	1515
749	761
749	1396
749	1437
749	1465
749	1796
750	982
750	1101
750	1153
751	1095
751	1188
751	1520
752	783
752	1036
754	981
754	1127
755	848
755	1037
755	1342
755	1686
756	1048
757	1243
758	1104
758	1165
759	889
760	1436
760	1491
761	769
761	913
761	1088
761	1109
761	1644
763	1600
764	995
765	1033
765	1383
766	1147
766	1647
767	1367
767	1481
768	851
769	810
769	831
771	899
771	918
771	1018
771	1346
771	1796
772	949
772	1401
773	836
773	1232
773	1235
774	1216
774	1399
775	1439
776	1098
776	1561
777	847
777	949
777	1151
778	965
778	1370
778	1386
778	1764
778	1772
779	1383
779	1395
779	1528
779	1696
780	957
781	1757
781	1762
782	783
782	1124
783	1317
783	1680
785	1295
786	1119
786	1655
787	1055
787	1321
788	1143
788	1737
788	1780
789	1117
789	1587
789	1681
790	986
790	1479
791	926
792	931
792	1132
792	1332
794	1427
795	1164
795	1444
796	799
796	849
796	1039
796	1214
796	1346
796	1405
797	1007
797	1327
797	1533
798	1059
798	1379
798	1522
798	1766
799	1216
799	1365
799	1398
800	1096
800	1168
800	1192
800	1327
800	1650
801	868
801	1377
801	1412
802	936
803	1001
803	1392
803	1632
804	1095
804	1307
804	1676
806	860
807	1504
807	1742
808	1461
809	923
809	966
809	1047
810	1437
811	1184
812	1217
812	1373
812	1582
813	1119
813	1502
813	1729
813	1744
813	1787
814	1295
814	1459
815	913
815	1013
815	1516
817	824
817	1156
817	1636
817	1795
818	877
818	1327
819	896
819	941
819	1128
819	1130
819	1455
819	1535
819	1641
820	1582
820	1644
820	1662
821	1107
822	1015
822	1558
822	1716
823	1138
823	1150
823	1430
824	1028
825	1264
826	1460
827	838
828	1577
829	1487
829	1533
830	1174
831	1654
832	1231
832	1371
832	1575
832	1691
833	1184
833	1366
833	1509
834	1075
834	1295
835	1288
835	1759
836	1176
836	1544
837	978
837	1334
837	1596
837	1776
838	898
838	967
838	1008
838	1565
839	997
839	1597
840	1061
840	1241
841	987
841	1002
841	1344
841	1712
843	1406
844	1099
845	1000
845	1120
845	1271
845	1288
847	1612
849	1084
849	1603
850	1054
850	1153
850	1291
850	1373
850	1778
851	1480
851	1487
851	1706
852	1137
852	1332
852	1460
853	1088
853	1158
853	1619
854	1481
854	1544
854	1547
855	1218
855	1235
855	1795
856	1088
856	1146
856	1344
857	1229
857	1281
857	1338
858	882
859	983
859	1462
860	966
860	1278
860	1619
861	961
861	1308
861	1507
862	1020
862	1106
862	1231
863	1300
863	1393
863	1421
864	909
864	1270
865	937
865	1375
865	1423
865	1602
867	1471
868	1470
869	975
869	1655
869	1791
870	1050
870	1430
871	958
871	1256
871	1489
872	927
874	1022
874	1181
874	1432
874	1439
874	1543
875	876
875	1262
875	1368
876	910
876	1760
877	1077
877	1690
878	901
878	1334
879	1322
879	1469
880	1167
880	1635
880	1681
881	1094
881	1425
882	913
882	1547
882	1607
883	1197
883	1239
884	956
884	1484
885	1343
885	1619
885	1673
886	898
886	1505
887	1167
888	921
888	1364
888	1425
889	1297
889	1357
890	1652
890	1707
891	1121
892	1075
892	1133
892	1328
892	1594
892	1621
893	1115
893	1141
893	1466
894	921
894	1136
894	1381
895	1284
896	1412
897	1236
897	1336
898	1097
898	1178
898	1479
899	1224
899	1264
899	1770
900	960
900	1070
900	1344
900	1404
902	1067
905	964
905	1772
907	1303
907	1411
907	1524
908	1182
908	1474
909	1245
909	1480
910	1751
911	1370
911	1414
912	1055
912	1473
912	1578
913	1110
913	1385
914	925
914	1427
914	1603
915	1065
915	1163
915	1793
916	1152
917	1025
917	1090
917	1330
917	1760
918	1241
919	1591
920	1369
920	1590
922	1389
922	1449
923	1089
923	1326
923	1424
924	1171
924	1202
924	1289
925	1183
925	1649
926	1251
926	1731
927	1523
927	1727
928	1073
928	1098
928	1614
929	1356
929	1427
929	1733
930	1343
931	1121
932	998
933	1683
935	1444
935	1461
935	1472
935	1605
936	1415
936	1618
937	1383
937	1453
937	1538
938	1601
939	1270
939	1593
939	1794
940	1101
940	1434
941	1731
941	1767
942	961
942	1770
944	1099
944	1317
944	1740
945	946
945	1012
945	1023
945	1477
945	1572
945	1636
946	1162
946	1379
946	1473
946	1501
946	1557
946	1681
950	1394
950	1601
952	1281
954	1579
955	1441
956	1478
956	1524
957	1046
957	1215
957	1790
958	1077
958	1106
958	1329
958	1793
959	1149
959	1266
959	1559
961	1022
961	1211
961	1311
963	1540
964	1055
964	1261
964	1626
966	1625
967	983
967	1472
968	1185
968	1348
968	1493
968	1733
969	991
969	1278
969	1662
970	1059
970	1101
970	1199
970	1507
971	1254
971	1498
971	1502
971	1546
971	1738
972	1173
972	1219
972	1636
973	1509
973	1603
974	1327
975	1029
976	1711
977	1436
977	1681
978	1641
979	1534
980	1025
980	1111
980	1373
980	1575
981	1139
981	1258
983	1280
984	1577
984	1593
985	1583
986	1291
987	1580
988	1556
988	1736
988	1782
989	1019
989	1081
989	1140
989	1187
989	1195
991	1611
992	1492
993	1048
993	1195
993	1481
993	1688
994	1565
995	1054
995	1554
995	1758
996	1636
997	1101
997	1118
998	1100
999	1531
1001	1141
1001	1773
1002	1108
1002	1229
1002	1429
1003	1071
1003	1293
1004	1791
1005	1214
1005	1290
1008	1445
1009	1146
1010	1098
1011	1661
1012	1724
1013	1755
1014	1219
1014	1290
1014	1679
1014	1798
1015	1484
1015	1745
1016	1422
1016	1667
1017	1117
1017	1231
1017	1570
1018	1030
1018	1169
1018	1326
1018	1437
1018	1532
1018	1696
1019	1056
1019	1137
1020	1581
1020	1785
1021	1214
1022	1038
1022	1417
1022	1619
1023	1133
1023	1148
1023	1550
1024	1292
1024	1588
1024	1701
1025	1070
1025	1091
1025	1616
1026	1328
1027	1120
1027	1331
1028	1542
1029	1282
1030	1121
1030	1710
1031	1200
1031	1492
1032	1262
1032	1497
1032	1723
1033	1412
1034	1483
1034	1625
1035	1050
1035	1309
1035	1690
1036	1051
1036	1150
1036	1400
1037	1038
1037	1138
1037	1691
1038	1396
1038	1482
1038	1578
1039	1203
1039	1507
1039	1768
1040	1356
1040	1555
1041	1054
1041	1420
1041	1762
1042	1139
1042	1685
1043	1423
1044	1654
1045	1476
1046	1232
1046	1355
1047	1373
1047	1505
1048	1200
1048	1229
1048	1415
1049	1256
1051	1261
1051	1532
1051	1721
1052	1123
1052	1405
1052	1731
1053	1107
1053	1296
1053	1788
1054	1571
1054	1699
1056	1425
1056	1621
1056	1761
1057	1394
1057	1477
1057	1781
1058	1120
1058	1232
1059	1105
1059	1270
1059	1281
1059	1542
1060	1413
1061	1569
1062	1190
1063	1081
1063	1108
1063	1429
1063	1752
1064	1071
1064	1159
1064	1231
1064	1303
1064	1380
1065	1070
1066	1090
1066	1761
1067	1173
1067	1597
1067	1635
1068	1169
1068	1185
1068	1691
1068	1700
1070	1291
1070	1546
1071	1448
1071	1688
1073	1667
1075	1191
1076	1228
1077	1401
1078	1114
1081	1519
1082	1198
1082	1544
1082	1767
1083	1349
1083	1541
1083	1604
1083	1617
1084	1269
1084	1761
1085	1136
1085	1473
1086	1243
1086	1604
1088	1164
1088	1218
1088	1263
1088	1558
1089	1345
1090	1423
1093	1418
1094	1244
1095	1407
1096	1456
1097	1571
1099	1176
1100	1389
1100	1622
1102	1437
1103	1287
1103	1364
1103	1489
1103	1630
1103	1713
1104	1390
1105	1559
1105	1641
1106	1122
1107	1627
1107	1701
1108	1500
1108	1697
1109	1355
1109	1615
1109	1732
1110	1541
1111	1646
1111	1678
1111	1735
1112	1139
1112	1394
1112	1797
1113	1744
1116	1749
1116	1762
1117	1384
1117	1716
1118	1638
1119	1486
1119	1561
1121	1197
1121	1261
1121	1360
1121	1642
1123	1246
1124	1244
1124	1729
1125	1694
1126	1507
1127	1321
1127	1355
1128	1175
1129	1565
1131	1492
1131	1558
1132	1568
1133	1245
1133	1274
1133	1537
1134	1256
1134	1406
1135	1577
1136	1160
1136	1494
1137	1281
1137	1415
1138	1173
1138	1329
1138	1381
1139	1391
1139	1575
1141	1394
1142	1176
1142	1632
1143	1688
1143	1785
1145	1566
1147	1443
1148	1480
1149	1222
1149	1373
1149	1729
1150	1782
1151	1383
1152	1596
1152	1735
1154	1451
1155	1529
1155	1562
1155	1649
1156	1788
1156	1798
1157	1452
1158	1665
1158	1703
1159	1376
1159	1503
1159	1734
1160	1465
1160	1757
1160	1782
1161	1226
1161	1266
1161	1793
1163	1589
1164	1665
1165	1435
1166	1189
1166	1698
1167	1334
1167	1448
1169	1591
1170	1471
1172	1491
1173	1196
1173	1730
1174	1692
1174	1716
1175	1213
1175	1235
1176	1585
1178	1205
1178	1403
1178	1643
1179	1519
1180	1401
1181	1411
1181	1584
1183	1639
1183	1774
1184	1549
1184	1620
1185	1259
1186	1490
1186	1653
1186	1734
1187	1534
1188	1594
1188	1601
1189	1373
1190	1219
1191	1577
1191	1591
1192	1229
1192	1543
1193	1314
1193	1374
1194	1243
1195	1222
1195	1336
1195	1693
1196	1619
1197	1301
1201	1364
1202	1284
1203	1489
1203	1641
1204	1393
1204	1747
1205	1347
1206	1342
1206	1628
1206	1712
1208	1599
1208	1741
1209	1338
1211	1614
1212	1647
1213	1620
1215	1346
1215	1622
1217	1373
1217	1515
1217	1523
1217	1711
1218	1664
1219	1436
1223	1621
1224	1428
1225	1451
1226	1798
1227	1496
1227	1625
1227	1710
1228	1544
1230	1345
1230	1719
1233	1305
1233	1583
1234	1495
1234	1593
1234	1779
1236	1511
1236	1772
1238	1364
1238	1492
1239	1346
1240	1703
1241	1519
1241	1598
1242	1349
1243	1396
1244	1625
1246	1702
1247	1482
1249	1430
1249	1770
1250	1404
1250	1489
1250	1581
1250	1607
1250	1663
1251	1311
1251	1742
1252	1384
1252	1537
1252	1568
1253	1407
1254	1459
1254	1777
1255	1785
1256	1518
1257	1708
1258	1781
1261	1404
1263	1400
1264	1742
1265	1451
1265	1600
1265	1747
1266	1724
1267	1620
1268	1632
1269	1727
1271	1291
1271	1395
1272	1289
1272	1402
1273	1459
1274	1490
1276	1598
1276	1643
1276	1663
1276	1795
1277	1381
1277	1595
1277	1719
1278	1394
1279	1585
1279	1724
1279	1729
1280	1705
1281	1367
1281	1465
1282	1330
1284	1511
1284	1631
1284	1666
1287	1594
1287	1647
1288	1391
1289	1553
1289	1598
1290	1745
1291	1313
1291	1327
1292	1385
1292	1722
1295	1667
1297	1586
1297	1587
1298	1486
1299	1306
1299	1617
1299	1733
1300	1337
1300	1391
1300	1521
1301	1308
1302	1318
1305	1774
1306	1389
1306	1718
1307	1339
1308	1754
1309	1316
1309	1412
1309	1469
1310	1361
1310	1742
1311	1324
1311	1574
1312	1667
1313	1317
1313	1684
1315	1437
1315	1532
1315	1719
1317	1617
1318	1456
1318	1541
1319	1520
1319	1680
1321	1405
1321	1677
1322	1391
1323	1434
1323	1517
1324	1446
1325	1623
1325	1665
1325	1695
1326	1432
1327	1425
1328	1635
1328	1657
1329	1420
1329	1654
1329	1779
1331	1738
1333	1351
1333	1363
1333	1498
1334	1678
1335	1464
1335	1589
1336	1354
1336	1647
1337	1578
1337	1700
1338	1743
1341	1626
1341	1767
1342	1655
1342	1713
1343	1443
1343	1707
1343	1760
1344	1355
1344	1672
1345	1347
1345	1587
1345	1776
1346	1620
1347	1407
1347	1551
1348	1431
1349	1471
1350	1493
1350	1666
1352	1390
1356	1361
1356	1515
1356	1654
1356	1716
1357	1707
1358	1578
1359	1601
1361	1448
1361	1510
1361	1683
1363	1492
1364	1447
1366	1726
1367	1798
1369	1643
1369	1674
1370	1578
1371	1416
1371	1462
1372	1755
1373	1408
1373	1693
1376	1587
1376	1591
1376	1734
1377	1624
1377	1798
1378	1695
1379	1572
1379	1577
1381	1619
1382	1405
1383	1519
1383	1757
1388	1554
1388	1630
1390	1636
1393	1411
1393	1587
1393	1607
1396	1636
1397	1483
1397	1567
1398	1407
1398	1652
1400	1607
1400	1628
1401	1508
1404	1625
1406	1486
1410	1550
1411	1433
1411	1656
1412	1428
1413	1450
1414	1730
1418	1566
1418	1655
1418	1749
1419	1570
1419	1665
1420	1520
1423	1726
1424	1613
1425	1455
1426	1438
1428	1495
1428	1642
1428	1725
1429	1534
1430	1596
1431	1439
1432	1665
1432	1682
1434	1673
1435	1652
1439	1455
1440	1703
1441	1608
1443	1623
1445	1454
1446	1486
1446	1551
1447	1743
1448	1536
1449	1499
1449	1682
1452	1508
1453	1580
1454	1632
1455	1604
1455	1634
1457	1582
1457	1686
1458	1547
1458	1557
1459	1672
1460	1489
1460	1664
1461	1520
1462	1657
1463	1492
1463	1693
1464	1482
1465	1589
1465	1739
1466	1525
1467	1709
1467	1798
1468	1567
1468	1602
1468	1743
1468	1777
1472	1691
1474	1495
1474	1749
1478	1675
1479	1488
1479	1751
1480	1572
1483	1569
1483	1657
1484	1523
1485	1772
1488	1657
1488	1737
1489	1702
1489	1718
1490	1642
1491	1758
1492	1697
1493	1638
1495	1629
1495	1798
1496	1590
1496	1717
1498	1575
1502	1629
1504	1762
1505	1684
1506	1784
1507	1603
1508	1796
1509	1629
1510	1711
1511	1595
1517	1685
1518	1797
1523	1583
1531	1774
1537	1762
1538	1656
1540	1794
1542	1776
1544	1644
1545	1653
1547	1577
1547	1770
1549	1653
1550	1796
1554	1638
1555	1632
1556	1788
1557	1705
1557	1716
1559	1752
1560	1751
1563	1719
1563	1773
1569	1644
1575	1729
1576	1689
1578	1796
1583	1601
1583	1736
1583	1753
1585	1764
1593	1669
1598	1600
1600	1790
1602	1678
1604	1620
1614	1770
1619	1751
1622	1784
1628	1716
1631	1751
1632	1659
1635	1653
1636	1692
1636	1770
1637	1692
1638	1762
1643	1775
1643	1793
1646	1661
1646	1690
1654	1714
1659	1714
1661	1692
1662	1727
1666	1703
1675	1782
1687	1769
1689	1789
1693	1774
1694	1720
1695	1701
1702	1758
1713	1784
1730	1792
1747	1781
1748	1792
1767	1794
1775	1786