0	432
0	1268
0	1514
1	224
1	420
1	521
1	1045
1	1654
2	1048
3	66
3	213
3	285
3	310
3	403
3	432
3	647
3	1113
4	408
4	645
4	739
4	918
4	1310
4	1316
4	1693
4	1742
5	350
5	1003
5	1540
6	640
6	734
6	805
6	811
6	1128
7	119
7	221
7	335
7	527
7	685
7	787
7	887
7	1487
7	1498
7	1702
7	1706
8	435
8	437
8	550
8	609
8	1170
8	1267
9	315
9	809
9	1330
10	76
10	257
10	964
10	1166
10	1183
10	1200
11	197
11	314
11	333
11	361
11	1726
12	113
12	160
12	1230
12	1252
13	70
13	200
13	508
13	523
13	526
13	647
13	1035
13	1410
13	1771
14	308
14	431
14	682
14	921
14	1093
14	1259
15	298
15	300
15	541
15	944
15	1281
16	366
16	789
16	1505
17	229
17	354
17	382
17	478
17	1290
17	1411
17	1634
17	1659
17	1775
18	374
18	1206
18	1754
19	875
19	1334
19	1543
20	765
20	1185
20	1645
21	104
21	256
21	1082
21	1595
22	498
22	1161
22	1507
22	1541
22	1621
22	1716
22	1750
23	29
23	669
23	846
23	1151
23	1356
23	1624
24	398
24	917
25	301
25	985
25	1187
25	1218
25	1352
25	1615
26	637
26	1381
27	857
27	1308
27	1687
28	288
28	503
28	840
28	996
28	1316
29	185
29	586
29	1189
30	113
30	1073
30	1619
30	1744
31	504
31	628
31	723
31	1035
32	64
32	280
32	584
32	695
32	1195
32	1487
32	1746
33	474
33	676
33	1438
34	226
34	371
34	532
34	983
34	1268
34	1359
35	244
35	306
35	480
35	714
35	1715
36	714
36	1485
36	1640
36	1654
36	1755
37	263
37	454
37	691
37	1036
37	1108
37	1257
37	1408
37	1617
38	1037
38	1065
38	1312
39	679
39	706
39	771
39	1002
39	1207
39	1244
39	1368
39	1642
39	1700
40	221
40	224
41	231
41	548
41	606
41	842
41	951
41	1020
42	276
42	585
42	1324
43	464
43	563
43	990
43	1606
44	183
44	388
44	747
44	1386
45	111
45	714
45	967
45	1070
46	401
46	1148
46	1445
47	161
47	315
47	649
48	136
48	216
48	320
48	338
48	588
48	1499
49	205
49	427
49	849
49	1206
50	795
51	444
51	466
51	665
51	1651
52	415
52	980
52	1055
52	1737
53	405
53	745
53	752
53	870
53	887
53	1332
54	377
54	453
54	878
54	946
54	982
54	1231
55	454
55	503
55	840
55	888
55	1346
56	1475
57	190
57	953
57	1719
58	158
58	617
58	684
58	1055
58	1388
58	1664
59	337
59	1481
60	118
61	1141
61	1608
62	650
62	1331
62	1492
62	1522
62	1598
62	1639
63	574
63	1153
64	682
64	714
64	751
64	1113
65	79
65	178
65	1434
65	1649
66	420
66	812
66	1230
66	1534
66	1751
67	469
67	897
67	1264
68	305
68	308
68	693
68	764
68	885
68	1408
68	1478
69	770
70	97
70	889
70	1749
71	147
71	657
71	1606
72	531
72	960
72	1039
72	1302
72	1533
73	306
73	947
73	1002
73	1236
73	1748
73	1783
74	934
74	1665
74	1714
75	450
75	1617
75	1778
76	399
76	574
76	675
76	966
77	1041
77	1167
77	1255
77	1319
78	446
78	737
79	389
80	374
80	619
80	864
81	468
81	983
81	1478
82	1443
83	1004
83	1086
83	1395
84	232
84	706
84	868
84	1109
84	1244
84	1450
84	1603
84	1711
85	760
85	1099
85	1640
85	1645
85	1662
86	515
86	583
86	859
87	1155
87	1308
87	1678
87	1723
87	1778
88	322
88	1419
89	229
89	603
89	637
89	1098
89	1564
89	1573
90	1431
90	1458
91	173
91	637
91	911
91	1136
91	1404
92	229
93	206
93	214
93	1302
93	1706
94	162
94	630
94	780
94	922
94	1156
95	444
95	1180
96	746
96	760
97	430
97	1039
97	1107
97	1238
97	1663
97	1703
98	227
98	530
98	533
98	1512
98	1648
98	1746
99	220
99	318
99	723
99	1432
100	346
100	649
100	1481
101	601
101	765
101	1798
102	1612
103	650
103	712
103	1180
103	1183
104	620
104	668
105	458
105	1242
105	1789
106	1023
107	136
107	354
107	802
108	124
108	773
108	1637
109	352
109	754
109	910
109	1736
110	503
110	1114
110	1560
110	1791
111	215
111	1486
112	559
112	1209
112	1471
112	1674
113	264
113	1016
113	1439
113	1529
114	172
114	515
114	776
114	1339
114	1406
114	1739
115	647
115	1023
116	1416
117	157
117	1295
117	1396
117	1561
118	962
118	993
119	257
119	569
119	1763
120	203
120	659
120	907
120	996
121	163
121	199
121	626
121	755
121	1583
122	188
122	551
122	740
122	1452
123	198
123	885
124	223
124	702
124	832
124	1090
125	724
125	815
125	996
126	1021
127	688
127	1066
127	1107
127	1388
127	1619
128	804
128	1150
128	1572
129	455
129	1212
129	1264
130	325
130	766
130	1359
131	432
131	433
131	1359
132	647
132	1032
132	1445
132	1627
133	298
133	480
133	1057
133	1060
133	1292
134	218
134	438
134	715
134	1653
134	1726
135	324
135	573
135	659
135	1069
135	1372
135	1447
136	441
136	535
136	1094
137	712
138	189
138	1173
138	1474
139	1044
139	1773
140	323
140	528
140	1045
141	1171
141	1465
141	1754
142	1158
142	1680
143	243
143	421
143	1559
143	1665
143	1679
143	1796
144	191
144	238
144	458
144	1064
144	1561
145	327
145	431
145	1551
146	405
146	1491
146	1745
147	394
147	574
147	801
147	1593
148	393
148	496
148	605
148	752
148	769
148	774
148	1288
148	1641
149	754
149	906
149	1340
150	172
150	1383
150	1778
151	229
151	625
151	845
151	1024
151	1641
152	561
152	607
153	259
153	723
153	823
154	374
154	1384
155	820
155	1174
155	1524
155	1701
155	1729
155	1763
156	1066
156	1140
156	1171
156	1285
156	1573
157	784
157	924
157	1188
158	1228
159	231
159	263
159	270
159	423
159	477
159	676
160	1163
160	1230
161	236
161	422
161	714
161	747
161	1161
161	1665
162	400
162	1466
162	1582
163	551
163	611
163	707
163	1214
163	1409
163	1516
163	1718
164	334
164	348
164	510
164	1331
165	291
165	322
165	521
165	655
165	761
165	1066
166	484
166	961
166	1443
166	1783
167	617
167	1046
168	942
168	999
168	1098
168	1780
169	425
169	763
169	842
170	340
170	760
170	1697
170	1792
171	926
172	479
172	596
172	667
172	966
172	1517
172	1646
172	1748
173	607
173	694
173	701
173	1380
173	1738
174	1436
174	1751
174	1798
175	280
175	455
175	1119
176	336
176	839
176	1042
176	1078
176	1454
177	206
177	1282
177	1465
177	1490
177	1569
178	209
178	407
178	747
178	870
178	1387
178	1502
178	1583
178	1742
179	264
179	819
179	983
179	1088
179	1134
179	1359
179	1794
180	208
180	979
180	1162
180	1304
180	1561
181	1346
181	1610
181	1773
182	312
182	343
182	383
182	414
182	1198
182	1239
182	1336
182	1795
183	252
183	1120
183	1277
183	1430
183	1683
184	671
185	947
185	1016
185	1225
185	1422
186	209
186	384
186	478
186	1024
186	1784
187	410
188	904
188	967
188	1408
189	798
189	950
189	1167
189	1300
189	1766
190	402
190	487
190	683
190	763
190	1059
190	1180
191	346
191	708
191	834
191	953
191	1093
192	250
192	336
192	389
192	393
192	851
192	1303
192	1772
193	540
193	898
193	1010
193	1115
193	1348
194	383
194	404
194	758
195	974
195	1791
196	213
196	544
196	1150
196	1439
196	1555
196	1644
197	726
197	1223
197	1245
197	1529
198	550
198	778
198	872
199	1212
199	1587
200	770
200	1105
200	1275
200	1473
201	464
202	377
202	764
202	1618
203	310
203	1534
204	248
204	1058
205	704
205	1413
206	497
206	1247
207	215
207	468
207	1729
208	882
208	1056
209	394
209	485
209	680
209	749
209	828
209	1050
209	1175
209	1209
209	1586
209	1603
210	395
210	428
210	1426
210	1669
211	969
211	1305
211	1766
212	497
212	976
212	1711
213	790
213	847
213	1579
213	1633
214	422
214	848
214	1165
214	1409
214	1727
215	1142
215	1212
215	1358
215	1602
215	1643
216	804
216	1160
216	1405
216	1799
217	456
217	857
217	1289
217	1327
217	1796
218	719
218	1161
218	1600
219	609
219	1004
219	1392
219	1652
220	1456
220	1542
220	1756
221	305
221	401
221	716
221	849
221	1473
221	1552
222	1083
222	1296
222	1726
223	904
223	972
223	1251
223	1681
223	1693
223	1723
224	400
224	905
225	1180
225	1596
225	1605
226	252
226	577
226	1160
226	1266
227	710
227	1487
228	341
228	1164
229	805
229	933
229	1468
229	1579
230	284
230	517
230	861
230	959
230	1287
230	1560
231	807
231	1425
232	1759
233	1289
233	1347
234	766
234	890
234	1744
235	704
235	1018
235	1044
235	1227
236	709
236	1017
236	1151
236	1603
237	405
237	1185
237	1621
238	419
239	1307
240	397
240	1118
241	803
241	847
242	698
242	1763
243	261
243	379
243	692
243	1086
244	860
244	1202
244	1265
244	1716
245	738
245	1335
245	1604
246	579
246	955
246	1220
247	912
247	1568
247	1633
248	506
248	768
248	784
248	820
248	993
248	1136
248	1161
249	987
249	1316
249	1409
249	1508
249	1522
249	1681
250	273
250	436
250	873
250	1450
250	1584
251	1536
252	759
252	1071
252	1481
253	265
253	1048
253	1773
253	1789
254	453
254	661
254	876
254	1395
254	1770
255	366
255	398
255	977
255	1089
255	1470
256	318
256	554
257	440
257	572
257	754
257	1300
257	1386
258	406
258	1300
258	1703
258	1728
259	1098
259	1323
260	597
260	850
260	871
260	1072
260	1090
261	913
262	263
262	958
262	1327
262	1342
263	367
263	876
263	1341
264	1091
265	391
265	558
265	627
265	1056
266	1343
266	1742
267	272
267	736
267	758
267	1001
267	1526
268	494
268	581
268	1253
268	1413
269	284
269	395
269	524
270	895
270	902
271	745
271	1330
272	1270
272	1363
272	1783
273	529
273	619
273	653
273	1144
274	495
274	670
274	1182
274	1342
274	1431
275	380
275	716
275	728
275	999
275	1617
275	1640
276	789
276	885
277	777
277	875
277	963
277	1005
277	1258
278	461
278	1139
278	1246
278	1294
278	1604
279	1344
279	1648
280	907
280	927
280	1015
280	1270
280	1519
281	380
281	402
281	438
281	499
281	1020
281	1177
281	1281
281	1293
282	1756
283	360
283	531
283	876
283	1079
284	339
284	991
284	1299
285	809
285	894
285	1085
285	1328
286	720
286	1127
287	779
287	1066
287	1483
287	1511
287	1686
288	806
288	1605
289	678
289	1177
289	1284
290	604
290	676
290	833
290	1221
291	1097
291	1451
291	1593
292	391
292	462
292	514
292	883
292	1183
292	1641
292	1709
293	572
293	1586
293	1786
294	1251
295	803
295	822
295	1305
296	662
296	748
296	863
296	867
296	1069
296	1167
296	1399
296	1657
296	1774
297	716
297	1120
297	1617
297	1671
298	1021
298	1268
299	1147
299	1255
300	714
300	884
300	898
300	1260
300	1390
300	1397
300	1508
300	1604
300	1657
300	1707
301	546
301	601
301	1006
302	695
302	876
302	1213
302	1577
303	343
303	1196
303	1563
304	394
304	783
304	1454
305	449
305	1433
305	1552
306	1273
306	1365
306	1424
307	445
307	571
307	778
307	798
307	1501
308	316
308	641
308	1445
308	1472
308	1528
309	956
309	1127
310	1478
310	1782
311	401
311	462
311	614
311	1107
311	1432
312	529
312	663
312	1308
312	1770
313	510
313	1277
314	711
314	771
314	1526
314	1590
314	1681
315	652
315	771
315	832
315	953
315	955
315	1063
316	1045
316	1112
316	1147
316	1384
316	1421
316	1428
317	400
317	616
317	802
317	1086
317	1160
317	1370
318	627
318	717
319	613
319	875
319	1083
319	1774
320	1223
320	1336
321	368
321	659
321	779
321	891
321	1324
321	1404
321	1427
321	1463
321	1640
322	493
322	601
322	625
322	1128
322	1372
322	1512
322	1735
323	660
323	961
323	1023
325	477
325	607
325	728
325	882
325	932
325	1144
325	1423
325	1630
326	1067
326	1291
326	1671
327	658
328	1348
328	1392
328	1653
329	800
329	973
329	1463
329	1600
329	1602
330	336
330	564
330	988
330	1129
330	1578
331	543
331	613
331	896
331	931
331	1522
331	1527
331	1715
332	933
332	1293
332	1371
332	1460
332	1536
332	1715
332	1739
334	594
334	1088
334	1479
334	1793
335	838
335	1297
335	1425
335	1446
335	1560
336	713
336	778
336	967
336	1739
337	351
337	791
337	1690
338	664
338	869
338	973
339	360
339	530
339	1308
339	1497
339	1659
340	379
340	462
340	482
340	516
340	656
340	772
340	1501
340	1729
341	398
341	582
341	684
341	1427
341	1600
341	1632
341	1749
342	375
342	1424
343	454
343	456
344	403
344	941
344	963
344	1058
344	1437
345	742
345	1004
345	1093
345	1507
346	1369
346	1743
347	480
347	647
347	701
347	1021
347	1078
347	1607
348	479
348	795
348	1493
349	1658
350	388
351	399
351	548
351	557
351	1114
351	1224
351	1285
351	1564
352	825
352	935
352	1574
352	1767
352	1798
352	1799
353	801
354	468
354	959
354	1548
355	1047
355	1277
355	1781
356	1104
357	971
358	676
358	745
358	1585
359	1169
359	1460
359	1601
359	1632
360	844
360	1395
360	1727
361	510
361	563
361	763
361	1053
361	1307
361	1367
361	1758
362	1465
362	1721
363	430
363	982
363	1135
363	1325
364	1131
364	1173
364	1674
365	392
365	602
365	1599
365	1779
366	1114
366	1441
366	1692
367	644
367	1007
367	1072
367	1293
369	1390
369	1799
370	742
370	954
370	1137
370	1211
370	1798
371	898
372	427
372	899
372	1364
372	1386
373	670
373	772
373	1219
373	1529
374	495
374	728
374	1066
374	1139
374	1365
374	1584
375	450
375	725
375	765
375	1019
375	1060
375	1396
375	1421
375	1455
376	414
376	1096
376	1189
377	506
377	564
377	633
378	493
378	709
379	783
379	1245
379	1790
380	470
380	477
381	1193
381	1399
381	1453
381	1713
382	524
382	1054
382	1308
382	1381
382	1447
382	1663
383	648
383	755
383	875
383	1309
384	462
384	635
384	1243
385	1098
385	1513
386	1142
386	1558
386	1560
387	1624
388	683
388	1090
388	1489
389	1444
389	1604
389	1691
390	950
390	1429
391	1294
392	503
392	527
392	812
392	1105
392	1343
393	768
393	1138
393	1232
393	1752
394	868
394	966
394	1645
395	790
395	1407
396	602
396	1609
397	508
397	541
397	986
397	1151
397	1610
397	1749
398	683
398	919
398	1290
399	1212
399	1415
399	1610
399	1799
400	795
400	953
400	1535
400	1541
400	1746
400	1789
401	1021
401	1080
401	1253
401	1355
402	431
402	628
403	433
403	1140
404	586
404	1240
404	1390
404	1614
405	876
405	1215
405	1776
405	1798
406	1509
407	436
407	484
407	702
407	857
407	858
408	733
408	1465
408	1555
408	1575
409	454
409	473
409	768
409	774
409	1040
409	1161
409	1423
409	1653
409	1715
410	905
410	954
410	1028
410	1037
410	1426
410	1434
411	1660
412	566
412	1643
413	784
413	1581
414	975
414	1324
414	1590
415	591
415	748
415	843
415	1305
416	1052
417	921
417	939
417	951
417	1337
417	1475
418	667
418	805
418	1626
418	1639
418	1782
419	535
419	755
419	1056
419	1278
419	1733
420	567
420	633
420	958
420	1229
421	1441
421	1547
421	1552
422	605
422	1322
422	1734
423	1167
423	1479
423	1516
423	1539
424	583
424	675
424	1155
424	1558
424	1629
424	1671
425	624
425	725
425	1051
425	1223
426	703
427	1163
428	1612
428	1661
429	841
429	1610
430	578
431	618
431	1026
432	554
432	852
432	1159
432	1251
432	1754
433	670
433	925
433	1537
433	1606
434	1034
434	1333
434	1558
434	1704
435	1203
436	690
436	1109
436	1204
436	1433
437	600
438	467
438	841
438	1348
439	746
439	949
439	1040
439	1089
440	457
440	502
440	757
440	1529
441	813
441	1305
442	841
442	1014
442	1607
443	1083
443	1447
444	959
445	887
445	1181
445	1709
446	567
446	752
446	824
446	1048
446	1617
446	1731
447	1149
447	1544
448	1004
448	1383
449	678
449	763
449	880
449	1317
450	1009
450	1784
451	667
451	1213
451	1647
452	551
452	642
452	1026
452	1120
453	875
453	1160
453	1390
453	1494
453	1740
454	737
454	1078
455	1270
455	1491
455	1543
456	620
456	1245
456	1598
457	640
457	1044
457	1061
458	461
458	973
458	1365
459	875
459	1578
460	1688
461	615
461	776
461	791
461	954
461	1022
461	1214
461	1310
462	754
463	659
463	1037
463	1530
463	1531
464	605
464	1503
465	658
465	1790
466	486
466	541
466	1632
467	510
467	931
468	856
468	963
468	1514
468	1680
469	586
469	786
469	842
469	1325
469	1782
470	497
470	723
470	852
470	865
470	1138
470	1753
471	662
471	851
471	1780
472	545
472	552
472	877
472	890
472	894
472	1216
472	1766
473	803
473	1068
473	1163
473	1448
473	1555
474	781
474	1653
474	1667
474	1781
475	899
475	1051
475	1310
476	943
476	1306
477	879
477	931
477	1342
477	1365
477	1712
478	610
478	841
478	1124
478	1199
479	672
479	1214
479	1633
481	637
481	813
481	1318
481	1655
482	1426
483	1786
484	688
484	892
484	1173
484	1196
484	1397
484	1579
484	1737
485	878
485	947
485	1363
486	702
486	913
487	685
487	1170
488	555
488	573
488	1344
489	704
489	746
489	893
489	1324
489	1357
490	516
491	572
491	1388
491	1756
491	1790
492	542
492	810
492	1228
492	1684
493	707
493	745
493	1223
494	1161
494	1408
494	1566
495	551
495	942
495	1468
495	1573
496	1455
497	636
497	676
497	707
497	797
497	1207
497	1420
497	1522
498	639
498	972
498	1318
499	1071
499	1195
499	1301
500	662
500	1138
500	1290
500	1616
501	1329
502	569
502	1465
503	1073
503	1188
504	1084
504	1469
504	1487
504	1672
505	635
505	1191
507	1255
507	1759
508	1225
508	1665
509	1024
510	719
510	1175
510	1451
510	1470
510	1662
511	684
512	628
512	735
512	1583
513	944
513	997
513	1660
514	603
514	753
514	939
514	1359
514	1629
515	556
515	741
515	1467
515	1566
517	1154
518	912
519	1068
520	726
520	743
520	1080
520	1690
521	793
521	1318
521	1326
521	1502
521	1552
521	1645
522	601
522	1040
522	1069
522	1176
522	1197
523	1717
524	934
524	978
524	1151
524	1217
524	1778
524	1786
525	659
525	1211
525	1493
525	1679
525	1712
526	919
526	1198
526	1783
527	785
527	1289
527	1488
527	1594
527	1720
528	620
528	1257
528	1643
529	1032
529	1636
529	1650
530	1452
530	1771
532	1682
533	818
533	1239
533	1558
533	1598
533	1612
534	1430
534	1659
534	1739
535	1330
535	1408
536	688
536	703
536	1196
536	1344
536	1415
536	1787
537	1243
537	1588
538	847
538	888
538	1156
538	1332
538	1418
538	1729
539	889
539	923
539	1190
539	1271
539	1774
540	597
540	804
540	897
540	1107
540	1266
540	1282
540	1358
540	1401
540	1416
541	845
541	958
541	1409
541	1478
542	851
542	1203
542	1262
542	1335
542	1442
542	1685
542	1795
543	1131
543	1412
544	573
544	739
544	758
544	1128
545	659
545	1264
545	1325
546	1576
547	1151
547	1261
547	1264
547	1347
547	1778
548	735
548	1242
548	1409
549	1242
549	1462
549	1584
549	1749
550	572
550	1354
551	560
551	608
551	826
551	904
551	1489
551	1730
552	568
552	587
552	963
552	1029
552	1065
553	590
553	672
553	1019
553	1162
553	1475
554	915
554	1056
555	608
555	1123
555	1174
555	1287
555	1485
556	1275
556	1492
557	601
557	1305
557	1441
558	566
558	888
558	1319
559	589
559	790
559	1009
559	1117
559	1716
560	846
560	1114
560	1795
561	1158
561	1259
562	618
562	697
562	1262
562	1313
562	1624
562	1681
563	1759
564	909
564	1084
564	1104
564	1233
564	1369
565	1153
565	1218
566	596
566	1419
566	1678
568	1268
568	1708
569	670
569	685
569	1261
569	1296
569	1676
570	882
570	966
570	1527
570	1572
571	1085
571	1167
571	1642
573	1139
573	1469
574	880
574	968
574	1704
575	842
575	1259
575	1485
576	844
576	1263
577	583
577	730
577	833
577	1058
577	1319
577	1577
578	667
578	736
578	936
578	1235
578	1324
578	1472
578	1550
579	735
579	992
579	1626
579	1733
579	1749
580	638
580	757
581	781
581	1267
581	1639
582	1440
582	1704
583	1043
583	1555
584	1142
585	764
585	797
585	1397
585	1480
586	612
586	963
586	1301
586	1456
586	1684
587	967
587	1688
588	924
588	989
588	1658
589	654
589	691
589	763
589	1025
589	1279
589	1732
590	989
590	1115
591	1292
591	1637
592	1244
593	953
593	1728
594	595
594	1206
594	1475
594	1755
595	1627
596	1362
596	1411
596	1656
597	700
597	710
597	950
597	1329
597	1502
597	1714
598	1612
599	1468
599	1570
600	889
600	1051
600	1305
600	1602
602	612
602	873
602	977
602	1603
603	746
603	859
603	1780
604	932
604	1318
604	1600
604	1775
605	729
605	1114
605	1209
605	1222
605	1366
606	1700
607	686
607	715
607	875
607	1141
607	1441
607	1638
608	1681
609	629
609	822
609	1130
609	1253
609	1405
610	1387
611	1051
611	1272
612	1172
613	635
613	1619
614	830
614	1066
614	1138
614	1704
615	877
615	1545
616	1593
617	768
617	801
618	735
618	771
618	899
618	1081
618	1105
619	659
619	935
619	1784
620	1227
621	1252
622	1159
622	1246
622	1605
623	1540
624	722
624	1132
624	1152
624	1411
624	1523
624	1587
625	786
625	796
626	927
627	1428
627	1511
628	885
628	1002
628	1743
629	747
629	849
629	1609
630	915
630	1029
630	1316
631	973
631	1065
631	1125
631	1423
632	739
632	886
632	1304
634	787
634	1356
634	1368
635	1094
635	1557
635	1748
636	677
636	869
636	876
636	1452
636	1490
636	1689
637	1345
637	1759
638	745
638	825
638	1016
638	1202
639	878
639	1415
639	1788
640	1196
640	1324
640	1586
641	762
641	1580
641	1619
641	1719
641	1744
642	1159
643	1028
644	1019
645	662
645	812
645	1070
645	1621
645	1722
646	655
646	671
647	861
648	805
648	1526
649	690
649	809
650	1454
650	1699
651	757
651	934
651	962
651	1119
651	1486
653	1157
653	1358
653	1575
655	843
655	1421
656	1108
656	1121
656	1479
656	1485
658	735
658	1485
659	740
659	1273
660	939
660	1715
661	841
661	1427
661	1718
663	1012
663	1092
663	1686
664	682
664	729
664	864
664	1037
664	1468
665	1495
665	1790
666	980
666	994
666	1053
666	1296
666	1461
666	1464
667	1293
667	1478
668	1118
668	1219
668	1309
668	1603
669	1039
669	1279
669	1311
669	1408
669	1487
669	1580
670	1049
670	1112
670	1490
670	1564
671	923
671	1548
671	1639
672	768
672	905
672	978
672	1062
673	734
673	1218
673	1550
674	710
674	1139
674	1222
674	1326
674	1579
674	1659
675	729
675	1397
676	811
676	1072
676	1593
676	1643
677	696
677	783
677	1280
677	1432
677	1520
677	1634
677	1755
678	1322
678	1427
678	1613
679	931
679	1385
679	1564
680	732
680	981
680	1076
680	1288
681	794
681	1313
682	759
683	1614
684	763
684	1524
684	1536
685	744
685	1186
685	1229
686	914
686	1086
686	1755
687	722
687	1388
687	1589
687	1713
688	792
688	850
688	1183
689	1024
689	1282
689	1456
689	1793
690	706
690	1266
690	1564
690	1798
691	796
691	1096
691	1238
691	1384
692	916
692	927
692	1316
692	1624
692	1738
693	756
693	942
693	1120
694	757
694	1276
695	1645
696	724
696	1133
696	1674
697	1170
697	1350
698	996
699	910
699	1025
699	1333
699	1493
699	1705
700	846
700	1062
700	1139
700	1490
701	1109
701	1245
701	1508
701	1694
702	844
702	896
702	1446
703	1324
705	986
705	1489
705	1627
706	749
706	1039
706	1468
707	1758
708	1146
709	1244
709	1264
710	787
710	926
710	961
710	1138
711	984
711	1156
711	1677
712	850
712	1386
712	1480
713	783
713	1053
714	883
714	1686
715	744
716	1003
716	1124
716	1188
716	1453
716	1592
716	1685
717	1368
718	839
718	1109
718	1127
719	968
719	1174
719	1373
720	798
720	1022
720	1059
721	1202
721	1364
721	1514
721	1766
722	962
722	999
722	1003
722	1043
723	1323
723	1797
724	1338
724	1613
725	805
725	1154
725	1663
726	1016
726	1032
726	1759
727	774
727	1295
727	1306
729	1000
729	1118
729	1257
730	754
730	1287
731	1203
732	1158
733	1361
734	943
735	856
735	1037
735	1639
735	1652
735	1654
736	1069
736	1145
737	865
737	1129
738	830
738	1721
739	1305
739	1405
740	1425
740	1508
741	955
741	1707
742	757
742	802
742	834
742	842
742	921
742	1289
743	915
743	1113
743	1398
743	1571
744	843
744	1531
744	1599
745	752
745	1012
747	762
748	1108
748	1446
749	1513
749	1743
750	1026
751	1064
751	1753
751	1757
752	910
752	1238
752	1387
752	1452
753	901
753	1483
754	1425
754	1587
755	1242
756	1418
756	1761
757	1594
757	1617
758	1600
759	1682
760	1039
760	1195
760	1308
760	1420
760	1650
761	1146
761	1690
762	930
762	1587
763	885
763	1318
763	1363
763	1483
764	766
764	859
764	1112
764	1175
764	1550
764	1559
765	1712
766	1428
767	790
768	1435
769	961
769	1251
769	1475
770	1028
770	1705
771	1232
771	1262
771	1319
771	1395
771	1719
771	1755
772	1227
773	928
773	1028
773	1376
773	1383
774	1360
775	882
775	1076
776	1722
777	1157
777	1609
777	1677
778	825
778	1149
779	1412
780	1166
780	1518
780	1772
781	1183
782	978
782	1549
782	1591
783	1594
783	1701
783	1746
784	1181
784	1271
784	1422
784	1779
785	822
785	1535
786	1464
787	994
788	1763
789	1010
789	1012
789	1104
789	1383
789	1516
790	1763
792	878
792	927
792	1702
793	1026
793	1277
793	1788
794	884
794	931
794	1502
794	1694
795	1612
795	1780
797	1144
797	1227
797	1228
797	1409
797	1587
798	932
799	1785
800	1147
800	1372
800	1531
800	1770
801	822
801	845
801	927
801	1182
801	1433
801	1622
802	1544
802	1679
802	1699
803	917
804	1102
804	1391
804	1591
804	1786
805	823
805	921
805	1023
805	1748
806	1534
806	1640
807	1047
807	1413
808	1181
808	1348
808	1746
809	845
809	1129
809	1611
810	815
810	822
810	1019
811	1021
811	1399
811	1445
811	1660
812	1404
812	1641
812	1797
814	923
814	1201
815	1210
815	1415
815	1523
816	897
816	1260
817	1189
818	1405
820	1117
820	1334
821	1048
822	1215
823	1161
823	1488
824	888
824	1273
825	1280
825	1560
826	1071
826	1687
826	1776
827	1428
828	960
828	1143
828	1583
829	1283
829	1602
829	1652
830	936
831	892
833	1140
833	1463
833	1608
834	1586
835	908
835	1192
836	931
836	1066
836	1744
837	875
837	1033
838	968
839	1019
839	1053
840	876
840	1169
840	1223
841	1377
841	1694
841	1731
841	1781
842	1316
842	1419
842	1627
843	1580
843	1759
844	955
845	899
845	1114
845	1269
846	860
847	860
847	1070
848	1592
848	1707
849	1176
850	1733
850	1779
851	938
851	1041
851	1265
851	1635
852	1371
852	1670
853	1087
853	1522
854	1439
854	1446
855	1440
856	951
856	1514
856	1554
856	1724
857	1005
858	1456
858	1669
859	961
859	1574
860	1541
861	1067
861	1400
861	1482
862	1493
863	1008
864	1128
864	1499
865	1222
865	1266
865	1650
866	1555
867	1185
867	1515
868	900
868	1009
868	1575
869	1490
870	1382
870	1763
872	1350
873	1256
873	1353
873	1797
874	1116
874	1552
874	1612
874	1634
875	1178
875	1225
877	1309
878	1288
878	1572
878	1632
878	1725
880	1174
880	1361
880	1724
881	930
881	1053
881	1354
882	1245
882	1282
883	1637
884	1637
885	931
885	1565
886	1090
887	936
887	1233
887	1525
888	1011
889	950
889	975
890	924
890	1040
891	1500
891	1513
891	1667
891	1758
893	1169
893	1273
893	1430
894	933
894	1315
894	1334
895	1020
895	1106
895	1242
896	1474
896	1577
897	1294
898	1096
900	1221
900	1285
900	1422
900	1609
901	1318
901	1641
902	1214
903	1307
904	1180
904	1314
905	1192
905	1288
905	1453
906	1179
906	1481
906	1634
907	1011
907	1134
907	1340
908	1798
909	1029
909	1613
909	1678
910	924
910	1236
911	919
911	966
912	1095
912	1625
913	1719
914	1298
915	950
915	1362
915	1601
916	1078
916	1083
916	1223
917	945
918	1549
918	1560
918	1597
918	1613
918	1651
919	1261
919	1486
920	1777
922	1447
923	1523
923	1587
923	1788
924	965
924	1117
924	1588
924	1632
924	1796
925	1330
925	1583
925	1797
926	1026
926	1789
927	1081
928	1170
928	1461
929	1278
929	1471
929	1549
929	1617
930	1332
930	1449
930	1490
930	1686
931	1298
931	1639
932	1418
932	1695
935	1515
935	1535
935	1783
937	945
937	1514
938	1123
938	1375
939	1170
939	1299
939	1600
939	1718
939	1759
940	1339
942	1099
942	1119
943	1386
944	1085
944	1276
944	1377
945	1074
945	1462
945	1540
946	1621
946	1707
947	976
948	1585
948	1732
949	1272
949	1534
950	1420
950	1485
952	1204
952	1229
953	1025
953	1095
953	1755
954	1413
954	1440
954	1619
955	961
955	1389
956	1187
956	1503
957	967
957	1538
958	1575
959	1595
960	1082
960	1103
960	1161
960	1198
960	1225
960	1517
960	1590
960	1700
961	1168
961	1573
961	1742
963	1034
963	1372
964	1099
964	1152
964	1280
965	1253
966	1004
966	1022
966	1262
966	1329
966	1394
967	1311
967	1514
968	1380
968	1592
970	1443
970	1609
971	1188
972	1058
972	1468
972	1590
973	1133
973	1454
974	1155
974	1232
974	1653
975	1427
976	1121
976	1566
977	1289
977	1598
977	1648
978	1295
979	1379
979	1451
979	1783
980	1012
980	1149
980	1296
980	1439
980	1509
980	1649
981	1151
982	1292
982	1765
983	1591
983	1733
984	1189
985	1146
985	1257
985	1623
986	1620
987	1004
987	1044
987	1515
987	1631
987	1673
988	1207
988	1294
988	1677
989	1226
990	1224
990	1565
991	1029
991	1323
991	1734
992	1592
993	1589
994	1070
994	1114
995	1008
995	1066
995	1177
995	1334
998	1076
998	1314
998	1368
998	1515
998	1748
998	1757
999	1649
1000	1394
1000	1784
1001	1235
1001	1505
1002	1626
1002	1682
1004	1071
1004	1093
1004	1173
1005	1235
1005	1259
1005	1465
1007	1024
1007	1037
1007	1048
1007	1791
1008	1097
1009	1399
1009	1434
1009	1514
1011	1395
1011	1505
1011	1733
1012	1364
1013	1259
1013	1449
1013	1506
1013	1668
1014	1017
1014	1364
1015	1682
1015	1697
1016	1485
1017	1114
1017	1760
1018	1055
1018	1118
1019	1583
1019	1592
1020	1277
1020	1369
1020	1412
1021	1570
1021	1628
1022	1355
1023	1030
1023	1756
1024	1174
1024	1669
1024	1781
1025	1142
1026	1173
1026	1716
1027	1554
1028	1731
1029	1375
1030	1137
1031	1057
1033	1229
1033	1551
1035	1437
1035	1471
1036	1263
1036	1326
1038	1040
1038	1443
1038	1454
1039	1704
1039	1720
1040	1463
1041	1225
1041	1299
1041	1669
1041	1733
1042	1095
1042	1648
1042	1707
1043	1730
1044	1460
1044	1496
1044	1671
1045	1197
1046	1457
1048	1098
1048	1453
1050	1330
1051	1220
1052	1167
1052	1430
1052	1445
1052	1623
1054	1162
1054	1202
1054	1508
1054	1589
1055	1159
1055	1259
1055	1683
1055	1718
1056	1348
1056	1530
1056	1600
1056	1795
1057	1601
1058	1231
1058	1470
1058	1472
1058	1793
1059	1525
1060	1133
1060	1282
1063	1452
1064	1616
1064	1687
1065	1110
1066	1628
1066	1780
1068	1137
1068	1581
1069	1320
1070	1506
1071	1657
1072	1759
1072	1787
1073	1613
1074	1245
1074	1403
1075	1568
1075	1736
1076	1421
1077	1646
1078	1243
1079	1214
1079	1592
1079	1668
1080	1092
1080	1273
1080	1557
1080	1756
1081	1241
1081	1398
1082	1232
1082	1267
1082	1668
1083	1153
1083	1365
1083	1704
1084	1201
1085	1153
1085	1157
1086	1436
1086	1557
1086	1646
1087	1499
1087	1629
1089	1493
1089	1646
1089	1755
1089	1768
1090	1762
1091	1190
1091	1247
1092	1119
1092	1122
1092	1396
1092	1604
1093	1193
1093	1272
1093	1286
1093	1518
1094	1246
1094	1280
1094	1314
1095	1126
1095	1143
1095	1153
1095	1427
1096	1124
1099	1447
1099	1563
1099	1695
1100	1123
1101	1114
1101	1397
1101	1506
1102	1307
1102	1775
1103	1711
1104	1611
1105	1184
1105	1764
1106	1475
1107	1500
1107	1789
1108	1370
1108	1377
1108	1438
1109	1266
1109	1329
1109	1771
1110	1270
1111	1634
1112	1213
1113	1151
1114	1277
1115	1558
1116	1255
1116	1594
1117	1255
1118	1596
1118	1602
1118	1659
1119	1359
1120	1788
1121	1743
1123	1351
1125	1405
1126	1277
1126	1443
1126	1741
1129	1311
1129	1405
1129	1722
1130	1390
1130	1781
1131	1214
1131	1518
1131	1772
1132	1322
1132	1627
1133	1552
1135	1537
1135	1554
1136	1409
1137	1145
1137	1360
1137	1612
1138	1268
1139	1553
1139	1793
1142	1578
1143	1519
1143	1572
1143	1697
1144	1310
1144	1490
1144	1504
1145	1263
1145	1503
1145	1716
1145	1791
1146	1213
1146	1632
1146	1642
1146	1745
1147	1290
1148	1166
1148	1424
1149	1220
1149	1764
1151	1523
1152	1401
1152	1461
1152	1743
1153	1382
1153	1595
1153	1739
1154	1764
1154	1785
1157	1262
1157	1478
1158	1264
1158	1698
1159	1796
1160	1215
1160	1535
1160	1591
1161	1335
1161	1446
1162	1597
1162	1623
1164	1798
1167	1536
1169	1669
1170	1707
1171	1490
1172	1530
1172	1606
1174	1372
1174	1773
1175	1350
1176	1237
1176	1396
1176	1734
1177	1696
1178	1605
1178	1640
1178	1690
1179	1318
1179	1570
1180	1237
1182	1249
1182	1615
1183	1401
1183	1616
1184	1414
1185	1189
1185	1771
1186	1364
1187	1296
1187	1760
1188	1230
1188	1263
1188	1348
1188	1686
1190	1212
1191	1318
1191	1749
1192	1435
1193	1775
1194	1450
1194	1773
1196	1388
1197	1267
1202	1762
1203	1417
1203	1475
1203	1488
1204	1684
1205	1779
1206	1243
1206	1527
1206	1622
1208	1237
1208	1273
1208	1737
1209	1327
1210	1717
1211	1427
1212	1470
1213	1243
1215	1227
1216	1294
1216	1393
1217	1528
1218	1680
1219	1700
1220	1699
1222	1513
1223	1268
1223	1460
1223	1481
1224	1248
1224	1681
1225	1716
1228	1686
1228	1775
1229	1721
1231	1278
1231	1397
1232	1290
1232	1334
1232	1741
1233	1234
1233	1477
1234	1461
1234	1703
1235	1468
1237	1346
1237	1631
1238	1382
1240	1783
1241	1420
1244	1420
1245	1772
1248	1556
1249	1629
1250	1522
1251	1377
1251	1387
1251	1504
1253	1274
1253	1758
1254	1299
1254	1347
1255	1369
1255	1567
1256	1543
1257	1307
1258	1295
1258	1319
1259	1350
1260	1787
1261	1409
1261	1658
1262	1393
1262	1497
1263	1356
1263	1411
1263	1571
1263	1640
1263	1751
1265	1460
1266	1442
1267	1502
1268	1293
1268	1570
1270	1280
1271	1609
1271	1646
1273	1510
1273	1520
1273	1691
1274	1416
1276	1321
1276	1544
1276	1681
1276	1686
1277	1442
1277	1774
1278	1449
1280	1282
1280	1352
1280	1609
1281	1612
1282	1471
1282	1573
1282	1595
1283	1326
1285	1368
1286	1631
1287	1395
1287	1455
1287	1515
1289	1335
1289	1486
1290	1458
1290	1688
1290	1772
1291	1507
1294	1389
1294	1742
1296	1446
1296	1494
1296	1795
1299	1477
1301	1330
1301	1458
1301	1655
1301	1724
1301	1734
1302	1788
1303	1339
1304	1392
1305	1383
1305	1409
1306	1397
1309	1508
1309	1597
1311	1395
1312	1798
1314	1561
1315	1502
1315	1639
1315	1768
1316	1587
1316	1689
1317	1541
1317	1681
1318	1409
1318	1625
1318	1733
1320	1775
1322	1769
1323	1661
1323	1793
1324	1584
1324	1690
1325	1335
1326	1660
1330	1469
1331	1646
1331	1701
1331	1778
1332	1499
1333	1550
1333	1737
1334	1389
1334	1499
1334	1741
1335	1550
1335	1597
1336	1410
1337	1694
1337	1700
1338	1689
1340	1542
1342	1417
1343	1383
1343	1403
1343	1573
1344	1548
1346	1727
1346	1756
1347	1450
1347	1465
1348	1609
1349	1449
1349	1462
1350	1522
1350	1630
1351	1501
1352	1572
1352	1765
1354	1361
1354	1737
1355	1455
1355	1750
1356	1520
1358	1410
1358	1569
1359	1498
1361	1736
1364	1386
1366	1575
1367	1703
1370	1429
1370	1704
1373	1463
1374	1588
1375	1413
1375	1420
1376	1594
1376	1796
1377	1484
1378	1525
1380	1583
1380	1790
1383	1396
1384	1606
1385	1484
1386	1507
1387	1542
1387	1567
1388	1459
1388	1795
1389	1712
1390	1623
1391	1472
1392	1544
1393	1430
1393	1596
1393	1701
1395	1778
1397	1657
1399	1483
1400	1621
1400	1699
1401	1544
1401	1686
1402	1417
1403	1766
1403	1779
1404	1456
1404	1496
1404	1565
1405	1506
1405	1513
1405	1638
1405	1640
1405	1729
1408	1576
1408	1767
1410	1735
1413	1726
1414	1706
1414	1778
1419	1428
1420	1589
1420	1711
1421	1589
1422	1715
1422	1760
1422	1764
1422	1796
1423	1572
1424	1781
1425	1546
1425	1777
1427	1593
1427	1649
1427	1706
1429	1653
1430	1501
1432	1677
1433	1606
1435	1747
1436	1632
1436	1648
1438	1529
1439	1665
1440	1649
1441	1686
1441	1745
1442	1545
1442	1680
1445	1562
1445	1680
1447	1571
1447	1599
1452	1749
1453	1775
1455	1535
1455	1560
1455	1769
1458	1469
1460	1480
1461	1788
1462	1544
1463	1527
1463	1711
1464	1754
1465	1481
1466	1777
1467	1646
1468	1541
1469	1663
1469	1710
1470	1614
1472	1563
1472	1651
1472	1685
1472	1791
1474	1492
1474	1762
1476	1597
1482	1666
1483	1607
1484	1693
1488	1520
1488	1619
1488	1705
1488	1717
1492	1530
1492	1700
1495	1635
1495	1648
1496	1592
1497	1737
1498	1671
1500	1789
1501	1652
1506	1621
1507	1636
1508	1572
1514	1563
1516	1707
1517	1572
1517	1610
1517	1710
1521	1628
1521	1634
1522	1763
1523	1710
1524	1690
1524	1715
1530	1647
1532	1572
1533	1628
1534	1574
1534	1749
1537	1646
1537	1671
1537	1690
1537	1760
1538	1693
1542	1560
1543	1744
1549	1763
1550	1696
1550	1733
1552	1773
1554	1676
1559	1676
1562	1763
1566	1628
1566	1721
1574	1596
1575	1768
1577	1634
1578	1589
1578	1763
1580	1676
1582	1681
1583	1604
1583	1662
1585	1714
1589	1705
1590	1598
1591	1760
1594	1660
1594	1671
1595	1635
1595	1691
1595	1773
1597	1739
1600	1746
1601	1632
1604	1663
1604	1678
1606	1628
1608	1732
1608	1747
1614	1798
1617	1700
1619	1665
1624	1740
1628	1682
1630	1756
1631	1634
1632	1761
1634	1675
1637	1661
1641	1762
1649	1669
1651	1720
1658	1686
1663	1707
1665	1746
1674	1738
1684	1688
1686	1728
1692	1716
1708	1724
1714	1757
1722	1764
1722	1781
1727	1792
1733	1744
1733	1752
1734	1736
1737	1772
1739	1743
1747	1758
1749	1761
1765	1768