0	74
0	331
0	687
1	314
1	519
1	753
1	1001
1	1178
1	1441
2	25
2	211
2	825
2	962
2	1041
3	63
3	478
3	721
3	1467
4	54
4	382
4	1122
4	1503
5	191
5	1586
6	518
6	1581
7	1078
7	1241
7	1456
8	295
8	673
8	701
9	66
9	384
9	926
10	666
10	1096
11	48
11	136
11	1023
11	1237
12	931
12	1106
12	1525
13	228
13	409
13	756
13	792
13	1268
13	1638
14	195
14	605
14	633
14	1124
14	1725
15	328
15	344
15	473
15	544
15	735
15	779
15	909
15	1407
15	1505
15	1743
15	1797
16	1250
17	58
17	942
17	1563
18	749
18	933
18	1119
19	269
19	506
19	1624
20	466
20	515
20	893
20	1258
20	1365
21	105
21	483
21	1180
21	1786
22	238
22	257
22	380
22	618
22	674
22	1208
22	1339
23	274
23	749
23	1007
23	1701
24	252
24	1340
24	1426
24	1456
24	1484
24	1549
24	1747
25	945
25	1122
25	1217
25	1782
26	457
26	1655
27	632
27	815
27	926
27	1035
27	1175
28	162
28	518
28	873
29	815
29	829
29	952
29	1326
29	1469
29	1503
29	1636
30	712
30	896
30	1054
30	1146
30	1395
30	1420
31	163
31	425
31	824
31	1190
31	1227
31	1571
31	1578
32	869
32	1207
33	55
33	56
33	680
33	1623
33	1663
34	247
34	267
34	1001
34	1054
34	1671
34	1769
35	111
35	140
35	178
35	185
35	456
35	1088
36	105
36	543
36	812
36	873
36	1496
37	48
37	333
37	403
37	605
38	263
38	452
38	987
39	84
39	615
39	677
39	680
39	1067
39	1634
40	617
41	257
41	785
41	1033
41	1230
41	1407
42	546
42	1233
42	1772
42	1789
43	502
43	545
43	907
43	939
43	1113
43	1240
43	1374
43	1503
43	1668
43	1769
44	71
44	103
44	736
44	1377
45	1005
46	122
46	582
46	932
46	1094
46	1372
46	1442
46	1504
46	1768
47	112
47	395
47	646
47	1518
47	1592
48	1014
49	110
49	226
49	610
49	1441
49	1757
50	1117
50	1191
50	1387
50	1667
51	61
51	261
51	738
52	554
52	629
52	705
52	1016
53	1362
54	530
54	620
54	745
54	979
55	416
55	1140
55	1799
56	428
56	544
56	732
56	1193
56	1767
57	66
57	554
57	628
57	800
57	1367
58	527
58	990
59	465
59	1792
60	522
60	1457
61	218
61	969
61	1177
61	1468
61	1515
61	1676
61	1745
62	109
62	431
62	709
62	1047
63	730
63	985
63	1614
63	1790
64	485
64	500
64	619
64	734
64	946
65	295
65	332
65	453
65	500
65	1007
65	1749
66	621
66	756
66	1202
66	1465
67	118
67	229
67	1052
67	1125
67	1279
67	1575
68	92
68	1320
68	1485
68	1486
68	1721
68	1747
69	358
69	746
69	1352
69	1436
70	355
70	359
70	496
70	771
70	793
70	922
70	1393
70	1405
71	202
71	560
71	1442
71	1492
71	1589
72	351
72	713
72	841
72	881
72	947
72	1012
72	1380
72	1759
73	465
73	962
74	737
74	840
74	1044
74	1675
75	120
75	447
75	1738
76	410
76	914
76	1036
76	1650
77	242
77	515
77	1166
77	1591
78	88
78	197
78	1092
78	1370
78	1616
78	1786
79	94
79	832
79	1268
79	1271
79	1459
79	1529
79	1666
79	1723
80	96
80	291
80	807
80	1210
80	1427
80	1547
81	104
81	644
81	694
81	765
81	1001
82	1055
82	1232
82	1727
83	191
83	726
83	1257
84	703
85	171
85	216
85	988
86	494
86	796
86	1190
86	1353
86	1406
86	1570
86	1577
87	164
87	826
87	1174
87	1444
87	1528
88	788
88	931
88	1414
89	309
89	451
89	651
89	1163
89	1180
89	1742
90	663
90	708
90	795
90	876
90	1307
90	1367
90	1390
91	281
91	1160
91	1567
91	1594
92	700
92	1034
92	1062
92	1712
93	158
93	249
93	343
93	412
93	513
93	515
93	592
93	877
93	1439
93	1656
94	815
94	1075
94	1420
94	1458
94	1500
94	1644
95	942
95	991
95	1491
95	1697
96	475
96	605
96	1410
96	1562
97	295
97	765
98	848
98	901
98	1102
98	1126
98	1766
99	525
99	982
99	1032
100	556
100	1275
101	173
101	1096
102	973
103	179
103	655
104	323
104	1104
104	1208
104	1519
105	1354
105	1754
106	341
106	473
106	714
106	1496
106	1658
107	248
107	498
107	599
107	1340
107	1355
107	1673
108	319
108	1292
109	117
109	393
109	1097
109	1763
110	160
110	333
110	359
110	379
110	573
110	698
110	731
110	1313
110	1468
110	1522
110	1691
110	1734
111	127
111	459
111	754
111	912
111	1324
111	1592
112	227
113	175
113	591
113	1021
113	1774
114	528
114	1349
114	1716
115	207
115	343
115	446
115	555
115	1281
115	1496
116	208
116	515
116	895
117	690
117	1103
117	1410
118	1147
119	563
119	1684
120	458
120	1098
120	1673
121	779
121	1198
122	939
122	1023
122	1303
123	165
123	233
123	869
123	1148
123	1292
123	1522
124	239
124	532
125	159
126	796
126	1547
126	1681
127	1526
128	390
128	1669
129	816
129	1399
129	1741
130	233
130	743
130	886
130	992
131	353
131	671
131	743
131	1565
132	377
132	751
133	226
133	677
133	1396
133	1466
133	1515
133	1774
134	481
134	1003
134	1106
135	552
135	695
135	711
135	801
135	1200
135	1363
135	1758
136	249
136	432
136	523
136	1223
137	629
137	846
137	1430
138	777
138	1108
139	402
139	748
139	964
139	1135
139	1504
139	1519
140	226
140	339
140	379
140	565
140	599
140	1487
141	222
141	1200
142	555
142	657
142	681
142	1020
142	1059
142	1387
142	1455
142	1663
143	214
143	245
143	309
143	596
143	859
143	1194
143	1383
144	360
144	446
144	1086
144	1423
145	451
145	766
145	833
145	1518
145	1743
145	1772
146	239
146	346
146	1136
146	1489
146	1780
147	191
147	433
147	579
147	1020
147	1261
147	1774
148	483
148	723
149	217
149	503
149	670
149	753
150	354
150	689
150	988
150	1199
150	1633
151	503
151	1731
152	1185
153	607
153	825
153	988
153	1048
153	1064
153	1325
153	1448
153	1593
154	166
154	343
154	481
154	802
154	1200
154	1240
154	1556
154	1688
155	274
155	867
155	945
156	165
156	335
156	1068
157	304
157	536
157	701
157	832
157	1122
157	1520
158	716
158	1056
158	1627
159	247
159	460
159	640
159	1213
160	378
160	1412
161	238
161	265
161	491
161	765
161	1309
161	1533
162	355
162	1607
163	1015
164	295
164	920
164	1216
166	625
166	759
166	808
166	1092
166	1148
166	1720
167	270
167	607
167	962
167	1042
167	1058
167	1644
168	1125
169	815
169	1066
169	1099
170	1006
170	1292
170	1773
171	1025
171	1545
172	1300
173	299
173	766
174	193
174	826
174	909
174	1147
175	460
175	551
175	739
175	1061
176	1481
176	1517
177	377
177	410
177	1150
177	1341
177	1485
178	514
179	197
179	404
179	525
179	1049
179	1116
179	1146
179	1659
179	1750
180	1028
180	1244
181	900
181	1109
181	1260
181	1381
181	1466
181	1615
182	621
182	755
183	203
183	936
183	1009
184	201
184	862
184	1137
185	447
185	498
185	579
185	853
185	1243
186	228
186	716
186	724
186	811
186	979
186	1157
186	1577
186	1750
187	765
187	1022
187	1062
188	206
188	446
188	894
188	1357
188	1450
188	1670
188	1679
189	508
190	1083
190	1713
191	634
192	238
192	802
192	938
192	1408
193	213
194	612
194	772
195	357
195	945
195	979
195	1704
196	361
196	873
196	908
196	1089
196	1274
197	404
197	1038
197	1344
197	1369
198	467
198	1355
199	787
199	1667
200	886
200	1024
201	320
201	1033
201	1101
202	807
202	1797
203	477
203	548
203	749
203	943
203	1736
204	327
204	467
204	950
204	1404
204	1561
205	856
205	987
207	690
207	820
207	1084
208	246
208	551
208	554
208	1573
209	461
209	1116
209	1487
210	1010
211	330
212	945
212	1346
212	1616
213	1279
213	1382
214	366
214	696
214	1046
214	1465
215	224
215	905
216	825
217	380
217	607
217	1722
218	553
218	1377
219	884
219	1620
220	905
220	1597
221	291
221	418
221	727
221	763
221	1476
221	1687
222	400
222	567
223	1274
224	356
224	637
224	1204
225	689
225	882
225	966
225	1216
226	673
226	858
226	865
226	1313
226	1395
226	1506
227	510
227	851
228	872
228	1157
228	1601
228	1612
228	1725
229	248
229	790
229	1598
230	345
230	1244
230	1559
231	536
231	616
231	923
231	942
231	1790
232	439
232	510
232	638
232	1237
233	1387
233	1730
234	377
234	497
234	1203
235	919
235	1284
235	1413
235	1711
236	389
236	399
236	550
236	777
236	1026
236	1701
237	1419
238	342
238	666
238	828
238	916
238	1000
239	635
239	996
239	1511
240	431
240	536
240	593
240	1035
240	1385
240	1568
240	1706
240	1765
241	592
241	739
241	1278
241	1464
242	271
242	858
242	964
242	1665
243	256
243	329
243	483
243	980
243	1529
244	666
244	1125
244	1189
245	978
245	1173
245	1315
246	831
247	776
247	897
247	1409
247	1542
247	1686
247	1737
248	306
248	319
248	628
248	867
249	590
249	865
249	1156
249	1417
249	1627
250	534
250	996
250	1049
250	1306
250	1376
250	1750
251	1336
251	1365
252	623
252	701
252	962
252	1267
252	1685
253	991
253	1193
253	1306
253	1750
254	919
254	1074
254	1673
255	612
255	850
255	928
255	1769
256	1097
256	1422
256	1639
257	274
257	307
257	1186
257	1340
257	1509
258	476
258	839
258	1134
258	1592
258	1601
258	1716
259	1605
260	277
260	376
260	946
260	1163
260	1306
260	1484
261	649
261	903
261	1199
261	1355
262	646
262	809
262	848
262	849
262	1535
262	1652
263	333
263	811
263	1038
263	1372
263	1427
264	1110
264	1196
265	659
265	716
265	980
266	943
266	1005
266	1160
266	1184
266	1326
267	419
267	668
267	876
267	1324
267	1765
268	333
269	336
269	423
269	713
269	819
269	1172
269	1553
270	418
270	530
270	1444
270	1593
270	1611
271	376
271	589
271	1048
271	1552
272	707
272	1366
273	1232
274	1202
275	277
275	640
275	1129
275	1492
276	311
276	1113
276	1127
276	1403
276	1535
276	1703
277	1035
277	1327
277	1361
277	1737
278	1435
278	1710
278	1723
279	823
279	1046
279	1048
279	1251
280	1203
281	346
281	372
281	446
281	772
281	1300
282	1266
283	433
283	449
283	1247
283	1579
284	298
284	835
285	511
285	710
285	715
286	403
286	618
286	1445
287	930
287	1582
287	1766
288	433
288	768
288	968
289	353
289	434
289	731
289	1154
290	545
290	795
291	930
291	1054
291	1174
291	1495
291	1685
291	1767
292	375
292	551
292	1312
293	421
293	846
293	1352
293	1502
293	1584
294	1013
295	502
295	952
295	1115
296	655
296	806
296	970
296	1081
296	1226
296	1296
297	888
297	1213
297	1321
297	1377
297	1765
298	1056
298	1355
298	1720
299	364
299	757
299	850
299	923
299	1002
299	1797
300	815
300	1251
300	1678
301	494
301	760
301	1035
301	1582
301	1632
302	617
302	797
303	755
303	828
303	994
303	1255
303	1434
304	1074
304	1155
304	1560
305	316
305	503
305	1066
306	345
306	665
306	762
306	1460
307	424
307	1483
308	515
308	610
308	869
308	1305
308	1347
309	478
309	1080
309	1209
310	416
310	531
310	833
310	1331
312	572
312	1020
312	1113
313	1530
313	1553
314	1085
314	1117
314	1142
314	1631
314	1641
314	1688
314	1701
315	424
315	425
315	835
315	1562
315	1762
316	320
316	1498
316	1537
317	327
317	1078
318	784
319	452
319	719
319	1040
319	1180
320	889
320	951
320	1352
320	1747
320	1762
321	446
321	1023
321	1562
321	1698
322	921
322	1117
322	1705
323	876
323	1413
323	1428
323	1550
323	1685
324	471
324	1499
325	436
325	471
325	1190
325	1590
325	1709
326	941
326	1003
326	1364
327	456
327	815
327	1078
327	1666
328	567
328	688
328	861
328	1627
328	1656
329	394
329	681
329	773
329	856
329	948
329	1014
329	1520
330	352
330	492
330	539
330	734
331	776
331	1050
331	1299
331	1522
331	1772
332	668
332	717
332	827
332	1375
332	1612
333	1607
334	1344
335	344
335	672
335	1282
337	997
337	1661
338	463
338	542
338	836
339	1640
339	1760
340	956
340	1266
341	1177
341	1242
341	1394
342	455
342	842
342	1577
343	449
343	566
343	662
343	1028
345	425
345	896
345	904
345	994
345	1075
345	1502
346	746
346	947
347	515
347	1505
348	479
348	1117
348	1155
348	1313
348	1382
348	1388
349	545
349	1588
350	721
350	740
350	860
350	1213
350	1350
350	1441
350	1589
351	762
351	1294
352	637
352	1229
352	1437
353	680
354	751
354	835
354	893
354	1626
355	489
355	1505
356	1790
357	630
357	872
357	928
357	1026
357	1585
358	830
358	897
358	1124
358	1139
358	1236
358	1566
359	1206
359	1617
360	489
360	587
360	1799
361	1671
362	986
362	1614
363	696
363	1200
363	1494
364	611
364	817
365	551
365	609
365	714
365	739
365	1208
365	1286
365	1441
365	1456
365	1583
366	540
366	875
366	1772
367	1499
367	1678
368	738
368	1385
369	725
370	407
370	832
370	909
370	1437
370	1570
371	675
371	724
371	1039
372	578
372	1062
372	1145
373	708
373	1513
374	801
374	1730
375	753
375	808
375	1584
376	721
377	556
377	955
377	1134
377	1141
378	840
378	881
378	1108
378	1651
378	1681
379	421
379	1536
379	1565
380	580
380	656
380	810
380	1120
380	1295
380	1446
380	1629
380	1653
381	649
381	1487
382	663
382	1051
382	1627
382	1766
383	566
383	1081
383	1217
384	1797
385	484
385	662
385	1089
385	1162
385	1289
385	1554
386	788
386	1009
387	798
387	807
387	1302
387	1331
387	1574
388	435
388	613
388	1071
388	1744
389	428
389	1117
389	1282
389	1294
389	1345
390	500
390	1322
391	434
391	627
391	753
391	972
391	1639
392	444
392	571
392	676
392	1081
392	1092
392	1138
392	1339
393	865
393	1524
393	1561
393	1709
394	1339
395	400
395	672
395	1185
396	1152
397	656
397	1053
397	1120
398	465
398	1100
398	1108
398	1175
398	1728
399	865
399	953
400	636
400	1408
400	1754
401	483
401	621
401	841
402	1109
402	1146
402	1436
402	1486
402	1782
404	1415
405	1113
405	1171
405	1240
405	1348
406	601
406	644
406	948
407	1095
408	505
408	552
408	1108
408	1433
408	1673
409	809
409	940
409	969
409	1229
409	1574
409	1766
410	633
410	644
410	895
410	1054
410	1075
410	1191
410	1745
411	1008
411	1067
411	1074
411	1167
412	595
412	1178
413	923
414	452
414	574
415	1658
416	655
416	1339
416	1457
417	720
417	828
417	834
417	1559
418	735
418	886
418	887
419	540
419	793
419	965
419	1083
420	521
421	618
421	680
422	488
422	678
422	1350
422	1501
422	1524
423	542
423	682
423	1281
423	1795
424	1231
424	1596
425	889
426	796
426	1486
427	667
427	879
427	1036
427	1225
429	748
429	762
429	1094
429	1607
429	1755
430	1385
430	1500
431	509
431	647
432	524
432	1177
432	1267
433	745
433	888
433	1133
434	1379
434	1757
435	480
435	951
435	1420
435	1432
435	1746
435	1778
436	980
437	766
437	870
438	833
438	881
438	980
438	1116
439	934
439	1186
440	707
440	1001
440	1133
440	1600
441	1799
442	923
442	984
442	1111
443	1009
443	1500
444	916
444	1649
445	495
445	644
445	654
445	959
445	1113
445	1431
445	1516
446	698
446	714
446	735
446	863
446	963
446	1149
446	1241
446	1367
446	1371
446	1627
447	969
447	1534
448	644
448	683
448	1198
448	1203
448	1260
449	735
449	1151
450	768
450	803
450	1091
450	1596
451	670
451	952
451	1631
451	1692
451	1744
452	674
452	910
452	1226
452	1646
453	461
453	912
453	1618
454	1177
454	1528
455	635
455	1226
456	821
456	1140
456	1149
456	1492
457	859
457	1025
457	1360
457	1592
457	1618
458	662
458	939
458	1103
458	1128
458	1501
458	1589
459	1036
459	1588
459	1778
460	490
460	1349
460	1681
461	943
461	1544
462	807
462	1103
462	1198
462	1640
463	1492
464	553
464	584
464	768
464	1114
464	1643
465	529
465	743
465	1024
465	1709
465	1745
466	858
466	899
466	926
466	984
466	1007
467	656
467	1429
467	1627
467	1700
467	1720
468	1042
468	1126
468	1666
469	533
469	903
469	1134
469	1249
469	1369
469	1393
470	585
470	586
470	609
470	645
470	1499
470	1575
470	1765
471	806
471	1639
471	1704
472	486
472	1013
472	1709
473	818
474	1004
474	1306
474	1507
474	1586
474	1643
475	954
475	1124
475	1235
476	769
477	1039
478	949
478	1511
479	1131
480	538
480	679
480	807
480	985
480	1265
480	1763
481	588
481	1759
482	1337
482	1415
482	1461
482	1479
482	1623
483	1651
484	750
484	817
484	945
484	1791
485	910
485	1108
486	670
486	912
486	1183
486	1351
486	1371
486	1486
486	1501
486	1506
487	508
487	584
487	651
487	723
487	731
487	733
487	742
487	1245
488	1358
488	1565
489	846
489	1334
490	756
490	1755
491	1246
492	1107
492	1541
493	1020
493	1323
493	1717
494	747
495	998
496	983
496	1481
496	1507
496	1714
497	772
497	1285
498	1361
498	1531
499	621
499	655
499	790
499	1533
500	621
500	652
500	798
500	832
500	914
500	1345
500	1544
501	560
501	657
501	792
501	1074
501	1702
502	527
502	1207
502	1270
502	1429
503	608
503	625
503	779
503	1055
503	1311
504	1232
504	1594
504	1695
505	611
505	942
505	1251
505	1671
506	1060
506	1370
506	1436
506	1642
507	1194
507	1474
507	1769
508	646
508	736
508	1385
508	1688
509	755
509	1588
510	1007
510	1601
511	917
511	1116
511	1143
511	1543
512	953
512	1110
512	1794
513	825
513	992
513	1490
514	1441
515	798
515	842
515	891
515	1103
516	1606
517	1604
517	1668
518	731
518	1410
518	1559
518	1579
519	963
519	1201
519	1350
520	657
520	679
520	890
520	1595
520	1600
521	774
521	968
521	993
521	1057
521	1643
522	956
522	1460
522	1622
523	748
524	1390
524	1406
525	1572
526	953
526	1336
526	1424
527	730
527	1138
527	1190
527	1457
527	1713
528	1238
529	732
529	986
529	1060
529	1088
529	1306
530	677
530	813
531	778
531	937
531	1794
532	604
532	781
532	960
532	1266
533	557
533	818
533	1044
534	563
534	650
534	1049
534	1617
534	1735
534	1736
535	541
535	554
535	1019
535	1406
536	1075
536	1116
536	1517
536	1539
537	822
537	1386
538	549
538	660
538	1425
538	1668
539	658
539	727
539	1112
539	1381
539	1552
541	601
541	644
541	696
541	1108
541	1152
541	1311
541	1564
541	1627
542	1187
542	1213
543	631
543	1476
543	1500
543	1745
544	713
544	1158
544	1378
545	886
545	1280
545	1364
545	1581
546	801
546	1197
546	1291
546	1368
547	658
547	665
547	708
547	974
547	1455
547	1481
548	576
548	719
548	1452
549	1330
549	1521
549	1660
550	1326
550	1704
551	733
551	830
551	1256
551	1634
552	957
552	1327
552	1574
553	683
553	740
553	882
553	1063
553	1095
553	1647
554	833
554	1609
555	594
555	810
556	570
556	1343
556	1696
556	1724
557	659
557	1343
557	1373
557	1706
557	1764
557	1793
557	1795
558	642
558	1572
558	1698
559	1372
559	1422
559	1751
560	821
560	867
560	1196
560	1682
561	1196
561	1338
561	1483
562	951
562	1115
562	1383
563	664
563	898
564	1431
564	1652
565	765
565	914
565	1495
566	568
566	1264
566	1345
566	1593
567	1132
568	682
568	908
568	1714
569	1302
569	1385
569	1595
570	1177
570	1698
571	977
571	1030
571	1236
571	1687
573	934
573	1382
573	1497
574	608
574	998
574	1015
574	1700
575	738
575	742
575	811
575	896
575	1206
575	1353
576	899
576	1010
576	1552
577	768
579	901
579	1397
579	1501
579	1768
580	885
580	1048
580	1719
581	1066
581	1269
581	1290
581	1492
581	1758
583	1150
583	1315
583	1553
583	1633
583	1689
584	813
584	908
584	965
584	1662
584	1740
585	878
585	1051
585	1099
585	1170
585	1722
586	1091
586	1093
586	1207
586	1478
586	1585
586	1586
586	1631
588	814
588	1098
588	1583
589	983
589	1654
590	817
590	1795
591	1018
591	1213
591	1297
591	1372
592	1063
592	1670
593	763
593	887
593	1590
594	720
594	1289
594	1545
594	1695
595	792
595	1152
595	1211
596	633
596	1328
597	1070
597	1323
597	1390
597	1700
597	1748
598	1275
598	1325
598	1591
599	890
599	1122
599	1226
600	623
600	665
600	725
600	1627
601	1350
601	1614
602	809
603	1005
603	1573
604	1126
604	1282
604	1343
604	1387
605	839
605	854
605	931
605	1799
606	1235
606	1681
607	1617
608	612
608	1639
609	1336
609	1450
610	707
610	1034
610	1683
611	716
611	800
611	1638
612	1324
612	1460
613	867
613	1396
613	1593
613	1638
614	1374
614	1459
614	1687
615	704
615	751
615	1622
616	1624
617	854
617	1135
617	1180
617	1728
617	1751
618	701
618	1302
620	875
621	1499
621	1618
621	1691
621	1692
622	668
623	1483
623	1728
623	1739
624	1644
626	1050
626	1107
627	1234
628	884
628	924
628	1242
630	699
630	729
630	795
630	891
631	1528
632	1490
632	1501
632	1581
632	1595
632	1599
633	756
633	1300
633	1421
633	1593
633	1655
633	1696
634	853
634	1190
634	1192
634	1304
634	1438
635	763
635	851
635	865
635	1205
636	726
636	1447
637	777
637	1233
637	1317
639	761
639	826
639	998
639	1451
640	799
640	1003
640	1105
640	1317
641	658
641	677
641	779
641	1458
641	1698
642	870
642	1086
643	746
643	955
643	1039
643	1587
644	692
644	1355
644	1631
645	932
645	986
645	1030
645	1149
645	1196
645	1543
645	1644
645	1680
646	1224
646	1244
647	1048
647	1117
647	1125
647	1392
648	1206
648	1570
649	1449
650	708
650	768
650	1058
650	1482
651	1022
651	1253
651	1259
651	1269
652	1407
653	1225
653	1371
653	1502
656	722
656	770
656	805
656	887
656	1022
656	1288
656	1727
657	730
657	1200
658	1276
658	1655
658	1779
659	1642
659	1758
661	903
661	1008
662	1380
662	1688
663	1161
663	1267
663	1451
663	1627
663	1697
664	697
664	1035
664	1250
665	1031
665	1769
666	1729
666	1775
667	792
667	1116
668	1462
668	1569
669	1383
670	1109
671	1147
671	1489
672	866
672	930
672	1165
672	1313
672	1637
672	1760
673	759
673	1117
674	1348
674	1470
675	926
675	1205
675	1426
676	1448
677	864
677	982
677	1587
678	743
678	1110
679	1768
680	1173
680	1269
680	1287
680	1390
680	1574
681	1372
682	800
683	1180
683	1205
683	1317
683	1685
683	1790
683	1796
684	723
684	803
684	1086
684	1112
684	1756
685	865
686	1390
687	1022
687	1575
688	891
688	939
688	1580
689	719
689	1003
690	780
690	1081
691	1625
692	713
692	1168
692	1757
693	1070
693	1357
693	1730
694	1539
695	1002
695	1320
695	1362
696	1233
697	1091
697	1534
698	1533
699	1753
700	1158
700	1551
700	1689
701	1263
701	1409
701	1564
701	1637
702	764
702	1286
703	1221
704	713
704	1087
704	1216
705	1514
705	1666
706	754
706	1064
706	1337
706	1359
706	1612
707	943
707	1097
707	1717
708	918
708	1031
708	1291
708	1597
708	1731
709	924
709	1276
710	777
710	842
710	1404
710	1628
711	1233
713	745
714	776
714	910
714	1277
714	1400
714	1677
715	797
715	1025
715	1219
716	1195
716	1317
718	1319
718	1643
718	1700
718	1707
720	1175
721	1128
721	1427
721	1735
721	1790
722	1125
723	825
723	1058
723	1109
723	1321
724	763
724	1613
725	860
725	1239
725	1778
726	966
726	1259
726	1314
727	1102
727	1249
727	1714
728	808
728	1472
728	1479
728	1497
730	1084
730	1463
731	800
731	841
731	1798
732	1090
732	1338
733	736
733	811
733	838
733	1021
733	1392
733	1561
734	1160
734	1674
735	749
736	1066
736	1097
737	1157
737	1463
739	1067
739	1344
739	1464
739	1764
739	1796
741	1591
741	1642
742	1022
742	1112
742	1520
742	1602
742	1676
743	797
743	1395
744	840
744	1030
744	1618
744	1792
745	1068
745	1273
746	1779
747	909
747	923
747	1541
748	1027
749	1071
749	1667
750	1263
750	1371
750	1494
750	1516
751	791
751	1120
751	1737
752	1297
752	1307
752	1328
753	1324
753	1583
753	1683
754	1136
754	1287
755	917
755	941
755	1018
755	1360
756	1007
756	1012
756	1075
756	1452
757	1069
758	780
758	795
758	834
758	1317
758	1620
758	1645
759	1066
759	1170
759	1580
761	882
761	1274
761	1557
762	825
762	1622
763	983
763	1450
764	956
764	1394
764	1717
764	1732
765	1021
765	1716
766	851
766	1101
766	1644
767	1798
768	1034
768	1685
769	1383
769	1544
769	1609
769	1653
770	1282
770	1524
770	1567
771	889
771	1192
771	1291
771	1441
771	1546
772	1577
772	1746
773	817
773	1446
774	1168
774	1295
774	1391
775	854
776	1049
776	1321
776	1327
776	1466
777	819
777	1257
777	1683
778	1517
778	1755
779	1030
779	1722
780	787
780	1012
780	1189
780	1436
781	791
781	1205
781	1539
782	1084
783	1104
783	1427
783	1673
784	1169
784	1194
784	1338
784	1577
784	1633
785	1637
785	1799
786	939
787	995
787	1656
788	810
788	1300
788	1416
788	1558
789	985
789	1445
791	1330
792	974
792	983
792	1461
792	1591
792	1637
793	1265
794	906
794	995
795	1262
795	1327
796	831
796	1166
796	1755
797	1019
797	1055
797	1094
798	817
798	950
798	1608
798	1609
800	965
800	1171
800	1575
801	945
801	1470
801	1631
802	1109
802	1417
803	969
803	1108
803	1710
804	869
804	1496
805	1268
805	1380
806	906
806	1117
806	1145
806	1442
806	1486
806	1497
806	1505
807	1156
807	1662
807	1716
808	1475
809	1332
809	1767
811	913
811	934
811	1300
812	884
812	1169
812	1405
813	1182
813	1362
813	1697
814	903
814	956
814	1026
814	1054
814	1219
814	1447
814	1674
815	1288
815	1323
816	1343
817	1566
818	1569
818	1674
819	1058
820	1515
820	1631
821	935
821	1709
822	1466
822	1525
823	959
824	919
826	1099
826	1184
826	1318
826	1432
826	1604
826	1664
827	1252
827	1281
827	1297
827	1588
827	1719
828	1112
828	1175
828	1248
828	1596
829	1267
829	1431
830	1004
831	1274
831	1471
832	967
832	1372
832	1748
833	1105
833	1621
834	1744
835	917
835	1020
835	1498
836	992
836	1511
836	1662
836	1688
836	1772
836	1790
837	1075
837	1134
837	1225
838	869
838	1092
838	1197
838	1614
839	1787
840	1206
841	865
841	997
842	853
842	1386
843	1455
844	1141
844	1143
845	889
845	972
845	1188
845	1250
845	1252
846	1162
846	1700
847	1335
849	1323
850	1176
850	1251
850	1347
850	1572
850	1573
850	1614
851	1156
851	1212
851	1473
852	875
852	1573
852	1622
853	887
853	908
853	1346
854	1174
854	1516
854	1543
854	1594
855	1497
855	1741
856	950
856	972
856	991
856	1582
857	910
857	1329
857	1348
857	1590
858	1357
858	1471
858	1613
858	1665
858	1772
859	1032
860	1555
861	1133
861	1466
862	1062
862	1505
862	1566
862	1699
863	1311
864	1008
864	1026
865	988
865	1248
865	1274
865	1425
866	1053
866	1411
866	1751
866	1753
868	1056
868	1258
869	1323
870	891
870	962
870	1465
870	1596
871	1720
872	995
872	1097
872	1241
872	1257
872	1413
873	1113
873	1340
873	1725
874	1569
874	1615
875	1329
876	975
876	1213
876	1628
877	887
878	897
878	925
878	1035
878	1556
878	1674
879	1148
880	1004
880	1526
881	1008
881	1376
882	1192
882	1443
882	1642
883	1045
883	1743
884	1188
885	1711
886	887
886	1110
886	1647
887	1244
887	1548
888	1023
888	1251
888	1414
888	1738
889	939
890	1538
890	1623
890	1668
891	1118
891	1143
891	1302
892	1068
893	950
893	1260
893	1561
893	1610
893	1741
894	1014
894	1722
895	984
895	1513
896	963
896	1270
896	1721
897	1010
897	1572
898	1038
898	1269
898	1275
899	1521
900	1114
900	1658
900	1783
901	1455
901	1773
902	1672
903	981
903	1496
903	1785
904	1524
904	1676
905	1113
905	1233
905	1405
907	1099
908	1005
908	1094
908	1651
909	1377
910	914
910	1014
910	1045
910	1575
911	922
911	1202
911	1300
912	1187
912	1289
913	1344
914	1236
914	1526
915	962
915	1392
915	1744
916	960
916	1441
916	1620
918	938
918	1072
919	1017
919	1226
919	1640
920	1150
920	1365
920	1664
922	1626
922	1644
922	1743
922	1772
923	1432
923	1569
923	1729
924	1552
925	1402
925	1781
927	1237
927	1517
928	1207
928	1557
929	1212
929	1378
929	1416
929	1427
929	1591
930	981
930	1153
930	1199
931	1032
931	1283
931	1292
932	1681
933	1016
933	1221
933	1553
933	1640
934	1463
934	1559
934	1625
935	1756
936	1122
936	1467
937	1013
937	1628
938	1345
940	1234
940	1478
940	1692
941	1308
941	1402
942	1527
943	974
943	1438
943	1499
944	1378
945	1261
945	1473
945	1485
946	1306
946	1578
947	1106
947	1348
948	1041
948	1204
949	1042
949	1311
950	1253
952	1381
952	1620
952	1621
953	1493
953	1593
954	1552
956	1340
956	1400
957	1256
958	1395
959	1090
960	1733
961	1064
962	1129
964	1138
965	1275
965	1371
965	1547
965	1638
965	1677
966	1418
967	1070
967	1501
968	1278
968	1583
969	1011
969	1266
969	1389
969	1597
970	1153
971	1493
971	1639
971	1716
972	1263
972	1536
972	1780
973	1090
973	1305
974	1442
975	1019
975	1265
975	1455
976	1608
977	1014
977	1072
977	1112
977	1155
977	1178
979	1622
979	1774
980	1081
980	1254
981	1001
981	1054
981	1068
981	1081
981	1263
981	1277
982	1103
982	1674
983	1121
984	1383
984	1458
985	1024
985	1602
985	1699
986	1195
987	1334
988	1159
988	1226
988	1290
988	1597
988	1764
989	1159
990	1194
991	1062
992	1051
992	1111
992	1370
993	1491
994	1668
995	1016
995	1099
995	1470
995	1480
995	1567
995	1753
996	1484
996	1631
996	1727
996	1739
997	1042
997	1091
997	1501
997	1505
997	1566
997	1583
997	1628
999	1561
999	1590
999	1731
1000	1549
1000	1702
1001	1448
1001	1615
1002	1172
1002	1787
1003	1489
1004	1651
1006	1669
1007	1060
1008	1765
1009	1166
1009	1172
1009	1344
1009	1456
1009	1627
1010	1338
1010	1361
1010	1411
1011	1735
1012	1497
1013	1581
1014	1119
1014	1533
1015	1364
1016	1347
1017	1076
1017	1111
1017	1388
1017	1690
1018	1472
1019	1022
1021	1069
1021	1325
1022	1181
1022	1362
1023	1419
1023	1576
1024	1187
1024	1541
1024	1738
1025	1412
1025	1550
1026	1124
1026	1320
1026	1433
1026	1696
1026	1711
1027	1081
1027	1710
1029	1289
1032	1050
1032	1205
1032	1661
1033	1131
1033	1298
1033	1364
1034	1111
1035	1239
1035	1501
1035	1721
1036	1120
1036	1429
1037	1549
1038	1093
1038	1146
1039	1128
1039	1500
1039	1623
1040	1535
1040	1597
1041	1196
1041	1306
1042	1309
1042	1329
1042	1452
1043	1256
1043	1397
1044	1275
1045	1185
1046	1317
1046	1369
1047	1084
1047	1549
1048	1238
1048	1348
1048	1456
1048	1490
1049	1271
1049	1279
1049	1302
1049	1399
1050	1078
1051	1475
1052	1146
1052	1472
1052	1625
1054	1118
1054	1314
1055	1068
1056	1304
1056	1797
1057	1392
1057	1567
1058	1098
1058	1403
1058	1698
1059	1143
1059	1254
1059	1339
1059	1747
1060	1446
1060	1464
1062	1309
1062	1772
1063	1252
1063	1496
1063	1635
1064	1096
1064	1268
1064	1325
1065	1176
1065	1448
1065	1510
1065	1535
1065	1789
1066	1196
1067	1546
1067	1670
1067	1741
1068	1279
1068	1606
1070	1509
1070	1727
1071	1560
1071	1758
1072	1507
1072	1785
1073	1347
1073	1678
1075	1380
1077	1385
1078	1431
1078	1657
1078	1761
1079	1310
1080	1601
1081	1799
1082	1519
1083	1119
1083	1545
1083	1559
1084	1428
1085	1417
1085	1693
1086	1508
1086	1551
1086	1763
1090	1636
1091	1589
1091	1695
1092	1444
1093	1352
1093	1507
1093	1524
1094	1182
1095	1581
1096	1577
1097	1156
1097	1185
1100	1583
1102	1401
1102	1706
1102	1799
1103	1539
1103	1544
1103	1614
1104	1410
1104	1597
1105	1567
1106	1308
1106	1478
1106	1677
1107	1229
1107	1479
1108	1472
1109	1459
1109	1784
1111	1239
1111	1649
1112	1294
1112	1523
1112	1701
1113	1201
1113	1209
1115	1241
1115	1399
1115	1459
1117	1588
1118	1335
1118	1405
1118	1411
1118	1452
1118	1709
1119	1344
1119	1657
1119	1784
1120	1594
1123	1265
1123	1379
1124	1401
1124	1599
1125	1177
1126	1363
1126	1657
1128	1219
1129	1163
1129	1262
1129	1514
1130	1180
1131	1292
1131	1346
1131	1491
1131	1500
1131	1537
1131	1711
1132	1518
1134	1416
1135	1246
1135	1749
1137	1630
1138	1534
1138	1636
1139	1622
1140	1337
1140	1703
1140	1794
1141	1190
1142	1233
1142	1337
1142	1743
1143	1383
1143	1609
1144	1264
1144	1269
1144	1326
1144	1638
1145	1347
1145	1522
1145	1729
1146	1272
1146	1542
1147	1278
1147	1385
1147	1555
1147	1620
1147	1771
1148	1334
1150	1420
1151	1322
1151	1430
1151	1598
1151	1787
1152	1396
1152	1597
1152	1617
1153	1351
1153	1758
1155	1706
1157	1394
1157	1742
1157	1767
1158	1574
1159	1741
1161	1176
1161	1253
1161	1336
1161	1404
1161	1444
1161	1559
1162	1215
1163	1267
1163	1683
1164	1412
1164	1448
1164	1785
1165	1370
1165	1612
1166	1222
1166	1541
1168	1620
1170	1263
1170	1386
1170	1566
1172	1265
1173	1466
1173	1698
1174	1239
1174	1338
1174	1388
1176	1362
1176	1731
1178	1340
1179	1324
1179	1622
1180	1717
1181	1717
1183	1584
1183	1590
1184	1203
1184	1590
1185	1322
1186	1783
1188	1601
1189	1431
1189	1524
1190	1602
1190	1783
1191	1395
1193	1280
1193	1328
1195	1629
1195	1657
1196	1520
1196	1594
1199	1712
1199	1752
1203	1422
1205	1712
1206	1520
1207	1217
1207	1490
1208	1368
1209	1432
1210	1631
1211	1370
1212	1213
1212	1441
1212	1690
1214	1354
1214	1505
1216	1785
1218	1267
1218	1383
1219	1474
1220	1543
1221	1264
1221	1502
1222	1674
1222	1737
1224	1797
1228	1354
1228	1509
1229	1524
1229	1577
1230	1681
1231	1340
1231	1465
1235	1546
1236	1416
1236	1603
1237	1643
1238	1275
1238	1365
1238	1796
1239	1701
1240	1730
1240	1797
1242	1532
1242	1717
1244	1411
1244	1653
1245	1551
1245	1553
1245	1736
1246	1455
1246	1582
1249	1285
1250	1295
1250	1347
1253	1334
1255	1597
1256	1475
1256	1677
1257	1466
1257	1769
1258	1785
1263	1663
1264	1393
1264	1513
1264	1724
1264	1756
1265	1352
1266	1748
1266	1756
1267	1470
1268	1534
1269	1425
1269	1795
1271	1548
1271	1748
1272	1362
1272	1515
1273	1619
1274	1500
1274	1651
1275	1744
1277	1645
1277	1690
1278	1354
1278	1492
1279	1512
1279	1773
1281	1410
1282	1419
1282	1526
1282	1585
1284	1499
1285	1636
1286	1481
1287	1673
1288	1703
1289	1333
1289	1335
1289	1667
1290	1505
1292	1547
1293	1428
1293	1598
1294	1674
1295	1737
1296	1667
1296	1790
1297	1648
1298	1380
1299	1729
1301	1615
1302	1353
1303	1620
1304	1552
1304	1594
1305	1427
1305	1525
1306	1566
1307	1451
1307	1540
1308	1472
1308	1635
1308	1776
1310	1520
1310	1525
1311	1579
1313	1695
1313	1721
1314	1688
1316	1409
1317	1395
1317	1567
1318	1334
1318	1347
1318	1524
1318	1544
1318	1647
1319	1782
1320	1566
1320	1598
1321	1685
1323	1388
1323	1523
1323	1670
1323	1770
1324	1519
1326	1501
1326	1617
1327	1524
1327	1766
1328	1519
1330	1428
1330	1760
1331	1394
1331	1657
1332	1470
1332	1612
1335	1579
1336	1454
1337	1485
1337	1539
1337	1771
1338	1669
1338	1710
1339	1796
1341	1381
1341	1640
1342	1462
1342	1767
1343	1470
1343	1475
1344	1777
1345	1360
1346	1465
1346	1707
1347	1468
1347	1727
1347	1777
1348	1640
1348	1728
1353	1382
1354	1740
1355	1725
1356	1388
1356	1714
1357	1655
1358	1590
1359	1408
1360	1764
1361	1537
1362	1708
1363	1563
1363	1592
1364	1533
1364	1583
1364	1617
1365	1380
1366	1657
1367	1546
1368	1402
1368	1469
1368	1642
1369	1648
1370	1491
1373	1766
1373	1789
1373	1799
1376	1513
1376	1626
1377	1503
1377	1657
1378	1649
1379	1686
1380	1540
1382	1656
1382	1714
1384	1508
1385	1497
1386	1587
1387	1557
1387	1658
1388	1557
1388	1583
1388	1624
1390	1585
1390	1658
1391	1685
1392	1400
1393	1549
1394	1411
1395	1410
1395	1458
1398	1418
1398	1783
1399	1706
1399	1779
1399	1799
1400	1523
1401	1557
1401	1592
1401	1701
1402	1494
1402	1660
1405	1502
1405	1544
1406	1738
1408	1431
1408	1638
1409	1729
1410	1492
1411	1476
1411	1523
1411	1676
1412	1548
1413	1792
1414	1703
1415	1619
1416	1524
1417	1587
1417	1658
1417	1718
1418	1783
1420	1656
1421	1489
1425	1544
1426	1451
1430	1552
1432	1479
1432	1519
1432	1667
1434	1477
1434	1527
1436	1438
1438	1547
1439	1668
1440	1479
1440	1545
1441	1590
1441	1711
1441	1769
1442	1664
1443	1587
1443	1602
1444	1479
1445	1603
1446	1713
1447	1602
1447	1786
1447	1793
1448	1574
1448	1599
1450	1793
1452	1790
1453	1616
1455	1526
1458	1698
1460	1711
1462	1602
1465	1578
1465	1606
1466	1537
1467	1693
1469	1543
1471	1627
1472	1503
1472	1696
1472	1724
1479	1702
1483	1579
1485	1584
1485	1685
1486	1643
1487	1532
1488	1699
1489	1631
1490	1726
1492	1780
1493	1583
1493	1636
1493	1661
1497	1789
1498	1756
1500	1588
1502	1777
1503	1746
1504	1517
1504	1650
1504	1756
1505	1793
1506	1632
1508	1562
1508	1682
1508	1736
1511	1634
1513	1731
1514	1594
1515	1794
1518	1613
1518	1776
1520	1622
1521	1654
1521	1756
1522	1637
1522	1759
1524	1776
1528	1795
1529	1565
1529	1728
1533	1598
1535	1612
1537	1554
1537	1657
1537	1660
1538	1774
1539	1709
1540	1661
1544	1563
1545	1593
1550	1743
1551	1627
1555	1565
1562	1566
1564	1765
1565	1788
1571	1706
1572	1590
1572	1711
1575	1723
1576	1690
1578	1634
1578	1776
1580	1704
1580	1786
1580	1797
1581	1657
1581	1738
1588	1616
1589	1676
1593	1779
1604	1709
1627	1655
1628	1694
1629	1630
1635	1646
1635	1723
1637	1771
1639	1679
1641	1794
1642	1675
1643	1767
1645	1726
1648	1788
1653	1718
1656	1710
1657	1677
1659	1698
1662	1685
1663	1675
1675	1691
1675	1693
1675	1755
1677	1741
1679	1732
1681	1697
1689	1793
1698	1708
1713	1750
1715	1738
1724	1737
1729	1740
1731	1788
1735	1756
1742	1774
1743	1795
1764	1799