0	54
0	1285
0	1540
1	1765
2	600
2	604
3	299
3	552
3	919
3	963
4	463
5	150
5	625
5	1058
5	1566
5	1650
6	207
6	822
6	1013
7	687
7	1555
7	1738
8	234
8	398
8	815
8	1225
8	1362
9	942
10	122
10	452
10	660
10	738
10	758
10	984
10	1002
11	561
11	593
11	793
11	931
11	1143
11	1324
11	1473
12	1163
12	1250
12	1256
12	1273
12	1402
12	1419
13	1170
13	1338
13	1545
13	1718
14	882
14	894
14	946
14	1482
15	359
15	1307
15	1387
15	1717
16	51
16	806
16	1165
16	1292
16	1522
16	1641
17	310
18	237
18	327
19	402
19	715
19	725
19	897
19	938
19	948
19	1558
20	775
20	1228
21	24
21	140
21	283
21	578
22	298
22	445
22	742
23	120
23	358
23	489
23	1079
24	329
24	1043
25	1337
26	346
26	550
26	1418
27	641
27	726
27	934
27	1628
27	1658
27	1699
28	229
28	385
28	1373
28	1654
29	103
29	785
29	1428
29	1686
29	1756
30	59
30	1247
31	475
31	1344
32	76
32	141
32	398
32	758
33	662
33	670
33	903
33	1592
34	66
34	107
34	491
34	1432
34	1544
35	275
35	414
35	672
35	1286
36	621
36	630
36	1098
36	1178
36	1672
37	534
37	989
37	1532
38	308
38	496
38	641
38	1044
39	70
39	852
39	1134
39	1338
39	1400
40	655
40	1205
40	1301
40	1536
41	138
41	978
41	1607
41	1782
42	233
42	636
42	832
42	1473
42	1521
43	245
43	419
43	1524
44	237
44	320
44	558
44	744
44	894
44	1536
44	1593
45	613
45	731
45	1354
46	383
46	407
46	410
46	584
46	800
46	1201
46	1273
46	1760
46	1774
47	238
47	653
47	1299
47	1412
48	348
48	389
48	789
48	1017
48	1043
48	1720
49	979
49	1023
49	1155
49	1187
49	1570
50	236
50	899
50	1288
50	1461
50	1536
50	1542
51	1096
51	1278
51	1526
52	418
52	834
53	143
53	171
53	1447
54	574
54	733
54	1620
55	473
55	570
55	926
55	1486
56	1045
56	1293
57	452
57	984
57	1211
58	78
59	363
59	1028
59	1337
59	1390
59	1739
60	324
60	771
60	818
60	1364
60	1482
61	685
61	897
61	1175
61	1411
62	516
62	913
63	179
63	272
63	807
63	1296
63	1335
63	1386
64	94
64	210
64	554
64	859
65	391
65	867
65	1226
65	1569
65	1755
65	1778
65	1790
66	475
66	699
66	1102
66	1172
66	1355
67	551
67	1515
68	453
68	1739
69	113
69	207
69	434
69	715
69	832
69	1699
70	294
70	504
70	1052
70	1244
71	204
71	387
71	1530
71	1642
72	202
72	326
72	400
72	415
72	598
72	1540
72	1770
73	191
73	393
73	764
73	1627
73	1685
73	1769
74	378
74	831
74	1005
75	843
75	1092
75	1581
76	80
76	138
76	274
76	337
76	466
76	675
76	921
76	998
76	1788
77	448
77	1278
77	1606
78	622
78	630
78	750
78	1728
79	403
79	535
79	751
80	612
80	639
80	939
80	1277
81	365
81	610
81	794
81	884
81	978
81	1036
81	1263
81	1321
81	1326
81	1721
81	1750
81	1768
81	1783
82	126
83	1066
83	1094
83	1600
83	1744
84	1168
84	1483
84	1518
85	754
85	1557
86	263
86	574
86	1340
87	546
87	564
87	1140
87	1176
88	493
88	517
88	1189
89	838
89	897
89	1705
90	550
90	669
90	726
90	754
90	1174
90	1325
90	1328
90	1512
91	1451
91	1614
92	802
92	960
92	1738
93	320
93	467
93	510
94	251
94	1173
94	1198
95	1112
95	1380
95	1470
95	1608
96	174
96	192
96	339
96	430
96	1706
97	467
97	560
97	687
97	895
97	959
98	205
98	380
98	1375
98	1619
99	117
99	171
99	318
99	737
99	1174
99	1328
99	1427
100	218
100	560
100	941
100	1074
100	1091
101	103
101	374
101	1196
101	1208
101	1380
101	1491
101	1652
102	139
102	503
102	1362
102	1412
103	362
103	1313
103	1396
104	288
104	449
105	665
105	1182
105	1400
106	248
106	307
106	766
106	1586
106	1666
107	527
108	1078
108	1709
109	1563
110	1024
110	1250
110	1596
110	1719
111	319
112	205
112	1087
112	1238
112	1255
113	159
113	270
113	787
113	1044
113	1748
114	1251
115	448
115	1048
115	1146
115	1492
116	318
116	584
116	727
116	787
116	1238
116	1249
116	1458
117	360
117	423
117	772
117	1536
118	343
118	601
118	638
118	1541
119	236
119	467
119	1348
120	263
120	287
121	1176
121	1366
121	1426
122	441
122	698
122	901
122	945
122	1261
122	1387
122	1657
122	1679
122	1708
123	903
123	1090
123	1595
124	186
124	746
124	969
125	829
125	1223
125	1372
126	603
126	1068
126	1134
126	1326
127	274
127	300
127	326
127	350
127	979
127	1019
127	1385
127	1454
128	152
128	407
128	586
128	1039
129	312
129	1646
129	1675
130	157
130	382
130	475
130	1567
130	1612
131	937
131	1092
131	1692
131	1705
132	157
132	378
132	853
132	1298
133	356
133	807
133	1125
134	325
134	614
134	799
134	902
134	1116
134	1391
135	565
135	1510
136	148
136	486
136	502
137	652
137	851
138	338
138	774
138	792
138	932
138	1451
138	1575
138	1688
139	210
139	1214
139	1267
139	1454
139	1625
140	420
140	467
140	908
140	1421
140	1444
140	1533
140	1799
141	319
141	523
141	659
141	727
141	1324
141	1572
141	1612
142	483
142	510
142	660
142	868
142	938
142	990
143	307
143	474
143	1271
143	1362
144	242
144	1053
144	1751
145	871
145	1234
145	1345
145	1607
146	1162
146	1609
147	734
147	1791
148	255
148	687
148	1069
149	685
149	729
149	976
149	1206
149	1304
149	1344
149	1429
149	1548
149	1768
150	1085
150	1109
151	188
151	830
151	1321
151	1510
151	1524
151	1778
152	270
152	717
152	1131
152	1141
152	1255
152	1713
153	188
153	1410
154	645
154	832
154	1303
154	1565
155	177
155	941
155	1619
156	190
156	741
156	1088
156	1451
156	1472
156	1666
156	1773
157	1728
158	521
159	386
159	734
159	1464
160	189
160	1006
160	1115
160	1207
160	1596
161	395
161	684
161	1198
161	1266
161	1331
162	452
162	720
162	1057
162	1067
162	1365
162	1492
162	1799
163	225
163	1349
163	1741
163	1769
164	642
164	705
164	1205
165	211
165	1617
166	200
167	682
167	871
167	1049
168	883
168	1760
169	513
169	1256
169	1559
169	1765
170	665
170	890
170	1400
170	1682
170	1770
171	1097
171	1304
171	1630
172	511
172	594
172	639
172	686
172	967
172	1687
172	1704
173	1263
173	1438
173	1631
174	275
174	647
174	723
174	891
175	636
175	1406
175	1664
176	269
176	597
176	1026
176	1183
177	329
177	565
177	1083
177	1363
178	340
178	902
178	1438
178	1579
179	263
179	340
179	936
179	1169
179	1188
179	1193
179	1327
180	464
180	818
180	923
180	1280
180	1501
180	1706
181	625
181	810
181	1210
181	1269
182	1233
182	1289
182	1367
183	220
183	1213
183	1690
183	1703
184	1790
185	839
185	1597
186	389
186	1160
186	1320
186	1515
187	313
187	524
187	533
188	711
188	1469
188	1599
188	1728
189	683
189	1023
189	1033
189	1406
189	1408
191	1035
191	1636
192	772
192	1620
193	986
193	1402
193	1517
194	825
194	1086
195	811
195	917
195	997
195	1036
195	1623
195	1782
196	243
196	1576
196	1712
196	1781
197	304
197	1173
197	1723
198	1107
198	1215
198	1299
198	1530
199	693
199	1470
199	1523
199	1586
200	303
200	493
200	509
200	806
200	1051
201	632
201	1140
202	459
202	1515
202	1613
202	1641
202	1767
203	497
203	1107
203	1510
204	301
204	338
204	1575
206	1409
206	1536
206	1790
207	450
207	526
207	996
208	261
208	411
208	440
208	800
208	1131
208	1518
209	367
209	505
209	828
209	1750
210	664
210	792
211	263
211	401
211	1140
212	1670
213	1338
213	1723
213	1789
214	274
214	488
214	1161
214	1194
214	1324
214	1552
214	1569
215	260
215	672
215	1122
215	1318
215	1479
215	1628
216	633
216	715
216	1061
216	1199
216	1415
217	583
217	612
217	761
217	1363
218	522
218	700
218	1049
218	1117
218	1414
219	308
219	603
219	704
219	1004
219	1171
219	1195
219	1214
219	1678
220	378
220	453
220	1540
220	1544
221	799
221	912
221	1078
221	1325
222	265
222	385
222	1113
223	480
223	1185
224	734
224	865
224	1114
224	1263
224	1368
224	1387
224	1529
225	1095
226	250
226	605
226	835
226	915
227	257
227	391
227	492
227	1345
227	1468
228	248
228	669
228	917
228	1202
228	1472
229	362
229	1258
229	1680
229	1764
230	781
230	913
230	1154
230	1325
230	1332
231	1193
231	1369
232	1650
233	584
233	611
233	923
233	1006
233	1067
234	615
234	775
234	1301
235	672
235	951
235	998
235	1631
236	834
236	886
236	1541
236	1658
237	846
237	1066
237	1313
237	1700
238	494
238	991
238	1271
239	1327
240	1145
241	1001
242	494
242	505
242	1204
242	1460
243	913
243	1460
244	483
244	660
244	710
244	863
244	939
245	557
245	832
245	856
245	1393
246	280
246	1202
246	1213
246	1281
246	1517
246	1615
247	659
247	745
247	776
247	1385
247	1562
248	830
248	1692
248	1756
249	269
249	1411
249	1565
249	1583
249	1647
250	341
250	822
250	877
250	1621
250	1690
251	656
251	715
251	803
251	1426
252	531
252	609
252	795
252	1148
252	1712
252	1778
253	988
253	1395
253	1492
254	489
254	793
254	837
254	1106
254	1642
255	1111
255	1370
256	613
256	661
256	662
256	1255
257	621
258	548
258	699
258	976
259	697
260	324
260	471
260	660
260	750
260	1462
261	419
261	836
261	1551
262	605
262	1211
263	526
263	1028
263	1403
263	1571
263	1657
263	1775
264	980
264	1118
264	1738
265	307
265	506
265	848
265	972
265	1098
265	1103
265	1458
265	1795
266	582
266	1260
266	1487
266	1533
267	434
267	1033
268	376
268	1160
269	1479
269	1786
270	722
270	1373
270	1561
271	536
271	802
271	862
271	1087
271	1090
271	1275
271	1405
272	286
272	430
272	1469
272	1503
273	418
273	782
273	1588
273	1724
274	566
274	978
274	1433
275	314
275	393
275	503
275	826
276	864
276	988
277	699
277	712
277	757
277	957
277	1336
277	1374
278	1387
278	1434
279	482
279	904
279	1320
279	1773
280	1099
280	1444
281	429
281	697
281	994
281	1233
281	1432
282	1052
282	1147
282	1161
283	467
283	1058
283	1309
283	1613
284	349
284	385
284	655
284	757
284	962
284	1019
285	377
285	495
285	1372
285	1678
286	440
286	495
286	537
286	549
286	1175
286	1337
286	1434
286	1590
287	401
287	982
287	994
287	1020
287	1100
287	1467
287	1688
288	346
288	618
289	721
289	896
289	1588
289	1620
289	1621
290	873
291	332
291	402
291	568
291	844
291	849
291	1192
291	1594
292	508
292	1746
293	455
293	1437
293	1595
294	339
294	624
295	1147
295	1605
296	447
296	1616
297	512
297	1007
297	1082
297	1364
297	1465
298	852
298	1659
299	1078
300	380
300	756
301	488
301	1143
301	1522
302	739
302	777
302	1154
302	1272
303	409
304	862
304	1057
304	1124
304	1424
304	1483
305	458
305	975
306	395
306	427
306	557
306	1185
307	344
307	409
307	1207
307	1275
308	333
308	908
308	1147
308	1167
309	618
309	981
309	1107
309	1605
309	1614
310	594
310	700
310	886
310	1666
311	807
311	952
312	879
312	1771
313	496
313	679
313	1707
314	442
314	555
314	609
315	1465
316	557
316	1124
317	1448
317	1558
318	643
318	1101
318	1236
318	1457
318	1791
319	1418
319	1493
319	1725
319	1777
320	686
320	871
320	1273
321	741
321	807
321	901
321	913
321	1023
321	1085
321	1160
322	684
322	1630
322	1779
323	1486
324	517
324	646
324	1335
325	959
325	1037
326	421
326	515
326	1752
327	635
327	1581
327	1719
328	907
328	1074
328	1079
328	1092
328	1644
329	759
329	1256
329	1417
330	946
331	372
331	538
331	732
331	1494
331	1576
332	585
332	1129
333	894
333	1482
334	729
334	1023
334	1033
334	1062
334	1655
335	342
335	433
335	682
335	983
336	922
336	1210
337	360
337	1103
337	1290
337	1610
338	741
338	1089
338	1142
338	1451
339	594
339	1792
340	1175
340	1203
341	734
341	1766
342	524
342	697
342	1187
343	1171
343	1520
343	1616
344	374
344	841
345	458
345	594
345	613
345	932
345	1069
346	402
346	856
346	891
346	1002
346	1410
347	813
347	1657
348	477
348	853
350	506
350	1486
350	1555
351	976
351	1332
352	409
352	438
352	1125
352	1263
352	1502
353	396
353	557
353	668
353	962
353	1203
353	1473
353	1604
354	836
354	932
354	1214
354	1337
354	1343
355	471
355	825
355	1794
357	383
357	1466
357	1648
358	459
358	678
358	913
359	1061
359	1594
359	1627
360	735
360	1681
361	386
361	562
361	966
361	1056
361	1448
361	1486
362	499
362	545
362	562
362	987
362	1018
362	1087
363	654
363	1275
363	1646
363	1656
364	600
364	752
364	939
364	1092
365	397
365	577
365	1429
366	587
366	893
366	971
367	953
368	985
369	757
370	1004
370	1165
370	1421
370	1515
371	528
371	749
371	1728
372	710
372	783
372	1550
372	1642
372	1661
373	410
373	1520
373	1646
374	776
374	1217
374	1285
375	521
375	761
375	1098
375	1403
376	744
376	1067
376	1241
377	500
377	549
377	577
377	1457
378	1136
379	688
380	1018
380	1698
380	1774
380	1775
381	519
381	618
381	728
381	729
381	1205
382	551
382	627
382	1144
382	1552
382	1653
383	445
383	812
384	589
384	666
385	842
385	1469
386	657
386	1163
386	1634
387	479
387	1614
388	1633
388	1647
389	681
389	1114
389	1742
390	562
390	601
390	1162
390	1317
390	1652
391	562
391	1736
391	1773
392	483
392	519
392	687
392	740
392	1157
392	1445
392	1675
393	1054
393	1225
393	1779
394	547
394	606
394	1721
395	841
395	970
395	1746
396	516
396	814
396	1180
396	1450
397	425
397	824
397	1061
398	546
398	1550
399	951
399	1297
400	880
400	1327
400	1562
401	1350
402	666
402	1218
402	1335
402	1623
403	507
403	590
403	1357
403	1570
404	543
405	660
405	839
406	1055
406	1079
406	1300
406	1376
406	1724
406	1770
407	1030
407	1456
407	1528
408	915
409	548
409	778
409	1006
409	1198
409	1526
411	1431
411	1780
412	633
412	784
412	1121
413	443
413	760
413	1698
414	1030
414	1357
414	1498
414	1661
415	416
415	487
415	851
415	1233
415	1548
416	891
417	541
417	930
417	1494
418	595
418	803
418	927
418	1004
419	1517
420	1405
420	1539
421	490
421	627
421	1068
421	1595
422	1700
423	713
423	885
423	1437
423	1786
424	883
424	1274
425	1305
425	1672
426	445
426	763
427	590
427	688
427	779
427	940
427	1212
427	1368
428	1565
428	1574
428	1624
428	1730
429	563
429	705
429	1792
430	560
430	663
430	1173
430	1618
430	1745
431	1545
432	542
432	1184
433	461
433	505
433	1030
433	1688
433	1772
433	1799
434	1093
435	820
436	763
436	868
436	946
436	952
436	1033
436	1129
436	1472
436	1559
437	1446
438	602
438	1047
438	1186
439	674
439	766
441	773
441	1102
441	1159
441	1699
442	821
443	527
443	652
443	995
443	1198
443	1428
443	1433
443	1560
444	699
444	872
444	984
444	1034
444	1424
445	526
445	1208
445	1306
445	1416
446	925
446	1662
447	1357
448	874
448	1302
448	1786
449	626
449	804
449	1266
450	737
450	1318
450	1780
451	608
451	1423
451	1664
451	1678
452	495
452	591
452	934
452	1521
453	886
453	1484
454	526
454	552
454	1358
454	1429
454	1577
455	531
455	918
455	1305
455	1726
455	1740
456	468
456	1531
457	655
457	920
457	1370
457	1434
458	688
458	1340
459	942
459	1270
460	562
460	1277
461	518
461	626
461	1490
462	1423
463	900
464	501
464	541
464	682
464	859
465	1033
465	1470
466	491
466	596
466	650
467	729
467	953
468	951
469	503
469	748
469	924
469	1664
470	492
470	875
470	952
470	986
470	1154
471	550
471	557
471	747
471	804
471	977
471	1660
471	1770
472	979
472	1232
473	714
473	1369
474	920
474	1236
475	882
475	1360
475	1602
475	1678
476	992
477	1534
477	1635
478	1331
478	1362
478	1746
480	701
480	751
480	891
480	1604
480	1766
481	654
481	1186
481	1241
481	1494
481	1771
482	536
482	545
482	1457
483	493
483	876
484	578
484	629
484	803
484	882
484	913
484	978
484	1297
484	1473
484	1698
485	791
485	1030
485	1460
485	1610
486	701
486	977
486	1283
486	1435
486	1461
486	1519
487	653
487	839
487	897
487	1148
488	802
488	1220
489	1028
490	520
490	1565
490	1575
491	767
491	872
491	1061
491	1430
491	1656
492	515
493	1462
493	1497
493	1631
493	1685
494	978
494	1250
494	1317
494	1321
494	1604
494	1636
494	1727
495	1050
496	947
496	1121
496	1575
497	553
497	1041
497	1077
497	1697
498	1151
498	1477
498	1548
499	607
499	1278
499	1417
500	561
500	971
500	1141
500	1565
500	1711
500	1787
501	1046
501	1085
501	1243
502	862
502	1489
503	1183
504	706
504	987
504	1021
504	1648
505	799
505	1443
505	1482
505	1564
506	644
506	754
506	1359
506	1726
507	598
507	1199
507	1216
507	1243
507	1325
508	567
508	1150
508	1220
508	1322
508	1355
508	1507
508	1662
508	1666
509	1330
510	697
510	1119
511	620
511	1254
512	759
512	935
512	1165
512	1784
513	590
513	715
513	865
513	1587
513	1718
514	866
514	1731
515	786
515	1371
516	1021
516	1175
516	1371
516	1432
517	875
517	1365
518	622
518	677
518	828
518	1019
518	1060
518	1461
518	1583
519	866
519	1253
520	667
520	882
521	1612
522	777
522	778
522	900
522	1255
522	1582
523	536
523	790
523	946
523	978
523	1443
525	664
525	808
526	537
526	750
526	1529
527	1175
528	816
528	845
528	1087
528	1165
528	1289
529	1115
529	1172
529	1655
530	758
530	1079
530	1358
531	985
531	1284
531	1410
532	956
532	1186
532	1619
533	868
533	995
533	1232
533	1353
534	679
534	951
534	1067
534	1231
534	1272
535	684
535	1121
536	805
536	826
536	1257
536	1390
536	1446
536	1465
536	1592
537	946
537	1461
537	1597
538	586
538	587
538	959
538	1085
538	1164
538	1331
539	1613
540	960
540	1137
540	1448
540	1602
541	596
541	778
541	1429
541	1474
541	1790
542	577
542	1263
542	1351
542	1449
543	557
543	685
544	1766
545	737
545	851
545	1010
545	1501
546	567
546	953
546	1168
547	625
547	1347
547	1519
548	644
548	954
548	1111
548	1534
549	1164
549	1757
550	744
550	959
550	1037
550	1176
550	1189
551	658
551	770
551	880
551	898
551	1136
551	1749
551	1754
552	679
552	1289
552	1638
553	1282
553	1411
553	1559
555	556
555	735
555	1128
555	1161
555	1280
555	1454
556	665
557	1113
557	1315
557	1316
558	572
558	588
558	717
558	1157
558	1347
558	1537
558	1720
559	671
559	761
559	1149
559	1154
559	1171
559	1228
559	1279
560	1225
560	1389
560	1568
560	1761
561	1144
561	1637
562	1163
562	1644
562	1725
563	787
563	804
563	1112
563	1484
563	1628
564	673
564	1274
564	1550
565	638
566	807
566	882
566	1705
567	676
568	918
568	1049
568	1101
568	1555
568	1570
569	1519
569	1587
569	1707
570	1041
571	1342
571	1358
571	1461
572	690
572	1181
572	1557
572	1629
572	1735
573	1107
573	1115
573	1216
573	1537
573	1649
574	1193
574	1376
574	1602
575	1302
576	800
577	1077
577	1466
577	1559
578	640
578	1025
578	1561
578	1717
578	1718
579	752
579	811
579	825
579	892
579	1118
579	1288
579	1476
579	1542
580	606
580	741
580	1272
580	1284
580	1434
580	1530
580	1576
581	1043
581	1361
581	1379
582	1314
582	1793
583	849
584	859
584	1068
584	1257
585	1202
586	1045
586	1363
587	675
587	932
587	1270
588	1038
588	1235
588	1768
589	704
589	726
589	820
589	839
591	1379
591	1466
592	844
592	1034
592	1429
593	848
593	971
593	1196
593	1540
594	1505
595	1119
596	1144
596	1431
597	1149
597	1421
597	1675
598	1000
598	1105
599	1115
599	1243
599	1394
600	1448
600	1709
601	728
601	870
601	1737
602	732
602	1443
602	1527
603	835
603	840
604	1295
604	1457
605	736
605	1537
606	812
606	999
606	1127
606	1434
606	1659
607	1775
608	989
608	1248
608	1249
608	1317
608	1744
609	638
609	1298
609	1302
609	1336
610	707
610	895
611	1339
612	844
612	1100
612	1615
613	645
613	761
613	1454
613	1590
613	1782
614	1572
615	1007
615	1105
615	1704
616	793
616	1242
616	1734
617	638
617	757
617	1161
618	671
618	1117
618	1551
619	920
619	997
619	1568
620	1169
620	1188
620	1215
621	723
621	1005
621	1032
621	1242
622	1258
623	741
623	903
623	1223
624	630
625	797
625	1339
625	1447
626	1113
626	1169
626	1467
626	1675
627	659
627	899
628	1356
628	1434
629	917
629	1776
630	1547
630	1610
630	1657
631	1382
632	754
632	1124
632	1174
632	1233
632	1677
633	822
633	1148
633	1359
634	825
634	1239
634	1579
635	774
635	855
635	1351
635	1474
635	1488
635	1776
636	828
636	1642
637	845
637	997
637	1425
638	790
638	1044
638	1049
638	1545
639	1496
639	1521
639	1533
640	660
640	665
641	1394
644	971
644	1779
645	883
645	898
645	1638
646	945
646	946
646	1229
646	1447
647	955
647	1279
648	652
648	1269
649	1235
650	811
651	1502
651	1628
652	1329
652	1496
653	953
653	1542
653	1610
654	678
654	1611
655	1513
656	1526
656	1537
657	1030
657	1040
657	1335
658	817
658	1196
658	1591
659	1051
659	1281
659	1330
659	1411
660	752
660	1067
660	1110
660	1373
660	1386
660	1486
661	1181
661	1557
661	1769
662	987
662	1104
663	670
663	688
663	923
663	1301
663	1347
664	881
664	1634
664	1729
665	991
665	1156
665	1798
666	696
666	703
666	947
666	1150
666	1313
666	1577
667	874
668	1629
668	1727
669	736
669	1570
670	882
670	940
670	1068
670	1628
671	842
671	1095
671	1500
671	1679
673	913
673	1519
674	1286
674	1373
674	1419
674	1659
675	993
676	731
676	1355
676	1425
677	707
677	1767
678	1248
679	1439
679	1473
679	1549
679	1605
680	792
680	1384
681	1439
681	1711
683	1158
684	747
684	943
684	1064
684	1213
684	1471
684	1498
684	1663
685	696
685	928
685	1008
685	1155
685	1393
686	1136
686	1238
686	1525
687	827
687	1051
687	1492
687	1783
688	711
688	712
688	1071
688	1587
688	1763
689	856
689	1047
689	1687
690	786
690	1012
690	1425
690	1625
691	818
691	1027
691	1424
692	1711
693	1218
693	1651
694	1599
695	1073
696	750
696	1282
697	910
697	1126
697	1366
697	1421
698	791
698	1093
698	1555
698	1657
698	1694
699	841
700	791
700	1708
701	1100
702	1105
702	1263
703	1495
703	1694
704	1040
705	1260
706	746
706	975
706	1418
706	1465
706	1675
707	768
708	1493
709	886
709	899
709	1549
711	1108
711	1610
713	884
713	1448
713	1553
713	1752
714	831
714	1269
714	1385
714	1437
715	1065
715	1362
715	1464
716	786
716	857
716	1115
716	1178
717	810
717	1434
718	1191
718	1340
719	979
720	1088
721	949
722	875
724	820
724	1384
724	1588
725	758
725	1053
726	761
726	1103
726	1159
726	1307
727	1590
728	752
728	1026
729	890
729	1225
729	1533
729	1588
730	907
730	1499
733	1381
735	870
735	1196
736	879
736	1172
737	1021
737	1264
737	1771
739	1017
739	1447
740	1179
741	1751
743	936
743	1491
743	1596
744	836
745	853
745	1250
745	1340
745	1564
745	1598
745	1786
746	876
746	1010
746	1022
746	1203
746	1440
746	1671
746	1700
747	916
747	973
747	1036
748	878
748	1400
749	1428
750	922
750	948
750	1355
750	1609
751	943
751	1061
751	1567
751	1624
751	1721
752	1185
752	1256
753	1055
754	815
754	921
754	966
754	1283
754	1407
755	1569
755	1660
756	1284
756	1533
757	860
757	1081
757	1666
758	771
758	963
758	1372
758	1562
758	1604
758	1783
759	1259
760	1216
762	895
762	942
763	1240
763	1295
763	1302
763	1588
764	1015
764	1101
764	1284
764	1437
764	1492
764	1595
764	1683
765	1246
768	1125
768	1276
769	1153
770	934
770	1101
770	1478
770	1697
771	1030
772	990
773	1176
774	988
774	1691
774	1747
775	1127
776	890
776	1256
776	1486
776	1670
777	1148
777	1159
777	1241
777	1384
779	1074
779	1149
779	1173
779	1632
780	1006
780	1658
780	1760
782	1778
783	1078
784	830
784	867
784	1181
784	1295
784	1786
785	1517
785	1788
786	1121
786	1638
787	929
787	1006
787	1151
787	1161
788	1052
788	1420
788	1678
789	1000
789	1079
789	1588
789	1733
790	1250
791	895
791	1430
791	1515
793	1177
793	1624
794	859
794	893
794	1366
795	830
795	1213
795	1229
795	1402
795	1608
795	1643
795	1663
796	1117
796	1253
796	1431
796	1659
798	1415
799	874
799	1026
799	1432
799	1564
800	1174
801	990
801	1118
801	1453
801	1772
802	1432
803	1117
803	1647
804	983
804	1095
804	1264
805	1578
806	1123
806	1295
806	1535
806	1589
806	1717
807	892
807	1782
808	1745
809	1657
809	1737
810	840
810	854
811	1008
811	1541
811	1588
811	1667
812	918
813	994
815	1112
816	1164
816	1676
817	1278
817	1427
818	1333
818	1559
819	1336
820	1338
820	1467
821	951
821	1078
821	1330
823	1212
824	1448
825	1182
826	1628
826	1667
827	831
827	851
827	969
827	1688
828	959
828	1268
828	1577
828	1652
829	1065
829	1080
829	1316
829	1477
830	1153
831	1133
831	1210
831	1573
831	1793
832	971
832	1149
833	1735
834	1605
834	1606
835	949
835	1031
835	1638
836	1104
836	1475
838	859
838	939
839	952
839	1176
839	1423
840	983
840	1382
842	1160
842	1163
842	1448
842	1488
842	1672
844	852
844	1006
844	1592
845	850
845	909
845	1780
846	1190
847	1540
847	1630
848	1332
848	1387
848	1401
848	1641
849	919
849	1081
849	1612
849	1797
850	1237
850	1266
851	1120
851	1139
852	1334
852	1455
852	1711
853	954
855	1241
855	1494
856	979
856	1017
857	1230
857	1759
858	1081
858	1259
858	1484
858	1757
859	949
859	1692
860	1052
860	1507
861	1662
862	1035
862	1504
862	1513
864	890
864	1040
864	1272
865	1021
865	1537
866	878
866	893
866	897
866	982
866	1015
866	1301
866	1307
866	1456
867	1431
867	1790
868	979
868	1214
868	1560
869	1263
869	1509
870	1476
872	1067
872	1339
872	1476
872	1594
873	1268
874	1378
874	1632
875	1000
875	1265
875	1288
876	1327
878	1748
879	1223
879	1241
879	1679
881	1010
881	1491
882	893
882	1361
883	1288
884	901
885	1124
885	1404
886	1717
887	951
887	1303
888	1109
888	1254
888	1637
889	896
890	1382
891	1709
892	951
892	980
892	1394
892	1499
893	986
893	1506
893	1592
894	949
894	1030
894	1389
894	1483
896	1355
898	1020
898	1131
898	1243
898	1274
898	1361
898	1628
899	937
899	956
899	978
899	1634
900	1461
901	1113
901	1215
903	979
903	1149
904	1682
904	1713
905	1590
906	1015
906	1218
906	1309
907	1532
908	1083
909	1367
909	1468
911	1119
912	992
912	1706
913	940
913	1008
914	1457
914	1701
915	965
915	1618
915	1752
916	1155
917	971
917	1379
917	1414
918	1398
918	1412
919	1116
919	1525
920	1080
920	1161
920	1443
922	929
922	1792
923	926
923	1263
923	1495
924	1048
924	1078
924	1370
925	944
925	1219
925	1501
926	1104
926	1429
926	1454
927	928
927	982
928	1585
928	1626
929	1200
929	1419
931	999
931	1528
932	1090
932	1213
932	1628
933	1124
934	1254
934	1325
934	1415
935	1414
935	1623
935	1749
935	1760
936	1295
936	1725
938	1407
938	1689
939	948
939	1047
939	1434
940	1250
940	1457
942	985
942	1769
943	1291
943	1786
944	1176
944	1411
946	950
946	1503
947	1210
948	1312
948	1660
950	1238
950	1716
950	1766
951	985
951	1105
952	1178
952	1309
952	1581
952	1696
954	1293
954	1776
955	1497
956	1310
958	1172
958	1546
958	1734
959	1446
959	1523
961	978
961	1747
963	1249
963	1348
963	1484
964	1383
964	1432
965	1282
965	1365
966	1002
966	1034
966	1116
966	1275
967	1249
967	1504
967	1550
968	1319
968	1394
969	1567
970	1158
970	1452
970	1511
972	1501
972	1546
972	1761
974	1058
975	1514
976	1119
976	1355
976	1565
977	1190
977	1320
978	1076
978	1303
979	1266
979	1782
980	1244
980	1681
981	1272
981	1502
981	1596
982	1372
982	1622
983	1650
984	1182
984	1751
985	1335
986	1327
986	1398
986	1515
986	1622
987	1149
987	1250
987	1299
987	1375
987	1409
987	1474
988	1061
988	1410
988	1459
988	1774
989	1716
990	1468
990	1600
991	1092
991	1532
991	1748
993	1373
993	1630
994	1158
995	1052
996	1380
997	1289
997	1299
997	1470
998	1123
998	1168
998	1289
998	1436
999	1508
1001	1183
1001	1400
1001	1586
1002	1387
1002	1599
1002	1782
1003	1177
1003	1488
1004	1098
1004	1246
1004	1527
1005	1030
1005	1442
1005	1584
1005	1689
1006	1245
1006	1797
1008	1758
1009	1298
1009	1455
1009	1761
1010	1029
1011	1049
1011	1061
1012	1698
1014	1020
1014	1134
1015	1514
1016	1386
1016	1717
1017	1534
1018	1203
1018	1448
1019	1134
1019	1363
1019	1404
1020	1055
1022	1409
1022	1506
1022	1566
1023	1361
1023	1480
1024	1513
1024	1689
1025	1404
1025	1726
1025	1737
1026	1455
1026	1502
1026	1698
1027	1515
1032	1537
1033	1363
1033	1519
1035	1292
1035	1319
1038	1344
1038	1373
1038	1452
1039	1665
1041	1252
1041	1687
1042	1458
1042	1755
1043	1129
1044	1178
1044	1621
1044	1670
1045	1058
1046	1092
1046	1390
1047	1752
1048	1139
1050	1528
1052	1195
1053	1063
1053	1635
1054	1059
1054	1202
1055	1245
1055	1300
1055	1395
1057	1560
1057	1629
1058	1217
1058	1231
1058	1383
1059	1559
1060	1356
1060	1514
1060	1765
1062	1392
1063	1301
1064	1094
1064	1156
1064	1227
1066	1198
1066	1633
1066	1697
1067	1676
1068	1172
1068	1182
1068	1504
1069	1259
1069	1677
1070	1746
1071	1178
1071	1639
1072	1428
1073	1432
1073	1702
1074	1611
1075	1751
1076	1318
1076	1792
1078	1278
1078	1523
1079	1128
1079	1206
1079	1660
1079	1700
1080	1110
1080	1443
1080	1541
1080	1663
1080	1769
1081	1461
1081	1764
1082	1795
1083	1781
1084	1338
1084	1774
1086	1199
1086	1389
1087	1611
1088	1635
1089	1513
1089	1560
1089	1640
1091	1718
1092	1386
1092	1636
1094	1591
1094	1675
1096	1438
1097	1133
1098	1159
1098	1781
1099	1135
1099	1531
1100	1258
1100	1413
1100	1496
1100	1520
1100	1585
1101	1143
1101	1458
1102	1340
1102	1341
1104	1408
1104	1417
1105	1528
1105	1660
1106	1222
1107	1150
1107	1594
1108	1388
1109	1343
1110	1746
1111	1179
1111	1220
1111	1584
1111	1734
1112	1130
1112	1407
1112	1795
1113	1647
1113	1778
1114	1330
1115	1207
1115	1481
1116	1160
1116	1648
1116	1701
1118	1124
1118	1214
1118	1660
1120	1247
1120	1454
1121	1263
1121	1429
1122	1330
1122	1331
1123	1457
1124	1191
1124	1372
1124	1530
1124	1557
1126	1388
1126	1591
1127	1259
1127	1269
1127	1392
1127	1512
1127	1776
1128	1662
1129	1168
1129	1642
1130	1397
1132	1307
1132	1376
1132	1646
1132	1794
1133	1581
1135	1777
1136	1458
1136	1670
1138	1176
1138	1379
1138	1430
1138	1514
1139	1441
1139	1478
1139	1673
1140	1398
1140	1706
1140	1780
1141	1420
1141	1725
1142	1508
1144	1544
1144	1574
1145	1357
1145	1519
1146	1266
1146	1552
1147	1614
1148	1570
1150	1174
1152	1218
1152	1259
1152	1754
1154	1438
1155	1556
1157	1190
1157	1271
1159	1725
1159	1757
1160	1513
1161	1297
1161	1700
1163	1695
1164	1285
1164	1555
1165	1266
1166	1559
1168	1217
1168	1436
1169	1185
1171	1444
1171	1495
1172	1372
1172	1458
1172	1586
1173	1181
1173	1442
1173	1448
1174	1630
1175	1564
1176	1274
1177	1181
1177	1251
1178	1706
1179	1461
1179	1507
1181	1476
1181	1700
1183	1646
1183	1770
1184	1608
1184	1669
1184	1753
1185	1335
1185	1639
1185	1726
1188	1278
1188	1495
1189	1231
1189	1674
1190	1642
1191	1298
1193	1683
1194	1218
1194	1524
1195	1637
1196	1368
1197	1544
1198	1541
1202	1321
1203	1626
1204	1708
1206	1689
1209	1331
1211	1525
1211	1758
1212	1633
1213	1520
1215	1401
1215	1766
1216	1671
1217	1404
1218	1365
1219	1669
1220	1423
1220	1684
1221	1316
1221	1417
1221	1643
1223	1394
1224	1567
1225	1294
1226	1305
1226	1335
1226	1490
1228	1621
1229	1247
1229	1352
1231	1232
1231	1255
1233	1778
1234	1389
1234	1596
1235	1430
1235	1697
1235	1764
1236	1391
1237	1377
1237	1543
1238	1449
1238	1582
1238	1595
1238	1787
1241	1726
1242	1545
1242	1584
1242	1610
1243	1493
1244	1355
1244	1500
1246	1333
1246	1665
1246	1758
1246	1776
1247	1284
1247	1446
1247	1673
1248	1342
1249	1613
1250	1322
1250	1332
1251	1586
1254	1437
1254	1570
1256	1262
1256	1447
1256	1566
1257	1469
1257	1794
1258	1366
1258	1695
1259	1445
1260	1427
1262	1463
1265	1393
1265	1791
1266	1473
1267	1609
1268	1317
1270	1471
1272	1559
1272	1667
1273	1767
1274	1295
1277	1422
1278	1305
1280	1402
1280	1668
1281	1393
1281	1529
1282	1797
1283	1338
1283	1767
1284	1407
1287	1510
1288	1483
1290	1300
1290	1563
1290	1624
1291	1422
1292	1428
1292	1699
1293	1443
1293	1795
1294	1723
1295	1648
1296	1315
1296	1412
1296	1537
1296	1578
1296	1587
1297	1308
1298	1478
1302	1698
1304	1380
1304	1685
1306	1592
1309	1665
1309	1719
1310	1620
1311	1406
1314	1475
1315	1471
1315	1502
1315	1619
1316	1795
1317	1738
1318	1610
1318	1715
1319	1611
1319	1772
1320	1392
1320	1733
1321	1695
1322	1542
1322	1548
1323	1335
1324	1508
1324	1684
1326	1395
1327	1369
1327	1455
1327	1799
1328	1381
1328	1594
1329	1529
1330	1738
1331	1429
1331	1434
1333	1373
1333	1527
1334	1430
1334	1474
1334	1708
1334	1791
1335	1598
1335	1693
1337	1694
1339	1593
1340	1343
1340	1651
1341	1474
1341	1561
1342	1699
1343	1672
1345	1462
1346	1435
1346	1660
1350	1664
1355	1397
1355	1479
1355	1591
1357	1453
1358	1447
1361	1617
1362	1771
1363	1511
1364	1788
1366	1746
1366	1762
1367	1386
1367	1516
1368	1472
1368	1510
1368	1576
1369	1616
1371	1605
1371	1611
1372	1561
1372	1585
1373	1418
1373	1522
1373	1790
1374	1635
1377	1629
1381	1485
1384	1482
1384	1557
1384	1797
1386	1778
1387	1552
1390	1439
1391	1655
1395	1491
1396	1448
1396	1726
1398	1567
1399	1515
1399	1554
1399	1641
1399	1671
1400	1576
1402	1406
1402	1651
1403	1535
1403	1712
1403	1730
1406	1796
1407	1592
1409	1546
1410	1714
1411	1418
1415	1760
1416	1698
1416	1780
1418	1763
1422	1426
1426	1591
1427	1495
1427	1595
1428	1449
1428	1521
1428	1601
1428	1646
1428	1688
1429	1546
1429	1562
1429	1616
1429	1716
1429	1772
1430	1443
1430	1717
1432	1499
1433	1576
1436	1544
1439	1750
1441	1536
1441	1542
1442	1694
1442	1752
1443	1630
1444	1537
1445	1562
1446	1719
1446	1759
1448	1571
1450	1643
1450	1740
1451	1563
1451	1687
1451	1702
1453	1609
1453	1710
1455	1473
1455	1507
1456	1687
1457	1620
1458	1573
1459	1538
1460	1783
1461	1495
1462	1493
1462	1561
1462	1701
1465	1722
1470	1738
1471	1763
1472	1673
1473	1519
1473	1548
1473	1756
1474	1565
1474	1639
1474	1772
1477	1506
1477	1706
1479	1496
1479	1640
1482	1778
1484	1527
1487	1581
1488	1492
1489	1520
1490	1639
1491	1783
1501	1502
1501	1741
1502	1506
1503	1735
1503	1780
1504	1718
1506	1714
1509	1537
1510	1568
1510	1767
1511	1547
1512	1513
1514	1515
1515	1615
1521	1550
1522	1532
1525	1564
1525	1585
1526	1550
1526	1644
1535	1708
1539	1679
1540	1561
1541	1757
1541	1780
1544	1664
1544	1755
1547	1736
1550	1555
1550	1655
1551	1614
1552	1716
1557	1731
1558	1644
1558	1745
1560	1566
1560	1798
1562	1633
1564	1799
1569	1650
1570	1578
1570	1639
1572	1723
1573	1683
1580	1788
1581	1794
1584	1635
1584	1704
1585	1646
1590	1745
1592	1732
1593	1702
1593	1792
1596	1696
1599	1763
1603	1736
1604	1651
1609	1671
1609	1787
1614	1798
1615	1680
1615	1683
1622	1784
1625	1626
1626	1786
1627	1744
1635	1734
1645	1716
1649	1680
1649	1785
1654	1766
1655	1663
1656	1762
1659	1725
1660	1723
1662	1734
1673	1796
1674	1676
1674	1763
1677	1751
1684	1695
1687	1786
1699	1742
1702	1731
1720	1732
1734	1742
1743	1778
1747	1786
1753	1779
1754	1767
1759	1792
1764	1766