0	296
0	1659
1	1533
1	1611
2	201
2	230
2	382
2	996
2	1185
3	14
3	230
3	1031
3	1239
3	1363
4	145
4	519
4	985
4	1679
5	212
5	255
5	1377
5	1506
5	1706
6	49
6	316
6	356
6	1354
6	1723
7	12
7	115
7	1697
8	498
8	519
8	1709
8	1726
8	1776
9	24
9	610
9	875
9	1656
10	1275
10	1330
10	1458
11	18
11	1040
11	1059
11	1447
11	1644
12	459
12	1019
12	1040
12	1181
13	315
13	919
14	226
14	626
14	697
14	750
14	1241
14	1732
14	1790
15	584
15	905
15	938
15	1106
15	1311
15	1431
15	1466
16	563
16	943
16	1429
16	1566
17	133
17	241
17	403
17	573
17	675
17	678
18	136
18	453
18	1085
19	659
19	1067
19	1359
20	481
21	720
21	840
21	915
22	126
22	417
22	667
22	686
22	897
22	953
22	1030
23	245
23	1477
23	1716
23	1729
24	664
24	1012
24	1322
25	1236
26	174
26	396
26	460
26	1126
26	1696
27	76
28	34
28	503
28	1474
28	1662
29	533
29	1542
30	224
30	730
30	858
30	1259
31	138
31	1279
32	63
32	111
32	1094
32	1357
33	283
33	499
33	590
33	739
33	877
33	1527
34	396
34	561
34	777
34	1179
35	153
35	555
36	718
37	1737
37	1788
38	421
38	454
38	509
38	1343
39	606
39	751
39	1289
39	1335
39	1549
39	1652
39	1791
40	132
40	1367
40	1407
41	70
41	1159
41	1187
41	1238
41	1255
41	1274
41	1612
41	1652
42	686
42	787
42	1067
42	1155
43	97
43	124
43	333
43	471
43	930
43	1029
43	1216
43	1535
44	330
44	751
44	946
45	193
45	597
45	1076
45	1335
46	166
46	220
46	863
46	866
46	1048
47	56
47	1165
48	261
48	304
48	1191
48	1205
48	1595
48	1657
49	997
49	1032
49	1432
49	1660
50	670
50	1065
50	1341
51	567
51	864
51	872
52	53
52	282
52	491
52	1343
52	1486
53	649
53	928
53	1277
53	1654
54	814
54	996
54	1273
54	1747
55	63
55	634
55	866
55	1046
55	1611
55	1639
55	1744
56	739
56	1029
56	1107
57	189
58	97
58	187
58	1087
58	1159
58	1161
59	285
59	363
59	902
59	1405
60	438
60	608
60	690
60	709
60	973
60	1372
60	1797
61	1380
62	117
62	369
62	1547
63	94
63	414
63	493
63	1747
64	271
64	1386
65	591
65	1335
66	1405
67	88
67	288
67	669
67	1560
68	539
68	846
68	874
68	947
68	1552
69	192
69	249
70	554
70	705
70	1269
71	171
71	422
71	574
71	777
71	1771
72	171
72	325
72	1111
72	1302
72	1474
73	686
73	946
73	976
73	1224
73	1510
73	1540
73	1605
73	1721
74	546
74	884
74	1330
74	1437
75	324
75	1712
75	1757
76	908
76	1481
77	1153
78	123
78	1144
78	1668
79	319
79	565
79	672
79	699
79	802
79	1194
79	1203
79	1475
79	1714
80	630
80	1477
80	1596
81	171
81	527
81	910
81	1694
82	136
82	188
82	415
82	777
83	99
83	461
83	518
83	537
83	709
83	852
83	946
83	1079
84	1071
84	1157
84	1168
84	1264
84	1364
85	488
85	941
85	1275
86	219
86	1375
86	1697
87	250
87	830
87	852
87	1272
88	403
88	841
89	294
89	620
89	1062
89	1064
89	1119
89	1153
89	1494
90	246
90	700
90	986
90	1059
90	1620
90	1724
90	1752
91	433
91	659
91	1520
91	1738
92	186
92	428
92	479
92	702
92	1464
93	272
93	546
93	643
93	1471
93	1500
94	252
94	310
94	908
94	1199
94	1505
94	1664
95	336
95	388
95	448
95	1240
96	214
96	392
96	1287
96	1501
97	351
97	1322
98	274
98	422
98	691
98	883
99	979
99	984
99	1026
99	1115
99	1179
99	1647
99	1727
100	245
100	362
100	521
100	522
100	1732
101	324
101	1024
101	1065
101	1091
101	1312
101	1770
102	274
102	523
102	798
102	1133
102	1436
102	1550
103	1030
103	1404
103	1603
103	1727
104	750
104	1206
104	1335
104	1560
105	184
105	280
105	693
105	710
105	836
106	380
106	417
106	543
106	639
106	976
106	1074
106	1459
107	438
107	529
107	1188
107	1300
107	1403
108	437
108	562
108	688
108	753
108	885
108	1330
108	1668
109	664
109	800
109	1187
109	1605
110	287
110	594
110	1236
111	1572
112	633
112	659
112	1250
112	1255
113	398
113	946
113	1177
113	1498
114	489
114	1559
115	290
115	436
115	527
115	775
115	1257
116	416
116	552
116	1101
116	1715
118	124
118	992
118	1644
118	1730
119	740
119	801
120	1302
121	562
121	573
121	1156
121	1238
121	1332
121	1505
121	1702
122	837
122	1078
122	1720
123	256
123	261
123	281
123	286
123	836
123	1212
123	1498
123	1780
124	430
124	946
124	1015
124	1432
125	1313
126	316
126	474
126	636
126	743
126	751
126	1253
126	1770
127	1160
127	1299
128	778
128	1657
129	220
129	864
129	1244
129	1260
129	1393
129	1503
130	225
130	258
130	381
130	704
130	779
131	176
131	1200
131	1233
132	299
132	629
132	729
132	1228
132	1558
132	1582
133	397
133	470
134	396
134	440
134	1459
134	1530
135	214
135	373
135	436
135	484
135	1038
135	1577
136	424
136	595
136	1257
137	179
137	227
137	367
137	1218
137	1642
138	241
138	854
139	384
139	447
139	586
139	984
139	1188
139	1573
140	693
140	789
140	955
140	1632
141	379
141	411
141	656
141	802
141	976
141	1055
141	1224
141	1432
141	1518
141	1636
142	240
142	460
142	494
142	530
142	876
142	1013
142	1414
143	643
143	1356
143	1431
144	156
144	507
144	641
144	1385
145	382
145	1011
146	281
146	810
146	933
146	1325
146	1488
146	1664
147	579
147	795
147	939
147	1187
147	1624
147	1763
148	154
148	792
148	929
148	931
148	1538
149	1740
150	557
150	1052
150	1279
150	1586
150	1716
151	392
152	369
152	477
152	829
152	1779
153	556
153	1422
154	241
155	328
155	338
155	570
155	899
155	1588
156	959
156	1475
156	1526
156	1670
156	1767
157	794
157	1413
158	417
158	460
158	793
158	1380
159	596
159	836
159	864
159	1049
159	1657
160	355
160	880
160	1490
161	1024
161	1433
161	1783
162	1099
162	1442
162	1752
163	293
163	639
163	1016
163	1224
163	1315
164	292
164	1010
164	1275
164	1326
165	839
165	862
166	663
166	783
166	1028
166	1585
166	1605
167	179
167	1151
168	322
168	830
168	925
168	1194
168	1637
169	396
169	827
169	1191
170	725
170	945
170	1444
170	1478
170	1595
171	424
171	439
171	981
171	1432
171	1624
172	835
172	1352
172	1418
172	1725
173	272
173	1170
173	1790
174	1073
174	1103
174	1307
174	1442
174	1514
174	1734
175	224
175	557
175	653
175	1429
175	1589
176	367
176	1072
176	1404
176	1732
176	1747
177	458
177	859
177	871
177	1023
177	1247
177	1488
177	1538
177	1734
177	1759
178	424
178	439
178	1422
178	1492
179	673
179	1040
179	1063
179	1123
179	1232
180	1768
181	210
181	264
182	630
182	968
182	1584
183	392
183	848
183	886
183	1387
183	1480
183	1591
184	596
184	634
185	594
185	728
186	382
186	585
186	684
187	1004
187	1487
188	257
188	821
188	1009
188	1399
188	1630
189	473
189	641
189	815
189	1073
189	1567
190	670
190	1225
190	1621
190	1685
191	1052
191	1432
191	1686
192	1005
192	1022
192	1088
192	1195
192	1291
192	1537
192	1582
192	1782
193	281
193	500
193	1029
193	1320
194	994
194	1030
194	1165
195	441
195	672
195	1122
195	1382
195	1708
196	986
196	1503
196	1522
197	851
197	1692
198	977
198	1031
198	1778
199	276
199	353
199	565
199	1084
199	1273
199	1412
199	1422
200	1652
200	1692
201	292
201	893
201	1533
201	1765
202	727
202	1255
202	1301
203	769
203	1520
204	1651
205	742
205	1456
206	1774
207	446
207	499
207	611
207	818
207	862
207	1004
207	1488
208	251
208	791
208	1756
209	654
209	673
209	1261
209	1743
210	322
210	617
210	1643
211	635
211	1137
211	1482
211	1661
211	1724
212	1212
212	1616
212	1728
213	631
213	1041
213	1412
213	1728
213	1770
214	446
214	617
214	684
214	1305
214	1446
215	297
215	573
215	709
215	1315
216	299
216	767
217	397
217	965
217	1543
217	1562
218	1373
219	1377
219	1427
219	1646
220	263
220	659
220	957
220	1364
220	1768
221	882
221	1156
221	1174
222	283
222	561
222	988
222	1081
222	1445
222	1770
223	690
223	710
223	1089
223	1563
224	1435
225	712
225	744
225	1768
226	610
226	847
226	902
226	1112
227	444
227	769
227	853
227	1018
227	1263
227	1433
228	546
228	1115
228	1744
229	1014
229	1066
229	1187
229	1262
229	1287
229	1360
229	1434
230	1515
230	1578
230	1599
230	1706
231	1777
231	1783
232	834
233	663
233	1588
233	1738
234	1372
235	597
235	710
235	1008
235	1114
236	1370
237	477
237	717
237	1052
238	610
238	767
238	1755
239	368
239	889
239	1099
239	1536
240	255
240	557
240	1005
240	1302
240	1452
240	1460
241	422
241	488
241	734
241	1254
242	968
242	1014
242	1040
243	311
244	363
244	1345
245	537
245	808
245	978
245	1012
245	1649
246	437
246	931
246	1306
246	1740
247	931
247	1056
247	1068
247	1375
247	1765
248	711
248	800
248	1052
248	1199
249	659
249	1093
249	1267
249	1572
249	1731
250	591
250	726
250	1152
250	1338
251	618
251	705
251	1189
251	1300
252	828
252	985
252	1164
252	1326
252	1666
253	832
253	1216
253	1497
253	1618
254	327
254	830
254	933
254	1138
254	1205
254	1284
255	775
255	1348
255	1478
255	1704
256	1075
258	1321
259	677
259	688
259	905
259	1217
259	1262
259	1326
259	1584
260	420
260	634
260	1217
260	1772
261	949
262	592
262	901
262	1099
262	1232
262	1379
262	1469
262	1570
263	298
263	458
263	1397
264	272
264	465
264	580
264	953
264	1234
264	1751
265	512
266	820
266	1345
266	1628
266	1711
267	417
267	508
267	737
267	1313
267	1627
268	546
268	675
268	954
268	1061
268	1293
268	1317
268	1579
269	358
269	523
269	1130
269	1410
269	1442
269	1573
270	362
270	892
271	516
271	1215
271	1535
271	1602
272	623
272	652
272	1173
272	1387
273	390
273	1735
274	565
274	630
274	779
274	860
274	1117
274	1211
274	1538
274	1763
275	690
275	1560
276	563
276	1212
276	1286
276	1604
277	696
277	827
277	996
277	1103
277	1253
278	460
278	522
278	1163
278	1322
278	1497
278	1542
278	1567
278	1783
279	910
279	1305
279	1608
280	718
280	1163
280	1281
280	1611
281	1045
281	1539
282	386
282	504
282	708
282	1337
282	1514
282	1661
283	639
283	1070
283	1436
284	688
284	797
284	1122
284	1487
284	1580
285	323
285	358
285	430
285	595
285	706
285	1707
286	505
286	962
286	1164
286	1687
286	1764
287	303
287	873
287	1509
288	874
288	1127
289	393
289	794
289	1404
290	482
290	628
290	865
290	959
290	975
290	1010
290	1333
291	391
291	783
292	710
292	1772
293	688
293	895
293	1047
293	1140
293	1154
293	1321
294	1101
294	1212
294	1328
294	1472
295	358
295	513
295	709
295	1379
295	1396
296	1081
296	1217
296	1729
297	320
297	532
297	722
297	747
297	1555
297	1571
297	1585
297	1709
298	478
298	1468
298	1617
299	750
299	1732
300	895
300	1153
301	457
301	954
301	1355
301	1398
301	1418
302	623
303	643
303	1133
304	502
304	1080
304	1319
304	1510
304	1663
304	1719
305	323
305	834
305	1002
305	1320
305	1336
306	1309
306	1751
307	582
307	1026
307	1477
307	1643
308	1199
308	1644
308	1706
308	1725
308	1799
309	468
309	1252
309	1730
310	372
310	749
310	1072
310	1162
310	1170
310	1219
310	1697
311	792
312	763
312	890
312	1050
312	1380
313	1064
314	933
314	1603
315	538
315	576
315	1458
315	1470
315	1494
316	589
316	1062
317	670
317	672
317	949
317	1047
317	1194
317	1379
318	1063
318	1278
318	1320
318	1465
319	712
319	1421
319	1685
319	1704
319	1751
320	672
320	784
320	920
320	1215
321	361
321	604
321	785
321	1504
322	345
322	877
322	1036
322	1061
323	677
323	885
323	1053
324	448
324	1183
324	1593
325	1512
326	769
326	1475
326	1514
326	1525
327	524
327	847
327	1075
327	1184
328	677
328	1133
328	1215
328	1448
328	1584
329	470
329	1041
329	1633
330	452
330	673
330	1168
330	1416
330	1517
330	1747
331	399
331	1570
332	1429
333	453
333	1388
333	1601
334	1664
335	566
335	901
335	1158
335	1548
336	1169
336	1209
336	1269
337	350
337	599
337	616
337	1171
337	1278
337	1610
337	1686
337	1713
338	457
338	651
338	1410
338	1751
339	533
339	1127
339	1461
340	1171
341	1565
342	661
342	807
342	1043
342	1051
342	1541
342	1678
343	373
343	723
343	1225
344	732
344	1101
344	1343
344	1413
344	1417
344	1770
345	1081
345	1213
345	1405
345	1534
346	406
346	869
346	1070
346	1408
347	548
347	556
347	671
348	1070
348	1452
348	1599
348	1643
349	1097
349	1489
350	426
350	620
350	666
350	831
350	876
350	1215
350	1550
350	1712
350	1729
350	1746
351	363
351	703
351	1544
351	1607
352	651
352	782
352	1243
352	1609
353	1796
354	1524
355	735
355	908
355	1118
355	1345
355	1459
356	685
356	1320
356	1334
356	1491
357	531
357	1000
357	1629
358	385
358	640
358	692
358	699
358	1176
358	1366
359	835
360	418
360	612
360	900
361	542
361	681
361	685
361	993
361	1305
361	1404
361	1501
362	1342
363	601
363	1014
363	1366
363	1502
364	435
364	500
364	539
364	843
364	913
364	1220
365	1571
365	1758
365	1760
366	557
366	1290
366	1787
367	1209
368	407
369	585
369	1374
369	1521
370	410
370	415
370	934
370	1594
370	1726
371	656
371	848
371	1075
371	1415
371	1429
371	1734
372	377
372	730
372	820
372	1624
373	410
373	481
373	911
373	1538
374	464
374	1399
374	1451
374	1498
375	513
375	644
375	1482
375	1517
375	1546
376	1013
376	1063
376	1253
376	1262
377	561
377	626
378	419
378	981
379	501
379	1457
379	1693
379	1798
380	721
380	735
380	761
380	1066
380	1367
380	1386
380	1735
381	465
381	700
381	812
381	1246
381	1273
382	410
382	1362
382	1665
383	530
383	844
383	1244
384	1053
384	1416
385	703
385	867
385	1478
385	1601
386	644
386	1735
387	1563
387	1751
388	640
388	759
388	1479
388	1698
388	1762
389	968
389	1035
389	1423
389	1526
390	1018
390	1062
390	1258
390	1678
391	605
391	671
391	767
391	1273
391	1382
391	1677
391	1790
392	495
392	592
392	916
392	1240
392	1588
393	1207
393	1305
393	1702
394	947
394	1180
394	1358
395	835
395	1100
395	1171
395	1344
395	1669
395	1671
396	521
396	630
396	906
396	1253
397	645
397	657
397	705
397	891
397	1065
397	1441
397	1597
398	818
398	1033
398	1204
399	812
400	443
400	475
400	552
400	998
400	1467
401	616
401	1071
401	1085
401	1108
401	1190
401	1286
401	1707
402	427
402	553
402	1217
402	1672
403	1340
403	1369
403	1784
404	942
404	982
404	1790
405	694
406	1229
406	1723
406	1728
407	731
407	1076
408	574
408	1592
409	454
409	797
410	471
410	919
411	479
411	606
411	706
411	1026
411	1689
412	517
412	535
412	857
412	875
412	1578
413	1534
414	427
414	896
414	1325
415	954
415	1130
415	1238
415	1464
416	588
416	1349
416	1574
416	1620
417	767
417	1118
417	1450
417	1568
418	620
418	712
419	1060
419	1250
419	1373
419	1609
419	1617
420	1157
420	1463
421	1639
422	684
422	1077
422	1649
423	1130
423	1181
423	1330
423	1384
423	1489
423	1658
424	446
424	1195
425	516
425	1159
425	1705
426	480
426	868
426	1012
426	1081
426	1159
426	1302
426	1627
426	1687
427	748
427	1265
427	1683
428	506
428	1369
428	1684
428	1733
429	665
429	1079
429	1487
429	1499
429	1732
429	1757
429	1794
430	467
431	609
431	1041
431	1716
432	538
432	1787
434	1465
435	1204
435	1379
436	884
436	1159
436	1162
436	1628
437	536
437	1296
437	1326
437	1480
438	1037
438	1746
439	751
439	882
440	442
440	554
440	1169
440	1350
441	909
442	542
442	1313
444	550
444	828
444	1240
445	795
445	1140
446	711
446	945
446	1387
447	558
447	593
447	954
448	763
448	1436
448	1490
448	1715
449	762
449	1495
449	1678
450	621
450	809
450	827
450	858
451	512
451	876
451	1224
451	1638
452	506
452	606
452	1086
452	1105
452	1141
453	536
453	1195
453	1247
453	1250
454	1343
455	498
455	510
455	770
455	863
455	910
455	1123
455	1227
455	1288
455	1366
455	1429
456	809
456	951
456	1359
457	1059
457	1127
457	1164
457	1311
458	764
458	1159
458	1617
459	510
459	750
459	839
459	1016
459	1095
459	1306
459	1771
460	608
460	1285
460	1468
462	1002
462	1035
463	875
464	853
464	950
464	1013
465	489
465	1195
465	1265
465	1368
465	1418
465	1429
465	1447
465	1511
465	1748
466	994
466	1699
467	1093
467	1546
468	690
468	1431
469	576
469	738
469	872
469	1208
469	1662
469	1730
470	905
470	963
470	1419
470	1443
470	1790
471	565
471	662
471	710
471	1192
471	1205
472	604
472	1069
473	744
473	1310
474	592
474	595
474	677
474	833
474	1253
475	993
475	1374
475	1448
475	1476
475	1486
476	604
476	736
476	895
476	909
476	1539
477	1202
478	954
478	1290
478	1750
479	1034
479	1718
480	739
481	565
481	798
481	1353
481	1578
481	1676
482	836
482	1096
482	1357
483	669
483	678
483	1058
484	1605
485	668
485	977
486	664
486	740
486	746
486	1053
487	721
487	1344
487	1783
488	848
488	916
488	1345
488	1403
489	914
489	1020
490	927
491	944
491	965
491	982
491	1129
491	1594
492	674
492	678
492	927
492	1205
492	1293
492	1323
493	584
493	923
493	1080
493	1601
494	598
494	768
494	1737
495	601
495	1150
495	1795
496	1578
496	1588
497	898
497	1033
497	1567
498	670
499	511
499	1022
499	1665
500	677
500	989
500	1542
501	1355
501	1461
501	1591
501	1605
501	1670
501	1794
502	513
502	654
502	1255
502	1397
502	1774
503	619
503	870
503	909
504	1367
504	1756
505	1140
505	1574
506	724
506	830
506	1385
506	1449
507	512
507	1789
508	567
508	978
508	1065
508	1750
509	538
509	580
509	1018
509	1463
510	986
510	1109
510	1576
511	1184
511	1528
511	1546
512	788
512	1540
513	1120
513	1247
514	1296
514	1788
515	804
515	1529
515	1604
516	873
516	1634
517	544
517	1489
517	1732
518	523
518	534
518	807
518	1092
518	1764
519	1163
519	1621
520	1175
520	1666
521	732
521	1760
522	865
522	1296
522	1450
523	601
523	784
523	1357
525	548
525	1229
525	1458
526	1230
526	1498
527	575
527	884
527	980
527	1310
527	1335
527	1661
528	585
528	659
528	1288
528	1795
529	1467
529	1610
529	1662
529	1664
529	1768
530	589
530	665
530	684
530	847
530	1352
530	1401
531	573
531	761
531	786
531	1011
532	743
532	854
532	1296
533	1382
534	745
534	944
534	955
534	980
534	1304
534	1578
534	1702
535	618
535	906
535	910
535	1171
535	1780
536	1164
536	1433
536	1700
537	566
537	714
537	1141
537	1410
538	1000
538	1666
538	1731
538	1761
539	726
539	742
539	1569
540	1377
540	1468
541	1058
541	1108
541	1683
542	734
542	1184
542	1715
543	646
543	698
543	1127
543	1528
544	657
544	831
544	1721
545	677
545	846
545	1272
545	1735
546	1619
547	782
547	1119
547	1123
547	1699
547	1756
548	669
548	876
548	1234
549	1175
549	1453
550	684
550	695
550	1065
550	1663
551	586
551	626
551	1187
552	829
552	1489
552	1724
553	1632
553	1657
554	1146
554	1766
555	764
555	1319
557	898
557	1312
557	1439
557	1589
558	609
559	931
560	989
560	1026
560	1303
560	1333
560	1748
561	1015
561	1381
561	1786
562	787
562	905
563	583
564	1078
566	724
566	903
566	1171
566	1221
566	1252
566	1285
566	1425
566	1753
567	902
567	1280
567	1334
568	974
568	1232
569	988
569	1154
569	1551
569	1740
570	1270
570	1365
570	1452
571	975
571	1175
571	1488
572	889
573	639
573	1376
573	1528
574	615
574	818
574	1425
574	1456
575	584
575	890
577	775
577	1320
577	1450
577	1669
578	605
578	862
578	1092
578	1347
578	1423
579	646
579	907
579	1423
579	1463
580	1553
581	1346
582	967
582	1106
583	642
583	940
583	944
583	1465
583	1680
584	729
584	926
584	1129
585	1168
585	1279
585	1499
586	629
586	964
586	1169
586	1234
586	1359
586	1664
587	1400
587	1533
587	1618
588	696
588	705
588	1039
589	798
589	1495
591	722
591	1258
591	1550
592	1040
592	1351
592	1371
592	1462
593	781
593	836
593	841
593	998
594	1313
594	1403
595	1150
595	1347
596	734
596	954
596	1163
596	1587
598	875
598	922
598	1247
598	1726
600	947
601	891
601	1215
601	1256
601	1678
601	1684
602	774
602	1441
602	1507
602	1513
602	1718
603	826
603	915
603	1097
603	1527
604	953
605	733
605	1180
606	1236
606	1268
606	1733
607	1100
607	1131
608	1712
610	650
610	1537
611	1076
611	1166
611	1369
611	1498
612	970
612	1059
612	1235
612	1614
612	1639
613	840
614	728
614	1148
614	1367
614	1422
615	1096
615	1248
616	1111
616	1450
617	618
617	898
618	1218
618	1588
619	754
619	927
619	1087
619	1269
619	1294
619	1705
620	640
620	931
620	1127
620	1456
620	1781
621	1377
622	633
622	853
622	1305
622	1320
622	1343
623	1727
624	1107
624	1128
624	1588
624	1792
625	648
625	685
625	699
625	1569
625	1796
626	1262
626	1391
627	1085
628	828
628	1483
629	1553
629	1610
630	747
630	825
630	998
630	1297
630	1617
631	1397
632	1040
632	1327
632	1538
633	1098
633	1321
633	1500
634	725
634	1187
634	1202
634	1349
635	1112
635	1181
635	1246
635	1679
636	816
637	848
637	1073
637	1334
637	1731
637	1776
638	695
638	719
638	797
639	1223
639	1224
640	1144
640	1670
640	1724
641	730
641	744
641	1097
641	1797
642	1313
643	1407
643	1438
643	1619
644	749
644	824
644	1231
644	1389
644	1453
644	1612
645	904
645	988
645	1038
645	1678
645	1687
645	1689
646	850
646	900
646	1079
646	1467
646	1534
647	896
647	1001
647	1446
647	1519
648	837
648	1102
649	1672
649	1796
650	1134
650	1465
650	1534
651	1433
652	819
652	1378
652	1748
653	961
653	1734
654	711
655	996
655	1426
655	1519
656	1388
657	911
657	1531
657	1780
658	729
658	892
658	1034
658	1261
658	1493
658	1573
659	1139
659	1237
659	1463
660	986
660	1173
660	1498
661	1189
662	916
662	1055
662	1235
662	1349
662	1491
663	699
663	796
663	844
663	941
663	1073
663	1160
663	1193
664	1118
664	1140
664	1231
664	1239
664	1257
664	1369
665	719
666	1032
666	1476
666	1579
666	1719
667	1167
667	1196
668	1353
668	1374
669	710
669	1146
669	1278
669	1749
669	1756
670	1197
670	1748
671	1426
671	1436
671	1594
671	1695
672	1587
673	1025
673	1172
673	1668
674	728
674	903
674	1245
674	1413
675	722
675	1324
675	1711
676	1225
676	1337
676	1543
677	871
678	923
678	1684
678	1789
679	1034
680	819
681	753
681	1123
682	943
682	1225
682	1643
683	1457
683	1528
683	1654
685	1269
686	1596
686	1652
687	718
687	1054
687	1153
687	1581
688	748
688	946
688	1165
689	909
689	1750
690	1309
690	1537
690	1557
691	1274
691	1339
691	1464
691	1737
692	1081
692	1268
693	975
695	1010
695	1544
696	1180
696	1356
697	1363
697	1598
698	962
698	1030
698	1072
698	1398
699	1138
699	1276
699	1361
699	1694
700	873
700	1642
701	781
701	1081
702	717
702	1305
702	1442
703	1072
703	1093
703	1183
703	1721
704	943
704	1352
704	1610
704	1663
705	743
705	996
706	707
706	802
706	859
706	876
706	1589
707	737
707	812
707	847
707	1546
708	726
708	1213
708	1349
708	1545
708	1751
709	813
709	1217
709	1767
710	1144
710	1603
711	1356
711	1474
711	1573
712	808
712	1358
712	1518
713	986
714	1487
714	1792
715	1054
715	1515
716	808
717	1006
717	1099
717	1414
717	1677
718	757
718	882
718	1061
718	1065
718	1591
719	1607
720	1734
722	1090
722	1610
723	977
723	987
723	1238
723	1639
724	1072
724	1325
724	1556
724	1587
724	1707
725	1128
725	1132
726	753
726	959
726	1598
726	1675
727	994
727	1137
727	1515
727	1571
728	1690
729	875
729	1243
729	1490
730	1354
730	1615
731	859
731	1019
731	1337
731	1396
731	1605
732	1322
732	1573
732	1714
733	1039
733	1217
733	1298
734	904
734	1315
735	755
735	1367
735	1511
735	1558
736	1584
737	889
737	1255
738	1536
738	1672
740	1360
740	1394
740	1557
740	1625
740	1750
741	1128
741	1577
742	755
742	846
742	956
742	1512
743	1312
743	1436
744	1241
744	1453
744	1606
744	1634
744	1687
744	1699
745	1435
745	1584
746	860
746	871
746	1661
747	780
747	849
747	1399
747	1775
748	1069
748	1477
748	1511
748	1718
749	967
749	1171
749	1665
750	1353
750	1703
750	1777
751	928
752	1369
753	1016
753	1183
754	779
754	1689
755	1550
756	1140
757	892
757	1213
757	1473
758	1741
759	1418
759	1575
759	1798
760	763
761	805
761	1158
761	1200
761	1224
761	1230
761	1406
761	1463
762	1633
762	1710
762	1745
763	809
763	911
763	1312
763	1397
763	1521
764	999
764	1503
765	862
765	873
765	1241
766	944
766	1059
766	1218
766	1258
766	1376
766	1480
766	1680
767	830
767	1057
767	1585
768	843
769	872
769	1000
769	1173
770	1242
770	1500
770	1677
771	1388
771	1471
771	1747
772	1538
772	1766
773	1034
774	1137
774	1237
774	1308
774	1336
775	1427
775	1773
776	1172
776	1282
776	1583
777	1348
778	945
779	868
779	977
779	1084
779	1287
780	1210
781	901
781	1166
781	1691
782	1382
783	1138
783	1306
783	1350
783	1501
783	1547
783	1680
783	1797
784	1274
784	1374
784	1413
784	1772
785	1366
785	1565
785	1617
786	1183
786	1281
786	1710
787	1316
787	1501
788	966
788	1715
789	872
789	970
789	1365
789	1544
789	1785
790	1259
791	1290
791	1336
792	1017
793	1660
793	1668
794	1606
795	815
795	825
795	1343
796	1470
796	1539
797	855
797	1145
797	1162
797	1190
797	1569
798	1674
799	848
799	890
799	1439
799	1467
800	867
800	877
800	1263
800	1437
801	854
801	1639
803	837
804	1167
804	1184
804	1240
804	1457
805	1016
806	1521
806	1618
807	972
807	1062
807	1104
807	1220
807	1344
807	1469
808	1482
809	1397
809	1627
810	1393
810	1443
810	1537
810	1776
810	1786
810	1787
811	1123
813	1433
813	1499
813	1710
814	858
814	912
814	1555
814	1753
815	1679
816	1200
816	1207
817	840
817	876
817	1040
817	1388
817	1719
818	1041
818	1226
819	1084
819	1382
819	1601
820	880
820	1067
820	1571
820	1785
821	1564
821	1680
822	968
822	1405
823	935
823	1369
824	850
824	934
824	1090
824	1645
826	1065
826	1079
827	1183
828	1304
829	1600
830	1314
830	1417
830	1500
831	1084
831	1440
832	871
832	1131
832	1200
832	1201
832	1595
833	1177
833	1721
834	892
834	1162
835	907
835	1014
835	1088
835	1178
835	1689
836	1484
836	1532
836	1748
837	914
837	1715
837	1729
838	1041
838	1122
838	1135
838	1770
839	1018
839	1039
839	1253
840	1036
841	1198
841	1388
841	1504
841	1682
842	1048
842	1425
843	952
844	1406
845	1010
845	1200
845	1428
845	1458
846	1043
846	1187
846	1241
846	1723
848	1213
849	952
849	1643
851	886
851	1574
852	1322
852	1427
852	1665
852	1719
853	1687
854	1268
854	1735
855	930
855	1086
856	1514
857	866
857	1214
857	1480
857	1624
858	1140
859	978
859	1154
859	1523
860	1136
861	1158
861	1232
862	940
862	1070
863	1061
864	918
864	948
864	1161
864	1506
864	1734
865	889
865	968
865	1185
865	1312
865	1610
865	1673
866	1573
867	1339
867	1414
869	943
869	1235
870	1195
872	1083
872	1369
873	1009
873	1169
873	1216
873	1407
873	1550
873	1702
873	1797
875	953
875	1071
875	1290
875	1557
875	1770
876	970
876	1466
876	1572
876	1765
877	1103
877	1706
878	1793
879	926
879	1036
879	1142
879	1475
879	1762
881	1015
881	1155
881	1445
881	1569
882	1156
882	1688
882	1743
883	1198
884	1018
884	1357
884	1626
885	1147
885	1383
885	1714
886	1238
886	1289
886	1713
887	1110
887	1681
887	1793
888	1387
888	1451
888	1771
889	1156
890	1059
890	1420
891	1127
891	1615
891	1634
892	1469
892	1790
893	1303
893	1419
893	1775
894	1017
894	1396
894	1439
896	945
896	1109
896	1721
898	1723
899	1163
899	1171
899	1309
900	1009
901	1092
903	1221
903	1527
903	1664
903	1761
904	1508
905	1005
905	1378
906	1052
906	1053
906	1093
906	1143
906	1272
907	1109
908	1110
908	1334
908	1380
908	1491
909	1116
911	1030
912	1435
912	1542
913	943
913	1126
913	1205
913	1448
913	1706
914	1511
915	918
915	1156
915	1303
915	1544
915	1559
916	1113
917	1063
918	1149
919	1457
919	1692
921	1084
921	1643
922	1497
922	1695
923	1196
923	1509
923	1577
923	1615
924	983
924	1765
925	1015
925	1059
925	1283
925	1396
926	943
926	1637
926	1656
927	1045
927	1100
928	1556
928	1648
928	1787
929	1573
930	1320
930	1408
930	1471
931	1365
932	1566
934	1028
935	1236
935	1409
936	1437
936	1590
937	1292
937	1293
937	1348
937	1668
938	1057
938	1524
938	1621
938	1743
940	1712
941	1027
941	1110
941	1149
941	1725
943	1411
943	1447
944	1066
944	1250
945	947
945	1203
945	1519
945	1679
945	1687
946	1077
946	1532
946	1707
949	1097
949	1380
949	1405
949	1442
951	995
951	1555
951	1604
952	1044
952	1416
953	1299
954	1134
954	1771
955	998
955	1049
955	1404
955	1431
956	1253
956	1278
956	1397
957	1190
958	1088
958	1741
959	1159
959	1417
959	1596
959	1750
960	1296
960	1327
960	1695
961	1324
962	1463
963	1301
963	1646
965	1288
965	1589
965	1621
966	1544
967	1547
967	1750
968	1445
969	987
969	1111
969	1449
971	1690
971	1698
972	1679
972	1702
973	1456
974	1659
975	1158
976	1063
976	1435
977	1777
979	1166
979	1392
979	1416
980	1255
982	1201
983	1585
983	1602
983	1774
984	1417
984	1626
984	1662
984	1721
984	1758
985	1489
986	1113
986	1432
986	1690
987	998
987	1135
987	1520
988	1014
988	1471
989	1295
989	1436
990	1467
990	1667
991	1318
994	1729
994	1798
995	1561
996	1055
996	1066
996	1068
996	1324
996	1545
999	1627
1000	1140
1000	1141
1001	1521
1001	1781
1002	1111
1002	1675
1003	1058
1004	1506
1004	1652
1005	1056
1005	1438
1007	1319
1008	1110
1008	1138
1008	1463
1008	1587
1008	1720
1009	1192
1010	1269
1010	1788
1011	1574
1012	1150
1013	1449
1014	1517
1015	1531
1016	1795
1017	1372
1018	1356
1018	1453
1018	1510
1018	1610
1021	1787
1022	1305
1022	1441
1022	1610
1022	1686
1023	1214
1023	1432
1024	1032
1024	1360
1025	1330
1025	1623
1026	1559
1026	1684
1026	1785
1026	1786
1027	1037
1028	1312
1030	1416
1031	1259
1031	1607
1033	1234
1033	1406
1033	1722
1034	1373
1034	1583
1036	1628
1037	1051
1038	1727
1041	1090
1042	1104
1042	1283
1042	1454
1043	1325
1045	1115
1045	1639
1045	1784
1046	1186
1046	1281
1047	1210
1047	1534
1047	1635
1047	1658
1048	1365
1048	1520
1049	1100
1049	1179
1049	1598
1050	1149
1050	1564
1051	1522
1051	1659
1052	1502
1052	1503
1053	1101
1053	1112
1053	1224
1053	1255
1053	1289
1054	1567
1055	1162
1055	1206
1055	1442
1055	1458
1055	1726
1056	1627
1057	1242
1057	1554
1058	1268
1058	1413
1058	1441
1060	1413
1060	1575
1061	1189
1061	1484
1062	1598
1063	1437
1065	1364
1065	1444
1065	1757
1067	1142
1068	1668
1070	1281
1070	1564
1071	1225
1071	1519
1071	1688
1072	1464
1072	1734
1072	1788
1073	1162
1073	1184
1073	1286
1073	1303
1073	1415
1073	1419
1073	1653
1074	1395
1075	1278
1076	1201
1076	1416
1077	1659
1077	1685
1078	1298
1078	1680
1079	1280
1079	1373
1079	1662
1079	1787
1080	1560
1080	1606
1081	1271
1081	1344
1081	1513
1081	1707
1082	1305
1082	1516
1083	1608
1084	1239
1084	1308
1084	1344
1084	1745
1085	1581
1085	1719
1086	1389
1087	1230
1087	1545
1087	1729
1088	1559
1089	1092
1089	1359
1090	1132
1090	1405
1091	1508
1092	1490
1093	1176
1093	1634
1093	1637
1095	1570
1095	1772
1097	1106
1097	1249
1097	1603
1098	1673
1100	1318
1100	1622
1100	1651
1101	1165
1102	1584
1103	1112
1104	1223
1105	1479
1106	1330
1107	1386
1107	1683
1109	1496
1110	1356
1110	1725
1110	1733
1110	1738
1112	1179
1112	1728
1112	1794
1115	1772
1117	1584
1118	1210
1119	1670
1120	1679
1120	1706
1121	1279
1123	1276
1124	1191
1125	1199
1125	1468
1126	1691
1127	1322
1127	1698
1128	1173
1128	1191
1129	1211
1130	1266
1131	1137
1131	1140
1132	1327
1134	1609
1135	1296
1136	1291
1136	1429
1136	1627
1137	1179
1139	1161
1139	1673
1141	1173
1141	1672
1142	1394
1142	1642
1142	1759
1143	1656
1143	1680
1143	1683
1144	1763
1145	1730
1146	1203
1146	1633
1147	1228
1147	1615
1147	1650
1147	1730
1148	1168
1148	1670
1149	1156
1151	1158
1153	1760
1154	1631
1156	1169
1156	1266
1156	1424
1156	1528
1157	1559
1157	1602
1157	1704
1158	1258
1158	1655
1158	1708
1158	1783
1159	1407
1160	1244
1160	1290
1161	1588
1162	1509
1163	1203
1163	1292
1163	1363
1163	1718
1164	1398
1164	1659
1165	1389
1166	1772
1167	1473
1169	1360
1170	1185
1170	1221
1175	1301
1175	1540
1176	1432
1177	1371
1178	1332
1178	1524
1179	1264
1179	1316
1179	1611
1180	1749
1181	1634
1182	1293
1182	1366
1182	1613
1185	1228
1185	1300
1185	1541
1185	1786
1187	1755
1188	1400
1189	1313
1189	1337
1189	1391
1190	1490
1191	1693
1192	1276
1192	1329
1193	1239
1193	1276
1193	1283
1193	1467
1194	1324
1195	1510
1196	1461
1196	1762
1199	1672
1202	1367
1202	1458
1205	1630
1206	1337
1206	1492
1206	1618
1207	1506
1208	1608
1210	1461
1211	1267
1211	1532
1212	1359
1213	1241
1214	1367
1214	1795
1215	1551
1215	1654
1217	1329
1218	1295
1219	1348
1222	1349
1222	1425
1222	1737
1223	1389
1223	1414
1223	1449
1224	1377
1225	1624
1226	1696
1227	1268
1229	1265
1229	1680
1230	1617
1232	1655
1235	1280
1235	1586
1236	1721
1237	1247
1239	1374
1239	1567
1240	1400
1240	1473
1241	1631
1242	1322
1242	1334
1242	1410
1243	1668
1245	1275
1245	1548
1247	1514
1247	1651
1247	1707
1250	1563
1250	1569
1251	1462
1252	1737
1253	1426
1253	1614
1254	1255
1255	1527
1256	1562
1258	1585
1259	1327
1259	1782
1260	1330
1260	1458
1260	1467
1260	1714
1261	1418
1262	1419
1262	1509
1262	1686
1264	1373
1265	1533
1265	1660
1266	1287
1266	1790
1268	1317
1268	1338
1268	1418
1268	1688
1269	1434
1269	1788
1270	1769
1271	1534
1272	1279
1272	1792
1273	1413
1273	1414
1273	1795
1274	1531
1274	1645
1276	1414
1279	1317
1279	1748
1280	1521
1282	1553
1282	1581
1282	1620
1283	1320
1283	1712
1284	1297
1284	1621
1286	1289
1287	1557
1287	1570
1287	1780
1288	1503
1288	1712
1290	1704
1290	1798
1292	1679
1292	1704
1293	1481
1293	1594
1295	1561
1295	1582
1297	1788
1298	1414
1300	1525
1300	1641
1302	1335
1304	1504
1305	1438
1305	1551
1305	1653
1306	1307
1306	1618
1306	1686
1307	1675
1308	1458
1308	1749
1309	1550
1310	1601
1311	1373
1311	1544
1313	1780
1314	1500
1314	1706
1315	1331
1315	1550
1315	1734
1316	1446
1316	1567
1316	1749
1317	1571
1318	1495
1319	1630
1320	1418
1321	1429
1321	1720
1322	1619
1323	1369
1325	1417
1325	1567
1326	1583
1326	1721
1327	1493
1327	1572
1329	1369
1330	1360
1330	1508
1331	1435
1332	1520
1334	1501
1334	1613
1335	1346
1335	1586
1335	1735
1336	1679
1337	1601
1338	1626
1339	1634
1342	1629
1343	1522
1347	1705
1347	1780
1349	1502
1349	1580
1350	1433
1350	1597
1350	1617
1351	1510
1352	1566
1354	1434
1355	1705
1356	1469
1357	1627
1358	1720
1359	1615
1359	1680
1359	1705
1360	1361
1361	1567
1364	1617
1365	1485
1366	1430
1367	1398
1370	1454
1370	1645
1371	1723
1372	1402
1372	1588
1373	1440
1375	1793
1377	1471
1378	1657
1379	1746
1380	1664
1381	1604
1381	1707
1382	1778
1385	1594
1386	1429
1386	1721
1386	1797
1387	1474
1389	1462
1390	1573
1390	1613
1390	1667
1391	1624
1391	1781
1392	1575
1393	1472
1394	1627
1395	1662
1396	1700
1396	1795
1397	1648
1397	1650
1400	1667
1401	1613
1403	1578
1404	1510
1405	1787
1406	1551
1406	1633
1407	1572
1409	1607
1410	1547
1410	1742
1414	1597
1416	1490
1416	1729
1417	1578
1419	1447
1420	1585
1424	1567
1429	1461
1430	1761
1432	1648
1432	1680
1432	1734
1435	1493
1437	1474
1437	1609
1437	1666
1438	1476
1438	1595
1444	1727
1445	1714
1446	1479
1446	1790
1447	1574
1448	1709
1449	1586
1451	1658
1455	1582
1460	1562
1461	1690
1461	1742
1462	1709
1463	1541
1463	1671
1463	1756
1464	1547
1464	1572
1467	1736
1468	1603
1468	1610
1471	1546
1477	1616
1478	1487
1479	1566
1481	1563
1482	1785
1483	1510
1486	1532
1487	1490
1490	1732
1493	1575
1495	1708
1497	1616
1498	1504
1498	1736
1499	1765
1501	1691
1503	1544
1504	1511
1506	1548
1506	1786
1508	1541
1508	1686
1511	1521
1511	1578
1512	1788
1515	1630
1516	1576
1516	1599
1520	1719
1524	1674
1524	1799
1525	1643
1528	1613
1528	1648
1530	1707
1531	1703
1531	1761
1533	1688
1534	1570
1534	1606
1540	1677
1541	1738
1542	1565
1542	1738
1544	1690
1546	1561
1549	1697
1554	1578
1558	1765
1561	1754
1562	1591
1570	1608
1571	1649
1573	1702
1573	1703
1573	1794
1576	1622
1577	1719
1579	1593
1579	1731
1580	1629
1582	1770
1585	1796
1588	1662
1589	1718
1593	1731
1594	1701
1594	1788
1598	1652
1602	1610
1603	1730
1605	1667
1607	1642
1610	1757
1613	1797
1614	1704
1614	1770
1616	1651
1618	1654
1622	1731
1623	1733
1629	1675
1632	1682
1633	1781
1634	1688
1635	1739
1636	1708
1638	1677
1640	1748
1641	1751
1644	1752
1645	1686
1646	1756
1660	1692
1660	1721
1662	1677
1663	1682
1664	1705
1670	1724
1676	1786
1677	1688
1686	1755
1690	1787
1706	1795
1711	1729
1715	1716
1717	1792
1725	1738
1726	1742
1740	1792
1741	1746
1749	1750
1753	1790
1767	1799
1771	1777
1772	1776