0	653
0	779
0	870
1	35
1	355
1	499
1	632
1	649
1	1035
2	779
2	1418
3	570
4	1170
4	1706
5	200
5	308
5	344
5	500
5	799
5	1099
5	1268
5	1495
6	230
7	335
7	971
8	1671
9	1136
9	1606
10	103
10	409
11	231
11	644
11	650
11	842
11	1038
11	1590
11	1684
12	173
12	252
12	1021
12	1435
12	1491
13	70
13	167
13	413
13	1090
14	258
14	605
15	756
15	813
15	962
15	1410
15	1429
15	1528
15	1704
16	47
16	336
16	375
16	477
16	592
16	741
16	1664
17	685
17	896
17	1000
17	1700
18	566
18	813
18	830
18	1302
18	1325
19	183
19	1640
19	1763
20	991
21	144
21	304
21	372
21	687
21	749
21	786
22	620
23	595
23	1092
23	1468
23	1717
24	358
24	437
24	931
24	1410
24	1689
24	1692
24	1740
25	540
25	830
25	1241
25	1525
25	1713
26	167
26	1181
26	1290
26	1412
27	172
27	338
27	342
27	621
27	776
27	1177
27	1288
27	1698
28	249
28	1355
28	1648
29	1221
29	1732
30	180
30	1024
30	1671
31	514
31	545
31	739
31	893
31	1054
32	582
33	123
33	614
33	747
33	1348
33	1394
33	1476
33	1675
34	37
34	921
34	1529
34	1725
35	307
35	571
36	528
36	894
37	167
37	382
37	1151
37	1780
38	150
38	435
38	597
38	770
38	856
38	1685
39	142
39	328
39	844
39	1246
39	1560
40	249
40	404
40	957
40	1257
40	1313
40	1557
41	459
41	888
41	1327
42	248
42	938
42	1407
42	1684
43	1364
44	183
44	665
44	1130
45	179
45	939
45	943
45	1074
45	1298
45	1690
46	346
46	506
46	853
46	879
46	1448
46	1592
47	230
47	426
47	1456
47	1556
47	1665
48	84
48	172
48	370
48	536
48	615
48	1692
49	563
49	1454
50	505
50	538
50	633
50	817
50	1009
50	1563
51	72
51	1013
51	1021
52	298
52	1282
52	1374
53	291
53	1233
53	1357
53	1701
54	484
54	560
54	620
54	657
54	903
54	987
55	449
55	1336
56	879
56	1109
56	1345
56	1587
56	1769
57	437
57	553
57	580
57	883
58	190
58	331
58	573
58	1148
58	1405
58	1501
58	1614
59	685
60	328
60	1479
60	1491
61	723
61	1449
61	1537
62	358
62	579
62	605
62	1651
63	91
63	215
63	505
63	735
63	1555
64	185
64	223
64	561
64	653
64	658
64	670
64	1226
64	1316
65	337
65	1513
65	1596
66	545
66	792
67	806
67	994
67	1474
67	1718
68	219
68	404
68	981
69	250
69	377
69	976
70	169
70	381
71	322
71	408
71	950
71	1053
71	1081
71	1463
71	1580
71	1724
72	276
72	390
72	1042
72	1702
73	121
73	762
73	861
73	1484
73	1661
74	317
74	716
74	804
74	1546
74	1707
75	246
75	549
75	1144
75	1751
76	164
76	833
76	926
76	1536
76	1591
77	1309
77	1643
78	311
78	772
78	995
78	1631
78	1658
79	133
79	269
79	878
79	1423
79	1694
80	126
80	1647
81	221
81	342
81	645
81	1036
82	369
82	845
82	1108
82	1422
82	1517
83	360
83	539
83	1187
83	1209
83	1274
83	1278
83	1685
84	515
84	828
85	301
85	1340
85	1359
86	744
86	1154
86	1258
86	1345
87	140
87	675
87	899
88	1026
88	1279
88	1527
88	1748
89	503
89	535
89	751
89	1377
89	1389
89	1482
90	182
90	517
90	574
90	942
90	1402
91	273
91	624
91	978
91	1213
92	116
92	1117
92	1491
92	1558
92	1723
93	427
93	953
93	1025
94	367
94	451
94	572
94	1092
94	1141
94	1416
95	1238
96	1012
96	1181
96	1639
97	135
97	1068
97	1166
97	1551
98	644
98	1180
98	1289
98	1439
99	584
99	675
99	1069
100	793
101	540
101	585
101	1723
102	263
102	321
102	621
102	1094
102	1106
102	1183
102	1358
102	1634
102	1720
102	1731
103	137
103	303
103	844
103	1000
103	1026
103	1110
103	1142
103	1602
104	208
104	833
104	1267
104	1554
105	1431
105	1694
105	1754
106	134
106	931
106	1099
106	1384
106	1460
106	1535
107	741
107	838
107	971
107	1761
108	334
108	477
108	958
108	980
108	1210
108	1551
109	121
109	532
109	724
109	1515
110	330
110	673
110	720
110	1024
110	1270
110	1276
110	1423
110	1782
111	822
111	1120
111	1410
111	1549
112	395
112	698
112	1510
112	1595
113	356
113	777
113	1107
113	1312
114	487
114	859
114	870
114	1680
115	1485
116	233
116	443
116	1332
116	1743
117	247
117	393
117	452
117	555
117	617
117	1113
117	1321
117	1336
118	265
118	576
118	725
118	901
118	967
118	1771
119	154
119	259
119	1350
120	172
120	498
120	939
120	1021
120	1574
120	1705
121	151
121	182
121	777
121	1455
121	1467
122	1103
122	1413
122	1430
122	1709
123	480
123	1173
123	1279
123	1495
124	983
124	1379
124	1683
125	1120
125	1471
125	1588
125	1603
126	756
126	963
126	1213
126	1796
127	258
127	424
127	1012
128	578
128	764
128	987
128	1006
128	1415
129	701
129	918
129	1051
130	239
130	1197
131	377
131	1018
131	1207
131	1337
131	1497
132	322
132	464
132	963
132	1216
133	651
133	878
134	1786
134	1794
135	764
135	948
135	1053
135	1648
136	365
136	795
136	1529
137	381
137	527
137	1027
137	1603
138	222
138	540
138	646
138	724
138	843
138	911
138	1496
139	295
139	739
139	813
139	1038
139	1378
140	543
140	803
141	392
141	522
141	734
142	384
142	729
142	1044
142	1383
142	1669
143	760
143	1070
143	1443
143	1520
144	352
144	436
144	990
145	237
145	274
145	335
145	657
146	608
146	1132
146	1548
147	221
147	488
147	798
147	856
147	879
147	1509
147	1752
148	332
148	493
148	695
148	797
148	1577
149	605
149	1307
149	1457
149	1518
150	533
150	769
150	988
150	1683
150	1688
151	278
151	336
151	620
151	1241
152	163
152	606
152	608
152	672
152	753
152	853
152	940
152	1056
152	1091
152	1105
153	263
153	268
153	779
153	1039
153	1174
154	1068
154	1355
154	1703
154	1734
154	1796
155	331
155	1340
156	361
156	1660
157	488
158	789
158	1577
158	1787
159	632
159	974
159	1259
159	1587
159	1717
160	1033
160	1086
160	1182
160	1300
160	1433
161	1311
161	1552
161	1652
162	264
162	365
162	389
162	1047
162	1135
163	352
163	1077
163	1227
163	1309
163	1375
164	1031
164	1229
164	1283
164	1533
164	1609
164	1683
165	280
165	1627
165	1713
166	516
166	780
166	1368
166	1541
167	248
167	694
167	1022
167	1040
167	1047
167	1148
168	515
168	575
168	1141
168	1248
168	1700
169	373
169	903
169	1078
170	1021
171	980
171	1006
171	1308
172	449
172	722
172	802
172	1287
173	319
173	1606
173	1749
173	1787
174	1078
174	1406
174	1509
175	372
175	951
175	1288
175	1397
175	1651
176	472
176	573
176	1334
176	1434
177	233
177	856
177	863
177	885
177	1048
177	1378
178	1199
179	724
180	656
180	663
180	1682
181	283
181	329
181	608
181	1338
182	207
182	449
182	495
182	974
182	1724
183	303
183	638
183	1368
183	1658
184	192
184	587
184	1246
184	1393
184	1621
185	617
185	941
185	1267
186	700
186	774
186	1317
186	1613
187	528
188	501
188	841
188	1476
189	397
189	583
189	697
189	954
189	1359
190	196
190	545
190	1561
191	346
191	885
191	1279
191	1479
191	1588
192	536
192	831
192	1448
193	1127
194	404
194	694
194	985
194	1032
194	1391
194	1690
195	198
195	1305
195	1351
195	1773
196	274
196	279
196	347
196	743
196	806
196	883
197	1005
197	1347
197	1396
198	615
199	409
199	1710
200	705
200	1349
200	1556
200	1604
201	204
201	1135
201	1533
201	1643
201	1735
202	1118
202	1224
203	383
203	640
203	816
203	1541
203	1633
204	324
204	1335
204	1416
204	1503
205	284
205	345
205	1241
206	816
206	896
206	1137
206	1325
206	1523
206	1628
206	1657
207	691
208	675
208	1753
209	865
209	968
209	987
209	1504
210	644
211	222
211	927
211	942
211	1011
211	1082
212	1525
212	1637
212	1640
213	411
213	637
213	1694
214	236
214	1215
215	452
215	532
215	831
215	1037
215	1431
215	1464
215	1497
215	1516
216	523
216	579
217	538
217	591
217	835
217	993
218	1582
219	299
219	877
219	1390
219	1515
220	717
220	1674
221	350
221	623
221	1338
221	1368
221	1625
221	1720
223	243
223	740
223	940
223	1176
223	1301
223	1514
224	525
224	553
225	226
225	422
225	535
225	654
225	1336
225	1343
226	271
226	549
226	586
226	673
226	1199
226	1436
226	1539
226	1627
227	666
227	1316
228	652
228	971
228	1135
228	1727
228	1740
229	371
229	390
229	891
230	249
230	568
230	898
231	722
231	1143
231	1733
232	889
233	784
233	878
234	404
234	489
234	1136
234	1243
234	1723
234	1799
235	246
235	1449
235	1670
236	1159
236	1183
236	1492
237	949
237	1348
238	400
239	390
239	832
239	1296
239	1374
239	1731
240	953
240	1042
240	1161
240	1397
241	296
241	1384
241	1398
241	1424
241	1453
241	1765
242	663
242	1522
242	1769
243	846
243	1171
243	1192
243	1233
244	336
244	541
244	576
244	1258
244	1455
244	1569
244	1693
245	538
245	810
246	582
246	1355
246	1648
247	771
247	1177
247	1355
247	1417
248	812
248	912
248	1243
248	1679
248	1723
249	315
249	1165
249	1222
249	1736
250	424
250	997
251	256
251	476
251	1044
251	1544
252	288
252	1307
253	388
253	420
253	582
253	944
253	1396
253	1431
254	375
254	647
254	653
254	1149
254	1155
254	1367
254	1704
255	779
255	1070
256	883
256	928
256	1328
257	786
257	1445
258	315
258	361
259	400
259	558
259	592
259	947
259	1000
259	1057
259	1790
260	535
260	708
260	844
260	1451
261	281
261	693
261	1008
261	1115
262	634
262	1098
262	1400
263	411
263	1459
263	1511
263	1679
263	1702
264	457
264	537
264	1392
265	672
265	702
265	1128
265	1337
266	1177
266	1407
267	356
267	561
267	1309
267	1403
267	1434
268	772
268	1025
268	1753
268	1767
269	324
269	607
269	1214
269	1725
270	395
270	734
271	331
271	413
271	591
271	687
271	1124
271	1308
272	659
272	1799
273	674
273	1246
273	1562
273	1565
275	697
275	764
275	780
275	885
275	1177
275	1743
276	493
276	936
276	1096
276	1252
277	414
277	770
277	1028
278	714
278	1326
278	1393
278	1640
279	512
280	432
280	1664
281	1537
281	1749
282	1381
282	1495
282	1790
283	796
283	1158
284	442
284	518
285	415
285	736
285	1584
286	451
286	616
286	1096
286	1790
287	405
287	1253
288	379
288	1535
289	321
289	613
289	1100
290	426
290	564
290	741
290	1185
290	1270
291	1733
292	892
292	1105
293	600
293	1068
293	1798
294	1145
294	1171
294	1184
295	891
295	1593
296	592
296	1651
297	508
297	1426
297	1502
298	447
298	510
298	1564
298	1603
298	1663
299	846
300	309
300	1308
300	1794
301	1000
301	1260
301	1333
301	1481
302	582
302	791
302	949
302	1433
302	1497
302	1612
303	1508
304	736
304	804
304	1235
304	1336
305	832
305	1220
305	1528
306	719
306	754
306	1650
307	1000
307	1023
307	1383
308	534
308	779
308	1779
309	518
309	1239
309	1474
310	348
310	440
310	1602
311	846
311	867
311	942
311	1156
312	414
312	878
312	908
312	1061
312	1738
313	1275
313	1361
314	1541
315	547
315	960
315	1171
315	1623
316	384
316	563
316	1260
316	1515
316	1731
317	667
317	865
317	1353
318	320
318	344
318	521
318	660
318	1472
318	1664
319	1248
319	1382
319	1513
320	1038
321	560
321	1056
322	929
322	1135
322	1700
323	483
323	649
323	954
323	1158
323	1167
323	1473
323	1574
324	777
324	1273
324	1459
325	595
325	672
325	1422
325	1478
325	1560
325	1642
326	481
327	767
327	796
328	632
328	910
328	1233
328	1247
328	1305
328	1538
328	1755
329	357
329	876
329	1294
329	1617
330	394
330	527
330	1486
331	1666
332	871
333	946
334	555
334	559
334	801
334	888
335	432
335	711
336	594
336	674
336	1030
337	1016
337	1340
337	1764
338	1157
338	1256
339	405
339	730
339	1184
340	676
340	1744
341	939
341	1423
341	1676
343	508
343	1215
343	1221
344	599
344	648
344	650
344	866
344	1209
344	1218
344	1616
346	382
346	842
347	986
347	1055
347	1215
347	1780
348	752
348	858
348	1764
349	453
349	736
350	780
350	815
350	931
350	1049
350	1089
350	1202
351	865
351	973
351	1332
351	1757
352	423
353	435
353	599
353	912
353	933
353	1003
353	1466
354	594
354	705
354	1066
355	794
355	1409
355	1490
355	1556
356	875
356	1184
356	1407
356	1416
356	1648
356	1747
356	1788
357	932
357	1184
357	1362
357	1544
358	1054
358	1064
358	1547
358	1708
359	1213
359	1604
359	1717
360	367
360	463
360	1476
361	1597
362	724
362	975
362	1112
362	1511
362	1646
363	615
364	836
364	1100
364	1167
364	1210
364	1621
364	1789
365	1185
365	1222
365	1253
365	1570
365	1706
365	1738
366	418
366	631
366	713
366	893
366	1033
366	1048
366	1476
366	1574
367	625
367	981
367	1293
368	465
368	972
368	1373
368	1709
369	625
369	765
369	1185
369	1299
369	1787
370	558
370	628
370	659
370	904
370	1005
370	1331
370	1448
370	1733
371	786
371	942
372	832
372	991
372	1307
372	1313
372	1502
373	1109
374	502
374	507
374	1391
376	409
376	1222
376	1360
377	463
377	547
377	901
377	1370
378	534
378	667
378	693
378	1101
379	454
379	1277
380	467
380	525
380	647
380	690
380	727
380	1270
380	1286
381	715
381	888
381	1049
382	767
382	1786
384	814
384	1203
385	542
385	803
385	1275
386	959
387	400
387	998
387	1180
387	1686
388	676
388	1390
388	1605
388	1637
388	1686
389	512
390	612
390	1059
390	1697
391	1246
391	1356
391	1552
392	602
392	1590
392	1651
392	1705
393	926
393	1673
394	427
394	686
394	789
394	854
394	1356
394	1439
394	1541
394	1751
395	682
396	1298
396	1344
397	1214
397	1426
397	1776
398	406
398	464
398	532
398	766
398	865
399	1473
400	587
400	1200
400	1290
400	1488
401	508
401	1635
401	1749
402	906
402	1079
402	1520
402	1568
403	747
403	1560
404	656
404	1027
404	1665
404	1689
405	1106
405	1308
405	1360
406	1624
407	947
408	551
408	640
408	1348
408	1504
408	1655
409	509
409	554
409	1203
409	1324
410	603
410	616
410	643
410	917
410	1047
410	1059
410	1075
410	1098
410	1552
410	1600
411	519
411	861
411	968
411	1062
411	1569
411	1628
411	1736
412	494
413	1065
413	1639
414	494
414	680
414	906
414	937
414	939
414	1151
414	1633
415	1172
415	1362
415	1531
416	465
416	1444
416	1744
417	1273
417	1799
418	825
418	1064
418	1351
418	1620
418	1721
419	859
420	542
420	1410
421	1763
422	452
422	534
422	646
422	989
422	1460
422	1697
423	554
423	699
423	1072
423	1589
423	1721
424	605
424	1141
424	1295
425	1553
426	888
426	1341
426	1687
427	1499
428	851
428	1141
428	1667
429	677
429	1048
429	1529
430	781
430	1339
430	1406
431	712
431	1571
432	708
432	993
432	1694
433	576
433	765
433	1255
434	1006
434	1093
435	465
435	775
435	1546
436	542
436	781
436	1039
436	1160
436	1197
436	1219
436	1269
436	1663
437	1189
438	900
438	970
439	727
439	766
439	1176
439	1497
440	1612
440	1752
441	914
441	1018
441	1504
441	1670
442	1096
442	1610
442	1710
443	688
443	882
443	1569
443	1610
444	1422
445	1176
445	1663
446	478
446	762
446	1390
447	1678
447	1695
448	1280
449	771
449	1135
449	1205
449	1587
449	1612
450	1549
451	651
451	850
452	653
452	1012
452	1543
453	1002
454	1371
455	1112
456	518
456	1644
456	1777
457	1310
458	613
458	939
459	807
460	803
460	804
460	1025
460	1506
461	825
461	1288
461	1586
461	1738
462	1792
463	581
464	509
464	1239
464	1281
464	1401
465	572
465	1000
465	1117
465	1289
466	1380
466	1528
467	1056
467	1071
467	1262
467	1475
468	724
468	1117
468	1193
468	1402
468	1564
468	1594
469	737
469	759
470	1237
470	1775
471	485
471	488
471	619
471	852
471	1117
471	1574
471	1598
471	1631
472	483
472	1100
472	1391
473	777
473	971
473	1630
473	1793
474	1571
474	1683
475	530
475	612
475	711
476	513
476	1119
476	1157
476	1654
477	589
477	724
477	757
477	783
477	1555
477	1647
478	781
478	1754
479	543
479	984
479	1238
479	1624
479	1780
480	616
480	787
480	1585
481	1766
482	961
482	1474
483	1335
483	1608
484	1000
484	1376
484	1602
486	708
486	812
486	823
486	1023
486	1659
487	1224
487	1523
488	1096
489	616
489	932
489	1095
489	1202
489	1220
490	680
490	779
490	1703
490	1744
491	761
491	927
491	1416
492	583
493	754
493	985
493	1073
494	903
494	1381
495	502
495	964
495	1247
496	580
496	1282
496	1796
497	766
497	1607
497	1757
498	801
498	970
498	1350
498	1652
499	533
499	660
499	752
499	825
499	875
499	1705
500	925
500	1492
500	1605
501	553
501	705
501	719
501	893
501	1253
501	1648
502	567
502	1206
502	1296
503	765
503	1156
503	1679
504	1558
505	954
505	1512
507	658
507	1086
508	714
508	798
508	1263
508	1502
508	1587
508	1599
508	1782
509	639
510	1049
510	1095
510	1346
510	1650
511	933
511	1031
511	1325
511	1564
511	1609
512	634
512	816
512	1231
512	1663
513	601
513	629
513	1262
513	1728
514	747
514	864
514	1568
514	1643
515	798
515	1058
515	1419
515	1441
516	698
516	1027
516	1591
517	1760
518	906
518	1285
518	1302
519	835
519	1168
520	718
521	610
522	955
522	1108
522	1150
522	1537
522	1598
522	1697
523	699
523	857
523	1048
524	1468
524	1550
524	1769
525	1586
526	1020
527	831
529	1076
529	1295
529	1325
529	1378
529	1744
530	623
530	902
530	903
531	1306
531	1698
531	1721
532	711
532	769
533	1052
534	645
534	719
534	765
534	822
534	947
534	1627
535	845
535	1045
535	1134
536	1288
536	1640
537	835
537	1321
537	1396
537	1720
538	557
538	936
538	1417
539	1191
539	1310
539	1677
539	1765
540	852
540	901
540	1126
540	1287
541	1486
541	1605
541	1641
542	733
542	871
542	938
542	1405
542	1407
542	1681
543	1014
543	1313
543	1427
543	1475
543	1630
544	1258
545	1396
546	819
546	837
546	857
546	905
546	1334
546	1347
546	1502
547	1493
548	643
548	935
548	1223
549	639
549	1511
550	1082
550	1154
550	1643
551	637
551	1149
552	1219
553	1087
554	765
554	892
554	1139
555	609
555	1006
555	1133
555	1292
556	1540
558	936
558	1433
559	818
559	891
560	909
560	1178
560	1210
561	738
561	1096
561	1472
562	627
562	1309
563	771
563	1006
563	1289
563	1581
564	1462
564	1584
565	1206
565	1302
566	920
566	1157
566	1532
567	597
567	602
567	1363
567	1368
567	1635
567	1636
568	654
568	1372
568	1564
569	704
569	824
569	1014
569	1099
569	1475
570	638
570	991
570	1253
570	1360
570	1654
571	811
571	1391
571	1561
571	1676
572	633
572	1764
573	993
573	1345
573	1492
573	1741
574	820
574	924
574	1467
574	1643
575	1589
576	1350
576	1503
576	1703
577	926
577	1765
578	700
578	909
579	787
579	864
580	756
581	627
581	683
581	1207
581	1685
582	644
582	1050
582	1469
583	886
583	1444
584	688
584	724
584	1226
584	1726
585	1042
585	1069
585	1366
585	1452
586	679
586	683
586	1277
586	1297
588	1327
589	711
589	724
589	883
589	1283
589	1295
589	1296
590	646
591	1149
591	1699
592	902
592	1163
592	1255
592	1645
593	754
593	771
593	1088
593	1157
593	1401
594	1520
595	1155
595	1366
595	1438
595	1586
595	1709
596	614
596	743
596	767
596	852
596	1451
597	933
598	948
598	1298
599	741
599	770
599	1114
599	1539
600	1114
600	1376
600	1743
600	1781
601	904
601	977
601	1176
601	1727
601	1734
602	686
602	844
602	891
602	1051
603	735
603	1244
604	781
604	1052
604	1065
604	1397
604	1423
604	1685
605	942
606	1545
606	1579
606	1771
607	1054
607	1267
607	1565
607	1662
608	707
608	1477
608	1754
609	1325
609	1566
610	1784
611	619
611	712
611	1076
611	1109
612	639
612	1289
612	1438
613	806
613	924
613	1085
613	1540
613	1723
614	1114
614	1300
614	1387
615	806
615	1583
616	638
617	861
617	944
617	1750
618	1074
618	1646
619	1263
619	1508
620	738
620	784
620	893
620	1104
620	1120
620	1763
621	975
621	1169
622	736
622	1100
622	1784
623	1532
623	1752
624	1105
625	634
625	1013
626	720
626	1140
626	1257
626	1704
627	682
627	1487
627	1538
628	950
628	1103
628	1234
628	1327
629	940
629	1076
629	1210
629	1250
629	1308
629	1333
629	1506
630	776
630	881
630	1123
630	1685
631	777
631	926
631	1059
631	1202
631	1340
631	1639
632	1346
632	1352
632	1471
632	1797
633	808
633	1507
635	854
636	732
636	1280
636	1367
636	1586
637	1267
638	1224
638	1237
639	1527
640	1124
640	1364
641	738
641	917
641	1172
641	1685
641	1736
642	738
642	831
642	851
642	1103
643	1152
644	855
644	1129
644	1255
645	1117
645	1185
645	1397
645	1624
646	672
646	1209
648	741
648	1683
648	1715
648	1737
649	717
649	909
649	1281
649	1768
650	1345
652	753
652	892
652	1120
652	1174
652	1375
652	1390
652	1452
653	804
653	1589
654	942
655	1059
655	1092
655	1515
656	693
656	967
656	1389
657	1748
658	808
658	1274
658	1472
659	1658
660	1221
661	956
661	1190
662	1254
662	1483
662	1520
662	1652
662	1667
662	1695
663	1297
663	1594
663	1673
664	783
664	1203
665	963
665	1318
665	1459
666	954
668	848
668	1723
669	1213
669	1290
669	1781
670	1169
670	1222
670	1601
670	1759
671	681
671	1119
671	1539
672	1537
672	1575
673	927
673	1773
674	1122
674	1551
675	714
675	979
675	1180
675	1496
675	1724
676	1291
676	1457
677	955
678	1419
678	1604
678	1617
679	1014
679	1318
679	1430
679	1577
680	1208
680	1414
680	1694
681	1087
681	1694
682	797
682	1322
683	1009
683	1082
683	1177
684	719
684	771
684	801
684	998
684	1369
684	1403
684	1512
685	817
685	1658
686	1206
686	1274
686	1404
686	1450
686	1536
687	830
687	1589
688	1596
688	1709
689	739
690	817
690	1148
690	1262
690	1521
691	937
692	762
693	724
693	855
693	1314
693	1556
694	1525
695	772
695	1217
695	1401
695	1408
695	1796
696	724
696	824
696	1177
696	1585
696	1671
697	749
697	916
697	1021
697	1193
697	1464
697	1589
697	1599
698	1003
698	1362
698	1770
699	1347
699	1478
700	1132
701	717
701	1519
701	1556
701	1565
703	1733
704	1276
704	1465
705	804
705	886
705	911
705	991
705	1307
706	884
706	1007
706	1530
707	1292
707	1492
707	1646
708	801
708	1648
709	712
709	741
710	1534
711	876
711	962
711	980
711	1107
711	1200
711	1424
712	830
712	1647
712	1710
713	984
713	1353
713	1460
713	1739
714	981
714	1743
715	772
715	944
715	1285
716	1175
717	946
717	1384
717	1451
717	1477
717	1596
718	918
718	1220
718	1698
718	1781
719	772
719	1319
721	1125
721	1148
722	862
723	1498
723	1518
723	1715
725	892
725	991
725	1107
725	1122
726	823
726	971
726	1020
726	1208
726	1778
727	838
727	1405
728	880
728	1430
728	1547
729	1272
729	1759
730	1356
731	1530
731	1665
731	1795
732	798
732	1063
732	1421
732	1475
733	1505
733	1662
734	799
735	1105
735	1174
736	858
736	1110
736	1602
737	1088
738	955
738	1733
739	970
739	1196
740	829
740	1171
741	1042
741	1269
741	1422
742	915
742	1029
742	1704
742	1795
743	804
743	1208
743	1335
743	1500
743	1653
744	839
745	1264
746	1016
746	1278
746	1581
746	1637
747	1648
748	926
748	1077
749	835
749	884
749	1537
750	892
750	980
750	1257
750	1486
751	1006
751	1381
751	1629
752	942
753	925
753	1300
753	1551
754	828
754	1042
755	950
755	1771
755	1795
756	1020
756	1033
756	1347
756	1371
756	1731
756	1744
758	855
758	1499
759	971
759	1558
760	1072
760	1238
760	1657
761	905
762	842
763	935
763	1472
763	1798
764	783
764	1218
764	1380
764	1763
765	1047
765	1077
765	1763
766	878
766	1346
767	857
767	1372
767	1439
768	1062
769	850
769	875
770	804
770	1225
771	810
772	816
772	1060
772	1135
772	1174
772	1332
773	956
773	1636
773	1690
774	954
774	971
774	1114
774	1133
774	1295
774	1734
775	993
775	1104
775	1113
775	1442
776	796
776	887
776	1077
777	886
777	996
778	1193
778	1363
778	1544
779	1598
781	1324
781	1765
782	1002
782	1160
782	1572
783	1124
783	1246
783	1314
783	1418
784	1165
785	1420
786	1242
786	1754
788	1020
788	1319
790	1236
790	1307
790	1558
791	1365
791	1758
792	966
792	1202
792	1238
792	1565
793	855
793	1391
793	1483
794	1204
794	1413
794	1650
795	1170
795	1423
795	1763
797	822
797	1426
797	1796
799	841
799	1473
799	1729
800	814
800	1039
800	1119
800	1189
800	1565
801	940
801	1595
801	1660
804	948
804	1717
804	1733
805	1493
806	947
807	1752
808	1142
808	1704
808	1709
809	1171
809	1649
809	1677
810	1167
810	1697
811	1700
812	971
814	997
814	1312
814	1719
814	1758
815	1156
815	1557
815	1718
816	1245
816	1302
816	1406
816	1618
816	1689
819	1004
819	1112
819	1227
820	1073
821	1434
822	881
822	1623
823	933
823	1121
824	1251
825	1764
826	1310
826	1427
827	997
827	1012
828	872
828	898
828	1602
828	1697
829	1148
829	1279
830	888
830	1439
832	1055
832	1395
832	1549
833	1232
833	1425
833	1728
834	872
834	1104
834	1327
835	1035
835	1328
836	943
836	1330
837	1275
837	1599
838	1120
838	1765
839	1406
840	1217
840	1282
843	1076
843	1380
843	1432
843	1446
844	1633
844	1637
845	1451
846	875
846	896
846	1575
846	1746
847	878
847	1494
848	888
848	1031
848	1696
849	1679
849	1699
850	1747
851	1104
851	1521
851	1552
851	1679
853	1003
853	1569
853	1751
854	994
854	1233
854	1794
855	974
855	1738
856	1181
856	1533
857	875
857	1487
857	1599
857	1612
857	1632
859	942
859	1271
859	1798
860	1287
860	1592
860	1617
861	1646
863	976
863	1160
864	1323
864	1516
865	879
865	992
865	1467
866	1267
866	1547
868	1333
868	1443
868	1473
868	1649
869	959
869	1150
869	1323
869	1341
870	969
870	1119
870	1149
870	1351
870	1619
872	1039
872	1690
873	980
873	1213
873	1697
873	1716
874	1067
874	1354
874	1718
874	1796
875	972
875	1327
875	1390
875	1477
875	1521
876	1266
876	1427
876	1744
877	1192
877	1367
877	1417
877	1582
878	969
878	1383
878	1772
879	891
879	909
879	922
879	1187
880	1372
882	1104
882	1363
882	1685
883	1051
883	1168
883	1245
884	1013
884	1084
885	1083
886	1488
886	1509
888	1018
888	1194
888	1245
888	1702
889	936
890	917
890	1110
890	1312
890	1369
891	1008
891	1416
892	1070
892	1257
892	1317
893	1142
893	1311
893	1581
893	1705
893	1706
894	1107
894	1247
894	1775
895	1459
896	1243
897	1327
897	1480
897	1691
898	920
898	1541
898	1722
899	1648
899	1766
900	1361
900	1464
900	1623
900	1671
901	1534
902	1439
903	1308
903	1463
903	1487
903	1642
904	1271
904	1618
905	998
905	1293
905	1305
905	1315
906	1012
906	1513
907	1032
909	1448
910	1017
910	1574
911	945
911	1102
911	1474
911	1526
912	918
912	957
912	1016
912	1191
913	1530
913	1760
914	955
914	958
915	1011
916	1162
916	1768
918	956
918	972
918	1102
918	1230
919	1054
919	1116
919	1333
919	1585
919	1779
921	941
922	1253
922	1637
922	1644
923	1021
923	1319
923	1329
924	1694
924	1740
924	1756
925	1367
926	1261
926	1746
927	1245
927	1606
929	1022
929	1256
930	1457
932	1444
933	1205
934	1703
937	1033
937	1385
937	1681
937	1758
939	1144
939	1587
940	1467
941	1384
942	1268
942	1448
943	1194
943	1531
944	1039
944	1568
945	1127
946	1012
946	1062
946	1091
946	1722
947	954
947	1164
947	1557
947	1687
948	1619
948	1725
952	1750
953	1535
953	1599
955	991
955	1527
955	1757
955	1774
956	1058
956	1128
957	1295
957	1343
957	1761
958	1042
958	1590
958	1657
959	1541
960	1555
960	1721
961	1252
962	1075
962	1579
962	1602
962	1796
963	1249
964	1061
965	1073
965	1375
965	1545
965	1743
966	1196
966	1300
966	1749
967	1105
967	1556
968	1257
970	1730
970	1798
971	1364
972	993
972	1096
972	1336
974	1396
975	1658
976	1398
976	1487
976	1596
976	1600
977	1696
977	1762
979	1193
979	1354
979	1363
981	1094
981	1129
981	1686
982	1228
982	1790
983	1000
984	1266
984	1388
984	1694
985	1051
985	1354
986	1177
986	1288
987	1368
988	1370
988	1488
988	1535
989	1164
989	1441
990	1009
990	1059
990	1097
991	1302
992	1259
992	1301
993	1070
993	1479
994	1577
994	1614
996	1150
996	1417
997	1329
998	1522
999	1119
1001	1446
1001	1709
1003	1126
1003	1381
1004	1225
1005	1093
1005	1407
1005	1573
1005	1787
1006	1144
1006	1466
1006	1733
1007	1799
1008	1071
1009	1499
1010	1016
1011	1271
1011	1700
1011	1713
1011	1773
1012	1085
1013	1091
1013	1170
1013	1206
1015	1383
1016	1215
1016	1335
1016	1367
1017	1105
1017	1178
1018	1675
1019	1135
1019	1308
1020	1222
1020	1529
1020	1640
1022	1541
1022	1665
1022	1693
1023	1331
1024	1030
1024	1083
1024	1120
1024	1194
1024	1196
1025	1455
1025	1499
1027	1308
1028	1188
1028	1492
1028	1755
1029	1043
1029	1078
1029	1315
1029	1447
1030	1407
1030	1507
1031	1386
1031	1713
1032	1583
1033	1763
1033	1799
1034	1352
1035	1079
1036	1454
1037	1288
1037	1508
1037	1526
1039	1609
1040	1560
1041	1306
1041	1342
1041	1402
1041	1473
1041	1542
1041	1591
1042	1374
1043	1098
1043	1137
1043	1654
1043	1794
1045	1350
1045	1403
1045	1622
1046	1207
1047	1540
1047	1578
1047	1601
1047	1607
1048	1144
1048	1722
1049	1123
1049	1562
1050	1112
1051	1770
1052	1112
1052	1325
1052	1486
1052	1533
1052	1600
1052	1741
1053	1173
1054	1292
1055	1164
1055	1588
1055	1733
1056	1160
1056	1171
1057	1113
1057	1135
1058	1118
1058	1238
1058	1447
1058	1744
1059	1131
1060	1090
1060	1129
1060	1389
1063	1599
1063	1622
1065	1486
1066	1073
1066	1638
1066	1726
1067	1427
1067	1775
1068	1260
1068	1477
1068	1560
1070	1148
1070	1783
1071	1194
1072	1190
1072	1668
1072	1699
1073	1105
1074	1218
1074	1513
1074	1559
1074	1676
1075	1549
1075	1786
1076	1392
1077	1438
1078	1329
1078	1369
1078	1792
1079	1520
1080	1245
1080	1396
1081	1138
1081	1295
1081	1647
1082	1161
1082	1431
1082	1435
1083	1731
1084	1329
1084	1415
1084	1585
1085	1688
1086	1149
1086	1172
1086	1190
1086	1269
1087	1180
1087	1211
1087	1299
1087	1666
1088	1220
1088	1299
1089	1499
1089	1513
1090	1783
1090	1787
1091	1094
1091	1169
1092	1650
1093	1192
1093	1350
1093	1517
1094	1490
1094	1597
1096	1360
1096	1513
1097	1614
1099	1321
1099	1387
1100	1108
1101	1428
1102	1366
1102	1666
1102	1749
1103	1285
1103	1646
1104	1275
1104	1327
1105	1278
1105	1311
1107	1687
1108	1152
1108	1529
1108	1711
1109	1452
1109	1532
1110	1765
1111	1740
1111	1779
1112	1283
1113	1303
1113	1404
1114	1545
1115	1246
1115	1420
1115	1579
1116	1783
1117	1434
1117	1554
1117	1737
1118	1710
1119	1171
1119	1526
1120	1247
1121	1517
1122	1595
1123	1274
1125	1515
1125	1716
1126	1657
1126	1660
1127	1512
1128	1327
1129	1395
1129	1628
1131	1182
1131	1212
1131	1591
1132	1606
1132	1722
1133	1650
1133	1679
1133	1695
1135	1179
1135	1496
1135	1659
1137	1775
1140	1171
1140	1483
1140	1617
1140	1651
1141	1644
1144	1589
1145	1428
1145	1463
1145	1484
1145	1764
1146	1214
1146	1432
1146	1471
1146	1526
1147	1192
1147	1263
1148	1349
1148	1468
1149	1150
1150	1419
1150	1545
1150	1571
1150	1592
1150	1736
1151	1733
1152	1328
1152	1684
1153	1472
1154	1390
1155	1176
1156	1232
1156	1569
1156	1585
1158	1263
1158	1328
1161	1420
1161	1701
1162	1469
1162	1611
1162	1628
1164	1165
1166	1582
1166	1721
1167	1171
1167	1186
1167	1766
1168	1343
1168	1400
1168	1583
1168	1594
1168	1617
1170	1741
1170	1796
1171	1405
1171	1680
1171	1689
1171	1792
1172	1685
1174	1450
1174	1592
1174	1757
1175	1389
1175	1502
1176	1241
1176	1381
1176	1535
1177	1321
1179	1353
1180	1449
1180	1706
1181	1331
1182	1330
1182	1350
1185	1577
1185	1765
1187	1536
1189	1208
1189	1552
1189	1798
1190	1359
1190	1465
1190	1799
1193	1437
1193	1503
1194	1232
1194	1527
1195	1588
1195	1776
1196	1429
1196	1587
1196	1726
1198	1368
1199	1223
1199	1631
1201	1573
1202	1277
1202	1555
1202	1609
1203	1285
1203	1292
1203	1593
1203	1791
1204	1253
1204	1494
1205	1656
1206	1323
1207	1313
1208	1670
1208	1676
1208	1741
1209	1465
1209	1656
1210	1348
1213	1333
1213	1714
1216	1743
1216	1799
1219	1419
1220	1403
1220	1443
1221	1533
1221	1640
1222	1770
1224	1429
1224	1670
1225	1464
1226	1585
1226	1762
1227	1445
1227	1446
1227	1516
1229	1364
1232	1328
1232	1528
1232	1633
1232	1695
1233	1775
1234	1747
1235	1626
1235	1741
1236	1358
1236	1603
1237	1395
1237	1710
1238	1588
1238	1600
1238	1609
1239	1363
1240	1466
1241	1309
1241	1633
1242	1519
1243	1479
1245	1531
1245	1711
1246	1269
1246	1366
1247	1253
1247	1590
1248	1713
1248	1799
1249	1526
1249	1537
1251	1641
1253	1700
1255	1608
1258	1546
1260	1282
1261	1781
1264	1670
1264	1790
1264	1791
1265	1425
1265	1725
1266	1483
1267	1563
1267	1700
1268	1364
1269	1526
1269	1785
1273	1383
1273	1447
1273	1633
1273	1661
1274	1284
1275	1296
1275	1539
1276	1721
1278	1450
1280	1673
1282	1449
1283	1489
1283	1524
1284	1785
1287	1602
1288	1391
1288	1567
1289	1652
1290	1392
1292	1353
1293	1370
1295	1379
1295	1461
1296	1484
1300	1319
1300	1584
1300	1631
1301	1675
1302	1400
1303	1629
1304	1320
1305	1633
1306	1569
1307	1335
1307	1350
1308	1435
1308	1617
1309	1776
1310	1397
1312	1728
1313	1660
1313	1722
1314	1770
1315	1347
1317	1457
1320	1647
1320	1790
1322	1381
1322	1541
1323	1524
1324	1423
1324	1647
1329	1449
1329	1694
1331	1682
1332	1514
1333	1376
1333	1543
1335	1414
1337	1682
1337	1733
1338	1397
1338	1771
1339	1423
1341	1369
1341	1569
1343	1738
1345	1491
1345	1657
1346	1524
1346	1786
1347	1653
1347	1672
1348	1391
1348	1723
1348	1778
1350	1412
1350	1449
1352	1734
1353	1590
1353	1630
1355	1702
1358	1540
1358	1617
1359	1632
1360	1373
1360	1612
1362	1444
1363	1412
1363	1512
1363	1799
1365	1424
1365	1525
1365	1637
1368	1447
1368	1716
1369	1519
1370	1571
1372	1572
1372	1601
1373	1380
1374	1668
1377	1427
1377	1751
1377	1799
1378	1454
1378	1651
1378	1769
1379	1677
1379	1743
1381	1498
1381	1600
1382	1776
1384	1603
1384	1706
1384	1707
1386	1790
1387	1464
1392	1433
1393	1642
1394	1450
1394	1686
1395	1519
1395	1556
1396	1494
1396	1540
1399	1772
1403	1545
1404	1420
1405	1714
1406	1423
1407	1659
1407	1704
1411	1634
1412	1467
1412	1776
1420	1505
1421	1730
1421	1799
1424	1738
1426	1712
1426	1745
1426	1750
1427	1686
1428	1555
1428	1707
1429	1450
1429	1697
1433	1461
1433	1676
1438	1673
1438	1797
1440	1494
1442	1774
1443	1450
1446	1539
1446	1688
1447	1668
1449	1547
1449	1657
1449	1797
1451	1513
1454	1657
1457	1498
1458	1559
1458	1775
1460	1589
1461	1477
1462	1716
1464	1571
1465	1614
1466	1751
1469	1753
1470	1474
1472	1560
1473	1743
1475	1526
1476	1762
1479	1670
1479	1679
1483	1527
1483	1717
1484	1527
1485	1548
1488	1750
1488	1758
1490	1616
1491	1610
1493	1772
1494	1628
1496	1792
1497	1580
1503	1651
1504	1666
1507	1793
1508	1708
1509	1673
1509	1782
1512	1705
1513	1790
1514	1543
1514	1704
1514	1738
1515	1565
1515	1745
1517	1769
1518	1595
1518	1790
1530	1540
1530	1567
1531	1615
1536	1653
1537	1662
1537	1728
1537	1734
1539	1783
1543	1559
1547	1657
1548	1650
1549	1627
1550	1660
1552	1696
1553	1771
1554	1706
1557	1677
1558	1735
1559	1697
1560	1624
1561	1777
1562	1792
1563	1670
1565	1707
1576	1746
1577	1769
1579	1711
1583	1784
1586	1614
1586	1681
1588	1590
1588	1750
1588	1755
1590	1683
1599	1762
1601	1679
1603	1759
1605	1656
1607	1795
1609	1786
1612	1632
1613	1641
1616	1705
1618	1715
1618	1740
1619	1707
1621	1755
1630	1661
1633	1744
1635	1761
1636	1726
1641	1670
1641	1755
1644	1783
1647	1730
1648	1692
1648	1767
1649	1755
1659	1784
1660	1773
1661	1776
1663	1759
1669	1730
1672	1762
1679	1792
1681	1706
1685	1740
1694	1793
1697	1729
1701	1742
1705	1788
1712	1726
1717	1735
1717	1761
1731	1765
1745	1767