0	2
0	112
0	596
0	696
0	1361
0	1450
0	1487
1	225
1	400
1	684
1	1027
1	1366
1	1413
2	518
3	590
3	1035
4	16
4	71
4	189
4	1009
4	1063
4	1474
5	219
5	688
5	885
5	1041
5	1377
5	1393
6	310
6	474
6	884
7	101
7	122
7	623
7	938
7	1096
7	1126
7	1133
8	479
8	503
8	585
8	864
8	1242
8	1354
8	1423
8	1464
9	773
10	319
10	456
10	804
10	1446
11	245
11	386
11	856
11	914
11	1145
11	1160
11	1185
11	1197
12	220
12	779
12	928
12	1055
12	1265
13	803
14	326
14	1296
14	1472
15	74
15	79
15	467
15	761
15	851
16	52
16	92
16	334
16	364
16	397
16	509
16	645
16	799
16	1232
16	1260
17	132
17	302
17	310
17	478
18	73
18	427
18	502
19	211
19	536
19	1025
19	1244
20	1478
21	95
21	241
21	449
21	919
21	1068
21	1344
22	1220
23	30
23	47
23	567
23	595
24	314
24	472
24	550
24	1044
24	1197
24	1444
25	220
25	354
25	792
26	823
26	936
26	1366
27	40
27	218
27	874
27	986
27	1076
27	1189
28	36
28	98
28	112
28	911
28	1098
28	1483
29	610
29	1172
30	233
30	996
30	1332
30	1481
31	711
31	721
31	787
32	281
32	484
32	629
32	643
32	829
32	869
32	955
32	1201
33	102
33	134
33	160
33	237
33	310
34	121
34	318
34	398
35	843
35	1060
35	1188
35	1470
36	210
37	396
37	748
37	972
37	1002
37	1049
37	1270
38	239
38	464
38	790
38	1036
38	1042
38	1043
39	544
39	561
39	1411
40	1256
41	58
41	152
41	466
41	911
41	1329
41	1397
42	344
42	549
42	657
43	141
43	444
43	472
43	1299
44	405
44	830
44	1094
44	1110
44	1187
44	1210
45	247
45	433
45	785
45	987
45	1016
45	1227
46	644
46	1064
47	285
47	921
47	976
47	1158
47	1232
47	1460
48	492
49	994
49	1312
50	1172
51	335
51	507
51	760
51	1333
52	70
52	277
52	305
52	639
52	716
52	797
52	881
52	984
52	1187
53	74
53	390
53	396
53	844
53	899
54	281
54	333
54	759
55	289
55	651
55	829
55	853
55	864
55	867
55	1476
56	679
56	774
56	1037
56	1399
57	116
57	726
57	929
58	336
58	881
58	987
59	203
59	549
60	784
60	1234
61	194
61	359
61	1313
62	229
62	308
63	69
63	278
63	444
64	210
64	306
64	480
64	506
64	1113
64	1223
65	796
65	963
65	968
66	225
66	532
66	595
66	775
66	1209
66	1261
67	412
67	655
67	720
67	896
67	1213
67	1280
67	1433
68	80
68	312
68	670
68	866
68	909
68	1193
69	535
69	1261
69	1354
69	1400
70	86
70	392
70	608
70	672
70	705
70	742
71	274
71	281
71	436
71	544
71	960
71	1325
72	129
72	816
72	902
72	1049
72	1055
73	222
73	360
73	905
73	1151
74	77
75	144
75	623
75	691
75	793
75	1034
75	1489
76	639
76	652
76	866
77	740
77	901
77	934
77	1114
77	1481
78	447
78	617
78	819
79	165
79	195
79	538
79	589
80	974
80	1118
81	1050
81	1084
81	1208
81	1350
82	216
82	242
82	635
82	741
82	1303
83	330
83	1403
83	1404
84	380
84	387
85	272
85	664
86	566
87	752
87	813
87	1109
87	1175
88	608
88	750
88	817
88	1174
88	1244
88	1396
89	453
89	485
89	695
89	839
89	991
89	1120
90	435
90	664
90	1324
90	1462
91	101
91	583
91	672
91	777
91	1001
91	1261
91	1392
92	273
92	347
92	625
92	761
92	1096
92	1454
93	354
93	944
93	966
94	112
94	226
94	467
94	1035
95	167
95	296
95	489
95	1484
96	155
96	393
96	400
96	426
97	449
97	677
97	1028
97	1047
98	101
98	184
98	638
98	1107
98	1307
99	375
99	452
99	659
99	1000
100	494
101	496
101	909
102	1207
103	143
103	273
103	280
103	348
103	646
104	385
104	455
104	607
104	780
104	892
104	1204
105	183
105	333
105	628
105	1047
105	1299
105	1336
105	1368
106	533
107	611
108	626
108	1025
108	1134
108	1393
109	431
109	532
109	679
109	1024
109	1364
110	141
110	307
110	832
110	883
110	1375
111	489
111	1420
111	1480
112	215
112	456
112	565
113	196
113	1062
114	557
115	637
115	663
115	1234
116	1326
117	121
117	218
117	1248
118	452
118	830
118	1455
119	146
119	274
119	417
119	532
119	565
119	1244
120	667
120	963
122	340
122	877
123	130
123	267
123	343
123	598
123	656
123	998
124	331
124	729
124	788
124	973
124	1402
124	1411
125	689
125	786
125	953
125	1062
125	1251
125	1293
126	542
126	545
126	780
126	880
126	1297
127	535
127	618
127	1090
127	1418
128	422
128	509
128	1485
129	1145
129	1415
130	983
131	199
131	759
132	266
132	1097
132	1327
132	1496
133	308
134	325
134	446
134	875
134	920
135	777
135	809
135	839
135	1121
136	466
136	470
136	651
136	749
136	846
137	234
137	243
137	245
137	506
137	562
138	464
138	578
138	1433
139	560
139	704
139	967
139	1161
139	1481
140	402
140	1212
141	716
142	355
142	662
142	1071
142	1246
143	253
143	497
143	1181
144	235
144	797
144	924
145	151
145	157
145	450
145	1075
145	1366
146	315
146	359
146	413
146	1332
147	1042
147	1308
148	409
148	829
148	1268
149	990
149	1059
149	1218
149	1256
150	199
150	202
151	255
151	655
151	725
151	1156
152	1246
152	1315
153	577
154	653
154	926
154	946
154	1439
154	1442
156	243
156	306
156	524
156	735
156	1236
156	1254
156	1386
156	1404
157	326
157	456
157	466
157	804
157	1104
158	566
158	740
158	825
159	850
159	1179
160	399
160	558
160	571
160	905
160	937
160	1251
160	1376
161	319
161	347
161	1251
162	451
162	644
162	1038
162	1347
163	326
163	893
163	1336
163	1471
164	484
164	570
164	1121
165	175
165	1129
165	1324
165	1470
166	209
166	232
166	888
166	1219
166	1313
166	1349
166	1435
166	1436
167	202
167	554
167	660
167	1350
168	303
168	698
168	945
168	1218
169	328
169	972
169	1068
169	1411
170	178
170	366
170	506
170	1348
170	1483
171	846
171	923
171	1047
171	1456
172	366
173	593
173	848
173	901
173	916
173	999
174	373
174	412
174	625
174	694
174	775
174	918
174	1247
174	1280
175	271
175	379
175	385
175	656
175	993
175	1067
175	1165
175	1425
175	1454
175	1458
176	329
176	1047
176	1079
177	1405
178	257
178	1096
179	225
179	1476
180	201
180	356
180	790
181	664
181	938
182	244
182	294
182	1436
183	463
183	612
183	627
183	1437
184	397
184	807
185	994
185	1115
186	335
186	799
186	937
186	1179
186	1272
187	501
187	1174
187	1285
187	1403
188	213
188	410
188	849
189	325
189	808
189	1172
189	1200
189	1395
189	1460
190	504
190	652
190	829
190	871
190	1097
190	1277
191	395
191	482
191	622
191	923
191	1101
192	330
192	514
192	719
192	903
192	1120
192	1312
193	633
193	1059
193	1084
193	1233
193	1354
193	1434
194	836
195	564
195	575
196	567
196	1043
197	943
198	353
198	570
198	639
198	1185
198	1303
198	1497
199	419
199	677
199	713
199	1120
200	675
200	1170
200	1305
201	288
201	695
202	500
202	874
202	895
202	1073
202	1312
202	1313
203	831
203	979
203	1201
204	825
204	960
204	1047
204	1205
204	1387
205	275
205	780
205	1305
206	261
206	326
206	573
206	874
206	993
206	1186
206	1222
206	1322
206	1493
207	280
207	423
207	434
207	808
208	490
208	545
208	1069
208	1344
209	1224
210	1094
210	1237
211	346
211	614
211	700
212	411
212	426
212	569
212	691
212	930
212	1435
213	337
213	895
213	1143
214	428
215	221
215	422
215	538
215	865
215	972
215	1372
216	396
216	1400
216	1405
217	315
217	518
217	681
217	1254
218	389
218	419
218	826
218	1008
218	1266
218	1391
218	1410
219	542
219	794
219	1432
220	574
220	846
220	965
220	1349
221	590
222	532
222	1048
222	1485
223	367
223	882
223	1057
223	1152
223	1188
223	1342
223	1372
224	282
224	356
224	433
224	1148
225	259
225	344
225	1292
226	293
226	691
226	1287
227	400
227	716
227	998
227	1259
228	1418
229	847
229	1191
229	1452
230	736
230	1045
230	1254
231	865
231	1121
231	1240
231	1306
231	1460
232	580
232	743
232	835
233	293
233	443
233	843
234	839
234	958
234	961
234	1169
235	1298
236	785
236	812
236	842
237	282
237	509
237	532
237	634
237	731
237	1039
237	1139
237	1257
237	1288
237	1310
237	1494
238	277
238	394
238	836
238	1012
238	1400
238	1437
239	396
239	578
239	716
239	1100
239	1412
240	539
240	689
240	941
240	1168
240	1245
240	1387
241	1124
241	1239
242	444
242	573
242	682
242	816
242	1061
243	730
243	1071
244	315
244	1022
244	1052
244	1170
244	1261
245	819
245	1043
245	1094
246	1251
246	1340
246	1357
247	436
247	500
247	509
248	440
248	684
248	970
248	1184
249	454
249	638
249	1079
249	1094
249	1280
250	301
250	370
250	522
250	623
251	273
251	631
251	768
251	1129
251	1310
252	887
252	1071
253	662
253	901
253	1216
253	1434
254	260
254	427
254	1468
255	450
255	734
255	785
255	915
256	310
256	430
256	746
256	969
256	985
256	1031
257	424
257	772
257	1153
258	551
258	647
258	858
259	1313
259	1334
260	505
260	1185
261	365
261	477
261	680
261	724
261	801
262	689
262	815
262	1407
262	1465
263	1384
264	477
264	715
264	909
265	379
265	510
265	1030
265	1208
265	1323
266	781
266	869
267	518
267	1302
268	794
269	552
269	978
269	1009
270	468
270	539
270	1016
270	1144
271	407
271	458
271	1054
272	563
272	1055
272	1471
273	354
273	758
274	439
274	654
274	879
274	975
274	1257
275	728
275	772
275	786
275	942
275	1365
276	427
276	435
276	538
276	1244
276	1291
278	1462
279	555
279	912
279	1024
279	1470
280	450
280	638
280	683
280	835
281	713
282	606
282	778
283	392
283	510
284	421
284	439
284	844
284	845
284	1455
284	1483
285	457
286	491
286	591
286	704
286	1126
286	1425
287	1367
288	602
288	926
288	1047
288	1483
289	477
289	533
289	611
289	1210
290	596
290	1145
290	1437
291	551
291	1108
291	1422
292	1013
292	1214
292	1474
293	841
293	886
293	1093
294	951
295	641
297	554
297	746
297	798
297	1164
297	1486
298	687
298	1430
298	1492
299	344
299	619
299	710
299	738
299	1358
300	600
300	1189
300	1365
301	831
302	505
303	748
303	901
303	1368
304	352
304	375
304	376
304	1012
304	1151
304	1182
304	1406
304	1493
305	677
305	996
305	1406
305	1433
306	831
306	849
307	394
307	792
307	1342
308	485
308	829
308	1035
308	1042
308	1300
309	590
309	1237
310	467
310	813
310	1143
310	1150
310	1236
310	1301
311	445
311	1124
312	1479
313	509
313	539
313	789
313	1218
314	387
314	532
314	1361
315	394
315	1240
315	1373
316	495
316	614
316	1103
316	1399
317	428
317	1097
318	1010
319	394
319	538
319	576
319	756
319	1268
320	970
321	1219
321	1240
321	1245
321	1280
321	1355
322	933
322	958
322	1021
322	1300
322	1377
323	964
323	1188
323	1327
324	504
324	948
325	1202
325	1467
326	815
327	654
327	667
327	915
327	1355
328	890
328	1022
328	1202
329	341
329	858
329	896
329	997
329	1168
329	1241
329	1495
330	467
330	812
330	909
330	1345
331	420
331	813
331	923
331	1248
332	712
332	1497
333	1157
334	571
334	668
334	1132
334	1275
336	685
336	823
336	860
337	1019
337	1140
338	826
338	931
338	953
339	586
339	857
339	1147
340	1071
340	1137
340	1247
341	488
341	1190
342	421
342	636
342	959
342	1081
342	1289
343	414
343	1034
344	702
344	877
344	896
344	1068
344	1330
345	502
345	1352
346	764
346	959
346	1105
346	1127
347	569
347	579
347	1226
348	663
348	951
348	1450
349	1076
349	1168
349	1248
350	421
350	841
350	1120
351	795
351	924
351	1320
351	1337
352	568
352	1403
353	620
353	1207
353	1327
354	729
354	1009
354	1040
354	1305
354	1450
356	757
357	1165
358	753
358	1003
358	1040
358	1350
359	476
360	435
360	458
360	652
360	808
360	1241
361	618
361	941
361	1280
361	1455
362	851
362	1060
362	1466
363	485
364	864
364	1172
365	559
365	611
365	957
365	978
366	1348
367	529
367	941
367	1198
367	1327
368	459
368	672
368	678
368	728
369	892
370	875
370	1460
371	1001
371	1274
372	954
372	1034
372	1256
373	483
373	596
373	1362
374	571
374	760
374	802
374	1261
375	928
376	626
376	628
376	835
376	1360
377	984
377	1481
378	440
378	860
378	1453
379	687
379	703
379	1376
380	1161
381	431
381	1069
382	483
382	843
382	1482
383	386
383	395
383	742
384	721
385	444
386	941
386	1130
386	1294
387	416
387	909
387	919
387	1290
387	1483
388	498
388	949
388	1191
388	1399
389	870
391	602
391	959
391	1058
391	1361
391	1486
392	647
392	925
392	1012
393	658
394	405
394	876
394	937
394	1085
394	1203
394	1385
394	1392
395	1354
396	511
396	1247
397	417
397	1104
397	1179
398	512
399	658
399	739
399	851
399	991
400	469
400	731
400	793
401	859
401	864
401	1274
402	471
402	1343
403	608
403	728
403	1003
404	795
404	1018
404	1148
405	638
406	985
407	481
407	647
408	521
408	1113
408	1306
409	714
409	1372
410	578
410	860
411	1078
412	624
412	1094
413	1123
413	1358
414	464
414	1203
414	1280
414	1288
414	1321
415	761
416	443
416	1196
416	1283
417	800
417	1377
418	1496
419	442
419	740
419	826
420	670
420	1196
420	1309
420	1469
421	442
421	565
421	625
421	635
421	987
422	485
422	843
422	900
423	815
423	895
423	948
423	1086
423	1427
424	605
424	1163
425	681
425	823
425	972
425	1245
425	1386
426	758
426	840
426	895
426	946
426	1437
427	1213
428	777
428	894
428	1294
428	1343
428	1497
429	468
429	890
429	1163
430	585
430	1129
430	1405
431	863
431	1143
431	1483
432	668
432	751
432	827
432	1031
432	1212
433	599
433	781
433	1252
433	1331
433	1483
434	808
435	490
435	541
435	615
435	1323
435	1406
436	1052
437	448
437	596
437	877
438	560
438	796
438	1104
440	1233
441	800
441	1219
442	544
442	1269
443	1067
443	1091
445	733
445	986
445	999
446	801
446	908
447	550
447	693
447	969
447	1444
448	456
448	1199
448	1456
449	921
449	1161
449	1288
450	863
450	876
450	1290
451	509
451	797
451	864
451	1245
451	1416
451	1452
452	641
452	804
452	1453
452	1484
453	755
453	858
453	1257
454	1181
455	985
456	1142
456	1188
457	496
458	1143
458	1393
459	926
459	1265
460	756
460	957
460	1429
461	698
461	1200
462	559
463	606
463	844
463	1298
463	1438
463	1464
464	696
464	1275
464	1283
465	749
465	1233
465	1398
466	612
466	963
466	1002
466	1384
466	1449
467	527
467	821
467	1005
467	1255
468	680
468	1294
468	1332
468	1346
468	1476
469	549
469	1112
470	1260
470	1290
471	472
471	1081
472	1133
472	1154
473	811
474	857
474	1024
474	1090
474	1294
474	1430
475	619
475	737
475	740
476	643
476	755
476	1020
476	1113
476	1419
477	1219
478	611
478	658
479	654
479	966
479	1139
480	1081
481	817
482	891
482	1064
483	493
483	937
485	763
485	1152
486	1382
487	725
487	1328
488	564
488	1205
488	1284
489	662
489	676
489	697
489	710
489	937
490	1005
490	1134
490	1204
490	1466
491	941
491	1471
492	571
492	997
493	1494
494	781
494	1307
495	586
495	1409
496	834
496	878
496	1171
497	678
497	923
498	664
498	819
498	856
498	984
499	1207
500	533
500	1166
501	658
501	735
501	1094
502	960
502	1391
503	933
503	1122
504	1119
505	734
505	938
505	1108
505	1382
506	796
506	866
506	1247
507	1079
507	1208
508	741
508	750
508	992
509	1169
509	1225
510	636
511	584
511	1045
511	1248
512	1290
512	1401
512	1465
513	947
513	1124
513	1130
513	1451
514	977
514	1281
514	1354
515	630
515	927
515	940
516	1045
516	1095
516	1155
516	1385
517	626
517	706
517	1080
518	852
518	1409
519	1037
520	1061
521	571
521	813
521	838
522	578
522	699
522	739
522	947
522	955
522	966
522	974
522	992
522	1058
522	1412
523	1065
523	1196
524	709
524	1267
524	1339
525	531
525	794
525	1141
525	1231
526	747
526	1036
526	1197
526	1243
526	1352
527	602
527	644
527	997
527	1326
528	846
528	1201
528	1304
529	1032
529	1147
530	675
530	1317
531	1304
531	1325
532	680
532	834
532	937
532	1024
532	1038
533	1246
533	1275
534	1133
536	1226
537	643
537	1170
537	1187
537	1206
537	1388
539	905
539	982
539	1250
539	1425
540	966
540	1212
540	1417
540	1445
540	1480
541	821
541	1117
541	1223
541	1470
542	626
542	689
542	861
542	1483
543	989
543	1477
544	1033
544	1045
544	1215
545	1034
545	1036
545	1451
546	1300
547	742
547	1364
548	554
548	794
548	1119
548	1271
549	1098
549	1363
550	835
550	1354
551	1258
551	1467
552	1235
552	1492
553	1067
554	1149
555	925
556	1015
556	1276
556	1279
557	1408
557	1497
558	603
558	1052
558	1144
558	1268
559	619
559	873
559	935
559	989
559	1240
559	1269
559	1396
560	568
560	1212
561	651
561	810
561	1461
562	1059
562	1201
562	1414
563	665
563	720
563	1011
563	1322
564	689
564	1076
564	1206
565	1016
565	1127
566	1135
566	1403
567	998
567	1302
567	1320
568	1103
568	1311
568	1435
569	1079
569	1146
571	832
571	880
571	954
571	1261
571	1263
572	1320
573	733
573	1144
574	965
574	1213
575	785
575	814
575	958
576	1090
576	1223
576	1491
577	1114
577	1280
578	744
579	746
580	882
580	962
581	709
581	1312
582	1057
582	1231
583	1017
583	1068
584	874
584	1140
585	1171
585	1381
586	681
586	781
586	1062
587	1115
587	1452
588	1136
589	997
590	653
590	713
590	1249
591	771
591	843
591	1046
592	699
592	1159
592	1175
594	860
594	966
594	1230
594	1344
594	1427
595	729
595	862
596	676
596	830
596	1179
596	1332
596	1369
596	1479
597	1027
598	979
598	1060
598	1085
599	664
599	702
600	788
601	674
601	1147
601	1222
601	1441
602	1125
603	949
603	1159
603	1469
604	718
604	767
604	1240
604	1441
605	725
605	798
605	925
605	965
605	977
606	816
607	1098
608	790
608	1249
608	1303
609	762
610	1122
610	1406
612	802
612	1255
613	1037
614	671
614	1097
615	895
615	915
615	1014
615	1185
615	1360
615	1386
616	677
616	687
616	1234
616	1436
617	834
617	946
617	1262
618	735
619	643
619	985
619	1331
619	1337
620	715
620	1441
620	1466
621	958
621	1099
622	734
622	756
622	1006
623	860
624	750
624	823
624	872
624	1022
624	1323
625	690
626	1082
626	1451
627	1046
628	1499
629	796
629	958
629	1469
630	936
630	1168
631	906
631	999
631	1030
631	1450
632	969
632	1117
632	1187
632	1384
633	812
634	772
634	787
634	792
634	953
634	1217
634	1253
634	1271
634	1292
636	1079
636	1167
636	1443
637	692
637	812
637	1438
638	1013
639	1257
640	858
640	1446
641	689
641	717
641	731
641	845
642	1404
643	1278
644	668
644	1343
645	783
645	806
645	925
645	1062
646	1140
648	993
648	1321
649	719
649	764
649	800
649	912
649	981
649	1164
649	1307
650	892
650	1043
650	1397
653	974
653	982
653	1154
656	857
656	1406
656	1447
657	806
657	872
658	1197
659	777
659	1032
659	1353
661	745
661	1099
661	1167
661	1276
661	1352
661	1449
663	715
663	1148
664	692
664	712
664	929
664	1418
665	1076
665	1113
666	956
666	1229
669	793
669	816
669	1259
670	841
670	951
671	930
671	993
672	761
672	794
672	909
672	1038
672	1380
673	782
673	1082
673	1111
673	1393
675	967
675	1315
676	712
676	965
676	1075
676	1331
677	736
677	1468
678	877
678	1228
679	1456
680	790
681	963
681	1388
682	863
682	1292
682	1407
683	922
683	964
683	974
683	1460
684	867
684	883
684	1129
684	1205
686	694
686	803
686	960
686	1060
687	1135
687	1426
688	943
688	953
688	1105
689	703
689	1064
689	1332
689	1388
690	703
691	844
691	915
691	1134
692	806
692	997
693	940
693	1073
693	1389
694	771
694	1170
695	1193
696	772
696	1103
697	1105
697	1327
697	1413
698	1114
699	796
699	932
699	1203
700	868
700	1015
701	899
701	942
701	1062
702	1249
703	999
704	927
704	1366
705	911
705	1422
705	1468
706	1058
706	1325
707	1026
708	1054
709	731
709	734
709	902
709	1191
710	1181
712	1094
712	1128
713	764
713	821
713	1007
713	1381
714	1039
714	1042
714	1403
715	927
715	969
715	1069
715	1139
716	1407
717	1168
718	755
718	801
718	875
718	1288
719	964
719	1263
720	870
720	1064
720	1097
720	1342
720	1485
721	1262
721	1456
722	1369
723	769
723	870
724	1082
724	1302
724	1347
725	926
725	930
725	1016
725	1289
727	951
727	1196
728	755
728	1176
728	1262
729	731
729	887
730	741
730	847
730	1192
730	1210
730	1306
731	779
731	1012
731	1111
731	1379
732	1461
733	951
733	1035
733	1146
733	1147
733	1366
734	1092
734	1171
734	1277
734	1339
734	1370
734	1439
735	1238
735	1272
736	918
736	1403
737	779
737	834
737	1021
737	1060
737	1290
738	1174
738	1334
739	771
740	1297
740	1423
741	1018
741	1100
741	1147
741	1275
742	808
742	841
742	1036
743	1160
744	1490
745	776
745	934
745	1400
746	811
746	1216
748	840
749	1149
749	1179
750	1103
750	1402
751	817
751	1183
751	1245
751	1430
752	1047
752	1262
752	1380
752	1401
752	1444
753	778
753	1253
754	987
755	956
758	923
758	1121
759	840
759	934
759	1267
761	1048
761	1312
762	1328
764	841
765	1475
766	852
766	888
766	988
766	1225
766	1266
767	1110
767	1440
768	1253
768	1380
769	1117
769	1126
769	1148
769	1158
770	981
771	1190
771	1212
771	1391
772	896
773	1144
773	1228
776	846
776	1460
777	1073
777	1184
777	1196
778	839
779	1013
779	1469
779	1488
780	1074
780	1486
781	806
781	914
781	1001
781	1036
781	1323
782	1245
786	1218
786	1250
786	1499
787	1262
788	834
788	1076
789	946
789	1214
790	1441
790	1477
791	923
791	943
791	1402
791	1467
792	1203
793	1012
793	1278
794	1459
795	936
795	1185
796	1046
796	1232
796	1311
796	1402
796	1494
797	957
799	855
799	1048
800	897
800	1335
800	1376
801	1199
802	815
802	1024
802	1121
802	1275
802	1485
804	979
804	1405
804	1431
805	1038
805	1110
806	812
806	945
806	1222
807	967
807	1232
808	1436
809	913
809	946
809	1324
809	1373
810	877
811	920
811	944
811	977
811	1078
811	1116
812	887
812	1327
812	1348
813	1454
814	1213
815	1402
816	971
817	836
817	1029
817	1265
818	825
818	1211
818	1366
820	1383
821	982
821	1067
821	1087
822	1086
822	1270
822	1374
823	987
824	1404
825	1316
825	1349
826	1172
827	1097
827	1192
828	910
828	952
829	883
829	1394
830	866
830	1045
830	1107
830	1218
832	872
832	1162
832	1372
832	1423
832	1428
833	1129
833	1254
833	1341
833	1454
833	1470
834	924
834	1475
835	943
835	1475
836	884
836	1408
837	1195
839	1232
840	1214
842	1215
842	1241
842	1406
842	1421
843	942
843	1032
843	1227
843	1344
843	1390
844	1169
844	1201
844	1331
845	901
845	1015
845	1496
847	856
847	1070
848	1081
848	1138
848	1378
849	897
849	1443
851	950
851	1491
852	1359
853	1436
854	958
855	945
855	1181
855	1202
855	1482
856	1254
857	977
857	1245
857	1294
857	1345
857	1418
858	1101
860	877
860	1317
860	1410
861	933
861	1028
861	1192
862	1166
862	1178
862	1338
862	1498
863	991
863	1171
863	1224
863	1343
864	1107
864	1275
865	898
866	1079
867	1070
868	1032
868	1061
869	1166
870	995
870	1017
870	1393
871	915
873	1056
873	1073
873	1117
873	1206
874	987
874	1018
876	935
876	1221
877	1064
877	1281
877	1496
878	1354
881	1107
881	1307
881	1309
885	1106
886	966
886	1148
886	1207
888	988
888	1031
888	1371
889	1082
890	901
891	1389
891	1475
892	1273
892	1310
893	1167
894	1160
894	1468
894	1476
895	1265
895	1347
896	1001
897	929
898	958
898	1054
898	1142
900	1220
901	956
901	1360
902	1177
902	1344
903	1060
903	1160
904	1061
904	1340
905	970
905	1306
905	1402
905	1485
905	1497
906	1236
907	1005
907	1381
908	1220
908	1371
909	1411
910	967
910	1210
911	1267
911	1448
912	980
913	1148
913	1198
913	1436
916	1377
917	1082
917	1186
917	1256
918	1266
918	1413
919	1447
920	1211
920	1436
921	1292
921	1357
923	1368
923	1386
924	1340
927	1171
927	1448
929	1137
930	1049
930	1239
930	1405
931	1150
931	1152
932	994
932	1435
934	1288
934	1295
934	1463
934	1485
935	1008
936	1483
937	1241
938	984
938	1351
938	1453
939	953
939	1230
939	1279
940	1189
940	1235
940	1438
941	1457
942	1046
942	1235
943	1282
943	1343
945	1001
945	1351
946	963
946	1290
946	1312
948	1108
948	1283
949	1019
949	1085
949	1209
949	1304
951	1016
951	1057
951	1160
952	981
952	1190
953	1468
954	1089
954	1104
954	1228
954	1244
954	1296
954	1496
956	1395
957	1258
957	1314
957	1351
957	1389
958	1135
958	1387
959	1097
959	1222
959	1292
961	1463
963	1207
963	1276
964	1460
965	1319
966	993
966	1020
966	1085
966	1218
966	1267
967	1211
967	1262
967	1322
968	1155
969	1172
969	1397
969	1486
970	1222
970	1228
971	1079
972	1285
972	1492
973	1411
974	1148
976	1472
976	1485
977	1370
979	1407
981	1048
981	1219
983	1142
983	1190
983	1262
984	1008
984	1283
985	1108
986	1261
986	1354
987	1049
987	1203
987	1388
987	1483
988	1000
988	1215
989	1180
991	1427
993	1034
993	1146
993	1349
994	1063
994	1077
995	1271
995	1296
995	1303
995	1407
995	1474
997	1110
997	1251
998	1216
999	1128
999	1270
999	1473
999	1493
1001	1174
1001	1348
1002	1470
1003	1219
1003	1384
1003	1475
1004	1271
1004	1414
1005	1222
1006	1176
1007	1363
1009	1243
1009	1303
1009	1418
1010	1265
1011	1180
1013	1059
1013	1446
1014	1344
1015	1057
1015	1421
1018	1210
1018	1440
1019	1122
1019	1178
1019	1460
1020	1462
1021	1032
1021	1174
1021	1254
1023	1045
1023	1273
1024	1327
1026	1130
1028	1094
1028	1232
1032	1241
1034	1313
1035	1113
1035	1130
1036	1070
1036	1323
1037	1238
1037	1376
1037	1483
1038	1145
1038	1314
1038	1462
1039	1351
1039	1450
1040	1125
1040	1367
1042	1371
1044	1077
1045	1261
1045	1375
1048	1164
1048	1375
1049	1329
1049	1344
1049	1387
1050	1116
1051	1368
1052	1409
1052	1434
1053	1111
1053	1396
1054	1143
1055	1338
1057	1160
1058	1453
1059	1220
1059	1295
1060	1181
1060	1382
1061	1159
1061	1184
1061	1494
1062	1077
1062	1436
1063	1173
1063	1302
1063	1473
1064	1310
1066	1423
1069	1318
1071	1282
1071	1365
1072	1181
1072	1475
1073	1221
1073	1301
1073	1385
1076	1416
1077	1221
1077	1415
1077	1490
1078	1448
1080	1115
1082	1173
1082	1232
1082	1339
1083	1100
1083	1135
1083	1442
1086	1122
1086	1240
1088	1267
1088	1294
1090	1346
1091	1121
1093	1422
1094	1373
1096	1429
1097	1293
1098	1166
1098	1179
1098	1330
1099	1281
1100	1363
1101	1163
1101	1203
1102	1404
1104	1266
1104	1338
1105	1124
1109	1235
1110	1412
1111	1404
1116	1137
1117	1470
1118	1358
1119	1229
1120	1335
1121	1449
1122	1204
1122	1322
1122	1420
1122	1434
1123	1151
1123	1156
1124	1436
1125	1203
1125	1268
1126	1196
1126	1356
1127	1145
1127	1246
1130	1354
1131	1165
1135	1493
1136	1254
1137	1349
1140	1336
1140	1463
1143	1440
1145	1218
1145	1449
1146	1151
1146	1184
1146	1214
1146	1223
1146	1439
1148	1273
1149	1413
1150	1157
1150	1306
1155	1433
1156	1272
1156	1387
1157	1187
1157	1285
1158	1248
1159	1202
1160	1488
1161	1273
1162	1175
1162	1328
1162	1361
1164	1339
1164	1393
1165	1167
1167	1314
1167	1327
1168	1288
1168	1489
1169	1229
1170	1174
1170	1231
1170	1373
1173	1436
1179	1234
1180	1271
1181	1267
1183	1314
1186	1370
1187	1255
1187	1384
1189	1202
1190	1441
1194	1420
1196	1205
1198	1454
1202	1277
1202	1306
1202	1342
1202	1389
1203	1383
1203	1393
1210	1388
1212	1293
1213	1272
1213	1354
1216	1439
1218	1342
1219	1316
1220	1232
1220	1251
1220	1277
1220	1353
1221	1392
1222	1361
1222	1399
1223	1295
1223	1336
1225	1443
1226	1280
1226	1488
1227	1304
1228	1239
1228	1399
1230	1246
1232	1379
1234	1248
1235	1451
1236	1310
1238	1282
1238	1453
1241	1485
1247	1458
1248	1373
1251	1344
1254	1355
1254	1370
1257	1392
1264	1486
1264	1490
1275	1493
1277	1426
1280	1301
1280	1379
1281	1446
1285	1487
1286	1318
1287	1443
1289	1398
1289	1477
1290	1498
1295	1445
1297	1305
1301	1362
1305	1396
1306	1485
1307	1407
1308	1352
1309	1437
1309	1485
1310	1422
1311	1313
1311	1410
1312	1332
1313	1331
1313	1377
1315	1358
1315	1377
1315	1385
1316	1348
1316	1443
1318	1385
1323	1461
1337	1424
1344	1391
1345	1375
1346	1402
1349	1466
1351	1411
1351	1455
1351	1460
1353	1433
1355	1375
1357	1401
1360	1454
1363	1378
1363	1483
1365	1492
1366	1445
1366	1464
1372	1476
1377	1419
1386	1476
1390	1393
1391	1481
1392	1481
1394	1482
1398	1400
1404	1452
1405	1482
1409	1419
1411	1420
1412	1425
1413	1461
1414	1496
1428	1444
1434	1467
1438	1472
1453	1475
1454	1478
1457	1480
1491	1493