0	372
0	591
0	627
0	761
0	1022
1	17
1	71
1	431
1	449
1	527
1	760
1	774
2	676
3	141
3	760
3	815
3	1015
4	291
4	367
4	1047
4	1076
5	12
5	866
5	1499
6	723
6	810
7	531
7	1214
7	1320
8	490
9	246
9	755
9	1170
9	1254
10	69
10	725
10	770
10	1110
10	1224
10	1461
11	853
12	69
12	374
12	718
12	1162
13	393
13	1063
13	1364
13	1367
13	1394
14	160
14	273
14	487
14	920
15	201
15	700
15	817
15	1250
15	1376
16	759
16	1037
17	492
17	652
17	889
17	1037
17	1159
18	21
18	442
18	542
18	647
18	682
19	191
20	1364
21	125
21	215
21	407
21	955
21	1023
22	211
22	1347
22	1393
23	243
23	590
23	606
23	896
23	1019
23	1467
24	865
24	1149
24	1378
24	1436
24	1466
25	191
25	220
25	474
25	493
25	953
26	408
26	445
27	119
27	309
27	943
28	32
28	309
28	579
28	656
28	1133
28	1474
29	218
29	363
29	1035
30	109
30	574
30	974
30	1134
30	1187
30	1423
31	442
31	645
32	1009
32	1273
32	1425
33	699
33	982
33	1107
34	143
35	38
35	330
35	456
35	1047
36	497
36	702
37	217
37	1143
38	828
38	954
38	1151
39	132
40	213
40	274
40	464
40	555
40	698
40	1401
40	1454
41	125
41	827
41	994
41	1010
41	1343
42	400
42	413
42	1378
43	88
43	255
43	309
43	370
43	862
43	966
43	1196
44	86
44	341
44	378
44	414
44	951
44	1037
44	1140
44	1421
44	1483
45	136
46	586
46	924
47	436
47	763
47	900
47	1472
48	322
48	611
48	628
48	630
48	983
49	62
49	209
49	418
49	458
49	1425
50	365
50	385
50	461
50	1178
50	1411
50	1467
51	398
51	1104
52	441
52	541
52	970
52	1232
53	59
53	196
53	377
53	579
53	1228
54	346
54	798
54	881
54	1327
55	488
55	690
55	759
55	1411
55	1474
56	1227
57	236
57	494
57	624
57	904
57	911
58	79
58	931
58	1311
59	170
59	1496
60	152
60	215
60	412
60	578
60	942
60	1055
60	1105
61	760
61	807
61	1293
61	1336
61	1460
62	269
62	806
62	1044
62	1148
62	1376
62	1442
63	376
63	494
63	524
63	618
63	712
63	1376
64	799
64	917
64	1062
64	1371
65	323
65	397
65	686
65	806
65	1001
65	1404
66	604
66	800
66	1083
67	140
67	331
67	399
67	460
67	863
67	1109
67	1268
68	172
68	1149
69	776
69	902
69	972
69	1136
70	305
70	469
70	860
70	963
71	180
71	607
71	765
71	1048
72	224
72	368
73	166
73	846
73	948
73	970
73	1203
73	1440
74	337
74	1377
75	1148
75	1322
76	220
76	352
76	365
76	494
76	503
76	860
77	1443
78	224
78	425
78	719
78	898
78	1299
78	1463
79	444
79	592
79	689
79	795
80	428
80	703
80	992
80	1070
80	1314
80	1349
81	215
81	345
81	511
82	746
82	1123
83	670
83	1258
84	920
85	613
85	774
85	995
86	181
86	654
86	716
86	807
86	1035
86	1090
87	461
88	186
88	360
88	899
88	982
88	1399
88	1446
89	249
89	842
90	599
90	1341
90	1443
90	1494
91	117
91	789
91	1015
91	1027
91	1428
92	849
92	1357
93	478
94	505
94	634
94	731
94	739
94	944
94	1353
95	144
95	951
95	1012
95	1444
96	711
96	853
96	985
96	1133
96	1191
97	149
97	625
97	994
97	1378
98	378
98	585
98	1062
98	1393
99	502
99	748
99	1241
100	526
100	623
100	999
100	1456
101	190
101	521
101	1485
102	261
102	414
102	606
102	966
103	831
103	944
103	1204
103	1241
103	1325
103	1398
104	160
104	551
104	667
105	595
105	1462
105	1495
106	565
106	1269
107	715
107	967
107	1184
108	311
108	532
108	698
108	899
109	176
109	877
110	261
110	290
110	490
110	547
110	1313
110	1395
111	665
112	560
112	561
112	604
112	654
112	828
112	1348
113	343
113	634
113	917
113	949
114	281
114	1340
114	1452
115	803
115	1030
116	334
116	394
116	594
116	614
116	725
116	959
116	1108
116	1149
117	521
117	809
117	1073
117	1328
118	660
118	843
118	1249
118	1351
120	187
120	388
120	689
120	699
121	159
121	817
122	161
122	257
122	360
123	228
124	183
124	292
124	722
124	1000
125	258
125	1334
125	1382
126	554
126	610
126	700
126	994
126	1332
127	247
127	442
127	510
127	1342
128	295
128	398
128	470
128	721
128	1153
129	371
129	999
130	584
130	1090
131	299
131	389
131	486
131	865
131	982
132	522
132	1039
133	197
133	564
134	340
134	979
134	1119
135	576
135	742
135	1034
135	1358
135	1396
136	343
136	579
137	214
137	298
137	495
138	938
139	226
139	351
139	1228
140	511
140	858
140	1269
140	1419
140	1438
141	348
141	484
141	691
141	1068
141	1254
141	1283
141	1330
141	1399
142	511
142	531
142	767
142	1086
142	1247
143	709
143	1237
143	1318
144	787
144	977
144	1160
144	1439
145	539
145	1351
146	189
146	198
146	407
146	625
146	1122
146	1154
147	771
147	833
147	1250
147	1303
148	413
149	451
149	604
149	750
149	1321
150	190
150	670
151	575
151	1309
152	451
152	1018
152	1075
152	1421
153	288
153	470
153	672
154	1457
155	531
155	779
155	1202
156	964
157	403
157	416
157	498
157	552
157	681
157	920
157	931
157	987
157	1030
157	1358
157	1448
158	364
158	607
158	915
158	916
158	1203
158	1428
159	494
159	600
159	1124
159	1246
159	1395
160	272
160	607
160	613
161	177
161	1462
162	585
162	590
162	755
162	1068
162	1303
162	1319
163	815
163	822
163	957
163	1219
163	1244
164	318
164	637
164	1101
165	292
165	485
166	880
166	1266
166	1338
166	1425
166	1478
167	294
167	557
167	726
167	1166
167	1416
168	479
169	994
170	473
170	758
170	796
170	913
171	930
172	180
172	487
172	588
172	1040
172	1153
173	309
173	370
173	595
173	645
174	727
174	1160
174	1267
175	312
175	347
175	537
175	959
176	229
176	1004
176	1204
176	1339
176	1421
177	185
177	821
177	1299
178	532
178	980
179	703
179	843
179	882
179	1085
180	301
180	876
180	1371
181	361
181	1232
181	1302
181	1318
182	194
183	471
183	1009
183	1012
184	806
185	580
185	946
185	1167
186	190
186	325
186	836
186	981
187	213
187	583
187	1473
188	401
188	573
188	648
188	827
188	1186
189	642
189	885
190	198
190	941
190	1056
190	1076
190	1189
191	371
192	497
192	1056
192	1167
192	1199
193	250
193	739
193	1311
193	1335
194	534
194	570
195	345
195	688
195	840
195	972
195	1310
196	217
196	308
196	637
196	941
196	1029
196	1358
197	525
197	538
197	865
197	944
197	1250
197	1322
198	436
198	506
198	593
198	1496
199	920
199	944
200	269
200	904
200	1188
201	392
201	532
201	1399
202	559
202	650
202	1079
202	1435
203	599
203	703
203	1033
204	595
204	665
204	990
204	1221
204	1262
205	582
205	600
205	838
206	386
206	602
206	1151
207	498
207	759
207	1221
207	1467
208	516
208	595
208	825
208	879
208	908
208	1389
209	451
209	1462
209	1489
210	306
210	1290
210	1377
211	783
212	406
213	858
213	865
213	978
214	772
214	939
215	965
215	1327
216	231
216	1100
217	870
217	882
217	1036
217	1095
217	1251
218	323
218	734
218	1078
218	1313
219	305
219	609
219	880
219	1379
220	460
220	1062
220	1453
221	569
221	1457
222	1106
222	1373
223	227
223	555
223	744
223	793
223	1010
224	243
224	326
224	624
224	766
224	1137
224	1237
225	744
226	267
226	1043
227	273
227	724
227	978
228	491
228	601
228	902
228	935
228	1286
229	472
229	564
229	659
229	1191
229	1249
229	1266
230	263
230	765
230	781
230	961
231	404
231	535
231	956
231	1252
231	1309
232	373
232	687
232	700
232	801
232	1311
232	1445
233	1119
233	1361
233	1396
233	1420
234	1084
235	629
235	1228
236	296
236	611
236	692
236	976
236	1195
236	1307
237	485
237	1183
238	657
238	998
238	1087
238	1339
238	1498
239	1331
239	1473
240	588
240	660
240	1066
240	1245
240	1393
241	390
241	463
241	510
241	1188
242	602
242	715
243	768
243	984
243	1003
243	1099
243	1426
244	423
244	467
244	813
244	821
244	1335
245	341
245	545
245	626
245	1354
245	1405
246	283
246	469
246	639
246	885
246	1180
246	1185
246	1417
247	447
247	1485
248	317
248	361
248	388
248	448
248	862
248	1096
248	1453
248	1464
249	590
249	794
249	797
249	1003
250	406
250	728
250	1352
251	956
251	1423
251	1455
252	279
252	393
252	830
252	997
252	1047
252	1200
252	1297
252	1469
253	601
253	1409
254	259
254	785
254	805
255	451
255	1076
255	1091
255	1220
255	1476
256	1144
257	644
257	899
257	985
257	1264
257	1316
257	1404
258	393
258	522
258	1106
259	465
259	481
259	784
259	1283
260	261
260	1123
260	1235
260	1313
261	786
261	794
261	893
261	949
261	992
261	1048
262	805
262	1412
263	481
263	584
264	452
264	528
264	568
264	1249
265	965
265	1285
266	392
266	546
266	568
266	753
266	768
266	782
267	684
267	792
268	565
268	649
268	913
268	924
268	1027
268	1081
268	1109
269	567
269	1039
269	1096
269	1105
270	435
270	748
271	559
271	597
271	1323
271	1346
271	1409
272	620
272	667
272	1276
273	375
273	571
273	899
273	1280
274	505
274	993
274	1328
275	441
275	873
275	921
275	1003
275	1066
276	406
276	573
276	1301
277	440
277	455
277	554
277	589
277	671
277	710
277	928
277	946
277	1150
277	1233
277	1488
278	1288
278	1354
279	285
279	437
279	537
279	1037
279	1368
279	1478
280	422
280	555
280	867
281	553
281	707
281	1031
281	1177
281	1329
282	360
282	878
282	1167
282	1324
283	794
283	1108
283	1142
283	1385
284	653
284	840
284	864
284	901
284	987
284	1196
284	1328
285	358
285	548
285	759
285	1095
285	1097
285	1275
285	1302
286	445
286	738
286	1006
286	1203
286	1286
287	999
288	997
288	1211
288	1455
288	1480
289	604
289	1382
290	519
290	779
290	1115
291	424
291	595
291	619
291	1043
291	1113
291	1195
291	1238
292	478
292	574
292	599
292	645
292	816
293	642
293	754
294	332
294	1344
295	1152
296	421
297	857
297	1048
297	1105
297	1239
297	1383
298	305
298	1146
298	1275
299	465
299	765
299	843
299	917
299	1136
299	1404
300	820
301	566
301	921
301	1033
301	1122
301	1223
302	1091
302	1288
302	1312
303	933
304	722
305	1184
305	1236
305	1316
306	327
306	685
307	448
307	473
307	813
307	1431
308	360
308	897
310	334
310	503
310	623
310	1256
311	336
311	492
312	402
312	542
312	1281
313	502
313	985
313	1151
313	1280
314	321
314	607
314	1039
314	1114
314	1244
314	1429
314	1474
315	584
316	345
316	1395
317	375
317	504
317	507
317	717
317	756
317	761
317	928
317	1183
317	1199
317	1269
317	1368
318	415
318	543
319	565
319	719
319	1476
320	833
322	524
322	611
322	1055
323	368
323	583
323	928
323	1017
323	1126
324	451
324	772
324	1258
324	1446
325	704
326	409
327	597
327	602
327	751
327	877
328	949
328	1005
328	1189
328	1387
329	544
329	1127
329	1363
330	723
330	1236
330	1349
330	1489
331	465
331	815
331	930
332	530
332	917
332	1166
333	427
333	477
333	480
333	564
333	883
333	993
335	803
335	923
335	1450
336	771
336	1151
336	1349
337	868
337	1106
337	1308
338	859
339	1264
339	1403
339	1466
341	1188
342	494
342	1094
342	1253
342	1332
342	1437
342	1446
342	1450
343	512
343	804
343	1229
344	347
344	475
344	702
344	901
344	1278
345	948
345	981
345	1016
345	1303
345	1373
346	808
346	1476
346	1484
347	556
347	682
347	778
347	1009
348	1217
348	1309
348	1428
349	625
349	754
349	891
349	1003
350	547
350	707
350	801
350	1084
351	529
351	618
351	877
351	886
351	942
351	1359
352	449
352	895
352	1249
352	1460
352	1464
352	1483
353	642
353	1081
353	1218
353	1470
354	624
354	898
354	1321
354	1465
355	647
355	1413
356	614
356	949
356	1115
356	1241
357	1333
358	1202
358	1381
359	1039
361	1068
361	1170
362	504
362	603
362	1103
362	1371
363	1010
364	543
364	804
364	1146
364	1182
365	672
366	822
366	936
366	1049
367	474
367	590
367	1234
368	393
368	416
368	593
368	1245
368	1274
369	550
369	972
369	1078
370	904
370	1131
370	1185
370	1297
370	1488
372	468
372	543
372	672
372	1085
372	1202
372	1220
372	1422
372	1477
373	1034
373	1214
374	492
374	1004
375	551
376	420
376	689
376	847
377	856
377	897
377	1005
379	546
379	1036
380	657
380	747
380	1007
381	1195
381	1228
381	1353
382	722
382	881
382	1029
383	1173
383	1181
384	597
384	1063
384	1093
384	1201
385	573
385	899
385	1402
385	1475
386	387
386	654
386	691
387	788
387	954
387	1120
388	1013
389	876
390	520
390	796
390	814
391	896
392	831
392	1335
393	446
393	580
393	721
393	894
393	1183
393	1241
394	894
394	1238
394	1297
395	483
395	658
395	1159
396	403
396	1038
396	1087
396	1107
396	1302
397	1128
398	657
398	1139
398	1175
399	656
399	931
400	499
400	902
400	980
400	1233
400	1440
401	560
401	1264
401	1314
401	1378
402	469
402	515
402	1133
403	425
403	436
403	833
403	1028
403	1291
403	1325
403	1414
404	529
405	415
405	1236
406	1113
407	626
407	711
407	1328
408	621
408	737
408	1358
409	495
409	1208
410	570
411	441
411	615
411	1256
412	620
412	679
412	1075
413	1123
413	1176
413	1183
415	1306
415	1462
416	714
417	575
417	604
417	777
417	1005
418	751
418	970
418	1485
419	1318
420	560
420	762
421	459
421	527
421	1104
422	515
422	708
423	547
423	737
423	786
423	1465
423	1491
424	458
425	525
425	608
425	716
425	1084
425	1445
426	587
426	1057
426	1305
426	1319
426	1395
427	1034
428	606
428	938
428	987
428	1298
429	1399
430	569
430	881
430	986
430	1255
431	820
431	1009
432	544
432	1454
433	716
433	943
434	888
434	1105
434	1229
434	1483
435	701
435	1078
436	543
436	765
436	952
436	1197
437	520
437	618
437	697
437	1306
438	532
438	1075
439	698
439	874
439	894
439	1353
440	594
440	802
440	1469
441	526
441	1093
442	461
442	517
442	812
442	1093
443	1349
444	520
444	813
445	528
445	832
445	853
445	883
445	1497
446	893
446	1170
446	1387
447	572
447	1075
447	1329
447	1444
448	818
448	1284
448	1311
448	1340
449	517
449	994
449	1116
449	1450
449	1486
450	711
450	1054
451	604
451	705
451	708
451	877
451	1461
452	845
452	910
452	1282
452	1366
453	584
453	899
454	839
455	811
455	946
455	1349
456	458
456	505
456	1020
457	1078
457	1393
457	1402
458	461
458	768
458	958
459	813
459	990
459	1010
460	881
460	919
460	1014
461	1130
462	717
462	757
462	1170
462	1293
463	728
463	736
463	796
463	914
463	997
463	1120
463	1175
463	1370
464	801
464	1467
464	1490
465	1219
465	1471
466	1172
467	518
467	1197
467	1393
468	1248
469	603
469	1050
469	1164
469	1302
469	1421
470	478
470	1044
471	701
472	598
472	968
472	1029
472	1100
472	1142
473	662
473	1171
474	674
474	820
474	862
474	1381
475	547
475	834
475	968
475	1082
475	1162
476	684
477	1206
477	1445
478	832
478	1364
478	1488
479	1400
480	483
480	1419
480	1450
481	1054
481	1371
481	1463
482	668
482	889
482	964
483	701
483	942
483	1221
484	767
484	977
485	531
485	1432
487	907
487	917
488	716
488	1398
489	661
489	746
489	899
490	732
490	783
490	1335
491	730
491	839
491	909
491	968
491	1348
491	1395
492	577
492	773
492	919
492	1491
493	502
493	1084
494	592
494	662
494	1401
495	707
495	976
495	1282
495	1488
496	779
496	1001
496	1112
496	1170
496	1192
496	1264
496	1499
497	952
497	1431
497	1442
498	537
498	582
498	596
498	868
498	896
498	1285
498	1313
498	1363
499	525
499	688
499	1202
499	1257
500	511
500	558
500	1267
500	1424
501	754
501	785
501	1108
502	661
502	957
502	1201
503	1343
504	872
504	1130
505	617
505	781
505	1327
506	750
506	842
506	1185
507	1086
508	523
508	1161
509	1402
510	704
511	861
512	529
512	615
512	755
512	1346
513	565
513	1176
513	1325
513	1375
513	1379
514	770
514	1104
515	526
515	1158
516	529
516	866
516	1261
517	1435
520	644
520	768
520	1436
521	891
521	1032
522	1353
523	961
523	996
524	827
524	1180
525	585
525	687
525	807
525	835
525	915
525	936
525	975
526	704
526	1260
527	588
527	730
527	808
527	963
527	1073
527	1212
527	1422
528	540
528	628
528	753
528	849
528	1017
528	1470
529	533
529	534
529	604
530	1143
530	1144
530	1239
530	1338
530	1398
530	1416
530	1445
531	910
531	922
531	1187
531	1393
532	899
532	1149
532	1265
533	860
533	928
533	1098
533	1296
534	730
535	675
535	906
535	1040
535	1281
535	1388
536	1127
537	591
537	827
538	859
538	1094
539	631
539	1260
540	1203
540	1311
541	1103
542	544
542	718
542	784
542	1400
542	1488
543	1208
544	584
545	1053
545	1370
546	1005
546	1323
547	800
548	620
549	784
549	1163
549	1492
550	830
550	988
550	1092
550	1288
551	582
551	681
551	783
551	1108
551	1317
551	1469
552	780
552	781
552	872
552	1072
552	1172
552	1319
553	653
553	1228
554	1049
554	1400
555	1191
556	1315
556	1393
557	1182
558	685
558	731
558	962
558	1391
559	586
559	729
559	907
560	575
561	606
561	962
562	1018
563	609
563	816
564	1161
564	1238
565	627
566	640
566	927
566	1017
566	1375
567	988
567	1421
568	613
568	1396
568	1409
569	624
569	1342
569	1390
570	1271
570	1358
571	680
571	995
572	891
572	1065
572	1116
572	1228
573	736
573	948
573	1174
573	1193
574	601
575	760
576	904
576	989
576	994
576	1073
576	1407
576	1468
577	1285
578	1213
578	1240
578	1269
580	1228
581	617
581	1258
581	1487
582	1176
582	1275
582	1314
583	1098
584	703
585	879
585	1414
585	1427
586	612
586	820
586	1237
586	1386
587	1306
588	728
588	1117
588	1144
588	1236
588	1473
589	830
589	1287
589	1386
590	599
590	879
590	1407
591	1297
592	670
592	771
592	984
593	836
593	925
594	875
595	998
595	1202
595	1418
595	1449
596	835
597	803
598	757
598	864
600	1218
600	1335
601	612
601	837
601	845
601	1379
602	1381
603	639
603	679
604	1285
604	1328
604	1472
605	814
605	1085
605	1414
606	1318
606	1370
607	680
607	858
608	1130
608	1136
608	1455
609	703
609	1224
610	1081
610	1134
611	1241
613	642
613	725
613	782
613	1444
614	1018
614	1054
614	1192
614	1446
615	1191
615	1302
616	1067
616	1207
617	775
617	1198
617	1278
618	831
618	872
618	1306
618	1328
619	629
619	679
619	814
619	845
619	858
619	1087
619	1265
619	1423
620	1342
621	1039
621	1086
621	1258
622	775
622	1017
622	1296
623	722
623	756
623	932
623	1060
623	1117
623	1188
624	942
624	1083
625	1226
625	1392
626	1123
629	816
629	852
630	822
630	1045
630	1142
630	1289
631	643
631	1361
632	724
632	870
632	879
632	1343
632	1382
633	746
633	947
633	1001
633	1134
633	1281
633	1312
634	802
634	867
634	1182
635	923
636	735
636	820
636	937
636	1214
636	1408
636	1417
637	1093
637	1300
638	682
638	934
639	750
639	793
639	887
640	645
641	745
641	1233
642	926
642	971
642	1209
643	1203
643	1289
645	770
645	903
645	1286
645	1481
646	825
647	672
648	1002
649	779
650	700
650	973
650	1229
650	1355
650	1413
651	837
651	1087
651	1270
652	769
653	1057
653	1298
653	1349
654	1026
654	1173
655	702
655	948
655	1418
656	689
656	829
656	990
656	1040
657	1003
657	1105
658	774
658	814
658	1212
658	1255
659	945
660	696
660	1060
660	1296
661	1184
662	686
662	1006
662	1070
663	1103
663	1423
663	1499
664	1008
664	1419
665	1195
665	1399
666	709
666	764
666	818
666	1260
667	1147
667	1196
668	784
668	1300
668	1307
669	1060
669	1229
669	1421
670	855
670	1234
671	851
671	909
671	1091
671	1185
672	779
673	679
673	700
673	1403
674	810
674	889
675	678
675	919
676	894
676	1361
676	1433
676	1473
677	1307
678	714
678	842
678	1102
678	1416
679	722
680	1011
680	1364
680	1414
681	828
681	1435
681	1440
682	869
682	1405
683	1175
684	1317
684	1486
684	1493
685	890
685	1467
686	698
686	982
686	1448
687	1279
688	1166
688	1323
688	1347
688	1366
689	1250
690	701
690	854
691	893
691	929
691	1081
691	1355
692	961
692	968
692	1006
692	1361
692	1496
693	923
693	1128
693	1349
694	735
694	1051
694	1098
694	1227
694	1339
695	755
695	1452
695	1488
696	1429
696	1474
696	1484
697	1039
698	991
698	1286
698	1401
698	1413
699	1115
699	1308
700	1410
701	1081
702	808
702	937
702	1274
703	913
703	1167
704	1269
705	974
705	1102
706	1358
707	821
708	980
708	1069
709	1086
709	1130
709	1257
711	933
711	1069
711	1106
711	1493
712	931
712	1048
713	1420
713	1473
714	1461
715	1025
715	1255
715	1305
716	838
716	886
716	1197
717	1359
718	1295
719	889
720	904
720	959
721	1243
721	1247
721	1277
722	755
723	1056
723	1175
723	1340
724	844
724	1006
724	1209
724	1286
725	885
725	996
726	992
727	837
728	928
728	1372
729	783
729	854
729	1030
729	1347
730	959
731	793
731	1057
732	997
733	833
733	837
733	1000
733	1035
733	1190
733	1268
734	875
734	1007
734	1050
734	1066
736	1198
737	922
737	946
737	1050
739	934
739	1013
740	877
741	1000
741	1458
743	1190
743	1446
745	873
745	1000
745	1302
745	1474
746	1104
746	1334
747	782
747	908
747	1187
748	814
748	990
748	1397
748	1469
749	883
749	919
749	1190
750	1454
751	793
751	803
751	999
751	1289
751	1426
752	1142
752	1204
753	763
753	816
753	837
753	1309
754	1275
754	1413
754	1482
755	919
755	997
755	1065
756	1235
757	1311
758	1072
758	1111
758	1432
759	924
759	1379
760	1095
760	1317
760	1447
760	1471
761	796
764	1277
765	837
765	907
765	1102
765	1425
766	963
766	1445
767	819
768	892
768	1158
768	1174
769	1314
771	804
771	1487
772	808
772	1414
772	1455
773	1053
773	1084
773	1382
774	861
774	1098
775	1342
776	1134
776	1455
777	1245
778	1152
778	1249
779	1130
779	1298
779	1427
780	938
780	1034
780	1428
780	1462
781	1159
781	1479
782	796
782	1120
783	795
783	1174
784	858
785	1181
786	1345
787	1057
788	887
789	1169
790	1052
790	1182
791	900
792	1269
793	1143
793	1179
793	1292
794	935
794	1000
794	1200
794	1269
795	991
795	1067
797	1147
798	801
798	974
798	1261
799	1205
800	1230
801	1152
801	1157
802	817
802	848
802	965
803	1154
804	978
804	1001
804	1330
804	1344
806	869
808	816
808	898
808	1419
809	1106
809	1132
809	1250
810	902
810	998
810	1306
810	1426
810	1459
811	997
811	1027
811	1257
811	1408
813	896
813	1357
813	1495
814	890
814	1323
814	1358
814	1379
816	1279
817	846
817	1020
817	1086
818	966
818	1036
818	1341
819	1382
819	1459
820	901
820	1309
821	1007
821	1209
822	1012
823	871
823	1342
824	894
824	1088
826	1067
827	1138
828	1044
832	1288
833	1137
833	1271
835	898
836	1174
836	1473
837	1440
838	1149
838	1154
841	870
843	971
843	1129
843	1425
844	1390
845	1173
847	972
847	1404
848	1175
848	1234
848	1250
848	1281
849	928
849	942
849	1019
850	1442
851	947
852	1231
853	904
853	1022
853	1141
855	935
855	1152
855	1448
856	1420
857	1088
857	1494
858	908
858	1046
858	1334
860	975
860	989
860	1177
860	1427
860	1432
861	1289
861	1427
862	1335
863	917
863	1062
864	1178
865	873
865	1137
865	1182
866	1386
868	1233
868	1248
868	1385
869	1239
869	1263
870	1116
870	1461
871	942
872	1237
872	1495
873	1290
874	1212
875	1315
876	1121
877	946
877	1027
877	1311
877	1451
879	892
879	1026
879	1217
879	1264
880	1279
883	921
883	969
884	1362
885	967
885	1262
886	1024
886	1069
887	1094
887	1337
887	1392
887	1483
888	1013
888	1394
888	1431
890	1052
890	1239
891	1107
891	1266
891	1387
891	1452
892	1160
894	977
894	1482
897	1373
898	1050
900	941
900	1363
902	1135
903	905
903	1022
903	1080
904	1090
904	1247
906	955
906	1102
907	1010
907	1255
908	1406
909	1176
909	1224
910	1085
911	963
912	1223
912	1343
914	1070
916	1242
917	1088
917	1172
917	1401
918	1207
918	1476
919	1238
920	947
920	1181
921	1156
922	1114
923	1196
923	1434
925	975
925	1123
925	1342
927	1021
928	1397
928	1443
929	941
929	1028
929	1209
930	1141
930	1208
931	937
931	1272
932	970
933	1133
933	1354
934	1402
934	1472
935	1060
936	1120
937	1074
937	1289
938	1487
940	1215
940	1388
941	1372
941	1469
942	1097
942	1106
943	1141
944	953
944	1064
944	1096
945	964
945	993
945	1313
946	1071
946	1155
947	1159
947	1329
947	1345
948	1171
948	1297
948	1478
949	1023
950	967
950	1100
950	1134
950	1351
951	1259
952	1045
952	1052
952	1194
952	1356
952	1439
954	960
954	1203
954	1265
954	1437
955	1126
955	1294
956	1143
956	1236
956	1375
957	1061
957	1263
957	1341
957	1431
958	970
958	1344
958	1398
958	1426
959	1265
960	1314
961	1257
962	1391
963	1218
963	1462
964	1187
964	1305
964	1498
967	1401
968	1128
968	1387
969	1239
969	1303
970	1426
972	1024
972	1323
973	1230
974	1257
974	1480
975	1128
976	1033
977	1155
977	1321
977	1397
978	1177
978	1184
978	1472
979	1057
979	1062
979	1339
980	1492
981	992
981	1039
981	1337
981	1398
982	989
982	1257
982	1446
983	985
983	1378
984	1116
985	1253
985	1302
986	1118
986	1171
986	1353
987	1162
987	1186
989	1137
989	1194
989	1352
989	1425
990	1406
990	1427
991	1128
991	1436
991	1476
992	1225
993	1113
993	1439
994	1043
995	1049
995	1216
995	1273
995	1337
995	1419
997	1093
997	1348
999	1262
999	1289
999	1329
999	1343
1000	1284
1001	1207
1001	1231
1001	1233
1001	1346
1003	1132
1003	1479
1004	1150
1004	1185
1004	1331
1007	1197
1010	1417
1011	1051
1011	1081
1013	1433
1016	1077
1018	1139
1018	1414
1020	1166
1020	1269
1020	1307
1023	1061
1024	1119
1026	1393
1028	1388
1028	1397
1028	1411
1029	1315
1030	1234
1031	1426
1031	1476
1033	1057
1033	1348
1034	1326
1037	1462
1037	1482
1038	1393
1039	1440
1039	1479
1040	1177
1041	1497
1042	1121
1043	1141
1044	1089
1046	1145
1047	1084
1047	1290
1047	1331
1049	1113
1049	1143
1049	1174
1050	1142
1050	1190
1050	1270
1050	1388
1052	1340
1054	1112
1054	1150
1054	1449
1056	1120
1056	1323
1056	1491
1057	1436
1058	1131
1059	1350
1060	1127
1061	1493
1062	1098
1062	1380
1062	1382
1062	1465
1063	1088
1063	1230
1064	1396
1065	1105
1065	1348
1065	1469
1066	1259
1067	1322
1069	1416
1070	1271
1070	1380
1071	1122
1071	1383
1072	1097
1075	1246
1076	1302
1077	1242
1078	1142
1078	1156
1081	1275
1081	1462
1082	1390
1083	1473
1084	1212
1084	1311
1085	1412
1086	1317
1087	1312
1088	1485
1089	1498
1090	1366
1091	1165
1091	1210
1091	1387
1093	1165
1094	1466
1096	1157
1096	1159
1096	1173
1097	1352
1097	1372
1100	1183
1100	1248
1100	1421
1101	1416
1103	1445
1104	1403
1105	1181
1105	1354
1106	1159
1107	1484
1108	1316
1111	1469
1112	1125
1112	1359
1114	1122
1115	1207
1115	1465
1117	1123
1117	1442
1120	1240
1121	1282
1122	1248
1122	1351
1123	1173
1126	1246
1128	1381
1128	1470
1130	1134
1130	1366
1132	1178
1132	1184
1133	1273
1134	1343
1135	1151
1136	1204
1137	1400
1139	1448
1141	1486
1142	1380
1145	1365
1145	1382
1146	1269
1151	1495
1152	1468
1153	1335
1156	1318
1157	1241
1159	1217
1159	1490
1161	1180
1161	1385
1161	1427
1161	1455
1163	1438
1166	1397
1168	1441
1171	1306
1171	1311
1173	1430
1174	1499
1175	1339
1175	1372
1176	1331
1180	1227
1180	1470
1181	1215
1181	1329
1181	1453
1181	1477
1182	1221
1184	1447
1186	1354
1187	1199
1187	1498
1188	1486
1190	1236
1190	1245
1191	1313
1195	1280
1195	1447
1196	1313
1196	1437
1197	1341
1197	1390
1198	1374
1201	1247
1201	1415
1201	1436
1204	1298
1205	1313
1206	1486
1207	1281
1207	1428
1208	1325
1208	1404
1209	1300
1209	1487
1211	1293
1214	1426
1215	1449
1219	1486
1220	1453
1222	1387
1224	1264
1225	1266
1227	1396
1230	1324
1230	1360
1232	1328
1232	1374
1232	1402
1234	1258
1234	1464
1235	1436
1236	1358
1237	1328
1237	1363
1239	1331
1240	1405
1240	1449
1242	1287
1244	1350
1244	1443
1247	1313
1248	1281
1256	1282
1259	1298
1259	1456
1263	1325
1264	1400
1264	1411
1264	1484
1266	1460
1266	1480
1268	1437
1269	1272
1270	1273
1273	1335
1278	1284
1279	1386
1280	1334
1280	1499
1283	1360
1285	1389
1285	1450
1286	1319
1286	1369
1286	1374
1287	1390
1287	1474
1290	1304
1293	1423
1293	1435
1293	1439
1295	1493
1296	1405
1298	1345
1299	1428
1302	1404
1303	1336
1310	1464
1311	1403
1314	1383
1316	1468
1317	1356
1321	1442
1321	1496
1328	1467
1329	1413
1332	1439
1332	1454
1332	1474
1334	1370
1337	1345
1339	1343
1341	1496
1342	1405
1342	1494
1347	1403
1361	1420
1362	1479
1363	1433
1363	1451
1364	1397
1366	1401
1368	1384
1371	1465
1380	1384
1382	1449
1390	1432
1393	1440
1400	1481
1409	1442
1409	1454
1410	1455
1413	1430
1418	1456
1424	1463
1434	1465
1437	1481
1441	1442
1443	1472
1461	1499