0	279
0	366
0	761
0	847
0	1170
1	597
1	844
1	854
1	1187
2	1149
2	1444
3	422
3	776
3	797
3	867
3	961
3	1101
3	1302
3	1437
4	372
4	1448
5	293
5	353
5	428
5	793
5	945
5	1406
5	1454
6	239
6	267
6	485
6	616
6	679
6	1203
7	989
7	1206
8	195
8	336
8	659
8	867
8	949
9	469
9	1387
10	472
10	696
11	561
11	950
11	1059
12	596
13	145
13	167
13	316
13	729
13	789
13	1403
14	64
14	121
14	413
14	540
14	678
14	703
14	814
14	916
15	452
15	767
15	1192
15	1300
15	1389
16	150
16	617
16	1212
16	1460
17	50
17	1374
18	481
18	497
18	818
18	902
18	1381
19	461
20	158
20	476
20	859
21	148
21	287
21	982
21	1001
21	1118
22	98
22	480
22	1321
23	165
23	1252
23	1323
23	1365
24	185
24	1027
24	1091
24	1232
24	1319
25	278
25	516
25	710
25	969
25	1220
26	180
26	236
26	506
26	1196
26	1337
27	298
27	716
27	1135
27	1439
28	462
29	248
29	691
30	46
30	1293
30	1432
31	1051
32	697
33	261
33	418
33	816
33	901
33	1119
33	1222
33	1426
34	169
34	514
34	793
35	92
35	222
35	436
35	1153
35	1280
36	84
36	386
36	613
36	688
36	1041
36	1065
36	1332
36	1334
37	40
37	156
37	323
37	359
37	456
37	830
38	77
38	195
38	974
38	998
38	1397
39	123
39	396
39	782
39	1000
39	1029
39	1150
39	1331
40	342
40	557
40	894
40	939
40	1255
41	182
41	237
41	394
41	482
41	1163
41	1396
42	521
42	898
42	1171
42	1366
42	1408
43	762
44	213
44	437
44	1113
44	1156
45	105
45	587
45	899
46	123
46	1330
47	204
47	1209
48	434
48	884
48	1181
48	1389
49	1105
49	1189
49	1413
50	675
50	829
50	987
50	1007
50	1408
51	330
51	546
51	847
51	1330
51	1363
52	79
52	110
52	168
52	993
52	1083
52	1251
53	340
53	408
53	1109
53	1435
54	472
54	599
54	735
54	823
55	289
55	337
55	565
55	840
56	527
56	604
57	65
57	82
57	375
57	1118
57	1478
58	390
58	458
58	888
58	1207
59	284
59	425
59	534
59	871
59	1040
60	398
60	816
60	989
61	192
61	869
62	626
62	738
63	72
63	133
63	179
63	283
63	869
63	1116
63	1299
63	1360
63	1404
64	1103
64	1480
65	698
65	1492
66	80
66	208
66	244
66	401
66	694
66	767
67	817
67	985
67	1298
68	83
68	298
69	106
69	261
69	280
69	701
69	897
69	962
70	385
70	1225
70	1330
70	1358
71	78
71	865
71	906
72	184
72	417
73	113
73	429
73	1141
74	297
74	1026
75	416
75	1108
75	1441
75	1498
76	554
76	731
76	1113
76	1300
76	1426
77	531
78	500
78	1009
79	164
79	225
79	1364
80	217
80	1174
80	1285
80	1379
81	585
82	256
82	537
82	892
82	1470
84	314
84	567
85	593
85	940
85	1385
86	485
86	891
86	990
86	1106
87	609
87	796
87	885
87	1392
88	484
88	587
88	697
89	137
89	983
89	1342
89	1484
90	223
90	1284
91	652
91	966
92	167
92	396
92	468
92	1033
92	1425
93	316
93	331
93	407
93	1450
94	306
94	456
94	552
94	627
94	1250
95	250
95	257
95	394
95	601
95	834
95	1493
96	1251
96	1356
96	1437
97	334
97	858
98	181
98	230
98	540
98	921
98	1057
99	748
99	926
99	1016
100	328
100	385
100	700
100	1170
100	1369
101	835
101	1151
101	1447
102	483
102	788
102	1249
102	1281
103	642
103	689
104	284
104	756
104	849
104	1235
104	1239
105	382
105	692
105	1162
105	1201
105	1427
105	1486
106	165
106	1139
106	1329
106	1474
106	1480
107	922
107	1418
108	523
109	752
110	886
110	1465
111	156
111	374
111	874
111	987
112	320
112	480
112	505
112	593
112	1096
112	1274
113	388
113	449
113	787
113	1390
114	133
114	376
114	638
114	1003
114	1034
114	1400
114	1455
115	830
116	185
116	532
116	1178
117	169
117	314
117	651
117	1101
117	1470
118	498
118	705
118	1236
118	1465
119	419
119	1311
119	1332
119	1462
119	1464
120	226
120	354
120	530
120	1019
120	1241
120	1290
121	647
121	834
121	1191
122	1160
123	272
124	213
124	598
124	811
124	826
124	923
125	344
125	434
125	445
125	508
125	959
125	1030
125	1273
125	1422
126	886
126	1171
126	1302
127	206
127	319
127	326
127	932
128	817
128	1387
128	1432
128	1480
129	185
129	713
129	871
129	1181
130	194
131	322
131	367
131	761
132	574
132	600
132	656
132	685
132	884
132	961
132	1002
133	369
133	630
133	919
133	1104
133	1350
134	177
134	212
134	1324
135	137
135	300
135	699
136	596
136	969
137	352
137	452
137	845
137	996
137	1091
137	1274
138	344
139	541
139	1215
139	1384
140	631
140	649
140	746
140	964
140	1360
141	462
141	1184
142	248
142	633
142	837
142	908
142	974
143	544
143	758
143	926
143	928
143	1200
143	1249
144	1025
144	1064
144	1272
144	1296
145	238
146	315
146	366
146	564
146	1023
147	479
147	981
147	1250
148	371
148	671
149	854
150	456
150	842
150	1265
150	1267
151	1141
152	167
152	376
152	637
153	856
153	1112
153	1290
153	1323
154	434
154	668
154	859
155	396
155	814
155	1091
156	405
156	406
156	591
157	454
157	682
157	1091
157	1194
157	1409
158	361
158	929
158	1325
159	1005
159	1069
159	1276
159	1426
160	578
160	1329
160	1360
161	622
161	1486
162	283
162	569
162	1177
162	1263
163	1009
163	1273
164	354
164	394
164	1094
164	1425
164	1477
165	204
165	325
165	780
165	1136
165	1292
165	1372
166	172
166	356
166	685
166	1132
166	1162
167	390
167	552
167	1080
168	225
168	580
168	894
168	918
168	1244
168	1327
169	989
169	1033
169	1349
169	1377
170	494
170	525
170	909
170	1404
171	476
171	873
171	1011
172	430
172	966
172	1414
173	999
173	1215
174	774
174	1090
175	542
175	774
175	1050
176	234
176	246
176	802
176	1356
176	1484
177	410
177	646
178	624
178	1006
179	819
179	1275
180	188
180	220
180	1025
181	403
181	1247
181	1320
182	302
182	359
182	432
182	444
183	318
183	408
183	1178
184	926
184	1091
184	1206
185	784
186	351
186	442
186	1030
186	1470
187	403
187	409
187	496
188	910
188	1078
188	1334
189	685
189	710
189	1377
190	612
190	801
190	1077
190	1188
191	219
191	707
191	825
191	1257
192	426
192	431
192	573
192	991
192	1200
193	433
193	628
193	735
193	855
193	930
193	1462
194	200
194	546
194	993
194	1343
194	1486
195	337
195	602
195	694
195	1039
195	1342
196	427
196	441
196	677
196	754
196	1138
196	1281
197	501
197	809
197	904
197	942
197	964
197	1210
198	696
198	965
198	1049
198	1446
199	503
199	600
199	817
200	1004
200	1449
201	283
201	1248
201	1449
202	1248
203	237
203	375
203	581
203	794
203	825
203	970
203	989
203	1112
203	1114
203	1497
204	737
204	1288
204	1481
205	259
205	1020
206	404
206	865
206	1059
206	1174
206	1207
207	420
207	835
207	921
207	971
207	1381
208	1034
208	1126
208	1396
209	221
209	852
210	283
210	328
210	390
210	574
211	861
211	932
211	1134
211	1371
212	571
212	629
212	1079
213	219
213	583
213	650
213	743
213	968
214	226
214	1157
215	269
215	780
215	1356
216	427
216	1010
216	1341
217	361
217	1142
217	1359
218	273
218	1147
218	1160
218	1280
219	338
219	662
219	787
219	826
219	880
219	954
219	1026
219	1193
219	1357
220	1112
220	1263
221	335
221	432
221	953
221	1222
221	1466
222	296
222	1235
223	332
223	373
223	430
223	553
223	1408
224	345
224	585
224	815
225	319
225	884
225	988
226	317
226	442
226	825
226	1357
227	407
228	1105
228	1144
228	1219
228	1384
228	1396
229	408
229	682
229	955
229	1034
229	1137
229	1208
229	1382
230	358
230	582
230	729
230	779
230	1038
230	1395
231	781
231	957
231	1095
231	1099
232	672
232	850
233	488
233	799
233	823
233	1217
233	1244
233	1459
234	370
234	471
234	505
234	834
235	561
235	572
235	1162
237	977
237	1073
239	618
239	640
239	989
239	1026
240	588
240	855
240	1095
241	274
241	552
241	723
241	836
241	1203
241	1328
242	652
242	1096
242	1363
243	497
243	785
243	864
243	1246
244	801
244	1004
244	1038
245	430
245	933
245	1007
245	1111
246	420
246	724
246	764
246	828
247	329
247	533
247	807
248	274
248	335
248	452
248	494
248	756
248	1161
249	410
249	494
249	841
249	1084
249	1333
250	403
250	725
250	842
250	973
250	1128
250	1270
250	1393
250	1471
251	300
251	516
251	640
251	820
251	831
251	1007
251	1091
251	1125
252	339
252	924
252	1061
252	1214
252	1314
252	1339
253	288
254	444
254	1110
254	1116
255	962
255	1449
256	755
256	1193
257	340
257	661
258	264
258	526
258	823
258	905
258	1227
258	1455
260	571
260	788
260	825
260	955
260	1136
261	432
261	634
262	421
262	500
262	1143
262	1443
263	538
263	1085
263	1130
264	384
264	776
265	959
265	1126
266	411
266	588
266	806
266	881
267	330
267	719
268	1419
269	319
269	515
269	972
269	1097
270	362
270	708
271	538
271	1322
271	1468
272	393
272	573
272	943
272	1143
272	1499
273	1009
273	1250
273	1272
273	1304
274	280
274	304
275	454
275	519
275	700
276	683
276	776
276	917
276	1127
277	719
277	899
277	1341
278	1210
279	1081
280	548
281	369
281	401
281	430
281	436
281	480
281	549
281	551
281	1222
281	1468
282	1005
283	313
283	993
283	995
284	303
284	390
284	598
285	841
285	1423
286	1437
287	1034
287	1497
288	357
288	373
288	426
288	1008
288	1199
288	1486
289	336
289	498
289	1141
290	931
291	314
291	590
291	783
292	688
292	742
292	798
292	872
292	1181
293	703
293	1002
293	1059
293	1258
293	1390
294	663
294	1425
295	396
295	576
295	1127
296	363
297	517
297	809
298	1404
299	562
299	674
299	702
299	830
299	836
299	997
299	1296
299	1408
300	481
300	672
300	1158
300	1213
301	349
301	599
301	654
302	412
302	1024
302	1297
303	662
303	987
303	1264
303	1325
303	1452
304	423
304	464
305	449
305	641
305	887
305	928
305	979
306	356
306	588
306	790
307	314
307	402
307	885
307	927
307	1055
307	1323
308	539
308	615
308	620
308	659
308	844
309	377
309	656
309	782
309	1349
310	883
310	1402
311	410
311	412
311	458
311	660
311	853
311	1249
312	413
312	651
312	964
312	1439
313	407
313	477
313	1012
314	964
314	1412
315	381
315	818
315	1079
317	323
317	354
317	669
317	808
317	1104
318	1125
319	744
319	1161
319	1427
320	347
320	473
320	644
321	497
321	539
321	577
321	714
321	1059
321	1217
321	1321
322	562
322	588
322	1348
323	423
323	659
323	1374
324	1268
325	519
325	1492
326	404
327	1290
327	1307
328	772
328	870
329	334
330	1019
330	1116
330	1138
330	1440
331	1042
331	1199
332	670
332	1347
333	782
333	1175
333	1269
333	1312
334	1054
334	1132
334	1261
335	946
335	1034
335	1297
335	1485
336	709
336	1194
336	1485
337	422
338	626
338	631
338	876
339	836
339	1034
339	1066
339	1323
340	360
340	459
340	1025
340	1258
340	1316
340	1371
341	1278
341	1316
341	1342
342	510
342	519
342	814
342	1360
343	559
345	1042
345	1333
345	1418
346	347
346	1122
346	1157
346	1165
346	1218
346	1352
346	1374
346	1393
347	780
347	926
348	574
348	653
348	740
348	829
348	883
348	1187
349	692
349	822
349	1353
350	476
351	477
351	1304
351	1474
351	1482
352	613
352	650
352	1042
352	1239
353	410
353	883
353	1364
354	497
354	1027
354	1420
355	374
355	682
355	905
355	909
355	1102
355	1160
356	491
356	525
356	770
356	1312
356	1390
357	537
357	586
357	707
357	725
357	1246
358	714
359	519
359	1046
360	401
360	1253
361	431
361	527
361	959
361	1113
362	532
362	551
363	524
363	1143
364	521
365	504
365	621
365	978
365	1067
366	796
366	1032
366	1493
367	495
367	619
367	759
367	991
367	1075
367	1349
367	1497
368	384
368	510
368	798
368	1052
368	1280
369	1420
370	570
370	859
370	1185
371	475
371	1274
372	527
372	746
372	1179
373	546
373	612
373	665
373	762
373	795
373	854
373	989
374	577
374	1315
375	376
375	504
375	1448
376	694
376	790
376	931
376	1339
377	510
377	592
377	938
378	696
379	681
379	844
379	947
379	1243
380	526
380	1217
381	467
381	644
381	708
381	1355
381	1377
382	1023
382	1160
382	1262
382	1288
383	740
383	741
383	1167
383	1189
383	1324
384	1061
384	1445
385	540
385	961
386	546
386	1074
387	1206
387	1216
387	1371
388	752
388	1122
389	722
389	1045
389	1284
390	1255
391	423
391	428
391	790
391	933
391	1159
391	1301
391	1304
392	886
392	922
392	1020
392	1065
392	1159
393	1054
393	1082
394	745
394	796
394	1324
395	488
395	1425
396	1126
396	1348
397	518
397	735
397	1105
397	1307
398	565
398	1314
399	560
399	700
399	1048
399	1178
399	1415
400	883
400	1155
400	1307
400	1317
401	466
401	896
401	1182
402	833
402	957
402	1271
402	1440
403	870
403	941
404	545
404	824
404	830
404	1061
405	691
405	889
405	989
405	1128
405	1189
405	1410
406	650
406	713
406	732
406	1053
406	1220
406	1277
407	1184
407	1422
408	596
408	867
408	1084
408	1372
409	1111
410	420
410	915
410	1242
410	1302
411	436
412	465
412	510
412	716
412	924
412	1019
412	1310
413	539
413	658
413	820
414	961
414	1063
414	1320
414	1475
415	771
415	1184
415	1372
416	1363
417	794
417	1240
417	1266
418	705
419	565
419	989
419	1409
419	1433
420	838
420	956
420	1234
420	1271
421	602
422	966
422	1060
422	1140
422	1218
422	1304
422	1339
422	1490
423	707
423	870
423	973
423	987
423	1228
423	1335
424	573
424	616
425	1018
425	1392
425	1462
426	449
426	860
426	1047
426	1478
427	456
427	842
427	1276
427	1323
428	869
428	899
429	818
429	902
429	1274
430	747
430	1301
430	1482
431	1300
432	866
432	1177
432	1192
432	1222
432	1235
432	1335
432	1353
435	1328
436	614
436	717
436	967
436	1269
436	1473
437	466
437	626
437	1493
438	643
438	1352
438	1409
439	1383
440	1071
440	1182
440	1346
440	1433
441	1224
441	1378
442	543
442	751
442	1242
442	1482
443	617
443	832
444	725
444	751
444	1005
445	459
445	574
445	655
445	990
445	1061
446	686
446	839
446	1342
447	554
447	760
447	1481
448	629
448	763
448	876
448	965
448	1219
450	811
450	869
450	1138
450	1238
451	964
451	1132
451	1222
452	883
452	1059
452	1252
453	1035
453	1097
453	1264
453	1461
454	804
454	873
454	933
454	1005
454	1404
455	560
455	826
455	1005
455	1157
455	1284
457	758
457	1471
458	470
458	823
458	1465
459	853
459	864
459	1318
460	1017
461	922
461	1037
461	1080
462	475
462	1024
462	1110
462	1454
463	1065
463	1135
463	1232
464	780
464	1353
465	477
465	659
465	987
465	1002
465	1017
467	531
467	560
468	1021
468	1253
469	632
469	742
469	761
469	1059
469	1098
469	1128
469	1185
469	1277
469	1441
470	598
470	731
470	1018
470	1184
471	860
471	1004
471	1016
471	1441
471	1476
472	1182
473	522
473	693
473	790
473	1303
474	648
474	1199
474	1321
475	684
475	1163
476	513
476	559
476	939
476	973
477	1219
478	524
478	1200
479	1183
480	586
480	817
480	1359
481	615
481	677
481	1062
481	1152
481	1418
482	568
482	691
482	894
482	1056
482	1263
482	1443
483	492
483	984
483	1291
484	523
484	527
484	704
484	1362
485	955
485	1334
485	1481
486	957
486	1106
487	550
487	1080
487	1231
488	560
488	990
489	647
489	973
489	1059
489	1071
489	1377
490	512
490	1322
490	1433
492	755
492	1279
493	882
493	1009
494	1060
494	1280
494	1383
495	787
497	629
497	1442
498	524
498	1224
498	1327
499	831
499	868
499	949
500	618
500	1022
501	665
501	859
501	1140
501	1447
502	787
502	965
503	1303
504	520
504	599
504	738
505	1356
506	963
506	1117
506	1218
506	1298
506	1394
507	706
507	825
508	557
508	897
509	709
511	951
511	1457
512	671
512	762
512	1406
513	1211
513	1256
513	1384
513	1402
514	812
514	858
514	1065
514	1248
514	1339
515	1457
515	1471
516	719
516	776
516	953
516	1488
517	585
517	708
517	811
517	1084
518	1475
519	1107
519	1277
520	1404
521	1455
523	809
523	856
524	1358
526	844
526	1289
527	627
527	816
527	1203
527	1347
527	1381
527	1383
528	655
528	856
528	1164
529	534
529	811
529	1481
530	665
531	676
531	701
532	671
532	1468
533	914
533	995
534	830
534	958
534	1058
534	1133
534	1323
535	763
536	957
536	1331
537	660
537	752
537	1221
537	1254
537	1272
538	794
538	882
538	1287
539	859
539	974
539	1127
540	571
540	739
540	1073
540	1192
541	700
542	833
542	963
542	1017
542	1098
543	873
544	1113
544	1315
544	1328
544	1493
545	836
545	1156
545	1202
546	809
546	821
546	1321
546	1484
547	782
547	1023
547	1201
547	1484
548	756
549	1001
550	1116
551	682
551	1075
553	849
553	1184
554	689
554	961
554	1014
554	1453
555	1005
555	1136
555	1399
555	1407
556	1086
557	653
557	714
557	806
557	1013
558	819
559	1033
561	798
561	965
563	870
564	909
565	1409
566	1222
568	955
569	582
569	1090
569	1181
569	1394
569	1413
569	1448
570	590
570	797
571	602
571	859
572	1144
572	1383
572	1480
573	879
573	1009
573	1463
574	921
574	1100
575	816
575	863
575	1076
577	687
577	1125
577	1157
577	1207
577	1229
577	1408
577	1456
578	749
578	1068
579	872
579	981
579	1131
579	1290
580	710
581	912
581	1489
582	590
582	1129
583	745
583	1107
583	1363
583	1473
584	629
584	726
584	953
585	766
585	966
585	991
585	1228
585	1323
585	1428
586	821
586	1126
587	823
587	954
587	997
588	940
589	1293
590	1161
590	1162
590	1434
591	909
591	1144
591	1310
594	607
594	642
595	854
595	1246
597	934
597	1052
598	650
598	889
598	1402
599	850
600	1203
601	795
602	1322
603	648
603	1009
603	1256
603	1267
604	1215
604	1412
604	1483
605	1002
605	1020
605	1266
605	1285
606	680
606	730
606	935
606	1240
606	1453
607	856
608	716
608	1251
609	1094
610	1017
610	1396
611	1190
611	1465
612	1213
613	688
613	1228
614	1014
614	1179
614	1252
615	1481
616	864
617	766
617	1145
618	633
618	824
618	1445
620	888
621	685
621	1053
621	1277
621	1342
621	1481
622	667
622	1432
623	900
623	1295
624	1066
624	1406
625	643
626	650
626	797
626	861
626	988
626	1117
628	937
628	1091
628	1349
628	1418
629	886
629	1106
629	1159
629	1408
630	980
630	1141
630	1423
630	1463
632	814
632	1440
632	1463
633	967
635	1216
636	863
636	969
637	812
637	1426
637	1438
638	856
638	900
638	1298
639	835
639	939
639	1342
640	674
640	1128
641	935
641	1372
642	1344
642	1398
643	823
643	830
643	850
643	971
643	1076
643	1169
643	1214
644	878
645	1269
646	1086
647	899
647	1036
647	1255
648	1281
649	957
649	1054
651	1388
652	941
653	916
653	1092
653	1444
654	707
654	853
654	1228
654	1382
655	701
655	956
655	1011
655	1346
656	885
656	984
656	1191
657	689
657	1442
658	726
658	747
658	1057
659	698
659	971
659	1317
659	1434
659	1473
660	695
660	1020
660	1034
660	1186
661	750
661	752
661	1101
662	1226
663	1195
664	807
664	933
664	1402
665	968
665	1173
665	1360
666	715
666	918
666	1282
667	802
667	1045
668	681
668	824
668	1360
668	1497
669	829
669	1017
669	1126
670	818
670	891
671	1239
671	1352
671	1374
672	1079
672	1099
672	1168
672	1409
673	922
673	982
674	1029
674	1452
675	947
676	741
676	983
676	1298
677	1282
677	1364
677	1456
677	1486
678	963
678	1268
678	1273
678	1342
679	767
679	1006
679	1242
680	816
680	871
680	1266
681	688
681	1197
681	1383
682	896
682	964
682	1042
682	1155
683	1137
683	1239
683	1256
685	730
685	793
685	969
685	1166
685	1229
685	1279
685	1342
687	1166
688	1109
688	1307
688	1495
689	1053
689	1439
690	934
690	935
690	1289
691	697
691	825
691	940
691	1191
692	791
692	970
692	1247
692	1334
692	1385
692	1487
693	1274
693	1378
694	1148
695	725
695	1134
695	1431
696	934
696	970
696	986
696	1203
696	1266
696	1277
697	875
697	1048
697	1461
698	828
699	709
699	831
699	1013
699	1421
700	777
702	799
702	1118
702	1148
703	1251
704	879
704	1177
704	1466
706	716
706	1418
707	1410
708	822
708	934
708	1314
709	744
709	778
709	879
709	994
709	1431
711	1020
711	1156
711	1423
712	969
713	848
713	1409
714	968
714	1013
714	1073
714	1078
714	1196
714	1393
715	1427
716	787
716	1290
717	750
717	1070
717	1340
717	1360
717	1482
718	1086
718	1228
718	1236
718	1410
719	1282
720	1191
721	1120
721	1297
722	1276
723	944
723	1199
723	1429
725	1027
726	1002
727	994
727	1010
728	995
728	1184
728	1345
729	985
729	1073
730	937
730	984
730	1240
730	1399
732	741
732	881
732	1101
733	865
733	1086
734	1214
734	1294
735	796
735	1166
735	1227
736	1281
737	1088
737	1291
738	1184
739	761
739	1216
739	1294
739	1364
739	1454
740	874
740	1114
740	1367
742	779
743	1146
744	864
744	1079
746	956
746	1282
749	1085
749	1142
749	1251
749	1368
749	1427
751	922
751	994
752	781
753	1058
754	1172
754	1485
756	1177
757	947
757	1131
758	893
758	1021
759	783
759	1040
759	1117
759	1191
759	1345
760	831
760	1042
763	1379
764	997
764	1350
765	1229
767	1068
768	1441
769	1043
769	1055
769	1072
770	1344
771	993
771	1262
772	913
773	1017
773	1068
773	1165
774	1405
775	1027
775	1089
776	912
776	1157
776	1333
777	816
777	1129
777	1182
777	1260
778	864
778	944
778	1458
779	892
780	1352
782	1159
784	934
784	1265
784	1315
785	917
785	985
785	1264
785	1340
786	1061
787	938
788	897
788	1089
789	1230
789	1410
792	985
793	1138
793	1316
793	1469
794	871
795	1164
797	878
798	1320
798	1443
800	1187
800	1236
803	877
803	1354
803	1461
804	938
804	952
804	1052
804	1358
805	1259
805	1481
806	918
806	1315
810	858
812	1376
813	1114
814	919
815	1192
816	1178
816	1484
817	1185
817	1222
818	978
818	1200
818	1243
820	1112
821	1106
821	1184
821	1208
822	844
822	1174
823	838
823	1061
824	845
824	1093
824	1169
824	1384
824	1484
825	920
825	925
826	1081
826	1393
827	1046
828	1274
828	1424
829	880
829	919
829	1123
829	1371
830	842
830	914
830	1077
830	1147
830	1318
832	1310
834	994
836	975
837	1029
837	1054
837	1275
838	1123
838	1316
838	1350
839	1439
840	855
840	969
840	1160
840	1170
840	1437
841	1435
843	1054
843	1063
843	1090
843	1304
843	1394
844	1264
844	1372
845	1038
846	964
846	1199
847	1091
849	943
849	1216
849	1316
850	1077
850	1319
851	1352
852	930
852	1107
852	1124
853	927
854	965
854	1310
855	931
855	1007
855	1360
856	859
856	1101
857	1274
857	1489
858	1236
858	1419
859	1423
860	1097
860	1166
861	1478
862	933
862	1290
863	1223
864	944
864	1094
866	978
866	1090
866	1157
867	1188
867	1384
867	1431
868	1019
868	1368
869	902
869	1361
870	973
870	1362
870	1463
871	955
873	1050
873	1317
874	888
874	1263
875	1054
875	1180
876	920
876	1087
877	1016
877	1349
878	1008
879	901
879	1172
879	1182
880	1271
880	1322
880	1484
881	1279
882	956
882	1019
883	1150
883	1156
883	1464
887	1275
887	1288
887	1412
887	1468
888	1004
888	1278
889	1082
889	1200
889	1362
889	1428
890	1199
891	1205
891	1224
892	1361
892	1493
894	906
894	1309
894	1384
895	901
895	1251
897	956
897	1200
897	1376
897	1441
899	1162
899	1343
900	925
900	1067
900	1078
900	1239
901	1050
901	1238
903	1011
904	967
904	1316
905	931
905	1145
905	1188
905	1421
906	1243
907	1001
907	1196
908	1488
909	938
909	1018
909	1246
910	1191
911	981
911	1033
912	936
912	1249
912	1363
912	1404
913	1044
913	1227
913	1422
914	999
914	1354
914	1436
915	1050
915	1221
916	1252
917	1131
917	1333
917	1406
918	1121
918	1151
918	1319
919	937
919	1135
919	1180
919	1378
920	1013
920	1089
920	1318
921	1382
923	1327
924	1251
925	1100
926	1010
926	1137
926	1185
927	1106
927	1439
930	973
930	1276
932	1235
932	1427
933	1332
934	1047
934	1327
935	1127
935	1496
936	1409
937	1447
938	1032
938	1081
939	1088
939	1412
940	1002
941	1370
942	1376
943	1074
944	1227
944	1420
945	1139
946	1067
946	1155
947	976
948	963
949	952
949	1428
950	1430
952	1131
952	1144
952	1266
953	1205
953	1364
955	1229
956	961
956	1320
956	1416
957	1103
957	1281
957	1426
958	1085
958	1330
958	1475
959	1004
959	1067
960	1042
960	1169
961	992
963	1252
963	1260
963	1461
964	1082
964	1161
965	1095
966	1177
967	1218
969	1171
970	1264
970	1497
972	1335
973	1327
973	1373
976	1064
976	1371
976	1497
977	1067
977	1131
978	1137
978	1177
980	1441
981	1014
981	1091
981	1447
982	1048
982	1131
983	1247
983	1276
985	1147
985	1260
985	1441
986	1488
987	1060
987	1416
989	1050
989	1057
989	1160
989	1363
989	1470
991	1066
991	1354
992	1111
992	1480
993	1210
994	1307
995	1307
995	1311
995	1335
995	1432
996	1446
996	1477
998	999
998	1115
998	1279
998	1355
999	1344
1001	1180
1001	1349
1001	1403
1001	1492
1002	1448
1003	1007
1003	1307
1004	1116
1005	1486
1006	1268
1007	1022
1007	1137
1007	1165
1007	1196
1008	1179
1010	1141
1010	1373
1011	1023
1012	1189
1012	1309
1012	1412
1012	1421
1012	1462
1013	1186
1014	1369
1014	1390
1015	1368
1017	1074
1017	1251
1018	1380
1019	1067
1020	1237
1020	1455
1021	1302
1021	1403
1022	1237
1023	1216
1024	1303
1025	1201
1025	1273
1025	1477
1026	1249
1026	1255
1026	1375
1026	1483
1027	1341
1028	1154
1029	1136
1029	1253
1030	1214
1030	1350
1031	1097
1032	1234
1032	1461
1033	1073
1033	1191
1033	1211
1034	1097
1034	1367
1034	1440
1035	1362
1036	1153
1036	1202
1036	1497
1038	1261
1039	1113
1039	1237
1039	1441
1043	1184
1043	1355
1044	1160
1044	1472
1046	1180
1046	1203
1046	1282
1047	1357
1047	1395
1047	1444
1049	1315
1050	1139
1051	1120
1053	1338
1053	1378
1053	1409
1053	1448
1054	1112
1055	1416
1056	1078
1058	1140
1058	1429
1059	1109
1059	1269
1060	1230
1060	1342
1061	1168
1061	1496
1062	1101
1062	1105
1064	1142
1064	1474
1066	1279
1067	1285
1068	1280
1071	1336
1072	1166
1073	1114
1073	1449
1074	1359
1076	1381
1077	1137
1077	1439
1078	1309
1079	1383
1081	1345
1082	1110
1082	1113
1083	1480
1084	1108
1084	1446
1085	1191
1086	1119
1086	1165
1086	1386
1087	1491
1088	1143
1088	1451
1090	1261
1090	1425
1092	1154
1092	1255
1093	1197
1093	1309
1094	1099
1095	1168
1095	1221
1096	1493
1097	1379
1097	1441
1098	1266
1098	1413
1099	1290
1099	1408
1100	1159
1101	1389
1102	1211
1102	1374
1103	1174
1103	1493
1104	1421
1105	1409
1105	1439
1106	1358
1107	1275
1111	1238
1111	1464
1113	1308
1116	1157
1117	1267
1118	1137
1118	1431
1118	1484
1120	1239
1121	1134
1121	1296
1122	1191
1125	1271
1125	1304
1126	1227
1126	1299
1126	1497
1127	1256
1129	1329
1130	1206
1130	1338
1130	1432
1131	1499
1132	1163
1132	1208
1132	1334
1133	1259
1134	1402
1134	1484
1135	1445
1136	1325
1136	1402
1139	1227
1139	1315
1139	1464
1141	1192
1141	1285
1142	1475
1142	1491
1146	1177
1146	1283
1148	1234
1149	1231
1150	1329
1150	1340
1151	1259
1153	1403
1155	1374
1155	1463
1156	1199
1156	1212
1156	1387
1158	1186
1159	1378
1160	1209
1162	1284
1163	1391
1163	1439
1166	1253
1166	1307
1167	1486
1168	1441
1168	1467
1173	1184
1174	1437
1176	1233
1176	1424
1177	1432
1178	1255
1181	1384
1182	1204
1183	1241
1183	1351
1185	1191
1185	1231
1185	1252
1185	1399
1185	1457
1188	1239
1188	1309
1193	1306
1194	1476
1195	1320
1197	1228
1197	1235
1197	1342
1198	1438
1199	1419
1200	1366
1204	1266
1206	1317
1208	1245
1209	1273
1210	1320
1212	1302
1212	1355
1213	1378
1213	1455
1215	1274
1217	1350
1218	1427
1219	1298
1219	1305
1219	1390
1220	1221
1221	1440
1223	1399
1223	1435
1223	1490
1226	1311
1226	1464
1227	1401
1227	1417
1228	1452
1229	1246
1229	1313
1234	1267
1235	1340
1236	1254
1236	1366
1238	1443
1239	1255
1239	1384
1239	1406
1239	1494
1240	1397
1242	1459
1242	1493
1243	1298
1243	1431
1244	1367
1244	1438
1246	1279
1246	1420
1248	1384
1252	1364
1253	1255
1261	1468
1263	1306
1263	1470
1264	1269
1264	1447
1265	1337
1267	1309
1267	1355
1267	1478
1269	1292
1271	1333
1272	1444
1273	1275
1273	1316
1276	1359
1276	1438
1280	1463
1280	1495
1285	1349
1286	1306
1288	1391
1288	1454
1290	1451
1291	1311
1291	1379
1293	1481
1294	1428
1297	1305
1298	1481
1300	1495
1301	1342
1306	1357
1306	1408
1309	1331
1310	1344
1310	1488
1311	1388
1313	1383
1313	1402
1316	1498
1320	1402
1325	1439
1326	1410
1328	1373
1334	1384
1340	1498
1343	1350
1343	1488
1347	1377
1355	1363
1355	1411
1359	1403
1360	1408
1361	1365
1366	1485
1367	1483
1370	1487
1374	1460
1376	1487
1381	1466
1385	1477
1390	1402
1392	1427
1394	1421
1397	1444
1399	1452
1406	1479
1407	1419
1408	1432
1409	1466
1416	1426
1419	1493
1420	1425
1420	1439
1427	1434
1429	1472
1443	1480
1448	1465
1452	1462
1461	1493
1466	1484
1481	1492
1484	1490