0	196
0	1035
0	1245
1	99
1	166
1	805
1	811
1	826
1	845
1	1091
1	1344
2	1192
2	1266
3	380
3	861
4	392
5	175
5	229
5	249
5	322
5	327
5	385
5	708
5	1004
6	102
6	137
6	198
6	1052
7	13
8	1294
8	1416
9	343
9	449
9	507
9	1272
9	1388
10	86
10	110
10	439
10	878
10	1213
10	1432
11	72
11	75
11	343
11	455
11	562
11	1315
12	44
12	114
12	367
12	385
12	610
12	688
12	960
12	1294
13	112
13	329
13	507
13	648
13	670
13	1442
14	241
14	825
14	884
14	911
15	318
15	691
16	484
16	581
17	533
17	1172
17	1189
18	161
18	1058
18	1111
19	283
19	293
19	1148
20	444
20	631
20	660
20	832
20	1319
21	79
21	897
21	919
21	1355
22	291
22	959
22	1261
23	119
23	714
23	748
23	975
23	1107
24	518
24	777
25	281
25	345
25	362
25	429
25	836
26	214
26	712
27	205
27	207
27	671
27	1040
27	1242
27	1429
28	557
28	1172
28	1191
28	1452
29	679
29	1336
30	342
30	538
30	585
31	154
31	466
31	1116
31	1480
32	596
33	98
33	367
33	454
33	509
33	701
33	1395
34	395
35	322
35	640
35	1463
36	1117
36	1462
37	992
37	1430
38	329
38	814
38	932
38	1352
38	1376
38	1476
39	136
39	428
39	463
39	522
39	1337
40	616
40	705
40	882
40	1146
41	152
41	164
41	217
41	1193
41	1264
42	315
42	450
42	524
42	1415
43	341
43	642
43	644
43	1057
44	137
44	152
44	346
44	597
44	877
44	1029
45	107
45	287
45	501
45	876
46	241
46	308
46	959
46	1325
46	1459
47	300
48	117
48	180
48	978
48	1067
48	1207
49	549
49	777
49	990
49	1071
50	407
50	514
50	852
50	1092
50	1463
50	1471
51	148
51	476
51	696
51	711
51	991
51	1447
52	637
52	1064
53	131
53	143
54	623
54	835
55	995
55	1035
55	1341
56	560
56	1313
56	1495
57	420
58	239
58	287
58	349
58	593
58	748
58	763
58	1327
58	1385
59	546
59	612
59	951
59	1029
59	1256
60	403
60	916
60	944
60	1037
60	1403
61	270
61	371
61	1332
62	72
62	420
62	468
62	1454
63	508
63	767
63	999
64	307
64	718
64	1171
64	1212
65	424
65	468
65	1180
66	199
66	406
66	574
66	632
66	716
67	576
67	1368
68	89
68	222
68	365
68	392
68	682
69	99
69	762
69	965
70	133
71	176
71	209
71	1010
72	389
72	1085
73	196
73	513
73	929
73	1012
74	274
74	346
74	608
74	776
74	984
75	209
75	247
75	1247
75	1494
76	278
76	302
76	697
76	746
77	238
77	496
77	605
77	932
77	1071
77	1451
78	370
78	478
78	488
78	1170
79	292
79	396
79	454
79	1263
79	1373
80	549
80	728
81	327
81	394
81	968
81	1231
81	1267
82	440
82	835
82	1024
83	284
83	336
83	801
83	987
84	297
84	342
84	966
84	1221
85	337
85	1390
86	253
86	628
86	702
86	1025
86	1064
86	1282
86	1294
86	1340
86	1490
87	95
87	225
87	819
87	1128
88	547
88	562
88	1257
88	1344
89	229
89	365
89	435
89	520
90	128
90	345
90	553
90	581
90	1214
90	1323
90	1463
91	347
92	221
92	548
92	576
92	692
92	1305
93	115
93	137
93	142
93	164
93	272
93	515
93	518
93	559
93	795
93	958
93	1148
93	1320
93	1370
94	123
94	171
94	1073
94	1095
95	206
95	321
95	431
96	156
96	577
96	578
96	750
96	878
97	170
97	181
97	1050
97	1246
98	191
98	243
98	273
98	375
98	592
98	859
98	1268
98	1315
99	134
99	255
99	546
99	945
99	1026
99	1294
99	1483
100	370
101	718
101	1256
101	1480
102	116
103	472
103	496
103	538
103	559
103	1381
104	658
104	665
104	1279
104	1353
105	386
105	422
105	451
105	489
105	584
105	1447
105	1499
106	535
107	534
107	831
107	967
107	971
107	1468
108	254
108	844
108	1212
109	484
109	558
109	818
110	293
110	425
110	1348
111	465
111	530
111	709
111	813
111	940
111	1124
111	1392
112	661
112	987
112	1066
112	1079
113	522
113	556
113	770
113	943
113	1003
113	1456
114	402
115	1405
115	1457
116	207
116	284
116	340
116	604
117	609
117	671
117	829
117	1247
117	1355
118	508
118	847
118	881
119	328
119	498
119	1039
119	1096
119	1145
119	1484
120	281
120	992
121	405
121	866
122	618
122	1210
122	1270
122	1403
123	347
123	678
123	726
123	844
123	1058
123	1311
123	1489
124	622
124	789
124	908
125	383
125	454
125	499
125	700
125	937
125	1039
126	265
126	673
126	876
127	237
127	502
127	504
127	761
127	903
128	571
128	608
128	1021
129	327
129	696
130	210
130	268
130	465
130	529
130	788
130	1004
130	1417
131	159
131	668
132	425
132	808
132	1087
132	1422
133	294
133	352
133	358
133	434
133	688
134	1210
135	1119
136	365
136	1486
137	212
137	361
137	369
137	1079
137	1278
137	1489
138	288
138	331
138	567
138	1081
139	1042
139	1059
139	1083
139	1180
139	1245
139	1468
140	651
140	1087
140	1107
140	1180
141	160
141	539
141	740
141	745
141	1135
142	1133
143	1028
144	233
144	1004
145	174
145	819
145	1013
145	1271
145	1340
146	236
147	172
148	406
148	1016
148	1108
148	1179
148	1183
148	1325
148	1350
149	936
150	528
150	1196
150	1386
151	464
151	742
151	787
151	1390
151	1421
152	523
152	642
153	830
154	457
154	1429
155	246
155	1196
155	1314
156	1430
157	322
157	1365
157	1433
158	529
158	565
158	1018
158	1329
158	1372
159	398
159	439
159	796
159	1244
159	1382
160	960
161	216
161	1312
161	1351
162	1253
162	1399
162	1419
163	591
163	659
163	883
164	656
164	728
164	762
165	394
165	790
165	1028
166	213
166	219
166	244
167	1148
167	1470
168	533
168	610
168	900
168	1084
168	1122
169	652
169	691
170	238
170	264
170	686
170	834
170	883
170	1221
171	590
171	676
171	927
171	1083
171	1344
172	966
173	356
173	1245
174	232
174	691
174	941
174	1399
175	240
175	461
175	515
175	684
175	1005
175	1062
175	1124
175	1226
175	1233
176	263
176	299
176	557
176	681
176	804
177	451
177	547
177	1102
178	418
178	455
178	497
178	782
178	1115
179	561
179	881
179	1342
180	547
180	999
180	1384
181	892
181	1130
181	1278
182	795
182	921
182	1134
183	539
183	800
183	1134
183	1358
184	477
184	827
184	980
184	1118
185	216
185	315
185	1245
186	297
186	771
186	876
186	1168
186	1328
186	1392
187	1468
188	238
188	1204
188	1393
189	965
190	267
190	369
190	901
190	1134
190	1410
191	689
192	747
193	604
193	781
193	785
193	1460
194	1000
195	595
195	918
195	1380
196	220
196	236
196	762
196	1291
196	1455
197	930
198	291
198	965
198	1215
198	1374
199	206
199	625
200	1007
200	1058
200	1115
200	1194
200	1429
201	649
202	274
202	396
202	1474
203	537
204	542
204	589
204	838
204	1051
204	1165
205	744
205	859
205	1497
206	611
206	1148
206	1187
207	332
207	764
207	1137
207	1192
208	402
208	725
208	814
208	824
208	928
208	1380
209	754
209	807
209	951
210	1447
211	453
211	901
212	214
212	808
212	972
212	1467
213	322
213	1230
214	393
214	936
215	420
216	619
216	1115
216	1210
216	1332
217	968
218	305
218	699
218	1166
219	1249
220	639
220	853
220	935
220	1167
221	728
221	1024
221	1292
222	963
223	1006
223	1198
224	692
224	980
225	994
225	1333
226	708
226	805
226	1127
226	1225
227	348
227	378
227	936
227	946
227	1069
228	280
228	622
228	915
228	1212
229	411
229	1436
230	1400
231	438
231	1121
231	1234
231	1262
232	239
232	328
233	776
234	605
234	941
234	1028
234	1247
235	318
235	340
235	768
235	1377
236	264
236	1079
236	1406
237	670
237	1473
238	239
238	338
238	398
238	638
238	700
238	861
239	545
239	1096
239	1205
239	1335
240	514
240	646
240	691
240	707
240	839
240	1078
241	514
241	785
242	1121
242	1137
242	1303
242	1394
242	1418
243	590
243	674
243	726
243	928
243	1396
244	350
244	1347
245	679
246	1028
246	1416
247	918
248	398
248	1298
249	310
249	792
249	908
249	992
249	1317
250	452
250	705
250	829
250	888
250	935
251	351
251	1325
251	1444
252	475
252	501
252	644
252	1105
252	1106
253	524
253	935
253	1471
254	371
254	473
254	883
254	1457
255	691
256	284
256	288
256	300
256	354
256	598
256	1146
256	1262
257	353
257	561
257	1113
257	1267
257	1329
258	496
258	670
259	305
259	585
259	1223
260	959
261	378
261	468
261	608
261	881
261	1151
261	1431
262	464
262	487
262	524
262	1080
262	1103
262	1244
263	683
263	726
263	974
263	1100
263	1224
264	726
264	854
265	670
265	742
265	768
265	1045
266	313
266	360
266	1215
266	1388
267	357
267	591
267	744
267	1218
267	1244
267	1426
267	1465
268	831
269	659
269	1339
270	329
270	365
270	875
270	1127
271	550
271	568
271	584
271	810
271	1111
272	509
272	1116
272	1241
272	1345
273	663
273	967
274	853
274	1298
275	399
275	885
275	902
276	492
276	817
276	1094
276	1246
277	835
278	321
278	726
278	982
278	1204
278	1222
279	665
279	1047
279	1411
280	284
280	812
280	1158
280	1491
281	393
281	1389
282	383
282	935
282	1088
282	1163
282	1439
283	601
283	1018
283	1326
283	1485
284	335
284	434
284	1130
284	1387
285	393
285	530
285	857
286	438
286	1386
287	338
287	860
287	1065
287	1358
287	1383
287	1411
288	329
288	1104
288	1455
289	325
289	517
289	1130
289	1414
289	1453
289	1460
290	857
290	914
291	843
291	1430
292	332
292	506
293	553
293	1047
293	1329
293	1357
293	1378
294	1004
295	345
295	378
295	379
295	478
295	981
296	1265
297	315
297	546
297	1020
297	1449
298	1130
299	1364
300	721
301	603
302	594
302	684
303	358
303	509
303	1424
304	847
304	1344
304	1366
305	397
305	751
305	1055
305	1363
305	1469
306	755
306	839
306	872
306	1116
307	313
307	638
307	770
307	883
307	1324
308	508
308	527
308	634
309	546
309	1144
309	1381
310	785
310	1103
310	1205
310	1275
310	1313
310	1361
311	1063
312	367
312	928
312	1038
312	1226
312	1297
312	1400
313	691
313	697
313	831
313	897
313	1091
313	1424
314	722
314	792
314	1019
314	1072
315	1035
316	628
316	702
316	982
316	1401
317	693
317	1292
318	832
319	481
319	575
319	721
319	1031
320	412
320	843
321	549
321	648
321	751
321	1257
321	1343
322	620
322	1157
322	1180
323	423
323	508
323	821
323	1094
324	328
324	977
325	1005
326	842
327	593
327	880
327	1170
328	705
328	1484
329	652
329	818
329	1310
329	1389
330	383
330	496
330	785
330	949
330	1031
331	676
331	1303
331	1306
331	1450
332	1328
333	890
333	987
333	1029
334	838
335	655
335	806
335	891
336	613
336	758
337	479
338	387
338	1205
339	1290
340	742
341	395
341	499
341	1130
341	1200
341	1315
342	874
342	1239
343	353
343	927
343	1169
344	540
344	837
344	987
344	1140
344	1438
345	443
346	595
346	739
346	1059
346	1120
346	1311
347	427
347	1045
347	1132
349	900
350	753
350	871
350	939
350	976
350	1047
350	1120
350	1369
351	721
351	950
351	999
351	1153
351	1349
351	1365
352	481
352	1213
352	1229
352	1345
353	565
353	664
353	1279
353	1411
354	902
354	1027
354	1356
355	409
355	782
356	449
356	1131
356	1405
357	689
357	940
357	971
357	1197
357	1404
358	637
358	1202
359	666
359	779
360	450
360	806
360	1160
361	1172
361	1339
362	857
362	1197
363	1439
364	392
364	722
364	1032
365	1396
366	1029
366	1063
366	1188
366	1402
367	1087
367	1181
367	1335
368	678
368	1346
369	1152
370	514
371	724
371	799
371	1498
372	489
372	1310
372	1400
373	590
373	1429
373	1498
374	395
374	859
374	1008
374	1074
374	1205
374	1344
375	437
375	622
375	1156
376	847
376	849
376	1073
376	1172
376	1229
376	1499
377	974
378	810
378	851
378	1187
378	1220
379	870
379	1073
379	1120
379	1141
380	671
380	1081
381	667
381	869
381	1282
381	1290
381	1358
381	1365
382	464
382	1337
382	1368
382	1480
383	510
384	1325
385	386
385	606
385	608
385	912
385	1175
385	1309
386	683
386	722
386	756
387	1234
387	1353
388	442
388	495
388	606
388	723
388	921
388	1122
389	782
390	475
390	513
390	534
390	689
390	798
390	1126
390	1353
391	642
391	668
391	860
391	979
391	1421
392	440
392	445
392	882
393	760
393	767
393	1148
393	1441
394	472
394	508
394	758
395	717
396	720
396	744
396	1404
397	949
397	1280
398	472
398	1355
399	529
399	616
399	1320
400	692
400	1294
401	437
402	511
402	686
402	1306
402	1355
403	598
403	700
403	1035
403	1375
404	1184
404	1323
405	949
405	1200
405	1273
405	1411
405	1477
406	1140
408	431
408	799
408	1268
408	1304
409	573
409	1228
409	1259
409	1271
410	577
410	637
410	772
410	1089
411	440
411	488
411	593
411	1204
412	984
412	1172
412	1212
413	1094
414	557
414	1352
415	850
416	658
416	931
416	1150
417	1180
417	1187
417	1422
418	431
418	848
418	1399
419	960
419	1058
419	1219
419	1456
420	437
420	902
420	986
421	678
421	1174
422	929
422	978
422	1165
422	1260
422	1411
423	483
423	1220
424	553
424	643
424	680
424	945
424	1023
424	1368
424	1474
425	1340
426	561
426	870
426	920
427	436
427	477
427	766
427	799
427	1205
428	1091
429	745
429	1028
430	605
430	958
430	1207
431	1124
431	1384
432	1177
433	904
435	822
435	824
435	976
435	1048
436	1177
437	531
437	1135
437	1174
437	1234
437	1316
437	1466
438	601
440	779
440	1299
440	1401
441	712
441	1008
443	601
444	1086
444	1089
444	1338
444	1419
445	635
445	860
445	1087
445	1494
446	960
446	1071
446	1085
446	1184
446	1332
447	1398
448	454
448	519
448	931
448	946
449	592
449	774
450	816
450	1081
450	1265
452	482
452	649
452	935
452	1177
452	1197
452	1310
452	1311
452	1337
453	717
453	1398
455	784
455	1072
455	1108
455	1251
456	528
456	598
456	850
456	945
456	1071
456	1474
456	1498
457	1016
457	1283
457	1316
458	906
458	950
458	1000
459	737
459	973
459	1014
460	476
460	489
460	1252
460	1320
461	841
461	1226
461	1276
461	1460
462	560
464	675
464	720
464	1272
465	559
465	618
465	1322
466	696
466	723
467	672
469	549
469	726
469	785
469	839
469	1346
470	658
471	708
471	841
471	997
471	1424
472	1056
472	1191
472	1366
473	965
473	1319
473	1391
474	553
474	1335
474	1419
476	512
476	1153
476	1318
477	1364
478	764
479	549
479	618
479	1145
479	1161
480	648
480	870
480	1439
481	1083
481	1305
482	792
482	816
482	890
482	913
482	1141
482	1318
482	1446
482	1480
483	554
483	788
483	855
483	1136
483	1316
484	1158
485	1211
485	1385
485	1427
486	556
486	987
486	1297
487	601
487	637
488	636
488	770
488	941
488	1247
488	1439
489	1402
490	500
490	1040
490	1242
490	1264
490	1287
490	1456
491	499
491	609
491	691
491	1477
492	560
492	579
492	748
492	919
492	1284
493	499
494	647
494	729
495	1431
496	546
496	758
496	1032
497	658
497	1283
498	957
498	1094
498	1116
498	1210
498	1275
499	1203
499	1409
500	1112
500	1402
500	1479
501	864
501	913
501	934
502	956
502	1078
502	1134
502	1454
503	686
503	705
503	992
504	659
505	1157
505	1173
505	1219
505	1220
505	1326
506	991
506	1111
506	1366
507	650
507	659
507	686
507	951
507	969
507	1234
507	1394
508	889
508	1221
508	1467
509	994
509	1060
509	1172
509	1205
510	597
510	712
510	975
510	1171
511	523
511	914
511	921
511	1055
512	762
512	1078
512	1396
514	1087
514	1287
515	905
515	1258
516	546
516	586
516	617
517	647
517	1095
517	1113
518	740
518	901
518	1016
518	1114
518	1446
519	626
519	1019
520	1000
520	1290
521	1106
521	1207
522	891
522	1480
524	731
524	1021
524	1022
525	822
525	959
525	1148
526	658
527	605
527	725
527	995
527	1319
528	993
528	1171
529	661
529	1100
530	715
530	896
530	952
530	1044
531	1209
531	1388
532	644
533	1042
533	1116
533	1298
534	539
534	829
534	933
534	948
535	692
536	689
536	778
536	844
536	1007
536	1158
536	1467
536	1485
537	628
537	1081
538	792
538	1240
538	1336
538	1488
539	673
539	765
539	979
539	1436
540	648
540	936
540	946
540	1170
541	1182
542	867
543	1073
543	1288
544	1023
545	1365
545	1487
546	1154
547	701
547	1343
547	1470
548	1180
548	1423
549	764
549	1380
550	1447
551	645
551	678
552	1175
553	939
553	1017
553	1415
553	1417
554	561
554	1145
554	1185
554	1359
555	806
555	1493
556	712
556	1050
556	1116
557	598
557	1389
557	1414
558	621
558	682
558	1145
558	1431
558	1489
559	1381
560	570
560	1024
561	745
561	776
562	745
562	1023
562	1139
562	1203
562	1279
562	1412
563	608
563	1165
563	1170
563	1394
564	1129
565	726
565	1015
565	1018
565	1059
565	1095
566	696
566	907
567	697
567	1007
568	757
569	673
569	744
569	798
569	829
570	957
570	1430
571	713
571	944
571	1229
572	647
573	1269
574	953
574	1274
574	1310
574	1381
575	683
575	866
575	1253
575	1345
576	1491
577	736
577	1079
578	657
578	840
578	1039
578	1103
578	1264
578	1450
578	1481
579	898
580	1197
580	1265
581	837
581	1040
581	1272
581	1451
582	1061
582	1163
583	1362
583	1488
584	1120
585	606
585	608
585	619
585	1442
586	1179
586	1306
587	599
588	601
588	692
588	1331
589	654
589	1394
590	656
590	1332
590	1346
591	959
592	703
592	1018
592	1076
593	959
593	1007
593	1041
593	1483
594	651
594	842
594	927
594	949
594	1439
595	1484
596	1173
596	1410
597	912
598	984
598	1069
599	1419
600	1364
601	1176
602	867
602	1168
603	696
603	738
603	1318
603	1339
604	679
604	712
604	1318
605	770
605	1265
605	1356
606	718
606	1118
606	1146
607	858
607	1104
607	1298
608	978
608	1499
609	715
609	1048
609	1138
609	1230
609	1419
610	1220
611	736
611	930
611	1418
612	875
612	1131
612	1323
612	1341
613	1021
613	1274
613	1320
613	1493
614	1019
614	1258
614	1297
615	958
615	1087
615	1121
615	1179
616	1249
617	881
617	1417
618	1004
618	1058
618	1409
619	1204
620	675
620	922
620	1042
622	1121
623	681
623	930
624	1169
624	1320
624	1463
625	794
625	894
625	908
625	1194
625	1486
626	857
626	877
626	1107
626	1370
627	1327
628	795
628	1229
628	1482
629	969
629	1334
630	692
630	773
630	1059
630	1486
631	641
631	791
631	967
631	1200
631	1218
633	874
633	932
633	1193
634	1125
635	1341
635	1456
636	695
637	692
637	1324
637	1350
637	1362
638	820
638	1042
639	1339
640	762
640	1249
641	677
641	781
641	973
642	703
642	993
643	771
643	827
643	1086
644	1295
644	1324
644	1425
645	769
645	1097
646	823
646	1141
646	1296
646	1484
647	802
647	874
647	982
647	1098
647	1240
647	1418
648	742
648	826
648	1041
648	1330
648	1478
649	651
649	888
649	925
649	975
650	1072
650	1113
651	663
651	840
651	1041
651	1156
651	1304
651	1390
652	1254
652	1282
653	810
653	936
653	1465
654	885
654	987
654	1010
654	1144
654	1229
655	693
655	935
655	1048
655	1134
655	1158
656	839
656	913
656	938
656	1146
657	759
657	767
657	946
657	1242
658	704
658	849
658	887
658	971
658	973
658	993
658	1146
659	781
659	1324
659	1451
660	772
660	870
660	1417
661	949
661	1323
662	790
663	1461
664	964
664	985
665	752
665	1283
666	700
666	732
666	812
666	978
666	1070
666	1396
667	797
667	1366
668	1128
668	1150
668	1355
669	1458
669	1488
670	928
670	1336
671	1196
671	1370
671	1388
672	718
672	1141
672	1155
672	1300
672	1416
673	907
673	968
673	1256
674	1161
674	1426
674	1427
675	1073
675	1128
675	1196
675	1228
675	1468
676	834
677	1118
677	1173
677	1351
677	1363
677	1394
678	756
678	1126
678	1271
678	1483
679	816
679	1136
680	720
680	1120
680	1144
680	1329
680	1367
680	1485
681	756
682	745
682	805
682	1022
683	834
683	1291
684	1252
685	1285
685	1456
686	837
686	930
686	983
686	1152
686	1390
687	1242
688	910
688	1319
688	1485
689	708
689	739
690	788
690	845
691	692
691	937
691	1318
692	850
692	1084
694	1099
694	1484
695	1171
695	1235
698	1028
698	1447
699	981
700	915
700	1101
701	808
701	1385
703	1154
703	1354
704	1003
704	1351
704	1358
704	1426
705	1135
705	1183
705	1405
706	1472
707	875
708	919
709	886
709	1138
709	1454
710	856
712	889
712	1012
712	1271
715	798
715	973
715	1109
716	800
716	1407
717	897
717	1234
717	1237
718	1111
719	832
720	821
720	1040
720	1318
721	1239
722	1129
722	1285
723	880
723	1351
724	763
724	1103
725	857
725	1226
726	836
726	1273
726	1387
727	862
727	1051
728	778
728	1194
728	1440
729	1355
730	770
730	968
730	1033
731	1200
731	1365
733	1365
733	1370
734	1015
734	1435
735	737
735	796
735	1124
735	1213
735	1362
736	881
736	1117
736	1394
737	955
737	1470
738	833
738	851
738	1111
739	1106
739	1436
740	1067
740	1217
740	1231
740	1483
741	1014
741	1034
741	1183
741	1245
741	1284
741	1315
742	939
742	943
742	1113
743	919
743	1248
743	1350
743	1379
743	1404
744	910
744	1065
744	1317
745	932
746	1176
747	994
747	1376
748	1314
748	1456
749	1052
750	1442
751	939
751	973
751	1242
752	1302
753	1093
753	1445
754	1097
754	1489
755	1331
756	1139
756	1308
757	1109
757	1265
758	834
758	1036
760	1046
761	874
761	1050
762	1265
762	1493
763	895
763	938
764	789
765	1115
765	1190
765	1414
766	858
766	896
766	1346
766	1434
766	1442
766	1499
767	976
767	1325
768	1327
769	950
769	1007
769	1046
769	1125
769	1361
769	1451
772	961
772	1100
773	842
773	985
773	1006
773	1492
774	1104
774	1235
774	1325
774	1348
775	898
775	932
775	1469
775	1477
776	1226
776	1228
776	1314
777	953
778	1332
779	930
779	1121
779	1194
780	923
780	1295
780	1362
781	1466
782	1111
783	860
783	1407
784	875
785	944
785	1411
786	791
786	1156
786	1322
786	1411
786	1474
788	1368
789	1270
790	1201
790	1312
790	1342
791	1035
792	1334
793	951
793	1337
793	1369
793	1421
794	1334
794	1435
795	889
795	1037
795	1308
796	899
796	1014
796	1428
797	1013
797	1287
797	1310
798	1330
800	1199
801	845
801	860
801	941
802	929
803	886
803	1392
804	1053
804	1088
804	1348
804	1379
806	1499
807	1129
808	1435
809	1072
809	1204
809	1335
810	875
811	1216
811	1273
812	848
812	854
814	1194
814	1283
814	1492
815	838
815	1276
816	871
816	1458
817	1392
818	1330
818	1449
819	912
821	951
821	1036
821	1255
824	874
824	877
824	889
825	1224
825	1432
826	1005
826	1290
826	1347
827	1189
827	1220
828	846
829	1106
830	974
830	1228
831	840
831	1015
831	1065
831	1131
831	1428
832	964
832	1276
833	995
833	1053
833	1092
834	885
834	1377
835	1316
836	917
836	1251
837	971
837	1057
838	1203
839	1110
840	1443
840	1496
841	1278
842	1278
843	1355
844	1171
846	954
846	1406
847	1178
848	986
849	1210
850	892
850	1130
854	1111
854	1119
854	1149
854	1228
854	1320
855	1410
856	862
856	1163
857	962
857	1331
857	1446
858	1021
859	1185
860	966
860	1002
862	882
862	1440
863	1049
863	1121
863	1216
864	1067
864	1453
865	1409
866	1021
866	1318
866	1451
867	969
867	1065
867	1157
867	1182
867	1213
868	1059
868	1180
868	1253
868	1318
870	1176
870	1229
870	1484
871	915
871	1248
872	1142
872	1374
872	1494
873	949
873	1023
873	1125
875	1127
875	1310
875	1481
877	1114
877	1432
878	883
878	1161
879	1043
879	1299
879	1346
880	1270
880	1374
881	1360
882	888
882	1033
883	941
883	944
883	1358
884	1020
885	1362
885	1484
886	914
887	1114
888	932
888	1009
888	1154
888	1201
891	1158
893	1482
894	1065
896	1287
897	1281
897	1400
898	1489
899	921
899	1155
899	1223
900	1396
901	975
901	1139
901	1295
901	1408
902	1394
902	1446
902	1481
903	1008
903	1039
903	1080
903	1323
903	1394
906	911
906	1034
906	1246
906	1349
907	1012
907	1451
908	984
908	1054
908	1153
909	982
909	1116
909	1239
909	1483
910	914
910	1033
911	1179
911	1267
911	1416
912	1075
912	1195
912	1346
913	944
913	994
913	1230
915	1075
915	1166
915	1453
916	1198
916	1475
918	1017
920	1102
921	1403
921	1475
922	1298
922	1449
924	1050
924	1133
924	1395
924	1409
925	1406
925	1459
926	994
927	1136
929	1130
930	1280
931	1232
931	1262
932	1285
932	1328
933	1139
933	1429
934	1281
934	1330
935	951
935	1005
936	1071
936	1418
937	1396
937	1486
938	1123
938	1323
938	1437
940	1144
940	1305
941	1045
942	1024
942	1147
942	1347
945	988
947	1038
947	1107
947	1206
947	1255
947	1270
948	1227
948	1460
950	1481
951	1113
951	1245
952	1181
952	1338
953	1420
955	1105
956	1238
958	1030
960	1289
960	1428
961	1103
961	1351
961	1440
962	1044
963	1008
963	1096
963	1097
963	1388
966	1351
966	1490
967	1149
968	1364
968	1491
969	1051
969	1179
970	1243
970	1445
971	1175
971	1199
971	1310
971	1472
972	1088
973	1403
973	1446
974	1352
975	1024
975	1475
977	981
977	998
977	1464
978	1276
978	1401
978	1436
982	1260
983	992
984	1101
984	1413
984	1486
985	1439
985	1496
986	1315
987	1286
987	1481
988	1087
989	1145
989	1283
990	1400
991	1030
993	1110
993	1351
994	1071
994	1362
994	1468
995	1093
996	1202
997	1038
998	1195
998	1327
998	1495
999	1046
1001	1049
1002	1217
1003	1058
1003	1059
1004	1153
1004	1258
1004	1496
1005	1069
1005	1366
1006	1238
1006	1331
1008	1342
1009	1105
1010	1435
1011	1121
1012	1115
1012	1128
1012	1165
1012	1198
1013	1458
1015	1065
1015	1161
1016	1040
1017	1346
1018	1234
1018	1260
1019	1120
1019	1332
1021	1287
1021	1379
1022	1150
1024	1257
1025	1263
1029	1295
1029	1325
1029	1488
1031	1041
1031	1212
1031	1240
1031	1310
1033	1152
1033	1438
1034	1136
1034	1154
1034	1271
1035	1192
1036	1109
1036	1125
1036	1441
1038	1096
1038	1108
1038	1231
1039	1115
1040	1287
1042	1120
1043	1371
1044	1473
1044	1477
1044	1494
1045	1175
1046	1239
1046	1318
1046	1330
1046	1360
1047	1246
1047	1317
1049	1287
1050	1052
1050	1196
1050	1247
1050	1251
1050	1259
1050	1322
1051	1192
1051	1247
1054	1205
1054	1344
1054	1388
1055	1243
1055	1248
1055	1314
1059	1326
1059	1441
1060	1444
1065	1303
1066	1205
1067	1269
1067	1374
1068	1186
1069	1091
1069	1101
1069	1320
1075	1470
1077	1295
1079	1259
1079	1303
1079	1344
1081	1152
1082	1303
1083	1114
1086	1095
1086	1353
1086	1474
1087	1263
1087	1269
1088	1375
1089	1108
1090	1180
1090	1361
1091	1095
1091	1266
1093	1098
1093	1334
1096	1133
1098	1325
1099	1339
1101	1214
1102	1310
1102	1407
1103	1297
1105	1293
1107	1349
1108	1126
1108	1158
1108	1260
1108	1291
1108	1494
1110	1329
1111	1351
1112	1441
1113	1197
1115	1163
1115	1180
1115	1285
1115	1298
1117	1409
1119	1335
1121	1215
1121	1336
1122	1127
1123	1291
1123	1448
1124	1442
1126	1468
1127	1337
1128	1152
1129	1236
1129	1370
1129	1401
1129	1499
1130	1147
1131	1226
1131	1244
1131	1483
1132	1299
1134	1156
1134	1468
1135	1399
1136	1268
1137	1301
1140	1294
1140	1467
1141	1273
1143	1299
1147	1161
1147	1354
1150	1164
1150	1313
1153	1408
1154	1479
1156	1184
1157	1243
1157	1316
1157	1403
1157	1498
1158	1163
1159	1277
1160	1332
1162	1455
1163	1168
1163	1170
1163	1206
1163	1260
1164	1312
1164	1442
1165	1477
1167	1197
1168	1189
1171	1317
1172	1345
1172	1427
1173	1338
1175	1235
1177	1340
1179	1270
1179	1318
1179	1467
1182	1431
1184	1262
1184	1267
1184	1326
1185	1474
1187	1332
1188	1380
1188	1488
1188	1492
1189	1191
1189	1398
1191	1257
1191	1354
1192	1245
1192	1308
1192	1481
1193	1242
1193	1462
1196	1453
1198	1284
1199	1274
1200	1339
1201	1423
1207	1390
1208	1264
1209	1436
1212	1304
1212	1393
1215	1388
1215	1485
1218	1258
1218	1414
1221	1392
1222	1321
1225	1366
1225	1489
1226	1274
1226	1402
1227	1415
1227	1418
1228	1307
1229	1280
1231	1369
1232	1353
1238	1499
1240	1442
1241	1370
1243	1258
1243	1484
1244	1269
1245	1316
1247	1425
1250	1382
1251	1383
1251	1463
1252	1452
1253	1354
1254	1492
1256	1329
1256	1439
1258	1318
1259	1278
1263	1349
1264	1323
1265	1393
1266	1299
1267	1286
1268	1276
1268	1428
1270	1276
1272	1336
1273	1322
1273	1394
1275	1489
1277	1336
1279	1379
1281	1321
1282	1283
1283	1358
1284	1425
1286	1393
1290	1374
1292	1367
1292	1424
1295	1488
1303	1312
1303	1384
1304	1375
1304	1386
1304	1413
1305	1396
1309	1349
1309	1465
1313	1385
1313	1387
1313	1393
1313	1449
1314	1347
1321	1398
1325	1348
1325	1436
1326	1482
1330	1359
1333	1462
1337	1427
1339	1437
1340	1382
1345	1347
1352	1491
1353	1439
1356	1442
1365	1405
1376	1397
1378	1446
1379	1417
1382	1475
1383	1471
1388	1453
1396	1486
1399	1489
1401	1446
1403	1416
1403	1464
1408	1481
1414	1433
1416	1469
1418	1487
1422	1463
1427	1491
1451	1454
1451	1493
1461	1489
1468	1486