0	4
0	388
0	571
0	1069
0	1075
0	1117
0	1189
0	1335
1	125
1	186
1	700
1	1154
1	1223
1	1300
2	247
2	716
2	1003
2	1131
3	898
3	1303
4	113
4	123
4	891
4	957
4	1323
4	1352
5	76
5	723
5	1141
6	78
6	352
6	405
6	813
6	1467
7	77
7	107
7	178
8	41
8	82
8	543
8	678
8	814
8	1029
9	206
9	654
9	817
10	309
10	895
10	1342
10	1497
11	77
11	281
11	345
11	430
11	1093
11	1298
12	51
12	73
12	215
12	288
12	543
12	706
12	729
12	1040
12	1287
13	297
13	960
13	1234
13	1375
14	35
14	236
15	183
15	224
15	655
15	760
15	1090
16	116
16	319
16	373
16	659
16	1121
16	1172
17	65
17	715
17	889
17	908
17	1024
18	1005
18	1322
19	466
19	604
19	835
19	1186
20	160
20	330
20	447
20	823
20	1232
21	73
21	97
21	569
21	1198
22	534
22	734
22	787
22	1144
23	525
23	1366
23	1449
24	1338
24	1353
25	126
25	315
25	781
25	887
25	1031
26	150
26	320
26	459
26	1047
27	125
27	374
27	397
27	795
27	853
27	957
28	483
28	696
28	757
28	1145
28	1247
28	1414
28	1446
29	60
29	149
29	219
29	310
29	404
29	683
30	52
30	54
30	561
30	676
30	707
30	709
30	1435
31	311
31	360
31	998
31	1036
32	859
32	994
32	998
32	1003
32	1089
32	1204
33	277
33	413
33	728
33	741
33	1131
33	1482
34	150
34	333
34	660
34	773
34	1060
34	1288
35	275
35	585
35	826
36	268
36	762
36	773
36	898
36	900
36	1213
36	1313
37	930
37	1475
37	1483
38	284
38	549
38	813
38	904
39	1173
39	1415
40	340
40	341
40	480
40	703
40	911
41	108
41	609
41	868
41	1090
41	1376
42	56
42	80
42	213
42	386
42	392
42	511
42	911
42	1421
43	198
43	1334
44	576
44	586
44	694
44	845
44	873
44	1157
44	1273
45	136
45	302
45	841
45	1034
46	124
46	630
46	1048
46	1293
47	113
47	820
47	963
48	75
48	451
48	506
48	1143
48	1333
49	110
49	243
49	501
49	723
49	765
49	1155
50	356
50	1005
51	400
51	1182
52	304
52	444
53	172
53	1007
53	1210
54	115
54	128
54	129
54	167
54	259
54	579
54	902
54	1176
54	1414
54	1433
54	1485
55	315
55	1289
56	837
56	1424
57	481
57	663
57	701
57	725
58	1133
59	993
60	96
60	326
60	669
61	83
61	1072
61	1438
62	418
62	582
62	597
62	821
62	1165
63	105
63	186
63	1139
63	1206
63	1327
64	231
64	400
64	550
64	566
64	1394
65	235
65	959
65	1280
66	206
66	514
66	762
66	1387
67	404
67	1068
67	1153
67	1197
67	1403
68	227
68	472
68	520
68	689
68	1380
69	359
69	1013
69	1347
69	1455
70	361
70	943
71	160
71	259
71	636
71	1140
71	1158
71	1328
71	1393
72	264
72	326
72	382
72	450
72	835
72	883
72	982
73	249
73	355
73	596
73	1266
73	1294
74	851
74	987
74	1246
74	1448
75	134
75	248
75	1466
76	121
76	238
76	323
76	865
76	937
76	944
77	201
77	256
78	821
78	1005
79	117
79	529
79	643
79	797
79	803
79	1417
80	258
80	781
80	984
80	1116
81	681
81	1187
81	1351
82	615
82	708
82	1022
83	140
83	864
83	1175
84	334
84	533
84	632
84	860
84	1144
85	1008
85	1053
85	1088
85	1334
86	211
86	832
86	1151
86	1313
86	1482
87	903
87	1004
87	1090
88	723
88	835
88	889
88	917
88	942
89	102
89	119
89	179
89	452
89	683
89	1074
89	1419
90	208
90	292
90	600
90	980
90	1071
90	1374
91	405
91	428
92	157
92	169
92	585
92	1103
92	1403
93	1377
94	1089
94	1251
95	460
95	799
95	1080
95	1419
96	137
96	310
96	526
96	838
97	429
97	1030
97	1339
98	361
98	631
98	931
98	999
98	1324
99	353
99	480
99	607
99	631
99	981
100	142
100	933
101	869
101	1273
102	245
102	649
102	1238
103	327
103	1063
104	612
104	1334
104	1383
104	1464
105	135
105	527
105	1163
105	1283
106	426
106	530
106	532
106	596
106	889
106	1048
106	1263
106	1316
107	369
107	575
107	844
107	919
107	1019
107	1183
107	1278
107	1458
108	1078
108	1148
108	1333
109	249
109	1429
109	1471
110	635
110	699
110	971
110	1011
110	1042
111	128
111	411
111	541
111	611
111	829
111	1159
111	1303
111	1484
112	323
112	613
112	860
112	936
113	692
113	813
113	886
113	1115
113	1233
113	1390
114	980
114	1261
115	1141
115	1488
116	169
116	1287
117	921
117	1081
117	1116
117	1254
118	159
118	267
118	473
118	632
118	855
118	884
118	1164
118	1412
118	1443
119	268
119	925
119	1277
119	1495
120	625
120	763
120	1142
120	1176
120	1249
121	873
121	970
122	241
122	540
124	619
124	818
124	1085
125	1187
125	1387
126	159
126	300
126	804
126	934
126	1239
126	1319
127	894
127	957
127	1214
127	1459
127	1494
128	742
128	1110
130	286
130	293
130	573
130	1340
131	632
131	730
131	999
131	1129
131	1455
132	201
132	265
132	445
132	757
132	810
132	979
132	990
133	373
133	1157
134	415
134	485
134	551
134	651
134	849
134	915
134	1086
135	378
136	490
136	569
136	643
136	775
137	228
137	984
137	1109
137	1125
137	1344
138	1244
139	176
139	633
139	1128
139	1311
140	300
140	334
140	878
140	1091
141	229
141	917
142	1107
143	744
144	1066
144	1202
144	1314
145	286
145	378
145	606
145	807
145	917
146	977
146	1139
146	1289
147	207
147	596
148	199
148	737
148	949
149	1105
149	1399
150	585
150	1424
151	648
151	1086
152	496
152	788
152	797
152	805
152	1034
152	1498
153	183
153	814
153	816
153	898
153	1352
154	606
154	902
154	1343
154	1456
154	1480
155	388
155	390
155	391
155	472
155	753
155	887
156	487
156	542
156	828
156	1238
157	399
157	628
157	631
157	789
157	882
157	1093
157	1358
158	278
158	443
158	451
158	622
158	926
158	1042
158	1400
159	277
159	368
160	354
160	559
160	1070
160	1489
161	391
161	525
161	700
161	1106
161	1248
162	738
162	764
162	848
163	416
163	737
163	1459
164	321
164	550
164	706
164	763
165	328
165	506
165	911
166	215
166	1040
166	1364
166	1438
167	260
167	403
167	664
167	671
167	1215
167	1315
167	1319
168	221
168	323
168	330
168	1208
168	1449
169	747
169	1045
169	1462
170	343
170	532
170	537
170	879
170	1457
171	304
172	233
172	277
172	399
172	1021
172	1062
173	185
173	337
173	1138
173	1351
174	887
174	1015
174	1385
175	609
175	653
175	754
176	1326
177	194
177	299
177	1008
178	595
178	750
178	786
178	805
178	867
178	1191
179	284
179	725
179	1160
179	1214
179	1332
179	1465
180	304
180	640
180	714
180	1179
181	975
182	839
182	1198
182	1281
183	638
184	269
184	1092
184	1112
184	1310
185	969
185	1034
185	1180
185	1471
186	211
186	429
186	706
187	737
187	922
187	1472
188	233
188	252
188	503
188	886
188	1179
188	1189
188	1466
189	840
190	453
190	767
190	968
190	1493
191	266
191	273
191	647
191	651
191	847
191	1333
192	1020
192	1160
192	1259
192	1466
193	494
193	1260
193	1263
193	1401
194	255
194	445
194	449
195	261
195	506
195	645
195	915
195	919
195	1111
195	1351
195	1494
196	198
196	607
197	830
197	860
197	1156
197	1191
197	1381
198	270
198	437
198	529
198	625
198	674
198	1122
198	1312
198	1461
199	1143
199	1305
200	323
200	455
200	1135
200	1270
201	385
201	1008
202	650
203	642
203	908
203	1050
204	716
204	1283
204	1354
205	600
205	616
205	748
205	1308
206	305
206	1153
207	385
207	1338
208	411
208	709
208	944
208	1124
208	1207
208	1238
209	573
209	657
209	1082
209	1434
210	301
210	782
211	455
211	526
211	1206
212	364
212	582
212	925
213	776
213	1001
214	521
214	1329
215	304
215	1226
215	1334
215	1405
216	516
216	668
216	869
216	1212
217	513
217	671
217	911
217	1485
218	499
218	1064
218	1161
218	1417
218	1493
219	1427
219	1437
219	1460
220	297
220	313
220	321
220	471
220	1336
221	885
221	1282
221	1372
222	898
222	1016
223	1378
223	1431
224	435
224	489
224	503
225	427
225	961
225	1187
225	1197
225	1415
225	1418
226	1023
226	1421
227	541
227	1469
228	247
228	439
228	1043
228	1211
228	1259
229	1016
230	1212
230	1279
231	749
231	802
232	478
232	817
232	1360
233	437
233	471
233	676
234	276
234	380
234	531
234	980
234	1331
234	1493
235	600
235	1102
236	349
236	655
236	663
236	1057
236	1093
237	318
237	1115
237	1224
237	1305
238	613
238	1163
238	1422
239	708
239	899
239	924
240	266
240	483
240	1293
242	383
242	568
242	697
242	1085
242	1256
242	1403
243	983
243	1395
243	1408
244	426
244	948
244	1116
244	1161
244	1187
245	1169
246	291
246	415
246	1187
246	1284
247	333
247	487
247	945
247	969
247	1011
247	1113
248	252
248	374
248	567
248	708
248	1071
248	1217
249	433
249	496
249	1191
250	638
250	672
250	688
250	1117
251	288
251	856
251	1365
252	500
252	1269
253	705
253	878
253	1322
253	1337
254	792
254	1354
254	1418
255	879
255	1098
255	1248
256	490
256	714
256	805
256	924
256	1141
256	1195
257	612
257	1418
258	1257
258	1303
259	701
259	1459
260	489
260	715
260	908
260	922
260	1068
260	1257
261	956
261	1021
261	1363
262	719
262	806
262	1129
263	394
263	730
263	759
263	1292
264	589
265	641
265	688
265	740
265	817
266	421
266	428
266	1052
267	288
267	380
267	618
267	1438
268	476
268	874
269	343
269	574
269	771
269	997
269	1017
269	1359
270	704
270	849
270	947
271	381
271	413
271	428
271	677
271	873
271	1259
271	1306
271	1417
272	852
272	1153
273	399
273	475
274	517
274	553
274	816
274	1456
275	460
275	477
275	960
276	588
276	1194
277	611
277	619
277	654
277	1350
277	1482
278	1043
278	1127
278	1445
279	344
279	437
279	581
279	984
279	1339
280	318
280	1291
281	333
281	400
281	530
282	472
282	971
282	1428
282	1440
283	319
283	522
283	1061
284	528
284	739
284	776
284	852
284	1317
285	331
285	736
285	773
285	1168
286	470
286	871
286	962
286	1020
286	1413
286	1455
287	1191
287	1491
288	320
288	477
288	597
288	639
288	1002
288	1168
288	1273
289	291
289	824
289	1389
290	599
290	1053
290	1215
290	1269
290	1290
290	1481
290	1492
291	437
291	573
291	1419
292	641
292	678
292	812
292	850
292	894
292	1474
293	1170
293	1353
294	502
294	611
294	710
294	1191
294	1218
295	303
295	636
295	942
295	1025
295	1135
295	1280
296	503
296	552
296	855
296	905
297	561
297	602
297	753
297	926
297	1245
297	1307
297	1425
298	1053
298	1177
299	308
299	748
299	1159
299	1475
300	699
300	758
301	549
301	604
302	798
303	537
303	690
303	905
305	323
306	750
306	985
306	1225
306	1497
307	562
307	845
307	919
308	492
308	794
308	810
308	821
308	869
310	393
310	588
310	662
310	676
310	833
310	1221
310	1421
311	346
311	1050
311	1342
312	476
312	1026
312	1137
312	1183
313	646
313	1027
313	1125
313	1157
313	1187
313	1202
314	338
314	573
314	1007
315	1010
315	1195
315	1252
316	1143
316	1185
316	1204
316	1214
316	1306
316	1451
317	649
317	755
317	1244
317	1301
318	483
319	857
320	580
320	1139
320	1193
320	1392
321	589
321	806
321	883
321	1351
322	333
322	636
322	641
322	1030
322	1443
323	583
323	1243
323	1455
324	549
324	687
324	744
324	822
325	616
326	330
326	445
326	793
327	494
327	1209
327	1332
327	1414
328	342
328	866
328	1329
328	1387
329	718
329	1105
329	1208
330	608
330	1152
331	473
331	1115
332	694
332	768
333	506
333	642
333	770
333	1036
333	1053
333	1170
333	1473
334	1327
335	517
335	895
336	462
336	1344
336	1347
337	569
337	662
338	441
338	918
338	1091
338	1283
338	1345
339	644
339	1018
339	1315
339	1335
340	658
341	981
341	1224
342	371
342	698
342	954
342	1067
342	1221
342	1385
343	1260
344	532
344	688
344	922
344	952
344	1306
344	1445
345	360
345	443
345	778
345	975
345	1064
345	1373
346	426
346	872
346	1029
346	1484
347	545
347	1009
348	355
348	821
348	939
348	1003
348	1046
348	1109
348	1179
349	640
349	809
350	707
350	882
350	917
350	1452
351	373
351	461
351	509
351	997
351	1135
351	1440
352	688
352	1065
353	489
353	645
353	761
353	1139
353	1378
353	1461
354	435
354	513
355	677
355	694
355	1028
355	1059
355	1225
355	1276
356	420
356	443
356	678
356	826
356	1142
356	1492
357	658
357	1355
358	449
358	846
358	1002
358	1053
359	770
359	921
359	1085
360	415
360	894
360	1272
361	379
361	728
361	844
361	1070
361	1107
361	1160
361	1228
361	1283
362	365
362	1499
363	1303
364	606
364	912
364	1019
364	1257
364	1412
365	527
365	876
365	1469
366	819
366	872
366	1158
366	1446
367	448
367	512
367	724
367	1428
368	546
368	1231
369	689
369	1014
370	745
370	1337
370	1432
371	461
371	547
371	1137
372	765
373	574
373	1199
373	1309
374	650
374	1260
374	1325
375	496
375	600
375	1252
376	626
377	465
377	873
378	914
379	452
379	736
379	759
379	953
379	989
380	781
380	922
380	1179
380	1201
380	1462
380	1493
381	675
381	808
381	966
381	975
381	1273
381	1483
383	481
383	797
384	701
385	980
385	1282
387	1178
388	1172
389	507
389	604
390	398
390	526
390	618
390	1108
391	886
391	1221
391	1425
392	483
392	741
393	597
393	1056
393	1437
393	1457
395	408
395	578
395	746
395	926
395	941
395	1425
395	1499
396	398
396	513
396	1162
396	1410
396	1496
397	469
397	756
397	800
397	815
397	984
397	1305
397	1486
398	532
398	604
398	856
398	932
398	1475
399	608
399	666
399	861
399	1288
401	471
401	875
402	850
402	856
402	890
402	891
403	1190
403	1405
404	1174
404	1251
405	932
405	950
405	1038
406	1278
406	1368
407	472
407	789
407	1093
407	1112
407	1465
408	636
408	1061
408	1176
408	1359
409	583
409	890
409	1014
409	1109
409	1355
410	484
410	584
410	1165
410	1468
411	464
411	485
411	691
411	1192
412	932
412	1069
412	1106
413	1362
414	1323
414	1400
415	994
415	1157
415	1458
416	669
416	878
417	1131
417	1447
418	885
418	1029
419	554
419	823
420	814
422	808
423	796
423	1075
424	440
424	1017
425	427
425	464
425	494
425	497
425	1174
425	1227
425	1236
425	1401
426	518
426	554
426	1020
426	1225
426	1246
426	1341
427	543
427	885
427	1061
427	1119
427	1284
428	606
428	1213
428	1316
428	1371
429	454
429	637
429	724
429	873
430	894
431	462
431	965
432	1084
432	1281
432	1293
432	1464
433	503
433	640
434	1383
434	1431
435	453
435	753
435	843
435	876
435	951
435	1075
435	1360
435	1409
435	1436
436	1429
437	503
437	818
437	1189
438	658
438	1332
438	1365
439	1332
440	456
440	713
440	1267
440	1348
441	791
442	535
442	1093
442	1110
442	1448
444	1303
444	1463
444	1468
445	642
445	1416
445	1480
446	748
446	787
446	884
447	448
447	786
447	1149
447	1295
448	627
448	770
448	1013
448	1360
449	701
449	1236
450	481
450	852
450	879
450	1079
450	1197
450	1198
451	1121
452	730
452	1250
453	694
453	1152
453	1355
454	1218
454	1346
455	684
455	892
455	1038
457	1139
457	1208
458	1011
459	602
459	870
459	1475
460	1306
460	1402
462	1072
462	1138
463	609
463	1157
463	1366
463	1372
463	1442
464	715
464	1019
465	466
465	914
465	1357
466	945
466	958
466	1468
467	1048
467	1093
467	1281
468	1281
469	1152
470	785
470	879
470	996
470	1375
470	1450
471	809
471	857
471	1218
472	1123
473	549
473	660
474	1396
475	804
475	1477
476	1008
476	1064
476	1255
476	1485
478	705
478	1074
478	1216
478	1378
479	683
479	716
479	823
480	718
480	970
481	543
481	922
481	932
481	952
482	984
482	1436
483	688
483	815
483	818
483	900
483	959
483	1272
483	1462
485	532
485	843
485	902
486	1465
488	901
489	573
489	603
489	1045
489	1078
489	1230
490	1198
490	1327
491	720
491	772
492	889
492	1013
493	709
494	982
495	1333
495	1392
496	768
496	791
496	942
496	986
496	1345
496	1396
496	1409
497	696
497	912
497	960
497	1257
497	1259
498	714
498	986
498	1140
498	1341
499	746
499	1132
499	1413
499	1498
500	1219
500	1241
500	1426
501	740
501	941
501	1051
502	656
502	810
502	873
502	997
502	1162
502	1225
502	1275
503	1247
503	1354
504	640
504	661
504	803
504	809
504	1377
505	923
505	1123
506	734
507	1138
508	1119
508	1258
509	636
509	800
509	1262
509	1478
510	675
510	709
510	714
510	1359
511	600
512	956
512	1012
512	1487
513	686
513	984
513	1087
514	667
514	1388
515	1231
515	1320
516	559
516	802
516	1127
516	1144
516	1317
516	1469
517	747
517	1060
518	1224
519	575
519	1016
520	639
520	1059
520	1375
520	1426
521	526
521	729
521	828
521	1215
521	1219
521	1311
521	1420
523	1278
523	1431
524	679
524	828
524	995
525	1282
527	608
527	719
527	1122
527	1128
527	1157
527	1462
528	683
528	798
528	1104
528	1478
529	820
529	1390
529	1485
530	749
530	834
530	917
530	1127
530	1165
530	1185
530	1242
530	1481
531	947
531	1345
532	708
532	1279
533	627
533	719
533	860
533	1281
534	850
534	1336
536	945
536	975
537	1262
538	997
539	717
539	761
539	1305
540	551
540	558
540	640
540	765
540	1042
540	1305
541	677
541	717
541	926
542	602
542	694
543	563
543	583
543	645
543	1057
544	554
544	559
544	838
544	1399
544	1431
545	725
545	1089
545	1492
546	765
546	828
546	1066
546	1427
547	723
547	969
547	1424
547	1427
548	655
548	1137
549	1176
551	671
551	837
553	1022
553	1163
553	1402
553	1428
554	1047
554	1335
555	937
555	1045
556	1313
557	712
557	724
557	1246
559	929
559	1183
559	1208
560	798
560	1032
561	611
561	1061
561	1428
561	1484
562	708
562	824
562	960
562	1303
563	585
563	886
564	1269
565	579
565	783
565	1132
565	1353
566	587
566	706
567	1034
568	701
568	861
568	881
570	937
570	1029
570	1166
570	1358
571	582
571	617
571	867
571	1226
571	1295
572	633
572	952
573	746
573	875
573	1134
573	1270
574	1108
574	1264
574	1390
575	842
575	896
575	925
575	1330
575	1493
576	1245
576	1285
577	610
577	1220
577	1463
578	1152
578	1288
578	1376
579	846
579	871
579	1153
580	854
580	1082
580	1141
581	792
581	1110
581	1210
582	605
583	708
583	904
584	825
585	1145
586	713
586	731
587	725
587	832
587	1202
588	1178
588	1283
589	1341
590	1493
591	906
591	978
591	1049
591	1145
591	1224
592	1112
593	1257
593	1338
594	1376
595	1499
596	705
596	831
596	1329
597	718
597	768
598	822
599	731
599	1488
600	1352
600	1484
601	701
601	704
603	627
603	1011
604	1081
604	1406
604	1417
605	1028
606	799
606	876
607	1133
608	775
608	936
608	1437
609	614
609	838
609	1077
609	1153
609	1465
610	1002
611	629
611	753
611	896
611	1302
611	1396
612	650
612	654
612	760
612	907
612	1075
612	1130
613	1062
613	1267
613	1310
614	797
614	1145
614	1240
614	1429
614	1439
614	1440
615	822
615	916
615	1224
616	759
616	802
616	878
617	680
618	1092
618	1112
618	1188
619	712
619	1090
620	671
620	1411
621	623
621	800
622	1262
622	1347
623	1047
624	970
624	1168
625	952
625	955
625	974
626	971
626	1170
626	1315
627	645
627	676
627	896
627	925
627	1109
627	1158
627	1258
628	1322
629	670
629	913
629	991
629	1122
629	1265
631	784
631	853
631	1071
631	1110
631	1378
632	844
632	1495
633	687
633	1306
634	1180
634	1310
635	858
635	905
635	1050
635	1108
636	1369
636	1492
637	700
637	1306
637	1483
638	1070
638	1352
638	1397
639	772
639	876
639	1460
640	923
640	995
640	1141
640	1304
640	1376
640	1476
641	826
641	1077
641	1397
641	1402
642	725
643	1063
643	1376
644	719
644	1311
645	963
645	1272
645	1380
646	947
646	1391
647	669
648	798
648	851
648	876
648	931
648	1136
649	723
650	661
650	1188
651	708
651	1434
652	696
652	1062
652	1157
653	1158
653	1432
654	1285
656	1148
656	1179
656	1449
657	693
657	1240
658	1033
658	1223
658	1303
659	702
659	1044
659	1144
659	1390
660	840
661	704
661	758
661	859
661	899
661	907
661	1038
661	1185
661	1218
661	1475
662	1274
663	1116
664	677
664	774
664	1165
665	1479
666	667
666	741
666	1094
666	1165
667	716
667	957
668	695
668	927
668	1205
669	752
669	1386
670	709
670	747
670	782
670	912
670	1127
670	1167
670	1277
671	896
671	1349
672	810
672	879
672	1315
672	1416
673	1112
674	688
675	706
675	1093
676	1176
676	1192
676	1452
677	894
677	1021
677	1042
677	1064
678	1053
679	1111
680	725
681	867
681	1253
681	1274
682	770
682	1225
682	1282
683	1436
684	1059
685	772
685	1464
686	976
687	891
688	696
688	1164
690	726
690	1180
691	1180
693	884
693	1208
693	1406
694	781
694	1002
694	1120
694	1368
695	715
695	804
695	1379
696	1320
697	1138
698	939
698	1189
698	1282
699	1357
700	738
700	1276
701	718
701	763
701	1168
702	862
703	1002
704	785
704	944
704	1181
704	1222
705	941
705	942
705	1142
705	1165
705	1364
705	1479
706	913
706	1357
706	1480
707	1179
708	740
708	768
708	802
709	730
709	770
709	1027
710	871
710	899
710	1026
710	1135
710	1204
711	812
711	1353
711	1411
712	746
712	1234
713	872
714	741
714	968
716	1005
716	1140
716	1218
716	1338
718	818
718	854
718	1147
718	1447
719	1179
719	1370
720	789
720	1041
720	1066
720	1115
720	1214
720	1490
721	784
721	1110
721	1350
722	919
722	1408
722	1475
723	916
723	1366
723	1379
724	756
724	1054
724	1356
725	882
726	1175
727	798
727	925
727	1019
728	920
728	928
728	1084
729	1197
729	1314
730	747
731	1253
731	1359
732	880
732	1140
732	1285
732	1436
733	797
733	1495
734	819
734	905
735	1253
735	1281
736	887
736	1035
737	1189
737	1209
737	1291
738	792
738	806
738	898
738	1158
739	1266
739	1349
739	1443
740	1092
740	1103
740	1154
741	771
741	892
741	1097
742	816
742	1406
743	1302
744	911
745	988
745	1191
745	1436
746	951
746	1185
746	1424
747	960
747	1430
748	930
748	1096
748	1376
748	1424
749	1348
750	845
750	902
750	1055
750	1268
751	815
751	1328
752	922
752	1172
752	1217
752	1366
753	1452
755	796
755	1179
755	1342
757	1126
757	1196
757	1215
757	1409
758	1243
759	1155
759	1340
759	1448
759	1450
759	1456
760	1067
761	1290
762	1007
762	1374
763	952
763	1339
764	779
764	895
764	1298
765	993
766	798
767	923
767	1267
767	1443
768	1001
769	846
769	1285
769	1410
770	1147
770	1484
771	892
771	1279
772	830
772	1378
772	1408
773	875
773	1087
774	1005
774	1010
774	1071
774	1362
774	1364
775	823
775	1094
775	1301
776	1112
776	1264
776	1360
777	826
777	890
777	951
777	1218
778	1032
778	1115
779	927
779	1142
780	901
780	1077
780	1315
781	796
781	907
781	958
781	1424
782	841
782	1136
783	1131
784	995
784	1234
784	1423
784	1482
786	1304
787	1318
790	1100
791	882
791	1003
792	888
794	1131
794	1265
794	1376
795	1037
795	1038
795	1490
796	1239
799	1239
799	1488
800	982
801	1221
803	1219
804	1004
804	1480
805	989
805	1228
806	854
806	1179
806	1182
806	1471
807	1129
807	1408
810	1150
811	836
811	1237
812	1147
812	1210
813	1122
814	849
814	1292
815	1012
815	1196
816	1102
816	1244
817	861
817	1293
817	1462
818	935
818	1363
819	1079
819	1373
819	1477
821	1077
821	1197
821	1300
821	1423
822	1179
823	879
823	936
824	872
824	880
824	1104
824	1148
824	1249
825	1063
825	1124
825	1336
826	869
826	893
826	1095
827	1039
830	1013
830	1036
830	1407
831	1085
831	1446
832	1484
833	1184
834	890
834	1098
834	1392
835	1164
836	1035
837	1292
837	1395
838	894
839	1206
839	1412
841	922
841	1036
841	1058
841	1077
841	1316
841	1467
842	1152
842	1397
843	1407
844	961
844	1349
845	947
846	980
846	1172
847	1186
848	1151
848	1184
849	1471
850	1463
851	920
852	951
852	1171
852	1274
853	1197
854	939
855	1047
856	1058
856	1486
857	1402
858	1209
859	908
859	1009
859	1064
860	865
860	1050
860	1232
860	1244
860	1282
861	1300
862	1288
862	1390
863	1355
864	1168
864	1349
865	995
865	1459
866	996
866	1437
867	1140
868	1241
868	1323
869	1003
869	1260
869	1396
871	1106
871	1117
871	1127
871	1324
872	1015
872	1240
873	1014
874	958
874	964
874	1341
875	1019
875	1319
875	1377
875	1471
875	1478
876	893
876	1390
877	1320
877	1431
878	1120
879	1114
879	1237
879	1326
880	1485
881	1379
882	932
882	988
882	1136
883	1409
884	1350
885	1251
885	1252
886	1023
888	1317
888	1411
889	1404
891	1328
892	1443
893	1172
894	977
894	1213
895	992
895	1030
895	1065
895	1197
896	1219
896	1488
897	1133
898	1193
898	1265
900	1171
900	1215
900	1446
902	1223
902	1454
903	925
903	1116
905	1227
907	1460
908	1005
908	1178
908	1205
909	1092
910	1084
910	1170
910	1389
910	1463
912	1162
913	1403
916	1328
919	1152
920	1004
920	1058
920	1149
920	1162
920	1198
920	1323
922	1144
922	1155
922	1399
923	930
923	940
923	976
923	1017
923	1086
923	1134
924	1357
924	1369
926	1391
928	1222
928	1225
928	1302
928	1363
929	946
930	1212
931	962
931	1012
931	1088
931	1375
931	1483
932	1227
932	1249
933	1124
933	1170
935	962
935	989
937	1021
937	1351
937	1409
938	1089
938	1136
938	1296
939	995
941	1192
942	1005
942	1244
942	1462
944	1160
944	1299
944	1467
945	1044
945	1358
947	972
947	1007
947	1263
948	1329
948	1349
949	1094
950	1353
951	1068
951	1416
952	1057
952	1094
952	1160
952	1304
952	1485
953	1225
953	1444
956	1090
956	1452
956	1478
957	1152
957	1402
958	1411
959	1060
960	975
962	1251
963	994
963	1123
964	1289
964	1333
965	981
965	1033
965	1266
965	1323
965	1324
965	1498
966	1360
966	1491
967	1022
967	1147
967	1374
968	1183
968	1321
969	1010
970	977
971	1006
971	1066
972	1109
972	1206
972	1212
973	1098
973	1153
973	1339
973	1461
974	1497
975	1419
976	1109
976	1205
977	1312
977	1480
978	1098
978	1375
979	989
979	1124
979	1221
979	1449
980	1078
980	1150
981	1039
981	1086
982	1141
982	1327
983	1267
984	1490
986	1022
987	1113
990	1095
990	1434
991	1204
992	1007
992	1327
993	1037
993	1464
994	1086
994	1097
996	1150
996	1250
998	1135
998	1326
998	1448
999	1423
1000	1267
1000	1402
1000	1457
1001	1107
1001	1369
1003	1045
1003	1078
1003	1340
1006	1013
1006	1083
1006	1238
1006	1330
1007	1472
1009	1129
1009	1345
1009	1380
1011	1297
1012	1447
1013	1413
1014	1069
1014	1471
1015	1492
1016	1110
1017	1187
1018	1051
1018	1432
1019	1121
1019	1208
1019	1454
1020	1420
1021	1424
1030	1089
1030	1419
1030	1470
1031	1166
1032	1105
1032	1224
1033	1084
1034	1287
1035	1074
1037	1059
1037	1107
1037	1435
1038	1399
1038	1424
1039	1070
1039	1117
1039	1166
1039	1194
1040	1126
1040	1404
1043	1111
1043	1301
1044	1372
1044	1409
1045	1170
1045	1191
1046	1346
1047	1075
1048	1119
1050	1287
1052	1341
1053	1417
1056	1355
1058	1098
1058	1102
1059	1075
1059	1371
1062	1117
1062	1403
1063	1264
1064	1162
1065	1200
1065	1213
1067	1073
1067	1190
1068	1112
1068	1202
1068	1272
1068	1390
1070	1187
1070	1282
1070	1323
1071	1357
1071	1442
1072	1126
1072	1262
1072	1391
1073	1423
1074	1271
1074	1482
1075	1356
1076	1119
1079	1126
1081	1287
1082	1108
1082	1457
1083	1371
1083	1405
1084	1088
1085	1262
1087	1302
1090	1187
1090	1402
1093	1196
1094	1318
1094	1405
1095	1253
1095	1457
1097	1276
1098	1273
1099	1189
1099	1343
1100	1451
1101	1486
1102	1218
1102	1498
1103	1140
1103	1228
1104	1221
1104	1416
1105	1118
1105	1379
1105	1390
1107	1129
1107	1148
1110	1270
1111	1321
1115	1302
1115	1338
1116	1180
1116	1298
1116	1436
1117	1190
1117	1348
1117	1447
1119	1311
1119	1462
1121	1206
1121	1319
1122	1459
1123	1456
1124	1233
1124	1316
1127	1438
1128	1286
1128	1377
1129	1132
1129	1196
1129	1261
1129	1308
1129	1405
1129	1426
1132	1259
1138	1287
1139	1317
1141	1197
1141	1235
1141	1477
1143	1194
1143	1382
1143	1457
1144	1294
1145	1198
1146	1177
1147	1386
1148	1415
1149	1300
1149	1434
1149	1472
1150	1239
1152	1299
1153	1379
1153	1392
1154	1176
1155	1343
1156	1474
1157	1230
1158	1354
1159	1238
1160	1179
1160	1191
1161	1228
1162	1218
1164	1218
1164	1354
1166	1281
1167	1272
1168	1213
1168	1472
1168	1495
1170	1204
1170	1413
1171	1324
1173	1298
1173	1335
1173	1482
1174	1361
1174	1464
1175	1375
1176	1375
1177	1235
1178	1369
1179	1287
1180	1205
1180	1222
1183	1342
1183	1374
1183	1397
1184	1400
1185	1429
1186	1308
1187	1251
1187	1346
1191	1440
1192	1279
1192	1396
1196	1234
1196	1339
1198	1205
1201	1275
1201	1399
1203	1241
1203	1396
1204	1308
1204	1352
1205	1386
1205	1488
1206	1402
1207	1413
1209	1330
1210	1331
1211	1473
1213	1380
1214	1400
1215	1417
1215	1453
1217	1410
1217	1428
1221	1367
1222	1234
1223	1240
1224	1448
1226	1329
1229	1249
1230	1263
1230	1360
1231	1407
1233	1267
1233	1369
1233	1445
1235	1476
1237	1287
1239	1247
1241	1470
1252	1257
1252	1426
1253	1259
1255	1498
1256	1325
1256	1450
1256	1483
1259	1401
1261	1316
1261	1452
1261	1483
1264	1327
1265	1320
1266	1458
1269	1308
1270	1394
1270	1400
1273	1407
1273	1488
1275	1342
1278	1448
1280	1476
1285	1410
1287	1462
1288	1454
1290	1314
1294	1405
1294	1437
1295	1320
1297	1405
1298	1320
1299	1314
1299	1390
1300	1341
1302	1487
1304	1367
1304	1384
1305	1436
1308	1441
1308	1467
1309	1396
1310	1418
1312	1477
1316	1483
1317	1409
1318	1494
1319	1329
1320	1324
1322	1477
1328	1471
1329	1366
1330	1376
1332	1444
1335	1339
1336	1353
1336	1448
1336	1456
1338	1401
1343	1371
1350	1375
1350	1385
1350	1393
1351	1453
1351	1473
1352	1432
1353	1461
1355	1439
1368	1477
1375	1387
1375	1400
1378	1416
1381	1456
1385	1391
1387	1453
1389	1457
1393	1460
1398	1430
1417	1461
1420	1432
1437	1493
1440	1485
1460	1475
1481	1497
1488	1494
1492	1496