0	39
0	535
0	1336
1	248
1	811
1	1176
2	68
2	154
2	187
2	582
2	1067
3	348
3	407
3	715
4	146
4	253
4	732
4	1014
4	1462
5	24
5	568
5	727
5	915
5	1145
5	1171
5	1404
5	1416
5	1472
6	228
6	532
6	1187
6	1209
6	1225
7	179
7	572
7	903
8	656
8	687
8	810
8	818
8	841
8	1155
8	1469
9	174
9	293
9	627
10	510
10	631
10	784
10	1171
11	19
11	673
11	858
11	1033
12	335
12	610
12	1448
13	511
13	1019
14	664
14	668
14	722
14	993
14	1004
14	1011
15	1074
16	116
16	182
16	506
16	736
16	1226
17	592
17	652
17	1172
17	1329
18	560
18	1036
19	467
19	845
19	1336
19	1342
20	189
20	208
20	834
20	1006
21	809
22	133
22	1114
22	1121
22	1364
22	1415
23	690
23	1024
23	1073
23	1337
24	51
24	306
24	307
24	345
25	47
25	521
25	605
25	856
26	38
26	770
26	834
26	1145
26	1297
27	1379
28	136
28	521
28	703
29	90
29	1037
29	1131
30	42
30	259
30	493
30	516
30	560
30	798
30	885
31	99
31	395
32	443
32	477
32	1183
33	327
33	988
33	1232
33	1275
34	76
34	133
34	977
35	133
35	1107
35	1470
36	921
36	940
36	946
36	1401
37	133
37	406
37	862
38	994
39	647
39	698
39	866
39	881
40	156
40	278
40	530
40	605
40	672
40	1066
40	1175
40	1342
41	278
41	1192
42	50
42	566
42	1053
42	1422
43	96
43	966
43	1331
43	1456
44	121
44	764
44	1354
45	669
45	719
45	1086
45	1298
45	1452
45	1487
46	90
46	753
46	1287
47	1098
48	536
48	869
48	1133
49	238
49	869
49	1214
49	1469
50	1315
51	154
51	775
52	219
52	1239
53	550
53	569
53	823
53	1043
54	201
54	335
54	547
55	164
55	233
55	608
55	798
55	922
56	116
56	852
56	1082
56	1315
56	1364
57	968
58	571
58	1375
59	286
59	296
59	369
59	619
59	1366
60	844
61	126
61	670
61	835
61	895
61	930
61	1183
61	1486
62	356
62	775
62	1458
63	521
63	691
63	988
63	1057
63	1324
64	282
64	338
65	875
65	1097
65	1131
65	1437
66	646
66	1150
67	163
67	656
67	861
67	1206
67	1207
68	557
69	119
69	555
69	593
69	879
69	1132
69	1478
70	1148
71	595
71	839
71	1034
71	1230
71	1447
71	1448
72	109
72	437
72	758
73	1322
73	1429
74	634
75	344
75	443
75	1032
75	1113
76	133
76	341
76	360
76	973
77	279
77	372
77	845
77	1113
78	666
78	966
78	1100
78	1259
79	1461
80	271
80	557
80	1174
80	1225
80	1286
81	192
81	526
81	1375
82	186
82	606
82	757
83	390
83	544
83	1072
83	1114
83	1215
83	1254
84	731
84	1297
84	1384
85	241
85	580
85	827
86	148
86	1090
86	1168
86	1355
87	210
87	292
87	457
87	734
87	1177
87	1442
88	268
88	651
88	739
88	812
88	1455
89	295
89	360
89	597
89	699
89	1160
89	1168
90	331
90	1433
91	174
91	394
91	886
91	1196
92	749
93	99
93	254
93	1034
94	419
94	1053
95	712
95	1032
95	1220
95	1272
96	215
96	1027
96	1240
96	1242
97	109
97	146
97	239
97	453
97	454
97	580
97	723
97	742
97	746
98	460
98	602
99	161
99	317
99	454
99	1106
99	1461
99	1468
100	154
100	1324
100	1372
101	389
101	581
101	949
101	1167
101	1328
102	291
102	705
102	1329
103	351
103	416
103	463
103	797
103	1169
104	175
104	595
105	480
105	1196
105	1258
105	1332
106	345
106	360
106	401
106	808
107	233
107	441
107	905
107	1240
108	386
108	557
108	855
108	1070
108	1263
109	179
109	295
110	563
110	780
110	806
110	1008
110	1464
111	160
111	660
111	681
111	835
111	1331
112	281
112	531
112	558
112	852
112	997
112	1330
113	197
113	402
114	177
114	493
114	570
114	729
114	1238
115	533
115	1237
115	1409
116	517
116	1162
117	740
117	1024
117	1399
117	1433
118	1308
118	1399
119	123
119	239
119	1010
119	1101
120	323
120	1150
120	1364
120	1408
121	259
121	673
121	764
121	936
121	1093
121	1248
122	209
122	726
122	1108
123	294
123	1161
123	1165
123	1345
123	1364
124	151
124	733
124	821
124	912
125	471
125	699
125	910
125	1411
126	336
126	427
126	499
126	1050
126	1277
126	1323
127	1143
128	894
128	1335
129	221
129	603
130	651
130	908
130	1033
131	523
131	748
131	758
132	390
132	573
132	915
132	1455
132	1499
133	888
133	973
134	709
134	777
134	824
134	857
134	1292
134	1387
135	248
136	383
136	469
136	660
136	906
136	1336
137	243
137	759
137	918
137	1019
137	1251
138	211
138	356
138	610
138	1015
138	1070
138	1392
139	1141
140	158
140	344
140	583
140	858
140	1076
141	424
141	944
141	1283
142	338
142	476
142	694
142	721
142	828
142	909
142	1216
143	262
143	270
143	922
143	1001
144	199
144	463
144	829
145	397
145	724
145	943
145	1099
145	1210
145	1370
145	1396
146	666
146	994
146	1161
147	729
148	162
148	459
148	1184
148	1274
148	1316
149	572
149	809
149	825
149	837
149	1090
149	1175
150	306
150	712
150	1048
150	1456
151	296
151	950
151	1003
152	947
153	452
153	1309
153	1376
154	1242
154	1496
155	679
155	828
156	317
156	367
156	1105
156	1432
157	837
157	869
157	983
157	1256
157	1418
157	1436
157	1498
158	329
159	644
159	768
159	835
160	298
160	491
160	722
160	940
160	984
160	1150
160	1327
160	1418
161	232
161	301
161	442
161	477
161	545
161	613
161	1069
162	390
162	506
162	544
162	837
162	981
162	1346
162	1374
162	1433
162	1435
163	256
163	1080
164	411
164	678
164	783
164	893
165	284
165	477
165	975
165	1191
165	1218
166	264
166	303
167	171
167	342
167	597
167	759
167	931
167	1056
167	1067
167	1228
168	250
168	603
168	973
168	990
168	997
168	1305
168	1404
168	1436
169	541
169	648
169	704
169	885
169	956
170	555
170	724
170	1197
170	1234
171	543
171	1465
172	1484
173	183
173	597
173	977
173	1010
173	1019
174	734
174	1055
174	1184
174	1214
174	1472
175	354
175	460
175	854
175	1289
175	1345
176	342
176	782
176	886
176	892
176	927
176	1366
177	234
177	402
177	669
177	791
177	924
177	1157
177	1491
178	363
178	484
178	670
178	1214
178	1467
179	612
179	684
180	430
180	485
180	659
180	1373
180	1425
181	314
181	900
181	1254
182	296
182	1329
182	1331
183	866
183	1001
183	1282
184	792
184	963
184	1175
185	216
185	1429
186	279
186	360
186	755
186	877
186	1288
187	625
187	878
187	951
187	1039
188	477
188	1055
188	1171
189	919
189	1023
189	1044
189	1100
190	642
190	656
190	1007
190	1136
191	274
191	360
191	566
191	919
192	408
192	477
192	660
192	735
192	1009
192	1116
193	575
193	1113
193	1399
194	281
194	742
194	897
194	1006
194	1131
194	1443
195	308
195	885
196	473
197	1137
197	1280
197	1341
198	512
198	609
198	950
198	1000
198	1067
198	1112
198	1393
199	316
199	657
200	314
200	367
200	509
200	1234
201	686
201	750
201	949
201	1371
202	205
202	589
202	746
202	1100
203	1347
204	1214
204	1440
205	406
205	775
205	878
205	1242
205	1255
206	425
206	623
206	1339
207	491
208	356
209	420
209	444
209	736
210	430
210	848
210	1177
211	328
211	901
211	938
211	1124
211	1138
211	1259
212	242
212	483
212	1029
213	1009
213	1237
214	992
214	1179
214	1435
215	449
215	652
215	663
215	867
215	934
215	1100
216	534
216	1374
216	1434
217	1043
218	1487
219	258
219	474
219	752
219	1023
219	1061
220	372
220	706
220	967
220	1362
221	400
221	484
221	712
221	764
221	1136
221	1398
222	326
222	632
222	659
222	902
222	1022
223	299
223	672
223	722
224	230
224	566
224	750
225	824
225	1109
225	1191
225	1420
226	429
226	1345
227	384
227	601
227	759
227	1389
228	1426
228	1455
229	652
229	823
229	970
229	1060
229	1074
229	1236
229	1359
229	1477
230	276
230	803
230	808
230	841
231	1280
232	641
232	897
232	1495
233	269
233	924
233	1347
233	1377
234	312
234	895
234	1421
235	849
235	994
235	1101
236	309
236	580
236	741
236	971
236	1164
236	1249
236	1390
236	1475
237	985
237	1047
237	1060
238	971
239	620
240	409
240	881
240	1146
241	370
241	827
241	1075
242	664
242	739
243	1226
244	803
244	924
244	969
244	1103
244	1442
245	711
245	1439
246	831
246	981
247	660
247	1156
248	1387
249	415
249	533
249	564
249	732
250	406
250	933
250	1053
250	1401
251	425
251	667
251	1205
251	1405
252	694
252	1364
253	560
253	1193
253	1292
254	1318
255	842
255	1047
257	1079
258	266
258	1327
258	1464
259	386
259	608
260	313
260	509
260	559
260	582
260	821
261	614
262	592
262	709
263	312
263	316
263	328
263	1425
264	295
264	355
264	502
264	583
264	643
264	873
264	879
264	944
264	1297
264	1302
264	1320
265	532
265	656
265	726
265	1030
265	1327
266	897
266	1152
266	1387
267	341
267	603
267	704
268	1430
269	556
269	825
269	963
269	964
269	1028
269	1162
269	1333
270	809
271	371
271	496
271	607
271	760
271	1110
271	1115
271	1387
271	1458
272	311
273	413
273	435
273	577
274	541
274	710
274	1288
275	374
275	658
275	1017
275	1464
277	390
277	1127
278	741
278	811
278	1240
278	1345
279	384
279	562
279	770
279	825
279	1107
279	1288
279	1366
279	1397
280	449
280	468
280	830
280	1012
280	1055
280	1316
280	1438
281	357
281	725
281	928
281	1166
281	1295
281	1361
281	1457
282	320
283	863
283	1075
284	556
284	575
284	677
284	945
284	1178
284	1264
284	1365
285	1246
285	1416
286	338
286	796
286	1200
286	1434
287	990
288	961
288	1311
288	1334
288	1346
288	1357
289	642
289	835
289	980
290	725
290	841
290	1100
290	1279
291	349
291	455
291	715
291	1118
291	1488
292	398
292	1214
294	1138
294	1243
295	376
295	660
295	1117
295	1127
295	1390
296	476
296	811
296	1122
296	1153
297	336
297	367
297	493
297	819
298	318
298	700
298	718
298	779
298	1015
298	1255
298	1293
298	1295
299	338
299	396
299	805
299	890
299	1168
300	781
300	836
301	326
301	963
301	1330
301	1375
301	1411
302	563
303	486
303	603
303	1190
303	1458
304	307
304	428
304	999
305	503
305	555
306	459
306	757
306	811
306	1011
307	1194
307	1362
308	511
308	642
308	1271
308	1339
309	418
309	456
309	532
309	763
309	1058
309	1393
310	641
310	672
311	559
311	738
311	748
311	768
311	1210
311	1228
312	465
312	478
312	531
312	801
312	846
312	1243
313	721
313	911
313	944
314	1172
314	1247
314	1315
315	1090
315	1337
315	1467
316	740
316	1306
316	1313
316	1325
317	319
317	800
317	864
318	408
318	621
318	692
318	735
318	815
319	812
320	546
320	1160
320	1230
320	1409
321	330
321	372
321	775
321	1112
322	329
322	504
322	636
322	669
322	923
323	733
323	811
323	1150
323	1357
324	1086
325	863
326	331
326	492
326	848
326	1350
327	777
327	781
327	840
328	386
328	658
328	921
329	526
329	724
330	600
330	721
330	775
330	1023
330	1289
331	719
331	1018
331	1407
331	1467
332	764
333	579
334	492
334	1229
334	1241
335	1294
335	1444
336	867
336	935
337	367
337	638
337	867
337	965
337	1100
338	649
338	1189
338	1335
338	1471
339	448
339	641
339	790
339	1221
340	760
340	794
340	882
340	984
341	606
341	1049
341	1392
341	1401
342	590
342	617
342	752
342	1266
343	701
343	1024
343	1103
343	1205
344	530
344	583
344	1199
344	1220
344	1222
345	764
345	980
346	375
346	1162
346	1243
347	714
347	1013
348	399
348	469
348	1042
349	699
349	1020
350	558
350	1472
351	675
351	921
351	1034
351	1383
352	471
352	531
352	615
352	1016
352	1064
352	1372
353	532
353	827
353	1483
354	376
354	636
354	834
354	868
354	995
355	953
355	1405
356	663
357	684
357	695
357	740
357	1038
358	1490
359	412
359	967
359	969
359	1065
359	1079
360	502
361	836
361	852
361	955
361	1148
361	1172
362	953
362	1212
362	1270
362	1296
363	488
363	712
363	717
363	1392
364	662
364	812
364	1224
365	520
365	972
366	446
366	624
366	1019
366	1354
367	637
367	731
367	909
368	681
369	381
369	584
369	806
369	843
369	1431
369	1433
370	413
370	432
370	480
370	919
370	964
370	1124
370	1224
371	446
371	571
372	721
372	1001
372	1341
372	1495
373	1203
374	653
374	729
374	971
375	424
375	668
375	1356
376	734
376	785
377	428
377	858
377	1107
377	1466
378	427
378	1083
378	1240
378	1354
379	645
379	781
379	830
379	966
380	745
380	1057
381	1337
382	787
382	986
383	964
384	440
384	1101
384	1426
385	988
386	431
386	550
386	868
387	704
387	1112
388	1342
389	476
389	824
390	1009
391	517
391	655
392	927
392	955
392	1485
393	606
393	880
393	924
394	501
394	711
395	505
395	738
395	953
395	1208
396	718
396	1192
396	1250
396	1326
397	1008
397	1462
398	483
398	792
398	896
398	1337
400	502
400	623
400	930
401	773
401	1186
403	540
403	675
403	1424
404	457
404	864
404	1097
404	1135
405	543
405	632
405	746
406	422
406	994
406	1094
406	1176
406	1401
407	1381
408	794
410	793
411	1140
411	1352
412	562
412	608
412	635
412	679
412	800
412	829
412	950
412	1008
412	1041
412	1227
413	886
413	1291
413	1336
414	512
414	535
414	555
414	886
414	968
414	994
414	1054
414	1077
415	615
415	666
415	1065
416	489
416	582
416	818
416	898
416	950
416	1021
417	829
417	1435
418	1050
419	802
419	1076
420	690
420	890
420	1338
421	860
422	552
422	699
422	835
423	497
423	510
424	851
424	877
425	485
425	656
425	882
425	1285
426	1318
427	575
427	976
428	1020
428	1221
430	495
430	853
430	1152
430	1265
431	943
431	1177
432	523
433	525
433	786
433	1171
434	647
434	1034
434	1169
434	1296
434	1356
435	581
435	893
435	1092
436	1312
437	573
437	931
437	1104
437	1137
437	1260
437	1442
438	987
439	555
441	488
441	861
441	1293
442	1287
443	1077
443	1269
443	1324
444	557
444	926
444	999
445	668
445	898
445	920
446	535
446	1163
446	1200
447	551
447	752
447	1342
447	1430
448	1019
449	668
449	759
450	451
450	902
450	1354
451	637
451	1257
451	1452
452	564
452	597
452	830
452	1285
453	1482
454	637
454	871
454	1313
454	1323
455	606
455	710
455	848
455	890
455	1389
455	1469
456	1031
456	1181
457	479
457	683
457	867
457	872
457	1066
457	1398
458	502
458	652
458	769
458	1224
459	1035
459	1079
459	1354
460	540
460	891
460	1106
461	481
461	506
461	1082
462	584
462	747
462	758
463	632
463	1017
463	1096
463	1298
463	1402
464	721
464	724
464	837
465	548
465	953
465	1497
466	1434
467	528
468	533
468	1225
469	538
469	1245
469	1455
470	602
470	667
470	1332
470	1368
470	1449
471	553
471	800
471	1070
471	1161
472	1030
472	1050
473	509
473	983
473	1048
473	1078
473	1250
473	1465
474	628
475	1387
476	608
476	1089
476	1256
476	1314
476	1324
477	590
477	780
477	1287
478	536
478	1043
478	1177
478	1194
479	1071
479	1135
480	1357
480	1447
481	1234
482	545
482	777
482	929
482	1013
482	1075
482	1119
482	1264
483	564
483	629
483	1013
483	1065
483	1341
484	652
484	1268
484	1499
485	739
485	935
485	942
485	1293
486	491
487	1147
487	1150
488	610
488	1499
489	542
489	617
489	944
489	1096
489	1475
490	527
490	647
490	841
490	1019
490	1096
490	1342
491	1181
492	534
492	1270
492	1314
492	1383
492	1499
493	551
494	1387
495	758
495	1016
495	1128
495	1229
498	564
498	702
498	1022
498	1375
499	974
499	1318
499	1438
500	756
500	849
500	909
500	1489
501	709
501	786
501	899
502	549
502	920
502	1223
502	1419
503	642
503	932
503	1204
504	1044
505	853
505	964
506	550
506	1409
507	576
507	672
507	714
508	922
508	994
508	1124
508	1432
509	868
509	1049
509	1400
510	825
510	897
510	1123
510	1152
511	1438
511	1453
512	599
512	917
512	973
512	1000
512	1308
513	799
513	913
513	1108
513	1159
513	1229
514	1192
514	1276
515	782
515	821
515	901
515	1191
515	1390
516	743
516	999
516	1140
517	562
517	1178
518	589
518	594
518	806
519	904
520	1119
520	1274
520	1322
521	921
522	537
522	1026
522	1229
522	1477
523	1159
523	1393
523	1422
524	609
524	1064
524	1280
525	800
525	1093
525	1205
525	1384
527	603
528	700
528	1046
528	1321
528	1452
529	843
529	875
529	1013
531	685
531	1249
531	1451
532	744
533	678
533	1319
534	940
535	1103
535	1167
536	627
536	1418
536	1421
537	1018
538	618
538	1191
539	1373
540	1146
541	612
541	716
541	1480
542	943
542	1366
543	802
543	1316
544	566
544	687
544	753
544	1032
545	1170
545	1288
546	793
546	984
546	1450
547	714
547	724
547	922
547	1107
547	1226
547	1289
548	614
548	1430
549	1042
549	1424
550	770
550	1142
550	1305
551	1088
551	1340
552	606
552	1039
552	1402
553	1228
554	727
554	1001
554	1129
554	1309
555	791
555	873
555	881
555	1110
555	1347
555	1374
556	756
556	805
556	843
556	993
556	1255
557	1479
558	647
558	1013
559	597
559	1009
560	1303
560	1462
561	663
562	816
562	1449
563	707
563	1179
563	1183
564	712
564	1280
565	991
567	643
567	797
568	731
568	1105
568	1481
569	950
569	1127
570	682
570	762
570	1180
570	1351
572	1016
572	1409
574	1193
574	1482
575	1327
576	1183
576	1224
576	1277
576	1428
576	1484
577	874
577	939
577	1029
577	1204
578	1117
579	1022
581	842
581	883
581	957
581	1464
582	885
582	974
583	942
584	1066
584	1452
585	1050
586	1423
587	692
587	760
588	844
588	1004
588	1057
588	1109
588	1287
590	721
590	1143
590	1341
591	977
591	1302
591	1315
591	1475
593	874
593	1006
593	1064
593	1417
593	1433
594	788
594	856
595	1263
596	812
596	1380
597	602
597	933
597	1019
598	1073
599	613
599	621
599	801
599	1242
599	1313
600	917
601	1236
602	657
602	672
602	820
602	918
602	1317
602	1366
603	691
604	656
604	1123
605	1274
606	631
606	1036
606	1391
607	953
607	1473
608	1131
608	1276
608	1433
609	1103
610	799
610	1010
611	1051
612	1047
612	1342
613	845
614	955
615	1415
616	1303
617	1214
617	1307
618	803
618	1305
618	1474
619	664
619	890
619	1097
619	1268
619	1336
620	860
620	949
621	951
622	1261
623	958
623	1078
624	842
624	931
624	1083
624	1097
624	1127
625	1032
625	1217
625	1240
625	1295
625	1350
626	724
626	760
626	1065
626	1163
626	1318
626	1409
627	966
627	983
627	1374
628	790
628	808
628	894
628	1192
628	1209
628	1270
629	1343
630	711
632	834
633	966
633	1398
634	978
635	690
635	826
635	1007
635	1166
637	1457
638	643
638	959
639	787
639	829
639	995
639	1059
639	1428
640	835
640	840
640	861
640	1076
641	765
642	657
642	696
642	858
642	951
643	885
643	1244
644	1232
645	829
645	904
645	1033
645	1089
645	1458
646	779
647	765
647	918
647	967
647	1369
647	1395
649	1398
650	1100
651	1303
651	1444
652	696
653	856
653	1088
654	710
654	888
655	779
655	1420
656	1167
657	1126
657	1320
659	993
659	1339
659	1364
659	1369
659	1481
660	732
660	1144
661	914
661	1283
662	1319
662	1351
663	1114
664	755
664	869
664	1448
664	1469
665	744
665	790
665	915
665	1489
666	1033
666	1096
666	1468
667	770
667	1156
667	1296
667	1307
667	1309
668	691
668	1344
668	1476
669	754
670	746
670	1197
670	1215
670	1474
671	933
672	784
672	1107
672	1152
673	676
673	1101
674	1072
676	1254
677	1047
677	1394
677	1398
677	1483
679	769
679	1331
680	740
680	1048
681	1424
682	849
682	1146
682	1332
683	778
683	1017
683	1118
684	857
684	888
684	1397
685	1133
685	1163
686	1122
686	1428
687	797
688	1050
688	1105
688	1149
688	1184
688	1219
688	1266
689	1406
689	1452
690	731
690	813
690	965
690	1161
690	1399
691	1086
691	1179
691	1236
691	1335
691	1492
692	706
692	880
693	1120
694	925
694	1064
695	1451
697	987
698	1233
698	1373
699	995
699	1025
699	1273
699	1382
699	1461
701	1001
701	1090
701	1393
701	1451
702	816
702	882
702	1156
702	1379
702	1421
704	771
704	1160
704	1260
705	847
706	720
706	1347
707	710
707	993
708	883
708	1030
709	723
709	958
709	1305
709	1499
710	795
710	1069
711	1103
711	1378
711	1387
712	796
712	818
712	1368
713	879
713	1005
713	1419
713	1453
714	784
715	723
715	929
715	1377
716	1044
716	1139
716	1143
717	1104
718	748
718	921
718	1121
718	1260
719	757
719	1322
719	1354
720	759
720	792
720	901
720	1138
720	1265
720	1324
720	1453
722	940
723	778
723	925
723	980
723	1182
723	1207
723	1248
724	735
724	833
725	1088
725	1238
726	810
726	1408
727	979
727	1193
727	1492
728	743
728	750
728	979
728	1270
728	1312
729	1057
730	808
730	1162
730	1208
731	1338
732	1497
733	748
735	784
735	850
735	1157
735	1495
737	1070
737	1202
737	1433
738	1351
740	855
740	1491
741	1069
742	979
743	990
743	1125
744	1232
744	1278
745	943
745	1262
746	1340
748	1112
749	872
749	1094
749	1322
750	965
751	1165
752	1457
753	1021
753	1346
755	760
756	961
756	1037
756	1087
757	851
758	1055
759	902
759	1076
759	1293
760	806
760	912
760	1225
761	800
761	1425
762	1428
763	815
763	1042
763	1049
763	1310
764	985
766	1084
766	1257
766	1411
767	1135
768	833
768	891
768	936
768	1075
768	1410
769	793
769	1227
770	1323
770	1384
771	868
771	934
772	858
772	976
772	1370
773	1020
773	1102
774	1073
774	1413
776	1046
778	868
778	1049
779	1002
779	1091
779	1259
780	973
780	1015
780	1461
781	983
781	1092
781	1277
782	793
782	877
782	952
783	849
783	1271
784	834
784	1002
784	1226
785	1090
785	1362
786	1143
786	1295
787	951
787	1199
787	1386
788	859
788	908
789	1264
789	1422
789	1465
790	1235
790	1485
791	1250
792	1151
794	954
794	1085
794	1403
795	952
795	1133
795	1320
796	1006
796	1102
797	906
797	1112
798	1484
799	1043
799	1156
800	803
800	1143
801	1025
803	989
804	830
804	1333
805	1381
806	974
806	1039
806	1136
806	1172
807	921
807	1229
807	1345
808	827
810	931
811	891
812	1145
813	814
813	899
813	993
813	1181
813	1305
813	1388
813	1443
813	1476
814	933
814	1358
814	1362
816	1131
816	1329
816	1342
817	1012
817	1244
818	1159
818	1281
819	1070
819	1220
820	1032
820	1330
821	1309
821	1356
822	828
823	1184
824	1200
825	1040
825	1080
825	1152
826	898
826	1370
828	919
828	1021
828	1243
828	1315
829	1312
829	1350
830	1229
830	1484
830	1499
831	917
831	942
831	994
831	1237
831	1438
832	1283
833	1239
834	1067
834	1448
835	924
835	996
836	1168
836	1206
836	1297
836	1473
837	860
838	1467
839	891
841	1198
841	1245
841	1332
841	1476
842	1124
842	1196
842	1270
843	1112
844	1016
845	885
845	1175
845	1327
845	1485
846	935
846	1489
847	1206
847	1298
847	1337
848	934
848	1107
850	1483
851	1275
851	1339
852	1030
852	1355
857	992
857	1231
858	1111
858	1351
859	976
859	1301
859	1452
860	1180
862	1055
863	1304
863	1493
864	912
865	1317
866	1013
867	1009
868	1274
870	1147
871	944
871	1331
871	1416
872	1445
873	880
873	1370
874	1201
875	1087
876	1337
876	1460
877	910
877	1066
877	1268
878	1123
878	1344
878	1426
879	1166
881	1341
881	1472
882	1451
883	1149
884	1071
886	1010
886	1285
887	1197
887	1432
889	942
890	1059
890	1147
891	1306
892	934
892	1086
892	1156
892	1438
893	1018
893	1117
893	1118
893	1408
894	1269
895	967
895	1038
895	1420
896	1062
896	1097
897	1075
897	1088
897	1421
898	1236
898	1274
898	1391
899	1301
899	1435
900	1446
901	1240
901	1428
902	1483
903	1492
906	958
906	1106
906	1206
907	1063
907	1113
907	1220
907	1448
908	1023
908	1200
909	1145
909	1377
911	1259
911	1405
912	924
912	1052
913	1042
913	1172
913	1226
915	1164
915	1173
915	1275
916	943
916	1087
916	1190
917	960
918	1315
919	1258
919	1351
920	1108
921	1225
923	1137
924	1383
926	1368
927	1163
928	1143
928	1260
929	1023
930	1461
931	1301
931	1437
933	1238
934	1079
934	1193
935	1165
935	1198
936	1383
937	1347
939	1094
940	1146
940	1192
941	969
942	1345
943	1021
943	1164
946	961
946	1100
947	967
948	1368
949	1270
949	1478
951	1087
952	1269
952	1495
953	1092
953	1299
953	1347
953	1350
953	1451
953	1493
954	1499
955	1226
955	1306
956	1054
956	1227
957	980
957	1004
957	1077
957	1471
958	1094
959	1070
959	1097
960	1304
960	1451
960	1481
961	1015
962	1264
963	1172
963	1425
966	979
966	1421
967	1032
967	1321
968	1191
969	994
969	1158
970	1297
970	1369
971	1025
972	1272
974	996
974	1200
978	1068
981	1446
982	1012
982	1377
982	1444
983	1107
983	1205
983	1276
985	1030
986	1107
988	1046
988	1441
988	1456
990	1305
991	1403
992	1330
992	1343
993	1105
993	1280
994	1113
994	1239
994	1398
995	1002
995	1026
997	1071
998	1085
999	1048
1000	1262
1000	1267
1000	1477
1001	1138
1001	1263
1002	1336
1002	1348
1004	1179
1004	1207
1004	1476
1005	1165
1007	1045
1007	1381
1008	1095
1010	1099
1011	1325
1011	1335
1011	1354
1012	1142
1013	1232
1014	1198
1014	1393
1015	1125
1015	1240
1015	1386
1015	1415
1016	1160
1016	1303
1017	1421
1018	1166
1018	1241
1018	1355
1019	1097
1020	1428
1021	1404
1023	1383
1024	1083
1025	1363
1026	1163
1026	1317
1027	1343
1030	1142
1032	1038
1032	1105
1032	1290
1034	1091
1036	1060
1037	1418
1038	1360
1038	1440
1038	1498
1040	1163
1040	1200
1043	1122
1043	1356
1044	1289
1044	1486
1045	1188
1045	1190
1046	1081
1046	1153
1048	1070
1048	1140
1049	1208
1052	1079
1052	1143
1052	1483
1053	1333
1054	1060
1054	1076
1055	1132
1055	1203
1055	1297
1056	1351
1057	1208
1058	1312
1058	1378
1059	1081
1059	1155
1060	1376
1061	1401
1062	1089
1062	1364
1062	1365
1062	1382
1064	1076
1064	1424
1064	1442
1065	1143
1065	1195
1065	1303
1065	1358
1066	1090
1066	1104
1067	1110
1067	1307
1067	1342
1067	1472
1068	1311
1069	1169
1069	1375
1070	1190
1070	1223
1072	1242
1072	1303
1072	1421
1073	1078
1073	1337
1073	1459
1074	1481
1075	1303
1075	1376
1076	1294
1076	1365
1077	1166
1077	1205
1080	1162
1081	1146
1081	1403
1081	1467
1088	1094
1090	1399
1090	1444
1091	1235
1091	1292
1092	1225
1092	1347
1092	1416
1094	1123
1095	1479
1096	1166
1097	1175
1101	1340
1102	1265
1102	1308
1102	1312
1103	1333
1104	1154
1105	1324
1106	1204
1107	1225
1107	1320
1108	1228
1110	1408
1111	1497
1113	1277
1113	1386
1114	1234
1114	1270
1114	1487
1115	1372
1115	1376
1116	1371
1116	1455
1116	1476
1117	1192
1121	1316
1125	1457
1126	1458
1126	1477
1128	1498
1130	1245
1130	1331
1130	1420
1131	1198
1131	1207
1134	1294
1135	1157
1135	1162
1136	1216
1136	1256
1137	1355
1138	1216
1140	1494
1141	1183
1141	1197
1141	1209
1141	1310
1144	1252
1145	1303
1145	1304
1146	1444
1156	1297
1156	1481
1157	1475
1159	1213
1159	1219
1160	1424
1161	1474
1163	1418
1164	1340
1164	1358
1164	1449
1164	1483
1165	1327
1165	1442
1166	1201
1167	1194
1168	1298
1169	1412
1169	1488
1171	1388
1172	1384
1173	1218
1173	1462
1175	1310
1176	1268
1179	1263
1180	1198
1180	1233
1180	1264
1181	1196
1181	1311
1182	1252
1183	1185
1183	1326
1183	1353
1183	1472
1187	1420
1188	1248
1188	1267
1188	1271
1189	1285
1189	1332
1189	1417
1191	1307
1192	1239
1192	1296
1194	1439
1196	1309
1197	1362
1200	1364
1200	1448
1203	1243
1203	1364
1206	1463
1207	1325
1207	1329
1208	1344
1209	1475
1210	1221
1210	1248
1210	1252
1211	1403
1212	1458
1213	1401
1213	1454
1215	1319
1215	1373
1217	1244
1217	1311
1219	1337
1219	1385
1220	1283
1220	1309
1222	1418
1223	1448
1224	1389
1225	1307
1226	1274
1227	1244
1227	1346
1228	1468
1233	1284
1235	1254
1235	1393
1237	1335
1237	1387
1238	1477
1240	1243
1241	1430
1246	1304
1247	1418
1248	1428
1249	1283
1249	1485
1249	1495
1252	1467
1253	1477
1256	1495
1257	1327
1260	1377
1261	1398
1262	1489
1263	1291
1263	1362
1264	1389
1269	1467
1273	1291
1283	1440
1287	1421
1287	1424
1287	1446
1288	1295
1288	1369
1288	1440
1289	1382
1290	1410
1291	1398
1296	1390
1299	1368
1300	1496
1301	1404
1303	1345
1303	1470
1305	1499
1306	1428
1310	1315
1310	1374
1310	1469
1312	1352
1318	1363
1320	1411
1323	1363
1326	1387
1328	1355
1328	1481
1332	1354
1332	1372
1340	1461
1341	1398
1342	1426
1347	1422
1349	1373
1355	1444
1355	1491
1356	1371
1356	1383
1358	1414
1358	1421
1359	1485
1362	1426
1362	1452
1365	1482
1367	1436
1368	1400
1369	1382
1372	1416
1373	1396
1376	1411
1376	1413
1381	1402
1390	1425
1390	1426
1391	1427
1392	1434
1397	1497
1399	1487
1408	1477
1411	1451
1413	1435
1419	1478
1430	1475
1437	1458
1437	1472
1438	1479
1438	1485
1444	1487
1469	1470