0	128
0	422
0	698
0	1001
1	1098
1	1408
1	1418
2	20
2	50
2	177
2	217
2	222
2	302
2	464
2	774
2	1172
2	1212
3	34
3	781
3	810
3	1026
3	1079
4	6
4	986
4	1169
5	283
5	286
5	794
5	1015
5	1149
6	172
6	556
6	655
6	890
6	900
6	947
6	1205
7	225
7	251
7	730
7	969
7	1207
7	1276
8	139
8	705
8	1046
9	630
9	1461
10	912
10	913
10	1191
10	1195
11	200
11	362
11	1125
11	1398
12	301
12	357
13	251
13	501
13	1423
13	1474
14	490
14	745
14	889
14	1069
14	1301
15	243
15	359
15	449
15	677
15	1377
15	1476
16	336
16	439
16	523
16	603
16	829
17	667
17	765
17	1011
17	1328
18	176
18	511
18	1329
19	386
19	758
19	1497
20	195
20	851
20	876
20	1208
20	1264
21	259
21	261
21	274
21	586
22	200
22	392
22	654
22	731
22	1291
23	322
23	1146
24	454
24	814
24	1302
25	223
25	559
25	1218
26	557
26	661
26	1256
27	143
27	292
28	178
28	934
28	1043
28	1230
28	1384
28	1483
29	981
29	1020
29	1159
29	1259
29	1422
30	74
30	325
30	360
30	369
30	587
30	602
31	138
31	509
31	947
31	1322
32	56
32	60
32	362
32	931
32	1403
33	260
33	744
33	1423
34	478
34	504
34	1026
35	97
35	101
35	326
35	572
35	613
36	74
36	381
36	462
36	1090
37	243
37	302
37	682
37	759
37	764
38	104
38	190
38	390
38	987
38	1322
39	564
40	111
40	114
40	153
40	1493
41	1098
41	1430
42	301
43	509
43	841
43	1008
43	1218
44	160
44	192
44	333
44	1059
44	1129
45	89
45	344
45	497
45	538
45	1047
45	1063
45	1129
45	1140
45	1200
46	333
47	60
47	1091
47	1247
48	507
48	854
49	272
49	293
49	502
49	861
50	687
50	810
51	271
51	987
51	1053
52	236
52	494
52	1212
52	1348
53	557
53	637
53	857
53	874
54	149
54	748
54	1059
55	154
55	819
56	783
56	968
57	507
57	1000
57	1306
57	1368
58	1009
59	62
59	229
59	545
59	657
59	675
59	908
59	931
59	1054
59	1405
60	374
60	1039
60	1220
61	181
61	414
61	728
62	344
62	345
62	588
62	1196
63	1302
64	592
65	492
65	688
65	866
65	1003
65	1183
65	1341
66	231
66	747
66	1157
66	1181
67	642
68	167
68	659
69	433
69	576
69	1114
70	683
70	933
70	1123
71	1007
71	1162
71	1349
72	169
72	502
72	516
72	527
72	676
72	1339
73	307
73	980
73	1044
73	1065
74	415
74	627
74	827
74	908
74	1453
75	379
75	477
75	593
75	621
75	629
75	1030
76	870
76	1222
76	1282
77	463
77	491
77	765
77	842
77	915
78	232
78	510
78	655
79	241
79	739
79	764
79	1036
79	1139
79	1172
79	1206
80	145
80	585
80	1085
80	1176
80	1297
81	722
81	834
81	1174
81	1211
81	1340
81	1367
82	198
82	466
82	505
82	892
82	1372
83	250
83	433
83	904
84	113
84	287
84	405
84	722
84	959
84	1255
84	1422
85	484
85	792
85	934
85	1013
85	1114
85	1242
86	999
86	1363
86	1401
87	530
87	1023
88	178
88	315
88	860
88	967
88	1156
88	1406
89	186
89	247
90	768
91	619
91	719
91	1174
92	1343
93	1438
94	782
95	214
95	881
95	989
95	1064
95	1124
95	1498
96	1065
96	1142
97	98
97	216
97	1211
98	753
98	895
99	338
99	716
99	948
99	1480
100	407
100	733
100	735
100	980
100	995
100	1039
100	1404
101	240
101	243
101	669
101	1165
102	784
102	818
102	997
103	662
103	1126
103	1172
104	107
104	362
104	512
104	601
104	654
104	734
104	968
104	1498
105	1005
105	1167
105	1436
106	201
106	289
106	363
106	405
106	414
106	801
106	1081
106	1189
106	1434
107	682
107	1247
108	321
109	193
109	268
109	273
109	337
109	538
109	893
109	945
109	987
110	530
110	925
110	984
110	1382
111	204
111	982
112	694
112	1017
113	1098
113	1438
114	528
114	680
114	1341
115	1496
116	765
116	883
116	1283
117	855
117	1071
118	253
118	420
118	798
118	839
118	991
118	1123
119	201
119	377
119	451
119	704
119	757
119	783
119	1030
119	1100
119	1209
120	663
120	1269
121	612
121	743
121	1045
122	317
122	531
122	1068
123	265
123	335
123	510
123	916
123	1121
124	126
124	664
124	859
124	1291
124	1395
125	768
125	881
125	1120
126	197
126	490
127	600
127	615
127	625
127	679
127	1320
128	443
128	692
128	1383
129	500
129	690
129	775
129	1308
129	1335
130	251
130	259
130	401
130	415
130	866
130	1027
130	1129
130	1487
131	248
131	836
131	1101
131	1354
132	276
132	818
132	829
132	1041
132	1165
132	1445
133	720
133	722
134	206
134	406
134	410
134	419
134	632
135	350
135	759
135	834
135	945
135	1214
135	1368
136	630
136	873
137	405
137	709
137	1268
138	379
138	1111
138	1417
139	310
139	436
139	440
139	502
139	703
140	612
140	1422
141	476
141	1254
141	1454
142	1050
143	196
143	217
143	662
143	767
143	835
143	1191
143	1265
143	1379
143	1394
144	270
144	408
144	422
144	484
144	760
144	809
144	1133
145	163
145	359
145	517
145	564
145	906
145	1217
146	373
147	190
147	887
147	1235
148	372
148	979
148	1071
149	179
149	182
149	432
149	507
149	683
149	815
149	977
149	1195
150	194
150	512
150	1154
150	1271
151	355
151	649
152	316
152	416
152	874
152	1030
153	461
153	565
154	610
154	1106
154	1238
155	404
155	559
155	1091
155	1197
155	1278
156	454
156	1098
157	168
157	650
157	912
157	1062
158	282
158	311
158	403
158	955
158	1056
158	1097
159	1108
159	1125
159	1185
159	1255
160	355
160	535
160	590
160	1345
161	615
161	1023
161	1316
162	322
162	1323
162	1464
163	166
163	345
163	634
163	1077
163	1263
164	351
165	289
165	569
165	780
165	809
165	1005
165	1210
165	1349
166	864
166	921
166	1088
166	1461
167	496
167	791
167	1083
167	1269
167	1426
168	559
168	636
168	1109
169	197
169	340
169	603
169	901
169	1375
169	1385
170	318
170	727
170	1295
170	1313
170	1420
171	378
171	649
171	810
171	997
171	1248
172	240
172	464
172	532
172	1432
173	636
173	799
173	1243
173	1466
174	272
174	542
174	697
175	581
175	694
175	700
175	1328
176	1038
176	1185
178	1108
178	1462
179	1198
180	252
181	392
181	458
181	812
181	976
182	236
182	752
182	923
183	229
183	310
183	877
183	1084
183	1367
184	662
184	801
184	867
184	1127
185	473
185	597
185	847
185	1473
186	296
186	716
186	774
186	829
186	1261
187	235
187	485
187	511
187	594
187	619
187	711
187	1357
188	612
188	644
188	1413
189	493
189	681
189	1153
189	1217
190	575
190	608
190	706
190	935
191	624
193	1021
193	1138
193	1174
193	1203
193	1208
194	279
194	508
195	635
195	749
195	945
195	1183
195	1213
195	1412
196	247
196	635
196	1217
196	1382
196	1400
197	1333
197	1489
198	240
198	424
198	1262
198	1263
198	1366
199	900
199	1057
200	242
200	505
200	852
200	1084
200	1210
200	1428
201	685
201	919
202	384
202	646
202	1382
203	405
203	834
203	842
203	845
203	865
203	1105
203	1180
203	1196
203	1293
203	1392
204	767
204	953
204	994
204	998
204	1202
204	1431
205	231
205	275
206	742
206	1155
206	1339
207	298
207	1493
208	616
208	721
208	1263
208	1458
209	267
209	397
209	910
209	953
209	1050
209	1119
209	1456
209	1457
210	278
210	349
210	442
210	473
211	946
211	1153
212	215
212	412
212	983
213	287
213	618
213	697
214	699
214	1275
215	227
215	642
216	674
216	1083
216	1177
216	1190
216	1247
217	692
218	688
218	851
218	974
218	1347
219	326
219	399
219	640
219	743
219	1066
219	1071
220	1153
220	1335
220	1433
221	697
221	773
221	1186
222	1396
223	403
223	926
223	979
224	542
224	1269
225	467
225	988
225	1033
225	1198
225	1351
226	307
226	789
226	988
226	1036
226	1074
226	1097
227	907
227	992
227	1435
228	698
228	700
230	1255
230	1377
231	878
231	1271
232	276
232	541
232	927
232	971
232	1034
232	1323
233	646
233	972
233	1225
233	1232
233	1442
234	1451
235	437
235	639
235	923
236	297
236	408
236	695
237	413
237	1067
238	792
238	1382
239	651
239	1136
240	349
240	726
240	1123
241	245
241	671
241	1111
241	1435
242	268
242	439
242	799
242	916
242	1260
242	1496
244	494
244	756
244	1221
244	1301
245	719
245	991
245	1079
245	1128
246	400
246	848
246	1175
246	1411
246	1434
247	639
247	700
247	779
247	795
247	1051
248	257
248	270
248	374
248	405
248	461
248	833
248	1335
249	359
249	751
249	1484
250	637
250	1093
250	1349
251	619
251	1145
251	1451
252	433
252	931
252	1348
253	410
253	1031
253	1156
253	1346
254	360
254	455
254	609
254	915
254	960
255	885
255	962
256	1025
256	1225
256	1398
257	942
257	1373
257	1393
258	494
258	835
258	1186
258	1302
258	1355
258	1390
259	441
259	722
259	763
259	1139
259	1450
260	910
260	1175
260	1321
261	721
261	1368
262	652
262	912
262	1039
262	1128
262	1182
263	369
263	1372
263	1394
264	586
264	952
265	280
265	856
265	882
265	1000
266	524
266	631
266	750
266	919
266	1094
266	1436
267	542
267	859
268	280
268	829
268	975
268	1069
269	489
269	1117
269	1152
270	842
270	968
271	354
271	747
272	667
272	690
272	749
272	1012
272	1093
273	308
273	930
273	1180
273	1247
273	1315
273	1338
274	1062
274	1463
275	309
275	520
276	330
276	1216
276	1239
276	1250
276	1412
276	1487
277	496
277	1230
278	1109
278	1216
279	502
279	831
279	1483
280	1246
281	1001
281	1083
281	1322
281	1380
282	753
282	1462
283	638
283	1293
284	826
284	985
285	1342
285	1448
286	419
286	508
286	1450
287	1322
288	412
288	656
288	1437
289	723
289	974
289	1170
289	1211
290	541
291	409
291	929
291	980
292	448
292	599
292	635
293	1043
293	1070
293	1361
294	981
295	811
295	1083
296	1188
296	1394
296	1463
297	397
297	410
297	505
297	1184
297	1254
298	645
298	801
299	378
299	408
299	681
299	698
299	1067
300	522
301	887
302	356
302	614
302	666
302	768
302	1112
302	1279
302	1468
303	682
303	727
303	850
303	1148
303	1486
304	434
304	1441
304	1481
305	1044
306	399
306	518
307	449
307	609
308	1353
309	494
309	814
310	1000
310	1404
311	432
311	684
311	780
311	1006
312	513
312	812
312	1296
312	1334
313	465
313	685
314	748
314	889
314	891
314	930
315	1149
316	1353
317	543
317	1035
318	387
318	594
318	684
318	973
318	1010
318	1189
318	1413
318	1487
319	382
319	1292
319	1374
320	693
320	713
320	890
320	1076
320	1153
320	1334
321	758
321	813
321	1061
321	1327
322	598
322	1214
322	1247
323	467
323	965
324	1406
325	675
325	756
325	1172
325	1359
326	435
326	486
326	506
326	710
326	712
326	1163
327	459
327	729
327	758
327	968
327	1211
327	1345
328	383
328	597
328	1244
329	1287
329	1489
330	519
331	615
331	1061
331	1236
331	1238
331	1342
332	388
332	883
332	950
332	1145
332	1237
332	1265
332	1378
333	692
333	905
334	371
334	428
334	527
334	627
334	1005
334	1057
334	1346
335	344
335	561
335	1175
336	1074
336	1162
336	1237
336	1306
336	1391
337	971
337	1347
338	679
339	925
339	1163
339	1213
339	1405
339	1445
340	402
340	415
340	523
340	715
340	979
340	1017
341	373
341	782
341	1413
342	780
342	1485
343	849
343	883
343	891
343	923
343	1128
344	851
344	1317
345	516
345	604
345	682
345	769
345	821
345	887
345	1020
345	1433
346	1011
346	1307
347	1311
347	1315
347	1374
347	1406
348	557
348	644
348	1389
349	401
349	770
349	1000
349	1238
351	474
351	507
351	843
351	1081
351	1102
352	515
352	658
352	804
352	968
353	988
353	1253
353	1326
354	620
354	696
354	772
354	1134
354	1180
355	513
355	701
355	770
355	1337
355	1387
356	411
356	594
356	705
356	1254
357	619
357	853
357	920
357	1227
357	1254
358	649
358	694
358	897
359	462
359	615
359	1279
359	1300
360	440
361	861
361	897
361	1341
362	547
362	725
362	746
363	1216
364	838
364	1049
364	1353
364	1386
365	985
365	1149
365	1379
365	1442
366	483
366	1173
366	1206
366	1413
367	774
367	847
368	397
369	521
369	1039
369	1454
369	1462
370	455
370	1048
370	1288
370	1452
371	522
372	834
372	1035
372	1246
373	424
373	618
373	1042
373	1205
374	416
374	420
374	542
374	675
374	708
374	896
374	1226
375	396
375	895
375	1170
375	1332
376	422
376	498
376	610
376	1445
377	594
377	895
377	907
378	453
379	729
379	1324
380	1301
381	559
381	853
381	976
381	1051
382	1064
382	1091
382	1441
383	618
383	978
383	1007
383	1059
383	1162
383	1166
383	1213
384	437
384	780
384	791
385	455
385	462
385	938
385	1300
386	648
386	846
386	1077
386	1227
386	1382
386	1429
387	843
387	1144
387	1444
388	611
388	1009
388	1338
388	1346
388	1402
388	1451
389	548
389	562
389	885
389	990
389	1369
390	475
390	700
390	1123
390	1458
391	801
391	971
391	1219
391	1367
393	605
393	832
393	1023
394	622
394	855
394	1107
395	918
395	1351
395	1381
396	806
396	1075
397	511
397	856
397	1075
398	722
398	1143
399	1264
399	1408
400	598
400	1065
400	1444
400	1445
401	514
401	639
401	1193
401	1210
401	1412
402	829
403	1106
404	484
404	646
404	741
404	907
404	1212
404	1312
405	580
405	791
405	1155
405	1424
406	864
406	885
406	927
406	992
406	1179
406	1257
406	1453
407	501
407	560
407	717
407	734
407	847
408	1341
409	787
409	964
409	1393
409	1471
410	496
410	749
411	832
411	860
411	1045
411	1233
412	592
412	694
412	701
412	1400
413	640
413	761
413	806
413	1138
413	1185
414	416
414	547
414	615
414	716
415	630
415	786
415	936
415	999
415	1282
416	1397
417	444
417	776
417	1112
417	1284
417	1497
418	852
419	448
419	652
419	923
419	1006
419	1338
420	718
421	714
421	1132
422	451
423	520
423	1127
425	531
425	932
426	469
426	709
427	850
428	673
429	477
429	791
429	1108
429	1406
430	445
430	1069
431	565
431	787
431	1446
432	515
432	549
432	565
432	634
432	997
432	1068
433	847
433	944
433	1178
434	986
434	1152
434	1371
435	669
435	1122
435	1178
435	1476
436	485
437	998
437	1418
438	638
438	744
438	1135
438	1455
438	1459
439	558
439	1333
439	1459
440	448
440	587
440	1040
440	1087
440	1303
440	1459
442	697
442	699
442	1300
442	1328
442	1435
443	1154
443	1281
444	1193
444	1263
445	675
445	1213
445	1340
446	768
446	949
446	1467
447	782
447	969
448	817
448	1303
449	856
449	1349
449	1389
450	1062
451	668
451	1393
452	690
452	754
452	1378
453	849
453	877
453	884
453	1230
453	1245
455	891
455	921
455	1314
456	701
456	779
456	938
456	1012
456	1033
456	1480
457	503
457	786
457	847
457	854
457	1001
457	1181
457	1309
458	729
458	921
458	1356
458	1462
458	1485
459	532
459	687
459	1338
460	1113
460	1135
460	1252
460	1301
461	1342
461	1496
462	745
462	907
462	1179
463	995
463	1036
463	1271
464	604
464	919
464	925
465	564
465	740
465	755
465	793
465	1119
465	1345
466	487
466	762
466	1105
466	1107
467	744
467	782
467	1052
467	1188
467	1482
468	1282
468	1425
469	655
470	663
470	828
470	989
470	1202
470	1486
471	678
471	1157
471	1373
472	912
472	1456
473	648
473	1221
473	1248
474	510
474	678
474	918
474	919
474	1227
475	1046
475	1422
476	613
476	737
476	1250
476	1465
477	717
477	1165
478	578
478	1119
479	1076
480	830
480	883
480	936
480	1261
481	700
481	894
481	981
481	1141
482	592
482	712
482	893
482	1149
483	1036
484	486
484	517
484	1092
484	1332
485	1146
485	1173
485	1268
485	1348
485	1444
486	828
486	1163
486	1307
487	1037
487	1073
487	1105
488	1032
488	1088
489	561
489	602
489	811
489	1284
489	1360
490	518
490	647
490	733
490	741
490	908
490	1217
490	1284
491	559
491	833
493	504
493	539
493	590
493	1168
493	1482
494	513
494	1090
494	1093
494	1442
495	991
496	586
496	640
496	697
496	810
496	910
496	1037
496	1113
496	1250
496	1485
497	797
497	1178
497	1200
497	1312
497	1356
498	516
498	823
498	1088
498	1201
499	786
500	1227
500	1495
501	676
501	933
501	1110
501	1135
501	1475
503	1343
504	600
504	951
505	982
506	671
506	737
506	1053
507	1068
508	1162
508	1229
508	1329
509	768
509	983
509	1414
510	588
510	904
510	1416
511	546
511	913
511	1269
511	1325
511	1431
512	532
512	1495
513	886
513	1130
514	542
514	1388
515	543
516	762
516	960
516	1090
516	1184
517	1367
518	1055
518	1064
519	564
519	587
519	1311
519	1429
519	1468
520	1092
521	1066
521	1404
522	704
522	1097
522	1477
523	1004
524	887
525	1027
526	882
527	612
527	1335
528	1216
529	1490
530	1285
530	1325
532	605
532	629
532	1198
532	1279
532	1326
532	1377
533	640
533	960
533	1357
534	1069
534	1462
535	680
535	754
535	932
536	606
537	943
539	804
540	692
540	1111
540	1339
541	845
541	856
541	1082
542	743
542	971
542	992
542	1118
542	1129
542	1260
542	1414
543	827
543	1211
543	1253
544	639
544	1372
545	1256
546	941
546	1045
546	1288
546	1443
547	1154
547	1185
547	1414
549	570
549	634
549	692
549	744
549	880
550	708
550	1082
551	768
552	723
552	743
552	1020
552	1345
553	1279
554	655
554	822
555	753
556	805
556	1045
556	1373
557	800
557	1036
558	1203
559	582
559	1093
560	1078
560	1127
560	1477
561	778
561	1388
562	608
562	792
562	1169
563	686
563	824
563	1134
564	774
564	1245
564	1295
564	1306
564	1362
564	1417
565	803
565	1084
565	1209
566	852
567	1274
567	1439
568	676
568	872
568	1426
569	1217
569	1251
570	803
570	1083
571	740
571	1364
572	693
572	818
572	1054
572	1168
573	1341
574	672
574	743
574	827
574	860
574	1309
575	895
576	691
576	1073
576	1293
577	614
577	1180
578	806
578	1445
579	1243
579	1244
580	589
580	1249
581	1318
582	755
582	1357
582	1366
582	1475
583	595
583	757
583	971
583	1309
584	855
584	1441
585	630
585	706
585	1202
585	1298
585	1425
586	978
586	1164
587	692
587	693
587	758
587	813
587	1094
587	1432
588	641
588	668
588	1019
589	711
589	1089
589	1210
589	1370
590	804
590	825
590	1188
590	1449
591	1229
592	973
592	1196
592	1211
592	1411
592	1497
593	875
593	1451
594	912
594	1024
595	653
595	781
595	1101
595	1453
596	1266
597	787
597	1122
597	1208
597	1483
598	671
599	766
599	1168
599	1342
600	709
600	851
600	1492
601	995
601	1046
602	707
602	1069
603	1467
604	721
604	1341
605	699
605	764
605	1340
606	1313
607	960
607	1119
607	1252
608	936
608	1280
609	989
609	1452
610	1101
610	1229
612	861
613	692
613	1222
613	1386
614	617
614	675
614	732
614	793
614	866
615	1425
616	627
617	814
617	1133
619	708
619	911
619	1219
621	668
622	1394
623	1315
624	650
624	661
624	722
624	972
625	1214
626	894
626	1127
628	682
629	1367
630	881
631	1246
631	1434
632	994
633	854
633	980
634	730
634	879
636	903
636	1226
636	1378
638	877
638	1212
639	961
639	1041
639	1178
640	897
640	1340
641	754
641	1475
642	709
642	749
642	1164
643	831
643	960
643	1154
643	1316
645	680
645	687
645	861
646	1366
647	871
647	1224
648	1157
648	1243
648	1492
649	729
650	822
650	845
651	1142
652	774
652	802
652	871
653	1201
654	1260
655	929
655	1082
655	1140
655	1242
656	1410
656	1437
657	1291
657	1434
657	1479
658	818
658	1225
659	854
659	976
659	1174
660	896
660	1232
661	1137
661	1312
661	1372
661	1472
665	747
665	1307
665	1394
667	848
667	992
667	1110
668	802
668	1051
668	1282
669	797
669	837
670	869
670	1015
670	1029
670	1163
670	1314
670	1358
671	1129
671	1282
671	1385
672	761
672	1006
672	1091
673	952
674	767
674	918
674	1255
674	1374
675	1059
675	1194
675	1216
676	1365
677	702
677	856
678	718
678	1395
679	1014
679	1211
680	780
680	1057
682	702
682	865
682	1170
682	1261
683	917
683	976
683	1247
684	1076
684	1487
685	712
685	751
685	920
685	1104
685	1237
686	820
686	851
687	930
688	1227
689	832
689	893
689	1307
689	1444
690	1173
690	1174
691	856
692	723
692	779
692	1036
692	1464
693	777
693	807
693	1174
694	793
694	813
694	1340
695	1427
698	740
698	831
698	1015
699	1123
699	1144
699	1389
700	769
700	873
700	1490
703	1129
704	1142
704	1144
704	1398
705	953
705	966
706	921
707	1272
708	974
709	830
709	984
709	1292
710	807
710	821
710	930
711	811
711	812
711	817
712	893
712	930
712	1226
713	760
713	912
713	1058
713	1084
714	1190
714	1221
714	1329
715	1421
716	1192
716	1469
717	1076
718	752
718	1259
718	1281
718	1485
719	857
720	753
721	796
721	816
722	798
723	798
723	865
723	1421
724	831
725	842
726	785
726	1232
728	1435
729	1254
730	741
730	880
730	939
730	946
730	1256
730	1271
731	1380
732	841
736	927
736	1395
737	750
737	787
737	1315
737	1320
738	1016
738	1209
739	1262
739	1440
739	1465
740	1321
743	905
743	1187
743	1194
744	954
744	1240
744	1269
744	1272
744	1372
744	1447
745	899
745	1036
745	1155
745	1436
747	852
747	918
747	1316
747	1396
748	1275
748	1423
749	789
749	872
750	889
750	1037
750	1272
751	1302
751	1352
753	1006
753	1097
754	939
754	995
754	1095
754	1101
755	1058
755	1089
755	1213
755	1241
756	1472
757	909
757	961
757	979
758	1079
758	1340
759	814
759	885
759	1316
761	844
761	962
761	1415
762	1164
762	1228
762	1335
763	1166
763	1365
764	1268
764	1473
765	1087
765	1441
767	941
767	1193
767	1277
768	1003
768	1116
768	1134
768	1430
768	1452
769	1339
769	1435
770	1016
770	1377
771	807
771	1081
771	1151
771	1446
772	1276
772	1297
775	1328
775	1461
776	1118
776	1405
777	862
777	1360
778	968
778	1185
778	1252
779	1223
780	812
780	1189
780	1233
781	1415
782	1156
782	1366
782	1398
783	1464
785	1192
786	1473
787	856
787	860
787	904
787	1053
788	933
788	983
788	1066
788	1441
789	878
789	1014
789	1062
789	1361
790	839
790	842
790	991
791	909
791	1129
791	1319
792	835
792	847
792	889
792	1196
792	1273
792	1381
795	1267
797	1477
798	994
798	1136
798	1383
799	802
800	1069
800	1150
801	1412
801	1478
802	1456
804	1070
804	1111
804	1156
806	1091
806	1182
807	1195
808	1121
810	843
810	1141
811	1222
812	1327
813	830
813	900
813	1192
813	1356
814	961
814	1053
814	1167
818	885
818	1013
818	1050
819	1361
821	982
821	1075
821	1237
822	1478
823	1163
823	1236
823	1482
824	969
824	1251
824	1439
825	1245
825	1331
826	911
826	1006
826	1104
826	1145
826	1270
827	846
827	1032
827	1077
828	1297
829	1143
829	1271
829	1311
830	1097
830	1212
831	1110
831	1117
831	1180
831	1391
831	1449
832	1493
833	1099
833	1329
835	1126
836	1033
837	1106
838	1038
840	1022
840	1482
841	1085
841	1203
842	889
842	1057
843	953
843	1015
843	1056
843	1120
844	1324
845	1079
845	1468
847	876
848	943
848	987
849	1158
850	1304
851	874
851	1001
852	1003
852	1259
853	941
855	887
855	922
855	1287
855	1313
855	1494
857	1343
857	1367
858	1188
858	1289
860	1152
860	1374
861	1153
863	878
863	1304
864	1036
864	1397
865	1107
865	1224
865	1434
866	928
866	1074
866	1162
867	889
867	1126
867	1496
868	1063
869	915
869	1077
870	923
871	1011
872	890
872	1118
873	950
874	991
874	1250
875	1475
877	1275
878	1003
879	947
879	970
880	1014
880	1308
880	1337
881	1453
882	975
882	1239
882	1270
882	1320
882	1447
882	1468
883	1104
883	1156
883	1184
883	1230
883	1317
883	1367
884	905
885	1067
885	1214
885	1243
885	1440
886	933
886	1144
888	997
888	1040
888	1186
888	1351
888	1369
889	1131
889	1193
889	1267
889	1360
890	1171
891	1140
892	1000
892	1176
894	1186
898	933
898	983
899	958
900	948
900	1272
900	1422
900	1441
901	1152
901	1308
901	1498
902	1267
904	993
904	1071
904	1094
906	926
906	1057
907	1041
907	1188
907	1460
909	1055
913	965
914	983
914	1141
914	1491
914	1495
915	1251
916	1153
917	1193
917	1250
919	1423
921	1088
922	1231
923	1024
923	1244
924	933
924	1049
924	1362
926	1316
926	1408
927	1100
927	1331
927	1340
927	1346
927	1393
927	1456
929	1147
929	1326
930	1376
932	1146
932	1295
932	1356
933	1169
934	1025
935	1433
936	1103
936	1133
937	1147
937	1195
937	1408
938	1029
938	1239
939	1287
939	1430
940	1102
941	957
941	1003
941	1112
942	1286
943	1124
944	1128
945	952
945	1243
946	1048
946	1058
947	1440
947	1498
948	1030
948	1492
948	1497
949	1368
950	988
950	1051
950	1389
950	1453
951	1456
953	1157
954	1233
954	1252
954	1418
956	1213
957	980
959	1399
959	1474
960	1003
960	1025
960	1359
961	1292
962	1085
963	1423
965	1303
968	1236
968	1276
968	1395
969	1229
970	1044
970	1426
971	1466
973	1442
974	1087
974	1397
974	1440
976	1341
977	1015
977	1084
977	1284
977	1315
978	1342
978	1443
979	995
979	1078
981	1096
981	1121
981	1257
982	1210
982	1464
983	1089
983	1152
983	1225
983	1412
984	1033
985	1350
985	1385
988	1280
989	1017
989	1275
989	1398
990	1428
991	1051
993	1037
993	1200
994	1088
994	1324
994	1473
994	1492
995	1082
995	1318
995	1373
996	1385
997	1061
997	1094
997	1124
997	1152
997	1286
998	1178
998	1364
1001	1473
1001	1480
1002	1226
1002	1324
1002	1381
1004	1064
1004	1069
1005	1385
1006	1251
1006	1381
1007	1147
1007	1300
1007	1316
1008	1219
1009	1080
1009	1186
1009	1393
1009	1407
1011	1286
1012	1449
1013	1030
1013	1188
1015	1387
1015	1453
1016	1291
1017	1099
1017	1282
1017	1295
1018	1206
1020	1453
1021	1383
1022	1464
1024	1168
1024	1407
1025	1374
1026	1177
1026	1224
1028	1151
1030	1122
1030	1258
1030	1497
1032	1136
1032	1242
1035	1045
1035	1093
1036	1409
1037	1055
1038	1105
1038	1485
1039	1044
1040	1112
1041	1413
1042	1174
1042	1497
1043	1160
1043	1252
1044	1046
1045	1227
1045	1400
1047	1171
1047	1222
1047	1422
1048	1437
1048	1458
1049	1307
1049	1461
1050	1499
1052	1091
1052	1384
1054	1215
1054	1335
1055	1092
1056	1242
1057	1161
1057	1460
1060	1115
1060	1464
1061	1289
1061	1348
1063	1307
1063	1472
1064	1341
1065	1282
1067	1239
1068	1255
1068	1299
1070	1210
1071	1199
1072	1177
1072	1342
1073	1431
1074	1338
1074	1387
1075	1492
1076	1154
1077	1203
1077	1489
1078	1282
1079	1484
1081	1159
1081	1454
1083	1210
1084	1149
1086	1216
1086	1348
1088	1139
1088	1351
1089	1311
1089	1475
1090	1203
1090	1438
1091	1278
1092	1177
1093	1426
1095	1499
1096	1126
1096	1272
1096	1326
1098	1277
1098	1483
1099	1220
1100	1294
1101	1194
1101	1265
1102	1485
1103	1126
1103	1334
1104	1249
1104	1380
1107	1359
1109	1348
1109	1405
1110	1385
1111	1275
1112	1208
1113	1205
1114	1351
1114	1396
1115	1204
1116	1342
1117	1445
1118	1162
1118	1450
1118	1471
1119	1309
1120	1221
1121	1480
1122	1275
1123	1256
1123	1307
1124	1281
1124	1323
1125	1230
1125	1422
1126	1132
1126	1279
1126	1301
1127	1148
1127	1210
1127	1318
1127	1489
1127	1497
1131	1356
1132	1169
1132	1493
1134	1283
1134	1430
1135	1229
1135	1269
1138	1334
1139	1216
1139	1434
1141	1449
1143	1218
1143	1282
1143	1317
1143	1379
1143	1419
1143	1450
1143	1482
1144	1226
1144	1247
1144	1297
1145	1297
1146	1288
1146	1356
1146	1376
1146	1417
1146	1436
1147	1198
1148	1343
1148	1443
1150	1309
1150	1421
1151	1278
1151	1462
1151	1470
1152	1274
1152	1324
1152	1410
1153	1189
1153	1307
1153	1432
1159	1364
1159	1408
1161	1446
1162	1185
1162	1322
1162	1450
1166	1169
1166	1336
1167	1452
1167	1482
1168	1298
1168	1377
1168	1435
1169	1178
1169	1225
1172	1362
1173	1209
1173	1233
1173	1395
1174	1368
1175	1496
1176	1264
1180	1485
1181	1206
1184	1260
1185	1370
1188	1486
1189	1383
1191	1323
1191	1464
1194	1317
1196	1438
1197	1235
1197	1467
1199	1472
1200	1400
1200	1467
1202	1216
1203	1330
1203	1335
1205	1453
1208	1243
1210	1320
1211	1287
1212	1437
1214	1267
1219	1375
1219	1491
1226	1310
1226	1494
1227	1354
1227	1434
1228	1497
1231	1281
1231	1405
1232	1426
1234	1267
1234	1291
1235	1330
1235	1355
1236	1389
1238	1257
1243	1446
1245	1331
1246	1456
1249	1259
1252	1282
1253	1435
1261	1307
1262	1324
1263	1269
1263	1313
1267	1297
1271	1326
1271	1484
1276	1287
1277	1497
1279	1287
1279	1288
1279	1344
1279	1360
1279	1493
1280	1416
1284	1295
1288	1323
1290	1302
1292	1432
1293	1340
1293	1492
1298	1306
1301	1335
1301	1490
1305	1338
1306	1449
1306	1459
1314	1364
1314	1384
1318	1407
1319	1398
1319	1470
1326	1358
1341	1377
1345	1452
1348	1421
1348	1452
1351	1364
1352	1358
1352	1486
1353	1463
1354	1478
1355	1400
1357	1438
1358	1406
1362	1394
1367	1372
1367	1387
1367	1462
1370	1372
1378	1391
1385	1394
1397	1428
1402	1442
1420	1473
1423	1468
1425	1462
1426	1488
1429	1443
1431	1491
1440	1450
1444	1465
1449	1460
1480	1495