0	190
0	482
0	570
0	1029
0	1174
1	551
1	634
1	1249
1	1499
2	156
2	365
2	986
2	1474
3	613
3	616
3	803
3	1195
3	1289
3	1471
4	96
4	143
4	628
4	1307
4	1397
5	156
5	177
6	527
6	816
6	1051
6	1056
6	1499
7	114
7	1007
7	1198
7	1357
8	425
8	1129
8	1332
8	1417
9	325
9	533
9	809
9	1335
9	1389
9	1456
10	497
10	556
10	646
10	760
10	894
11	74
11	336
11	927
11	1278
11	1344
12	232
13	182
13	301
13	302
13	358
13	530
13	1119
14	271
14	817
14	1091
15	43
15	126
15	999
16	797
16	841
16	1122
16	1180
16	1445
17	368
17	700
17	1168
17	1340
17	1397
18	1105
19	734
19	1393
19	1481
20	456
20	665
21	495
21	557
21	741
21	1435
22	304
22	1030
22	1109
23	106
23	186
23	311
23	417
23	974
23	1368
23	1449
24	33
24	368
24	539
24	589
24	976
24	1100
24	1280
25	79
25	137
25	145
25	446
25	577
25	736
25	769
25	1037
25	1131
25	1317
25	1420
26	92
26	397
26	1032
26	1108
27	118
27	155
27	480
27	1393
28	101
28	171
28	446
28	1051
28	1135
28	1197
29	81
29	232
29	784
29	1446
29	1450
30	217
30	276
30	851
30	924
30	1459
31	190
31	205
31	399
31	505
31	771
31	779
31	1154
31	1488
32	872
32	879
32	1427
33	319
33	886
34	100
34	213
35	646
36	291
36	292
36	1034
36	1232
36	1329
36	1393
37	795
38	436
38	533
38	913
39	570
39	730
39	928
39	1228
40	746
40	881
40	1260
41	568
41	993
41	1090
41	1402
42	186
43	1071
44	55
44	1046
44	1226
44	1239
45	396
45	1327
45	1395
46	202
46	320
46	367
47	963
48	465
48	1159
49	1042
49	1198
49	1489
50	157
50	419
50	750
50	802
50	980
50	1200
50	1320
50	1469
51	79
51	302
51	862
52	81
52	179
52	186
52	305
52	845
52	1385
53	601
53	1147
54	85
54	229
54	521
55	446
55	615
55	670
55	1385
55	1420
56	105
56	276
56	606
57	85
57	304
57	788
57	873
58	424
58	539
58	895
58	1271
59	120
59	465
59	780
59	1011
59	1367
60	280
60	281
60	526
60	858
60	1164
60	1397
61	607
61	1232
62	101
63	663
63	915
63	1209
63	1288
63	1356
63	1421
64	143
64	229
64	1042
64	1357
64	1436
64	1444
65	618
65	922
65	988
65	1411
66	281
66	290
66	539
66	788
66	846
66	1309
66	1319
66	1448
67	120
67	368
67	755
67	1480
68	166
69	170
69	397
69	567
70	81
70	1123
70	1200
71	177
71	705
71	920
71	1299
72	433
72	1034
72	1135
73	430
73	508
73	736
73	849
73	1018
73	1227
74	852
74	1440
74	1441
75	933
75	945
75	1114
76	653
77	464
77	839
77	1132
78	1414
79	342
79	594
79	849
79	1270
80	454
80	1045
80	1424
81	576
81	738
82	549
82	861
82	929
82	1174
82	1280
83	287
83	934
83	1153
83	1227
84	269
84	700
84	709
84	1182
84	1252
85	241
85	721
85	1017
86	268
86	392
87	690
87	713
87	1064
88	124
89	118
89	140
89	510
89	562
89	576
89	773
89	869
89	989
89	1403
90	341
90	747
90	1264
91	632
91	1224
91	1260
92	120
92	368
92	407
92	598
92	1491
92	1497
93	189
93	640
93	745
94	349
95	176
95	417
96	279
96	1044
96	1375
96	1378
96	1424
97	191
97	962
97	977
97	1407
98	525
99	433
100	1294
100	1365
101	112
101	159
101	707
101	942
101	1380
102	123
102	897
102	1089
103	200
103	994
104	156
104	298
104	545
104	669
104	709
104	1312
104	1316
104	1390
105	113
105	194
105	342
105	1173
106	660
106	1140
106	1187
107	748
108	434
108	550
108	860
108	951
108	966
109	351
109	423
109	708
109	948
109	1217
109	1303
110	1415
111	652
111	661
111	1399
111	1407
112	566
112	681
112	1031
113	355
113	1009
114	153
114	332
114	465
114	490
114	704
114	1230
115	659
115	981
115	1007
116	170
116	1069
116	1335
117	232
117	644
117	698
117	826
117	901
117	1337
118	303
118	862
119	300
119	631
119	1263
120	1095
120	1150
121	172
121	372
121	726
121	1411
122	153
122	567
122	1023
122	1082
123	488
123	1069
123	1489
124	437
124	927
125	140
125	230
125	236
125	369
125	1237
126	1271
126	1355
127	449
127	870
127	1166
127	1183
128	849
128	991
128	1343
129	212
129	1395
130	499
130	874
130	889
131	154
131	792
131	805
131	971
131	1210
132	374
132	1208
132	1350
133	288
133	550
133	897
134	658
134	1136
134	1460
135	402
135	424
135	551
135	641
135	1204
136	224
136	739
136	1336
136	1376
136	1434
137	418
137	438
137	1301
137	1389
138	761
139	481
139	559
139	944
139	1447
140	1157
140	1175
141	1181
141	1381
142	967
142	1084
143	430
143	1329
143	1413
143	1472
144	535
144	755
144	894
144	913
144	926
144	1224
145	486
145	511
145	567
145	673
145	704
145	1009
145	1380
146	516
146	928
146	1089
147	1218
148	467
148	856
148	888
148	962
148	1264
149	708
149	758
149	1114
149	1314
150	290
150	998
150	1333
150	1391
151	262
151	753
151	920
151	951
152	897
152	1308
153	678
153	1048
153	1097
153	1200
154	202
154	517
155	327
155	743
155	774
155	1204
156	176
156	437
156	836
156	858
156	1326
157	815
157	1152
158	1393
158	1435
159	480
159	692
159	955
159	1327
159	1449
160	172
160	551
160	599
160	1206
161	298
161	502
161	1110
162	446
162	778
162	817
162	1371
162	1405
162	1432
163	223
163	291
163	1318
164	235
164	276
164	401
164	417
164	1029
164	1033
164	1088
165	884
165	1187
165	1300
165	1459
166	459
166	614
166	694
166	771
166	804
166	1103
166	1109
167	478
167	584
167	905
167	1197
167	1492
168	340
168	778
168	826
168	1008
168	1070
169	659
169	681
169	890
170	401
170	886
170	1070
170	1260
170	1358
170	1400
171	559
171	1035
172	560
172	711
172	768
172	1178
172	1316
173	443
173	1343
173	1452
174	700
175	737
175	951
175	1424
176	285
176	589
177	390
177	611
177	663
177	953
177	1061
178	1167
178	1326
178	1411
178	1482
179	1324
180	390
180	762
180	932
180	1007
181	307
181	564
181	961
181	1053
181	1198
181	1282
181	1329
182	1088
182	1130
183	302
183	361
183	608
183	1308
184	715
184	894
184	1377
185	239
185	324
185	511
185	529
185	774
185	911
185	1381
186	215
186	735
186	1111
187	210
187	712
187	815
187	1019
187	1266
188	901
188	1008
188	1078
189	712
189	797
189	907
189	1069
189	1248
190	513
190	967
190	1025
190	1247
191	731
191	743
191	971
191	1273
191	1499
192	510
192	1218
192	1334
193	297
193	331
193	836
193	884
193	966
193	1410
194	501
194	1076
194	1430
195	382
195	383
195	1033
195	1291
195	1375
196	337
196	1238
196	1256
196	1339
196	1391
197	198
197	214
197	243
197	412
197	644
197	859
197	1379
198	566
199	856
201	319
201	339
201	366
201	456
201	743
201	1093
201	1191
202	365
202	587
202	769
202	796
202	1103
203	476
203	1001
203	1200
204	424
204	929
204	1084
204	1091
204	1436
205	590
205	613
205	835
205	911
205	1112
205	1256
206	513
206	1199
206	1391
207	339
207	1031
207	1291
208	923
208	972
209	304
209	336
209	371
209	575
209	805
209	924
209	1030
210	259
210	265
210	1282
210	1340
210	1389
211	283
211	383
211	842
211	1487
212	406
212	706
212	994
212	995
213	528
213	672
213	962
214	483
214	658
214	1102
214	1365
214	1413
215	565
215	567
215	861
215	1240
216	597
216	684
217	508
218	266
218	857
218	923
218	1416
219	252
219	566
219	837
219	1040
220	296
220	351
220	799
220	1159
220	1170
221	465
221	1313
221	1473
222	227
222	265
222	803
222	806
222	832
222	1047
222	1235
223	695
223	1468
224	528
224	569
224	586
224	859
224	1029
225	1325
226	238
226	392
226	691
226	842
227	505
227	559
227	631
227	1059
227	1119
228	826
228	923
228	1293
228	1441
229	551
229	953
229	1191
229	1402
230	949
230	961
231	323
231	365
231	869
231	1076
232	264
232	407
232	952
232	994
233	332
233	475
233	543
233	621
234	727
234	1267
235	347
235	373
235	461
235	1026
235	1050
235	1272
235	1330
235	1427
235	1449
236	484
236	652
236	748
236	799
236	1116
237	282
237	702
237	810
237	994
238	929
238	1079
239	604
239	639
239	666
239	1010
240	287
240	715
240	1238
240	1279
241	272
241	818
241	1444
242	835
242	1095
243	495
243	552
243	645
243	690
244	259
244	507
244	978
244	1243
244	1253
244	1363
245	886
246	287
246	341
246	1099
247	759
247	957
247	1055
247	1206
247	1455
248	507
248	795
248	1080
248	1145
249	364
249	585
249	902
249	1042
249	1085
249	1433
250	707
250	982
250	1144
250	1315
251	487
251	1236
251	1383
251	1494
252	481
252	495
252	773
252	1081
253	273
253	320
253	486
253	503
253	940
253	1117
253	1120
253	1283
253	1459
253	1484
254	622
254	624
255	534
255	843
255	850
255	1098
256	312
256	749
256	1107
256	1144
257	405
257	674
258	307
258	314
258	320
258	503
258	584
258	670
258	700
258	857
259	553
259	637
259	973
260	533
260	786
260	1033
260	1370
260	1476
261	352
261	920
261	952
262	341
262	883
262	1424
263	692
263	882
263	1157
263	1216
263	1470
264	394
264	828
264	1102
265	599
265	600
265	760
266	497
266	867
266	1306
267	1418
267	1453
268	716
268	826
268	966
268	1022
268	1177
269	363
269	543
269	1281
269	1469
270	368
270	477
270	670
270	793
270	930
270	1019
270	1314
271	505
271	960
271	990
271	1089
271	1261
272	786
272	1079
272	1235
272	1271
272	1319
273	291
273	888
273	1018
273	1209
274	774
275	604
275	848
275	911
275	1151
275	1242
275	1301
275	1469
276	1127
276	1311
276	1354
277	475
277	1104
278	279
278	469
278	679
278	775
278	965
279	1039
279	1349
279	1398
280	574
280	790
280	1212
281	416
281	642
281	710
281	800
281	877
282	296
282	401
282	520
282	855
282	881
282	1310
283	874
283	990
284	876
284	1391
284	1437
285	625
285	649
285	1093
285	1207
285	1254
285	1317
285	1421
286	504
286	811
287	438
287	970
288	358
288	1127
289	1485
290	367
290	448
290	711
290	858
290	1039
290	1130
291	301
291	625
291	861
291	1064
291	1252
292	479
293	494
293	570
293	782
293	1130
293	1294
293	1428
294	666
294	1148
295	317
295	566
295	607
295	1481
296	331
296	1170
297	1057
298	789
298	1311
298	1404
298	1435
299	499
299	1143
300	750
300	807
300	913
300	1377
301	443
301	477
301	1123
301	1184
302	321
302	490
302	902
302	1054
302	1402
302	1444
303	388
303	819
303	1103
303	1244
303	1421
304	340
304	693
304	1443
305	1429
306	881
306	934
306	985
307	433
307	996
307	1486
308	516
309	326
310	867
310	1498
311	866
311	882
311	1154
311	1468
312	591
312	976
313	1310
313	1376
313	1447
314	456
314	475
314	1067
314	1139
314	1402
315	1037
316	696
316	1350
317	380
317	679
317	745
317	1021
318	546
319	537
319	895
319	1055
319	1119
320	445
320	565
320	928
320	983
320	1150
320	1226
320	1254
321	403
321	499
321	669
321	1216
322	548
322	600
322	1457
323	406
323	748
323	1323
324	821
324	894
324	954
324	1053
324	1153
324	1158
324	1287
324	1291
325	331
325	545
325	1051
325	1118
326	598
326	741
327	600
327	1120
328	781
328	1055
329	502
329	679
329	1124
329	1218
329	1262
330	1021
330	1306
330	1469
330	1481
331	402
331	1002
332	978
332	1283
332	1371
333	374
333	484
333	1133
333	1259
333	1352
334	632
334	1119
334	1237
334	1273
334	1369
334	1462
334	1492
335	366
335	440
335	461
335	650
335	1356
336	1049
336	1112
336	1179
337	472
337	731
338	724
338	804
338	1008
338	1127
338	1156
338	1180
339	913
339	947
339	967
340	520
340	841
340	1221
341	1127
342	1244
342	1310
342	1315
343	970
344	398
345	476
345	1173
346	1469
347	524
348	416
348	1298
349	513
349	1233
350	687
351	1139
351	1161
351	1488
352	596
352	984
352	1093
352	1276
353	865
353	1036
354	1220
354	1370
354	1385
355	674
355	731
355	916
355	1483
356	1111
357	747
358	677
359	697
359	949
359	1071
359	1323
360	516
360	645
360	1023
360	1061
360	1157
360	1225
361	485
361	1051
361	1119
362	943
362	1341
362	1373
363	451
363	904
363	1285
364	475
364	675
364	829
365	674
365	1062
366	451
366	661
366	965
366	1414
367	754
368	1066
368	1177
369	534
369	659
369	845
369	938
369	1340
370	576
370	1362
370	1388
371	439
371	1119
371	1338
371	1399
371	1454
372	380
372	1407
373	432
373	1121
374	493
374	1458
375	637
375	1128
376	590
376	615
376	895
376	1381
377	521
377	667
377	1041
377	1101
377	1148
377	1338
378	514
378	619
378	1200
378	1229
378	1417
378	1493
379	1175
379	1423
379	1435
380	715
380	1010
380	1113
380	1131
381	597
381	655
381	852
381	1142
382	625
383	486
383	673
383	925
383	1312
383	1482
384	995
385	533
385	634
385	816
385	1040
386	510
386	616
386	758
386	1073
386	1305
387	700
387	1128
387	1147
388	436
388	721
388	894
388	1276
389	401
390	428
390	688
390	1397
391	866
391	913
391	1427
392	798
392	1013
393	730
393	897
393	928
393	1251
393	1333
394	487
394	1207
394	1366
394	1385
394	1476
394	1477
395	687
395	889
395	1013
395	1151
395	1164
395	1365
396	838
397	399
397	526
397	549
397	716
397	791
397	1332
397	1452
397	1490
398	451
398	551
398	888
398	1126
398	1198
398	1288
398	1303
399	572
400	1051
400	1225
401	693
401	769
401	897
401	1227
402	672
402	877
402	890
402	1200
403	651
403	900
403	1230
403	1241
404	607
404	610
404	992
405	535
405	624
406	600
406	998
407	452
407	830
407	856
407	1214
407	1215
407	1355
407	1390
408	750
408	1140
409	631
409	837
409	929
409	1346
410	959
410	1400
411	551
411	574
411	1373
411	1478
412	878
412	1071
413	711
413	1058
413	1254
413	1306
413	1475
414	562
414	1345
415	1061
415	1118
415	1373
415	1469
416	606
416	1122
416	1276
417	539
417	619
417	655
417	983
417	1389
418	818
418	1155
419	473
419	1038
419	1264
420	785
420	956
420	977
421	633
421	642
421	736
421	830
421	1003
421	1120
421	1275
421	1409
422	743
422	766
422	1130
423	437
423	672
423	822
423	980
423	1107
423	1375
424	487
424	616
424	1275
425	760
425	972
425	1213
425	1334
425	1442
426	935
427	523
427	1465
428	542
428	546
428	802
428	1147
428	1197
429	657
429	802
429	995
431	678
431	1158
432	642
432	896
432	905
432	1152
434	1124
434	1295
435	481
435	573
435	579
435	1312
436	854
436	1419
437	654
437	785
437	1485
438	594
438	847
438	1082
438	1086
438	1385
439	482
439	642
439	694
439	1001
439	1162
439	1414
440	677
440	818
440	1213
441	694
441	1088
442	503
442	634
442	931
442	1019
442	1043
442	1255
442	1454
443	790
443	1414
443	1425
444	623
444	1018
444	1053
444	1263
445	550
445	768
445	1188
445	1444
446	503
446	621
446	1062
446	1078
447	566
447	862
447	1056
447	1377
448	667
449	513
449	1096
449	1222
449	1469
450	1095
451	597
451	625
451	668
451	888
451	1493
452	1001
452	1111
452	1164
452	1260
453	796
453	1460
454	619
454	677
455	592
456	618
456	826
456	1411
457	752
458	872
458	904
459	1425
460	513
460	833
460	849
461	696
461	874
461	1079
461	1145
461	1454
462	595
463	892
463	1107
463	1457
464	783
465	552
466	944
466	1316
467	696
467	803
467	970
467	1003
467	1471
468	771
468	991
468	1230
468	1270
469	886
470	924
471	704
471	763
471	770
472	785
472	1134
473	688
473	1471
474	493
475	496
475	836
475	1044
477	784
477	1080
477	1440
478	1125
478	1220
478	1338
479	689
479	906
479	1268
481	1403
482	1051
483	1148
483	1462
484	1443
485	506
485	719
485	874
485	1442
486	512
486	896
486	1120
486	1269
486	1461
487	1399
487	1403
488	598
488	1149
489	672
489	985
489	1443
490	850
490	1438
491	666
491	1444
492	537
492	998
492	1245
493	541
493	546
493	593
493	617
493	991
493	1245
494	981
494	1489
495	1194
496	595
496	1136
496	1140
497	892
497	1302
497	1386
498	933
499	1300
500	741
501	738
501	791
501	796
502	1023
502	1167
503	533
503	1260
503	1451
504	806
504	811
504	906
505	958
505	1171
509	743
509	796
509	1087
509	1153
509	1192
510	1217
511	611
511	821
511	1025
511	1420
512	634
512	840
512	956
513	699
513	955
513	1031
513	1177
514	675
514	750
514	780
514	1230
515	675
515	712
515	766
515	1220
516	1283
517	1005
517	1437
517	1459
518	598
518	1047
518	1072
518	1255
519	1254
520	1355
521	1146
522	850
522	1393
524	800
524	1082
525	663
525	846
525	847
525	1270
526	986
526	1010
528	736
528	1036
528	1154
529	561
529	629
529	1276
529	1374
530	870
531	785
531	827
531	1274
531	1400
532	930
533	769
533	804
533	1302
534	590
534	1090
535	649
535	1230
535	1408
536	597
536	1217
536	1233
536	1274
538	743
538	913
538	1100
538	1372
538	1479
539	721
539	1216
540	1065
540	1095
540	1253
540	1369
541	797
541	1429
542	854
542	1375
543	735
543	951
543	962
543	1149
544	772
544	821
544	950
544	1003
544	1330
545	1260
545	1440
546	632
546	761
546	765
546	1301
546	1411
546	1412
546	1467
547	1047
547	1458
548	608
548	933
549	703
549	802
549	1153
550	614
550	1082
552	775
553	669
553	767
553	1044
554	935
555	750
555	822
555	1206
555	1267
556	700
556	754
556	834
556	862
556	1435
557	634
558	607
558	707
558	750
558	819
558	1151
558	1370
559	599
559	723
559	752
559	842
559	919
559	1155
559	1215
559	1336
559	1419
560	1064
561	835
561	932
561	1171
562	721
562	1049
563	577
563	817
563	1396
564	949
564	1137
564	1394
564	1495
565	676
565	753
565	963
566	868
567	1070
568	580
568	604
569	628
569	1082
569	1162
569	1324
571	576
571	823
571	942
571	1420
571	1431
572	1299
573	662
573	935
574	639
574	1230
575	910
575	951
575	1477
576	966
576	1042
576	1109
577	852
577	1000
578	590
578	1176
578	1278
578	1388
579	1076
580	710
580	991
580	1347
581	717
581	810
581	881
581	1008
581	1354
581	1479
582	1186
583	705
584	1082
585	822
585	1107
585	1190
586	1141
586	1314
586	1391
587	909
587	1132
588	1498
589	907
589	1050
589	1252
590	647
590	1201
590	1425
591	886
591	1167
592	864
592	1041
592	1280
593	652
593	853
593	943
595	835
595	986
595	991
595	1067
595	1194
595	1426
596	876
596	919
596	1167
596	1284
597	650
597	711
597	1410
598	1399
598	1494
599	601
600	840
600	1277
600	1317
600	1451
601	973
601	1136
601	1246
601	1450
602	917
602	1180
603	1382
604	1120
604	1478
605	661
605	1174
606	1256
606	1345
607	722
607	1399
608	1122
608	1276
609	628
610	797
610	895
610	982
610	1268
610	1354
610	1470
611	612
612	831
612	945
612	1155
613	739
613	1226
614	930
614	1101
615	1005
616	664
616	907
616	1306
617	1019
617	1264
617	1429
618	766
618	1058
619	627
619	1108
620	754
620	1248
620	1364
621	1479
622	819
623	700
623	1008
623	1221
623	1432
624	1054
624	1074
624	1101
624	1176
624	1377
624	1393
625	781
626	713
626	757
626	791
626	1477
626	1492
627	1012
627	1198
627	1431
627	1479
628	800
628	894
628	1435
630	637
630	717
630	903
631	1328
632	782
632	856
632	897
632	920
632	1472
633	771
633	1035
633	1115
633	1345
633	1434
634	752
634	755
634	843
635	1303
636	834
636	1309
636	1399
636	1482
637	1052
638	1324
639	834
639	1033
639	1078
640	1242
640	1416
641	932
641	1017
641	1491
642	1246
643	993
643	1174
644	1251
644	1420
645	979
647	699
647	999
647	1311
647	1406
648	1114
648	1364
648	1412
649	1034
649	1374
650	950
651	673
652	743
652	1324
654	766
654	1098
655	745
655	1416
656	910
656	1130
657	1136
657	1274
657	1499
658	839
658	1384
659	1104
660	662
660	1119
660	1168
663	697
664	1238
665	1038
666	823
667	1273
668	822
668	825
668	961
668	1003
669	799
669	996
669	1212
670	764
670	1132
671	698
671	742
671	749
671	1036
671	1180
671	1316
672	929
672	963
672	1305
673	746
673	1020
673	1126
673	1254
673	1437
674	717
674	942
674	1200
674	1270
674	1473
675	1052
676	688
676	883
676	1263
677	959
677	1204
678	725
678	1019
680	691
680	838
680	1133
680	1250
681	1190
681	1363
682	767
682	846
682	926
682	1045
682	1237
683	751
683	812
683	860
683	975
683	1017
684	1402
685	1117
686	741
687	710
688	847
688	897
688	1308
688	1322
688	1346
689	716
689	1434
690	1028
690	1219
691	746
691	1403
691	1490
692	1223
693	740
693	742
693	797
693	811
693	817
693	1115
694	706
694	773
694	847
694	1480
695	1086
695	1358
696	1275
696	1495
697	705
697	1382
698	857
699	1006
699	1036
699	1179
700	873
700	963
700	1314
700	1431
701	1060
701	1198
701	1431
702	883
702	892
702	1054
703	1426
704	709
704	757
704	848
705	792
706	1351
707	1402
707	1441
708	711
708	960
708	1337
709	819
709	920
709	1389
710	973
710	1197
710	1375
711	817
711	1232
711	1366
712	755
712	1057
712	1304
713	866
713	1030
713	1458
713	1466
714	1058
714	1256
714	1305
714	1473
716	1051
717	900
717	987
717	1211
717	1409
718	1316
720	786
720	898
721	788
721	1354
721	1375
721	1428
722	761
723	748
724	725
725	1389
725	1419
726	758
728	991
728	1023
728	1438
729	1277
729	1385
731	1258
731	1290
731	1355
731	1446
732	1232
733	1423
734	865
734	1457
735	884
735	1128
735	1421
736	1334
737	1356
737	1426
737	1456
738	874
738	1314
738	1396
739	1082
740	910
740	1110
741	1023
741	1295
742	1088
743	794
743	891
743	1358
743	1486
744	1006
744	1293
744	1398
744	1430
744	1491
746	782
746	1273
747	1481
749	1004
749	1254
750	761
750	981
751	1041
751	1157
751	1453
752	1255
752	1375
752	1459
753	756
753	838
753	1371
754	1248
755	962
755	1286
756	788
757	935
757	1334
758	912
758	1077
758	1329
760	848
760	1416
761	1233
763	820
763	1156
763	1430
764	831
764	962
764	1128
764	1268
764	1422
766	848
766	926
766	1175
767	1491
768	956
768	1273
769	1142
769	1186
770	1061
770	1333
773	1151
774	859
774	864
775	1224
776	1030
776	1254
776	1300
776	1385
776	1406
777	1162
778	877
778	1061
778	1162
778	1308
779	975
779	980
779	1299
779	1391
780	922
780	1050
781	1106
781	1295
782	1055
782	1472
783	858
784	872
784	1121
785	1163
786	945
786	1270
786	1411
787	1191
788	1000
789	818
789	1450
789	1497
791	851
791	924
791	1119
791	1442
792	1005
792	1231
792	1325
792	1327
793	1301
793	1408
793	1460
795	1127
795	1185
795	1260
796	1129
796	1186
797	1184
797	1370
797	1498
799	998
799	1091
800	990
800	1141
801	998
801	1181
802	1042
802	1174
803	1431
804	1094
804	1296
805	1491
806	898
806	1099
806	1277
806	1305
807	894
807	1270
807	1480
808	1129
810	871
810	887
810	922
810	1057
810	1466
811	847
811	985
811	1089
811	1119
811	1264
812	1055
812	1356
812	1471
812	1478
813	902
813	1072
813	1326
814	1135
815	1231
815	1247
815	1276
815	1400
816	1122
817	1220
818	823
819	1296
820	943
820	1107
820	1118
820	1122
820	1149
821	1068
821	1128
821	1353
822	978
822	1095
823	1013
824	826
824	1124
825	1348
826	1473
828	890
828	1130
828	1225
829	888
829	909
830	1496
831	1128
833	1090
836	1027
836	1416
837	1403
837	1433
838	878
838	1485
839	923
839	1417
841	1228
843	1109
843	1157
844	993
846	917
847	1278
848	1285
848	1359
849	957
849	1003
849	1066
849	1230
850	1169
850	1365
850	1391
851	1248
852	876
852	1099
853	1463
854	869
854	1140
854	1153
855	1031
855	1044
855	1488
856	1487
857	1355
858	1144
858	1457
859	1303
860	1317
861	1152
863	1002
863	1019
863	1312
864	1073
864	1310
865	969
866	906
866	1095
866	1149
866	1257
866	1259
866	1430
868	1209
870	972
870	1012
870	1192
870	1240
871	1036
871	1169
871	1286
871	1467
872	920
872	1148
872	1228
873	1318
873	1402
873	1450
875	1205
876	911
877	1234
880	1492
883	1025
883	1046
884	901
884	1053
885	1405
886	1032
887	935
887	1065
888	913
888	1256
889	1067
890	898
890	988
890	1178
890	1368
890	1380
890	1400
891	1004
891	1323
892	1211
892	1428
892	1438
893	897
893	1181
894	1396
894	1469
895	1218
896	1037
896	1157
896	1495
897	936
897	1029
897	1404
898	1361
899	1300
900	1072
900	1082
901	1315
901	1377
902	1024
903	1193
904	1351
905	908
905	1487
906	1115
906	1134
907	918
908	937
908	1452
909	1190
909	1204
909	1467
910	944
911	1137
911	1240
913	937
913	1332
913	1362
914	1127
914	1384
916	1235
916	1386
917	982
917	1454
918	1413
919	1126
921	1055
921	1413
922	1184
923	1400
923	1467
924	1335
925	976
925	985
925	1066
925	1290
925	1481
926	1081
926	1442
927	1069
928	1433
929	1021
931	974
931	1293
932	1017
932	1041
932	1215
932	1480
935	1359
935	1375
937	983
938	942
938	1013
938	1466
939	1143
941	1019
941	1023
941	1296
942	1228
942	1283
942	1417
944	1210
944	1414
946	1063
946	1120
947	1095
947	1264
948	1231
949	1017
949	1360
950	1474
951	1466
952	1129
953	1043
953	1427
954	1395
955	1016
955	1125
956	1065
956	1370
957	1080
957	1488
959	1413
960	1221
960	1360
961	1104
961	1387
961	1450
962	1087
962	1244
963	1451
964	1166
964	1332
966	1229
966	1296
967	1073
968	1052
972	1183
973	1453
974	1011
974	1116
975	983
975	1406
976	998
976	1362
978	1287
979	1226
980	1274
980	1399
981	1036
981	1462
983	1368
984	1088
984	1351
984	1461
985	1078
986	1129
986	1266
986	1439
986	1465
988	1375
989	1338
991	1015
991	1233
991	1480
994	1066
994	1119
994	1265
995	1252
996	1264
996	1380
996	1394
996	1444
997	1284
997	1472
999	1316
999	1365
999	1423
1000	1180
1000	1265
1002	1136
1002	1467
1005	1308
1006	1065
1006	1284
1006	1471
1007	1014
1007	1303
1007	1319
1008	1433
1009	1184
1009	1264
1009	1423
1010	1393
1011	1066
1012	1284
1012	1472
1014	1108
1015	1129
1015	1186
1017	1289
1017	1330
1018	1313
1018	1452
1019	1392
1020	1493
1021	1147
1022	1461
1022	1497
1023	1411
1024	1184
1024	1427
1027	1234
1030	1096
1030	1125
1030	1290
1031	1396
1033	1396
1034	1149
1036	1267
1036	1430
1037	1061
1037	1366
1037	1436
1038	1147
1038	1316
1038	1394
1039	1242
1039	1425
1040	1066
1040	1290
1041	1155
1041	1242
1041	1382
1041	1442
1044	1067
1044	1383
1045	1386
1045	1453
1048	1277
1049	1438
1050	1070
1050	1176
1050	1488
1052	1090
1052	1215
1052	1273
1052	1334
1052	1346
1052	1486
1053	1207
1054	1112
1055	1383
1055	1423
1057	1098
1057	1429
1058	1209
1058	1345
1058	1378
1059	1133
1059	1145
1059	1309
1059	1447
1060	1292
1061	1174
1062	1141
1062	1425
1064	1083
1066	1386
1066	1488
1068	1361
1069	1104
1069	1324
1069	1442
1069	1492
1070	1196
1070	1264
1070	1351
1071	1134
1071	1321
1071	1326
1071	1410
1071	1421
1071	1431
1071	1444
1072	1218
1072	1364
1073	1149
1074	1183
1074	1489
1075	1477
1076	1355
1076	1439
1077	1128
1077	1335
1078	1086
1078	1340
1079	1368
1079	1393
1082	1350
1082	1420
1082	1447
1083	1099
1087	1162
1088	1268
1088	1453
1089	1095
1089	1390
1090	1273
1090	1378
1092	1441
1093	1172
1095	1483
1096	1243
1097	1281
1097	1459
1098	1153
1098	1344
1099	1149
1100	1441
1103	1392
1105	1411
1106	1229
1107	1213
1107	1354
1107	1461
1108	1200
1108	1489
1109	1304
1111	1429
1112	1193
1112	1467
1113	1388
1115	1239
1115	1456
1115	1467
1118	1402
1119	1302
1119	1392
1120	1310
1122	1168
1123	1328
1123	1427
1124	1160
1124	1325
1125	1258
1125	1303
1126	1203
1126	1424
1127	1275
1127	1310
1127	1370
1128	1268
1129	1217
1131	1254
1135	1460
1138	1210
1138	1246
1138	1359
1138	1420
1138	1449
1139	1412
1140	1214
1141	1276
1141	1404
1142	1143
1143	1355
1147	1266
1148	1467
1149	1490
1151	1385
1152	1278
1152	1326
1154	1448
1155	1325
1156	1297
1159	1185
1159	1380
1159	1420
1159	1439
1162	1355
1163	1215
1163	1438
1164	1378
1164	1495
1165	1370
1165	1411
1166	1270
1167	1248
1169	1469
1170	1294
1171	1233
1172	1263
1173	1228
1173	1316
1174	1255
1174	1360
1175	1482
1177	1206
1177	1497
1178	1262
1182	1203
1185	1436
1185	1466
1186	1354
1188	1227
1188	1259
1188	1294
1189	1321
1189	1330
1190	1493
1191	1311
1192	1422
1193	1388
1193	1402
1194	1296
1195	1367
1195	1453
1198	1290
1200	1363
1201	1286
1202	1342
1202	1344
1204	1363
1206	1214
1208	1466
1210	1268
1211	1383
1212	1335
1213	1456
1215	1309
1216	1230
1216	1452
1223	1436
1225	1488
1227	1263
1227	1300
1228	1456
1229	1403
1232	1315
1232	1474
1234	1280
1234	1350
1235	1304
1235	1308
1236	1365
1237	1367
1238	1316
1240	1263
1240	1347
1242	1378
1245	1321
1246	1270
1246	1455
1247	1251
1248	1288
1251	1365
1252	1347
1252	1367
1254	1283
1254	1289
1255	1473
1256	1267
1257	1401
1258	1394
1259	1265
1259	1434
1260	1440
1264	1445
1268	1347
1269	1281
1271	1279
1271	1324
1274	1324
1280	1461
1281	1287
1281	1488
1285	1338
1287	1429
1287	1472
1288	1497
1294	1358
1294	1393
1296	1300
1296	1471
1298	1457
1301	1346
1306	1498
1308	1361
1321	1438
1324	1384
1327	1488
1328	1448
1331	1364
1342	1473
1346	1354
1348	1395
1355	1390
1358	1445
1359	1362
1359	1372
1359	1464
1364	1453
1366	1386
1366	1392
1368	1443
1373	1414
1374	1456
1376	1466
1377	1418
1380	1445
1382	1468
1384	1446
1385	1451
1394	1422
1395	1493
1399	1447
1404	1491
1407	1494
1410	1478
1415	1448
1423	1431
1426	1451
1457	1461
1476	1492