0	48
0	192
1	492
1	1462
2	402
2	954
2	1381
3	617
3	875
3	1443
4	86
4	207
4	1380
5	94
5	156
5	796
5	989
5	1089
5	1243
6	767
6	812
6	1100
6	1109
6	1366
7	421
7	431
7	476
7	502
7	1008
7	1075
7	1133
8	22
8	1333
9	244
9	420
9	577
9	871
9	1471
10	191
10	325
10	330
10	1045
10	1221
10	1287
11	260
11	502
11	743
11	872
11	1002
12	212
12	1131
12	1390
12	1422
13	190
13	245
13	313
13	342
13	491
13	983
13	1012
13	1058
14	276
14	385
14	595
14	765
14	1051
14	1060
14	1324
15	24
15	165
15	300
15	329
15	352
15	500
15	517
15	836
16	43
16	544
16	849
16	910
16	1051
17	687
17	1068
18	402
18	441
19	472
19	814
20	366
20	816
20	835
21	108
21	581
22	698
22	822
22	1332
23	984
23	1339
24	1140
24	1170
25	811
25	831
25	1058
25	1094
25	1138
25	1316
26	823
26	1486
27	216
28	35
28	501
28	602
28	818
29	78
29	561
30	78
30	91
30	544
30	575
31	579
31	914
31	1285
31	1482
32	387
32	514
32	875
33	135
33	507
33	609
33	1325
34	866
35	649
36	56
36	147
36	159
36	988
36	1248
36	1427
37	155
37	773
37	1058
37	1085
37	1094
38	109
38	172
38	366
38	650
38	941
38	946
39	324
39	819
39	1109
39	1113
39	1286
39	1301
39	1388
40	53
40	84
40	213
40	306
40	450
40	455
41	1133
41	1188
42	119
42	499
42	609
42	980
42	1124
42	1377
43	646
44	255
44	480
45	560
45	838
45	1192
45	1455
46	791
47	105
47	161
48	360
48	760
48	883
48	984
48	1146
48	1337
49	195
49	347
49	551
49	1373
50	106
51	612
51	757
51	915
51	920
51	1449
52	138
52	848
52	871
52	885
52	1491
53	315
53	777
53	1130
53	1443
53	1492
54	766
55	595
55	770
55	937
55	945
55	1485
56	73
56	103
56	679
56	699
56	1094
56	1438
56	1480
57	111
57	176
58	142
58	292
58	966
59	398
60	1128
60	1284
61	253
61	571
61	789
61	1173
61	1462
62	587
62	1010
63	334
63	393
63	635
63	866
63	929
63	1319
64	332
64	723
65	463
65	1130
66	249
66	404
66	559
67	154
67	319
67	587
67	1270
68	127
68	479
68	567
68	812
68	836
68	1163
68	1186
69	680
69	822
69	1449
70	308
70	770
71	891
71	985
71	1209
72	187
72	381
72	800
72	945
72	965
72	1023
72	1067
72	1331
72	1481
72	1486
73	281
73	504
73	596
73	925
73	1141
73	1284
73	1423
74	712
74	929
74	1074
74	1195
75	763
76	338
76	567
76	696
76	1199
77	221
77	565
77	634
77	751
77	771
77	965
77	1182
78	105
78	232
78	650
78	710
78	1063
79	896
79	900
80	419
80	800
80	907
80	1391
80	1499
81	329
81	630
81	699
81	1154
81	1180
81	1324
81	1390
82	355
82	656
82	689
82	911
82	1191
82	1365
83	751
83	1496
84	175
85	1065
86	127
86	361
86	568
86	1244
86	1308
87	290
87	692
87	985
87	1391
88	219
88	442
88	1372
89	236
89	505
90	467
90	1060
91	935
91	1190
92	420
92	518
92	702
92	875
92	1247
93	690
93	746
93	888
93	902
94	110
94	176
94	180
94	236
94	329
94	686
94	697
94	772
94	1020
94	1486
95	1246
95	1341
96	150
96	921
96	1034
96	1054
96	1382
97	613
97	1007
97	1465
97	1494
98	219
98	240
98	562
99	1018
99	1076
100	350
100	818
101	241
102	651
102	1097
103	218
103	257
103	278
103	306
103	363
103	366
103	380
103	494
103	546
103	736
103	910
103	1065
104	285
104	343
104	594
104	953
104	1289
105	933
105	993
105	1061
105	1127
105	1408
106	457
106	1246
107	1418
107	1477
108	227
108	502
108	662
108	941
108	1120
108	1126
108	1188
108	1307
108	1477
108	1487
109	446
109	734
109	890
109	915
109	1088
109	1127
109	1144
109	1217
109	1287
109	1338
109	1364
110	638
110	1007
111	1005
111	1016
111	1335
111	1474
112	206
112	897
112	911
113	399
113	1222
113	1306
114	480
114	978
114	1129
114	1197
115	244
115	414
115	488
115	893
115	903
115	1060
115	1110
115	1149
115	1239
116	272
116	413
116	1260
116	1357
117	378
118	492
118	513
118	608
119	346
119	979
119	1142
119	1192
120	249
120	1364
121	414
121	445
121	1173
121	1280
121	1425
122	350
122	789
122	825
122	907
122	1117
123	494
123	499
124	1389
125	425
125	439
125	1312
126	774
126	799
126	896
126	1046
126	1313
127	159
127	346
127	348
127	504
127	1040
127	1050
127	1217
127	1485
127	1492
128	292
128	364
128	381
128	643
128	916
129	194
129	314
129	623
129	634
129	691
129	1146
129	1274
129	1303
130	936
130	1122
130	1372
131	640
131	695
131	877
131	880
132	216
133	749
133	848
133	1139
133	1266
133	1304
134	515
134	534
134	736
134	1036
135	866
135	1397
136	813
137	323
137	463
137	787
137	941
137	976
137	1034
138	221
138	401
138	1179
139	248
139	379
139	561
140	491
140	540
140	770
140	1319
140	1465
141	284
141	342
141	344
141	460
142	685
142	933
142	1309
143	1081
143	1095
143	1253
143	1408
144	445
144	533
144	795
144	983
145	822
145	897
145	1323
145	1453
146	571
146	871
146	1089
147	345
147	789
148	282
148	870
149	668
149	703
149	799
150	211
150	663
150	950
150	1272
150	1338
151	1032
152	1335
153	351
153	1002
153	1009
154	575
154	701
154	1352
155	444
155	448
155	505
155	1138
157	751
157	895
157	1068
157	1160
157	1173
157	1200
157	1205
157	1377
157	1390
157	1441
157	1443
158	697
158	1492
159	311
159	466
160	229
160	468
160	1061
160	1087
160	1117
160	1455
161	438
161	602
161	775
162	579
162	1385
162	1421
163	404
163	623
163	991
163	1381
163	1424
164	436
164	1468
165	899
165	1031
165	1200
165	1386
166	364
166	393
166	455
166	462
166	597
166	789
167	176
167	208
167	236
167	494
167	517
167	885
168	264
168	469
168	1191
168	1193
169	466
170	833
170	1496
171	905
171	960
172	235
172	666
172	867
172	937
173	349
173	924
173	1034
173	1137
173	1256
173	1382
173	1450
174	189
174	530
174	811
174	1096
174	1105
174	1462
174	1479
175	320
175	1352
175	1357
176	188
176	718
176	1005
177	228
177	510
177	1316
178	1260
179	670
179	826
179	1177
180	202
180	377
180	783
181	719
181	880
182	356
182	1124
182	1291
182	1452
183	293
183	348
183	594
183	755
183	1147
183	1158
183	1165
183	1226
184	304
184	485
185	211
185	430
185	534
185	831
186	287
186	310
186	580
187	311
187	577
188	415
188	581
188	1118
188	1137
189	420
189	519
189	546
189	547
189	698
189	1359
190	585
190	1100
190	1468
191	403
191	1161
191	1179
192	253
192	515
192	590
192	1045
192	1117
192	1411
193	200
193	878
193	1264
194	651
194	962
195	768
195	779
195	1189
195	1301
195	1317
196	690
196	796
196	904
197	214
197	298
197	515
197	720
198	658
198	1246
198	1279
198	1335
199	209
199	312
199	399
199	425
199	548
199	847
199	908
199	1133
199	1321
199	1455
200	432
200	902
200	1421
201	362
201	436
201	826
201	875
201	1058
202	731
202	1018
202	1067
203	398
203	460
203	841
203	1141
204	219
204	908
205	413
205	529
205	686
205	1205
206	297
206	575
206	906
206	950
206	1077
206	1143
207	889
207	903
207	941
207	1000
208	832
208	1077
208	1190
209	485
209	577
210	602
210	866
210	1140
210	1468
211	290
211	1432
211	1458
212	450
212	824
212	945
212	1174
212	1184
213	459
213	671
213	891
213	1128
213	1320
213	1370
213	1449
214	542
214	851
214	1203
215	1279
216	582
217	843
218	318
218	332
218	609
218	632
218	714
218	982
218	1109
219	413
219	1354
219	1484
220	644
220	655
220	674
220	1006
220	1007
221	429
221	598
221	829
221	1238
221	1245
222	375
222	446
222	1060
222	1247
223	1405
224	304
224	1178
225	227
226	933
226	1068
226	1473
227	1365
227	1419
228	533
229	238
229	412
229	637
229	698
230	417
230	630
230	678
230	927
230	1022
230	1141
230	1340
230	1351
230	1432
231	298
231	391
231	465
231	714
231	1113
231	1361
232	244
232	594
232	724
232	1324
233	757
233	1073
234	384
234	401
234	993
235	396
235	591
235	737
235	1408
235	1425
236	357
236	802
236	1098
236	1104
236	1131
236	1309
237	424
237	535
237	785
237	968
237	1121
238	363
238	575
238	694
238	770
238	833
238	929
239	911
239	1133
240	311
240	825
240	1129
240	1135
241	476
241	1021
241	1072
241	1214
242	1253
243	301
243	303
243	835
243	950
243	1093
244	267
244	848
244	1404
245	775
245	784
245	835
245	1165
245	1336
246	465
246	774
246	1178
246	1232
247	1466
248	770
248	1358
249	403
249	846
249	921
250	1237
250	1457
251	904
251	1122
252	799
252	1159
253	692
253	710
253	744
253	1195
254	262
254	582
254	823
255	767
255	980
256	372
257	942
257	969
258	978
259	327
259	1112
260	1228
261	378
261	421
261	464
261	993
261	1141
262	842
262	1029
263	607
263	667
263	822
263	935
264	756
264	1105
264	1498
265	362
265	1449
266	401
266	1118
266	1151
266	1331
266	1489
267	515
267	1368
268	359
268	752
268	982
268	1338
269	404
270	359
270	1127
270	1358
270	1375
271	735
271	1363
272	515
272	619
272	647
272	944
272	961
272	1034
273	368
273	894
273	931
274	279
274	435
274	919
275	306
275	560
275	632
275	1235
276	1400
277	341
277	368
278	1004
278	1293
278	1333
278	1468
279	530
279	641
279	1334
280	344
280	765
280	925
280	1455
280	1464
281	683
282	582
282	671
282	1171
283	381
283	817
284	403
284	654
284	725
284	963
285	476
285	499
285	580
285	943
285	1190
286	446
286	914
286	1489
287	1051
287	1418
287	1423
288	292
288	1041
289	710
290	341
290	613
290	1012
291	483
292	523
292	757
293	884
293	1053
293	1141
293	1143
294	460
294	1128
294	1181
294	1384
295	773
295	795
295	838
295	950
295	1138
295	1463
295	1474
296	329
296	693
296	880
296	1030
297	1448
298	408
298	438
298	491
298	1102
298	1326
299	487
299	669
299	798
299	975
299	1140
299	1239
299	1437
300	698
301	479
301	591
301	755
301	854
301	1157
302	1441
303	313
303	790
303	816
303	1110
303	1371
304	359
304	525
304	616
304	815
304	1001
305	376
305	840
305	1397
306	1379
306	1438
307	637
307	665
307	671
307	689
307	893
307	1386
308	883
308	1133
309	488
309	516
309	696
309	799
309	1350
309	1409
309	1445
310	443
310	485
310	579
310	662
310	1037
310	1403
311	940
312	414
312	798
312	1186
313	544
313	933
313	942
314	411
314	441
314	1205
315	688
315	938
315	959
315	963
316	699
316	938
317	492
317	758
317	861
317	894
318	411
318	708
318	963
318	1172
319	538
319	988
320	1269
321	570
321	1116
321	1270
322	346
322	750
322	814
322	1062
322	1363
323	400
323	1371
324	649
324	1059
324	1103
325	331
325	541
325	898
325	1041
326	414
326	477
326	623
326	1020
327	875
327	939
327	1200
327	1336
328	561
328	1061
328	1200
329	357
329	520
329	1207
330	626
330	860
330	1320
331	702
331	904
331	1074
331	1398
332	581
332	807
332	1270
332	1352
333	1395
334	602
334	703
334	1063
335	470
335	854
335	1068
335	1092
335	1167
335	1299
335	1381
336	530
336	870
337	637
337	723
337	856
337	1230
337	1383
338	914
338	963
338	1050
338	1173
338	1406
339	505
339	781
339	991
339	1373
340	352
341	424
341	499
341	777
342	393
342	544
342	653
342	1027
343	666
343	1124
344	373
344	755
344	1388
344	1473
345	426
345	525
345	1044
345	1444
346	397
346	771
346	1022
346	1414
347	934
348	790
348	926
348	1049
348	1121
348	1224
349	734
349	750
349	1101
349	1136
349	1486
350	381
351	874
351	1020
351	1123
351	1223
352	379
353	1171
354	377
354	440
354	684
354	896
354	1017
354	1028
354	1491
355	412
355	518
355	709
355	940
355	1144
355	1442
356	604
356	715
356	846
356	943
357	501
357	573
358	496
358	904
358	1036
358	1182
360	519
360	616
360	1309
360	1372
361	979
361	1081
361	1132
362	536
362	844
362	1129
362	1152
362	1324
362	1372
362	1379
363	461
363	505
363	849
363	870
363	1220
364	397
364	771
364	1390
365	455
365	740
365	1293
365	1435
366	869
367	456
367	783
367	1317
367	1448
367	1481
368	467
368	596
368	965
368	1109
368	1225
369	692
369	1187
370	1059
370	1230
371	482
371	633
371	1030
371	1075
372	631
372	921
373	931
373	1014
373	1122
373	1304
373	1453
374	432
374	582
374	648
374	1205
374	1241
374	1389
374	1450
375	615
375	935
375	1404
376	1399
377	402
377	468
377	649
377	652
377	1014
377	1201
378	794
378	796
378	975
378	1030
378	1128
378	1208
379	908
379	950
379	1155
380	420
380	448
380	1208
380	1354
380	1475
381	450
381	774
381	1236
382	543
382	1483
383	735
383	869
384	473
384	614
384	891
384	1480
385	402
385	668
385	855
385	1020
385	1058
385	1230
386	670
386	996
386	1235
387	532
387	545
387	895
387	932
387	984
387	1052
387	1231
388	502
388	1460
389	472
389	757
389	932
389	1097
389	1168
389	1193
389	1477
390	435
390	479
390	842
390	1467
391	782
391	1333
392	1159
393	399
393	734
393	946
394	952
395	727
396	1231
396	1337
397	569
397	1048
398	775
398	975
399	1272
399	1358
399	1371
400	565
400	848
400	907
400	1230
401	453
401	790
401	954
401	1011
402	500
402	563
402	823
402	864
402	992
402	1019
403	1072
404	464
404	1397
404	1481
405	676
405	1382
405	1457
406	663
406	814
406	834
406	886
406	1362
406	1449
407	1485
408	918
409	1106
409	1413
409	1447
409	1449
410	1093
410	1260
411	987
411	1012
412	911
412	1195
413	507
413	866
413	915
413	954
413	1018
414	1013
414	1035
414	1084
414	1162
415	508
415	570
415	863
415	1251
415	1407
416	862
416	1164
417	470
417	745
417	1203
418	655
418	748
419	651
419	1048
419	1174
419	1207
420	577
420	1432
421	624
422	970
423	434
423	715
423	740
424	1142
424	1455
426	563
426	673
426	953
426	1161
427	1331
428	658
428	1409
428	1449
428	1490
429	700
429	855
430	486
430	699
430	973
430	987
430	1339
431	614
431	1060
432	551
432	760
432	880
432	1467
433	740
434	632
434	1466
435	453
435	781
436	794
436	1463
437	869
437	1068
437	1347
437	1394
438	664
438	757
438	1089
438	1248
439	869
439	1232
439	1310
440	1179
440	1194
440	1387
440	1433
441	539
441	689
441	786
441	1017
441	1439
442	960
442	1040
442	1454
443	1066
444	630
444	1066
444	1159
445	685
445	1099
445	1173
445	1409
446	1063
446	1084
446	1237
447	459
447	498
447	1273
449	1344
450	808
450	888
450	1193
450	1320
451	589
451	704
451	708
451	1314
452	700
452	1110
452	1211
453	914
453	988
453	1071
453	1441
454	1283
455	1102
455	1380
455	1491
456	764
457	547
457	668
457	819
457	1199
457	1250
458	688
458	974
459	484
459	754
459	1344
460	467
460	1277
461	993
461	1401
463	472
463	605
463	1381
464	528
464	566
464	578
466	820
466	1325
467	829
468	893
468	1109
470	758
470	1023
471	865
471	964
471	1095
472	786
472	1147
472	1403
473	761
473	1056
474	766
474	989
475	1274
476	963
476	971
476	1063
477	513
477	864
477	1026
477	1042
478	604
478	764
478	804
478	908
478	918
478	1435
479	582
479	816
479	819
479	1261
480	512
480	922
480	1322
481	788
481	1128
481	1354
482	585
482	823
482	897
482	1068
482	1080
482	1105
483	522
483	830
483	937
484	853
484	918
485	677
485	1086
486	661
486	681
486	1247
486	1420
486	1477
486	1485
487	769
488	512
488	785
488	1273
489	646
489	694
489	1013
489	1230
489	1377
490	1128
490	1348
490	1498
491	994
492	558
492	1225
492	1259
492	1262
492	1377
492	1435
492	1471
493	978
493	1193
493	1443
493	1447
493	1498
494	624
494	632
494	796
494	846
494	1248
495	923
495	1006
495	1081
495	1151
495	1152
495	1251
495	1254
496	1016
496	1090
496	1332
497	524
497	885
498	566
498	828
498	1290
499	654
500	1275
501	930
501	1029
502	1080
503	709
503	1287
504	786
505	705
505	998
505	1017
505	1361
506	821
506	1361
507	692
507	1094
507	1292
508	935
508	1312
508	1377
509	694
509	869
510	990
510	1100
511	736
512	532
512	1059
513	598
513	1033
514	620
514	681
514	1279
515	528
515	684
515	1256
516	947
516	1255
517	885
518	900
518	1234
520	1306
520	1447
520	1471
521	1082
521	1116
521	1231
522	755
522	1047
523	1338
524	635
525	569
525	963
525	995
525	1282
526	669
526	1041
527	541
527	877
527	1033
527	1375
528	652
528	797
528	894
528	1397
529	985
530	545
530	1137
530	1252
530	1255
530	1302
530	1434
531	1042
531	1064
531	1207
531	1402
532	859
532	1054
533	738
533	847
533	1054
533	1114
533	1288
534	932
534	938
535	850
535	872
535	1082
535	1227
537	984
537	1045
537	1145
538	672
538	722
538	1066
538	1115
539	901
539	969
539	1401
539	1413
540	1376
541	556
541	1145
541	1339
543	1028
543	1122
544	1092
545	1387
545	1445
546	715
546	723
546	873
546	1311
547	821
547	922
547	1460
548	637
549	633
549	759
549	1241
550	662
550	1339
552	1227
553	755
553	756
553	962
553	1170
553	1311
553	1376
554	589
554	795
554	1182
555	854
555	1049
556	778
556	799
556	817
556	1216
556	1423
557	561
557	692
557	724
557	768
557	909
557	1100
558	807
558	1227
558	1436
558	1444
559	683
559	898
561	705
561	1333
562	691
562	1053
563	751
563	1204
564	754
564	995
565	685
565	827
565	845
565	1458
566	898
566	943
567	847
567	853
567	1056
567	1270
569	698
569	775
569	1168
569	1304
570	1086
570	1233
571	876
571	976
572	853
572	1014
572	1158
573	1091
573	1484
573	1485
574	793
574	798
574	1213
575	885
576	1118
577	1081
577	1107
577	1227
577	1387
578	644
578	949
578	1248
579	1283
580	1203
580	1244
580	1396
581	1036
581	1368
581	1391
581	1474
582	714
583	788
583	931
583	955
583	1040
583	1404
584	1129
584	1450
585	1387
586	1453
586	1481
587	803
587	1014
587	1188
587	1359
588	606
588	917
588	1280
588	1359
589	596
589	745
589	1137
590	829
590	1220
590	1261
591	627
591	801
592	646
592	667
592	805
592	1098
593	728
595	605
595	626
595	864
596	1215
596	1392
597	1267
598	849
598	1073
599	744
599	790
599	917
599	982
599	1015
599	1254
600	1072
600	1208
600	1262
601	1269
602	1483
603	728
603	1066
603	1194
603	1224
603	1233
603	1313
604	813
604	847
605	612
605	724
605	954
605	984
605	1062
606	769
606	775
606	1195
606	1299
608	922
608	1233
608	1416
609	1488
610	639
610	1124
610	1427
611	618
611	918
611	985
611	1030
612	630
612	712
612	733
612	882
613	819
614	908
614	947
614	1093
614	1099
614	1154
614	1250
614	1333
616	655
616	692
616	1089
616	1448
617	1032
617	1247
618	1434
619	1088
619	1495
620	1030
620	1085
621	662
621	1057
621	1223
621	1298
622	1228
622	1455
623	988
624	999
625	1129
626	1329
627	1230
628	1211
629	749
629	914
629	1403
630	937
630	1219
631	1385
632	760
634	804
634	1185
635	741
635	1003
635	1010
635	1340
635	1491
636	741
636	920
636	1004
636	1264
636	1280
637	666
638	774
638	898
638	1131
639	1045
639	1219
640	644
640	1139
641	1424
642	1061
642	1381
643	744
643	890
643	1234
643	1249
644	762
645	825
645	833
645	915
645	1287
646	831
646	1243
647	847
647	1016
647	1184
648	1019
648	1350
649	1477
650	715
650	719
650	987
650	1130
652	746
652	1029
652	1319
652	1472
653	776
653	812
653	1019
653	1079
653	1316
654	983
655	1052
655	1166
656	1121
656	1227
656	1250
657	680
658	808
658	1191
659	980
659	1198
659	1220
659	1311
659	1455
659	1492
660	942
660	1041
660	1179
661	693
661	862
661	871
661	1239
661	1359
662	733
662	870
662	1342
662	1405
663	910
664	968
665	805
665	1180
665	1388
666	835
666	924
666	955
667	842
667	874
667	1412
668	815
668	859
668	891
668	911
668	1254
668	1369
668	1451
669	1000
669	1381
670	757
670	815
670	866
671	911
671	1083
671	1498
673	1393
674	1168
674	1212
674	1365
674	1472
675	749
675	1086
677	1034
678	745
678	824
678	842
678	960
678	1051
678	1175
678	1207
678	1294
679	865
679	907
680	795
680	1048
680	1204
680	1385
681	825
681	992
681	1075
682	951
682	1044
682	1396
683	957
683	1232
685	1178
685	1221
686	827
686	1088
686	1487
687	933
687	952
688	725
688	846
688	945
688	1327
689	774
689	934
689	1349
690	1293
690	1341
691	1143
691	1276
693	1068
693	1232
693	1257
694	784
694	1029
694	1178
695	776
695	1017
696	951
696	1049
696	1069
697	878
698	1420
699	730
699	1235
699	1315
699	1435
700	870
700	1086
700	1099
700	1356
701	855
701	1241
703	1400
704	913
704	977
704	1085
705	1024
706	858
707	787
707	1151
707	1440
707	1487
709	1062
710	1068
710	1162
710	1212
710	1302
710	1352
710	1390
711	1045
712	1469
713	1030
714	982
714	1018
714	1081
714	1126
714	1226
714	1415
714	1471
715	817
715	1082
715	1274
715	1346
716	1162
717	924
717	943
717	970
717	1300
720	1042
720	1343
720	1396
720	1414
721	1151
722	817
722	981
723	1270
724	826
725	901
725	1275
726	769
726	1139
727	929
727	1222
728	733
728	897
728	941
728	1084
729	1128
732	847
732	1273
733	1039
733	1351
734	986
734	992
734	1339
734	1399
735	1236
735	1370
736	746
737	1355
738	758
738	886
738	1345
738	1432
739	1112
739	1179
740	783
740	1188
740	1230
740	1267
741	927
741	1352
742	1089
743	963
744	1468
745	847
745	1165
745	1267
745	1485
746	1077
746	1270
747	930
747	1250
748	1198
748	1368
749	1260
749	1263
749	1273
750	1416
751	839
751	898
751	1221
752	1020
752	1267
753	1252
754	1094
755	973
755	1218
756	1227
756	1442
757	1146
757	1350
758	1209
760	1087
760	1264
760	1299
761	1271
761	1369
761	1429
762	916
763	1468
764	955
764	1093
766	1028
766	1412
767	853
769	854
770	986
770	1118
771	837
771	1034
773	825
773	857
773	1139
773	1359
773	1469
774	1303
774	1472
775	903
775	912
775	1417
776	804
776	1445
777	1438
777	1485
778	1152
778	1232
778	1294
779	884
779	979
779	1179
779	1375
779	1453
779	1456
780	939
781	1232
781	1389
782	807
783	1421
783	1427
784	974
784	1027
784	1077
785	830
785	1191
785	1320
785	1343
785	1438
786	1206
786	1332
786	1471
787	1160
788	1083
788	1341
788	1389
788	1469
789	1327
790	900
790	1144
790	1333
790	1431
791	1044
791	1160
792	1418
793	827
794	914
794	925
796	1012
796	1169
797	1332
797	1411
797	1432
797	1458
799	1207
799	1218
799	1415
800	952
801	895
801	1093
801	1251
801	1431
802	982
802	1035
802	1054
803	834
803	1281
804	1174
805	1186
806	1291
806	1435
806	1492
807	997
807	1321
808	1128
808	1224
809	988
809	995
809	1053
810	1457
811	933
811	966
811	1002
811	1200
811	1461
812	961
812	1246
813	1159
814	857
814	1122
814	1149
815	843
816	1034
816	1164
816	1308
817	1381
817	1400
818	989
818	1176
819	1096
819	1224
820	1061
820	1357
821	916
821	1082
824	944
827	1250
827	1346
828	862
828	1334
829	844
829	1383
829	1434
830	1265
831	864
831	897
831	1095
831	1170
832	1223
833	910
833	929
833	1135
835	1389
836	1212
837	980
837	1333
837	1380
838	970
839	850
839	1123
840	1134
840	1172
840	1210
840	1228
841	927
841	1240
841	1323
842	959
842	1132
842	1258
842	1436
843	1117
843	1414
848	940
848	1403
849	1261
849	1297
850	1193
850	1475
851	1306
852	992
852	993
852	1219
853	1100
853	1232
854	1100
854	1207
854	1337
856	1011
856	1362
857	931
858	946
858	1029
858	1367
859	1315
862	945
863	891
863	1303
863	1494
864	1103
864	1222
864	1360
864	1384
865	1054
866	1090
866	1381
867	904
867	931
867	1143
868	1197
868	1492
869	962
870	977
870	1246
871	918
872	976
872	1076
872	1407
873	1201
873	1204
873	1246
873	1447
874	885
874	1022
874	1152
874	1251
874	1288
874	1451
875	1247
875	1396
876	1160
876	1186
877	1327
879	949
879	1185
879	1396
880	929
881	989
881	1023
883	915
883	1484
884	1182
886	980
886	1184
887	1363
889	1144
889	1193
891	982
891	1137
892	1455
893	1186
893	1265
894	1117
894	1152
894	1218
895	1242
898	1425
900	1000
900	1042
900	1484
904	1268
905	946
905	1119
905	1388
906	1010
907	1242
908	1334
909	915
909	1139
910	1170
911	969
912	1169
912	1312
913	1175
914	920
914	1015
914	1285
915	990
915	1173
915	1294
917	986
917	1222
918	958
918	1372
921	943
921	1242
923	1380
925	1100
925	1473
926	1275
926	1322
927	1278
927	1421
928	993
928	1108
928	1147
929	1473
930	1162
932	1010
932	1067
932	1090
936	1209
937	1017
937	1284
937	1364
937	1450
939	943
939	1178
939	1497
940	966
940	1074
941	966
943	986
943	1380
944	1397
945	1386
948	1271
949	1259
950	1316
950	1444
952	1012
952	1314
953	1383
954	1340
954	1381
954	1431
956	1384
957	1159
957	1393
958	1224
960	974
961	1331
961	1405
961	1457
962	1064
963	1375
964	1222
964	1464
966	1014
966	1070
966	1294
966	1391
967	1221
967	1300
969	1457
970	1441
972	1103
972	1129
972	1353
972	1398
973	1047
973	1100
973	1214
973	1276
974	1108
974	1170
974	1198
974	1457
976	985
976	1463
977	1308
978	1056
978	1444
980	1109
981	1244
982	1146
983	1302
984	1470
985	1040
985	1340
986	1235
988	1161
988	1200
988	1400
990	1145
990	1334
992	1132
992	1186
993	1213
994	1068
994	1190
995	1198
995	1479
997	1396
998	1057
998	1135
999	1211
1000	1362
1001	1189
1002	1213
1002	1458
1003	1013
1005	1293
1007	1342
1008	1217
1009	1299
1009	1303
1009	1310
1010	1289
1010	1378
1011	1129
1011	1195
1013	1019
1015	1127
1016	1421
1017	1362
1018	1049
1019	1352
1020	1041
1020	1370
1021	1441
1024	1492
1024	1495
1025	1108
1028	1089
1029	1057
1029	1159
1029	1321
1030	1301
1030	1307
1032	1226
1032	1427
1032	1436
1033	1169
1035	1355
1035	1402
1036	1068
1036	1114
1036	1136
1036	1230
1037	1431
1038	1122
1039	1380
1039	1394
1041	1140
1041	1257
1042	1343
1043	1255
1044	1209
1044	1224
1045	1148
1045	1454
1046	1319
1047	1204
1047	1395
1048	1058
1048	1059
1048	1146
1048	1410
1049	1276
1049	1296
1050	1109
1050	1474
1051	1066
1051	1234
1053	1201
1053	1430
1054	1080
1054	1334
1055	1221
1056	1373
1057	1134
1057	1294
1058	1388
1059	1488
1060	1335
1062	1207
1064	1399
1065	1091
1065	1313
1066	1154
1067	1322
1067	1459
1069	1252
1069	1255
1070	1107
1070	1148
1072	1137
1072	1262
1072	1324
1073	1269
1075	1196
1075	1253
1076	1480
1077	1086
1077	1220
1078	1104
1079	1341
1080	1329
1082	1161
1083	1317
1083	1331
1084	1464
1085	1131
1085	1427
1086	1135
1086	1341
1086	1385
1088	1193
1088	1397
1088	1489
1091	1220
1091	1394
1093	1484
1096	1156
1096	1285
1096	1332
1096	1400
1097	1381
1098	1435
1101	1168
1101	1188
1101	1267
1102	1136
1102	1188
1102	1407
1104	1194
1104	1443
1105	1368
1106	1323
1106	1454
1107	1453
1108	1114
1108	1269
1108	1345
1110	1494
1111	1128
1111	1321
1113	1149
1113	1369
1113	1385
1115	1179
1118	1223
1118	1446
1118	1478
1121	1406
1122	1232
1122	1455
1123	1373
1124	1435
1125	1313
1126	1358
1127	1373
1128	1256
1129	1325
1129	1452
1129	1459
1130	1306
1132	1306
1133	1299
1133	1310
1133	1435
1134	1432
1135	1457
1136	1232
1139	1184
1140	1358
1143	1402
1144	1379
1144	1462
1144	1490
1145	1452
1146	1442
1146	1472
1149	1157
1149	1363
1150	1221
1150	1278
1153	1222
1154	1354
1156	1477
1157	1167
1157	1223
1159	1199
1160	1165
1161	1201
1161	1415
1162	1294
1162	1305
1162	1495
1164	1427
1164	1494
1165	1454
1167	1325
1169	1344
1170	1239
1170	1265
1171	1471
1172	1176
1174	1251
1175	1316
1176	1372
1180	1238
1181	1193
1181	1358
1181	1401
1183	1338
1183	1477
1184	1269
1185	1323
1186	1251
1190	1218
1192	1365
1193	1320
1194	1331
1194	1389
1195	1359
1199	1269
1200	1256
1200	1436
1200	1443
1202	1476
1203	1278
1203	1353
1205	1476
1208	1435
1211	1327
1212	1363
1212	1495
1213	1305
1216	1489
1217	1317
1220	1285
1220	1286
1223	1431
1224	1389
1224	1439
1225	1495
1229	1329
1230	1317
1231	1248
1231	1325
1231	1335
1233	1324
1234	1295
1234	1402
1235	1310
1236	1285
1236	1303
1238	1346
1239	1382
1240	1397
1241	1268
1242	1265
1242	1346
1242	1361
1243	1490
1248	1319
1249	1386
1251	1268
1251	1272
1251	1416
1253	1370
1261	1482
1261	1484
1264	1477
1266	1448
1270	1277
1270	1444
1271	1383
1272	1323
1281	1425
1283	1316
1283	1371
1285	1408
1285	1489
1286	1301
1290	1392
1296	1390
1296	1476
1297	1408
1300	1391
1302	1417
1306	1318
1306	1387
1308	1498
1312	1314
1313	1349
1314	1413
1316	1365
1317	1404
1317	1496
1326	1347
1327	1477
1328	1396
1329	1427
1330	1368
1334	1335
1334	1365
1335	1475
1340	1375
1340	1496
1345	1379
1345	1434
1347	1423
1348	1372
1348	1499
1351	1473
1353	1373
1353	1466
1354	1391
1354	1396
1357	1414
1362	1418
1367	1493
1374	1389
1374	1481
1375	1475
1394	1431
1395	1425
1395	1489
1400	1428
1400	1433
1402	1432
1405	1466
1406	1441
1407	1447
1408	1426
1414	1480
1420	1465
1425	1444
1428	1475
1428	1486
1434	1476
1440	1481
1450	1469
1450	1494
1454	1491
1473	1498
1486	1494