0	790
0	794
0	1084
0	1169
1	201
1	331
1	462
1	1305
2	424
2	810
2	1061
2	1131
3	767
3	1207
4	284
4	402
4	480
5	429
5	483
5	663
5	666
6	444
6	818
7	833
7	1327
7	1408
8	16
8	90
8	160
8	586
8	801
8	843
9	280
9	428
9	663
9	853
10	461
10	1152
10	1215
10	1233
10	1461
11	38
11	44
11	429
11	967
12	321
12	793
12	1278
13	63
13	480
13	694
13	721
13	1019
14	483
14	503
14	701
14	913
14	1219
14	1286
15	279
15	602
15	967
15	995
16	164
16	346
16	582
16	977
16	1196
17	31
17	119
17	594
18	70
18	651
18	1026
18	1029
19	78
19	206
19	232
19	260
19	711
19	825
19	1015
20	93
20	366
20	1165
21	24
21	25
21	329
21	760
21	826
22	58
22	375
23	140
23	239
23	736
23	1124
23	1408
24	136
24	315
24	707
24	1019
25	109
25	518
25	776
26	74
26	271
26	454
26	802
26	1102
27	127
27	1345
28	67
28	548
29	224
29	637
29	797
29	1043
29	1402
29	1458
30	627
30	738
30	846
30	1247
31	304
31	344
31	645
31	775
31	1103
32	106
32	184
32	278
32	776
32	826
32	1432
33	1001
34	124
34	324
34	412
34	875
34	923
34	1223
34	1263
35	357
35	963
36	362
36	552
36	715
36	767
36	1488
37	533
37	828
38	122
38	662
38	961
39	249
39	382
39	401
39	609
39	686
39	1237
40	501
40	639
40	797
41	62
41	360
41	711
41	714
41	905
41	1007
41	1071
41	1096
41	1309
42	780
42	1197
42	1205
42	1211
42	1217
42	1451
43	968
43	1003
43	1066
44	221
44	523
44	1010
44	1094
44	1139
44	1326
44	1406
45	64
45	111
45	148
45	539
45	1224
46	305
46	439
46	556
47	48
47	286
48	245
48	412
48	672
48	688
48	1264
49	841
50	901
50	964
51	98
51	992
51	1124
51	1328
52	206
52	490
52	1102
53	118
53	530
54	295
54	313
54	533
54	808
54	890
55	63
55	228
55	688
55	892
56	130
56	156
56	740
56	1025
56	1092
56	1263
56	1426
57	87
57	677
57	710
57	1301
58	941
58	1069
59	369
59	1493
60	263
60	741
60	755
60	1321
60	1479
61	714
61	749
61	914
62	122
62	159
62	1013
63	78
63	138
63	607
63	682
63	734
64	122
64	390
65	830
65	1064
66	83
66	87
66	614
66	621
66	1118
66	1334
66	1384
66	1478
67	273
67	477
67	679
67	1001
67	1220
67	1265
67	1432
68	166
68	263
68	1198
69	98
69	188
69	918
69	1016
70	300
70	375
70	421
70	1058
70	1403
71	97
71	308
71	399
71	660
71	668
71	968
71	1377
72	610
72	739
72	864
73	86
73	1431
74	277
74	521
74	1021
74	1482
75	402
75	836
75	984
75	1016
75	1494
76	193
76	669
76	928
76	1035
76	1322
77	1369
79	212
79	1177
80	250
80	289
80	1343
80	1385
81	120
81	355
81	637
81	1138
81	1159
82	869
82	904
82	1134
83	303
83	346
83	552
83	654
83	834
83	1094
83	1113
83	1472
84	172
84	697
85	152
85	583
85	1000
85	1437
86	136
86	181
86	1035
86	1139
87	1151
88	540
88	1473
89	350
89	583
89	865
89	1070
89	1305
90	184
90	283
90	362
90	382
90	932
90	1091
90	1289
90	1338
91	710
91	1100
92	523
92	614
92	1431
93	218
93	469
94	726
94	856
94	1168
94	1173
94	1226
94	1360
95	397
95	1066
95	1294
96	248
96	474
97	159
97	524
97	718
97	1069
98	603
98	834
98	1237
99	165
99	423
99	561
99	876
99	1359
100	420
100	1218
100	1471
101	214
101	578
101	978
101	1211
101	1449
102	220
102	253
102	343
102	581
102	690
102	1201
102	1485
103	115
103	144
103	150
103	238
103	279
103	769
103	921
103	1050
103	1423
104	1247
104	1345
105	979
106	454
107	304
107	310
107	788
107	1309
107	1316
108	113
108	202
108	548
108	730
108	1030
109	387
110	119
110	172
110	215
110	407
110	1016
110	1125
110	1215
110	1383
111	146
111	186
111	275
111	716
111	925
112	671
112	824
112	1451
113	233
113	473
113	541
113	1013
113	1080
113	1218
113	1462
114	178
114	888
115	655
115	1065
116	164
116	466
116	1083
116	1250
116	1467
117	485
117	1204
118	516
119	418
119	1256
119	1390
119	1434
120	276
120	654
120	952
120	1080
120	1370
121	180
121	262
121	797
122	286
122	925
122	1190
122	1308
123	214
123	235
123	263
123	645
123	942
123	987
123	1441
124	335
124	677
124	955
124	1209
124	1217
125	579
125	623
125	1383
126	1209
127	276
127	621
127	909
127	1187
127	1384
128	141
128	441
128	626
128	832
128	875
128	1297
128	1305
129	377
129	642
129	1257
129	1289
130	286
130	683
130	728
130	831
130	1119
130	1281
130	1460
131	328
131	819
131	973
131	1331
132	805
133	497
133	817
134	762
134	1092
134	1364
135	336
135	1011
135	1215
136	150
136	206
136	232
136	557
136	682
136	798
137	685
137	771
138	646
138	914
138	1257
138	1470
139	477
139	545
139	746
139	747
139	940
139	1006
140	413
140	414
140	685
140	805
140	949
140	1362
141	749
141	911
141	975
141	1080
141	1085
142	345
142	440
142	482
143	392
144	447
144	662
144	858
145	462
145	591
145	885
146	225
146	915
146	1288
146	1394
147	568
147	1462
148	229
148	658
148	706
148	881
148	911
148	960
149	245
149	618
149	881
149	1374
149	1401
149	1498
150	187
150	822
150	1293
150	1477
151	423
151	798
151	1274
152	600
152	612
152	945
153	217
153	319
153	473
153	535
153	702
153	736
153	771
154	356
154	392
154	819
154	1034
154	1131
154	1245
155	502
155	931
155	1155
155	1456
156	596
156	958
157	437
157	726
157	935
157	1030
157	1063
157	1411
158	215
158	263
158	467
158	501
158	592
158	614
158	1149
158	1299
159	338
159	350
159	547
159	623
159	888
159	988
159	1083
160	812
160	1245
160	1385
161	311
161	330
161	386
162	637
162	1209
162	1367
163	565
164	976
164	1076
164	1269
165	359
165	971
165	1007
165	1333
165	1334
166	205
166	940
166	1344
167	325
167	362
167	373
167	642
167	957
167	1073
168	399
168	1002
168	1390
169	211
169	350
169	377
169	566
169	582
169	780
169	1134
169	1201
170	206
170	1036
171	543
171	608
171	809
171	1144
171	1345
172	518
172	1114
172	1236
173	188
173	307
173	500
173	1100
173	1291
174	415
174	437
174	802
174	811
174	1032
174	1406
175	571
176	871
177	427
178	282
178	534
178	881
178	927
179	632
179	797
179	1034
179	1211
179	1488
180	678
180	854
181	737
181	863
181	889
181	998
181	1266
181	1335
182	245
182	416
182	418
182	1112
183	225
183	448
183	513
183	874
183	913
184	381
184	403
184	1135
184	1182
184	1266
185	1271
186	668
187	342
187	365
187	465
187	674
187	1005
188	444
188	765
188	1183
189	218
189	385
189	858
189	1461
190	342
190	886
191	486
191	501
191	508
191	543
191	789
191	940
191	1418
192	822
192	1092
192	1298
193	468
193	807
193	861
193	914
193	999
194	608
194	898
194	1054
195	409
195	701
195	798
195	1495
196	269
196	292
196	461
196	665
196	1095
196	1194
196	1460
197	1459
198	201
198	283
198	617
199	481
199	612
199	721
199	834
200	209
200	261
200	288
200	446
200	829
200	1228
201	485
201	597
201	796
202	539
202	843
202	999
203	293
203	410
203	1000
203	1299
204	289
204	571
204	791
204	1027
204	1187
204	1281
205	325
205	359
205	746
205	1396
206	332
206	862
206	993
206	1210
206	1238
207	423
207	1081
207	1496
208	365
208	376
208	946
208	1481
209	507
210	580
210	1109
211	487
211	795
212	283
212	516
212	579
212	906
212	1001
212	1370
213	526
213	768
213	806
214	1347
214	1443
216	553
217	601
217	736
217	1009
218	1154
218	1255
218	1450
219	1457
220	382
220	708
220	727
220	849
220	1064
221	446
221	884
221	1467
221	1496
222	1024
222	1050
222	1407
223	380
223	1271
223	1383
224	696
224	990
224	1227
224	1399
225	410
225	868
225	969
225	1463
226	476
226	524
226	861
226	1113
226	1341
226	1443
227	236
227	378
227	1041
227	1353
227	1386
228	340
228	855
228	878
228	986
228	1078
229	271
229	596
229	820
230	524
230	589
230	884
231	302
231	531
231	917
231	1137
232	561
232	604
232	908
233	819
233	1136
233	1169
233	1188
234	1015
234	1183
234	1216
234	1270
235	287
235	320
235	478
235	1421
235	1453
236	327
236	538
236	1101
237	760
238	283
238	854
239	659
239	1281
240	1111
240	1131
241	856
242	1499
243	409
243	711
243	1208
243	1258
244	410
244	539
244	721
244	867
244	1454
245	565
245	869
246	277
246	462
246	615
246	650
246	951
246	1213
246	1295
247	259
247	309
247	659
247	892
247	1129
248	761
248	841
248	1120
248	1325
249	437
249	978
249	1096
250	1109
250	1136
250	1225
250	1261
251	1055
252	327
252	408
252	435
252	774
252	886
252	1425
253	320
253	423
253	805
253	1394
253	1471
254	390
254	791
254	1074
254	1099
255	480
255	1390
256	1052
257	763
257	911
257	1023
258	731
258	1340
258	1498
259	375
259	397
259	724
259	1064
260	1087
261	454
261	881
261	1373
262	572
262	1043
262	1305
262	1473
263	331
263	867
263	1315
263	1458
264	1058
265	1249
266	997
267	851
267	915
267	1029
267	1325
268	312
268	570
269	783
270	438
270	481
270	838
270	1172
270	1298
271	1007
272	383
272	501
272	803
272	867
273	1012
273	1141
273	1178
273	1358
273	1362
274	732
274	827
274	979
275	700
275	1003
276	371
276	485
276	623
276	698
276	747
276	871
276	1092
277	288
277	890
278	678
278	835
278	856
278	902
278	966
278	1222
279	623
279	753
279	1268
280	756
280	879
280	1125
280	1368
280	1492
281	610
281	861
281	1051
282	870
282	918
282	1037
282	1071
282	1183
283	313
283	944
283	986
283	1192
284	675
284	1124
284	1419
285	533
286	777
286	889
287	320
287	673
287	1072
288	553
288	902
289	517
289	520
290	608
290	931
290	1013
290	1472
291	359
291	667
291	1169
292	500
292	663
293	554
294	628
294	668
294	1126
295	407
295	1018
295	1033
295	1134
295	1433
296	725
296	903
296	946
296	1299
297	919
297	1037
297	1152
298	324
298	596
298	725
298	1217
299	896
300	463
300	601
300	737
300	759
300	840
300	1249
300	1364
301	351
301	629
301	797
301	1353
302	486
302	1134
302	1311
303	871
303	903
303	947
303	965
303	1192
304	1211
304	1307
304	1462
305	1221
305	1472
305	1490
306	942
306	1201
307	326
307	1062
307	1101
307	1283
307	1462
307	1490
308	617
309	350
309	1006
310	312
311	632
311	763
311	1181
311	1389
312	640
312	857
312	1455
313	340
313	744
313	1410
314	1249
314	1286
314	1412
315	395
315	445
315	657
315	992
315	1270
316	705
316	806
316	1206
316	1434
317	809
317	1150
317	1157
318	494
318	594
318	1424
319	780
319	1131
319	1426
320	350
320	451
320	1479
321	677
321	1056
321	1277
321	1299
322	1210
322	1219
323	368
324	378
324	675
324	992
324	1387
325	545
325	731
325	888
325	1390
326	347
327	385
328	410
328	530
328	866
328	903
328	1078
328	1238
330	390
330	514
330	799
330	984
330	1161
330	1379
331	837
333	431
333	491
333	818
333	1239
333	1254
334	595
334	793
334	1230
335	438
335	584
335	655
335	1321
336	927
336	1460
337	1081
337	1094
338	408
338	903
338	1193
338	1328
339	595
339	612
339	965
339	1016
339	1184
340	459
340	516
340	583
340	866
340	970
340	995
340	1274
340	1379
340	1406
340	1416
341	1055
341	1110
342	603
342	866
342	1043
342	1372
343	764
343	964
343	1205
343	1216
343	1305
344	471
344	534
344	569
344	582
344	817
344	991
344	1388
345	1437
346	1064
346	1114
346	1168
347	1120
347	1482
348	805
349	506
350	442
350	957
350	1181
351	1158
351	1200
351	1484
352	403
352	777
352	837
352	1212
353	1273
354	1048
355	647
355	715
355	790
355	855
355	868
355	872
355	911
356	410
356	866
357	1084
357	1287
357	1308
357	1341
358	1454
359	588
359	1115
359	1133
359	1263
359	1375
360	1413
360	1429
361	968
362	1184
362	1331
363	409
363	1439
364	574
364	1157
364	1196
364	1417
365	529
365	726
365	1332
366	569
366	1218
367	533
367	1237
368	440
368	866
368	967
369	615
369	711
369	864
369	884
369	1289
369	1471
370	554
371	1332
372	1232
372	1490
373	514
373	576
373	913
373	1087
373	1216
374	842
374	1195
375	583
375	1303
375	1454
376	406
376	430
376	448
376	487
376	690
376	773
376	954
376	1320
377	765
378	1182
379	604
379	1206
379	1246
379	1264
380	407
380	502
380	840
380	1229
381	828
381	1043
381	1220
381	1258
381	1395
382	1082
382	1320
382	1451
382	1478
383	917
383	1196
384	599
385	724
385	1350
386	616
386	670
386	1481
387	889
387	1319
388	510
388	599
388	680
388	1097
388	1316
388	1356
389	722
389	1235
389	1263
390	810
390	1122
391	489
391	749
392	807
393	680
393	1221
393	1377
394	776
395	1035
395	1178
395	1416
396	557
396	1066
396	1330
397	1332
397	1355
398	409
398	650
398	1252
398	1328
399	523
399	687
399	772
400	832
400	845
400	1251
400	1271
401	486
401	819
401	1225
402	850
402	981
402	1140
403	681
403	758
403	900
403	1314
404	1403
405	925
406	902
406	1132
406	1210
407	1052
407	1150
407	1247
408	998
408	1119
409	464
409	482
409	1183
409	1415
410	1018
410	1224
411	615
411	999
411	1328
413	623
413	647
413	691
413	750
413	781
413	874
413	1150
414	1056
414	1241
414	1477
415	757
415	976
415	1147
415	1198
416	1170
416	1199
417	614
417	890
417	1089
417	1112
417	1457
418	780
418	1213
419	431
419	1109
419	1111
419	1448
420	435
420	456
420	494
420	1107
421	1350
422	460
422	503
422	696
422	717
422	814
423	448
423	998
423	1289
425	918
426	553
426	591
426	942
427	860
427	1139
427	1208
427	1320
428	1047
428	1147
428	1275
429	439
429	452
429	881
429	1199
430	1380
431	614
431	1456
432	793
432	908
432	1231
433	675
433	808
434	586
434	834
434	974
434	1056
434	1188
434	1227
434	1298
434	1396
435	1323
436	442
436	1120
436	1482
437	572
437	719
437	1033
437	1125
437	1322
438	713
438	1315
439	515
439	642
439	791
439	1135
439	1348
440	1030
440	1195
440	1461
441	494
441	499
441	847
441	940
442	482
442	794
442	956
442	1040
442	1290
443	550
443	1047
443	1140
444	582
444	988
444	1002
444	1342
444	1490
445	714
446	729
446	1473
447	468
447	868
447	1448
448	481
448	499
448	723
448	989
448	1209
448	1400
449	716
449	1212
449	1219
449	1332
450	486
450	704
450	975
450	1078
451	826
451	1014
451	1049
451	1190
451	1491
452	679
452	807
452	932
452	1083
452	1337
452	1463
453	467
453	745
453	865
454	574
454	605
454	614
454	847
455	1243
455	1352
456	806
456	1021
456	1200
456	1387
457	496
457	803
457	1381
457	1425
458	558
458	671
458	701
458	752
459	1233
460	524
460	745
460	1061
460	1069
461	674
461	828
461	1014
461	1325
462	657
462	982
463	504
463	1206
463	1407
464	1454
465	676
465	768
465	906
465	1005
466	1240
466	1360
466	1375
467	484
467	931
468	760
468	968
468	1042
468	1287
469	852
469	1201
470	511
470	530
470	1233
471	603
471	943
471	1020
471	1166
472	1396
474	550
474	721
474	947
475	663
475	1355
476	967
476	1105
477	775
477	1116
477	1302
477	1399
477	1454
478	481
478	833
478	839
478	984
478	1098
479	548
479	697
479	1009
479	1319
480	616
480	924
480	1070
481	571
481	749
481	1072
481	1467
482	545
482	1487
483	1247
483	1325
483	1464
484	642
485	604
485	802
485	813
486	1181
487	691
487	1388
488	599
488	711
488	897
488	943
488	990
488	1243
488	1318
489	707
490	548
490	774
490	851
490	921
490	1063
490	1196
491	856
491	1489
492	804
492	971
492	1082
492	1150
493	593
493	598
493	925
493	1321
494	539
494	1152
495	1033
495	1105
496	841
497	535
497	819
498	618
500	559
500	618
500	873
501	1212
501	1284
501	1391
501	1442
502	792
502	960
504	670
504	1410
505	581
505	997
505	1177
505	1417
506	513
506	910
506	1049
506	1155
506	1355
507	580
507	673
507	1212
507	1251
508	994
508	1311
509	954
509	1043
509	1144
509	1235
509	1261
509	1356
510	1067
510	1328
510	1340
511	905
511	1203
511	1266
511	1305
511	1358
512	669
512	1055
514	1350
514	1362
515	1062
516	1193
516	1327
516	1340
517	643
518	837
518	1171
519	783
519	814
519	864
519	958
519	1482
520	752
520	833
521	1428
522	531
522	554
522	559
522	719
522	1075
522	1350
523	646
523	651
523	1441
525	1025
525	1068
526	595
526	1339
526	1414
527	781
528	1212
529	1076
530	629
530	1117
530	1150
531	621
531	790
531	1005
532	659
535	704
535	948
535	1215
536	844
536	1113
536	1291
537	857
537	942
538	1435
539	985
539	1446
539	1452
540	809
540	1309
540	1445
541	914
541	1057
541	1155
542	575
542	738
542	1344
542	1487
544	886
544	1125
544	1291
544	1315
544	1478
545	982
546	1127
547	738
547	762
547	1047
548	1333
549	953
549	1298
550	765
550	772
550	921
550	973
550	1069
551	670
551	1006
551	1038
552	1049
552	1209
553	1124
554	595
555	967
555	1229
556	661
556	714
556	1185
557	748
558	654
559	667
559	693
559	844
559	1062
560	680
560	922
561	1160
561	1234
561	1277
561	1319
562	1401
563	781
563	951
564	646
564	960
564	964
565	700
565	1018
566	861
567	727
567	1413
568	1080
569	1330
570	716
570	880
570	889
571	1066
571	1449
572	603
572	795
572	1193
572	1309
572	1385
573	622
573	1414
574	741
574	1014
574	1042
574	1114
574	1134
575	779
575	983
576	676
576	732
576	1025
576	1472
577	638
577	916
578	977
578	1080
578	1313
579	694
579	1215
580	627
580	729
580	775
580	880
581	768
581	780
581	871
582	719
582	869
582	1382
582	1421
583	915
584	619
584	732
584	799
584	908
584	933
584	986
584	1057
584	1440
585	846
585	876
585	958
586	625
586	735
586	914
586	1190
586	1388
586	1451
587	666
589	926
590	676
590	701
590	1030
591	1361
592	653
592	900
592	1149
593	635
593	861
593	998
593	1316
593	1362
593	1412
593	1423
594	703
594	1383
595	668
596	1441
596	1482
597	690
597	726
597	1165
598	656
598	990
600	775
600	815
600	1368
601	1131
602	894
603	717
604	803
604	970
604	1160
605	973
605	1118
605	1483
606	1353
606	1371
606	1491
607	684
607	732
607	1199
607	1366
608	631
608	1030
609	989
609	1063
609	1454
610	694
610	889
610	914
611	865
611	1145
611	1174
611	1434
612	873
612	941
612	979
612	1259
613	826
613	886
613	1000
613	1351
613	1394
614	1315
615	817
616	628
616	1260
616	1311
616	1451
617	1029
618	648
618	710
618	767
618	790
618	909
619	665
619	1029
619	1170
620	697
620	759
620	782
620	1011
620	1067
620	1386
622	1302
622	1361
624	1111
625	702
625	1221
626	638
626	642
626	823
626	857
626	864
627	1480
628	1089
628	1122
628	1143
628	1207
629	777
629	1004
629	1082
629	1367
629	1401
630	1208
630	1486
631	708
631	892
631	970
631	1045
632	884
633	1048
633	1089
633	1193
634	1270
634	1393
634	1476
636	779
636	1083
636	1149
637	837
637	1317
639	851
639	1233
639	1367
640	748
640	1124
640	1188
640	1499
641	855
642	1067
643	891
644	1182
644	1376
644	1432
645	1038
646	721
646	762
646	1044
646	1135
647	1407
648	671
648	1453
649	1155
649	1379
649	1387
649	1393
650	675
650	1303
651	830
651	1041
651	1073
652	1160
654	1176
656	975
656	1127
656	1227
657	1250
657	1375
658	770
658	781
658	1207
659	879
660	922
660	1287
661	1036
662	745
662	834
662	1114
663	756
663	1281
663	1344
663	1443
664	838
664	854
664	1082
664	1329
665	1268
666	875
666	1276
666	1328
667	809
667	1234
668	894
668	1167
670	860
670	1176
670	1366
671	783
671	849
671	900
671	1293
671	1486
672	916
672	1195
673	947
673	1148
673	1220
673	1388
674	675
674	837
674	846
674	1174
674	1216
674	1288
674	1396
675	936
675	1165
675	1324
675	1335
676	986
676	1249
677	891
677	1444
678	992
678	1123
678	1197
678	1349
681	895
682	722
682	1097
684	1097
685	1198
685	1298
686	782
686	1067
686	1100
686	1171
687	701
688	735
688	1430
689	1076
690	730
690	767
690	808
690	957
690	970
691	1211
691	1456
692	896
692	1026
692	1190
693	1483
694	938
695	791
695	977
695	1376
696	795
696	1055
696	1416
696	1460
697	1303
697	1488
698	760
698	903
699	923
699	1001
699	1086
699	1109
699	1275
699	1382
699	1422
699	1485
701	1155
702	882
702	1009
702	1102
703	711
703	749
703	1164
704	1024
704	1056
704	1277
704	1295
704	1333
705	1155
706	731
706	876
707	769
707	972
707	1091
707	1445
708	952
708	1201
709	1174
709	1423
710	936
710	1220
711	978
712	1450
713	757
714	1112
715	949
715	1150
715	1404
717	791
717	931
718	724
719	929
719	1067
720	848
720	1117
720	1258
721	744
721	1072
721	1208
722	837
722	919
722	1470
723	942
723	1304
724	852
724	1244
724	1336
724	1438
725	948
725	981
725	1077
726	1140
726	1186
726	1270
727	1146
728	1235
729	880
730	812
730	1172
731	926
731	982
731	1102
731	1190
732	814
732	1044
732	1275
733	739
733	774
733	1055
733	1176
734	787
734	1211
734	1445
735	843
735	1339
736	809
736	1136
736	1381
736	1398
737	793
737	882
737	971
737	973
737	1064
737	1262
738	849
738	1092
738	1278
739	772
739	1173
740	761
740	916
740	947
740	1201
741	855
741	925
741	985
741	1011
742	774
742	907
742	919
742	1143
743	1230
743	1244
743	1303
743	1314
743	1379
744	1252
744	1421
745	984
745	1072
745	1202
745	1408
748	1024
748	1172
750	1133
750	1197
751	1150
751	1170
752	1291
752	1396
752	1434
753	822
753	1177
753	1379
754	998
754	1227
756	1000
756	1006
756	1058
757	905
758	1078
758	1205
759	902
760	1301
760	1472
761	1000
761	1190
762	1317
763	853
763	868
763	1468
764	838
765	772
765	1166
766	1139
766	1144
767	1066
767	1115
767	1261
768	820
768	1045
768	1384
768	1438
769	885
769	1163
769	1273
771	893
771	1022
772	1130
772	1230
772	1274
772	1457
774	892
774	1445
774	1467
775	1019
775	1291
776	800
776	939
777	798
777	995
777	1103
778	1065
779	1178
780	996
780	1043
780	1268
780	1319
781	1069
781	1167
782	801
782	972
783	859
784	890
784	1488
785	1134
785	1482
785	1486
786	930
786	944
786	1384
787	873
787	1297
787	1351
788	789
788	796
788	1038
788	1229
788	1422
789	1064
789	1363
790	972
790	1396
793	1397
794	1191
795	935
795	1198
796	958
797	915
798	1375
799	1374
799	1447
800	1250
800	1452
800	1473
801	923
802	1106
803	809
803	1008
803	1415
804	1468
805	859
805	925
805	1331
806	848
807	1240
807	1348
808	1096
809	1123
810	842
812	906
812	1013
814	1287
815	1344
815	1424
816	926
816	1233
817	1028
819	1164
819	1372
821	1226
821	1496
822	848
823	1114
823	1455
824	825
824	858
824	1219
825	916
825	1023
826	846
826	1400
827	837
828	837
828	1245
828	1343
828	1361
828	1415
829	1237
830	1272
830	1457
831	1303
831	1449
831	1457
832	1167
832	1385
833	1057
834	847
835	1236
835	1297
836	1359
837	876
838	1205
839	967
839	1049
839	1356
840	843
840	945
841	1357
841	1384
842	1018
842	1062
844	1306
844	1392
845	1005
846	1261
848	900
849	1113
849	1293
849	1485
850	856
850	955
850	1051
850	1309
851	1399
852	1011
852	1145
854	1319
854	1377
854	1443
855	1084
855	1235
855	1423
856	1408
857	1156
858	1136
858	1418
859	861
859	868
859	993
861	984
861	1045
861	1378
862	963
862	1074
862	1077
862	1277
862	1373
864	1136
864	1268
864	1377
867	1316
868	1080
870	963
870	1447
870	1453
871	1068
871	1427
872	992
872	1112
872	1404
873	963
874	1196
875	976
875	1092
875	1371
875	1417
877	1105
877	1312
879	912
880	1153
880	1375
882	1478
883	896
883	1159
883	1218
885	918
885	946
885	1291
885	1433
886	1191
886	1422
886	1433
887	1345
887	1430
887	1468
889	926
889	976
889	1088
889	1091
889	1233
889	1434
890	1212
891	1044
892	1051
892	1121
893	1371
893	1401
894	1487
895	1429
897	1444
898	1111
898	1221
899	1050
899	1257
899	1319
899	1459
901	1101
902	1227
902	1341
903	1361
903	1439
904	950
904	1386
906	1166
906	1262
908	1281
908	1485
909	1003
909	1476
910	1002
911	1021
913	985
913	1145
914	1213
914	1223
914	1399
914	1467
915	1101
915	1374
915	1449
916	1202
916	1279
916	1286
916	1332
916	1475
919	1350
920	1351
922	1067
923	1157
924	1009
924	1045
924	1085
924	1440
927	1410
928	970
929	944
929	1130
930	980
930	1112
930	1266
931	1342
931	1443
932	960
932	1038
932	1142
932	1313
934	960
934	1393
935	951
935	959
935	1478
936	1192
937	1187
938	1089
939	1232
940	1395
941	1006
941	1012
942	1365
943	1128
944	1021
944	1049
944	1080
944	1139
944	1445
945	1017
946	1474
947	1413
948	1023
948	1066
949	1192
949	1276
949	1396
950	1148
950	1162
952	1360
953	1152
955	1174
955	1212
956	977
956	1056
957	1444
962	992
963	1221
963	1397
965	1025
965	1361
966	1264
966	1497
967	1201
969	1487
970	1170
970	1346
971	1185
972	1389
973	1064
974	1483
975	1008
975	1394
976	1283
977	1050
977	1137
977	1449
978	1311
978	1493
979	1213
981	1274
982	1158
983	1072
983	1118
984	1109
984	1236
984	1427
984	1492
987	1179
987	1342
988	1329
989	1047
989	1190
990	1016
990	1261
990	1427
991	1081
991	1128
991	1158
991	1470
992	993
992	1056
994	1180
994	1490
995	1107
996	1026
997	1324
997	1387
998	1195
1001	1112
1002	1003
1002	1004
1002	1231
1002	1467
1003	1039
1004	1096
1005	1088
1006	1052
1006	1096
1006	1216
1006	1337
1007	1203
1008	1488
1011	1325
1011	1329
1012	1199
1012	1252
1013	1307
1015	1175
1016	1288
1016	1447
1018	1197
1019	1044
1019	1053
1019	1111
1019	1255
1019	1334
1021	1481
1022	1423
1024	1060
1028	1263
1028	1411
1031	1051
1031	1118
1031	1247
1031	1254
1032	1190
1032	1448
1033	1231
1036	1316
1037	1119
1037	1191
1039	1421
1040	1403
1041	1068
1041	1077
1041	1170
1041	1377
1041	1443
1043	1117
1043	1202
1043	1225
1043	1331
1044	1054
1046	1303
1047	1405
1047	1494
1048	1155
1048	1187
1049	1140
1049	1473
1051	1265
1052	1077
1052	1090
1052	1096
1056	1093
1056	1185
1056	1274
1058	1209
1059	1465
1060	1333
1060	1481
1061	1135
1064	1228
1064	1365
1068	1275
1068	1373
1069	1397
1070	1279
1070	1461
1071	1155
1072	1384
1073	1310
1073	1377
1074	1239
1074	1370
1074	1455
1075	1457
1077	1164
1077	1213
1078	1358
1079	1147
1079	1261
1080	1222
1080	1244
1080	1344
1082	1152
1082	1415
1083	1103
1083	1168
1083	1357
1084	1234
1085	1141
1088	1137
1088	1164
1088	1242
1089	1412
1090	1126
1090	1250
1090	1413
1095	1406
1095	1414
1096	1155
1096	1422
1097	1221
1097	1368
1098	1334
1098	1484
1100	1214
1100	1255
1100	1317
1101	1242
1102	1129
1102	1194
1103	1295
1104	1250
1104	1282
1107	1301
1108	1421
1111	1168
1111	1424
1113	1347
1113	1378
1118	1187
1120	1308
1120	1431
1123	1347
1124	1494
1126	1286
1127	1180
1127	1433
1127	1470
1128	1157
1128	1459
1129	1284
1129	1453
1129	1498
1130	1420
1131	1428
1131	1448
1132	1220
1135	1145
1136	1399
1137	1201
1137	1339
1138	1190
1139	1354
1141	1198
1143	1163
1143	1172
1143	1180
1145	1322
1145	1492
1146	1414
1146	1473
1146	1476
1148	1299
1148	1329
1148	1496
1150	1301
1152	1460
1153	1482
1154	1168
1155	1487
1158	1425
1159	1372
1159	1389
1160	1411
1160	1444
1160	1466
1162	1226
1165	1260
1166	1493
1168	1334
1168	1376
1169	1229
1169	1317
1171	1184
1171	1203
1171	1241
1173	1222
1174	1182
1176	1200
1176	1286
1176	1441
1177	1288
1177	1314
1178	1199
1178	1405
1183	1358
1183	1405
1184	1270
1184	1343
1185	1477
1186	1286
1187	1237
1188	1220
1188	1395
1189	1234
1189	1290
1191	1234
1192	1239
1193	1319
1194	1436
1195	1368
1198	1213
1200	1280
1200	1483
1201	1411
1202	1232
1202	1445
1204	1240
1205	1263
1205	1326
1205	1469
1211	1293
1212	1417
1212	1434
1216	1486
1217	1325
1217	1366
1217	1417
1217	1434
1220	1426
1224	1354
1225	1268
1225	1269
1227	1401
1227	1424
1228	1378
1230	1377
1233	1260
1237	1442
1239	1442
1240	1416
1241	1244
1244	1444
1246	1306
1248	1329
1249	1267
1252	1332
1252	1337
1253	1427
1254	1277
1260	1279
1260	1407
1261	1383
1261	1387
1261	1427
1264	1491
1267	1305
1267	1342
1267	1362
1268	1281
1270	1322
1271	1462
1271	1472
1271	1496
1273	1323
1274	1392
1276	1366
1277	1497
1278	1348
1279	1333
1280	1435
1284	1287
1285	1289
1286	1296
1291	1327
1292	1305
1296	1422
1297	1343
1299	1437
1300	1330
1301	1398
1303	1317
1303	1481
1307	1337
1307	1428
1307	1491
1310	1420
1311	1323
1312	1442
1314	1368
1318	1461
1325	1426
1328	1344
1328	1496
1329	1433
1332	1337
1332	1365
1333	1420
1334	1498
1335	1356
1336	1401
1337	1481
1338	1359
1338	1415
1339	1364
1339	1430
1339	1437
1343	1350
1345	1370
1347	1385
1351	1385
1351	1394
1351	1441
1352	1396
1356	1357
1358	1487
1359	1452
1360	1396
1360	1421
1360	1474
1361	1370
1365	1373
1378	1409
1379	1481
1380	1450
1381	1460
1384	1406
1384	1454
1388	1421
1393	1413
1398	1443
1398	1448
1400	1471
1401	1431
1402	1423
1403	1441
1416	1486
1422	1462
1425	1483
1430	1434
1442	1450
1446	1494
1464	1473
1466	1492
1481	1492
1484	1489