0	216
0	572
0	887
0	936
0	1155
1	726
1	1206
2	253
2	774
2	940
2	1123
3	147
3	749
3	867
3	1057
3	1068
3	1277
4	131
4	213
4	1007
4	1447
5	206
5	505
5	684
6	7
6	265
7	249
7	344
7	519
7	752
7	863
8	586
8	1059
8	1126
9	955
9	1070
9	1088
9	1179
10	21
10	208
10	413
10	474
11	740
11	1152
11	1319
12	578
13	1012
14	132
14	1101
15	785
15	807
15	1239
15	1429
16	194
16	213
16	340
16	686
17	1112
17	1487
18	1026
18	1486
19	375
19	1025
20	556
20	601
20	792
20	1394
20	1427
21	339
21	563
21	635
21	1094
21	1184
22	109
22	995
23	1442
24	27
24	127
25	510
26	36
26	1096
26	1133
26	1189
27	54
27	214
27	508
27	766
27	973
27	1091
28	1188
28	1273
29	180
29	526
29	624
29	627
29	1064
29	1190
29	1299
29	1440
30	116
30	189
30	206
30	433
30	748
30	769
30	1311
31	324
31	1201
31	1302
31	1415
32	88
32	138
32	268
32	1141
33	600
34	363
34	494
34	574
35	507
35	517
35	598
36	1390
37	379
37	713
37	799
37	923
38	188
38	205
38	743
38	811
39	141
39	789
39	827
39	835
39	850
39	1198
39	1222
39	1315
39	1334
40	85
40	399
40	404
40	619
40	809
40	1449
41	47
41	124
41	499
42	203
42	575
42	689
42	710
42	728
42	1212
43	703
43	753
43	1343
44	281
44	533
44	576
44	624
44	921
44	954
45	192
45	315
45	951
45	1398
46	544
46	602
46	675
46	1404
47	207
47	431
47	515
47	545
47	955
47	967
47	1172
47	1413
48	389
48	595
48	1293
48	1458
49	778
49	916
49	935
49	942
49	1131
50	392
50	640
50	681
50	915
50	1084
50	1478
51	479
52	734
52	1399
53	193
53	972
53	996
53	1423
54	156
54	162
54	501
54	715
54	829
54	1142
55	180
55	676
55	1355
55	1478
56	105
56	130
56	449
56	898
56	1310
56	1364
57	390
57	1056
57	1146
58	365
59	136
59	506
59	569
59	679
59	1323
59	1421
59	1423
60	206
60	383
60	712
60	883
60	973
60	1187
60	1218
60	1456
61	361
62	108
62	228
62	637
62	919
62	1235
62	1440
63	126
63	605
64	256
64	1170
65	419
66	627
66	809
66	1491
67	1168
67	1355
67	1476
68	1207
68	1217
68	1435
69	652
69	1413
70	88
70	522
70	1050
70	1491
71	570
71	644
71	902
71	1076
71	1289
71	1414
71	1497
72	398
73	1056
73	1149
73	1160
74	592
74	788
74	1090
74	1180
74	1433
75	372
75	410
75	998
76	126
76	670
76	672
76	1328
76	1465
77	275
77	491
77	683
77	784
77	787
77	963
77	1043
77	1293
78	842
78	966
79	561
79	898
79	926
79	1108
79	1178
79	1481
80	817
80	1482
81	305
81	780
82	111
82	154
82	618
82	1073
82	1191
83	274
83	518
83	619
83	713
83	731
83	1035
83	1206
84	313
84	761
84	925
84	932
84	1003
85	174
85	410
85	762
85	841
85	1004
85	1054
85	1085
86	109
86	367
86	452
86	498
86	517
86	651
86	1309
86	1340
86	1486
87	256
87	355
87	564
87	911
87	1338
87	1399
87	1499
88	138
88	166
88	468
88	909
88	1304
88	1421
89	139
89	174
89	610
89	749
90	226
90	327
90	817
90	1367
90	1447
91	509
91	943
91	1028
92	102
92	120
92	356
92	641
92	1130
92	1348
93	102
93	262
93	346
93	914
93	941
93	1073
93	1156
94	736
94	1008
94	1087
94	1362
95	138
95	268
95	1355
95	1414
96	429
96	447
96	742
96	923
96	1013
96	1171
97	194
97	392
97	405
97	936
98	285
99	205
99	344
99	371
99	519
99	660
99	777
99	829
99	1251
100	524
100	566
100	643
101	124
101	129
101	370
101	434
101	701
101	862
101	1086
102	163
102	402
102	1313
103	340
103	496
103	806
103	1209
103	1247
103	1292
104	737
104	1148
104	1197
105	110
105	152
105	228
105	353
105	498
105	510
105	532
105	889
106	401
106	855
106	1229
107	329
107	404
107	813
107	867
108	156
108	182
108	660
108	732
108	1262
109	657
109	786
109	851
109	1279
109	1338
109	1474
110	194
110	265
110	359
110	786
110	988
111	191
112	502
112	595
112	875
113	1394
114	360
114	1105
115	121
115	129
115	194
115	214
115	398
115	977
115	1470
115	1482
116	462
116	950
116	972
117	187
117	348
117	481
117	499
117	647
117	1027
117	1223
118	393
118	559
118	830
118	1234
119	1225
119	1314
120	797
120	827
120	880
120	1130
122	1074
122	1095
122	1290
123	920
123	975
124	327
124	1073
125	406
125	483
125	687
126	681
126	785
126	1386
127	158
127	466
127	616
127	730
128	133
128	254
128	368
128	532
129	226
129	855
129	920
130	1046
130	1285
130	1415
131	392
131	882
131	1163
132	225
132	563
132	607
132	616
132	1449
133	604
133	758
133	1076
133	1244
133	1369
134	218
135	1170
136	383
136	503
136	934
136	984
136	1147
136	1337
137	1274
137	1320
137	1432
138	1163
139	1218
139	1255
140	554
140	680
141	1155
142	622
142	667
142	983
142	1040
143	186
143	216
143	446
143	694
143	1347
144	205
144	626
144	662
144	746
144	866
144	1099
144	1470
145	475
145	896
145	1236
146	608
146	813
146	909
146	1037
147	1041
148	345
148	558
148	922
148	1028
148	1362
149	331
149	925
149	1063
150	606
150	693
150	709
150	879
150	907
150	1125
150	1349
150	1397
151	595
151	1345
152	624
152	1153
152	1157
152	1324
153	995
154	259
154	471
154	501
154	519
155	1263
155	1338
156	201
156	486
156	758
156	1228
156	1419
157	496
157	592
157	770
157	1251
157	1299
157	1380
158	202
158	378
158	676
158	795
159	571
159	725
159	1319
160	1297
160	1366
161	644
162	590
162	618
162	740
162	744
162	994
162	1395
163	298
163	334
163	1093
163	1131
163	1430
164	548
165	1234
166	437
166	536
167	188
167	1117
168	344
168	679
168	994
168	1260
169	383
169	1173
169	1299
170	172
170	375
171	892
172	192
172	221
172	270
172	283
172	738
172	988
172	1076
172	1436
173	397
173	739
174	660
174	1060
174	1081
174	1144
174	1334
175	333
176	244
177	303
177	332
177	882
177	907
177	1080
177	1315
177	1498
178	463
178	714
178	1260
179	1283
180	449
180	578
181	873
181	972
181	1014
181	1414
182	423
182	448
182	672
182	800
182	1499
183	205
183	426
183	946
183	998
183	1229
184	461
184	647
184	810
184	1374
184	1377
185	549
185	557
185	980
185	1143
185	1360
186	408
186	831
186	1007
186	1471
187	737
187	876
187	1087
188	367
188	1048
189	270
189	1094
190	645
190	875
190	1122
190	1257
191	1059
192	384
192	637
192	1078
193	402
193	841
193	1247
194	614
195	628
195	952
196	252
196	686
196	1159
196	1480
197	465
197	924
197	952
197	986
198	664
198	714
198	917
198	1317
199	496
199	1132
200	457
200	744
201	291
201	458
201	502
201	686
201	720
201	936
201	1096
201	1437
202	931
202	1234
203	498
203	526
203	873
203	976
203	1285
203	1317
204	221
204	228
204	1049
205	291
205	774
205	1188
205	1273
205	1327
205	1489
206	871
206	1051
206	1270
207	464
207	1171
207	1212
207	1329
208	880
208	979
208	1224
208	1310
209	371
209	966
210	219
210	1020
210	1273
210	1362
211	1143
211	1357
211	1451
212	1024
212	1035
212	1140
212	1190
213	1056
214	889
214	1034
214	1222
215	294
215	356
215	1177
215	1366
216	849
216	1020
216	1146
217	237
217	845
218	273
218	959
218	1102
218	1135
218	1226
218	1236
219	381
219	672
219	808
220	696
220	1014
221	289
221	432
221	591
221	1059
222	355
222	539
222	1058
222	1215
222	1338
223	833
223	1102
223	1278
224	225
224	513
225	286
225	353
225	419
225	934
225	1189
226	636
226	1164
226	1212
227	1003
228	613
229	245
229	390
229	691
229	1054
230	472
230	907
230	1042
230	1199
231	652
231	956
232	300
232	390
232	1486
233	1077
234	950
234	1169
234	1348
235	352
235	405
235	566
235	754
235	1188
235	1408
235	1453
236	329
236	772
236	922
236	960
236	1162
236	1288
237	689
238	290
238	340
238	384
239	958
239	1215
239	1331
240	340
240	1033
241	804
241	982
241	1044
241	1229
242	392
242	856
242	1057
243	435
243	1468
244	586
244	939
244	1067
244	1332
245	362
245	477
245	510
245	653
245	871
245	988
245	1055
245	1153
246	371
246	382
246	1173
247	282
247	430
247	480
247	871
248	360
248	557
248	878
248	1453
249	793
249	856
250	687
250	1017
250	1451
250	1453
251	467
252	333
252	342
252	483
252	791
252	1181
252	1250
253	597
253	1293
254	481
254	530
254	645
254	834
254	874
254	1156
254	1235
254	1395
255	583
255	1126
255	1228
255	1360
256	459
256	1375
257	583
258	550
258	1372
259	520
259	587
259	651
259	713
259	777
259	895
259	1023
259	1381
260	771
260	984
260	1265
260	1334
261	911
261	1032
261	1244
262	329
262	351
262	406
262	1261
262	1296
263	613
263	629
263	1129
264	1074
264	1250
265	875
265	1324
266	741
266	1434
266	1485
267	360
267	387
267	812
267	1238
268	280
269	634
269	948
269	1126
269	1137
269	1316
269	1495
271	693
271	859
271	1009
271	1410
272	1242
273	389
273	407
273	499
273	736
273	956
274	304
274	816
274	1492
275	463
275	514
275	798
275	1023
276	1216
277	623
277	695
277	923
277	1094
277	1286
277	1429
278	373
278	382
278	572
278	644
278	689
278	757
278	960
279	367
279	484
279	881
279	1016
279	1145
279	1183
279	1309
279	1357
280	684
280	1404
281	933
281	1044
281	1276
281	1447
281	1461
282	628
282	824
283	954
283	1154
283	1450
284	816
285	501
285	729
285	867
285	879
285	984
286	1160
287	314
287	321
287	1064
287	1386
288	1151
288	1202
290	352
290	1408
291	396
291	548
291	717
292	443
292	512
292	1056
293	441
293	723
293	750
293	787
294	442
294	624
294	1269
294	1368
294	1459
295	557
295	759
295	772
296	588
296	1469
297	570
297	1108
298	411
298	776
298	1022
298	1073
298	1242
298	1287
299	351
299	393
299	1031
299	1126
299	1325
299	1425
300	730
300	1175
300	1185
301	544
301	1244
302	500
302	524
302	529
302	862
302	1258
303	1220
303	1272
304	398
304	476
304	1092
305	625
305	871
306	558
306	714
306	1386
307	372
307	1191
308	720
308	789
308	901
308	1225
308	1494
309	899
309	1281
309	1347
309	1454
310	472
310	923
310	1105
310	1236
311	1162
311	1315
311	1449
312	349
312	574
312	662
312	1456
313	710
313	1202
315	506
315	1270
316	605
316	892
317	1318
317	1349
317	1486
318	522
318	820
318	942
318	1304
318	1327
319	835
319	872
319	1494
320	422
320	655
320	660
321	657
321	843
322	372
322	550
322	773
323	611
323	1028
324	944
324	1229
324	1419
325	540
325	965
325	974
326	1371
327	466
327	1069
327	1311
327	1418
328	504
328	678
328	1226
329	509
329	842
329	1191
329	1490
330	810
331	365
331	770
331	1233
332	496
332	804
332	1032
333	431
333	734
333	1476
334	1082
334	1088
334	1189
334	1235
335	426
335	506
335	886
335	944
335	1022
336	509
336	577
336	860
336	1351
336	1443
337	1190
338	376
338	763
338	906
338	922
338	1112
338	1311
339	669
339	743
339	1176
339	1290
340	965
340	1183
340	1371
341	907
342	483
342	624
342	699
343	884
344	941
344	1292
345	726
345	754
345	1050
345	1129
347	876
347	1154
347	1182
347	1199
347	1397
347	1439
348	1225
349	673
349	1057
349	1279
349	1346
349	1409
349	1455
350	558
350	1254
350	1355
351	835
351	1008
351	1247
352	570
352	1440
353	392
353	578
353	592
353	747
354	740
354	1214
355	926
355	928
356	1462
357	545
357	647
357	1344
357	1360
358	977
358	1059
359	899
360	384
360	487
360	796
360	889
360	1241
360	1307
362	420
362	463
362	704
362	895
362	1165
362	1185
363	425
363	440
363	1447
364	386
364	572
364	743
364	888
365	779
366	679
366	1225
367	1294
369	402
369	497
369	947
369	1120
370	382
370	524
370	836
371	710
371	813
371	914
372	773
372	831
372	1220
372	1411
373	674
373	985
373	1016
373	1107
373	1183
373	1232
373	1326
374	814
375	385
375	519
375	647
375	794
375	803
375	1412
376	1092
377	1062
377	1382
378	1283
379	402
380	763
380	1422
380	1425
381	1124
382	1012
382	1093
382	1146
383	961
383	1031
383	1072
384	581
384	954
384	989
384	1200
385	1133
386	631
386	1180
387	392
387	466
387	1053
387	1368
387	1450
387	1489
388	460
388	747
388	756
388	1113
388	1374
388	1390
389	811
390	649
390	1005
390	1094
390	1150
391	629
391	786
391	975
391	1174
392	514
392	789
392	1228
393	474
393	657
393	792
393	1057
394	1169
395	519
395	852
395	991
395	1381
395	1398
395	1468
395	1488
396	683
396	684
396	797
396	1360
396	1492
397	557
398	506
398	1000
398	1088
399	489
399	821
399	1112
399	1309
399	1367
400	1431
401	522
401	583
401	879
402	695
402	698
402	1196
403	585
403	730
403	835
403	840
403	919
403	1486
404	994
405	719
405	726
406	480
406	890
406	1477
407	786
407	1124
408	1017
408	1057
409	434
409	622
409	709
409	928
409	1082
410	783
410	877
410	995
410	1487
411	437
411	1166
412	706
412	1066
412	1275
412	1398
413	581
413	719
413	1420
413	1438
414	526
414	601
414	991
414	1149
414	1371
415	1021
415	1396
416	894
416	1298
416	1446
417	930
418	998
418	1219
419	1271
420	486
420	815
420	992
420	1119
420	1152
420	1412
421	728
421	788
421	819
421	824
421	938
423	596
423	791
423	1252
424	483
424	533
424	1064
424	1144
424	1424
425	431
425	640
425	1038
426	893
426	990
426	1331
427	760
427	807
427	851
428	1165
428	1419
429	434
429	464
429	573
429	1036
429	1203
429	1324
430	828
430	1055
430	1300
431	786
431	1009
431	1237
431	1250
432	606
433	587
433	1353
433	1436
433	1442
434	456
434	469
434	755
434	797
435	511
435	595
436	633
436	715
436	1023
436	1096
436	1180
437	611
437	1013
438	478
439	636
440	476
440	584
440	1249
441	557
441	700
441	752
441	952
442	1037
443	792
443	1140
444	791
444	954
444	1136
444	1203
444	1233
444	1366
445	454
445	874
446	826
446	962
446	1016
446	1022
446	1240
447	492
447	1001
447	1160
447	1496
448	1120
448	1177
449	908
450	460
450	1018
450	1179
450	1254
450	1305
451	886
451	1491
452	612
452	953
453	859
453	893
453	1122
453	1210
453	1426
454	619
454	1111
454	1218
455	627
456	894
456	1098
456	1485
457	653
457	1067
457	1395
458	585
458	1020
458	1036
458	1280
458	1422
458	1478
459	693
459	1370
460	875
460	1148
461	858
461	1130
461	1471
462	576
462	712
462	1205
462	1214
463	729
463	890
463	1109
463	1125
463	1147
463	1383
464	851
464	1045
464	1398
465	905
466	764
466	1059
466	1072
468	601
469	477
469	555
469	587
469	885
469	982
469	1220
470	974
471	566
471	1156
472	483
472	598
472	906
472	956
472	1082
472	1330
472	1447
473	892
474	716
474	741
474	911
474	1284
475	940
475	1192
476	546
476	937
476	1117
476	1378
477	1062
478	740
479	1382
480	705
480	988
480	1121
481	953
481	1006
481	1135
481	1142
482	580
483	751
483	1018
483	1207
483	1411
484	510
484	833
484	998
485	619
486	766
486	848
486	1031
486	1351
487	932
487	1056
487	1196
488	657
488	794
488	1065
488	1319
489	1028
490	576
490	887
490	1052
491	799
491	1363
492	923
492	1336
493	686
493	758
493	1479
494	610
494	1261
495	1170
495	1450
496	935
496	1124
496	1275
497	513
497	586
497	1002
497	1142
497	1376
498	809
498	882
498	911
498	935
499	912
499	999
499	1257
500	598
500	1171
501	778
501	949
501	1093
501	1140
501	1249
502	1477
503	1355
505	874
505	972
505	1243
505	1276
506	734
506	943
506	992
506	1093
506	1372
507	512
507	527
507	872
507	1032
507	1304
507	1452
508	1440
509	861
509	1402
510	593
510	693
510	1039
510	1345
510	1420
510	1478
511	735
511	1104
511	1274
512	689
513	1160
513	1266
514	1071
515	1380
515	1482
516	884
516	1233
517	708
517	1374
519	718
519	1197
520	560
521	543
521	1230
522	1005
522	1218
522	1468
523	549
523	679
523	938
523	964
523	1014
523	1199
524	557
524	643
524	771
525	629
525	924
525	1021
525	1116
525	1267
526	755
526	906
526	1114
527	897
527	962
527	1402
528	629
528	810
529	719
529	1075
529	1407
530	880
530	1201
530	1258
531	1042
531	1288
532	1039
533	670
533	1053
533	1065
534	719
534	973
534	1070
535	767
535	1209
536	542
536	746
536	1139
536	1231
536	1470
537	755
537	911
537	1193
538	628
538	1309
539	655
539	1029
539	1142
539	1362
540	701
540	1009
540	1011
540	1021
540	1393
541	683
541	887
541	927
541	1310
542	1336
543	681
544	781
544	988
544	1029
545	871
545	1479
546	836
546	1430
547	718
547	1248
548	556
548	571
548	896
548	1221
548	1465
549	599
549	862
549	913
549	1021
549	1185
549	1272
551	1127
552	587
552	689
552	1137
553	690
553	1076
553	1480
555	1030
556	639
556	731
556	891
557	616
557	1040
558	848
558	1206
559	800
559	998
559	1268
560	823
560	951
560	1247
560	1446
561	780
562	840
562	1252
563	787
563	1080
563	1235
563	1308
563	1347
564	844
564	1135
565	1110
566	770
566	826
566	851
566	863
566	890
566	1468
567	871
568	1365
570	905
570	1126
571	611
571	774
571	1278
572	661
572	1159
574	601
574	794
574	1045
574	1263
574	1349
574	1436
575	841
578	703
578	993
579	1498
580	671
580	1160
580	1165
580	1452
581	680
581	1098
581	1272
582	775
582	870
582	932
582	1209
583	592
583	1398
584	900
584	1452
585	885
586	625
586	688
587	637
587	1187
587	1475
588	911
588	1107
588	1144
588	1397
589	791
589	907
589	1295
590	1024
590	1219
591	810
591	1005
591	1055
592	922
592	1330
592	1356
593	811
593	1235
594	792
594	839
594	845
594	1453
595	862
595	1111
596	681
596	1315
597	600
597	728
597	794
597	985
597	1213
598	701
598	1091
598	1291
599	758
600	918
600	1203
601	937
601	1487
602	621
602	1090
603	1061
604	759
604	1144
604	1359
605	1414
605	1459
606	710
606	831
606	920
606	1385
607	730
607	786
607	1328
607	1474
608	725
608	955
608	1141
608	1164
608	1480
609	867
609	1102
609	1151
610	669
610	693
610	740
611	647
612	679
612	1107
612	1117
613	1487
614	1153
615	1191
616	761
616	790
616	791
617	1264
618	878
618	1154
619	1054
620	1094
620	1124
620	1300
621	633
621	739
622	883
622	1005
622	1087
622	1296
623	737
623	987
623	1009
624	912
624	1463
625	1486
626	939
626	1066
626	1324
627	762
627	1043
629	1253
629	1334
630	974
630	1127
630	1197
631	702
631	720
631	1065
632	869
632	885
632	932
632	1081
632	1209
633	739
633	897
633	1001
634	666
634	680
634	1264
634	1384
634	1388
635	686
635	737
635	1150
635	1152
635	1223
636	668
636	1108
637	777
637	810
637	1166
637	1364
637	1436
638	1444
639	678
639	1214
639	1247
639	1272
639	1444
640	846
640	972
640	1135
640	1167
640	1244
640	1496
641	889
642	1160
642	1253
642	1283
642	1406
643	664
643	899
644	797
644	1171
644	1194
644	1367
645	1017
646	1306
646	1442
647	670
647	1439
648	1194
648	1243
648	1275
648	1479
650	670
650	1053
650	1286
651	1220
652	677
652	679
652	1254
653	809
653	1217
653	1367
654	995
654	1395
655	825
655	859
656	758
656	765
656	993
656	1302
657	823
657	999
658	723
659	1359
660	677
660	1214
660	1467
660	1494
662	1205
663	932
664	870
664	949
664	1267
664	1499
665	776
665	1484
666	765
666	1299
666	1363
667	679
667	685
667	713
667	1175
667	1257
668	1368
670	753
670	931
670	1037
670	1305
670	1365
670	1448
671	1361
672	804
672	1070
673	851
673	876
673	955
673	1105
675	751
675	1234
675	1382
676	846
677	1342
677	1436
678	1097
679	910
679	1339
680	1156
680	1497
681	1023
681	1287
682	1007
682	1027
682	1046
682	1118
682	1155
683	1018
683	1406
683	1490
684	1100
685	782
685	965
685	1128
686	1151
687	1147
688	726
688	1017
689	704
689	1121
689	1484
690	1145
691	783
691	914
691	1226
691	1431
692	1032
693	757
693	817
693	1143
693	1359
694	1016
694	1133
694	1300
694	1495
695	828
695	1140
695	1186
695	1440
696	866
696	1457
697	1076
697	1266
697	1485
698	1126
699	960
700	1082
701	960
702	837
702	876
703	1424
704	1108
704	1311
705	1450
706	1012
707	1126
707	1208
708	878
708	1089
708	1335
708	1443
709	867
709	1096
709	1248
709	1342
710	1034
711	1088
712	1201
713	1032
713	1048
713	1160
715	849
715	1045
716	904
716	1401
717	1176
718	1445
719	881
719	1029
719	1253
720	975
721	1098
721	1101
721	1303
722	841
722	878
723	1106
723	1353
723	1366
723	1425
724	756
724	839
724	862
724	1150
725	1028
726	1300
726	1431
727	1267
728	1489
729	932
729	1206
729	1210
730	737
730	867
730	1024
730	1401
730	1453
731	949
733	1322
733	1357
734	964
734	1357
734	1480
735	1414
736	1061
736	1131
736	1134
736	1155
737	1122
737	1132
737	1277
739	882
739	1043
739	1192
739	1253
739	1384
739	1467
740	862
740	1048
742	1049
742	1179
742	1405
743	1080
744	1292
745	751
745	1128
745	1180
746	1058
746	1231
746	1406
747	923
747	1105
747	1154
748	945
748	1358
749	1014
750	850
750	1197
750	1203
750	1287
750	1302
750	1343
751	923
751	963
752	1211
753	1048
753	1263
756	1037
757	1306
758	855
758	1239
760	1068
761	830
761	1495
762	1280
762	1446
763	1305
763	1434
764	792
764	1021
764	1173
764	1196
764	1388
765	876
765	1201
765	1212
766	933
767	932
767	1344
768	922
768	981
768	1343
769	819
770	827
770	1430
771	900
772	1063
772	1223
772	1421
773	909
773	1052
774	1011
774	1301
775	1048
775	1117
775	1264
775	1312
776	1123
777	887
778	1107
778	1371
780	1337
780	1494
783	992
783	1090
784	803
785	1035
785	1036
785	1217
786	1051
786	1237
787	1198
788	1036
788	1355
788	1411
790	1093
790	1486
791	939
791	1294
791	1367
796	851
796	1196
796	1483
797	1271
798	1174
798	1416
801	1137
801	1499
802	946
802	1077
803	1179
803	1205
803	1354
804	893
804	1012
805	984
805	985
806	1422
807	858
807	873
807	1126
810	963
810	1052
810	1170
811	1025
811	1043
811	1085
812	992
812	1045
812	1284
814	881
814	980
815	1238
815	1388
816	831
816	1088
816	1151
816	1347
816	1464
817	868
817	932
817	1051
817	1112
818	822
819	871
819	983
819	1027
820	904
820	1090
820	1130
820	1167
820	1175
820	1469
821	1235
822	854
822	1409
823	1079
824	862
824	1109
826	833
826	1089
826	1188
828	939
828	1069
828	1403
829	990
829	1148
829	1183
829	1271
829	1421
830	968
830	1062
830	1226
831	1340
831	1401
831	1451
832	1020
832	1091
832	1426
833	861
833	1320
833	1351
834	1034
834	1209
834	1375
836	1234
837	1104
837	1418
838	1138
838	1334
839	1021
839	1034
840	861
840	1444
841	1075
841	1166
841	1197
841	1364
842	1282
843	1024
843	1282
844	1225
844	1445
845	1280
846	1172
846	1306
846	1330
846	1383
847	977
847	1234
847	1317
848	1068
848	1102
850	1277
851	1049
852	948
852	1068
853	960
853	1075
853	1251
855	1001
855	1367
855	1484
856	1079
856	1131
857	886
858	1170
859	1050
859	1119
859	1177
859	1337
861	1270
864	906
865	1427
866	989
868	1007
868	1117
869	1226
870	876
870	881
870	1019
870	1344
873	1289
873	1366
875	941
875	1096
875	1100
875	1243
876	1081
876	1475
877	1142
877	1420
877	1490
878	917
879	1181
880	1064
880	1490
881	962
881	1124
882	1008
882	1287
882	1469
883	1370
884	888
885	969
885	1034
885	1102
886	1407
886	1455
887	1283
888	1003
888	1128
888	1324
889	1201
890	1018
890	1119
890	1367
890	1406
890	1415
892	1156
893	1224
894	954
894	1272
894	1352
895	1054
895	1145
895	1170
895	1492
896	1132
896	1235
897	915
897	1321
897	1406
898	926
899	1420
899	1467
900	1112
901	1286
903	1218
904	960
904	1294
905	1085
905	1163
905	1210
905	1480
906	985
906	1300
908	974
908	1365
908	1385
909	1419
910	963
911	1254
911	1278
912	1150
913	960
914	1292
914	1459
915	993
916	1422
921	1012
921	1403
921	1427
922	1000
922	1053
922	1419
922	1460
923	1162
925	955
925	1103
925	1177
925	1393
926	1003
926	1029
926	1161
926	1258
926	1327
927	1140
927	1397
928	1133
929	949
930	997
930	1180
931	945
931	1426
933	1471
934	1075
934	1284
935	1050
935	1263
937	1047
937	1134
937	1191
938	1006
938	1113
939	1050
939	1392
940	1423
941	1050
941	1065
941	1144
942	943
944	961
944	1142
944	1300
944	1304
944	1383
945	1132
946	996
946	1169
946	1325
947	1323
947	1417
948	1146
949	1165
950	1189
950	1447
951	1193
952	1011
952	1060
952	1241
952	1346
953	999
953	1159
954	1232
956	978
956	1205
957	1090
959	962
959	1250
961	1447
964	1074
964	1172
964	1203
964	1384
965	984
965	985
965	1180
965	1259
966	1251
966	1494
967	1109
967	1457
968	985
969	1084
969	1374
969	1375
970	1105
971	1391
973	1483
974	1070
975	1037
975	1082
978	1030
978	1066
979	1116
980	1173
980	1346
981	1359
982	1265
983	1373
984	1105
984	1213
984	1279
985	1425
988	1143
990	1415
990	1470
992	1129
992	1346
993	1116
994	1492
995	1082
996	1132
997	1042
997	1051
997	1332
997	1434
999	1026
999	1041
999	1129
999	1279
1000	1373
1001	1161
1001	1196
1003	1328
1004	1126
1004	1430
1005	1104
1005	1285
1007	1048
1007	1089
1010	1085
1010	1145
1010	1171
1010	1412
1010	1438
1011	1476
1012	1321
1012	1340
1013	1304
1014	1085
1014	1280
1014	1303
1015	1057
1016	1079
1016	1289
1017	1023
1017	1168
1019	1235
1019	1313
1021	1070
1021	1115
1021	1298
1023	1100
1023	1227
1023	1252
1025	1197
1025	1360
1025	1486
1026	1241
1026	1260
1026	1380
1028	1499
1029	1052
1029	1113
1029	1249
1029	1374
1030	1053
1031	1229
1031	1396
1033	1038
1033	1302
1033	1321
1033	1400
1037	1357
1037	1496
1039	1078
1039	1466
1040	1044
1040	1294
1042	1207
1043	1259
1044	1280
1044	1443
1045	1264
1045	1401
1045	1470
1046	1253
1046	1332
1048	1246
1049	1408
1049	1411
1049	1432
1050	1060
1050	1200
1050	1338
1051	1111
1051	1307
1052	1305
1053	1096
1053	1127
1055	1198
1055	1289
1056	1397
1058	1362
1058	1442
1061	1201
1061	1312
1063	1412
1065	1226
1066	1095
1066	1147
1066	1351
1068	1308
1069	1077
1069	1221
1069	1433
1070	1277
1070	1374
1071	1262
1071	1428
1072	1255
1075	1088
1075	1216
1076	1079
1076	1389
1078	1148
1078	1222
1078	1360
1079	1081
1079	1235
1079	1411
1080	1271
1081	1451
1082	1354
1083	1282
1083	1487
1085	1469
1086	1477
1087	1129
1088	1413
1091	1248
1091	1310
1092	1299
1092	1337
1092	1469
1093	1191
1094	1175
1095	1422
1096	1228
1096	1490
1097	1454
1098	1443
1100	1267
1101	1394
1103	1386
1105	1193
1105	1271
1106	1200
1107	1133
1109	1128
1110	1236
1111	1231
1111	1403
1111	1463
1113	1384
1114	1204
1115	1166
1115	1212
1116	1344
1118	1341
1119	1276
1120	1188
1120	1493
1123	1238
1125	1154
1125	1405
1126	1298
1127	1232
1127	1291
1128	1430
1130	1406
1131	1343
1133	1277
1133	1423
1135	1280
1138	1241
1140	1463
1141	1176
1142	1152
1142	1264
1143	1225
1144	1204
1148	1176
1148	1433
1150	1274
1152	1155
1152	1257
1153	1364
1157	1258
1158	1328
1159	1397
1159	1443
1161	1392
1163	1446
1164	1410
1165	1251
1166	1295
1167	1269
1169	1398
1169	1444
1170	1187
1170	1406
1170	1481
1173	1452
1174	1436
1175	1427
1175	1456
1176	1455
1177	1225
1177	1229
1177	1319
1177	1465
1178	1394
1180	1423
1181	1285
1181	1498
1182	1494
1183	1373
1183	1442
1185	1470
1186	1234
1186	1304
1195	1222
1195	1240
1196	1341
1196	1434
1197	1263
1197	1464
1198	1204
1198	1233
1198	1390
1199	1262
1200	1434
1201	1363
1202	1420
1203	1213
1203	1215
1204	1364
1204	1463
1206	1240
1208	1254
1209	1431
1210	1239
1210	1331
1211	1267
1215	1388
1215	1472
1216	1453
1217	1310
1219	1461
1220	1258
1220	1397
1220	1418
1225	1346
1225	1395
1227	1487
1233	1235
1233	1243
1234	1269
1235	1306
1235	1369
1236	1284
1238	1281
1238	1385
1238	1466
1239	1283
1239	1345
1243	1432
1245	1336
1245	1423
1246	1404
1247	1430
1247	1436
1249	1354
1250	1411
1252	1274
1252	1275
1256	1270
1258	1268
1258	1378
1259	1469
1261	1374
1263	1456
1264	1365
1265	1274
1265	1417
1268	1494
1269	1426
1270	1277
1273	1313
1274	1447
1277	1397
1278	1485
1280	1333
1280	1464
1281	1444
1283	1359
1283	1368
1285	1347
1286	1464
1288	1361
1289	1411
1290	1448
1292	1316
1293	1464
1307	1340
1309	1322
1310	1326
1310	1421
1311	1312
1313	1377
1317	1388
1320	1472
1321	1431
1322	1340
1324	1396
1324	1408
1328	1432
1330	1471
1331	1409
1331	1435
1334	1343
1334	1393
1335	1441
1337	1352
1337	1407
1337	1473
1338	1382
1340	1499
1348	1492
1350	1356
1353	1387
1353	1479
1355	1405
1355	1476
1357	1432
1360	1398
1360	1448
1362	1420
1362	1453
1365	1379
1368	1402
1371	1488
1372	1379
1378	1487
1379	1390
1380	1477
1386	1398
1392	1438
1392	1459
1398	1407
1411	1425
1426	1427
1427	1455
1436	1457
1439	1466
1440	1453
1443	1445
1445	1470
1449	1460
1449	1477
1478	1493
1485	1492