0	143
1	238
1	592
1	843
2	406
2	924
2	954
2	1230
2	1428
3	120
3	637
3	1028
3	1468
4	25
4	336
4	812
4	1148
4	1204
5	844
5	1122
5	1349
5	1461
6	373
6	1279
7	185
7	702
7	784
7	1231
7	1304
8	606
8	825
8	1470
9	46
9	167
9	374
10	1232
11	773
11	781
11	1419
12	248
12	304
12	348
12	1195
12	1238
13	476
13	783
13	1076
13	1477
14	318
14	367
14	572
15	270
15	607
15	929
15	1161
15	1248
16	317
16	413
16	761
16	944
16	1008
16	1102
17	140
17	152
17	390
17	1387
17	1405
18	342
18	688
18	1452
19	819
19	1267
20	1283
21	180
21	260
21	426
21	878
21	897
21	1457
22	174
22	578
23	98
23	394
23	648
23	980
23	1385
24	913
24	1068
24	1127
25	453
25	589
25	632
25	752
25	833
25	1080
26	156
26	356
26	1449
26	1470
27	86
27	311
28	594
28	1216
28	1221
28	1409
28	1411
29	586
29	879
30	72
30	94
30	844
30	934
30	977
30	1138
31	267
31	281
31	283
31	670
31	787
31	813
31	999
31	1448
32	407
32	418
32	426
32	504
32	546
32	709
32	1021
32	1487
33	108
33	434
33	665
33	784
34	177
34	916
34	919
34	944
35	847
36	481
36	1102
37	42
37	80
37	131
37	252
37	631
37	763
38	1012
38	1321
39	110
39	270
39	412
39	524
39	1296
40	490
40	1440
41	42
41	302
41	814
42	443
42	570
42	873
42	1174
42	1425
43	557
43	764
44	77
44	351
44	396
44	1089
45	180
45	244
45	903
45	1421
46	57
46	117
46	188
46	709
46	869
46	1123
46	1272
47	1392
48	128
48	170
48	734
48	893
48	921
49	67
49	127
49	131
49	288
49	745
49	879
49	965
50	115
50	1460
51	269
51	485
51	635
51	815
52	388
52	1007
53	513
53	528
53	879
53	1210
53	1346
53	1376
54	91
54	508
54	929
54	969
55	787
55	829
55	926
55	1024
55	1206
55	1237
56	153
56	534
56	943
56	1156
57	212
57	284
57	698
58	187
58	776
58	791
58	846
59	399
60	1414
61	497
62	172
62	878
62	1206
63	327
63	332
63	1065
63	1070
63	1222
63	1299
63	1320
64	294
64	559
65	531
65	820
65	1090
65	1242
65	1350
66	279
66	367
66	538
66	542
66	617
66	836
66	901
66	1078
66	1275
67	86
67	290
67	396
67	477
67	1229
68	231
68	554
68	977
68	1008
68	1075
68	1300
68	1427
68	1467
69	164
69	319
69	666
69	806
69	865
69	916
69	1064
69	1167
70	135
70	155
70	295
70	582
70	1144
71	220
71	740
71	1206
71	1222
72	541
72	720
72	1079
72	1209
73	408
73	981
73	1035
73	1051
74	226
74	388
74	735
74	738
74	879
74	1108
75	293
75	304
75	374
75	587
75	884
75	1235
75	1385
75	1407
76	665
76	1324
77	121
77	604
77	631
77	741
78	632
78	638
78	810
78	856
78	975
78	1362
79	189
79	298
79	315
79	381
79	623
80	93
80	187
80	390
80	945
80	1270
80	1271
80	1325
81	672
81	681
81	866
81	946
81	988
81	989
81	1075
81	1167
81	1236
81	1393
81	1486
82	395
82	982
82	1166
82	1359
83	98
83	367
83	1175
83	1248
84	543
84	707
84	808
84	821
84	996
84	1149
85	179
85	486
86	606
87	384
87	1046
87	1281
87	1318
87	1333
88	410
89	355
89	439
89	881
89	1086
89	1337
90	163
90	381
90	978
91	470
92	1047
92	1317
93	615
93	683
93	745
93	870
93	1088
93	1089
93	1178
93	1278
93	1362
93	1420
93	1494
94	472
94	522
94	535
94	983
94	1237
94	1377
95	630
96	516
96	596
96	883
96	974
96	1260
96	1293
96	1374
97	136
97	459
97	851
97	1219
98	160
98	181
98	328
98	464
98	535
98	542
98	770
98	846
98	850
98	943
98	1347
98	1455
99	588
99	935
100	1009
100	1136
101	534
102	143
102	641
102	979
102	1111
102	1131
102	1152
103	314
103	380
103	1283
104	281
104	424
104	900
104	916
104	1144
104	1342
105	1331
106	819
106	1478
107	606
107	874
107	1087
107	1097
107	1263
108	675
108	833
108	839
108	1351
108	1495
109	137
109	1218
109	1360
110	413
110	505
110	596
110	1460
111	683
112	455
112	606
112	770
112	1387
113	556
113	691
113	831
113	874
113	1099
113	1308
114	134
114	305
114	527
114	648
114	782
114	821
114	826
114	853
114	878
114	1057
114	1071
115	622
115	842
115	1310
115	1435
116	399
117	322
117	500
117	955
118	217
118	393
118	920
118	1143
118	1393
119	558
119	1302
119	1413
120	514
120	837
121	903
121	1013
121	1405
122	337
122	636
122	965
122	1032
122	1329
122	1462
123	238
123	565
123	634
124	231
124	313
124	438
124	561
124	738
124	1315
124	1445
125	615
125	1219
125	1297
125	1416
126	380
127	767
127	1014
128	664
128	948
128	1061
128	1215
129	601
130	238
130	432
130	525
130	664
130	709
130	771
130	880
130	926
130	1140
131	361
131	506
131	1344
132	416
132	593
132	622
132	830
132	880
132	1047
133	235
133	399
133	441
133	1005
133	1282
134	1183
135	635
135	721
135	892
135	937
135	1375
135	1385
136	392
136	776
136	1089
136	1177
136	1425
137	419
137	1428
138	325
138	355
138	582
138	815
138	932
138	1436
139	319
139	817
139	897
139	1394
140	253
140	1221
140	1462
141	1028
142	375
142	1046
143	168
143	696
143	827
143	1178
143	1241
144	398
144	532
144	600
144	687
145	172
145	711
145	1104
145	1414
146	396
146	971
147	423
147	595
147	786
147	950
147	1092
147	1195
147	1425
148	332
148	1152
149	248
149	877
149	1402
149	1467
150	265
150	311
150	531
150	1104
150	1150
150	1203
150	1447
151	193
151	1154
151	1386
152	196
152	332
152	415
152	1022
152	1140
153	251
153	356
154	1160
154	1185
155	196
155	442
155	753
156	333
157	636
158	286
158	845
158	1284
158	1453
159	920
159	1391
160	318
160	1001
160	1467
161	221
161	546
162	551
162	852
162	923
162	992
162	1018
163	407
163	934
163	1154
164	284
164	301
164	528
164	531
164	1108
165	367
165	388
165	652
165	800
165	1201
165	1240
165	1448
166	422
166	745
166	1006
167	592
167	674
167	1065
167	1201
167	1489
168	227
168	850
168	1318
169	711
169	904
170	264
170	807
170	1204
171	239
171	433
171	527
171	1159
171	1219
171	1399
172	369
172	928
172	1233
172	1334
173	527
173	1406
173	1432
174	283
174	551
174	844
174	988
175	255
175	299
175	833
175	957
175	975
175	1344
175	1484
176	309
176	791
176	1024
176	1025
176	1062
176	1302
176	1406
177	245
177	282
177	636
177	799
177	955
177	1126
178	511
178	1099
179	810
179	1177
179	1310
179	1320
179	1476
180	893
180	939
180	1166
181	409
181	953
181	1086
181	1472
181	1475
182	810
182	1026
182	1086
182	1199
182	1303
183	597
184	394
184	807
186	1038
186	1305
187	1084
187	1092
188	194
188	205
188	478
188	546
188	766
188	813
188	934
189	955
190	626
190	1077
191	373
191	548
191	747
191	1377
192	650
192	772
192	873
192	978
192	1062
193	417
193	576
193	634
193	713
193	1237
194	622
194	726
195	785
195	1448
196	493
196	569
196	915
197	1146
198	325
198	439
198	955
198	961
198	1467
199	363
199	421
200	693
200	820
200	1084
201	203
201	392
201	647
201	822
202	501
202	692
202	1009
202	1387
203	350
203	451
203	813
204	263
205	1025
206	464
207	312
207	423
207	1393
207	1457
208	332
208	911
208	945
209	238
209	443
209	1006
209	1086
209	1121
209	1229
210	610
210	1341
210	1487
211	564
211	652
212	402
212	428
212	1182
212	1341
212	1343
213	389
214	318
214	471
214	743
214	1069
214	1422
215	494
215	547
215	870
215	975
215	979
215	1246
216	812
218	527
218	699
218	752
218	1069
218	1076
219	617
219	782
219	974
219	1285
219	1347
219	1495
220	444
220	599
220	769
221	365
221	584
222	457
222	1388
223	245
223	246
223	312
223	1389
224	465
224	469
224	501
224	612
224	978
224	1386
225	865
225	891
226	1222
226	1473
226	1478
227	241
227	511
227	512
227	556
227	853
227	1328
227	1363
228	1148
229	266
229	507
229	1040
229	1380
229	1414
230	250
230	278
230	1041
230	1049
230	1251
231	466
231	779
231	904
231	1091
232	904
232	1227
232	1425
233	392
233	969
233	1039
233	1132
233	1286
233	1377
233	1387
234	537
234	542
234	1098
234	1460
235	728
235	773
235	1027
235	1306
235	1386
235	1397
236	436
236	480
236	845
237	386
237	1051
237	1244
238	397
238	519
239	254
239	744
239	1321
240	536
240	679
240	790
240	872
240	1123
240	1447
240	1450
241	837
241	924
241	1044
241	1362
242	308
242	552
242	832
242	872
242	1122
243	915
243	1273
243	1317
244	596
245	934
246	796
246	1439
247	884
247	1263
248	310
248	831
248	1430
249	851
249	991
249	1348
249	1390
251	685
251	901
251	1081
251	1279
251	1381
252	531
252	843
252	976
252	1084
253	290
253	1494
254	1140
254	1311
254	1380
254	1423
255	497
255	1231
255	1357
256	1348
257	336
257	343
257	453
257	907
257	970
257	987
258	420
258	746
258	888
258	1086
258	1367
259	659
259	1212
259	1371
259	1444
260	595
261	833
261	1108
261	1485
262	823
263	385
263	412
263	428
263	1091
263	1460
264	336
264	570
264	910
264	923
265	696
265	729
265	1421
266	565
266	860
266	1242
266	1422
266	1431
267	458
267	858
268	588
268	707
269	863
269	1383
269	1438
270	600
270	860
270	1139
270	1225
271	473
271	1383
272	319
272	569
273	882
274	1080
274	1325
274	1435
275	607
275	853
275	1122
275	1132
276	817
277	450
277	793
277	852
277	1308
278	1262
279	807
279	1011
279	1165
279	1246
280	1243
282	331
282	1293
282	1418
283	467
283	486
283	712
283	1346
284	604
284	1195
284	1363
285	735
285	921
285	1334
285	1347
285	1361
286	356
286	382
286	565
286	601
286	1359
287	640
287	1137
288	516
288	522
288	572
288	1189
288	1213
289	301
289	769
289	918
289	1350
289	1458
290	471
290	557
290	765
290	1263
291	1217
292	385
292	916
292	1054
293	421
293	580
293	1354
294	627
294	675
294	682
294	1034
294	1365
295	561
295	944
295	1057
295	1100
296	338
296	527
296	622
296	748
296	996
296	999
296	1288
296	1314
297	869
297	1293
297	1369
297	1484
298	1346
299	627
300	436
300	576
300	1138
301	610
301	856
301	920
301	1221
302	445
302	1489
303	849
303	1043
303	1196
303	1213
303	1352
304	320
304	613
304	969
305	978
306	607
306	872
306	1272
307	333
307	463
307	568
307	594
307	865
308	321
308	648
308	682
308	815
308	832
308	1087
308	1351
309	561
309	1106
309	1143
310	561
310	613
311	518
311	809
311	1284
312	1097
312	1464
313	472
313	593
313	910
313	1019
313	1426
314	757
314	1229
315	1278
316	353
316	426
316	526
316	1090
317	1064
317	1376
318	941
318	1023
318	1258
318	1413
319	516
319	744
319	1077
319	1177
320	501
320	775
320	835
320	844
321	677
321	971
321	1341
322	688
322	1135
322	1388
323	893
323	1147
323	1332
324	743
324	1193
324	1473
325	608
326	886
326	1447
327	1135
327	1156
328	628
328	644
328	719
328	956
328	1055
328	1183
328	1353
329	481
329	1203
330	480
330	873
330	1197
330	1265
330	1374
331	826
331	1003
332	735
332	883
332	968
332	1018
332	1166
332	1244
332	1274
332	1499
333	520
333	567
333	1269
333	1449
333	1461
334	1332
335	395
335	794
335	903
335	948
335	1345
337	651
337	912
338	430
338	1054
338	1337
339	588
339	1249
339	1323
339	1443
340	1361
341	1176
342	1235
343	754
343	879
343	988
343	1366
344	497
344	675
344	1389
344	1400
345	1012
345	1188
345	1451
346	523
346	1328
347	1001
348	501
349	692
349	949
349	1323
349	1395
351	921
351	1289
352	623
352	862
352	1122
352	1407
353	616
354	1240
354	1496
355	1049
355	1138
357	461
357	927
357	1025
357	1372
357	1380
358	507
358	1009
358	1147
359	493
359	841
359	1045
360	990
360	1039
360	1255
361	598
361	851
361	1349
362	478
362	564
362	646
362	1300
362	1304
362	1343
363	666
363	1159
364	422
365	608
365	1373
366	466
366	962
367	495
367	561
367	945
368	993
368	1061
369	524
369	616
369	944
369	1453
370	435
371	504
371	595
371	884
371	994
371	1101
371	1106
371	1136
371	1231
372	762
372	817
372	1125
373	734
373	1139
373	1202
374	534
374	703
374	736
374	844
374	850
375	618
376	816
376	1121
377	563
377	643
377	1208
377	1299
377	1389
378	385
379	1194
379	1273
380	412
380	828
380	871
380	1108
380	1273
380	1398
381	567
381	746
381	904
383	1137
383	1267
384	1379
385	407
385	1008
385	1438
386	562
386	705
386	1024
386	1174
387	618
387	1207
388	679
388	1149
389	693
389	749
389	1348
390	496
390	589
391	411
392	398
393	682
393	989
393	1011
393	1141
393	1434
393	1468
394	497
394	874
395	444
395	960
395	1036
395	1197
395	1223
395	1437
395	1472
397	439
397	533
397	913
397	987
398	549
398	575
398	655
398	742
398	1344
398	1460
400	549
400	695
400	909
401	504
401	1185
401	1435
402	509
402	938
402	966
402	1015
403	662
403	1458
404	711
404	758
404	1120
404	1174
405	858
405	1015
405	1210
406	865
406	1359
407	477
407	1157
407	1220
408	954
408	997
408	1184
408	1484
409	697
409	766
410	1075
411	686
411	977
411	1109
411	1357
411	1450
412	780
412	790
413	871
413	897
413	1331
414	657
414	1379
415	773
415	818
415	1186
416	872
416	1143
417	442
417	822
417	1266
417	1274
418	818
419	544
419	1494
420	1101
420	1169
420	1451
420	1493
421	731
421	990
421	1073
422	794
422	1354
423	905
423	1100
423	1247
424	606
424	1289
424	1307
425	1084
425	1376
426	571
426	815
427	545
427	662
427	1396
427	1414
427	1416
428	580
428	876
429	490
429	692
429	830
429	1393
430	791
430	848
430	1197
430	1378
431	538
431	1151
431	1198
431	1365
432	566
432	669
432	743
432	933
432	1094
432	1147
433	455
433	943
433	1070
434	900
434	1132
434	1191
434	1402
434	1465
435	572
435	708
435	1237
435	1378
436	526
436	1122
436	1266
436	1350
437	607
438	551
438	625
438	1014
439	755
439	1278
440	504
440	553
441	1440
442	603
442	728
442	1217
443	1011
443	1240
443	1270
443	1329
445	1207
446	1378
447	467
447	647
447	689
447	881
448	565
448	986
449	510
450	499
450	706
450	975
451	600
451	987
451	1401
451	1451
452	533
453	1062
454	757
454	832
454	1383
455	848
455	1140
455	1240
455	1346
456	550
456	810
456	1232
457	798
457	1181
457	1417
457	1422
458	1020
458	1378
459	908
459	1175
460	1419
461	678
461	1028
461	1141
462	465
462	732
462	1399
463	483
463	492
463	1403
464	956
464	975
465	854
465	1150
466	644
468	719
468	1049
468	1266
468	1395
469	875
469	955
469	1242
469	1329
470	566
471	986
471	990
471	1151
471	1268
471	1339
472	948
472	1272
473	783
473	1481
474	507
474	972
474	986
474	1123
474	1361
474	1374
474	1448
475	1192
475	1333
475	1348
476	674
476	1053
476	1055
476	1095
476	1135
476	1186
477	1321
478	1283
478	1420
478	1446
479	873
479	1074
480	912
480	1033
481	1235
482	792
482	998
483	529
483	619
483	940
483	964
483	1391
484	795
484	1006
484	1216
485	543
485	776
486	763
486	767
486	1039
486	1247
486	1331
487	543
487	1242
487	1431
487	1478
488	754
488	911
488	972
488	1014
489	660
489	1117
489	1132
489	1231
490	550
490	643
490	1004
490	1149
490	1387
491	1265
492	882
492	1205
494	919
494	1436
495	1020
496	794
497	660
497	750
497	1468
498	1057
498	1256
498	1372
499	528
499	1139
499	1170
499	1223
499	1311
500	570
500	1208
500	1263
501	592
501	604
501	755
501	1078
501	1082
502	960
502	994
502	1266
502	1488
503	813
503	1123
503	1233
504	686
504	1133
505	556
505	1077
506	627
506	708
506	1259
506	1323
507	1121
509	624
509	690
509	1081
509	1438
510	1450
511	587
511	1051
511	1054
513	812
514	1429
514	1482
515	627
515	945
516	573
516	667
516	792
516	798
516	812
516	1028
516	1135
516	1476
517	545
518	713
518	1303
519	1278
519	1353
520	877
521	1252
522	860
523	918
523	1115
523	1422
524	886
524	902
525	935
525	1325
526	738
526	1292
527	572
528	821
528	1313
528	1326
529	668
529	957
529	1047
529	1078
530	729
530	1194
530	1295
532	1474
533	1170
535	600
536	1324
536	1337
537	566
537	778
537	1461
537	1477
537	1480
538	946
538	977
538	1150
539	559
539	711
539	1136
539	1444
540	800
540	1077
542	598
542	1153
542	1198
543	549
543	719
543	1235
544	671
544	831
544	946
544	978
544	1057
546	1275
547	712
547	1290
548	824
548	1055
548	1442
549	948
550	619
550	824
550	1309
550	1329
550	1431
551	677
551	832
551	1044
552	1342
552	1443
553	704
554	1040
554	1181
555	1293
557	598
557	1173
558	641
558	1360
558	1460
559	763
559	1210
560	728
560	754
560	906
560	1059
560	1494
561	785
561	815
561	1012
561	1249
561	1492
564	1428
564	1434
565	632
565	789
565	1175
566	766
566	888
566	1045
566	1384
567	647
567	700
567	1230
568	804
568	1252
568	1403
569	623
569	629
569	968
569	1265
569	1453
570	814
570	868
570	1146
570	1298
571	643
573	1195
573	1288
573	1290
573	1475
574	615
574	727
574	1049
575	1385
577	661
577	1060
577	1306
577	1410
578	1048
578	1132
579	592
579	976
580	585
580	898
580	955
580	1473
581	598
581	877
581	1015
582	1287
582	1300
582	1386
583	894
583	989
584	753
584	1090
584	1115
584	1194
585	869
585	1030
585	1368
586	772
586	921
586	1187
586	1492
587	637
587	986
587	1343
588	619
588	1176
590	709
590	943
591	710
591	1318
592	969
593	806
593	907
594	610
594	1140
594	1278
594	1292
594	1375
597	624
597	673
597	1090
597	1166
597	1271
597	1407
598	666
598	723
598	772
598	918
598	1448
599	675
599	1233
600	991
600	1308
602	657
602	904
602	938
602	1104
603	1384
604	879
604	1432
605	870
605	1170
605	1172
605	1358
606	623
606	852
606	979
607	1175
608	824
608	1133
609	1155
610	1081
611	679
611	1047
611	1236
612	888
612	948
612	1332
612	1432
613	741
613	1318
614	634
614	884
615	998
616	926
616	1211
616	1356
617	970
617	1184
617	1371
618	855
618	1006
619	757
619	773
619	799
619	963
619	1101
619	1251
620	930
620	1406
620	1456
620	1492
621	1136
621	1239
621	1271
622	1065
622	1113
622	1304
622	1326
623	742
623	1187
623	1213
624	1269
624	1315
625	751
625	1031
625	1188
626	906
627	956
627	1182
627	1242
627	1456
628	1163
629	1117
629	1344
629	1399
629	1480
630	870
631	1410
632	640
633	1008
635	984
635	1089
635	1356
636	754
636	911
636	914
636	1177
636	1389
637	757
638	783
638	787
638	948
638	986
638	1209
639	1115
639	1199
641	691
641	993
641	1110
641	1299
642	1165
643	955
643	1425
643	1483
645	808
645	1007
646	885
647	921
647	1201
647	1460
648	710
648	937
649	959
650	779
650	1084
650	1483
651	953
651	1030
651	1394
652	690
652	724
652	774
652	829
652	1144
653	912
654	1003
654	1174
655	815
655	1027
655	1329
656	832
656	950
657	1187
658	1114
658	1181
658	1468
659	1440
661	898
661	1017
662	885
662	1436
662	1467
663	830
664	681
664	1133
664	1276
664	1370
665	1221
665	1255
666	977
666	1152
666	1450
667	947
667	1233
667	1340
668	690
668	1119
669	935
669	1334
670	1375
670	1465
671	829
671	1050
671	1245
671	1324
673	981
673	991
673	1031
674	1483
676	1365
676	1431
676	1440
677	926
677	1122
677	1185
678	798
678	1496
679	980
679	1027
679	1086
679	1326
680	1030
681	1363
682	1180
682	1342
683	848
683	1133
683	1319
684	868
684	909
684	983
684	1072
684	1492
685	972
685	1170
685	1360
685	1499
686	1225
687	826
687	977
687	1032
687	1084
689	1242
690	1014
690	1133
690	1416
691	728
691	881
692	831
692	1056
692	1173
693	1298
694	704
694	961
695	1464
696	1308
696	1435
697	801
699	899
699	1175
699	1320
699	1434
700	1147
700	1161
700	1460
701	1468
702	995
702	1169
702	1412
703	1186
703	1318
704	1033
704	1048
704	1078
705	822
705	1179
706	934
706	1386
706	1418
706	1460
707	882
707	1022
707	1108
707	1154
707	1242
707	1475
708	926
708	1040
709	911
709	1080
709	1181
710	940
711	749
711	770
711	903
711	1025
711	1230
711	1434
712	945
713	823
713	1119
713	1126
714	791
714	808
715	875
716	814
716	831
717	820
717	907
717	1218
717	1219
718	1158
718	1412
719	1105
719	1171
720	957
720	1038
721	726
721	776
721	867
721	871
721	1073
722	900
722	923
722	1477
722	1492
723	804
723	968
724	804
724	999
725	1008
725	1091
725	1306
726	825
726	951
728	802
728	1075
728	1405
729	997
729	1384
730	941
730	1111
731	1111
731	1232
731	1315
732	1188
733	756
734	1064
734	1103
736	942
736	1322
737	837
737	1108
738	824
738	832
738	1123
739	1139
739	1456
740	800
740	811
740	1031
740	1085
741	846
741	1153
742	752
743	767
743	838
743	872
743	1182
744	1300
744	1480
745	1133
746	1104
747	830
747	1238
747	1381
747	1479
748	755
748	1079
748	1256
748	1403
748	1456
748	1476
749	1058
749	1066
750	829
750	1199
751	834
751	902
751	938
751	1245
752	906
752	999
752	1072
753	1347
754	793
754	1088
754	1410
754	1475
755	976
755	1047
758	978
758	1139
759	981
759	1488
760	1096
760	1105
760	1231
761	1265
762	1455
763	1158
763	1407
764	862
765	943
765	1040
766	919
766	1473
767	1083
767	1111
767	1184
768	897
769	982
769	1196
770	1487
771	1111
771	1168
772	933
774	1356
775	998
775	1006
776	1125
776	1242
776	1389
777	888
777	971
777	1063
777	1194
777	1345
777	1388
778	1247
778	1329
779	854
779	1294
781	1195
782	980
783	784
783	872
784	821
784	929
784	988
784	1141
784	1232
785	1486
786	1031
788	829
788	1196
790	1134
790	1207
790	1257
791	1263
791	1336
791	1496
792	806
792	1300
792	1453
793	1404
795	951
795	1326
795	1414
796	1015
796	1490
797	827
797	1477
798	919
798	1300
798	1339
798	1461
799	884
800	862
800	982
800	1279
801	855
801	1079
803	831
803	835
803	1276
804	844
804	887
804	983
804	1187
805	1032
805	1065
805	1200
805	1439
805	1452
806	833
806	972
806	1098
806	1447
807	890
807	1156
807	1244
808	1275
809	927
809	1013
811	920
811	1212
812	977
813	1196
814	1137
814	1264
814	1284
814	1345
814	1347
815	824
815	908
815	1156
816	822
816	1310
817	835
817	928
819	1462
820	840
820	1069
820	1121
820	1491
821	905
821	1334
822	870
822	1299
823	933
823	1392
824	848
824	1226
824	1262
826	1226
828	1117
829	969
829	1442
830	1491
831	1261
831	1318
831	1458
832	891
832	985
832	1020
832	1350
834	1062
834	1183
834	1187
836	878
836	1052
836	1102
837	1246
838	1020
839	1136
839	1450
840	1121
840	1277
840	1485
842	1095
843	959
844	1256
845	1159
845	1313
845	1367
845	1457
847	995
847	1266
848	873
848	1323
849	1075
849	1256
850	972
850	1245
852	909
852	1429
853	948
853	1174
856	1020
856	1042
856	1385
857	917
857	1155
857	1273
857	1407
859	1090
859	1351
861	1496
862	926
862	956
862	1387
864	884
864	958
865	1215
866	1435
868	898
872	1417
873	1005
873	1019
873	1082
873	1219
874	1015
875	1394
876	963
877	1057
877	1165
877	1228
878	1049
878	1164
878	1323
879	1122
879	1226
879	1320
879	1339
881	1128
881	1213
881	1361
881	1400
882	886
882	975
883	1062
884	1127
885	1072
886	1354
886	1364
886	1445
887	1363
887	1415
889	973
889	1295
890	998
890	1396
891	1054
891	1364
891	1367
891	1373
892	1110
892	1122
894	1024
894	1150
894	1321
895	1179
895	1219
896	1408
897	1221
897	1275
898	1188
900	1187
901	1088
901	1421
902	1157
903	1096
905	1210
905	1463
906	936
907	1322
909	1327
910	922
910	935
910	1162
910	1218
912	1210
912	1474
913	1054
914	1146
914	1234
914	1261
915	1067
916	1030
917	1031
918	977
918	1245
918	1274
919	1392
920	1008
921	1393
924	1253
925	1285
926	1024
926	1130
927	1028
927	1392
928	1495
930	1031
930	1403
931	1084
931	1196
932	1315
934	1333
934	1413
935	985
935	1489
937	1257
938	1242
938	1256
939	999
939	1492
941	1152
941	1419
942	1196
942	1492
943	1000
943	1320
944	1486
945	1265
946	1087
946	1197
947	1039
947	1425
948	1017
949	1076
949	1215
950	1185
952	1472
953	1473
954	1308
954	1376
954	1401
956	1037
956	1234
956	1285
957	1107
958	1476
959	1301
961	1028
961	1047
962	1116
963	1006
963	1130
963	1177
963	1456
964	981
965	1249
966	1194
967	1197
967	1462
968	1141
968	1254
969	1116
969	1231
969	1358
970	1036
971	1422
972	1002
972	1387
976	1205
978	984
978	1216
978	1284
980	1055
980	1349
980	1371
981	1345
982	1304
983	1171
984	1266
985	1272
985	1323
986	1058
987	1022
987	1407
988	1477
989	1360
989	1455
990	1119
990	1372
991	1123
993	1169
993	1468
994	1339
995	1489
996	1295
996	1387
999	1126
1000	1067
1000	1319
1002	1371
1003	1066
1003	1093
1004	1289
1006	1244
1006	1289
1007	1020
1007	1065
1007	1215
1009	1054
1009	1410
1010	1187
1010	1236
1012	1089
1012	1206
1013	1115
1013	1433
1016	1087
1016	1314
1017	1482
1018	1235
1018	1459
1019	1253
1020	1414
1022	1063
1022	1325
1023	1068
1023	1385
1024	1473
1028	1371
1028	1425
1029	1298
1029	1391
1030	1106
1030	1254
1030	1411
1031	1061
1031	1231
1034	1048
1034	1184
1034	1234
1035	1188
1036	1227
1039	1229
1039	1380
1039	1393
1039	1432
1040	1462
1041	1068
1041	1094
1041	1122
1041	1331
1041	1467
1042	1105
1043	1199
1045	1193
1045	1284
1046	1087
1047	1471
1049	1118
1049	1432
1049	1467
1052	1397
1055	1073
1055	1466
1056	1254
1056	1480
1058	1468
1058	1491
1061	1292
1062	1274
1062	1457
1062	1479
1065	1227
1065	1377
1065	1434
1067	1483
1069	1447
1072	1478
1073	1345
1074	1139
1075	1125
1078	1203
1078	1431
1079	1160
1080	1113
1081	1289
1081	1290
1083	1297
1083	1326
1085	1349
1086	1098
1088	1289
1089	1299
1090	1132
1090	1206
1091	1322
1091	1392
1093	1413
1093	1463
1094	1136
1097	1288
1098	1257
1100	1117
1100	1180
1102	1494
1104	1379
1105	1441
1106	1267
1112	1223
1112	1304
1112	1495
1113	1413
1113	1426
1113	1469
1114	1461
1115	1260
1115	1299
1117	1323
1119	1371
1123	1464
1124	1274
1125	1146
1125	1290
1125	1329
1127	1214
1127	1430
1128	1419
1129	1135
1129	1327
1130	1133
1130	1179
1130	1427
1132	1388
1132	1407
1133	1137
1135	1224
1135	1283
1136	1151
1137	1175
1138	1323
1140	1254
1141	1464
1142	1183
1143	1233
1144	1417
1145	1236
1148	1400
1148	1477
1150	1177
1152	1219
1152	1223
1152	1397
1153	1234
1154	1265
1156	1164
1156	1194
1157	1248
1157	1297
1157	1427
1158	1299
1161	1236
1161	1285
1163	1291
1163	1311
1163	1400
1164	1388
1164	1429
1166	1207
1166	1278
1167	1433
1169	1440
1170	1239
1170	1368
1175	1213
1178	1195
1181	1406
1182	1234
1182	1461
1183	1210
1183	1267
1183	1291
1183	1497
1184	1324
1184	1373
1184	1374
1187	1191
1187	1200
1188	1367
1190	1320
1195	1348
1196	1200
1196	1277
1202	1254
1202	1280
1202	1443
1202	1462
1203	1241
1203	1458
1205	1239
1206	1444
1208	1441
1210	1231
1210	1382
1212	1276
1217	1449
1218	1228
1220	1436
1221	1443
1223	1307
1223	1473
1224	1250
1226	1396
1226	1408
1227	1307
1230	1278
1230	1351
1231	1271
1232	1310
1233	1272
1234	1314
1235	1268
1235	1306
1235	1363
1235	1388
1235	1454
1237	1291
1240	1310
1241	1251
1242	1273
1244	1496
1251	1422
1252	1322
1253	1449
1253	1466
1254	1433
1254	1487
1258	1267
1259	1369
1259	1393
1260	1335
1261	1294
1261	1432
1265	1281
1265	1338
1266	1288
1266	1348
1270	1324
1271	1350
1273	1330
1273	1434
1276	1414
1277	1415
1278	1384
1278	1428
1280	1394
1288	1430
1289	1389
1292	1458
1292	1489
1293	1303
1293	1487
1294	1403
1297	1429
1297	1497
1298	1489
1299	1328
1299	1434
1300	1359
1300	1466
1301	1318
1301	1341
1303	1403
1303	1452
1305	1434
1307	1337
1309	1443
1310	1400
1312	1491
1314	1391
1316	1334
1321	1402
1324	1365
1326	1484
1328	1395
1330	1468
1337	1478
1338	1455
1341	1488
1342	1382
1343	1414
1344	1452
1345	1409
1347	1462
1353	1374
1354	1393
1354	1436
1355	1498
1362	1407
1363	1419
1364	1412
1365	1498
1367	1462
1368	1490
1372	1467
1373	1455
1375	1408
1375	1489
1377	1393
1377	1478
1378	1412
1379	1461
1380	1383
1387	1468
1391	1453
1391	1468
1395	1453
1402	1428
1415	1457
1418	1442
1419	1468
1424	1446
1438	1473