0	293
0	435
0	591
0	1090
0	1477
1	114
1	192
1	397
1	669
1	921
1	946
1	954
1	1227
1	1261
2	1081
2	1139
2	1290
3	640
3	798
3	812
3	1018
4	165
4	766
4	1017
4	1087
5	110
5	530
5	900
5	1312
6	881
6	906
6	1350
7	127
7	466
7	1122
7	1485
8	606
8	788
8	1147
8	1159
9	599
9	1378
10	408
10	1006
11	169
11	1098
11	1161
11	1268
12	148
12	402
12	1181
12	1345
12	1419
13	417
13	1170
13	1285
13	1302
13	1421
14	162
14	671
14	694
14	894
15	243
15	715
15	1197
16	232
16	552
17	77
17	586
17	737
17	1152
18	218
18	1244
19	628
19	1117
19	1242
20	875
21	168
21	446
22	78
22	442
23	1030
23	1089
24	351
24	383
25	416
25	558
25	1317
25	1405
26	146
26	170
26	236
26	463
27	129
27	415
27	847
27	1032
27	1341
28	65
28	539
28	876
28	1052
28	1471
29	54
29	410
29	1365
30	930
30	1415
31	787
31	1261
31	1356
32	188
32	460
32	1047
32	1230
32	1355
33	320
33	568
33	951
33	1006
33	1480
34	256
34	281
34	719
34	734
34	897
34	964
34	1282
35	174
35	381
35	1399
35	1431
36	403
36	538
36	796
36	1032
36	1108
36	1186
36	1217
36	1359
36	1409
37	94
37	225
37	840
37	954
37	1174
38	162
38	306
38	779
38	917
38	934
39	391
39	545
40	152
40	957
40	985
40	1158
40	1286
41	68
41	317
41	502
41	592
41	864
41	1397
42	472
42	643
42	1366
42	1388
42	1421
42	1444
43	339
43	371
43	911
43	935
43	1323
44	255
44	446
44	481
44	624
44	771
44	1426
45	120
46	343
46	479
46	803
46	824
46	852
46	1269
47	449
47	835
47	879
47	1128
48	503
48	830
48	1354
48	1390
49	359
49	618
50	179
50	298
50	457
50	556
50	601
50	778
50	1348
51	637
51	704
51	1101
52	903
52	1022
52	1050
52	1469
53	413
53	755
53	884
53	910
54	530
54	1008
54	1220
55	278
55	707
55	953
56	235
56	313
56	1257
56	1287
57	190
57	386
57	953
57	1083
58	581
58	606
58	1304
59	525
59	1106
59	1218
60	81
60	392
60	461
60	650
60	669
60	1024
60	1038
61	275
61	962
61	1056
61	1074
62	436
62	531
62	904
62	1159
62	1397
63	661
63	693
63	1312
63	1373
63	1466
63	1484
64	100
64	570
64	638
64	667
64	1225
65	72
65	337
65	435
65	465
65	567
65	1142
66	181
66	230
66	275
66	292
66	381
66	387
66	468
66	1255
66	1276
66	1424
67	650
67	1101
67	1236
67	1402
68	243
68	627
69	524
69	583
69	817
69	1252
69	1311
70	622
70	841
70	1117
70	1161
71	73
71	542
71	1169
72	195
72	664
72	1102
72	1214
72	1305
72	1490
73	304
73	1239
74	158
74	361
75	697
75	1485
76	272
76	285
76	742
76	1041
77	743
77	1162
77	1232
77	1344
78	185
78	316
78	330
78	544
78	1221
79	712
80	144
80	555
80	1354
80	1414
81	116
81	543
81	658
81	1134
81	1302
81	1363
82	244
82	263
82	929
83	467
83	680
84	530
84	887
84	1359
84	1388
85	86
85	298
85	690
85	930
86	683
86	919
86	1210
87	846
87	865
87	1259
88	244
88	685
88	1161
88	1362
88	1447
89	926
89	1368
90	315
90	873
90	908
90	1092
91	94
91	313
92	183
92	389
93	150
93	433
93	981
93	1221
94	341
94	594
94	730
94	838
94	850
94	1461
95	284
95	627
95	771
95	887
95	924
95	943
95	1305
96	143
96	160
96	252
96	1321
97	456
97	806
97	868
98	111
98	145
98	276
98	666
98	737
99	438
99	540
99	698
99	763
99	989
99	1323
100	277
100	382
100	1457
101	146
101	549
101	657
101	1045
101	1047
101	1069
101	1234
101	1354
102	225
102	276
102	1279
103	143
103	176
103	246
103	263
103	792
103	1210
104	900
104	1386
105	962
105	1064
105	1249
106	552
106	859
106	1378
107	122
107	959
107	1243
108	332
108	791
108	798
108	1149
109	114
109	362
109	508
109	1072
110	277
110	1022
110	1074
110	1356
111	226
112	267
112	889
112	1362
113	503
113	717
113	865
113	956
113	1098
113	1299
114	425
114	585
114	936
114	956
114	1030
114	1053
114	1201
114	1317
115	398
115	634
115	738
115	1012
115	1066
115	1100
115	1256
116	715
116	834
116	1131
117	395
117	554
117	581
117	1288
118	266
119	132
121	218
121	1111
121	1264
121	1289
122	278
123	862
123	881
123	922
123	1133
124	823
124	842
124	893
124	894
124	1131
125	148
125	465
125	670
125	1108
125	1132
126	311
126	686
126	740
126	753
126	802
126	1208
126	1375
126	1426
127	505
128	148
128	395
128	419
128	773
129	285
129	607
129	1196
129	1280
129	1285
129	1433
129	1464
130	131
130	261
130	351
130	488
131	188
131	262
131	428
131	722
131	743
131	1003
131	1061
131	1154
131	1395
131	1414
131	1472
132	232
132	815
132	911
132	1494
133	220
133	296
133	880
134	344
134	786
135	779
136	708
137	443
137	746
137	781
137	1073
137	1209
137	1377
138	259
138	266
138	518
138	976
138	1035
139	309
139	327
139	559
140	334
140	681
141	496
142	279
142	409
142	840
142	1319
142	1469
143	621
143	697
143	855
143	859
144	399
144	585
144	1015
144	1121
145	1256
146	893
146	903
146	1040
147	205
147	768
147	954
148	280
148	386
148	893
148	952
148	1066
148	1441
149	916
149	924
149	1012
149	1216
150	363
150	447
150	1004
150	1480
151	351
151	616
151	1004
151	1118
151	1229
151	1421
152	1278
153	466
153	783
153	1046
154	533
154	1122
155	243
155	437
155	699
155	771
155	880
156	304
156	658
157	323
157	369
157	594
157	681
157	913
157	1037
157	1469
158	435
159	399
159	1067
159	1076
160	665
160	870
160	1032
160	1350
161	697
161	930
161	1488
162	1189
162	1269
163	230
163	439
163	1360
163	1372
163	1409
163	1419
164	714
164	870
165	1439
165	1475
166	1006
166	1177
166	1403
167	376
167	672
167	1337
167	1461
168	201
168	277
168	347
168	369
168	826
168	1468
169	1204
169	1248
169	1336
170	739
170	1124
170	1206
171	723
171	777
171	1055
171	1333
171	1416
172	318
172	541
172	738
172	900
172	1072
173	379
173	808
173	1366
174	429
174	694
174	699
174	849
174	1460
175	586
175	841
175	1126
175	1342
176	335
176	1208
177	396
177	671
177	707
177	962
178	533
178	898
178	1260
179	630
179	671
179	1022
179	1145
180	479
180	1322
181	584
181	1143
181	1280
181	1400
182	308
182	608
182	998
182	1336
183	656
183	1262
183	1336
184	287
184	524
184	773
184	893
184	1219
184	1300
185	1214
185	1225
185	1281
185	1437
186	360
186	492
186	710
186	920
186	1188
187	461
187	592
187	1021
188	594
188	765
188	1108
188	1371
189	500
189	869
189	1130
190	1172
190	1223
190	1314
190	1355
191	571
191	1245
191	1414
191	1477
193	706
193	1458
194	320
194	540
194	568
194	773
194	1108
194	1431
195	1035
195	1405
196	251
196	558
196	1392
197	300
198	1229
198	1263
199	324
200	383
200	455
200	478
200	1038
200	1117
201	300
201	491
201	1107
201	1140
201	1192
201	1381
202	312
202	602
202	610
202	612
202	1247
202	1430
203	358
203	508
203	677
203	924
203	1171
203	1264
204	1031
204	1096
204	1279
205	258
205	592
205	992
206	264
206	352
206	805
206	876
206	918
206	1056
206	1464
207	308
207	1194
208	971
208	1047
208	1218
209	1209
209	1372
210	290
210	867
210	1250
211	271
211	349
211	414
211	721
211	1113
211	1299
212	764
213	1290
214	496
214	967
215	881
215	1339
215	1449
215	1460
215	1474
216	1022
216	1088
217	268
218	219
218	377
218	601
218	1475
219	357
219	605
220	474
220	720
220	898
220	1039
221	223
221	1249
221	1412
222	641
222	1064
223	345
223	365
224	368
224	646
224	998
224	1406
225	521
225	1312
226	698
226	967
226	972
226	1068
226	1152
226	1278
226	1296
226	1422
227	969
227	1172
227	1361
228	748
229	461
229	494
229	659
230	251
230	312
230	357
230	673
230	744
230	793
230	1248
230	1249
231	455
231	689
231	1428
231	1484
232	637
232	643
232	853
233	1282
234	547
234	905
235	560
235	1109
235	1266
236	443
236	693
236	840
236	1371
237	302
237	518
237	790
238	619
238	1280
238	1324
239	593
239	905
240	1418
241	378
241	723
241	1041
242	694
243	279
243	669
243	769
243	773
243	913
243	1464
243	1470
245	1266
246	356
246	389
246	896
246	1017
246	1080
246	1125
247	263
247	297
247	555
247	742
247	769
247	1340
248	639
248	653
248	870
248	1112
248	1416
249	1327
249	1343
250	1299
251	395
251	863
251	1033
252	395
252	586
252	603
252	711
253	425
253	1328
254	608
254	727
254	762
254	847
254	1210
254	1336
254	1379
255	436
255	582
255	606
255	740
255	832
255	944
255	1162
255	1444
256	470
256	1490
257	353
257	464
257	918
258	1236
259	463
259	696
259	852
260	385
260	409
260	643
260	862
260	879
261	288
261	463
261	606
261	614
262	559
262	1112
263	463
263	581
263	718
263	1022
263	1325
264	285
264	933
264	1300
265	294
265	978
265	1012
265	1102
266	522
266	753
266	800
266	1019
267	427
267	676
267	914
267	1321
268	434
268	548
268	670
268	991
268	1107
268	1339
269	334
269	443
269	609
269	682
269	911
269	1390
270	386
270	716
270	935
270	1092
271	1214
272	360
272	916
272	1485
273	782
273	889
274	722
274	730
275	444
275	622
275	721
275	945
275	1332
276	420
276	441
276	693
276	763
276	1441
277	1493
278	327
278	802
278	807
279	407
279	821
279	1113
279	1360
280	701
280	861
280	1052
281	344
281	531
281	617
281	1267
281	1485
282	367
282	529
282	1068
282	1204
282	1457
283	774
283	1391
284	330
284	697
284	745
284	1229
284	1275
286	1075
286	1168
286	1429
287	1005
287	1063
288	350
289	367
289	499
289	737
289	956
289	1151
290	393
290	1201
290	1287
290	1397
291	295
291	720
291	780
291	1454
292	567
292	1462
293	633
294	330
294	436
294	1040
294	1060
294	1221
295	1459
296	410
296	836
296	999
296	1339
296	1366
297	349
298	499
298	843
298	992
299	411
299	935
299	995
300	345
300	391
300	563
300	868
300	971
301	327
301	873
301	1017
302	536
302	623
302	964
303	575
303	1010
303	1328
304	723
305	411
305	502
305	1269
306	456
306	652
306	704
306	907
306	1256
307	347
307	901
308	1072
308	1376
309	621
309	950
309	1024
309	1188
310	516
310	892
311	730
311	1313
312	625
312	656
312	1491
313	474
313	624
313	692
313	733
313	1138
313	1245
314	467
314	475
314	987
314	1104
314	1257
315	374
315	1018
316	378
316	553
316	619
316	844
317	636
317	1082
319	665
319	836
319	966
319	1200
320	343
320	486
320	745
320	988
321	356
321	1439
322	459
323	999
323	1176
324	841
324	1007
324	1120
324	1357
324	1441
325	427
325	512
325	685
325	862
325	1122
326	836
326	1066
326	1429
327	548
327	826
327	891
327	1274
328	520
328	1033
328	1268
328	1341
329	387
329	523
329	695
329	833
329	1025
330	925
330	1002
331	412
331	1041
331	1082
331	1106
332	834
332	1044
333	949
334	624
334	739
334	798
334	1030
335	379
335	417
335	747
335	1140
335	1143
336	966
336	1013
336	1348
337	700
337	745
337	1051
338	751
338	1170
339	880
339	1055
339	1176
339	1354
340	605
340	1191
341	632
341	810
341	1347
342	695
342	702
342	759
342	917
343	788
343	812
344	494
344	574
345	545
345	654
345	1080
345	1145
345	1300
346	844
346	1146
346	1452
347	719
347	920
347	1438
347	1499
348	902
348	1140
349	497
349	697
350	608
350	1081
351	420
352	363
352	416
352	611
352	877
352	1164
353	445
353	521
353	822
353	891
354	1313
354	1347
355	498
355	619
355	775
356	646
357	934
357	1335
357	1357
358	541
358	1259
359	401
359	831
359	844
359	1108
359	1435
361	370
361	754
361	796
363	647
364	884
364	1320
364	1365
365	435
365	545
365	694
365	990
365	1100
366	598
366	1179
366	1304
367	434
367	1346
369	1259
369	1445
370	392
370	415
370	745
370	806
370	1018
370	1460
371	513
371	666
371	880
371	1453
372	638
372	657
372	706
372	1189
372	1329
372	1428
373	759
373	773
373	1017
373	1277
374	781
374	982
375	409
375	480
375	658
375	756
375	1032
375	1309
375	1465
376	951
376	1018
376	1085
377	421
377	764
377	1041
377	1284
378	384
378	778
378	858
378	905
378	957
378	1067
378	1165
380	545
380	704
380	1070
381	439
381	1139
381	1345
382	857
382	1382
384	569
384	1004
384	1035
384	1201
384	1263
385	865
386	665
386	1248
387	984
387	1366
388	592
389	593
389	620
389	923
389	969
389	1025
389	1444
390	570
390	623
391	1139
391	1454
392	1003
392	1391
393	728
393	897
393	1073
394	598
394	862
395	423
395	811
395	1104
395	1155
395	1268
396	528
396	691
396	860
396	884
396	892
397	758
397	872
397	895
397	1364
399	428
399	469
399	1062
400	567
400	1456
402	409
402	526
402	742
402	934
402	1467
403	437
403	486
403	723
403	1309
404	747
404	771
404	1424
405	426
405	723
405	966
405	1020
405	1318
405	1497
406	721
406	1171
406	1210
406	1326
407	428
407	699
407	1324
407	1406
408	583
408	594
408	659
408	1089
408	1396
409	866
409	1299
410	950
410	1009
410	1064
410	1485
410	1499
411	576
411	586
411	810
411	1280
411	1472
412	426
413	960
414	521
414	891
414	1101
415	687
416	494
416	576
416	789
416	1205
417	437
417	789
418	839
419	432
419	716
419	1290
420	447
420	641
420	1251
421	857
421	933
421	1013
422	689
422	725
422	1019
422	1205
422	1318
423	691
423	1345
424	683
424	1463
425	900
426	846
426	890
426	1047
426	1315
427	1181
427	1409
428	1263
428	1277
428	1444
429	440
429	1173
430	1042
431	446
431	936
432	958
432	1485
433	907
433	1343
435	620
436	521
436	698
436	700
437	1300
438	1242
438	1487
439	1371
440	1073
441	766
441	1178
442	545
442	616
442	665
442	1225
442	1449
443	477
443	702
444	1002
444	1494
445	833
445	1068
445	1227
445	1445
446	560
446	907
446	1085
446	1478
446	1498
447	485
447	563
448	1491
449	929
449	1247
450	935
451	507
451	611
452	581
452	809
452	1015
452	1069
452	1380
453	553
453	642
453	848
453	1046
454	863
454	980
455	533
455	932
455	1439
457	828
458	727
458	1356
459	505
460	970
460	1402
461	799
461	1133
461	1193
461	1347
461	1380
462	896
462	1032
462	1147
462	1285
462	1320
463	785
464	530
464	711
464	829
464	936
464	988
464	1102
464	1430
465	495
465	510
465	935
465	985
466	594
466	707
466	1280
467	1269
467	1281
468	1008
468	1171
470	723
470	1065
471	551
472	861
472	1421
473	508
473	597
473	628
473	705
473	747
473	792
473	843
473	1066
473	1091
473	1153
473	1429
474	574
474	1150
474	1168
475	1076
475	1121
475	1212
475	1341
475	1472
476	641
477	546
477	806
477	1350
477	1407
477	1486
478	1229
478	1472
479	1124
480	815
480	1065
480	1231
481	1010
481	1030
482	653
482	871
482	1240
482	1364
483	523
483	756
483	1007
484	738
484	853
484	1298
485	729
485	934
485	1250
486	613
486	996
486	1474
487	1254
488	642
488	1098
488	1203
489	519
489	568
489	784
490	574
490	616
490	789
490	830
490	1311
490	1426
491	649
491	1119
492	757
492	859
492	1054
492	1164
492	1377
493	613
493	805
494	864
494	971
494	1150
494	1426
495	531
495	944
495	1059
495	1256
495	1342
495	1398
496	529
496	1022
497	734
498	1009
499	917
499	1061
499	1230
500	595
500	929
500	987
501	706
501	1175
503	810
503	1329
503	1363
504	659
504	808
504	1358
505	811
505	1024
505	1164
505	1197
505	1198
506	564
506	768
506	953
507	747
508	1495
509	516
509	1281
510	666
510	702
510	1306
511	898
511	1086
511	1193
511	1364
512	804
512	1360
513	1199
513	1276
514	1370
514	1375
514	1422
515	1158
515	1162
515	1296
516	572
516	1131
517	537
517	778
517	843
517	1367
517	1475
518	534
518	978
518	1036
518	1260
519	671
519	1017
519	1204
519	1355
520	1005
521	1121
522	531
522	995
522	1423
523	692
524	621
524	818
524	953
526	578
526	601
526	1127
526	1228
526	1464
527	1128
527	1391
528	555
528	930
528	1197
528	1288
528	1446
529	745
529	809
529	1219
529	1237
530	877
531	636
531	857
531	885
532	991
532	1162
533	619
533	678
534	568
534	748
535	850
535	947
535	1305
536	701
536	997
536	1308
536	1376
537	662
537	856
537	874
537	1262
537	1263
538	582
538	642
538	918
538	986
540	713
540	1161
540	1420
540	1421
541	734
541	756
541	821
541	1489
542	720
542	734
542	785
542	867
542	919
542	1159
542	1496
543	918
543	1485
544	880
544	901
544	927
544	1160
544	1297
544	1393
546	795
546	1040
546	1291
546	1420
547	665
547	1261
548	635
548	976
548	1260
548	1433
549	705
550	1214
551	877
551	918
551	1114
551	1347
551	1363
551	1483
552	867
553	609
554	916
554	950
554	1123
554	1158
554	1303
555	704
555	1007
555	1147
556	655
556	677
556	741
556	947
556	957
556	1013
556	1323
557	599
557	977
557	1386
558	624
558	631
558	836
560	601
560	1273
561	1137
562	622
562	836
563	930
563	1274
564	1372
565	703
565	1410
566	685
566	695
566	1305
567	607
567	866
567	906
567	927
567	1060
567	1294
568	994
569	828
570	598
570	871
570	1293
570	1477
571	1144
572	925
572	1124
572	1338
573	882
574	962
574	1004
574	1288
574	1289
575	1473
576	880
577	747
577	830
577	889
578	657
578	664
578	1365
578	1386
579	1322
580	1408
581	913
581	1149
582	664
582	1118
582	1448
583	589
583	941
583	1496
584	595
584	1001
584	1247
584	1326
585	885
585	951
585	1133
586	740
586	1295
587	699
587	835
587	1236
588	749
590	702
590	1267
590	1454
591	1202
592	740
592	814
593	871
593	1123
594	1027
595	735
595	1303
595	1334
596	1410
597	733
597	751
597	885
597	1264
598	623
598	844
598	1436
599	765
600	1199
600	1279
600	1484
601	1288
602	1146
603	1104
604	678
604	701
604	1096
604	1184
606	616
607	792
608	675
608	758
608	967
610	1330
610	1335
610	1414
611	762
612	710
612	991
612	1418
613	1004
614	885
614	1157
615	739
615	898
615	1297
616	1163
616	1424
616	1470
617	803
617	843
617	1418
618	955
619	627
619	827
619	1108
620	1412
621	634
621	1041
621	1375
622	928
623	991
624	789
624	1315
625	629
625	1392
626	1336
626	1364
627	739
627	1247
627	1255
627	1436
628	733
628	888
628	974
628	1241
628	1401
629	846
629	1186
629	1433
629	1486
630	995
630	1178
630	1201
630	1215
630	1229
630	1375
631	951
632	1208
632	1442
633	768
633	903
633	1464
634	799
634	1000
634	1076
635	749
635	1139
635	1170
635	1371
637	651
637	879
637	1415
638	709
639	723
640	1314
641	1012
641	1121
641	1122
641	1171
641	1239
641	1293
642	725
643	727
643	789
644	671
644	870
644	1189
645	784
645	1276
645	1460
646	893
646	1130
647	674
647	805
647	912
647	1118
647	1326
648	698
648	1471
649	672
649	873
649	1049
650	774
650	867
650	1070
650	1471
651	869
651	1001
652	757
653	802
653	1178
654	926
654	1001
654	1238
655	695
655	1001
655	1461
656	714
656	852
656	1025
656	1091
657	906
657	1141
657	1393
657	1443
658	862
658	1396
659	985
659	1108
659	1241
660	706
660	1176
660	1205
660	1227
661	846
662	739
662	758
662	968
662	998
662	1075
663	934
663	1093
663	1154
664	680
666	750
666	842
666	1121
667	826
667	942
668	816
668	854
669	701
669	1157
670	692
670	946
670	1441
671	778
671	1306
671	1312
671	1459
672	827
672	1322
672	1416
673	675
673	1002
673	1157
674	926
674	1055
674	1204
674	1350
675	896
675	1427
676	1051
677	1033
677	1081
677	1170
677	1268
677	1434
677	1472
678	731
678	830
678	846
678	1129
678	1303
679	910
679	965
679	1038
679	1083
679	1288
679	1295
680	858
681	1061
682	1083
683	847
683	1495
684	998
685	836
685	1052
686	921
686	995
686	1103
686	1243
686	1401
686	1466
687	730
687	1042
687	1068
687	1223
687	1475
688	939
688	1383
689	691
689	878
689	1453
690	703
690	947
690	1145
691	872
691	927
693	1092
694	1395
695	960
695	1049
696	1245
697	1029
697	1057
697	1109
698	1326
698	1349
698	1413
700	841
700	941
700	1045
700	1349
701	1303
702	774
702	824
702	984
703	953
703	994
704	978
704	1070
704	1192
705	1284
706	784
706	1117
707	1320
708	1330
709	916
709	978
709	1027
710	857
710	867
710	870
711	1023
711	1094
711	1103
712	880
713	1016
713	1266
714	834
714	902
714	926
714	1024
714	1453
715	751
715	849
716	717
716	978
719	1149
719	1294
719	1332
720	737
720	776
720	945
720	1052
721	930
721	1161
722	1001
722	1046
723	1030
723	1140
724	1450
725	1016
725	1360
725	1383
726	1435
728	816
728	1431
729	1352
730	883
730	1310
730	1431
731	1253
732	817
732	926
732	948
732	1129
733	758
733	844
733	1258
733	1292
733	1415
733	1480
734	1112
734	1227
735	834
735	1203
736	1151
736	1404
737	1460
738	1111
739	899
739	1176
740	872
740	886
741	797
741	814
741	1486
742	1067
742	1150
742	1488
743	1022
744	1299
744	1497
745	1145
745	1494
746	856
746	1136
746	1414
747	756
749	1241
750	872
750	1171
750	1245
750	1373
752	863
752	1060
752	1376
753	821
755	1051
755	1083
756	1009
757	874
757	933
757	1076
757	1440
758	1224
759	1473
760	1489
761	836
762	787
762	1118
762	1220
763	949
764	1012
765	899
765	937
765	943
765	1071
767	931
767	1184
768	1266
768	1490
769	834
770	813
771	946
771	984
771	1126
771	1404
772	1278
774	929
774	1119
774	1468
775	1053
775	1108
775	1272
776	1080
776	1239
776	1316
777	1423
778	1050
779	1262
779	1396
779	1464
780	887
780	965
780	1214
780	1278
780	1460
781	1492
784	1016
784	1434
785	1024
785	1134
785	1149
786	1047
786	1208
786	1327
787	1418
788	869
789	1218
790	961
790	1124
791	1045
791	1352
791	1395
791	1460
792	973
792	1127
793	1034
794	1098
794	1442
796	934
796	1363
796	1385
796	1482
797	1223
798	869
798	999
798	1302
798	1344
799	938
801	1095
801	1211
801	1444
802	906
802	1428
803	1132
803	1331
804	1354
805	1103
806	1037
806	1060
806	1105
808	1002
808	1144
808	1259
809	1126
809	1448
810	969
810	1408
811	835
811	888
812	1429
812	1482
813	935
814	1133
814	1436
817	969
817	998
817	1020
817	1045
817	1446
819	861
820	849
820	912
820	921
820	951
820	1290
820	1472
821	853
821	894
821	1097
821	1235
821	1288
822	860
822	961
822	1201
823	826
823	1140
823	1424
824	1038
824	1099
824	1283
824	1491
825	1043
825	1267
825	1353
827	978
827	1320
829	843
829	1035
829	1209
829	1324
830	1211
831	1183
831	1341
831	1469
832	891
832	1143
832	1175
832	1383
833	1007
834	1281
834	1283
835	1124
835	1367
835	1425
836	920
836	952
837	959
838	904
838	1012
838	1092
838	1241
839	894
839	1091
839	1378
840	1238
842	1124
842	1291
842	1384
842	1436
843	1224
844	880
844	983
844	1413
845	1313
846	1003
846	1379
847	947
847	1148
847	1253
847	1448
848	950
848	1228
848	1371
849	1279
850	885
850	973
850	1028
850	1033
851	1125
851	1135
851	1319
852	1043
852	1056
852	1190
853	1114
853	1191
853	1472
854	911
854	1406
856	1283
856	1287
857	935
857	1169
857	1410
858	860
858	884
858	1077
859	932
860	1301
861	977
861	1303
861	1305
861	1356
863	923
863	978
864	1233
865	873
865	1045
865	1191
865	1377
866	1176
866	1241
867	1473
868	995
868	1070
868	1170
868	1489
869	1356
870	925
870	931
870	1436
871	881
871	1108
871	1318
871	1452
872	1469
873	1122
873	1498
874	983
875	1173
876	880
876	1113
878	1172
879	1304
879	1332
880	1173
880	1249
881	1389
884	1166
884	1323
885	987
885	1476
886	997
886	1147
886	1189
887	1007
887	1181
887	1424
887	1453
888	1121
892	1025
892	1180
892	1256
893	1442
894	1345
894	1482
897	957
897	1101
897	1361
898	901
898	984
898	1284
898	1382
899	924
899	1269
899	1476
901	1459
902	1141
902	1234
904	1167
904	1309
905	928
905	1327
905	1401
906	1150
908	944
908	1095
908	1455
909	1016
909	1449
910	1015
910	1033
910	1140
910	1216
911	981
911	1123
912	949
912	1372
912	1423
913	992
913	1205
914	946
915	1000
916	1023
916	1301
917	922
917	1032
918	1114
919	1152
919	1176
920	1077
920	1232
920	1373
921	1326
922	1227
923	1131
923	1159
924	1117
924	1313
925	955
925	963
928	1119
929	973
929	1205
929	1372
930	1350
931	1035
931	1042
933	1309
933	1367
934	1120
934	1204
934	1277
935	1136
935	1422
936	1442
937	1374
938	1086
938	1401
939	1002
939	1012
940	1005
940	1207
942	1405
943	1489
944	1255
944	1296
945	1126
946	1462
949	1047
949	1404
950	989
950	1265
951	1241
951	1418
951	1482
952	1109
952	1122
952	1403
954	1083
954	1190
954	1246
955	1093
956	1266
956	1315
956	1347
957	1000
958	1054
958	1175
959	1024
959	1204
959	1411
959	1487
960	1141
960	1150
961	1396
964	1464
965	1179
965	1320
966	1315
966	1322
968	1127
968	1394
969	1136
969	1320
970	1020
970	1132
970	1484
971	1061
971	1213
972	1373
973	1196
974	1142
974	1404
975	1244
975	1253
975	1317
976	1202
976	1424
977	1387
978	1371
979	1494
980	1212
981	1236
981	1285
981	1454
983	1305
985	1479
987	1052
988	1003
990	1071
990	1262
991	1006
992	1110
993	1091
993	1138
994	1355
995	1403
997	1123
997	1206
997	1210
997	1477
998	1414
999	1491
1000	1246
1001	1181
1003	1033
1003	1044
1003	1253
1004	1144
1005	1144
1005	1191
1006	1014
1006	1348
1006	1494
1007	1035
1007	1297
1009	1015
1009	1119
1009	1177
1010	1454
1011	1202
1013	1427
1015	1043
1015	1254
1015	1285
1015	1355
1016	1246
1016	1436
1018	1104
1018	1466
1019	1124
1019	1258
1020	1022
1020	1129
1020	1192
1021	1066
1022	1030
1022	1405
1023	1079
1023	1085
1023	1325
1025	1371
1026	1040
1028	1209
1029	1201
1030	1054
1031	1118
1031	1219
1031	1317
1032	1133
1033	1251
1035	1061
1035	1478
1036	1139
1036	1163
1036	1226
1037	1084
1037	1408
1038	1058
1038	1427
1039	1116
1039	1349
1040	1087
1040	1470
1042	1375
1042	1415
1043	1476
1045	1100
1046	1263
1048	1119
1049	1418
1051	1378
1052	1374
1053	1186
1055	1129
1055	1491
1057	1107
1057	1137
1058	1082
1061	1097
1061	1404
1062	1245
1062	1429
1065	1145
1065	1336
1065	1410
1066	1136
1066	1195
1067	1103
1068	1208
1068	1265
1070	1281
1070	1417
1071	1151
1071	1218
1071	1283
1072	1420
1073	1438
1075	1093
1075	1127
1075	1249
1077	1472
1078	1251
1078	1314
1080	1187
1081	1196
1081	1451
1082	1157
1082	1264
1082	1441
1082	1488
1083	1093
1083	1194
1086	1122
1087	1404
1087	1464
1089	1428
1091	1182
1091	1198
1091	1235
1092	1107
1092	1433
1093	1218
1093	1456
1094	1343
1095	1446
1096	1147
1096	1432
1097	1130
1097	1369
1097	1370
1098	1326
1098	1362
1099	1302
1099	1308
1099	1330
1099	1344
1100	1236
1100	1424
1101	1351
1102	1242
1103	1461
1104	1246
1104	1290
1104	1364
1104	1389
1104	1445
1105	1367
1105	1409
1106	1379
1107	1109
1107	1344
1109	1144
1110	1370
1110	1416
1112	1149
1112	1176
1114	1380
1115	1385
1117	1212
1117	1414
1119	1145
1119	1164
1119	1182
1119	1267
1119	1444
1120	1215
1120	1232
1120	1342
1120	1377
1123	1314
1124	1156
1124	1318
1125	1478
1126	1248
1127	1202
1129	1279
1129	1398
1130	1185
1130	1359
1130	1396
1132	1487
1133	1291
1133	1408
1134	1343
1135	1488
1136	1410
1138	1185
1141	1181
1143	1432
1144	1211
1144	1397
1145	1168
1146	1184
1146	1222
1147	1382
1148	1283
1154	1283
1154	1307
1155	1466
1156	1251
1158	1377
1161	1214
1161	1376
1161	1380
1163	1363
1164	1211
1166	1349
1167	1367
1168	1228
1171	1386
1171	1475
1172	1175
1172	1400
1175	1447
1176	1371
1178	1406
1178	1421
1179	1195
1181	1234
1181	1369
1184	1323
1186	1410
1189	1321
1192	1422
1194	1367
1195	1327
1196	1451
1197	1248
1198	1464
1200	1364
1200	1462
1204	1369
1205	1449
1209	1309
1210	1330
1210	1435
1214	1414
1215	1408
1216	1371
1216	1453
1218	1284
1220	1414
1223	1445
1224	1357
1225	1327
1228	1473
1231	1490
1232	1335
1233	1239
1234	1435
1235	1308
1238	1312
1239	1334
1240	1291
1240	1375
1241	1252
1241	1271
1241	1336
1241	1357
1242	1257
1242	1435
1245	1414
1249	1442
1251	1291
1253	1401
1257	1405
1257	1489
1259	1497
1260	1365
1260	1482
1261	1473
1268	1363
1268	1473
1270	1298
1271	1327
1272	1365
1273	1414
1275	1292
1276	1397
1277	1451
1278	1432
1279	1469
1280	1421
1282	1481
1283	1491
1284	1310
1284	1347
1286	1344
1288	1473
1290	1297
1291	1424
1292	1395
1292	1417
1293	1335
1294	1340
1296	1439
1297	1329
1298	1333
1298	1359
1298	1369
1298	1379
1300	1468
1306	1318
1306	1361
1310	1458
1319	1351
1321	1379
1322	1422
1323	1389
1326	1361
1328	1379
1328	1494
1332	1352
1332	1373
1332	1480
1333	1380
1335	1382
1336	1420
1338	1406
1339	1414
1342	1413
1343	1446
1343	1458
1347	1397
1352	1390
1352	1467
1356	1389
1357	1359
1357	1380
1358	1370
1359	1474
1361	1446
1366	1469
1368	1383
1370	1385
1370	1448
1374	1459
1375	1441
1376	1390
1378	1486
1380	1444
1382	1475
1384	1460
1385	1391
1396	1413
1400	1483
1402	1415
1402	1454
1413	1417
1421	1442
1426	1463
1427	1449
1456	1480
1460	1481
1467	1498
1498	1499