0	153
0	1000
1	18
1	34
1	294
1	325
1	336
1	567
1	703
1	935
2	101
2	416
2	582
2	673
2	1016
2	1041
2	1408
3	191
3	819
3	824
3	1327
4	23
4	125
4	701
4	1465
5	305
5	471
5	577
6	193
6	824
6	1220
6	1282
7	591
7	592
8	118
8	638
8	837
8	1152
8	1408
8	1429
9	43
10	911
10	1166
10	1458
10	1479
11	204
11	298
11	413
11	624
11	965
11	1026
11	1104
11	1429
12	220
12	487
12	664
12	774
12	876
12	1444
13	681
13	956
13	1395
14	760
14	850
14	1145
14	1233
15	446
15	496
15	731
15	964
15	998
16	81
17	660
17	1109
17	1252
17	1268
17	1367
17	1374
17	1434
18	420
18	1325
19	67
19	601
19	1396
20	794
20	854
20	877
20	1061
21	63
21	120
21	331
21	372
21	524
21	845
21	1046
21	1450
21	1472
22	241
22	1088
22	1387
23	171
23	368
23	445
23	1083
23	1353
24	197
24	222
24	599
24	1065
25	231
25	692
25	1144
25	1191
25	1197
25	1205
25	1379
26	215
26	216
26	302
26	617
26	704
26	740
26	1055
27	540
27	1088
28	532
28	1336
29	254
29	608
29	644
30	108
30	755
30	1005
31	59
32	120
32	329
32	935
32	1082
33	324
33	811
33	875
33	951
34	706
34	1040
34	1247
35	435
35	653
35	899
35	958
36	822
37	732
38	397
38	980
38	1157
39	1103
39	1222
40	959
40	1336
40	1436
41	651
41	768
41	785
41	912
41	973
41	1258
42	76
42	670
42	1154
42	1166
42	1354
43	451
43	1174
43	1210
43	1270
44	141
44	160
44	213
45	93
45	147
45	536
45	1014
45	1287
45	1468
45	1492
46	377
46	1073
46	1200
46	1345
47	1114
47	1192
47	1207
47	1417
48	97
48	105
48	288
48	347
48	640
48	664
48	1068
48	1263
49	178
49	1014
49	1048
49	1108
50	691
50	806
50	1005
51	222
51	586
51	1029
51	1045
51	1172
51	1275
51	1283
51	1499
52	213
52	214
52	481
52	751
52	873
52	1053
52	1295
53	865
54	768
54	1003
54	1034
54	1194
54	1216
55	237
55	767
55	930
55	1443
56	859
57	411
57	837
57	871
57	1384
58	172
58	287
58	931
58	1435
59	403
59	565
59	593
60	598
60	620
60	898
61	1088
62	539
62	659
62	1346
63	203
63	422
63	842
63	1272
64	1028
64	1171
64	1224
64	1255
65	146
65	255
65	755
65	876
65	1137
66	75
66	631
66	971
66	1267
66	1463
67	284
67	463
67	652
67	915
67	950
67	1125
67	1168
67	1389
68	250
68	353
68	524
68	992
69	109
69	125
69	645
70	595
70	612
70	816
70	1361
70	1439
70	1446
71	206
71	1142
71	1309
72	123
72	529
72	581
73	207
73	367
73	916
73	1256
73	1339
74	151
74	375
74	433
74	457
74	500
74	762
75	938
76	658
77	324
77	461
77	587
77	847
77	1052
78	199
78	673
78	727
79	100
79	129
79	200
79	500
79	1272
80	135
80	286
80	1042
80	1275
81	565
81	1150
81	1422
82	108
82	546
82	887
82	1204
82	1343
83	470
83	1269
84	1304
85	270
85	844
85	1003
85	1053
85	1350
85	1387
86	269
86	621
86	639
86	958
86	1050
86	1157
86	1248
86	1459
87	182
87	633
88	908
89	245
89	482
89	750
89	836
89	920
89	1263
89	1376
90	714
90	1091
90	1231
91	336
91	671
91	965
92	164
92	583
92	603
92	870
92	1113
92	1171
93	142
93	603
93	856
93	1342
94	704
94	785
94	1062
94	1079
94	1338
94	1435
95	675
95	1066
96	1008
96	1475
97	166
97	217
97	599
97	829
97	1107
98	205
98	281
98	395
98	692
98	904
98	940
98	956
98	1269
98	1436
99	193
99	636
99	1298
100	639
101	312
101	483
101	624
101	683
101	1300
102	776
102	985
102	1002
102	1410
103	909
103	1120
103	1301
103	1305
103	1494
104	609
104	883
104	1130
104	1216
104	1374
104	1494
105	1153
105	1240
105	1346
106	219
106	1147
106	1312
106	1386
107	184
107	277
107	450
107	497
107	539
107	551
107	785
107	1080
107	1409
108	972
108	1008
108	1157
109	281
109	1042
109	1468
110	248
110	485
110	963
111	231
111	428
111	478
111	1128
112	872
112	1016
112	1492
113	159
113	802
113	915
114	162
114	859
114	1332
115	837
116	712
117	266
117	324
117	987
117	1039
117	1388
118	1065
118	1283
119	174
119	925
119	1041
120	320
120	484
120	1078
120	1192
121	639
121	981
121	1196
122	242
122	444
122	1151
122	1344
122	1377
122	1469
123	152
123	316
123	540
123	632
123	1029
123	1395
124	449
124	811
124	814
124	1314
125	1106
126	539
126	684
126	1184
127	383
127	1211
127	1230
127	1329
128	945
128	1026
128	1027
128	1267
128	1288
129	1455
129	1467
130	157
130	350
130	730
130	826
130	963
130	1352
130	1393
130	1442
131	324
131	523
131	823
131	1024
132	1360
133	437
133	1176
133	1186
133	1315
134	206
134	437
134	681
134	786
134	868
134	1124
135	592
135	1378
136	346
136	562
136	1022
136	1035
137	268
137	775
137	918
138	518
138	782
138	864
139	595
139	770
139	909
139	1388
140	478
140	507
140	781
140	1214
140	1362
141	173
141	1031
141	1229
142	274
142	355
142	368
142	942
142	1200
143	236
143	745
143	786
143	824
143	851
143	888
144	148
144	370
144	525
144	763
144	1306
144	1404
144	1488
145	957
145	1357
145	1427
146	372
147	177
147	386
147	603
147	683
147	760
147	821
148	209
148	591
148	678
148	1077
148	1220
149	222
149	363
149	724
149	977
149	1164
149	1334
150	282
150	1330
151	279
151	1345
151	1401
152	162
152	568
152	677
152	1283
153	306
153	859
153	913
153	952
153	1429
153	1453
154	212
154	250
154	472
154	777
155	571
155	1197
156	670
156	970
156	1085
156	1163
157	344
157	676
157	768
158	781
158	1020
159	353
159	642
160	352
160	449
160	873
160	1251
160	1481
161	247
162	416
163	952
163	982
163	1020
163	1103
163	1141
163	1341
164	734
164	801
164	1408
164	1436
165	360
165	638
165	674
165	1251
166	525
166	666
166	1318
167	340
167	1001
167	1383
168	200
168	424
168	503
168	1372
169	298
169	1395
170	468
170	666
170	973
170	1215
171	566
171	1035
172	174
172	241
172	599
172	1283
173	228
173	504
173	1443
174	274
174	463
174	1226
175	574
175	682
175	1090
175	1317
175	1358
176	787
176	1179
177	633
178	204
178	909
179	340
179	599
180	185
180	385
180	789
180	1159
181	505
182	297
182	487
182	623
182	1361
182	1498
183	917
183	974
183	1002
183	1030
183	1466
184	199
184	256
184	679
184	843
184	887
184	1160
185	374
185	598
185	783
186	215
186	435
186	708
186	797
186	855
186	1252
186	1293
186	1384
187	335
187	664
187	838
188	284
188	453
188	728
188	785
188	788
188	1404
189	193
189	618
189	806
189	1186
189	1354
189	1421
189	1494
190	235
190	741
190	1124
190	1133
190	1287
190	1303
190	1323
190	1366
191	655
191	847
191	1117
191	1377
192	503
192	896
192	1063
192	1320
193	289
193	351
193	413
193	436
193	550
193	593
193	1362
194	290
194	1116
194	1218
195	210
195	893
195	1063
196	236
196	518
196	557
196	686
197	741
197	1119
198	311
198	399
198	597
198	787
198	1061
198	1081
199	229
199	377
199	422
199	473
199	1244
199	1260
199	1354
200	250
200	898
200	979
201	644
201	912
201	1204
202	397
202	492
202	525
202	529
202	1204
202	1301
203	244
203	398
203	579
203	784
203	943
203	1303
204	829
204	1455
205	878
205	1156
205	1343
205	1371
206	216
206	814
206	1145
206	1489
207	648
208	1174
208	1301
209	359
209	929
209	998
209	1149
209	1309
210	558
211	260
212	1005
212	1424
214	232
214	348
214	361
214	629
215	263
215	313
215	667
215	699
215	1222
215	1465
216	513
216	696
216	867
216	1059
217	729
217	1004
218	729
218	1255
219	269
219	434
219	536
219	914
219	1075
219	1149
220	556
221	985
222	373
222	394
222	602
222	639
222	1311
223	726
223	1436
224	1408
224	1477
225	248
225	808
225	1220
225	1284
225	1421
226	475
226	487
226	818
226	1095
226	1265
227	361
227	838
227	1014
227	1402
228	281
228	700
228	1018
228	1097
228	1342
228	1493
229	247
229	279
229	379
229	1120
229	1169
229	1424
230	401
230	483
230	663
230	831
230	1113
230	1152
232	392
232	1171
232	1398
232	1464
233	596
233	760
233	1037
233	1271
234	353
234	552
234	758
234	1016
234	1319
235	284
235	850
236	1290
236	1310
236	1430
237	1128
238	627
238	769
238	1362
238	1457
239	659
240	979
240	1149
240	1188
241	286
241	397
241	554
241	1098
241	1275
241	1299
241	1327
241	1472
242	243
242	391
242	444
242	1075
242	1302
242	1344
243	376
243	557
244	430
245	341
245	949
245	1030
245	1410
246	1290
247	832
248	1055
248	1171
248	1175
248	1349
249	271
249	1165
250	600
250	954
250	970
251	265
251	375
251	1147
252	356
252	542
252	583
252	874
252	1499
253	818
253	1460
254	440
254	569
254	729
254	735
254	1014
254	1063
254	1203
254	1455
255	457
255	535
255	859
255	862
255	1034
255	1051
255	1287
255	1382
255	1454
256	687
256	949
256	1028
256	1150
256	1239
257	352
257	1067
257	1400
258	455
258	786
258	877
258	1151
258	1300
258	1427
258	1449
259	713
260	426
260	764
260	1334
261	514
261	717
261	1460
262	282
262	349
262	1186
263	514
263	878
263	1015
263	1109
263	1138
264	290
264	699
264	880
264	1207
264	1308
265	786
265	1036
265	1389
266	286
266	823
267	539
267	979
267	1063
268	347
268	631
268	685
268	753
268	1095
268	1407
269	488
269	534
269	1267
270	466
270	478
270	731
270	735
270	1333
271	282
271	312
271	338
271	1251
271	1316
272	904
272	1478
273	525
273	535
273	728
273	1242
274	534
274	579
274	1079
275	719
275	782
275	1114
275	1475
276	392
276	424
276	1084
277	292
277	999
277	1445
278	356
278	1151
278	1220
278	1382
279	559
279	628
279	1154
280	664
280	915
280	1025
282	888
283	488
283	645
283	722
283	1035
284	488
284	1206
284	1231
285	1277
286	502
286	635
286	851
287	816
288	837
288	840
288	1122
288	1169
288	1415
288	1416
289	309
289	625
290	620
290	728
291	310
291	610
291	885
291	1308
292	937
292	1431
292	1463
293	316
293	732
293	1423
294	573
294	931
294	994
294	1257
295	485
295	646
295	704
296	1177
297	397
297	903
297	1057
298	397
298	984
299	397
299	1110
300	1145
300	1377
300	1473
301	424
301	544
301	749
302	755
302	1387
303	553
303	715
303	1390
304	1002
305	440
305	916
305	1028
306	377
306	1072
306	1327
306	1432
307	496
307	1017
307	1234
308	636
308	649
308	1324
309	683
309	684
309	937
310	869
310	1031
311	686
311	995
312	1230
312	1356
313	791
313	1166
314	1020
315	529
315	614
315	697
316	374
317	1096
318	896
318	1333
319	379
319	659
319	865
319	1150
319	1166
321	366
321	1114
322	374
322	703
322	783
322	1032
322	1325
322	1338
323	395
323	589
323	681
323	961
323	1094
323	1368
324	794
324	1472
325	659
325	717
325	1303
325	1487
326	1405
327	357
327	1024
327	1323
328	360
328	755
328	801
328	1469
329	833
329	874
329	1456
329	1462
330	759
330	1182
330	1399
331	650
331	1291
332	680
333	546
333	664
333	757
333	1055
333	1169
333	1337
333	1490
334	450
334	700
334	855
334	968
334	1041
334	1482
335	396
335	632
335	662
335	947
336	623
336	872
336	927
337	452
337	886
337	1093
337	1288
337	1312
338	432
338	470
338	672
338	708
338	1037
339	534
340	1079
341	948
341	988
341	1358
342	778
342	1239
342	1263
343	922
343	1186
344	1018
344	1027
344	1267
345	523
345	1168
346	471
346	683
346	822
346	1359
347	696
347	713
347	825
348	1067
349	559
349	840
350	489
350	1041
350	1168
350	1192
350	1414
351	814
351	1431
352	821
352	1052
352	1263
354	523
354	563
354	715
354	1296
355	371
355	561
355	951
355	1203
355	1481
356	1159
356	1344
356	1398
356	1440
357	478
357	899
357	943
357	950
358	792
358	932
358	1436
358	1496
359	463
359	884
359	1403
360	553
360	950
362	1355
362	1482
363	830
363	1003
364	896
365	606
365	799
365	805
365	904
365	1315
365	1364
366	511
366	794
366	1212
367	390
367	484
367	1390
367	1449
367	1489
368	864
368	1125
368	1277
368	1292
369	499
369	774
369	1238
370	1429
371	1463
372	641
372	1174
373	442
373	1000
373	1030
373	1074
374	467
374	1033
374	1192
375	713
375	1140
375	1239
375	1369
376	523
376	566
376	578
376	1430
377	935
377	1088
378	395
378	426
378	477
378	489
378	1130
378	1227
379	1107
379	1287
379	1371
379	1423
380	828
380	1092
380	1452
380	1485
381	618
381	882
381	890
381	1212
381	1323
382	541
382	971
382	1345
383	1049
384	929
385	920
385	1144
385	1191
386	631
386	1113
386	1173
386	1385
387	838
387	875
387	1006
388	455
388	1108
389	443
389	476
389	650
389	665
389	827
389	989
389	1271
390	433
390	1043
390	1477
391	634
391	1453
393	904
393	915
393	1007
394	563
394	1000
394	1368
395	1443
396	873
396	879
397	811
397	929
397	1373
398	804
398	830
399	551
399	721
400	553
400	1058
400	1317
400	1404
400	1467
401	411
401	963
401	1148
401	1280
402	427
402	1093
403	1284
403	1401
404	955
404	1114
404	1405
405	977
405	1328
406	442
406	565
406	693
406	765
407	924
408	1172
408	1456
408	1478
409	994
410	446
410	1419
410	1474
411	452
411	877
411	923
411	1157
412	1135
412	1218
413	1021
413	1275
414	555
414	859
414	977
415	1055
416	417
416	454
416	549
416	887
416	1152
416	1311
416	1499
417	604
417	816
417	850
417	1192
418	1057
419	663
419	920
419	932
419	1047
419	1360
420	987
421	1260
421	1324
422	693
422	855
422	866
423	478
423	704
423	1333
425	518
425	652
425	767
425	1372
426	1001
426	1018
426	1121
426	1146
426	1345
427	636
427	753
427	938
427	1002
427	1405
428	1167
428	1232
428	1288
429	517
430	482
431	738
431	889
431	1105
432	493
432	634
432	723
432	905
432	1213
432	1383
433	830
433	900
433	1467
434	594
434	1309
435	851
436	514
436	763
436	952
436	1159
437	503
437	1364
438	479
438	694
438	718
438	932
438	979
438	1100
438	1381
439	638
439	940
440	759
440	1001
440	1102
440	1201
440	1292
440	1343
440	1441
441	621
441	629
441	691
441	1411
442	1125
442	1165
442	1312
443	615
443	791
444	931
444	1386
445	653
445	820
445	927
445	1444
446	713
446	1390
447	1323
448	683
448	1087
448	1090
449	1121
450	675
450	1085
450	1116
450	1297
451	459
451	510
451	580
451	622
451	650
451	737
452	457
452	716
452	1432
453	781
453	1240
454	800
454	927
454	1015
455	729
455	838
455	1364
456	1227
456	1372
457	944
458	937
458	1293
459	477
459	858
459	1128
459	1175
459	1300
460	544
460	699
461	552
461	553
461	842
461	1278
462	803
463	491
463	770
463	1104
463	1178
464	629
465	554
465	996
466	471
466	767
466	972
466	1287
466	1332
467	491
467	882
467	902
467	1061
467	1102
469	615
469	1018
469	1043
469	1433
470	532
470	658
470	700
470	1114
471	872
471	1083
471	1381
471	1485
471	1494
473	935
473	956
474	702
474	1205
475	944
475	1066
475	1379
475	1486
476	504
476	518
476	712
476	893
477	518
477	624
477	792
477	1109
478	741
478	1069
479	702
480	547
480	742
480	880
480	1147
480	1287
480	1369
480	1446
481	1096
481	1296
481	1330
481	1455
482	828
482	1308
482	1486
483	494
483	652
483	1260
483	1396
483	1399
484	670
485	502
485	763
485	1207
485	1391
485	1413
485	1416
486	542
486	643
486	722
486	913
486	1470
487	1019
487	1416
488	898
488	1029
488	1098
488	1181
490	672
490	821
491	545
492	939
492	978
492	1003
492	1485
493	502
493	845
493	899
493	1067
493	1205
494	702
495	1178
495	1215
496	800
496	1000
496	1376
497	932
497	943
497	958
498	502
498	1148
498	1495
499	977
499	1263
499	1300
499	1377
499	1426
500	571
500	575
500	979
500	1318
501	695
501	1110
501	1356
502	781
502	941
502	1050
503	1071
503	1093
503	1228
503	1341
504	553
504	698
505	653
505	766
505	1317
506	731
506	812
506	1021
506	1141
506	1202
506	1347
507	836
507	1157
507	1173
508	788
509	785
509	1168
509	1186
510	926
511	1069
511	1287
512	685
512	695
512	1174
513	770
513	792
513	806
513	1250
514	877
515	598
515	939
515	1423
516	565
516	705
516	850
516	1440
518	624
519	528
519	802
519	835
519	968
519	1472
520	805
520	1013
521	903
521	1189
522	541
522	1107
523	714
523	978
523	1180
524	1114
525	700
526	814
526	1293
527	631
527	779
527	1062
527	1091
527	1114
527	1172
528	704
529	684
529	1274
530	603
530	711
530	949
531	627
532	694
532	1417
533	1079
534	718
535	1037
535	1286
535	1346
536	1073
537	893
538	644
538	1274
539	613
539	987
539	1245
540	771
540	1080
541	596
541	832
541	1278
541	1319
541	1379
541	1404
543	576
543	721
543	865
543	1319
543	1410
544	858
545	551
545	813
545	1016
545	1028
546	1411
547	1135
547	1331
548	622
548	726
548	939
548	1042
549	716
551	922
551	1360
552	949
552	1113
553	863
554	1047
554	1188
554	1389
555	771
555	1119
555	1239
555	1364
558	799
558	1440
559	1121
559	1229
560	1498
561	838
561	848
562	971
562	1381
563	579
563	675
563	794
563	837
563	983
564	733
564	796
564	1220
565	1048
565	1463
566	1184
566	1334
567	590
567	631
567	699
567	1361
567	1431
569	1181
570	1090
572	959
572	1361
572	1369
572	1405
574	703
574	1016
574	1268
575	703
575	1313
575	1466
576	675
576	1016
576	1017
576	1108
577	937
577	978
577	1257
577	1320
577	1413
578	1144
578	1232
578	1241
579	830
579	1365
580	776
580	903
580	984
580	1375
581	976
581	1135
582	994
582	1131
583	1298
584	622
584	764
584	840
585	594
586	718
586	814
586	844
586	1123
586	1373
587	1293
587	1343
588	1045
588	1122
588	1384
589	1219
589	1418
590	867
590	887
590	1039
590	1310
591	614
592	717
592	1144
592	1214
592	1449
593	639
593	1171
593	1333
594	910
595	720
596	953
596	1067
596	1287
597	917
598	1050
599	689
599	758
599	866
599	1352
600	725
600	1430
601	632
601	1072
602	1372
603	1200
603	1322
604	789
604	1158
604	1175
605	1259
606	676
606	956
606	1268
606	1418
607	1206
608	654
608	1104
608	1339
608	1497
609	1048
609	1247
609	1482
611	780
611	1110
611	1338
613	1040
613	1300
614	1310
615	1226
616	1388
617	725
617	794
617	798
618	638
618	709
619	819
619	1259
619	1310
619	1480
620	822
620	1032
620	1418
620	1456
621	818
621	1047
623	730
623	1260
624	739
624	1229
625	780
625	969
626	959
627	672
627	991
628	723
628	1038
628	1130
629	817
629	1194
630	1414
631	941
631	966
631	1248
632	755
633	1162
633	1213
633	1300
633	1327
633	1479
634	1396
634	1495
635	1039
637	839
637	864
637	902
638	736
638	1098
638	1320
638	1421
639	1131
639	1220
639	1411
641	1193
641	1226
641	1350
642	760
643	809
643	1054
643	1121
643	1254
644	1017
644	1440
645	825
645	1102
646	707
646	816
646	1023
646	1044
647	840
647	1237
648	726
648	1056
648	1212
648	1443
649	775
649	799
649	1264
649	1442
650	1238
650	1423
651	720
651	832
651	930
651	1260
652	728
652	1303
652	1318
652	1410
653	811
653	1040
653	1042
653	1218
653	1339
654	765
654	1212
654	1246
654	1397
654	1414
654	1471
655	919
655	1053
656	952
656	1139
657	781
657	1005
657	1144
657	1293
657	1490
657	1492
658	691
658	694
658	906
658	958
658	1329
659	1157
659	1413
660	881
660	962
660	1383
661	721
661	869
661	1367
663	1046
663	1059
663	1071
663	1222
663	1282
665	886
666	703
666	714
666	953
666	984
666	1004
666	1122
666	1347
666	1382
667	767
667	1346
667	1409
668	775
668	905
668	998
668	1023
668	1261
669	735
670	725
670	727
670	900
670	1004
670	1372
671	1036
671	1114
671	1284
671	1383
671	1475
672	1054
672	1092
672	1273
673	1008
673	1443
674	942
674	1183
675	1030
675	1289
676	910
677	799
677	1236
677	1288
678	1488
679	681
679	1351
680	793
680	1104
682	1351
683	896
683	1140
683	1443
684	1074
684	1238
685	726
685	738
685	1178
686	1024
687	802
687	818
687	1204
687	1498
688	971
688	1031
688	1468
689	1180
690	776
690	1151
690	1469
691	851
692	821
693	993
693	1311
693	1450
693	1463
694	946
695	1068
695	1176
695	1427
696	904
696	942
696	1016
696	1175
697	902
697	1024
697	1491
698	780
698	896
698	917
698	962
698	1274
699	1089
699	1141
699	1283
699	1350
699	1438
699	1472
700	1276
701	1154
702	1017
703	1129
703	1350
704	1020
705	1016
705	1064
706	1089
707	998
708	830
708	1056
708	1101
708	1227
709	719
709	1408
709	1446
710	1264
710	1445
710	1463
710	1466
711	749
713	1135
714	1268
714	1366
715	1074
717	941
717	1206
718	1220
718	1250
718	1335
719	878
719	885
719	1245
719	1454
720	870
720	1281
721	1137
722	1112
724	785
724	1117
725	912
726	771
726	1306
728	847
728	1004
728	1476
729	1351
730	934
730	1028
730	1229
730	1441
731	933
731	1060
731	1179
732	1297
732	1469
733	908
733	1364
734	934
734	941
734	1403
734	1449
736	1293
737	951
737	1460
738	912
739	1201
739	1309
740	789
740	1005
740	1214
740	1322
740	1341
741	771
741	776
742	892
742	901
742	1269
742	1495
743	1200
743	1235
743	1497
744	889
744	901
744	1275
744	1355
745	1161
745	1370
746	789
746	974
747	1075
747	1392
748	1262
748	1284
748	1319
750	989
750	1043
750	1133
752	846
752	886
752	1070
752	1079
753	969
753	1152
753	1339
754	1326
754	1445
755	1265
756	896
756	978
756	1317
756	1339
756	1470
757	1315
758	891
759	960
759	1269
760	909
761	766
761	844
761	937
761	1083
762	1068
762	1177
762	1479
763	1062
763	1134
763	1246
763	1367
764	968
764	979
764	1286
765	877
766	807
766	1202
766	1203
767	1047
768	1069
768	1299
769	1087
770	812
770	828
770	1245
771	949
772	843
773	1182
773	1302
773	1320
775	1383
775	1476
776	827
776	1146
776	1150
777	1218
777	1352
778	1069
778	1482
780	954
780	1438
781	1196
781	1398
781	1413
782	814
782	861
782	1019
782	1086
782	1303
783	1135
783	1201
783	1354
785	1020
785	1133
785	1282
786	832
787	1326
788	1082
789	1303
790	1226
790	1267
791	935
791	1040
792	860
792	1063
795	1318
795	1343
796	1155
798	991
799	1256
800	943
800	1200
801	1019
801	1370
802	843
802	868
802	1232
802	1459
804	862
804	1209
805	861
805	863
806	992
806	1325
806	1384
807	865
807	886
808	826
808	1074
808	1254
808	1393
809	857
809	1064
809	1493
810	933
810	982
811	1244
812	901
812	1303
813	1368
814	891
814	948
815	1076
816	929
816	1475
817	1325
817	1419
817	1493
818	1155
818	1173
819	828
819	832
819	975
819	1142
820	981
820	1461
821	895
821	897
821	1144
821	1254
821	1496
822	825
822	1423
822	1441
824	828
824	1135
824	1203
824	1277
825	874
825	1011
826	890
826	1243
829	882
830	910
830	1001
830	1002
830	1260
830	1417
831	1058
832	1045
832	1148
832	1438
833	1075
834	1180
835	1302
835	1396
837	864
837	1320
837	1415
838	1104
838	1177
839	1301
839	1304
840	912
841	924
841	1325
841	1354
842	1227
842	1243
843	977
843	1256
844	956
844	1147
847	1099
847	1104
847	1306
847	1403
848	1208
849	958
849	993
849	1305
849	1496
850	1017
851	981
851	1019
851	1045
851	1155
851	1169
851	1280
852	962
852	1017
852	1051
852	1101
853	869
853	996
853	1308
854	877
854	1335
854	1474
855	1028
855	1365
858	1095
859	1020
859	1136
859	1174
860	1019
860	1119
861	1305
862	1316
864	870
865	1090
865	1167
865	1229
866	973
867	943
868	914
868	1052
868	1298
869	900
869	1129
869	1431
870	1198
870	1313
871	1065
871	1117
871	1317
872	1189
873	920
873	1091
873	1485
874	1095
874	1172
875	1402
876	988
876	1420
878	889
880	1462
881	1152
881	1350
882	1259
885	1111
886	1036
886	1157
886	1246
887	939
887	1079
887	1261
888	996
888	1089
888	1373
889	1491
890	1315
891	996
891	1315
893	1349
893	1463
894	910
894	1126
894	1347
896	1037
896	1053
896	1415
897	1010
897	1388
898	1025
899	910
899	1245
900	1400
901	1038
901	1180
901	1404
903	1116
904	1382
904	1399
905	1324
906	958
906	1039
906	1083
906	1307
906	1388
907	921
907	1104
908	1342
909	1074
911	1003
911	1089
913	1046
913	1274
915	1079
916	953
916	1023
916	1033
919	1445
920	1380
922	1063
922	1082
923	1196
923	1365
924	1376
925	965
926	1402
927	1054
927	1453
928	1193
928	1375
929	1227
929	1426
931	941
931	1181
931	1197
932	1208
932	1414
932	1478
933	1352
935	1239
935	1335
936	959
936	1113
936	1486
937	1028
937	1114
937	1320
938	941
938	1214
938	1392
939	1045
939	1366
939	1477
940	1006
941	1038
942	1183
942	1486
943	1208
944	968
944	986
944	1448
945	1490
947	965
947	1038
947	1106
947	1139
947	1169
947	1492
948	1096
949	1091
949	1412
950	984
950	1024
950	1060
950	1321
951	1044
951	1372
951	1428
952	1070
953	1012
954	1048
954	1083
954	1086
954	1127
954	1345
954	1455
956	967
956	1188
956	1312
956	1361
956	1407
956	1469
957	1179
958	1050
958	1320
959	1013
959	1164
959	1180
960	1401
961	1342
961	1429
962	1391
962	1419
963	1062
963	1144
965	1328
965	1449
966	1352
966	1403
967	1386
969	1170
969	1271
969	1302
970	984
970	1128
971	1192
971	1199
972	1070
974	1460
975	1359
975	1363
976	1278
977	1281
977	1384
978	984
978	1272
980	1399
981	997
981	1447
982	1219
982	1432
983	1082
983	1328
985	1462
986	1050
986	1241
987	1204
987	1261
988	1015
989	1225
990	1427
991	1160
991	1276
992	993
992	1100
992	1326
992	1369
993	1325
993	1479
994	1385
996	1139
996	1339
997	1276
997	1361
998	1176
1000	1050
1000	1157
1000	1229
1000	1258
1000	1415
1000	1477
1001	1089
1001	1205
1002	1368
1003	1213
1005	1333
1005	1387
1006	1190
1006	1461
1009	1092
1010	1387
1011	1211
1011	1242
1011	1433
1013	1371
1013	1404
1014	1110
1014	1220
1014	1357
1016	1022
1016	1056
1016	1108
1017	1115
1017	1119
1017	1176
1018	1415
1019	1320
1019	1419
1022	1177
1022	1231
1023	1079
1023	1142
1023	1374
1024	1143
1025	1239
1026	1249
1027	1062
1029	1162
1029	1167
1030	1092
1030	1165
1030	1305
1031	1459
1031	1493
1033	1134
1033	1340
1034	1229
1034	1364
1036	1096
1036	1223
1036	1352
1036	1420
1038	1242
1038	1290
1039	1323
1040	1104
1040	1114
1040	1129
1040	1253
1041	1405
1043	1268
1043	1290
1043	1304
1045	1145
1045	1450
1046	1309
1046	1387
1046	1412
1046	1415
1046	1417
1050	1402
1051	1120
1051	1263
1052	1414
1055	1275
1055	1379
1055	1424
1056	1207
1056	1401
1057	1199
1057	1274
1057	1278
1057	1294
1058	1091
1059	1250
1059	1421
1060	1277
1061	1257
1061	1344
1063	1072
1063	1339
1064	1082
1064	1359
1066	1232
1066	1261
1067	1428
1068	1247
1070	1093
1070	1400
1072	1116
1073	1112
1074	1450
1074	1460
1076	1335
1076	1461
1077	1279
1077	1451
1077	1462
1079	1478
1079	1488
1079	1496
1080	1082
1080	1320
1081	1485
1084	1383
1085	1152
1086	1101
1088	1118
1089	1143
1089	1396
1089	1399
1090	1439
1090	1472
1094	1383
1096	1277
1097	1221
1097	1442
1097	1472
1098	1172
1098	1470
1100	1203
1100	1430
1101	1276
1103	1362
1103	1416
1104	1188
1106	1138
1106	1310
1107	1264
1108	1220
1108	1311
1108	1477
1109	1244
1113	1261
1115	1180
1115	1289
1116	1389
1119	1437
1120	1246
1121	1178
1122	1185
1123	1166
1123	1435
1128	1360
1128	1428
1129	1275
1129	1410
1129	1416
1130	1325
1130	1380
1131	1214
1132	1219
1134	1282
1136	1258
1137	1357
1137	1440
1138	1180
1139	1181
1140	1309
1140	1468
1141	1367
1141	1373
1142	1324
1143	1269
1145	1228
1146	1288
1148	1215
1148	1317
1149	1355
1151	1174
1156	1290
1158	1265
1158	1319
1159	1388
1159	1423
1160	1199
1160	1208
1160	1318
1162	1465
1163	1412
1164	1286
1164	1475
1165	1476
1166	1300
1170	1227
1171	1460
1174	1398
1174	1477
1175	1497
1177	1202
1180	1275
1180	1415
1181	1354
1181	1449
1183	1321
1183	1363
1184	1425
1186	1187
1186	1199
1187	1297
1188	1488
1191	1345
1191	1346
1193	1237
1193	1262
1194	1433
1195	1227
1197	1269
1197	1413
1198	1391
1200	1350
1201	1265
1201	1267
1202	1335
1202	1483
1202	1485
1203	1496
1204	1380
1204	1456
1207	1325
1208	1287
1209	1491
1210	1241
1211	1245
1211	1278
1215	1442
1217	1298
1219	1374
1220	1367
1222	1243
1223	1403
1224	1320
1226	1484
1227	1317
1227	1453
1229	1423
1230	1334
1230	1444
1232	1321
1233	1424
1241	1280
1241	1493
1242	1276
1244	1404
1245	1432
1246	1379
1249	1491
1250	1277
1250	1283
1250	1302
1250	1320
1251	1282
1251	1380
1252	1461
1253	1470
1254	1297
1254	1411
1255	1456
1257	1467
1258	1315
1259	1406
1260	1311
1262	1420
1264	1421
1266	1313
1267	1273
1269	1462
1271	1289
1272	1326
1272	1348
1273	1278
1273	1281
1274	1476
1275	1282
1277	1293
1278	1432
1278	1452
1278	1462
1280	1451
1281	1493
1282	1347
1283	1406
1284	1388
1284	1407
1285	1487
1286	1497
1287	1400
1288	1379
1289	1445
1290	1292
1291	1476
1297	1371
1300	1450
1305	1387
1308	1364
1308	1473
1315	1441
1321	1392
1324	1472
1324	1483
1326	1467
1327	1472
1328	1339
1328	1478
1330	1397
1330	1453
1333	1356
1333	1371
1334	1496
1335	1426
1335	1444
1335	1446
1336	1370
1337	1411
1338	1497
1342	1406
1343	1354
1343	1458
1348	1464
1348	1473
1354	1458
1356	1432
1360	1468
1361	1380
1365	1483
1370	1377
1372	1454
1381	1488
1393	1427
1393	1441
1394	1456
1402	1406
1402	1414
1407	1473
1409	1411
1409	1488
1410	1444
1412	1459
1412	1480
1419	1439
1425	1437
1436	1452
1439	1465
1446	1490
1453	1456
1456	1461
1466	1488
1474	1482