0	224
0	1120
0	1323
0	1444
1	322
2	21
2	196
2	202
2	815
2	935
2	1444
3	1167
4	274
4	301
4	662
4	683
4	979
4	1422
5	535
5	1323
6	35
6	295
6	720
6	1486
7	278
7	495
7	940
7	1173
7	1217
8	1149
8	1473
9	209
10	217
10	244
10	374
10	956
10	1065
10	1236
11	376
11	659
11	1216
11	1227
12	201
12	1013
13	42
13	94
13	209
13	517
13	753
13	1032
14	83
14	243
14	307
14	1083
14	1108
15	257
15	1062
15	1076
15	1315
16	496
16	848
16	1230
17	19
17	79
17	742
18	812
18	813
18	986
18	1192
18	1267
18	1483
18	1493
19	719
19	1112
19	1149
20	99
20	600
20	979
20	1196
20	1418
21	31
21	390
21	551
21	1251
22	72
22	224
22	255
22	793
23	77
23	283
23	398
23	439
24	361
24	455
24	574
24	583
24	594
24	771
24	1024
25	630
25	987
25	1417
25	1496
26	262
26	621
26	834
26	911
26	1179
26	1191
27	110
27	233
27	298
27	381
27	568
27	575
27	1299
27	1302
27	1448
28	677
28	786
28	809
28	907
28	1244
28	1294
28	1415
29	333
30	236
30	413
30	741
30	1380
31	237
31	478
31	640
31	878
31	900
32	176
32	757
32	864
32	1351
33	530
33	714
33	1208
33	1436
34	68
34	224
34	315
34	596
34	1167
34	1399
35	60
35	844
35	1276
35	1285
36	264
36	779
36	997
37	295
37	301
37	383
37	1078
37	1095
38	126
39	334
39	500
39	713
39	1127
40	214
40	257
40	383
40	401
40	475
40	1054
40	1265
41	181
41	488
41	535
41	600
41	607
41	634
41	924
41	1345
42	57
42	299
42	304
42	512
42	1040
43	877
43	1158
43	1396
44	51
44	222
44	469
44	1116
44	1378
45	604
45	718
45	755
45	922
45	1171
45	1317
46	678
46	998
46	1089
46	1142
46	1165
46	1213
47	248
47	259
47	1299
48	1092
48	1297
48	1331
49	758
50	60
50	1251
51	308
51	384
51	616
52	1090
52	1191
53	123
53	444
53	590
53	1122
53	1319
53	1410
54	998
54	1006
54	1039
55	727
55	1228
56	223
56	762
56	1029
56	1184
56	1241
57	295
57	927
58	1200
59	381
59	668
59	755
59	769
59	1309
59	1455
61	455
61	502
61	598
61	900
61	1489
62	509
62	812
62	1019
63	450
63	710
63	757
63	1128
63	1196
63	1285
63	1413
64	622
64	1491
65	218
65	276
65	447
65	575
65	691
65	720
65	932
66	700
66	972
67	244
67	322
67	490
67	1155
67	1456
68	360
68	455
68	781
68	1362
69	1094
69	1095
69	1145
69	1152
69	1367
70	112
71	162
71	579
72	188
72	371
72	528
72	930
72	945
73	144
73	383
73	598
73	644
73	1119
73	1495
74	862
74	1130
74	1495
75	221
75	568
75	837
75	1334
76	114
76	1229
76	1422
77	89
77	244
77	543
77	605
77	617
77	1344
78	657
78	780
78	931
78	1408
78	1416
79	622
79	917
79	1117
79	1202
80	429
80	491
80	805
80	820
80	853
80	951
80	1275
80	1454
81	1150
81	1257
82	447
82	901
82	916
82	980
82	1454
83	235
83	485
83	533
83	1021
84	1498
85	434
85	492
85	1147
86	379
86	395
86	926
87	578
87	678
88	825
88	861
88	1225
88	1469
89	544
89	1062
89	1240
90	150
90	674
90	830
90	1228
91	409
92	993
92	1025
92	1295
92	1315
93	97
93	666
93	916
93	1153
93	1485
93	1492
94	403
94	960
95	174
95	295
95	780
95	1357
95	1453
96	149
96	660
96	723
97	687
97	700
97	1027
97	1062
98	109
99	147
99	375
99	546
99	1460
100	956
100	1288
101	159
101	223
101	438
101	582
101	869
101	985
101	1401
102	552
102	622
102	731
102	1005
102	1244
103	812
104	191
104	358
104	460
104	860
104	906
104	1336
105	131
105	174
105	184
105	566
105	955
105	958
105	976
105	1412
106	1013
106	1481
107	531
107	532
107	649
107	654
107	787
107	1359
108	339
108	1383
109	149
109	293
109	352
109	946
109	958
109	976
109	1085
110	354
110	357
110	366
110	558
110	808
111	198
111	705
111	1124
111	1379
112	652
112	687
112	810
112	869
112	1250
112	1345
112	1454
113	182
113	563
113	957
114	119
114	926
115	197
115	268
115	390
115	1032
115	1052
115	1172
115	1234
115	1319
116	216
116	352
116	899
116	1027
116	1238
116	1413
116	1462
117	236
117	1170
117	1322
118	318
118	899
119	682
119	871
120	515
120	1473
121	362
121	414
121	436
121	497
121	1300
122	688
122	912
122	1194
123	185
123	324
123	514
123	705
123	909
124	827
124	1051
124	1185
124	1324
125	238
125	584
126	310
126	1235
127	612
127	736
127	1392
127	1435
128	140
128	166
128	566
128	606
128	871
128	897
129	448
129	741
129	1060
129	1098
130	368
130	460
130	963
131	263
131	750
131	754
131	806
131	1006
131	1415
131	1418
131	1461
131	1482
132	233
132	812
132	1498
133	401
133	1249
133	1489
134	422
135	1390
136	425
136	1252
137	818
137	865
137	968
138	212
138	332
138	1108
139	410
139	1294
140	820
140	866
140	1037
140	1157
140	1182
140	1317
140	1357
141	383
141	822
141	1305
142	312
142	1031
142	1352
143	768
143	824
143	834
143	970
143	1126
143	1474
144	275
144	788
144	856
144	976
144	981
144	984
144	1126
144	1374
144	1461
145	381
145	608
145	1038
145	1057
145	1164
145	1409
146	185
146	706
147	210
147	226
147	767
147	1028
148	195
148	635
149	375
149	780
150	785
150	1052
150	1223
151	219
151	571
151	1007
151	1318
152	252
152	349
152	385
152	398
153	503
153	928
153	1137
153	1238
153	1318
154	437
154	521
155	241
155	605
156	621
157	802
157	1239
157	1476
158	343
159	841
159	937
160	720
160	830
160	1085
160	1248
161	519
161	1216
161	1324
162	957
162	1395
163	318
163	648
163	662
163	976
164	495
164	951
164	1027
164	1212
164	1424
165	180
165	345
165	977
165	1011
165	1081
166	548
166	1175
166	1189
166	1247
166	1328
166	1423
167	406
167	1040
168	350
168	891
169	229
169	888
170	315
170	1007
170	1110
171	282
171	1317
172	383
172	478
172	699
172	995
172	1073
172	1250
172	1340
173	273
173	286
173	466
173	1398
174	831
174	1244
174	1358
174	1425
174	1490
175	351
175	409
175	599
175	1430
176	788
177	796
178	398
178	522
179	336
179	350
179	1217
180	325
180	352
180	1214
181	297
181	1096
182	1469
182	1499
183	261
183	474
183	730
183	1094
184	511
184	1246
184	1325
185	214
185	430
185	459
185	519
185	1155
186	592
186	611
186	684
186	787
186	1008
186	1068
186	1374
187	280
187	317
187	1421
188	256
188	586
188	696
188	1002
188	1166
188	1438
189	966
189	1122
190	678
190	803
190	1226
190	1357
191	595
191	1114
191	1298
192	694
192	1252
193	803
194	754
194	1363
195	276
195	382
195	812
195	947
195	1064
195	1447
196	738
197	236
197	1242
198	323
198	968
199	451
199	885
199	1135
199	1430
200	292
200	310
201	956
202	485
202	529
202	754
202	1093
203	244
203	271
203	344
203	489
203	808
203	1006
203	1159
203	1383
203	1415
204	834
204	1047
205	488
205	574
205	674
205	832
205	1155
205	1264
205	1480
206	1421
207	634
207	981
207	1311
207	1470
208	301
208	534
208	732
208	735
208	1230
209	282
209	336
209	493
209	673
209	867
209	1122
210	279
210	674
210	869
210	1368
211	1135
211	1173
211	1268
211	1316
211	1368
212	395
212	689
212	925
212	1290
212	1414
213	1450
213	1490
214	456
214	725
214	927
215	631
215	1147
215	1250
215	1300
216	541
216	721
216	871
216	1282
217	317
217	1341
218	729
218	776
218	1326
218	1339
218	1360
219	463
219	501
219	1000
219	1445
220	743
220	1117
220	1127
221	629
222	361
222	544
222	585
222	784
223	516
223	568
223	743
224	449
224	1046
224	1334
224	1432
224	1476
225	877
225	1405
226	244
226	556
226	833
226	841
227	454
227	1186
227	1302
228	868
228	1466
229	533
229	1432
230	750
230	821
231	478
231	763
232	295
232	649
232	871
232	948
233	692
233	715
233	1118
234	409
234	426
234	442
234	825
234	909
234	1233
234	1427
235	1164
235	1320
235	1415
236	395
236	661
236	1125
236	1363
237	614
237	709
237	1115
237	1128
237	1165
237	1413
238	387
238	516
238	1292
239	563
240	429
240	454
240	916
240	1293
241	475
241	1259
242	293
242	396
242	1379
242	1437
243	1295
243	1439
244	472
244	1237
244	1410
245	413
245	545
246	470
246	529
246	1262
246	1379
247	332
247	1080
247	1361
248	492
248	528
248	870
249	788
250	282
250	697
250	744
250	774
250	874
250	1148
251	490
251	966
251	1451
253	361
253	411
253	1465
253	1480
254	290
254	634
254	672
254	929
255	492
255	633
255	709
255	1284
256	868
256	1011
256	1012
256	1372
257	271
258	304
258	1158
259	319
259	491
259	772
259	963
260	768
260	1365
261	463
261	1260
261	1436
261	1455
262	1159
263	344
263	1013
263	1161
263	1411
264	965
264	1023
264	1147
265	1064
265	1234
265	1244
265	1435
266	377
266	962
267	734
267	1116
267	1406
268	1341
269	382
269	800
269	1184
269	1212
270	787
270	895
270	1129
270	1245
270	1271
270	1445
271	755
271	851
271	957
271	1075
272	1207
273	671
273	938
273	1128
273	1313
273	1345
274	393
274	511
274	738
274	1377
275	551
276	1001
276	1165
277	322
277	591
277	910
277	1150
277	1222
277	1360
278	688
278	816
278	996
278	1262
279	459
279	1002
279	1278
279	1304
280	561
280	650
280	721
280	741
280	1024
280	1415
280	1478
281	335
281	477
281	1146
282	472
282	888
283	308
283	838
283	1445
284	827
284	1118
284	1395
284	1427
285	779
285	844
285	1186
285	1219
286	560
287	550
287	854
287	893
287	1295
288	371
288	528
288	622
288	826
288	1384
289	510
289	803
289	1042
289	1060
290	560
290	736
290	905
291	425
291	879
291	1317
291	1439
292	324
292	648
292	976
292	1007
292	1084
292	1112
293	342
293	546
293	849
294	335
294	855
294	974
294	1023
294	1403
295	961
295	1029
295	1216
295	1217
295	1400
295	1463
296	400
296	484
296	505
296	722
296	727
296	1198
296	1256
297	477
297	823
297	1087
297	1267
297	1341
297	1465
298	318
298	923
299	414
299	530
299	636
300	544
300	1016
300	1063
300	1180
301	446
301	602
302	422
302	1186
302	1309
302	1383
302	1485
303	543
303	977
303	1404
304	346
304	1436
305	340
305	346
305	736
305	1431
306	701
306	734
306	853
306	917
306	922
306	1375
307	976
307	1050
308	746
309	379
309	693
309	801
309	895
309	1064
309	1408
310	337
310	568
310	1103
310	1389
311	338
311	754
311	792
311	803
311	999
311	1128
311	1145
311	1225
312	677
312	1232
312	1491
313	454
313	743
314	393
314	398
314	410
314	639
314	643
314	693
314	880
314	889
315	363
315	1114
316	493
316	627
316	676
316	876
316	1076
317	1278
317	1356
318	652
318	735
318	1374
319	525
319	557
319	1475
320	747
320	890
320	892
320	1415
321	893
321	1166
321	1456
322	329
322	555
322	788
322	890
322	1144
322	1289
323	672
323	784
324	432
324	455
324	496
324	577
324	640
324	698
324	755
326	430
326	958
326	1199
326	1288
326	1290
326	1481
327	1156
327	1467
328	796
328	894
328	988
328	1164
329	914
329	964
329	1001
329	1316
330	1132
330	1447
331	335
331	797
331	836
332	768
332	774
332	896
332	1051
332	1121
332	1200
332	1274
332	1301
333	379
333	612
334	1087
335	572
335	735
335	1212
335	1309
336	410
336	623
337	527
337	1424
338	1367
339	1198
339	1251
340	681
341	497
342	942
342	1081
342	1334
342	1473
343	887
344	445
344	1092
344	1310
345	381
345	720
345	776
345	871
345	971
345	1300
345	1307
346	499
346	1092
346	1320
347	559
347	895
347	1265
348	1397
349	512
349	754
349	835
350	385
350	499
350	772
350	777
350	829
350	1441
351	402
351	437
351	1053
352	747
352	903
352	1055
352	1245
352	1361
353	540
353	1032
354	907
354	1001
354	1130
354	1245
354	1283
355	476
356	1123
356	1170
356	1339
357	856
357	1281
358	417
358	613
358	1089
359	400
359	759
359	849
359	923
359	1155
360	802
360	917
361	853
362	992
362	1000
362	1041
362	1228
363	642
363	848
363	1394
364	1382
364	1470
365	1111
366	560
366	1239
367	757
367	1097
367	1267
368	1112
369	379
369	1071
370	585
372	444
372	573
372	1144
372	1238
373	781
374	737
374	1022
375	703
375	777
375	870
375	1213
377	891
377	1453
378	870
379	708
379	1202
380	992
380	1343
381	941
381	1177
382	400
382	592
382	903
382	1016
383	776
383	815
383	842
383	1200
384	688
384	798
385	393
385	919
385	1114
385	1172
385	1370
386	421
386	541
386	734
386	806
386	1332
387	628
387	951
387	1471
388	390
388	456
388	871
388	1207
389	524
389	676
389	788
389	1166
390	1342
391	404
391	629
391	765
391	794
391	810
391	943
391	1036
391	1276
392	891
392	967
392	1008
393	692
393	891
393	1413
394	792
394	1374
395	463
395	907
395	937
395	1078
395	1140
395	1234
396	558
396	1462
397	1248
397	1474
398	526
398	680
398	893
398	1075
398	1236
399	433
399	448
399	495
399	1040
399	1180
399	1324
399	1414
400	499
402	920
402	964
402	994
402	1102
402	1130
402	1206
403	470
403	495
403	1227
403	1304
404	492
404	1389
404	1446
404	1447
405	975
406	447
406	548
406	1474
407	618
407	738
407	923
407	1356
408	706
408	718
408	727
408	1423
409	603
409	1051
410	414
410	506
410	1146
411	550
411	558
411	577
411	968
411	1091
412	630
412	1048
412	1361
413	542
414	488
414	683
415	577
415	640
415	994
416	683
416	913
416	1236
416	1328
416	1346
416	1360
417	634
417	1086
418	512
418	1379
419	1150
420	1014
421	887
421	1298
421	1417
422	696
422	1497
423	646
423	895
423	1273
424	1083
424	1344
424	1382
424	1483
425	1002
425	1041
425	1241
426	491
426	918
426	945
426	1164
427	1450
427	1491
428	466
428	575
428	692
428	889
428	905
428	939
428	1473
429	769
430	491
430	590
430	811
430	901
430	952
430	1070
430	1134
431	1014
431	1089
431	1300
432	941
432	1090
432	1119
432	1255
433	912
434	718
434	1475
434	1487
435	828
435	906
435	1161
435	1262
437	551
437	1272
437	1362
438	880
439	1389
439	1408
439	1493
440	1030
440	1428
440	1478
441	638
441	1175
441	1334
441	1396
443	1352
444	459
444	655
444	1131
444	1267
445	559
445	700
445	1128
445	1175
446	737
446	920
446	1038
446	1311
447	832
447	1154
447	1348
448	583
448	691
448	963
448	1235
448	1445
449	538
449	823
449	1473
450	524
450	1094
450	1106
451	860
451	1152
451	1319
452	858
452	860
452	1197
452	1408
453	796
453	911
454	632
454	875
454	972
454	1036
455	493
455	520
456	1192
456	1345
457	468
458	1394
459	574
459	1254
459	1290
460	468
460	858
460	921
460	947
460	1111
460	1257
461	638
461	836
461	1012
461	1322
462	536
462	806
462	921
462	1334
462	1494
463	542
463	1037
463	1443
464	749
465	809
465	963
465	979
465	1387
465	1486
466	1274
467	853
467	907
467	1355
467	1386
468	645
468	983
468	1135
470	731
471	1033
471	1167
472	516
472	602
472	638
472	657
472	842
472	1360
472	1460
473	1160
473	1259
473	1483
474	1184
475	1334
475	1345
477	976
477	1291
478	936
478	1429
479	559
479	702
479	1173
480	821
480	880
480	925
480	1108
481	1366
482	1390
483	556
483	618
483	719
483	786
483	872
484	831
485	581
485	1002
485	1251
485	1300
486	902
486	1209
487	504
488	948
488	1260
488	1423
488	1447
489	664
489	787
489	799
490	591
490	624
491	683
491	1231
491	1379
492	737
492	745
492	758
492	848
493	667
493	674
493	818
494	788
495	678
495	728
495	1172
495	1175
496	769
496	1153
497	727
497	837
497	840
497	927
497	1158
498	1098
498	1300
499	815
499	898
499	1450
500	1015
500	1455
501	677
501	1037
502	576
502	1387
502	1391
502	1402
502	1464
503	885
505	818
506	555
506	671
506	865
506	967
506	1065
507	648
507	698
507	823
507	1196
508	589
508	672
508	1009
508	1127
508	1352
508	1414
509	601
509	711
509	893
509	1092
509	1187
509	1329
509	1414
509	1428
510	804
510	893
510	930
511	626
511	1121
512	650
512	861
512	1296
513	1091
514	1171
514	1462
515	746
515	1380
516	845
516	1310
517	590
517	717
517	743
517	1341
518	1101
518	1114
518	1192
519	818
519	1313
520	768
520	776
520	922
520	1181
520	1288
521	885
521	1005
521	1146
522	730
522	941
523	1222
524	709
524	1161
526	691
526	962
526	1301
526	1411
527	677
527	1076
527	1202
527	1472
527	1487
528	790
528	1155
528	1195
529	1015
530	832
530	960
530	967
531	940
531	1467
532	557
532	882
532	1330
534	883
534	913
534	1058
537	661
537	731
537	913
537	1272
537	1342
537	1380
538	564
538	817
538	933
538	1184
538	1232
539	734
539	1050
539	1175
540	1062
541	919
541	1424
542	572
542	1405
543	985
543	1186
543	1276
543	1407
544	1174
545	700
546	667
546	742
547	966
548	621
549	1224
550	739
550	847
550	1236
552	671
553	739
553	1298
554	683
554	891
554	1217
554	1297
555	596
555	916
556	664
556	912
556	1160
556	1308
557	674
557	822
557	895
557	933
558	619
558	1297
559	766
559	1172
559	1213
559	1347
560	1030
561	605
561	900
562	1035
563	1320
563	1419
564	1024
564	1105
565	770
565	1011
565	1173
565	1315
566	1124
567	775
567	1298
567	1331
567	1450
568	968
569	1338
570	1358
570	1437
571	917
571	1150
571	1186
571	1227
572	840
572	1024
572	1431
573	576
573	684
573	1048
574	1157
574	1348
575	1420
576	874
576	960
576	1287
576	1499
577	1064
577	1356
577	1357
578	1213
578	1301
579	702
580	1410
581	619
581	1170
581	1277
582	652
582	796
583	1104
583	1368
584	921
584	985
584	1180
584	1416
585	797
586	617
587	799
588	1187
588	1243
588	1276
589	696
589	813
589	1072
589	1081
589	1263
590	1105
591	982
591	1088
592	757
592	789
592	807
592	1193
592	1326
593	1313
594	652
594	786
594	1160
595	1188
596	1411
597	1284
598	635
598	663
598	966
598	980
598	1089
598	1190
598	1223
599	827
599	1208
600	1211
600	1280
601	770
601	865
601	901
601	1351
602	671
602	818
602	1023
602	1364
603	668
604	631
604	861
604	868
604	873
604	905
604	1365
605	765
606	626
606	967
606	1395
607	1063
608	983
609	624
609	839
609	972
609	1322
609	1358
610	1368
610	1451
611	638
611	719
611	1327
612	825
612	1033
612	1101
613	662
613	844
613	1048
614	1019
615	894
615	1170
616	832
616	1204
616	1305
617	1177
617	1252
618	1044
618	1480
619	843
619	921
619	1104
619	1324
620	756
620	861
620	935
620	1252
621	837
621	1480
622	792
622	816
622	1250
623	1376
624	677
624	956
624	1005
625	1310
626	1315
626	1496
627	1437
628	701
628	909
628	1119
628	1301
629	674
629	824
630	1269
631	1304
632	666
632	753
632	861
632	1277
632	1317
633	805
633	1371
635	780
635	908
635	1138
635	1273
636	681
636	853
636	901
636	951
636	1355
637	1392
637	1477
638	948
638	1285
638	1378
639	660
639	900
639	1056
639	1099
639	1195
640	778
640	1361
640	1494
641	652
641	957
641	1189
641	1290
641	1398
642	793
642	867
642	1400
642	1407
643	661
643	794
643	1273
643	1417
644	879
644	1086
644	1231
645	797
645	1241
646	657
646	786
646	1164
646	1231
647	914
648	807
649	695
649	822
649	926
650	658
651	659
651	722
651	1331
651	1452
651	1493
652	813
652	1187
652	1198
653	1101
655	749
655	1304
656	673
656	1310
656	1416
656	1482
657	746
657	897
658	925
658	927
658	1331
658	1448
659	1254
659	1294
660	712
660	1086
660	1403
661	858
661	1072
662	742
662	764
662	835
662	1096
662	1116
664	678
665	866
666	759
666	1284
667	731
667	1367
667	1390
668	1019
668	1345
669	772
669	1423
670	716
670	742
670	743
670	751
670	1445
671	756
671	1362
671	1477
672	768
672	986
673	766
673	1258
674	1212
674	1482
675	1206
675	1428
676	817
676	1367
677	1110
678	690
678	1352
679	999
679	1079
679	1108
679	1150
679	1185
679	1475
680	1171
680	1218
681	1348
682	693
682	1069
682	1353
683	856
684	773
684	933
684	1285
685	769
686	1021
687	809
687	962
687	1077
687	1298
687	1464
688	875
688	1204
688	1346
689	794
690	774
690	990
691	986
692	1361
693	1349
694	848
694	1055
694	1393
695	734
695	1495
696	734
696	908
696	1237
696	1310
696	1336
697	703
697	777
697	1280
697	1385
698	1077
698	1086
698	1416
699	754
699	785
699	1312
699	1361
699	1405
700	884
700	1280
700	1448
700	1465
701	1299
701	1459
702	1059
702	1126
703	855
703	913
703	1280
704	1184
705	1037
707	1493
708	780
708	1073
709	808
709	993
709	1204
710	1102
710	1228
710	1386
711	1344
711	1495
712	777
712	1173
713	991
713	1105
714	1196
714	1251
714	1361
714	1401
715	978
715	1110
716	1276
717	744
717	778
717	892
717	966
719	927
719	1116
719	1164
719	1226
719	1298
719	1345
719	1494
720	837
720	912
721	889
721	938
721	1115
721	1148
722	1079
723	898
724	1207
724	1250
725	758
725	1404
726	950
726	1113
726	1186
727	962
727	1166
727	1352
728	861
728	999
728	1306
728	1353
729	862
729	902
729	1481
731	738
731	796
732	765
733	1202
733	1221
733	1411
733	1453
734	1040
734	1188
734	1336
734	1415
735	947
735	1148
735	1201
735	1479
736	1361
737	1062
737	1119
737	1418
737	1421
737	1449
740	1348
740	1422
741	782
741	871
741	1244
741	1361
742	1175
743	809
743	1075
743	1142
743	1262
743	1266
744	1089
744	1445
747	996
747	1002
748	822
748	880
748	1073
749	868
749	972
749	1039
749	1428
750	1152
750	1477
751	927
751	1080
751	1285
752	948
752	994
752	1094
752	1223
752	1240
753	906
753	1465
754	807
754	872
754	1012
754	1220
755	991
756	1378
756	1438
757	1048
758	1079
758	1125
760	1014
761	900
761	1303
761	1484
763	1134
763	1459
764	966
765	1179
765	1221
765	1474
765	1487
766	795
766	959
766	1120
767	1312
767	1478
768	822
768	1390
769	880
769	1002
769	1077
771	968
771	1144
771	1468
771	1496
772	1200
772	1220
772	1404
773	887
773	1187
773	1204
774	1239
775	823
775	1374
776	1016
776	1349
776	1404
777	1283
777	1314
778	819
778	889
779	1128
779	1289
779	1333
780	795
780	1413
781	1462
782	929
782	1457
783	845
783	950
783	989
783	1270
784	1335
785	1431
787	1195
787	1314
787	1433
791	1297
791	1472
792	870
792	888
792	955
793	1234
793	1497
794	871
794	1039
794	1312
794	1411
795	947
796	853
796	862
796	1114
797	892
797	1116
798	1021
798	1100
799	843
799	1052
799	1227
799	1345
800	1131
800	1316
800	1363
802	1132
803	911
803	1078
803	1149
803	1290
803	1341
803	1371
804	982
804	1022
806	807
806	831
806	905
806	1153
806	1351
807	1125
807	1317
808	1112
808	1319
809	1282
810	812
810	852
810	1235
811	1261
812	823
812	1278
812	1492
814	1037
814	1147
816	1034
816	1262
816	1431
817	1040
817	1194
817	1253
818	992
818	1340
819	944
819	1109
819	1282
819	1317
821	846
821	916
821	1322
822	1351
822	1422
823	1425
823	1487
824	978
824	1239
824	1293
824	1310
824	1448
825	907
825	937
825	1420
826	1306
827	1149
827	1162
827	1208
828	878
828	1114
829	969
829	1023
831	990
831	1173
831	1219
834	1304
835	1007
835	1070
836	1150
837	886
837	1332
838	1064
838	1212
838	1372
838	1426
839	909
839	1184
839	1292
840	901
841	1220
842	1119
844	891
844	1296
844	1369
845	960
846	970
846	1156
847	1145
848	921
850	1023
850	1364
850	1439
851	924
851	1395
852	1055
852	1111
852	1257
853	1106
853	1162
853	1321
854	956
854	1023
855	887
855	1153
855	1231
855	1310
855	1391
856	1163
857	936
857	1070
857	1110
857	1247
858	1351
859	1223
860	1308
860	1393
861	1382
863	1229
863	1248
863	1305
865	1326
866	898
866	962
866	1022
867	1273
867	1292
867	1488
868	1081
869	942
872	994
873	940
873	1003
873	1235
873	1487
874	902
874	1253
874	1254
874	1395
874	1461
875	1318
877	1095
877	1119
878	1249
879	945
879	974
879	1011
879	1096
879	1211
880	1034
880	1170
880	1301
880	1485
881	1015
882	1048
882	1091
883	1154
885	1342
885	1440
886	1195
886	1209
887	1208
887	1238
889	1414
890	1003
891	934
891	1061
891	1110
892	1380
896	957
896	1031
896	1361
896	1404
897	1025
897	1047
898	1381
899	1487
900	990
900	1160
901	1078
901	1109
901	1125
901	1423
904	1172
904	1401
905	1138
907	1181
907	1269
907	1442
908	969
908	1350
908	1362
909	997
909	1178
909	1224
909	1302
909	1436
909	1460
910	1107
910	1189
910	1193
911	1251
911	1361
912	1074
912	1453
915	1169
915	1446
916	1452
916	1477
917	1255
918	1345
920	1121
920	1194
920	1381
920	1439
922	931
923	1036
923	1163
923	1312
926	1049
927	1476
928	1309
929	1003
929	1029
929	1252
930	1222
932	1234
933	977
933	1046
934	1108
935	1379
936	1375
937	1268
938	1320
939	1359
940	961
940	1329
940	1415
940	1434
941	954
941	1099
941	1172
941	1203
942	1141
945	1357
946	1096
946	1250
946	1396
947	1197
948	1409
949	1429
950	1024
950	1127
951	1423
952	1389
953	1051
953	1198
953	1428
954	1097
956	1060
957	1410
959	1225
960	1236
961	1321
962	1017
962	1325
963	1117
963	1355
963	1396
966	1016
966	1211
969	1388
972	1327
973	1150
973	1365
974	1245
974	1327
975	1228
976	1442
977	1297
979	1057
979	1091
979	1226
980	1122
980	1339
982	1067
983	1441
984	1190
985	1050
986	1374
987	1402
988	1138
989	1328
990	1057
990	1089
990	1242
990	1456
991	1308
992	1309
993	1213
994	1036
995	1437
996	1387
997	1343
998	1410
998	1464
998	1490
1000	1437
1000	1448
1001	1067
1001	1438
1003	1105
1004	1174
1004	1220
1006	1332
1008	1250
1010	1208
1011	1018
1011	1257
1011	1269
1013	1374
1015	1171
1016	1226
1017	1416
1019	1231
1019	1358
1019	1392
1020	1405
1022	1063
1023	1073
1023	1141
1023	1440
1024	1140
1024	1396
1026	1274
1026	1279
1026	1496
1029	1461
1030	1285
1031	1206
1032	1162
1032	1178
1032	1255
1032	1302
1033	1060
1033	1099
1033	1406
1034	1063
1034	1405
1034	1413
1037	1140
1037	1439
1038	1446
1039	1159
1043	1149
1043	1407
1045	1433
1046	1156
1046	1349
1047	1181
1050	1102
1050	1438
1052	1335
1052	1469
1053	1433
1053	1498
1055	1165
1055	1267
1055	1315
1056	1278
1056	1319
1057	1201
1057	1495
1058	1414
1058	1434
1059	1246
1060	1082
1060	1130
1060	1153
1062	1302
1062	1424
1063	1210
1063	1389
1064	1321
1065	1455
1066	1096
1067	1433
1069	1080
1069	1183
1070	1442
1070	1465
1071	1428
1071	1442
1072	1450
1073	1499
1075	1482
1078	1318
1079	1084
1079	1324
1081	1196
1081	1336
1082	1101
1083	1477
1084	1484
1085	1243
1086	1257
1087	1107
1087	1190
1087	1310
1087	1423
1088	1133
1088	1405
1090	1235
1090	1446
1090	1472
1091	1111
1091	1153
1092	1396
1093	1297
1095	1325
1095	1410
1098	1113
1098	1215
1098	1321
1099	1207
1099	1245
1100	1234
1103	1153
1104	1204
1104	1289
1106	1473
1106	1493
1108	1203
1109	1328
1111	1274
1111	1480
1112	1131
1112	1231
1112	1411
1112	1427
1115	1156
1116	1174
1116	1353
1116	1367
1117	1283
1117	1387
1117	1470
1118	1247
1118	1371
1118	1434
1119	1121
1120	1338
1122	1162
1122	1468
1123	1434
1125	1132
1125	1177
1125	1206
1128	1433
1131	1205
1131	1236
1132	1246
1132	1358
1132	1420
1134	1323
1134	1391
1134	1429
1136	1422
1137	1178
1138	1252
1138	1364
1139	1281
1140	1188
1141	1183
1141	1233
1141	1258
1142	1277
1142	1452
1142	1458
1143	1288
1143	1365
1144	1276
1146	1226
1148	1180
1148	1340
1148	1358
1150	1301
1151	1296
1152	1413
1153	1274
1153	1489
1154	1329
1155	1469
1156	1172
1156	1427
1156	1469
1158	1347
1158	1354
1159	1479
1162	1432
1163	1372
1164	1329
1164	1455
1165	1408
1166	1474
1167	1461
1168	1327
1169	1382
1170	1263
1171	1209
1171	1353
1171	1398
1172	1220
1173	1303
1173	1334
1175	1220
1175	1461
1176	1439
1177	1383
1177	1440
1178	1351
1179	1306
1180	1347
1182	1452
1183	1323
1185	1261
1186	1353
1188	1254
1189	1196
1190	1214
1195	1465
1196	1356
1198	1207
1198	1335
1199	1348
1203	1499
1204	1294
1206	1360
1209	1425
1212	1219
1212	1285
1212	1317
1214	1472
1216	1482
1223	1292
1224	1490
1225	1418
1226	1414
1228	1377
1229	1361
1229	1415
1229	1478
1235	1245
1235	1246
1235	1255
1235	1272
1235	1365
1235	1416
1238	1286
1238	1498
1244	1315
1246	1394
1247	1481
1249	1428
1250	1302
1250	1328
1251	1295
1252	1322
1253	1480
1254	1451
1257	1304
1258	1405
1262	1316
1262	1382
1263	1384
1267	1377
1270	1489
1271	1318
1274	1484
1275	1437
1276	1484
1277	1441
1278	1410
1279	1400
1279	1451
1282	1354
1283	1491
1284	1342
1284	1412
1287	1317
1287	1427
1287	1432
1289	1395
1290	1312
1290	1417
1291	1322
1298	1374
1299	1406
1302	1378
1303	1328
1303	1331
1305	1416
1306	1346
1306	1436
1309	1488
1310	1375
1311	1399
1314	1407
1316	1412
1317	1440
1318	1406
1318	1430
1318	1487
1329	1405
1331	1451
1337	1469
1340	1458
1340	1474
1341	1439
1342	1443
1343	1467
1345	1422
1345	1459
1345	1494
1346	1432
1347	1373
1357	1391
1359	1450
1360	1391
1366	1475
1379	1495
1383	1406
1387	1480
1396	1433
1396	1437
1400	1453
1401	1420
1407	1410
1427	1468
1429	1452
1435	1480
1456	1485
1475	1478
1480	1489
1487	1491