0	752
0	924
0	1013
0	1534
0	1745
1	939
1	1148
1	1545
1	1739
1	1789
2	105
2	184
2	438
2	1044
2	1275
2	1605
3	352
3	616
3	1638
3	1711
4	440
4	777
4	1521
5	222
5	515
5	582
5	893
5	1342
5	1822
5	1944
6	372
6	1019
6	1085
6	1498
6	1534
6	1642
6	1929
7	166
7	1326
7	1972
8	70
8	640
8	687
8	712
8	1074
9	453
9	974
10	573
10	741
10	1938
11	449
11	1344
11	1495
12	1433
12	1574
12	1736
13	488
13	1344
13	1699
13	1801
14	886
14	1349
14	1712
15	486
15	677
15	899
15	927
15	1091
15	1947
16	693
16	1059
16	1560
17	1210
17	1657
17	1757
18	271
18	585
18	603
18	1439
18	1570
19	1167
19	1443
19	1973
20	735
20	847
20	1692
20	1743
20	1950
21	480
22	43
22	257
22	452
22	603
22	804
22	1006
22	1095
22	1506
22	1619
23	162
23	383
23	437
23	1785
23	1795
23	1916
24	67
24	378
24	1757
24	1770
25	124
25	360
25	1549
25	1681
25	1783
26	1921
27	212
27	1109
28	1144
28	1146
28	1453
29	757
29	1616
29	1787
29	1890
30	139
30	370
30	488
30	1125
30	1208
30	1310
31	36
31	513
32	282
32	1509
32	1810
33	291
33	1101
33	1369
33	1530
33	1713
34	725
34	1034
34	1393
34	1437
34	1473
35	222
35	1046
35	1474
35	1797
35	1952
36	78
36	121
36	469
36	620
36	948
36	1416
37	889
37	1614
37	1924
38	52
38	591
38	966
38	1304
38	1455
39	447
39	711
39	879
39	910
39	1065
39	1222
39	1614
40	69
40	1203
40	1438
40	1821
41	84
41	1164
41	1225
42	43
42	116
42	1300
42	1375
43	129
43	714
43	1801
44	63
44	125
44	646
45	249
45	406
45	1229
45	1520
45	1649
46	183
46	449
46	909
46	988
46	1115
46	1392
46	1741
47	957
47	1412
48	579
48	1007
48	1303
48	1478
48	1695
48	1879
49	169
49	379
49	895
50	671
50	796
51	598
51	886
51	1278
51	1366
51	1379
52	166
52	191
52	939
52	1452
52	1906
53	464
53	657
53	1122
53	1169
53	1274
54	139
54	1115
54	1120
54	1394
55	198
55	1458
55	1552
55	1708
56	902
56	1035
56	1226
56	1647
56	1825
57	427
57	555
57	1087
57	1166
57	1730
57	1905
58	209
58	542
58	557
58	811
58	989
58	1002
58	1253
58	1571
58	1930
58	1946
59	71
60	1962
61	288
61	451
61	473
61	843
61	1156
61	1585
61	1959
62	711
62	819
62	1759
63	442
63	463
63	635
63	1243
63	1247
63	1485
63	1529
63	1544
63	1743
63	1862
63	1895
64	437
64	1020
65	959
65	1695
66	801
66	1031
66	1036
67	667
67	1102
68	192
68	730
68	1247
68	1371
68	1626
68	1980
69	1928
70	171
70	467
70	526
70	1402
70	1915
71	267
71	537
71	595
71	679
71	1295
71	1323
72	322
72	879
72	1423
72	1430
72	1433
73	1237
73	1506
74	1679
74	1846
74	1871
75	769
75	875
76	558
76	785
76	1315
77	121
77	670
77	776
77	1295
77	1886
78	206
78	718
78	1774
79	335
79	822
79	1630
79	1679
80	253
80	754
81	1763
82	1075
82	1993
83	162
84	958
84	1228
84	1289
84	1420
85	281
85	337
85	1266
85	1521
85	1965
86	745
86	1415
87	124
87	265
87	547
87	792
87	1103
87	1427
87	1617
87	1714
87	1754
87	1857
88	1039
88	1111
88	1645
88	1679
89	283
89	445
89	628
89	659
89	720
89	934
89	1128
90	127
90	451
90	1070
90	1320
91	1840
92	166
92	1361
92	1426
92	1970
93	611
93	1128
93	1196
93	1401
93	1705
94	694
95	136
95	274
95	358
95	776
96	271
96	297
96	448
96	580
96	640
96	654
96	1155
96	1322
97	113
97	222
98	364
98	537
99	1746
99	1749
99	1849
99	1864
100	122
100	657
100	1135
100	1286
100	1786
100	1953
101	1429
101	1524
101	1718
102	407
102	548
102	808
102	833
102	870
103	234
103	1333
103	1676
104	470
104	910
104	1622
104	1641
105	928
105	1599
105	1614
106	819
107	165
107	281
107	1361
107	1651
108	369
108	1349
108	1526
108	1595
108	1904
109	608
109	1150
109	1291
109	1414
109	1625
109	1631
109	1795
109	1839
109	1995
110	147
110	468
110	513
110	635
110	788
110	905
110	1044
110	1996
111	815
111	863
112	253
113	262
113	276
113	1230
113	1427
113	1454
113	1732
113	1805
114	226
114	275
114	1474
114	1635
115	725
115	903
115	1244
116	187
116	417
116	1416
117	689
117	786
118	1296
119	1145
120	1214
120	1484
121	1140
121	1333
121	1522
122	155
122	466
122	714
122	783
122	930
122	1140
122	1636
122	1803
122	1943
123	667
123	1407
124	391
124	1084
124	1599
125	236
125	688
125	689
125	831
125	1012
126	1914
127	1062
127	1158
127	1531
128	665
128	713
128	1303
128	1567
128	1916
129	654
130	1029
130	1544
131	187
131	1748
132	1673
133	509
133	1407
133	1906
134	495
135	901
135	1032
135	1226
135	1432
135	1578
136	315
136	699
136	779
136	1144
136	1166
137	469
137	818
137	1325
137	1488
137	1569
138	480
138	512
138	603
138	1306
138	1684
139	247
139	332
139	726
139	1061
140	622
140	688
141	729
141	1274
141	1892
142	213
142	1993
143	251
143	808
143	860
143	990
144	803
144	1713
144	1761
145	341
145	681
145	805
145	1168
145	1330
146	811
147	1031
147	1721
148	216
148	830
148	1086
148	1255
148	1550
148	1903
148	1946
149	184
149	1721
150	665
150	1444
151	548
151	661
152	919
152	1063
152	1223
152	1360
152	1918
153	1988
154	1130
154	1310
154	1567
155	206
155	376
155	654
155	844
155	1114
155	1145
156	1241
157	461
157	489
157	672
157	1373
157	1538
158	177
158	480
158	1147
158	1640
158	1834
158	1848
158	1871
159	248
159	649
159	1576
159	1837
160	314
160	490
160	923
160	1389
160	1973
161	374
161	545
161	584
161	1452
161	1559
162	219
162	683
162	1384
162	1436
162	1700
162	1796
163	541
163	652
163	1084
163	1096
163	1432
164	793
164	1131
164	1636
164	1669
164	1828
165	1205
165	1587
165	1666
166	342
166	937
166	1008
167	284
167	888
167	1180
167	1209
167	1280
167	1418
167	1439
167	1638
167	1798
168	344
168	366
168	633
168	967
168	1352
169	399
169	1206
169	1265
169	1997
170	731
170	1035
170	1901
170	1982
171	228
171	400
171	598
171	698
171	1191
171	1389
171	1888
172	625
172	1460
172	1802
173	953
173	1210
173	1397
173	1468
173	1741
174	670
174	1055
174	1084
174	1134
174	1386
175	841
175	1454
176	1065
176	1161
177	191
177	637
177	1056
177	1488
177	1819
178	192
178	801
178	1583
179	475
179	1456
179	1580
180	777
180	999
180	1535
180	1648
180	1726
181	531
181	1531
181	1794
182	194
182	219
182	529
182	604
183	1110
183	1120
183	1133
183	1215
183	1322
183	1721
183	1747
184	338
184	995
184	1565
184	1719
184	1806
184	1813
185	1630
186	205
186	331
186	892
186	1984
186	1992
187	367
187	427
187	1121
187	1759
188	456
188	664
188	716
188	938
188	1355
188	1707
188	1818
189	461
189	1399
189	1628
190	1453
190	1646
191	467
191	725
191	1614
192	682
192	765
192	990
192	1441
193	382
193	691
193	1292
193	1570
193	1759
193	1857
194	339
194	1603
194	1619
194	1863
194	1894
195	626
195	1006
195	1029
195	1117
195	1236
195	1253
195	1604
195	1979
196	246
196	824
196	1631
196	1906
197	679
198	255
198	479
198	752
198	1038
198	1252
198	1499
198	1680
199	745
199	1294
199	1957
199	1970
200	311
200	1152
200	1652
200	1964
201	1784
201	1965
202	1208
202	1353
202	1490
203	1140
203	1816
204	542
204	724
204	875
204	1246
204	1910
205	479
205	726
205	921
206	464
206	1584
206	1808
206	1910
207	862
207	1102
207	1989
208	391
208	699
208	771
208	987
208	1045
209	231
209	1814
210	238
210	498
210	734
210	1276
210	1370
210	1765
210	1947
211	1204
211	1919
212	1545
212	1741
213	1618
213	1949
214	614
214	627
214	1069
214	1397
214	1736
214	1802
214	1905
215	468
215	570
215	1676
215	1926
215	1973
216	281
216	518
216	782
216	794
216	821
216	1094
216	1144
216	1622
216	1986
217	728
217	1161
217	1819
218	335
218	1103
218	1155
218	1374
218	1576
218	1937
219	1914
220	660
220	993
220	1067
220	1210
220	1879
221	646
221	739
221	1027
221	1726
222	368
222	903
222	1269
222	1399
222	1872
223	238
223	275
223	499
223	761
223	1594
223	1598
223	1893
224	671
224	919
224	1337
224	1453
224	1581
224	1823
225	1005
225	1030
225	1311
225	1921
226	480
226	1481
227	789
227	1141
227	1350
227	1441
228	1448
228	1846
229	433
229	799
229	805
229	1451
230	698
230	1611
231	272
231	396
231	479
231	1039
231	1158
231	1744
232	1504
232	1521
233	1540
233	1574
233	1615
233	1677
233	1688
234	235
234	300
234	552
234	822
234	949
234	995
235	253
235	729
235	1168
235	1453
236	1086
236	1345
236	1573
236	1938
237	307
237	896
237	1502
238	424
238	704
238	1305
239	274
239	1732
239	1795
240	1873
240	1912
241	636
241	1136
242	564
242	1929
243	595
243	856
243	1994
244	302
244	1857
245	271
245	387
245	709
245	766
245	928
245	1107
245	1908
246	781
247	668
247	1305
248	1566
248	1749
248	1790
249	748
249	1353
250	814
250	947
250	1629
251	265
251	505
251	1172
251	1466
252	435
252	888
252	913
253	404
253	1242
254	354
254	695
254	1471
254	1712
255	976
255	994
255	1559
255	1871
256	285
257	1523
258	1650
258	1733
259	1189
259	1852
260	559
260	674
260	725
260	1366
260	1534
260	1914
261	265
261	330
261	774
261	984
261	1552
261	1991
262	453
262	713
262	1999
263	1068
263	1706
263	1711
263	1959
264	352
264	1236
264	1450
264	1598
264	1974
265	1526
265	1627
265	1777
266	1071
266	1228
266	1578
266	1609
267	936
267	1626
268	967
268	1554
268	1621
269	376
269	476
269	657
269	1233
270	546
270	1021
270	1259
270	1365
270	1608
270	1843
270	1911
272	1707
273	1048
273	1552
273	1856
274	466
275	811
275	900
275	1561
276	463
276	849
276	1422
276	1620
276	1882
277	535
277	1085
278	660
278	854
278	927
278	1259
278	1535
279	739
279	742
279	1064
279	1165
279	1266
279	1376
279	1663
279	1697
279	1727
279	1739
279	1962
280	1018
280	1044
280	1703
281	342
281	1213
282	720
282	1046
282	1237
282	1560
282	1787
283	1019
283	1034
283	1655
283	1914
284	479
284	1725
285	361
285	557
285	911
285	1900
286	682
286	701
286	1037
287	534
287	1653
287	1985
288	1018
288	1188
288	1436
288	1553
289	587
289	754
289	1102
289	1788
290	357
290	705
290	981
290	1129
290	1679
291	359
291	425
291	862
291	901
291	1664
292	482
292	500
292	1088
293	326
293	437
293	873
293	878
293	898
293	935
293	1056
293	1809
293	1890
293	1974
294	340
294	562
294	1746
294	1911
295	730
295	1214
295	1570
296	934
296	1046
296	1686
297	923
297	1869
298	737
298	1219
298	1252
298	1510
299	378
299	1321
300	1488
300	1747
301	311
301	993
301	1192
301	1952
301	1967
302	619
302	1187
303	1457
304	374
304	391
304	861
304	1442
304	1771
305	853
305	1142
306	867
306	1093
306	1549
306	1581
306	1606
307	309
307	728
307	830
307	1984
308	980
308	1359
309	1314
309	1438
309	1497
309	1654
309	1830
310	575
310	815
310	1014
310	1893
311	315
311	900
311	1399
311	1492
311	1786
312	713
312	856
312	1092
313	567
313	1676
314	516
315	381
315	1396
316	1397
316	1546
316	1708
316	1912
317	395
317	592
317	1108
317	1357
317	1643
317	1834
318	1001
318	1601
319	1103
319	1186
319	1281
319	1412
319	1983
320	629
320	1497
320	1571
320	1640
320	1905
320	1974
321	800
321	1505
322	621
322	713
322	1172
322	1312
323	785
323	857
323	1150
323	1579
323	1786
324	345
324	1512
325	374
325	847
326	402
327	1435
328	902
328	991
329	783
330	1709
330	1847
330	1975
331	664
331	731
331	775
331	801
332	533
332	1307
332	1384
333	765
333	1121
333	1393
334	1928
335	1377
335	1558
335	1612
336	985
336	1319
337	747
337	1245
337	1447
337	1495
337	1692
337	1997
338	644
338	1336
339	710
339	1145
339	1288
339	1316
339	1645
340	521
340	725
340	1282
341	725
341	801
341	1347
342	702
342	901
342	1331
343	557
343	1070
343	1095
343	1239
344	419
344	425
344	1111
344	1129
344	1149
344	1182
345	954
345	1277
345	1490
345	1608
345	1963
346	424
346	1076
346	1815
346	1824
346	1949
347	574
347	654
347	1223
347	1385
347	1786
348	795
348	918
348	952
349	387
350	415
350	627
350	1550
350	1677
351	529
351	602
351	956
351	992
351	1534
352	354
352	717
352	997
352	1295
352	1876
353	612
353	1039
353	1596
353	1864
353	1914
353	1919
354	1135
354	1235
354	1614
355	914
355	1036
355	1583
356	517
356	666
356	1946
357	630
357	1188
357	1202
357	1207
357	1490
357	1822
357	1849
358	774
358	1007
358	1476
359	784
359	1808
360	380
360	1204
360	1414
361	614
361	677
361	1167
361	1507
361	1638
361	1678
361	1932
361	1983
362	732
362	837
362	1281
362	1569
363	411
363	742
363	1004
364	945
365	709
365	743
365	1033
366	411
366	608
366	665
366	1338
367	1359
367	1437
367	1470
367	1728
367	1982
368	812
368	1044
368	1272
369	438
369	777
369	1906
370	433
370	451
370	461
370	1209
371	1012
371	1060
372	830
372	882
372	1567
372	1682
372	1968
373	1104
375	553
376	390
376	669
376	1580
376	1715
377	693
378	1191
379	463
379	704
379	1547
379	1588
379	1866
379	1881
379	1924
379	1969
380	1227
380	1239
380	1990
381	419
381	1824
382	496
382	1129
382	1337
383	614
383	728
383	1442
384	411
384	611
384	939
384	1264
384	1353
384	1530
385	685
385	1099
385	1662
386	455
386	509
386	556
387	616
387	899
388	468
388	1592
388	1745
388	1775
389	538
389	658
389	1192
389	1312
389	1450
389	1835
389	1922
390	809
391	442
391	1043
391	1128
391	1263
392	399
392	757
392	1415
392	1871
393	521
393	807
393	942
393	1156
393	1389
394	460
394	1099
394	1297
394	1324
395	474
395	950
395	1711
395	1727
396	636
396	1287
396	1450
396	1656
397	726
397	827
397	1138
397	1686
397	1725
397	1811
398	785
398	808
398	1349
399	504
399	826
399	1240
400	429
400	1130
400	1208
401	561
401	898
401	1419
401	1425
401	1579
401	1740
402	973
402	1007
402	1425
403	755
404	1074
404	1241
404	1264
404	1866
405	690
405	1371
405	1419
405	1526
405	1904
405	1997
406	1019
406	1299
406	1786
406	1900
407	793
407	1131
407	1547
408	537
408	1516
408	1885
409	601
409	623
409	659
409	967
409	1445
409	1654
410	1117
410	1491
410	1676
411	1609
411	1648
411	1729
412	645
412	1154
412	1312
412	1856
413	528
413	705
413	720
413	1123
413	1440
414	1658
415	605
415	607
415	791
415	925
415	1245
415	1875
416	920
416	1730
416	1858
417	621
417	877
417	1725
418	447
418	1106
418	1206
419	806
419	1037
419	1774
419	1994
420	1233
421	479
421	522
421	1001
421	1724
421	1988
422	623
422	1141
423	762
423	1102
423	1236
423	1555
423	1744
423	1749
424	901
424	951
424	1967
425	1321
425	1442
426	1345
426	1943
427	1281
427	1577
428	975
429	1097
429	1262
429	1580
430	456
430	1475
430	1518
430	1584
431	759
431	782
432	460
432	1077
432	1191
432	1915
433	1196
433	1236
433	1438
433	1855
434	590
434	1366
434	1751
435	1072
435	1383
436	1176
438	590
438	618
438	655
438	1179
438	1556
439	631
439	692
439	919
439	1066
439	1764
440	1031
440	1081
441	869
441	908
441	1292
441	1379
441	1659
441	1739
441	1835
441	1949
442	623
442	1741
443	1912
443	1928
444	935
444	1008
444	1011
444	1116
444	1645
445	917
445	1287
446	600
446	1015
446	1698
446	1766
446	1935
446	1979
447	753
447	1095
447	1297
447	1998
448	834
448	1195
449	593
449	909
449	926
449	978
450	1381
450	1412
450	1501
450	1527
451	634
451	1005
451	1988
452	742
452	1380
452	1697
453	1256
453	1530
454	658
454	1703
455	1046
456	888
456	1138
456	1240
456	1885
457	948
457	1499
457	1620
457	1783
457	1786
458	495
458	1542
458	1593
458	1826
459	664
459	1410
459	1680
459	1696
459	1725
460	1159
461	761
461	1012
461	1890
462	687
462	1285
462	1423
462	1646
462	1758
463	723
463	785
463	1298
463	1370
463	1595
463	1646
463	1647
463	1778
464	928
464	1157
465	620
466	926
466	1449
467	639
467	912
467	929
467	1743
468	527
468	771
468	1853
468	1876
468	1892
469	810
469	1079
469	1113
470	1174
470	1322
471	1555
471	1616
472	1798
472	1907
473	1027
473	1819
474	1363
474	1420
475	777
475	796
475	878
475	1307
475	1644
476	1702
477	954
477	967
477	979
477	1128
477	1204
477	1446
477	1903
478	605
478	1004
478	1044
478	1911
478	1995
479	962
480	528
480	1232
480	1671
480	1685
480	1929
480	1982
481	522
481	526
481	644
481	828
481	834
481	846
481	914
481	1261
482	1456
482	1579
483	969
483	1312
483	1513
483	1581
483	1608
484	911
484	1057
484	1322
484	1851
485	505
485	833
485	1178
485	1272
485	1721
486	805
486	981
486	1032
487	533
487	1985
488	1909
488	1940
489	949
489	958
489	1058
489	1570
489	1588
490	914
491	534
491	901
491	979
491	1808
492	965
492	1130
492	1174
492	1551
492	1655
492	1850
492	1865
492	1937
493	500
493	1703
493	1742
494	683
494	1538
494	1891
495	784
495	1162
495	1513
495	1578
495	1798
496	1459
497	917
497	1425
497	1988
498	1176
498	1685
499	608
499	787
499	1750
501	742
501	1014
501	1372
502	946
502	1021
502	1683
503	598
503	603
503	755
503	981
503	1281
503	1397
503	1430
503	1791
504	976
504	1530
505	1390
505	1749
506	647
506	1293
506	1507
506	1971
507	713
507	1281
508	705
509	572
509	719
509	776
509	812
510	1534
510	1599
511	902
511	981
511	1759
511	1799
512	829
512	1516
513	934
513	952
514	526
514	1123
514	1473
514	1786
514	1939
514	1970
515	727
515	935
515	945
515	1001
515	1342
515	1494
515	1777
515	1790
516	687
516	989
516	1610
516	1749
516	1877
518	887
518	1224
518	1488
518	1937
519	563
519	1877
520	601
520	884
520	912
520	923
520	1866
521	836
521	908
522	850
522	1561
522	1714
523	747
523	1273
523	1369
524	659
525	695
525	1934
526	1689
526	1917
529	782
529	1182
529	1290
529	1357
529	1560
529	1748
530	911
530	1070
530	1580
530	1838
531	793
531	1393
531	1675
532	601
532	1036
532	1048
532	1129
532	1161
532	1619
532	1655
533	552
533	756
533	880
533	1524
534	1318
534	1406
534	1407
534	1614
534	1883
535	1637
535	1783
535	1896
536	657
536	996
536	1675
536	1742
537	1336
537	1445
537	1534
538	890
539	1373
540	901
540	1741
541	566
541	819
541	1759
541	1841
542	1229
543	1231
544	1328
544	1742
544	1963
545	1280
546	912
546	1856
547	855
547	1067
547	1921
548	593
548	909
549	867
549	1521
550	737
550	901
550	1492
550	1660
551	584
551	1278
551	1414
552	712
552	1446
552	1773
553	650
553	675
553	712
553	831
553	1132
553	1411
554	597
554	737
554	1078
554	1520
554	1525
554	1702
554	1895
555	1384
557	924
557	1564
557	1844
558	629
558	645
558	651
558	758
558	1137
558	1450
558	1542
558	1797
559	569
559	809
559	1177
559	1520
559	1891
559	1892
560	927
560	1158
560	1248
560	1295
560	1323
560	1787
561	1116
561	1136
561	1148
561	1720
561	1912
562	1010
563	601
563	1364
563	1377
564	1046
564	1152
564	1447
564	1652
564	1727
564	1884
565	1112
566	1769
567	1140
568	1483
568	1529
568	1780
568	1986
569	1940
570	669
570	774
570	906
570	1908
571	1380
571	1776
571	1934
571	1964
572	863
572	1064
572	1521
572	1624
573	928
573	970
573	1120
574	615
574	632
574	647
574	1018
574	1346
574	1601
574	1603
575	1198
576	621
576	1381
577	1031
577	1200
577	1711
577	1946
578	667
578	1044
578	1175
578	1959
579	584
579	604
579	1525
581	1101
581	1164
581	1739
582	1089
582	1783
582	1868
583	779
583	855
583	1013
583	1402
584	726
584	1579
585	868
585	1914
586	1186
586	1431
586	1588
586	1957
586	1959
587	639
587	1330
588	1599
589	1388
590	595
590	803
591	833
591	926
591	996
591	1174
591	1254
591	1884
591	1895
592	856
592	1032
593	1020
593	1301
593	1713
594	765
595	625
595	793
596	802
598	828
598	1306
599	1235
599	1270
599	1476
600	804
600	1003
601	764
601	1446
602	1003
602	1108
602	1253
603	1065
603	1363
604	1769
604	1815
605	1268
605	1374
605	1469
605	1770
606	1334
606	1986
607	1299
608	739
608	945
608	1245
608	1352
608	1454
609	711
609	821
609	1978
610	1465
611	698
611	842
611	1164
611	1655
612	770
612	904
612	1218
612	1415
613	1038
613	1919
614	954
614	1424
614	1969
615	712
616	668
616	743
616	849
616	1507
616	1537
616	1798
617	703
617	892
617	949
617	1180
617	1297
617	1580
618	1178
618	1303
618	1646
619	1652
620	1221
620	1657
620	1936
621	757
621	818
621	1073
623	990
623	1003
623	1411
623	1918
624	835
624	1128
624	1175
625	748
625	770
625	898
625	1691
626	728
626	1001
626	1805
627	1057
627	1442
627	1452
628	971
628	1859
629	1093
629	1244
629	1521
629	1995
630	1334
630	1627
631	663
631	823
631	1615
632	700
632	1463
632	1858
633	973
634	775
635	1690
635	1971
636	1727
636	1794
636	1942
637	856
637	1990
638	1498
638	1535
638	1979
639	884
639	1305
639	1336
639	1805
640	660
640	1206
640	1947
641	1493
642	664
642	1800
642	1985
643	961
643	1228
643	1646
644	913
644	1299
644	1377
644	1462
645	695
645	971
645	1430
645	1624
646	1870
647	1229
647	1963
648	863
648	1609
649	967
649	1145
649	1288
649	1393
650	843
651	1334
651	1920
651	1934
652	1012
652	1416
653	993
653	1192
653	1681
654	1865
655	983
655	1521
655	1762
655	1844
656	1148
656	1318
656	1332
656	1831
656	1956
658	1062
658	1475
658	1524
658	1906
659	905
659	1506
659	1996
660	710
660	1800
661	1298
661	1377
661	1901
662	1120
663	856
663	1295
664	1051
664	1740
665	896
665	1159
666	990
666	1190
667	803
667	1538
668	916
668	1232
668	1262
668	1383
668	1676
668	1699
669	1087
669	1100
669	1102
669	1136
669	1956
670	814
670	1285
671	854
671	1120
671	1458
673	976
673	992
673	1836
673	1911
674	1235
675	1878
676	936
676	1508
677	1511
678	1937
679	934
680	1421
681	887
682	1461
683	926
683	1754
684	714
684	1331
684	1460
684	1999
685	1177
685	1681
686	789
686	1155
686	1759
687	974
687	1707
687	1934
688	1295
688	1595
689	1533
690	1567
691	897
691	1116
691	1506
691	1636
691	1878
692	1721
692	1937
693	1533
693	1632
694	998
694	1055
694	1940
695	1031
695	1725
695	1963
696	1527
697	1621
698	1038
698	1171
698	1375
698	1436
698	1445
698	1572
698	1775
698	1994
699	1289
699	1303
699	1404
699	1636
701	1410
701	1888
702	926
702	1210
702	1423
702	1470
703	1154
703	1784
703	1985
704	915
704	946
704	1005
704	1093
704	1222
704	1230
704	1375
704	1629
705	1344
705	1880
706	1813
707	1346
707	1804
707	1908
708	1385
708	1797
710	1053
710	1081
710	1156
711	1058
711	1460
712	838
712	1992
713	1109
714	1159
714	1278
715	805
716	854
716	1083
716	1762
717	863
717	1289
717	1916
718	1298
718	1304
719	1091
719	1294
720	1068
721	1000
721	1356
721	1476
721	1877
722	771
722	1367
722	1992
723	735
723	1114
723	1785
724	881
724	1318
724	1361
724	1711
724	1990
725	997
725	1094
725	1345
725	1735
726	1351
726	1514
726	1822
726	1884
727	1023
727	1698
728	776
728	858
728	971
728	1127
729	1035
729	1660
729	1673
730	1319
731	1125
731	1759
731	1957
731	1995
731	1999
732	1282
733	750
733	811
733	1196
733	1690
734	1395
734	1587
735	1170
735	1334
735	1498
735	1826
736	1789
737	1383
737	1471
737	1526
738	1125
738	1528
738	1816
739	1124
739	1343
739	1774
740	777
740	1287
741	1142
741	1483
741	1726
742	1232
742	1325
742	1562
742	1852
743	1599
744	1267
744	1287
744	1756
744	1802
744	1839
744	1892
745	998
746	1286
746	1420
747	781
747	938
747	1048
747	1226
747	1703
749	1501
750	1381
750	1491
750	1953
751	1854
752	1213
752	1899
754	968
754	1433
755	900
755	911
755	1136
755	1346
755	1432
755	1704
756	927
756	1174
756	1621
757	821
757	1386
757	1697
758	884
759	1363
759	1663
760	960
760	1141
760	1267
760	1707
760	1959
760	1992
761	1316
761	1462
761	1602
761	1898
761	1919
762	1108
762	1451
763	969
763	1032
763	1238
763	1292
763	1508
763	1567
764	1493
764	1972
765	995
765	1194
765	1314
765	1400
766	1609
767	989
767	1222
767	1276
767	1278
768	1374
768	1651
768	1704
769	1025
769	1369
769	1637
769	1884
770	1021
770	1371
770	1898
771	938
771	1013
771	1033
771	1170
771	1209
771	1607
771	1666
772	956
773	829
773	1101
773	1769
774	1471
775	1194
775	1234
776	941
776	1445
778	1448
778	1901
778	1926
779	956
779	1286
779	1783
779	1929
780	1289
780	1367
780	1797
780	1984
781	808
781	1543
782	1731
784	818
784	858
784	1078
784	1383
785	812
785	875
785	987
786	1467
786	1519
786	1569
786	1862
787	1549
787	1867
788	887
789	1601
789	1802
789	1852
789	1967
790	1331
791	1482
792	1009
792	1448
793	1411
793	1533
793	1669
793	1859
794	861
794	1612
796	937
796	950
796	1200
797	990
797	1802
798	1662
798	1907
799	1040
799	1124
799	1332
799	1649
799	1749
800	953
800	987
800	1559
800	1907
801	885
801	994
801	1917
802	899
802	1025
802	1562
803	1005
803	1956
804	1510
804	1582
804	1642
804	1798
805	857
805	879
806	1254
807	875
807	1196
807	1616
807	1777
807	1855
807	1965
808	1746
809	822
809	854
809	947
809	1016
809	1602
809	1775
809	1846
809	1897
810	1038
810	1126
810	1201
810	1436
812	1109
812	1471
812	1711
813	1790
814	977
814	999
814	1185
815	1771
815	1859
816	1756
817	881
817	1161
818	1362
819	1360
819	1460
820	1148
820	1711
821	1146
822	1057
822	1718
822	1765
823	1067
824	970
824	975
825	1339
825	1892
826	1968
827	1199
827	1240
828	996
828	1782
829	845
829	1275
829	1712
830	1188
830	1819
831	1387
831	1425
831	1743
831	1906
832	926
833	850
833	1944
833	1971
835	1390
835	1593
835	1688
836	895
836	1916
836	1950
837	1308
838	1229
838	1324
838	1405
839	852
839	1336
840	935
840	984
840	1357
840	1418
840	1656
841	1255
841	1611
842	1054
842	1743
843	1408
844	916
844	956
844	1031
844	1078
844	1369
844	1746
845	1045
845	1171
846	1271
847	1150
848	1177
849	1773
850	1077
850	1289
850	1656
851	1363
852	1341
853	857
853	1223
853	1891
854	1085
854	1094
855	903
855	1424
855	1849
855	1858
855	1942
855	1963
855	1984
857	1413
857	1533
857	1717
859	1191
859	1333
859	1379
859	1937
860	1357
860	1808
860	1942
861	1254
862	927
862	1362
863	868
863	1141
863	1424
863	1654
864	955
865	1045
865	1123
866	1414
866	1456
866	1531
866	1721
868	986
868	1166
868	1296
868	1299
868	1692
869	1159
869	1181
869	1747
870	873
870	907
871	1536
872	1533
872	1724
873	1587
873	1831
874	1014
874	1273
874	1845
875	1201
875	1656
876	1193
876	1693
877	1192
877	1264
878	1295
878	1664
878	1935
878	1945
879	1038
879	1282
879	1806
880	1173
881	1147
881	1653
882	950
882	1084
882	1531
882	1659
883	1650
884	1568
884	1601
884	1758
884	1939
885	1330
885	1381
886	1012
886	1066
886	1345
886	1729
887	1284
887	1308
887	1322
887	1911
888	896
888	1078
888	1386
888	1767
888	1923
889	1099
889	1271
889	1939
889	1994
890	924
890	1841
891	1578
893	1232
893	1554
893	1700
894	1186
894	1218
894	1407
894	1482
894	1752
894	1951
895	1143
895	1247
895	1423
895	1515
895	1731
895	1956
896	1416
897	1846
897	1902
899	934
899	1044
899	1625
899	1645
899	1742
900	1055
901	1921
902	1381
902	1547
903	1386
903	1420
903	1523
904	1209
905	943
905	1183
905	1328
905	1813
906	987
906	1073
906	1103
906	1399
906	1695
907	1044
907	1442
907	1545
907	1569
907	1756
908	1140
908	1884
908	1913
909	1245
909	1495
909	1590
909	1664
910	1059
910	1183
911	1368
911	1414
911	1561
912	1230
912	1915
913	1115
913	1468
913	1705
914	973
914	1032
914	1077
914	1099
914	1350
914	1384
914	1450
914	1863
914	1917
915	1513
916	1107
916	1405
916	1639
916	1680
917	1676
918	1090
918	1492
918	1869
919	943
919	1136
920	976
920	1010
920	1378
920	1517
920	1636
921	1444
921	1551
922	1014
922	1164
922	1698
922	1983
922	1997
923	1515
924	1024
924	1529
925	1580
926	1466
926	1579
926	1658
926	1947
926	1953
927	1215
927	1358
927	1466
927	1961
928	1450
928	1575
928	1818
929	1715
929	1933
930	1149
930	1341
930	1771
930	1954
931	1195
931	1294
931	1379
931	1623
932	1566
933	1025
933	1127
934	1965
935	1657
936	1132
936	1545
938	1783
939	1021
940	1210
940	1545
941	1186
941	1190
941	1320
941	1388
942	967
942	1343
942	1642
942	1715
942	1770
943	1197
943	1781
943	1965
944	1794
944	1933
945	1009
945	1204
945	1266
945	1777
946	1029
947	1633
947	1644
948	1859
948	1875
949	1601
949	1763
950	1095
950	1165
950	1393
950	1460
952	1097
953	1364
953	1593
953	1683
953	1872
954	1770
954	1975
955	1015
955	1051
955	1082
955	1887
956	976
956	1475
956	1807
957	1050
957	1238
957	1660
958	1014
958	1203
958	1219
958	1819
958	1841
959	1009
959	1653
961	1532
961	1895
962	1235
962	1637
962	1688
962	1868
963	986
963	1756
964	1283
964	1567
964	1933
965	984
965	1660
966	1150
966	1531
966	1736
966	1793
966	1964
967	1150
967	1638
967	1959
968	1072
968	1320
968	1332
968	1524
969	1631
969	1935
970	1004
970	1393
970	1446
970	1728
970	1996
971	1460
972	1499
972	1620
972	1689
973	1344
973	1388
973	1707
974	1020
974	1360
974	1386
974	1817
974	1966
975	1550
975	1556
975	1686
976	1727
976	1799
977	1014
977	1481
977	1640
978	1391
978	1410
978	1723
979	1671
980	1039
980	1188
980	1203
980	1419
981	1667
982	1459
982	1808
983	993
983	1354
983	1962
984	1579
984	1664
984	1735
984	1897
985	1176
985	1375
986	1145
986	1216
986	1254
986	1314
986	1323
986	1391
986	1833
987	1280
987	1739
987	1767
989	1576
990	1089
990	1409
990	1805
990	1927
991	1834
992	1529
992	1905
993	1221
993	1284
993	1411
994	1082
994	1244
994	1381
994	1594
994	1653
995	1014
995	1121
995	1193
996	1243
997	1355
997	1552
997	1854
998	1400
999	1570
1000	1840
1001	1421
1002	1517
1002	1647
1003	1154
1003	1949
1004	1671
1005	1121
1006	1639
1006	1709
1006	1893
1007	1284
1007	1626
1007	1661
1007	1846
1008	1884
1009	1366
1009	1412
1009	1772
1009	1939
1010	1150
1011	1024
1011	1298
1012	1307
1013	1015
1013	1072
1013	1324
1013	1380
1013	1575
1014	1131
1015	1534
1015	1589
1015	1671
1017	1211
1019	1245
1019	1470
1020	1204
1020	1233
1020	1396
1020	1415
1020	1535
1021	1083
1021	1898
1022	1415
1023	1448
1023	1886
1024	1266
1024	1272
1024	1559
1025	1106
1026	1526
1026	1948
1027	1580
1028	1150
1028	1205
1028	1333
1028	1394
1028	1989
1029	1128
1032	1467
1032	1515
1032	1982
1033	1313
1033	1452
1033	1695
1033	1996
1034	1248
1034	1853
1034	1899
1035	1516
1035	1753
1036	1114
1036	1536
1037	1040
1037	1385
1038	1421
1038	1454
1038	1705
1039	1311
1039	1809
1040	1751
1041	1083
1041	1478
1042	1300
1042	1595
1042	1781
1043	1379
1046	1338
1046	1575
1047	1400
1048	1426
1049	1198
1049	1369
1049	1750
1050	1694
1051	1593
1051	1889
1052	1958
1053	1133
1053	1436
1053	1682
1054	1943
1055	1260
1055	1987
1056	1490
1056	1710
1057	1141
1058	1396
1058	1793
1058	1920
1059	1847
1060	1211
1061	1112
1061	1701
1061	1713
1062	1320
1062	1702
1062	1790
1063	1951
1065	1594
1065	1890
1066	1647
1067	1163
1067	1383
1068	1184
1068	1221
1068	1493
1068	1734
1069	1326
1071	1357
1071	1529
1071	1663
1072	1153
1072	1498
1072	1627
1072	1956
1073	1492
1075	1515
1076	1086
1076	1659
1076	1890
1077	1279
1077	1756
1078	1785
1080	1579
1080	1818
1081	1101
1082	1800
1083	1622
1083	1925
1084	1086
1085	1783
1086	1645
1087	1411
1087	1459
1087	1720
1087	1765
1087	1828
1088	1220
1088	1475
1088	1588
1089	1408
1089	1671
1089	1770
1089	1948
1090	1769
1092	1142
1092	1198
1093	1562
1094	1139
1094	1265
1094	1389
1095	1647
1095	1972
1097	1193
1097	1352
1097	1465
1097	1976
1098	1887
1099	1308
1099	1345
1101	1412
1102	1549
1103	1380
1103	1401
1104	1260
1105	1772
1106	1663
1106	1754
1107	1421
1107	1704
1107	1733
1108	1222
1108	1416
1108	1467
1108	1499
1108	1532
1108	1809
1108	1933
1109	1638
1109	1899
1110	1459
1111	1537
1111	1821
1113	1700
1114	1517
1115	1310
1115	1555
1115	1616
1116	1396
1117	1153
1117	1260
1117	1730
1118	1320
1118	1443
1118	1534
1118	1710
1119	1891
1119	1939
1120	1657
1121	1157
1121	1379
1122	1263
1122	1483
1122	1737
1123	1161
1123	1448
1125	1757
1127	1484
1128	1439
1128	1585
1128	1637
1128	1954
1129	1476
1129	1542
1129	1543
1130	1252
1130	1705
1132	1865
1133	1904
1133	1937
1134	1418
1134	1612
1135	1353
1135	1435
1135	1804
1136	1334
1136	1368
1136	1808
1136	1920
1137	1638
1137	1921
1138	1454
1138	1704
1139	1727
1139	1964
1141	1435
1141	1760
1141	1825
1141	1863
1142	1156
1142	1346
1142	1996
1145	1198
1145	1474
1145	1765
1146	1301
1146	1508
1147	1208
1147	1963
1148	1172
1148	1249
1148	1292
1148	1625
1148	1792
1149	1268
1149	1309
1149	1358
1149	1632
1149	1823
1149	1976
1150	1776
1150	1905
1151	1211
1151	1373
1151	1677
1153	1165
1153	1772
1154	1182
1154	1232
1154	1486
1154	1708
1155	1290
1155	1810
1156	1215
1156	1394
1157	1798
1158	1692
1158	1936
1159	1758
1160	1556
1160	1948
1161	1478
1161	1490
1161	1610
1162	1657
1162	1902
1164	1322
1164	1467
1164	1599
1164	1651
1165	1822
1166	1645
1166	1864
1167	1869
1168	1652
1169	1990
1170	1293
1170	1403
1170	1654
1170	1774
1171	1723
1172	1211
1172	1918
1173	1459
1173	1479
1174	1375
1174	1887
1176	1400
1176	1634
1176	1764
1176	1846
1177	1255
1178	1279
1178	1992
1179	1284
1179	1394
1179	1457
1180	1940
1181	1350
1181	1567
1182	1302
1182	1953
1183	1580
1185	1630
1185	1987
1186	1460
1186	1657
1188	1217
1188	1442
1188	1726
1189	1350
1189	1923
1190	1949
1191	1392
1192	1487
1193	1316
1194	1385
1194	1570
1195	1379
1195	1689
1195	1830
1196	1397
1196	1593
1197	1237
1197	1548
1198	1598
1199	1282
1199	1373
1199	1529
1200	1472
1200	1559
1200	1606
1200	1651
1201	1266
1201	1813
1202	1475
1204	1671
1204	1765
1205	1361
1206	1368
1206	1778
1207	1264
1207	1268
1208	1613
1210	1636
1212	1262
1212	1514
1213	1258
1214	1729
1214	1955
1215	1362
1215	1623
1215	1827
1215	1987
1216	1397
1216	1513
1216	1685
1216	1915
1217	1411
1217	1745
1217	1826
1218	1448
1218	1809
1219	1959
1220	1696
1220	1807
1220	1917
1221	1625
1222	1577
1222	1706
1223	1323
1223	1340
1223	1477
1223	1657
1224	1225
1224	1359
1224	1851
1225	1300
1225	1426
1225	1656
1225	1918
1226	1820
1227	1322
1227	1473
1228	1374
1229	1303
1229	1840
1229	1985
1230	1615
1230	1660
1231	1714
1232	1412
1233	1325
1233	1337
1233	1349
1233	1420
1234	1483
1235	1652
1235	1754
1236	1335
1237	1452
1237	1867
1238	1295
1239	1336
1240	1272
1240	1450
1241	1492
1241	1694
1242	1863
1243	1531
1245	1724
1247	1593
1249	1517
1249	1662
1249	1848
1250	1571
1251	1475
1251	1485
1253	1348
1253	1376
1253	1769
1254	1293
1254	1497
1254	1845
1255	1654
1256	1420
1256	1601
1256	1858
1257	1792
1260	1398
1261	1860
1261	1864
1263	1270
1264	1390
1264	1738
1265	1904
1265	1950
1266	1889
1267	1299
1267	1564
1267	1710
1267	1713
1268	1861
1269	1818
1271	1484
1271	1517
1272	1322
1274	1415
1274	1458
1274	1971
1275	1611
1276	1475
1276	1640
1278	1694
1280	1443
1280	1607
1280	1907
1281	1962
1282	1646
1283	1556
1283	1694
1283	1768
1283	1902
1284	1598
1284	1700
1286	1497
1287	1522
1287	1616
1287	1628
1287	1935
1288	1746
1288	1869
1290	1306
1292	1604
1292	1780
1292	1829
1293	1473
1293	1649
1294	1529
1294	1866
1295	1701
1297	1595
1297	1611
1299	1345
1299	1817
1301	1514
1301	1730
1301	1889
1301	1920
1302	1551
1302	1605
1302	1834
1303	1563
1303	1865
1304	1453
1304	1672
1305	1702
1308	1484
1313	1536
1313	1867
1314	1370
1314	1429
1315	1442
1315	1669
1316	1461
1316	1919
1317	1472
1318	1360
1318	1911
1319	1508
1319	1622
1319	1777
1319	1813
1319	1923
1320	1624
1321	1574
1321	1608
1321	1684
1321	1779
1323	1932
1324	1541
1325	1797
1326	1439
1326	1440
1326	1621
1327	1387
1327	1503
1329	1391
1329	1419
1331	1825
1333	1759
1334	1437
1336	1344
1336	1564
1336	1694
1336	1706
1337	1481
1337	1630
1337	1944
1338	1982
1339	1763
1339	1890
1340	1513
1340	1581
1342	1428
1342	1444
1342	1486
1343	1897
1346	1979
1347	1352
1347	1484
1347	1601
1351	1962
1352	1539
1352	1565
1352	1639
1353	1884
1354	1980
1358	1896
1359	1467
1359	1593
1359	1782
1360	1984
1361	1489
1361	1886
1361	1976
1362	1538
1362	1657
1363	1737
1364	1396
1364	1950
1365	1562
1365	1699
1365	1973
1366	1593
1366	1732
1369	1390
1369	1391
1369	1904
1370	1863
1371	1569
1371	1741
1372	1742
1374	1647
1375	1577
1375	1892
1376	1483
1376	1739
1376	1780
1377	1843
1377	1943
1378	1981
1379	1420
1379	1902
1380	1567
1381	1441
1381	1807
1382	1671
1383	1547
1383	1706
1384	1451
1385	1421
1385	1515
1386	1525
1386	1779
1387	1428
1387	1466
1387	1587
1387	1859
1387	1987
1388	1721
1388	1860
1388	1905
1389	1561
1390	1874
1391	1568
1392	1417
1392	1644
1394	1795
1395	1604
1397	1845
1398	1484
1399	1466
1400	1624
1400	1986
1401	1853
1401	1859
1402	1445
1402	1944
1403	1619
1404	1539
1404	1896
1405	1596
1406	1451
1406	1745
1408	1415
1408	1710
1409	1714
1410	1911
1411	1577
1411	1666
1411	1747
1412	1492
1412	1632
1412	1642
1412	1932
1413	1572
1413	1776
1413	1929
1414	1963
1416	1678
1418	1450
1418	1744
1418	1812
1419	1750
1420	1701
1420	1983
1422	1463
1422	1960
1423	1877
1425	1945
1428	1530
1428	1677
1429	1612
1432	1585
1432	1721
1432	1766
1433	1601
1434	1607
1435	1947
1436	1845
1437	1538
1439	1522
1439	1700
1439	1821
1442	1867
1442	1874
1443	1474
1444	1560
1444	1823
1445	1727
1446	1479
1446	1496
1446	1651
1446	1827
1449	1772
1449	1991
1450	1454
1450	1666
1450	1768
1450	1973
1451	1877
1453	1739
1453	1879
1461	1640
1462	1467
1462	1495
1462	1824
1464	1823
1466	1748
1466	1840
1467	1612
1468	1529
1470	1479
1471	1660
1473	1688
1474	1897
1475	1737
1476	1702
1477	1770
1477	1901
1478	1537
1478	1962
1479	1852
1479	1949
1480	1679
1480	1904
1482	1663
1483	1614
1483	1648
1483	1857
1484	1889
1485	1754
1485	1881
1485	1908
1487	1638
1488	1708
1489	1641
1490	1883
1490	1902
1491	1628
1491	1713
1491	1958
1493	1585
1493	1995
1494	1665
1495	1612
1495	1779
1496	1723
1496	1807
1497	1567
1497	1832
1498	1743
1499	1830
1499	1922
1500	1600
1500	1636
1501	1632
1503	1523
1503	1617
1506	1662
1506	1726
1506	1938
1507	1869
1511	1932
1513	1636
1514	1676
1515	1793
1516	1970
1516	1994
1517	1518
1518	1526
1519	1831
1519	1959
1520	1870
1520	1982
1521	1648
1521	1837
1522	1970
1523	1933
1527	1610
1530	1623
1530	1829
1531	1815
1532	1984
1533	1931
1535	1682
1535	1998
1537	1743
1538	1855
1540	1766
1541	1744
1542	1544
1544	1620
1544	1656
1544	1975
1545	1769
1545	1885
1547	1629
1547	1964
1548	1881
1550	1599
1553	1586
1554	1754
1554	1903
1555	1596
1556	1654
1556	1722
1557	1668
1558	1599
1558	1674
1558	1730
1560	1634
1560	1704
1562	1651
1562	1662
1564	1768
1565	1960
1567	1631
1567	1883
1568	1911
1568	1970
1569	1943
1570	1638
1570	1739
1571	1937
1572	1873
1574	1921
1578	1981
1580	1861
1580	1977
1581	1654
1582	1621
1583	1677
1584	1597
1584	1646
1585	1765
1586	1753
1587	1785
1588	1631
1589	1671
1589	1901
1590	1846
1591	1738
1591	1880
1592	1847
1592	1889
1593	1709
1593	1827
1593	1908
1594	1865
1597	1723
1597	1849
1598	1723
1598	1763
1598	1783
1601	1896
1601	1927
1602	1870
1603	1664
1603	1708
1603	1725
1603	1738
1607	1834
1609	1731
1609	1845
1609	1866
1609	1907
1610	1840
1611	1694
1611	1758
1612	1665
1613	1632
1614	1867
1616	1792
1617	1891
1620	1640
1620	1924
1621	1685
1622	1775
1622	1807
1623	1906
1624	1971
1627	1981
1628	1686
1630	1688
1631	1772
1632	1966
1633	1648
1636	1726
1639	1672
1639	1779
1642	1648
1642	1870
1646	1658
1647	1723
1648	1835
1654	1677
1655	1716
1656	1724
1658	1665
1660	1669
1661	1698
1663	1878
1664	1819
1666	1885
1670	1724
1673	1733
1673	1741
1673	1779
1677	1990
1682	1780
1686	1725
1687	1867
1687	1920
1688	1754
1688	1894
1689	1959
1691	1941
1693	1874
1693	1922
1696	1707
1697	1710
1697	1965
1698	1892
1699	1833
1702	1871
1704	1859
1707	1946
1707	1964
1709	1755
1710	1836
1710	1880
1711	1748
1714	1769
1714	1970
1717	1904
1718	1927
1721	1730
1722	1795
1727	1901
1727	1910
1734	1890
1737	1801
1738	1845
1739	1910
1739	1932
1742	1807
1743	1766
1748	1867
1749	1880
1749	1891
1758	1950
1760	1937
1766	1771
1766	1872
1767	1948
1768	1979
1770	1808
1770	1905
1777	1840
1778	1790
1778	1827
1779	1958
1792	1901
1793	1863
1793	1915
1797	1951
1814	1856
1815	1842
1818	1946
1819	1901
1819	1941
1819	1976
1820	1840
1821	1887
1827	1909
1827	1973
1840	1927
1846	1946
1848	1901
1848	1934
1853	1876
1857	1966
1866	1945
1872	1989
1875	1908
1885	1988
1890	1911
1891	1965
1910	1984
1924	1954
1933	1979
1935	1996
1939	1988
1954	1984
1959	1999
1978	1996
1979	1985