0	117
0	397
0	799
0	825
0	996
1	178
1	197
1	447
1	816
1	1175
1	1866
2	627
2	1076
2	1297
2	1323
2	1338
2	1921
2	1956
3	162
3	883
3	1169
4	972
4	1527
4	1801
4	1852
5	74
5	137
5	399
5	574
5	720
5	754
5	1129
5	1556
5	1648
6	46
6	279
6	1160
7	597
7	700
7	1143
7	1330
8	21
8	274
8	420
8	580
8	732
8	1335
8	1425
8	1581
9	881
9	964
9	1637
10	151
10	1089
10	1645
10	1663
10	1706
11	848
12	1222
13	557
13	689
13	842
13	1625
13	1730
13	1756
13	1825
14	816
14	927
14	1384
15	95
15	594
15	1003
15	1763
16	506
16	683
16	737
16	1040
16	1410
17	106
17	534
17	1797
17	1907
18	69
18	374
18	1459
18	1778
19	497
19	691
19	1258
19	1774
20	75
20	915
20	1378
20	1576
20	1958
21	178
21	284
21	389
21	595
21	677
21	872
21	1311
21	1768
22	132
22	752
22	975
22	1473
23	427
23	683
23	792
23	1010
23	1342
23	1469
23	1794
24	1299
25	293
25	351
25	997
25	1777
26	124
26	337
26	468
26	1256
26	1463
26	1779
27	413
27	569
27	1454
27	1650
27	1664
27	1700
27	1801
28	42
28	444
28	481
29	1067
29	1119
29	1259
29	1302
29	1584
29	1952
30	94
30	329
30	442
30	1382
31	512
31	815
31	1335
32	754
32	1416
32	1595
32	1699
33	605
33	974
33	1738
33	1862
33	1951
34	166
34	1145
35	933
35	949
35	1516
35	1889
36	1755
37	487
37	1688
38	131
38	609
38	795
38	1107
39	725
39	838
39	1614
39	1673
39	1985
40	1271
41	653
41	836
41	962
41	1005
41	1320
41	1440
42	177
42	1196
42	1742
42	1881
42	1882
43	86
43	532
43	1338
43	1425
43	1641
44	364
44	430
44	700
44	719
44	1067
44	1259
44	1513
45	343
45	875
45	1115
45	1549
45	1736
45	1833
46	98
46	114
46	331
46	902
46	1926
47	309
47	357
47	924
47	1229
47	1694
48	690
48	1015
48	1375
49	183
49	241
49	351
49	1121
49	1255
49	1361
50	704
50	1837
51	324
51	366
51	1659
52	194
52	563
52	986
52	1353
53	247
53	417
54	1493
54	1584
54	1727
55	61
55	332
55	483
55	851
55	952
55	1395
55	1416
55	1723
56	76
56	1037
56	1962
57	1307
57	1536
57	1889
58	731
58	916
58	1249
58	1648
59	884
59	1863
60	703
60	1060
60	1489
60	1537
60	1580
60	1813
60	1985
61	1368
62	770
62	813
62	1023
62	1090
62	1941
63	511
63	1437
63	1839
64	323
64	504
64	801
64	994
64	1698
65	168
65	295
65	863
65	1196
65	1338
65	1605
65	1677
65	1907
66	132
66	946
66	992
66	1603
66	1748
67	180
67	1061
67	1493
68	136
68	919
68	1090
68	1876
69	200
69	553
70	309
70	521
70	540
70	581
70	1897
70	1961
71	602
71	1746
72	1012
72	1615
73	78
73	757
73	1495
73	1536
73	1565
74	353
74	604
74	933
74	1296
74	1382
75	263
75	679
75	792
75	867
75	1569
75	1718
76	228
76	925
76	968
76	1554
76	1959
77	1721
77	1921
77	1998
78	526
78	1397
78	1494
78	1716
78	1734
78	1821
79	324
79	1199
79	1317
79	1635
79	1690
80	421
80	1868
80	1881
81	1606
81	1764
82	248
82	915
82	1094
82	1290
83	1062
83	1355
83	1407
83	1517
83	1835
84	786
85	102
85	178
85	217
85	810
86	337
86	694
86	1275
86	1804
86	1882
87	418
87	1662
88	223
88	225
88	1161
88	1194
89	177
89	1009
89	1559
89	1953
90	371
90	613
90	1605
90	1691
90	1806
90	1931
91	135
91	875
91	967
91	1446
91	1694
91	1844
92	291
92	706
92	1730
92	1792
92	1816
92	1970
93	242
93	757
94	591
94	699
94	934
94	1048
94	1879
94	1916
95	107
95	1744
95	1767
96	1132
96	1472
97	1018
97	1446
98	836
98	886
98	1106
98	1376
98	1608
99	420
99	735
99	930
100	780
100	1246
100	1411
100	1415
100	1500
100	1651
100	1975
101	1886
102	1602
102	1730
102	1817
103	318
103	1036
103	1085
103	1404
103	1559
103	1618
103	1931
104	272
104	1233
104	1622
104	1799
104	1879
105	839
105	1378
105	1424
105	1685
106	531
106	997
106	1446
106	1934
107	1285
108	1273
108	1429
108	1672
109	590
109	708
109	1283
110	163
110	247
110	1388
110	1497
110	1859
111	336
111	840
111	1246
111	1358
111	1700
111	1889
112	357
112	665
113	401
113	1252
113	1441
113	1769
114	832
114	835
114	1052
114	1265
115	251
115	1194
116	377
116	946
116	1425
116	1748
116	1926
117	130
117	1568
118	451
119	191
119	629
119	1016
119	1041
119	1150
119	1235
119	1810
120	511
120	1000
120	1091
120	1416
120	1453
120	1533
120	1541
120	1633
121	435
121	437
121	526
122	362
122	849
122	1754
123	961
123	1502
124	410
124	758
124	829
124	862
125	947
125	976
125	1106
125	1434
125	1641
126	934
126	1026
126	1802
126	1991
127	637
127	880
128	412
128	423
128	537
128	729
128	1053
128	1749
129	154
129	268
129	434
129	866
129	1560
129	1767
130	334
130	447
130	571
130	572
130	992
130	1666
130	1684
131	859
131	1644
131	1700
132	392
132	589
132	1289
132	1307
132	1714
132	1943
133	280
133	1505
133	1648
133	1980
134	139
134	365
134	627
135	1421
136	487
136	1664
136	1954
137	1101
137	1256
137	1346
137	1786
138	257
138	406
138	580
138	787
138	835
138	1215
138	1268
138	1687
139	238
139	1018
139	1095
139	1432
139	1574
140	1207
140	1468
141	469
141	1056
141	1218
141	1634
141	1658
141	1915
141	1951
142	143
142	192
142	1028
142	1891
143	323
143	515
143	925
143	1389
143	1517
144	261
144	494
144	594
144	1187
144	1677
144	1836
145	235
145	692
145	1305
145	1583
145	1844
146	192
146	290
146	1023
147	534
147	1435
148	594
148	732
149	387
149	1120
149	1156
150	309
150	1420
150	1631
151	204
151	454
151	1099
151	1649
152	526
152	1164
153	216
153	773
153	935
153	1149
153	1255
153	1286
153	1773
154	661
154	694
154	1264
155	1422
156	710
156	923
157	807
157	1321
157	1436
158	509
159	1575
160	206
160	235
160	1850
160	1993
161	360
161	404
161	597
161	876
161	979
161	1220
161	1349
161	1598
161	1723
162	569
162	833
162	1382
162	1495
163	1575
163	1638
164	540
164	1024
164	1689
164	1837
164	1918
165	299
165	394
165	739
165	826
166	261
166	377
166	778
166	1340
167	230
167	457
167	465
167	555
167	1356
167	1933
168	417
168	867
168	1330
168	1750
168	1948
169	1160
170	232
170	741
170	1551
171	343
171	378
171	1420
172	282
172	660
172	1956
173	177
173	903
173	915
173	1057
173	1177
173	1251
174	213
174	356
174	500
174	508
174	632
174	756
174	1801
175	1507
176	419
176	1180
177	607
177	1203
177	1883
177	1910
178	944
178	1259
179	186
179	872
179	915
179	1698
180	898
180	1221
181	731
182	469
182	762
182	938
182	1275
182	1713
183	715
183	1088
183	1291
183	1363
183	1393
183	1397
183	1497
183	1506
183	1640
183	1752
183	1852
184	1696
185	280
185	1367
186	716
186	842
186	892
186	1086
186	1738
187	299
187	365
187	1185
187	1308
187	1599
187	1984
188	347
188	1185
188	1282
188	1398
188	1987
189	431
189	541
189	688
189	1248
189	1379
189	1913
190	441
190	948
190	1668
190	1694
191	238
191	494
191	1235
191	1767
192	399
192	496
192	813
192	953
192	971
192	1014
192	1245
192	1724
192	1766
192	1979
193	1582
193	1636
194	320
194	637
194	1419
194	1644
195	352
195	403
196	766
196	951
196	1029
196	1298
197	296
197	349
197	1452
197	1748
198	236
198	623
198	768
198	1489
198	1931
198	1958
199	825
199	835
199	1057
199	1456
199	1979
200	1259
200	1539
200	1756
200	1930
200	1983
201	1049
201	1172
202	308
202	836
202	932
202	1272
203	711
203	789
203	1476
203	1974
204	712
204	1420
205	262
205	429
205	726
205	1100
205	1415
205	1736
205	1937
206	257
206	1114
206	1305
206	1566
206	1693
206	1906
207	472
207	753
207	845
208	1008
208	1315
208	1794
208	1990
209	259
209	1342
210	853
210	1523
210	1725
211	597
211	1480
211	1483
211	1757
212	459
212	587
212	1363
212	1511
212	1760
212	1869
213	503
213	1569
213	1899
214	274
214	386
214	858
214	1103
214	1353
214	1930
214	1931
215	343
215	1099
216	573
216	1105
216	1599
216	1604
216	1786
217	696
217	1185
217	1528
218	788
218	1010
218	1338
219	1585
219	1602
219	1964
220	278
220	518
220	710
220	893
220	1224
220	1244
220	1760
221	325
221	358
221	756
221	833
221	1943
222	1657
222	1704
222	1870
223	953
223	1278
224	276
224	915
224	1818
225	827
225	1938
226	637
226	1084
226	1138
227	572
227	1898
228	231
228	777
228	1058
228	1986
229	1188
229	1507
230	1068
230	1142
230	1234
230	1486
231	484
231	491
231	1438
232	374
232	1402
232	1685
233	912
233	1177
234	640
234	1571
235	458
235	462
235	485
235	842
235	1203
235	1263
235	1269
235	1295
235	1394
236	857
236	1639
237	742
238	747
238	1525
239	617
239	718
239	925
239	1038
239	1075
239	1480
239	1517
240	1014
241	384
241	898
241	1834
242	895
242	1279
243	314
243	615
243	618
243	894
243	1837
243	1862
244	315
244	504
244	885
244	993
244	1083
244	1193
244	1388
245	443
245	552
245	1816
246	456
246	568
246	1903
247	281
247	1171
248	355
248	838
248	1661
249	487
249	614
249	1344
249	1412
249	1494
249	1778
249	1842
250	266
250	851
251	1057
251	1992
252	321
253	1009
253	1051
254	486
254	520
254	1250
254	1800
255	1447
255	1869
256	889
257	295
257	713
257	1121
257	1312
257	1450
257	1569
257	1572
258	494
258	1615
259	379
259	640
259	1143
259	1169
259	1687
260	522
260	644
260	1116
260	1558
261	365
261	510
261	549
261	724
261	1009
261	1196
261	1407
261	1491
261	1554
261	1825
261	1855
262	582
263	689
263	1494
263	1696
264	289
264	647
264	785
264	926
264	1321
264	1354
264	1469
265	1655
265	1877
266	821
266	1253
266	1609
266	1919
267	705
267	957
267	1616
268	273
268	814
268	831
268	1458
268	1878
269	608
269	620
269	653
269	988
269	1931
270	1782
271	549
271	728
271	1027
271	1399
271	1535
272	487
272	523
272	575
272	633
272	1477
272	1554
273	1529
274	280
274	1603
274	1653
274	1709
275	703
275	1113
275	1687
276	342
276	1560
277	852
277	1012
277	1516
277	1802
278	947
278	1251
279	1908
280	715
280	958
280	978
280	1554
281	484
281	636
281	1881
282	529
282	603
282	1850
282	1900
283	322
283	820
283	1120
283	1622
284	1612
284	1775
285	306
285	1217
285	1361
285	1742
285	1791
286	549
286	1618
286	1730
286	1973
287	1030
288	302
288	879
288	963
288	1201
289	440
289	464
289	1580
289	1623
289	1869
290	405
290	975
291	1421
291	1645
292	1107
292	1271
292	1295
293	422
293	723
294	351
294	1094
295	1099
295	1294
295	1460
296	850
296	882
296	1033
297	1586
298	413
298	778
298	818
298	1174
298	1571
299	450
299	1879
300	435
300	1071
300	1226
300	1600
300	1708
301	1021
301	1531
301	1655
301	1668
301	1741
302	991
303	1096
303	1156
303	1634
304	524
304	1771
305	660
305	1165
305	1644
306	613
306	999
307	915
307	1984
308	693
308	942
308	964
308	1353
309	584
309	1079
309	1604
309	1706
310	763
310	1058
310	1160
310	1311
310	1838
311	469
311	875
312	481
312	641
312	977
312	1143
312	1700
313	377
313	1039
313	1105
313	1610
313	1974
314	516
314	1439
314	1745
315	627
315	1031
315	1102
315	1165
315	1500
315	1779
316	600
316	786
316	1221
316	1457
316	1464
316	1572
316	1590
317	436
317	507
317	1491
317	1806
318	507
318	970
318	1399
318	1489
319	755
319	1556
319	1905
319	1966
320	384
320	666
320	774
320	1332
321	615
321	906
321	1162
321	1409
321	1722
321	1855
321	1931
322	863
322	1928
323	1238
323	1317
323	1682
324	489
324	872
324	1046
324	1466
324	1583
325	1479
325	1726
325	1849
326	371
326	929
326	1874
327	1203
327	1516
328	586
328	633
328	1022
328	1304
329	726
329	1432
329	1679
330	641
330	775
330	1060
330	1177
330	1332
331	644
331	1374
332	685
332	1063
332	1972
333	375
333	469
333	551
333	865
333	992
333	1048
333	1292
333	1632
333	1671
334	601
334	612
334	948
334	1241
334	1615
334	1631
335	656
335	1886
336	488
336	1344
336	1956
337	1127
337	1705
338	744
338	804
338	1152
338	1213
338	1410
339	871
339	950
339	1323
339	1470
339	1992
340	1891
341	1442
342	531
342	862
342	1221
342	1297
342	1999
343	357
343	1111
344	863
344	1200
345	922
345	1570
345	1794
345	1824
346	650
346	742
346	1157
347	663
347	1989
348	806
348	1488
348	1564
348	1617
349	445
349	877
349	1084
349	1932
350	430
350	585
350	1482
351	1250
351	1362
351	1928
351	1941
352	633
352	1095
352	1284
352	1857
353	1023
353	1037
353	1092
353	1804
353	1877
354	1169
354	1277
355	1481
355	1728
356	897
356	983
357	1210
357	1781
358	1592
358	1622
358	1983
358	1994
359	903
359	1261
359	1989
360	1436
360	1445
360	1527
361	548
361	805
361	1436
361	1516
362	536
362	621
362	1341
363	446
363	978
363	1315
363	1764
363	1874
364	1083
364	1949
365	692
365	1021
365	1145
365	1441
365	1950
366	395
366	677
366	1040
366	1823
367	1227
367	1561
368	1268
368	1788
369	592
369	864
369	1017
369	1277
370	445
370	832
370	873
370	1023
370	1395
371	386
371	727
371	793
372	1882
373	649
373	660
373	761
373	1992
374	1135
375	1986
376	598
376	665
376	1240
376	1433
377	628
377	831
377	1282
377	1343
377	1554
378	1513
380	457
380	687
380	1281
380	1612
380	1649
381	589
381	857
381	1214
381	1482
381	1940
382	749
382	896
382	972
382	1628
382	1727
383	431
383	533
383	1609
384	658
384	671
384	1893
384	1948
385	612
385	1622
387	402
387	451
387	1033
387	1525
387	1619
387	1720
388	699
388	1113
389	829
389	1138
389	1336
389	1741
390	484
390	601
391	689
391	1253
392	469
392	666
392	776
393	435
393	903
393	1108
393	1306
393	1863
394	488
394	688
394	752
394	1160
394	1192
394	1469
394	1706
394	1785
395	586
395	887
395	1481
395	1985
396	854
396	1440
396	1475
396	1842
397	625
397	1165
397	1382
397	1446
398	1628
399	609
399	710
399	890
399	1093
399	1962
400	1446
400	1728
400	1801
401	1001
401	1138
402	923
402	1666
402	1918
403	1530
403	1633
403	1843
405	686
405	1178
405	1502
405	1726
405	1894
406	554
406	1385
406	1728
407	563
407	852
407	1803
408	797
408	913
408	1312
408	1835
408	1899
409	598
409	1418
409	1508
410	486
410	615
410	1629
410	1638
411	1250
412	418
412	819
412	974
412	1350
413	982
413	1238
413	1420
414	1672
415	856
415	1831
416	914
416	1040
416	1163
416	1721
416	1727
416	1906
417	694
417	1556
417	1591
418	460
418	690
418	1179
418	1595
418	1689
419	513
419	593
419	1128
420	579
420	1045
421	465
421	529
421	855
422	608
423	1897
424	1068
424	1456
424	1480
424	1620
424	1679
424	1690
424	1948
425	628
426	513
426	1413
426	1786
426	1798
427	434
427	577
427	1001
427	1084
427	1465
427	1670
427	1746
428	435
428	863
428	1187
428	1242
428	1646
429	1035
429	1099
429	1762
430	1008
430	1083
430	1568
430	1862
431	444
431	889
431	1159
432	1986
433	838
433	1184
433	1669
434	833
434	1723
434	1878
434	1915
435	814
436	450
436	560
437	683
437	821
437	927
437	1545
437	1651
438	648
438	1325
439	609
439	764
439	1468
439	1786
440	1860
441	801
441	945
441	1263
441	1371
441	1853
442	764
442	1727
443	1016
443	1685
443	1967
444	521
444	854
444	1447
444	1527
444	1668
445	1088
445	1400
445	1723
445	1901
446	466
446	1034
446	1066
446	1129
446	1410
447	583
447	873
447	1350
447	1872
448	1777
449	1308
449	1457
449	1706
449	1707
449	1838
450	737
450	1679
450	1860
451	1002
451	1328
452	465
452	545
452	915
452	1436
452	1438
452	1519
452	1651
452	1922
453	772
453	1261
453	1344
453	1503
453	1637
454	593
454	1075
454	1366
454	1997
455	914
455	1219
455	1324
456	567
456	1045
456	1925
456	1946
457	773
457	1364
457	1836
458	994
458	1421
458	1490
458	1568
459	471
459	767
459	1049
459	1155
459	1349
460	1279
461	760
461	1287
462	1398
462	1456
463	1241
463	1462
464	1385
464	1591
464	1776
465	916
465	1226
466	596
466	1509
466	1614
467	767
467	816
467	1117
468	1288
468	1317
468	1545
468	1571
468	1576
469	1063
469	1521
469	1542
470	642
470	746
470	1157
470	1161
470	1205
470	1519
470	1770
471	1656
471	1945
472	1985
473	648
473	1296
473	1655
474	778
474	985
474	1295
475	508
475	734
475	1666
476	1391
477	853
477	1480
478	809
479	1288
479	1299
479	1336
479	1431
479	1994
480	509
480	910
480	1080
481	700
481	1072
481	1590
481	1819
481	1835
481	1884
482	1802
482	1861
482	1903
483	880
483	982
483	1519
483	1880
484	1010
484	1368
484	1802
484	1934
485	773
485	1031
485	1458
485	1574
485	1721
486	1132
486	1198
486	1219
486	1446
486	1461
486	1632
486	1728
486	1903
487	597
487	1362
488	942
488	986
488	1717
488	1812
489	912
489	1801
490	813
490	1112
490	1288
490	1526
491	636
491	780
492	826
492	975
492	1555
493	502
493	992
493	1157
493	1584
493	1652
494	561
494	1249
495	1100
495	1142
495	1759
496	869
496	1596
496	1989
497	1549
497	1591
498	1406
498	1758
499	615
499	1452
500	657
500	1522
501	822
502	1800
502	1858
503	1346
503	1411
504	793
504	815
504	1452
504	1982
505	607
505	1465
505	1958
506	843
506	1274
508	530
508	790
508	862
508	899
508	1701
509	611
509	660
509	663
509	782
509	1746
510	578
510	1383
510	1754
511	527
511	1044
512	746
512	922
512	1267
512	1278
513	1146
514	1011
514	1509
515	734
515	804
515	1041
515	1087
515	1742
515	1973
516	769
517	861
517	990
517	1027
517	1264
518	1279
519	1030
519	1059
519	1440
519	1735
520	618
520	1486
520	1691
521	1099
521	1646
521	1905
521	1917
522	1336
522	1337
522	1901
523	794
523	893
523	1062
523	1234
523	1829
524	1030
524	1362
525	1478
525	1535
525	1680
526	1458
526	1928
527	901
527	1085
527	1110
528	692
528	777
529	819
529	1663
529	1784
530	1683
530	1797
530	1845
530	1852
530	1867
531	711
531	854
531	1802
531	1848
533	795
533	1086
533	1147
534	1063
534	1380
534	1727
535	688
535	936
535	997
535	1907
536	764
536	815
536	1323
536	1479
536	1506
536	1734
536	1986
537	1217
537	1457
537	1509
538	573
538	836
538	1112
538	1251
538	1252
538	1324
539	746
539	1004
539	1493
539	1948
540	1375
540	1734
541	877
541	1083
541	1604
541	1952
542	1499
542	1722
542	1724
542	1979
543	1832
544	1570
544	1704
545	604
545	888
545	1253
545	1267
545	1535
545	1905
546	755
546	898
546	1085
547	608
548	823
548	1371
548	1642
549	779
549	1935
550	865
550	910
550	990
550	1041
550	1523
550	1681
550	1732
550	1944
551	952
552	718
552	1238
553	1082
553	1859
554	1022
554	1050
554	1236
555	1042
555	1091
555	1484
555	1989
556	686
556	721
556	1621
556	1968
557	880
557	1519
557	1896
558	1444
559	626
559	710
559	989
559	1030
559	1653
560	905
560	918
560	1014
560	1390
560	1755
560	1810
561	770
561	1385
561	1530
562	707
562	1133
562	1676
563	677
563	771
563	1381
563	1792
564	1293
564	1752
565	857
565	1457
565	1996
566	1349
566	1418
567	692
567	1475
567	1577
567	1690
567	1721
568	756
568	1518
569	818
570	907
570	1848
570	1935
571	635
571	1493
571	1545
572	793
572	1063
572	1225
573	951
573	961
573	1067
573	1077
573	1435
573	1637
574	608
574	778
574	1344
574	1729
574	1741
575	1254
575	1512
575	1613
576	790
576	1839
577	1319
577	1424
578	798
578	1443
579	752
579	1119
579	1773
579	1893
580	1833
581	1626
581	1668
581	1928
582	943
583	833
583	1490
584	618
584	644
584	1164
584	1934
586	1189
586	1279
586	1410
586	1595
587	655
587	663
587	1375
587	1514
587	1717
587	1851
588	1000
588	1571
588	1996
589	1305
589	1823
590	1274
591	645
591	773
591	902
591	1385
591	1832
591	1919
592	651
592	926
592	948
592	1070
592	1310
592	1707
592	1831
594	655
594	1718
595	871
596	1335
596	1675
596	1918
596	1945
597	1418
597	1648
597	1928
597	1970
598	1577
599	1569
600	869
600	1149
601	681
601	1294
601	1748
602	790
602	1520
602	1908
603	722
603	1114
603	1779
603	1812
605	1373
606	1324
606	1560
606	1583
607	1258
607	1553
608	730
609	649
609	1361
610	941
610	944
610	1048
610	1121
610	1747
610	1986
611	1076
611	1129
611	1446
611	1642
612	1229
612	1570
612	1589
614	1318
614	1754
615	662
616	664
616	679
616	775
616	1521
616	1571
616	1797
617	753
617	1856
617	1932
618	662
618	1125
618	1979
619	791
619	1332
619	1614
619	1868
619	1878
619	1961
620	652
620	1505
620	1760
620	1968
621	1336
621	1757
621	1988
622	1636
622	1722
623	635
624	949
624	980
624	1284
624	1657
624	1917
625	1239
625	1867
626	1373
626	1669
627	741
627	1237
627	1714
627	1906
628	920
629	1770
630	1250
630	1760
631	781
631	902
631	1306
631	1477
631	1645
631	1721
632	1016
632	1071
632	1132
632	1348
633	1154
634	1038
634	1541
634	1871
635	1051
635	1490
636	1198
636	1999
637	846
637	1504
637	1605
638	1215
639	1520
639	1878
640	780
640	984
640	1625
640	1783
641	1108
641	1583
641	1786
642	893
642	1087
642	1918
643	1279
644	783
644	1347
645	745
645	818
646	822
646	1383
647	1250
647	1891
648	943
648	1393
648	1939
648	1957
649	1312
649	1413
649	1578
650	1675
651	1236
651	1279
651	1320
652	829
652	1427
653	1361
653	1429
654	991
654	1697
654	1757
654	1974
655	1566
656	897
656	1288
656	1717
657	1035
657	1288
657	1892
658	693
658	1435
659	1761
659	1906
660	1394
660	1550
660	1585
660	1827
660	1916
660	1945
661	1236
662	708
663	1326
663	1503
664	692
664	729
664	1221
664	1773
665	1800
666	692
666	1771
666	1946
667	1258
667	1942
667	1983
668	905
668	1031
668	1076
668	1873
668	1889
669	1191
669	1898
670	738
670	1098
670	1540
671	1723
672	715
672	1296
673	759
673	1035
673	1522
674	762
675	1086
675	1533
676	1032
676	1134
676	1826
677	1126
678	891
678	1982
679	1366
680	746
680	889
680	1083
681	970
681	1125
681	1539
681	1828
682	771
682	1569
683	1117
683	1319
683	1380
683	1429
684	693
684	970
684	1122
684	1146
684	1163
684	1615
684	1890
686	1313
686	1477
686	1802
686	1937
687	1500
688	710
689	1218
690	1142
690	1941
691	860
691	940
691	1614
691	1674
691	1831
692	1827
693	915
693	1862
693	1921
694	698
695	833
696	1719
697	1662
697	1724
698	1325
698	1331
701	1169
701	1348
701	1915
702	795
702	1062
702	1155
702	1222
703	759
703	985
703	1291
703	1947
704	761
704	1121
705	1365
706	1153
707	1195
708	709
708	942
708	1077
708	1148
708	1648
708	1963
709	1539
710	1523
710	1787
711	956
711	1060
711	1498
711	1513
711	1563
711	1569
712	1507
712	1740
712	1844
713	1872
714	837
714	846
714	920
714	969
714	1182
714	1571
715	718
715	1338
715	1540
715	1625
715	1697
716	1399
717	1163
717	1921
718	749
718	1564
718	1959
719	1023
719	1199
719	1759
720	724
720	904
720	1231
720	1436
720	1746
721	764
721	847
721	1387
721	1780
721	1831
721	1857
722	1413
723	1987
725	913
725	1321
726	958
726	981
726	1009
726	1552
726	1669
727	803
727	1738
727	1975
728	1511
729	871
730	787
730	987
731	1052
731	1298
731	1504
731	1729
732	1142
733	1358
733	1567
733	1599
734	1318
734	1358
734	1538
734	1572
734	1688
735	754
735	930
735	1048
735	1597
736	941
738	1565
738	1708
739	814
739	1010
739	1125
739	1224
739	1458
739	1556
739	1846
740	903
740	1008
740	1538
740	1676
741	1203
742	816
742	853
742	1172
742	1607
742	1663
743	811
743	1704
744	1649
744	1804
745	893
745	1291
746	1692
746	1693
746	1722
747	921
747	985
747	1119
747	1364
747	1636
747	1689
747	1775
748	874
748	902
748	1526
749	887
749	1588
750	807
750	826
750	1073
750	1299
750	1502
750	1716
751	1392
752	1306
752	1646
752	1777
753	1484
754	1063
754	1137
754	1309
754	1439
755	1103
755	1233
755	1338
755	1543
756	1213
756	1230
757	1183
757	1502
758	1445
760	1364
760	1715
761	1517
761	1733
761	1836
762	1667
762	1905
763	801
763	1103
763	1393
763	1426
764	1049
764	1079
764	1240
765	907
765	1118
765	1298
765	1299
765	1395
765	1654
765	1690
766	1140
766	1219
766	1746
766	1775
767	1993
768	833
768	1533
768	1830
769	1010
769	1370
769	1535
769	1653
769	1948
770	877
770	1082
770	1197
770	1679
770	1812
770	1853
771	1623
771	1677
771	1738
772	832
772	1342
772	1847
773	845
773	1459
773	1754
773	1869
774	859
774	1015
774	1021
774	1488
774	1632
775	988
775	1355
775	1473
775	1591
776	1003
776	1229
776	1466
777	1113
777	1576
779	1553
780	904
781	1434
781	1446
781	1689
781	1910
782	1615
782	1724
783	879
783	1349
783	1430
783	1985
784	876
784	1068
784	1347
784	1752
786	817
786	887
786	1526
787	937
788	1136
788	1869
789	865
790	822
790	911
790	917
790	1724
790	1797
792	1160
792	1311
793	836
793	1930
794	886
794	968
794	1365
794	1366
794	1871
795	937
795	1164
795	1552
795	1682
795	1992
796	834
796	1313
797	804
797	1003
797	1535
797	1787
798	1210
798	1561
798	1847
799	920
800	1020
800	1168
800	1331
801	892
801	1259
801	1545
802	1698
802	1718
803	1409
803	1445
804	1391
804	1842
806	1016
807	1221
807	1841
808	809
808	1227
808	1677
808	1839
808	1935
810	1669
810	1741
811	1968
812	911
812	1378
812	1763
813	1335
813	1847
813	1938
814	1154
814	1295
814	1315
814	1536
814	1538
814	1737
814	1822
815	958
816	1068
816	1643
818	883
818	1327
818	1439
818	1489
819	825
820	915
820	929
820	1188
820	1381
822	1075
822	1762
823	1163
823	1309
823	1630
824	1891
824	1985
825	1122
825	1144
825	1610
826	869
826	1644
827	1731
828	1640
829	1069
830	1232
830	1819
831	1067
831	1366
831	1758
832	904
832	942
832	1049
832	1219
833	1654
833	1873
834	1474
834	1653
834	1987
835	1081
835	1370
835	1551
836	1077
836	1622
837	1682
837	1784
838	1248
839	1436
839	1928
841	1885
842	1819
843	1734
844	1018
844	1723
844	1735
845	1182
845	1194
845	1352
846	1520
847	1450
847	1796
847	1946
848	1073
848	1358
849	1285
849	1356
849	1466
849	1636
849	1839
850	1921
851	868
851	1007
851	1159
851	1339
851	1542
852	1384
852	1769
853	1064
853	1537
854	1102
854	1126
854	1137
854	1205
854	1536
855	970
855	1061
855	1428
856	1027
857	1528
858	947
859	912
859	1417
859	1714
860	1108
860	1485
860	1852
861	1131
861	1220
861	1370
861	1978
862	1202
864	1241
864	1339
864	1434
864	1698
865	1223
865	1467
867	1532
868	941
868	998
868	1613
868	1741
869	1024
870	1683
870	1832
870	1934
871	1987
872	1175
872	1332
873	923
873	1552
873	1612
873	1942
874	1054
874	1569
874	1941
875	1413
876	1540
877	902
877	1110
877	1247
877	1612
877	1868
878	1356
878	1539
878	1550
878	1600
879	1273
879	1584
879	1654
879	1845
880	1776
881	1203
881	1300
881	1565
881	1784
882	1392
882	1691
882	1780
882	1832
882	1849
883	940
883	1501
883	1737
884	1213
884	1961
885	940
885	1207
885	1923
886	1209
886	1573
886	1843
886	1955
887	1795
888	891
888	936
888	1681
890	928
891	1593
891	1962
892	959
892	1160
893	1402
894	943
894	1560
894	1690
894	1865
894	1928
895	965
895	1081
895	1186
895	1529
895	1808
895	1962
895	1976
896	1202
896	1266
896	1440
896	1528
897	1393
898	1568
898	1609
898	1969
899	1142
899	1468
900	904
901	1122
901	1668
902	1319
902	1396
902	1894
902	1895
903	1192
903	1585
903	1949
903	1979
904	1651
904	1869
905	984
905	1720
905	1823
906	1326
907	1057
907	1264
907	1504
907	1776
907	1926
908	1209
909	1578
910	1282
910	1553
911	1547
912	1380
913	1089
913	1291
916	1326
916	1842
917	1142
917	1497
919	1128
919	1605
919	1620
919	1988
920	1001
920	1193
920	1720
922	1311
922	1441
922	1575
923	1198
923	1583
923	1757
924	1654
925	1476
925	1694
926	929
926	1242
926	1530
926	1817
927	1005
927	1256
927	1431
927	1454
927	1668
927	1970
928	1998
929	1420
930	1238
930	1523
930	1602
930	1663
930	1749
931	979
931	1484
932	1070
932	1081
932	1445
932	1912
933	1379
934	1097
934	1419
934	1468
934	1780
934	1831
934	1903
935	1298
935	1483
935	1926
937	1038
937	1865
938	1115
939	1524
940	1534
940	1629
940	1849
942	1172
942	1526
942	1533
942	1702
943	1457
944	996
944	1170
945	1322
945	1597
945	1601
945	1645
946	951
946	1076
946	1462
946	1498
947	1880
948	1224
948	1337
949	1008
949	1350
949	1435
949	1636
950	1457
952	990
952	1323
952	1964
953	1670
953	1686
954	1214
954	1873
955	1072
955	1455
957	1178
958	1448
959	1540
959	1576
959	1657
959	1999
960	1031
961	1891
962	1289
962	1888
963	1387
963	1713
965	1285
965	1287
966	1262
966	1410
967	1614
967	1828
968	1384
969	1088
969	1636
970	1161
970	1661
971	1636
971	1816
972	1286
973	1172
973	1916
974	1385
974	1501
975	1618
975	1788
976	1014
976	1956
977	1270
978	1200
978	1466
978	1493
978	1504
978	1547
978	1606
978	1637
979	1392
979	1531
981	1067
981	1332
981	1864
982	1936
983	1398
984	990
984	1447
984	1488
985	1517
985	1854
985	1944
986	1346
987	1263
987	1338
987	1423
987	1821
987	1854
990	1047
990	1259
990	1444
990	1943
991	1017
991	1314
991	1510
992	1496
992	1616
992	1986
995	1287
996	1967
997	1020
998	1579
998	1672
998	1789
998	1911
998	1926
999	1216
999	1408
1000	1175
1002	1176
1002	1290
1002	1495
1002	1528
1003	1236
1004	1950
1005	1175
1005	1559
1006	1067
1006	1354
1006	1481
1006	1638
1007	1635
1008	1620
1008	1621
1008	1717
1008	1854
1009	1558
1010	1610
1010	1957
1012	1981
1013	1383
1013	1431
1013	1617
1014	1289
1014	1736
1014	1901
1015	1408
1016	1455
1017	1670
1018	1212
1018	1306
1019	1353
1020	1322
1020	1584
1020	1593
1021	1062
1021	1143
1021	1192
1021	1979
1022	1103
1022	1116
1023	1552
1024	1669
1025	1846
1027	1074
1027	1501
1028	1088
1028	1396
1028	1625
1028	1683
1028	1710
1028	1714
1028	1816
1028	1937
1029	1172
1029	1926
1030	1404
1030	1495
1030	1576
1031	1104
1032	1680
1032	1799
1034	1153
1034	1782
1035	1143
1035	1794
1036	1357
1037	1487
1037	1899
1038	1225
1038	1984
1039	1853
1040	1530
1041	1050
1041	1350
1041	1617
1042	1271
1042	1305
1042	1426
1043	1509
1043	1875
1044	1335
1044	1492
1045	1081
1045	1688
1045	1756
1046	1059
1046	1107
1046	1181
1046	1273
1046	1276
1046	1507
1046	1631
1046	1804
1047	1180
1047	1459
1047	1502
1048	1399
1048	1485
1048	1647
1051	1097
1052	1666
1052	1940
1054	1067
1054	1610
1054	1793
1055	1284
1055	1326
1055	1866
1056	1101
1056	1178
1056	1378
1056	1398
1056	1431
1056	1449
1056	1780
1057	1828
1057	1952
1058	1367
1058	1696
1059	1217
1059	1982
1060	1451
1061	1069
1062	1123
1062	1293
1062	1456
1062	1473
1063	1122
1063	1254
1063	1417
1063	1531
1064	1399
1065	1313
1065	1885
1066	1071
1066	1078
1066	1363
1066	1406
1067	1117
1067	1160
1067	1311
1067	1564
1068	1582
1068	1595
1068	1629
1069	1108
1069	1375
1069	1487
1069	1974
1070	1146
1070	1353
1070	1431
1071	1174
1071	1176
1071	1223
1071	1793
1072	1310
1072	1401
1072	1445
1072	1744
1072	1871
1072	1904
1073	1284
1073	1366
1073	1555
1074	1799
1075	1244
1075	1464
1075	1685
1075	1993
1076	1188
1079	1669
1079	1916
1081	1348
1082	1202
1082	1917
1083	1198
1083	1555
1085	1757
1085	1818
1087	1941
1088	1591
1089	1288
1090	1302
1090	1445
1091	1126
1091	1282
1091	1576
1091	1756
1092	1261
1092	1434
1092	1464
1092	1731
1093	1524
1093	1957
1094	1341
1094	1392
1096	1173
1096	1678
1096	1687
1098	1239
1098	1780
1099	1114
1099	1131
1099	1219
1099	1521
1099	1711
1100	1462
1101	1421
1101	1660
1101	1963
1102	1467
1102	1725
1102	1809
1103	1377
1103	1413
1104	1587
1105	1821
1106	1294
1106	1311
1106	1546
1107	1600
1107	1610
1107	1776
1109	1314
1109	1372
1109	1689
1109	1953
1110	1182
1112	1339
1113	1419
1113	1620
1113	1946
1114	1403
1115	1309
1115	1651
1116	1629
1116	1699
1116	1772
1116	1933
1117	1134
1117	1141
1117	1239
1117	1284
1117	1548
1117	1661
1119	1174
1119	1474
1120	1171
1120	1183
1120	1281
1120	1911
1120	1945
1121	1866
1121	1963
1122	1144
1122	1194
1122	1448
1122	1741
1122	1864
1124	1256
1124	1417
1125	1287
1125	1363
1125	1529
1125	1926
1126	1223
1128	1225
1130	1970
1131	1228
1133	1234
1133	1571
1133	1594
1133	1760
1134	1616
1134	1637
1135	1883
1136	1624
1136	1833
1136	1913
1137	1409
1138	1263
1138	1369
1138	1420
1138	1545
1138	1578
1139	1624
1139	1828
1140	1478
1140	1902
1142	1525
1142	1714
1142	1783
1143	1443
1144	1467
1145	1191
1146	1731
1146	1737
1147	1395
1147	1411
1148	1387
1148	1793
1149	1208
1149	1522
1150	1445
1150	1998
1151	1228
1151	1273
1151	1532
1152	1170
1152	1250
1152	1463
1153	1198
1153	1265
1153	1287
1153	1498
1154	1193
1154	1513
1155	1186
1155	1572
1155	1860
1156	1801
1157	1545
1158	1627
1159	1855
1160	1700
1160	1863
1161	1395
1161	1771
1162	1697
1163	1405
1163	1997
1164	1508
1164	1526
1164	1785
1164	1829
1165	1301
1165	1611
1165	1615
1165	1765
1166	1621
1166	1650
1167	1869
1168	1172
1168	1219
1169	1440
1169	1495
1169	1769
1169	1781
1171	1437
1171	1481
1171	1598
1172	1243
1172	1662
1174	1324
1174	1642
1175	1427
1176	1620
1176	1693
1176	1858
1177	1480
1177	1513
1177	1643
1177	1937
1179	1215
1179	1949
1180	1994
1182	1264
1182	1721
1182	1793
1182	1839
1183	1926
1184	1200
1184	1389
1186	1523
1187	1497
1187	1578
1187	1890
1188	1354
1189	1234
1189	1292
1189	1430
1190	1342
1191	1385
1191	1684
1191	1824
1191	1864
1192	1390
1192	1795
1192	1901
1193	1334
1194	1788
1195	1886
1196	1547
1197	1316
1199	1583
1199	1859
1200	1556
1200	1990
1202	1997
1203	1564
1204	1265
1204	1466
1204	1679
1204	1817
1206	1620
1206	1689
1207	1239
1207	1449
1207	1995
1208	1702
1208	1865
1210	1989
1211	1294
1211	1465
1211	1816
1212	1363
1212	1802
1212	1903
1213	1297
1214	1783
1214	1830
1214	1873
1214	1984
1215	1292
1215	1403
1215	1417
1215	1436
1216	1408
1216	1695
1216	1962
1217	1461
1217	1551
1218	1911
1219	1230
1221	1291
1221	1851
1222	1480
1222	1618
1223	1500
1224	1325
1225	1303
1225	1437
1226	1960
1227	1445
1227	1487
1228	1541
1229	1924
1230	1417
1230	1435
1230	1694
1231	1281
1231	1882
1231	1952
1232	1636
1233	1641
1233	1731
1234	1685
1235	1479
1236	1509
1236	1591
1237	1665
1238	1623
1238	1700
1238	1912
1238	1970
1239	1275
1239	1289
1239	1400
1239	1997
1240	1921
1240	1977
1241	1350
1242	1496
1242	1617
1242	1908
1243	1751
1245	1556
1247	1993
1249	1550
1249	1573
1250	1535
1251	1726
1252	1711
1253	1477
1253	1506
1253	1850
1254	1967
1255	1262
1255	1276
1255	1632
1257	1702
1259	1264
1259	1612
1260	1972
1261	1583
1262	1442
1262	1555
1262	1665
1262	1764
1264	1838
1266	1308
1266	1375
1266	1401
1266	1527
1266	1742
1267	1573
1267	1594
1267	1601
1268	1884
1268	1992
1269	1289
1269	1330
1269	1874
1270	1895
1271	1472
1271	1563
1273	1694
1273	1914
1274	1604
1275	1384
1276	1614
1276	1696
1278	1636
1278	1850
1279	1417
1280	1431
1280	1551
1281	1661
1282	1711
1282	1813
1282	1994
1283	1717
1284	1682
1285	1429
1285	1453
1286	1650
1286	1740
1287	1446
1288	1857
1288	1965
1289	1902
1290	1443
1290	1984
1291	1586
1291	1773
1292	1885
1292	1912
1293	1294
1293	1444
1293	1907
1294	1605
1295	1884
1296	1755
1296	1806
1297	1767
1298	1401
1298	1630
1298	1642
1299	1317
1299	1515
1299	1542
1299	1611
1299	1765
1300	1580
1301	1333
1301	1411
1301	1816
1301	1943
1302	1563
1302	1761
1303	1763
1304	1691
1304	1704
1306	1836
1306	1967
1307	1421
1307	1634
1308	1607
1309	1810
1309	1938
1310	1493
1310	1532
1311	1636
1311	1853
1312	1395
1312	1638
1313	1386
1314	1475
1314	1869
1315	1338
1317	1381
1321	1460
1322	1786
1322	1844
1324	1724
1324	1746
1325	1530
1327	1462
1328	1924
1328	1997
1329	1386
1329	1708
1330	1785
1332	1528
1332	1996
1333	1605
1333	1983
1334	1381
1334	1441
1335	1496
1336	1408
1336	1887
1337	1556
1338	1381
1341	1476
1341	1626
1342	1348
1342	1415
1342	1532
1342	1710
1342	1711
1343	1720
1343	1884
1344	1667
1345	1640
1345	1733
1346	1649
1347	1724
1347	1872
1349	1644
1350	1866
1351	1517
1352	1445
1352	1479
1353	1992
1355	1790
1356	1522
1358	1655
1358	1966
1359	1606
1359	1680
1360	1372
1360	1401
1360	1749
1361	1568
1362	1464
1364	1753
1364	1913
1365	1426
1365	1453
1365	1485
1365	1798
1366	1483
1366	1544
1367	1508
1367	1549
1368	1663
1368	1876
1368	1985
1369	1471
1369	1645
1369	1711
1369	1968
1370	1607
1370	1653
1371	1548
1372	1766
1373	1447
1374	1918
1375	1392
1375	1502
1376	1383
1376	1509
1379	1548
1380	1553
1381	1783
1381	1930
1382	1975
1383	1581
1383	1722
1383	1744
1384	1582
1386	1768
1386	1960
1387	1586
1387	1726
1389	1501
1391	1549
1392	1534
1393	1448
1393	1867
1393	1900
1395	1643
1396	1559
1396	1605
1397	1793
1398	1863
1399	1788
1400	1871
1401	1572
1402	1461
1402	1555
1402	1567
1402	1919
1404	1677
1405	1723
1407	1509
1408	1425
1409	1777
1410	1954
1412	1906
1413	1532
1413	1635
1413	1876
1414	1830
1414	1898
1414	1950
1415	1700
1415	1964
1415	1968
1418	1572
1418	1841
1419	1539
1419	1676
1420	1843
1421	1665
1421	1780
1423	1587
1424	1722
1424	1771
1425	1530
1425	1768
1425	1797
1425	1879
1427	1968
1429	1692
1429	1913
1429	1937
1429	1975
1430	1743
1430	1818
1430	1995
1431	1655
1431	1788
1435	1748
1435	1944
1436	1511
1436	1859
1437	1565
1438	1836
1438	1894
1439	1530
1440	1807
1440	1898
1441	1844
1441	1883
1441	1900
1445	1677
1445	1874
1446	1534
1447	1723
1447	1832
1448	1915
1449	1906
1450	1561
1450	1570
1451	1662
1452	1570
1452	1842
1453	1610
1453	1615
1454	1663
1455	1591
1455	1902
1455	1946
1455	1947
1456	1584
1459	1557
1460	1526
1460	1553
1460	1923
1461	1512
1461	1698
1462	1584
1464	1585
1467	1948
1470	1605
1471	1697
1471	1891
1471	1907
1472	1815
1473	1516
1474	1843
1475	1649
1475	1957
1476	1670
1476	1980
1477	1799
1480	1667
1482	1582
1482	1654
1482	1786
1485	1491
1486	1553
1487	1500
1488	1643
1488	1721
1488	1804
1489	1563
1489	1692
1489	1965
1490	1494
1490	1811
1491	1964
1491	1974
1492	1892
1493	1494
1493	1741
1495	1748
1496	1667
1498	1541
1498	1688
1499	1666
1502	1634
1502	1886
1503	1564
1503	1757
1504	1516
1504	1757
1505	1695
1505	1814
1505	1946
1506	1816
1506	1861
1507	1694
1508	1565
1508	1599
1508	1968
1509	1663
1509	1979
1511	1978
1512	1520
1512	1622
1512	1800
1514	1862
1515	1800
1515	1929
1516	1592
1516	1664
1516	1760
1518	1939
1519	1723
1520	1620
1520	1785
1520	1811
1522	1907
1524	1647
1525	1751
1525	1979
1526	1575
1528	1991
1530	1557
1531	1790
1532	1560
1532	1947
1533	1937
1535	1939
1537	1794
1537	1906
1537	1940
1537	1955
1538	1871
1538	1872
1539	1553
1539	1635
1541	1689
1542	1652
1542	1664
1543	1859
1544	1755
1548	1628
1548	1904
1550	1969
1551	1800
1551	1837
1551	1923
1552	1759
1553	1835
1554	1714
1555	1739
1556	1787
1558	1616
1559	1739
1559	1838
1560	1889
1562	1567
1562	1612
1562	1768
1562	1837
1562	1949
1564	1675
1564	1899
1564	1955
1566	1801
1567	1703
1570	1691
1571	1830
1571	1857
1572	1798
1573	1946
1579	1878
1581	1984
1582	1681
1583	1787
1584	1695
1584	1928
1585	1793
1588	1733
1588	1769
1589	1705
1591	1917
1592	1811
1593	1886
1594	1689
1595	1603
1596	1679
1596	1823
1597	1717
1599	1886
1601	1829
1601	1919
1603	1620
1603	1880
1604	1886
1609	1755
1609	1784
1611	1651
1616	1645
1618	1893
1621	1880
1621	1980
1622	1644
1622	1946
1623	1830
1626	1814
1626	1939
1627	1753
1628	1895
1630	1823
1632	1935
1632	1969
1633	1837
1633	1844
1636	1742
1638	1705
1641	1666
1641	1714
1641	1926
1642	1919
1643	1724
1643	1772
1644	1747
1644	1875
1644	1904
1644	1950
1646	1739
1648	1822
1649	1984
1650	1780
1651	1709
1652	1913
1654	1703
1654	1800
1654	1942
1665	1766
1669	1757
1669	1828
1672	1780
1672	1827
1672	1914
1675	1819
1679	1712
1679	1724
1681	1973
1682	1786
1684	1702
1684	1843
1685	1820
1685	1945
1687	1712
1688	1973
1692	1718
1696	1786
1697	1834
1701	1978
1703	1941
1705	1855
1707	1827
1707	1845
1710	1920
1712	1913
1712	1926
1716	1945
1717	1883
1719	1816
1719	1938
1720	1971
1721	1751
1721	1780
1726	1844
1731	1754
1731	1898
1734	1919
1734	1982
1737	1772
1742	1976
1746	1840
1750	1771
1752	1754
1752	1898
1753	1972
1753	1989
1754	1950
1755	1797
1756	1891
1761	1923
1761	1951
1764	1984
1770	1834
1770	1898
1774	1864
1775	1996
1776	1874
1778	1846
1788	1917
1794	1947
1795	1926
1796	1883
1798	1974
1803	1915
1805	1824
1806	1844
1811	1962
1811	1986
1815	1997
1818	1939
1832	1960
1833	1996
1835	1983
1839	1957
1843	1894
1845	1959
1847	1888
1847	1949
1847	1972
1848	1887
1857	1908
1873	1991
1875	1976
1878	1951
1896	1928
1898	1998
1899	1959
1901	1909
1905	1929
1907	1965
1909	1956
1912	1953
1912	1998
1913	1962
1915	1969
1927	1947
1929	1968
1937	1957
1946	1987
1968	1978