0	57
0	155
0	574
0	1270
0	1655
1	124
1	977
1	1963
2	17
2	625
2	935
2	1732
2	1941
3	86
3	397
3	1298
3	1355
4	422
4	775
4	887
4	1223
4	1383
4	1997
5	6
5	697
5	1159
6	26
6	1210
6	1458
6	1468
6	1519
6	1540
7	286
7	467
7	527
7	545
7	981
7	1734
8	262
8	586
8	1325
8	1397
8	1636
9	369
9	1462
9	1538
10	104
10	1364
11	122
11	1277
11	1544
11	1581
12	921
13	685
13	841
13	1329
13	1556
14	348
14	1353
15	1986
16	547
16	790
16	1770
17	1050
17	1086
17	1266
17	1344
17	1393
18	575
18	731
18	1118
19	1435
20	767
20	880
20	970
20	1520
21	406
21	568
21	1876
21	1883
22	220
22	323
22	597
22	814
22	1070
22	1462
22	1544
23	288
23	1260
23	1274
23	1417
24	507
24	800
24	1295
24	1880
25	271
25	427
25	459
25	578
25	788
25	1332
25	1786
25	1981
26	142
26	1319
26	1442
26	1737
26	1778
27	412
27	906
27	1416
27	1455
27	1938
28	251
28	610
28	847
28	1156
28	1448
29	854
29	1143
29	1730
29	1932
30	458
30	589
31	1678
32	729
32	1515
33	255
33	1081
33	1468
33	1694
34	543
34	850
34	970
34	1340
34	1359
35	845
35	1663
36	121
36	897
36	1144
36	1150
36	1325
36	1447
36	1621
37	248
37	292
37	308
37	792
38	327
38	733
38	1018
38	1098
38	1136
38	1300
39	431
39	632
39	1539
39	1782
40	51
40	324
40	840
40	946
40	1019
40	1661
41	278
41	332
41	540
41	549
41	671
41	861
41	895
41	1162
41	1889
42	1128
42	1882
43	119
43	973
43	993
43	1087
43	1193
43	1296
43	1656
43	1968
44	826
44	891
44	1890
44	1910
45	416
45	578
45	806
45	1085
45	1978
46	111
46	968
46	1512
46	1520
46	1559
46	1604
47	215
47	722
47	1211
47	1283
47	1713
47	1787
48	264
48	725
48	1239
48	1409
49	631
49	702
49	929
49	1040
49	1247
49	1327
49	1927
50	219
50	1114
50	1259
50	1572
50	1978
51	961
52	600
52	604
52	1159
52	1288
52	1551
52	1607
52	1705
53	589
53	888
53	1031
53	1841
54	139
54	421
54	435
54	992
54	1300
54	1334
54	1983
55	1103
55	1205
55	1427
56	993
56	1249
56	1641
57	545
57	721
57	1151
57	1242
57	1458
57	1793
58	1611
59	61
59	986
59	1211
60	650
60	1228
60	1705
60	1956
61	873
61	922
61	1372
61	1630
61	1650
62	761
62	1707
63	764
64	560
64	1123
64	1125
64	1555
65	166
65	343
65	347
65	833
65	1129
65	1353
65	1970
66	241
66	1053
66	1674
66	1872
66	1921
67	598
67	790
67	931
68	245
68	549
68	561
68	1025
68	1249
68	1493
68	1848
68	1995
69	736
69	962
69	1020
69	1202
69	1443
70	506
70	749
71	161
71	1365
71	1518
71	1732
72	481
72	586
72	1773
73	134
73	1141
73	1781
74	171
74	768
74	1210
74	1293
74	1490
75	522
75	609
75	625
76	380
76	1727
77	772
77	821
77	1490
78	803
78	1125
78	1328
78	1723
79	170
79	1129
79	1495
79	1895
80	1452
80	1672
81	197
81	838
81	1631
81	1713
81	1795
82	661
82	909
82	1845
82	1891
82	1903
83	899
84	1871
85	348
85	716
85	1767
86	292
86	445
86	627
86	1014
87	763
87	865
87	907
87	1441
87	1892
88	243
88	872
88	1102
88	1600
88	1778
88	1874
89	639
89	670
89	997
89	1432
89	1824
89	1918
90	644
90	691
90	720
90	1442
91	586
91	1204
91	1246
91	1683
92	780
92	980
92	1120
93	172
93	900
93	1186
94	910
94	1440
94	1782
94	1879
95	765
95	1146
95	1207
96	427
96	501
96	552
96	745
96	1007
96	1514
96	1573
97	242
97	327
97	421
97	706
97	973
97	993
98	506
98	1344
98	1430
98	1755
99	298
99	788
99	1909
99	1971
100	235
100	750
100	1113
100	1513
100	1660
100	1810
100	1849
101	1437
102	300
102	384
102	389
102	428
102	525
102	845
102	1234
103	664
103	1248
103	1273
103	1279
104	267
104	862
104	1092
104	1622
105	107
106	911
106	1772
106	1777
107	775
107	1727
108	894
109	734
109	811
109	1259
109	1783
110	606
110	675
110	781
110	953
110	1649
110	1722
110	1760
110	1825
111	331
111	1232
111	1768
112	169
112	936
112	1962
113	1218
113	1593
113	1986
114	212
114	912
114	1221
115	240
115	685
115	1052
116	239
116	1054
116	1661
117	519
117	1152
117	1178
117	1697
118	468
118	573
118	1935
119	134
119	1121
119	1319
119	1330
119	1570
119	1866
120	827
120	1486
120	1873
121	422
121	566
121	581
121	802
121	1819
121	1960
122	496
122	890
122	1861
123	348
123	605
123	1517
124	837
124	1075
124	1247
124	1663
124	1897
125	1625
125	1870
125	1934
126	362
126	400
126	733
126	1341
126	1523
127	140
127	227
127	348
127	951
127	1542
127	1757
128	452
128	657
128	1334
128	1374
128	1706
129	139
129	227
129	339
129	991
129	1557
130	312
130	658
130	1076
130	1673
130	1977
131	277
131	1439
132	191
132	421
132	482
132	1015
132	1728
133	154
133	1204
133	1406
133	1549
133	1809
133	1810
134	395
134	486
134	924
134	1113
134	1915
135	854
135	1100
135	1429
135	1754
135	1958
136	572
136	1757
136	1918
137	257
137	863
137	894
137	1474
137	1553
137	1829
137	1853
138	459
138	731
138	1299
138	1653
138	1788
139	592
139	1055
139	1270
139	1884
140	502
140	1071
140	1113
140	1428
140	1898
141	835
141	1061
142	219
142	459
142	1619
143	445
143	1169
144	352
144	1357
144	1685
144	1696
144	1880
145	192
145	1880
146	879
146	1101
146	1296
146	1317
146	1930
147	527
147	665
147	1129
147	1175
147	1964
148	253
148	1173
148	1302
149	381
149	869
149	970
149	1141
150	361
150	503
150	570
150	982
150	1105
150	1425
150	1541
150	1804
150	1941
151	494
151	787
151	937
151	1478
151	1660
152	286
152	435
152	461
152	651
152	675
152	992
153	248
153	413
153	482
153	1601
154	467
154	635
154	884
154	1074
154	1215
154	1944
154	1964
155	387
155	1025
155	1471
155	1519
156	665
157	254
157	1415
157	1492
157	1595
157	1921
158	974
159	485
159	556
159	711
159	1033
159	1641
159	1896
160	553
160	927
160	1883
161	571
161	664
161	1259
161	1263
162	279
162	639
162	875
162	1257
162	1501
162	1516
162	1971
163	222
163	969
163	1599
163	1718
164	341
164	702
164	1342
165	845
165	1413
165	1440
166	531
166	549
166	991
166	1125
166	1467
167	221
167	590
167	1887
167	1979
168	1390
169	446
169	893
169	919
169	1299
169	1531
169	1641
169	1924
170	1226
171	254
171	1376
171	1535
171	1656
172	250
172	1310
172	1495
172	1818
173	326
173	335
173	1125
173	1886
173	1934
173	1969
174	340
174	492
174	750
174	785
174	1229
175	284
175	757
175	894
176	842
176	1706
177	375
177	472
177	957
177	1333
177	1945
178	476
178	1114
178	1171
178	1679
179	1005
179	1111
180	263
180	312
180	983
180	1418
180	1852
181	229
181	1552
182	420
182	1555
182	1846
182	1896
183	988
183	1066
183	1289
183	1426
183	1718
183	1811
184	1294
184	1300
184	1722
185	400
185	417
185	1037
185	1421
186	270
186	513
186	1826
187	1298
187	1499
187	1991
188	759
188	1124
188	1980
189	266
189	438
189	502
189	626
189	1082
190	1089
191	589
191	948
191	1817
192	1133
192	1144
192	1554
192	1796
192	1957
193	904
193	1247
193	1761
193	1982
194	584
194	643
194	911
195	639
195	831
195	884
195	1198
195	1519
196	242
196	441
196	745
197	902
197	1997
198	919
198	1498
199	233
199	494
199	750
199	845
199	988
199	1147
199	1248
199	1313
200	1045
200	1241
200	1318
200	1834
200	1860
201	606
202	1322
203	288
203	423
203	1034
203	1057
203	1078
204	1041
204	1107
204	1368
204	1400
204	1478
204	1498
204	1578
205	257
205	811
205	842
205	1566
206	442
206	1996
207	787
207	972
207	1995
208	1054
208	1530
208	1623
208	1915
209	385
209	896
209	949
209	998
209	1044
209	1280
210	526
210	725
210	1075
211	596
211	631
211	1665
211	1892
211	1911
212	927
212	1120
212	1390
212	1690
212	1830
213	588
213	1449
214	458
214	579
214	798
214	1574
214	1761
215	560
215	568
215	818
215	1783
215	1983
216	465
216	957
216	1027
216	1164
216	1374
216	1723
217	1042
218	783
218	868
218	898
218	920
218	1143
218	1337
219	1095
219	1116
219	1741
219	1937
220	1073
220	1330
220	1488
221	342
222	417
222	753
222	1104
222	1177
222	1435
222	1453
222	1468
222	1545
222	1731
223	638
223	854
223	1379
224	548
224	746
224	1002
224	1514
225	432
225	978
225	1303
225	1661
225	1796
226	960
226	1532
226	1617
226	1658
227	802
227	1465
227	1965
228	360
228	507
229	923
229	1070
230	595
230	1977
231	398
231	896
231	905
232	260
232	1055
232	1059
232	1288
232	1302
232	1312
232	1730
232	1841
233	263
233	422
233	625
234	329
234	1179
234	1790
235	364
235	429
235	446
235	748
235	1000
235	1122
235	1285
235	1420
236	736
236	1324
236	1486
236	1993
237	418
238	581
238	1351
238	1700
239	454
239	788
239	1742
240	412
240	827
240	1573
240	1806
241	479
241	1111
241	1231
241	1277
241	1664
241	1707
241	1715
242	481
242	572
242	1288
242	1509
242	1510
243	284
243	496
243	1058
243	1236
244	482
244	1174
244	1222
244	1332
245	318
245	1135
245	1572
246	308
246	820
246	968
246	1076
246	1381
246	1652
246	1841
247	557
247	708
247	1413
247	1933
248	429
248	1069
248	1085
248	1286
249	345
249	661
249	831
249	1100
249	1636
250	1185
250	1276
250	1589
250	1706
251	1029
251	1113
251	1179
251	1469
251	1623
252	566
252	1290
252	1456
252	1837
253	359
253	1135
253	1412
253	1653
254	1140
255	347
255	439
255	588
255	756
255	1436
255	1658
255	1782
256	1188
256	1203
256	1396
256	1747
257	323
257	349
257	378
257	1171
257	1248
257	1288
257	1419
257	1645
257	1748
258	1263
258	1436
259	506
259	674
259	733
259	782
259	1068
259	1454
259	1804
260	501
260	1715
261	1025
261	1282
262	1273
262	1465
262	1833
263	270
263	940
263	1298
263	1558
264	446
264	1428
264	1480
264	1490
265	485
265	572
265	826
265	1129
266	694
266	1002
266	1888
267	838
267	1624
267	1705
268	279
268	1023
268	1574
269	360
269	462
269	545
269	1442
270	1233
270	1779
270	1994
271	956
271	1346
271	1438
271	1791
271	1959
272	658
272	674
272	823
272	901
272	1460
272	1562
272	1631
273	1147
273	1852
273	1935
274	821
274	1175
274	1704
274	1965
275	1282
276	304
276	1153
277	1398
277	1797
278	668
278	832
278	1384
278	1697
279	504
279	631
279	853
279	1118
279	1186
279	1250
279	1257
279	1730
280	425
280	811
280	916
280	1339
280	1800
281	791
281	1074
281	1594
281	1867
281	1917
282	1627
282	1668
282	1754
282	1762
282	1873
283	1344
283	1857
283	1972
284	632
284	814
285	911
285	949
285	1121
285	1584
285	1804
286	466
286	724
286	1391
286	1676
287	1306
287	1942
288	476
288	823
288	1894
289	458
289	941
289	1275
290	1323
290	1570
290	1648
291	348
291	576
291	1068
291	1520
291	1937
291	1946
292	449
292	1262
292	1308
292	1620
292	1776
293	1623
293	1669
294	1898
295	729
296	636
296	758
296	1584
297	701
297	989
298	1249
298	1507
298	1899
299	314
299	551
299	1096
299	1319
299	1342
300	531
300	1562
300	1571
301	660
302	1507
302	1591
302	1641
302	1731
303	697
303	708
303	1225
303	1596
303	1859
304	1355
304	1684
305	1151
305	1639
305	1687
305	1995
306	384
306	732
306	1384
306	1570
307	402
308	1067
308	1204
308	1507
308	1673
309	427
309	1147
309	1406
309	1507
309	1896
310	1751
311	750
311	936
311	1044
311	1058
311	1824
312	456
312	873
312	1453
313	823
313	832
313	1369
314	607
314	991
314	1314
314	1866
315	374
315	1120
315	1150
315	1961
316	823
316	965
316	967
316	1325
316	1745
317	811
317	1981
318	1006
319	441
319	510
319	525
319	958
319	1323
319	1604
319	1682
320	546
320	643
320	984
320	1910
321	609
321	1247
321	1670
321	1783
322	427
322	931
322	1214
323	1011
323	1265
324	343
324	351
324	1622
325	448
325	609
325	976
325	1447
325	1537
325	1549
326	439
326	679
326	1138
326	1274
326	1342
326	1349
327	402
327	489
327	550
327	932
327	1543
328	866
328	1612
329	772
329	1503
329	1514
329	1609
329	1612
329	1751
329	1921
330	843
330	1237
330	1284
331	904
331	1176
331	1295
331	1764
331	1844
332	758
332	1257
332	1665
333	1746
334	516
334	1975
335	1043
336	363
336	1724
337	627
337	815
337	1037
337	1199
338	438
338	983
338	1486
338	1489
338	1683
338	1814
339	351
339	956
339	1370
340	688
341	473
341	1048
341	1854
342	620
342	968
342	1478
342	1488
343	955
343	1314
344	464
344	1319
344	1528
344	1558
345	538
345	770
345	999
345	1617
345	1987
346	388
346	623
346	942
346	1311
346	1697
347	351
347	1363
347	1857
347	1863
348	901
348	1499
349	351
349	925
349	1376
349	1544
349	1557
350	1252
351	669
351	735
351	1570
352	722
352	1783
353	359
353	847
353	1335
354	1343
354	1697
355	1746
355	1780
355	1946
356	1766
357	728
357	970
357	1264
357	1870
358	477
358	1362
358	1516
358	1551
358	1813
358	1814
359	1421
359	1653
359	1674
360	669
360	798
360	1576
361	368
361	1064
361	1309
361	1605
361	1835
361	1886
362	665
362	1481
363	505
363	709
363	889
363	1480
364	419
364	456
364	1017
364	1952
365	625
365	680
365	782
365	980
365	988
366	680
366	1167
366	1299
366	1816
367	1308
368	1701
369	507
369	589
369	1130
369	1436
369	1478
369	1569
370	467
370	590
370	908
370	1629
370	1668
371	644
371	869
371	935
371	999
371	1396
371	1928
372	858
372	1158
373	429
373	473
373	961
373	1128
373	1512
373	1620
373	1719
374	1140
374	1645
374	1681
375	486
375	642
375	674
375	742
375	1010
375	1316
376	469
376	1477
376	1667
376	1813
377	807
378	536
378	554
378	1093
378	1562
378	1578
378	1989
379	1807
380	570
380	773
381	604
381	775
381	1640
382	672
382	945
382	1928
382	1949
383	1716
384	825
384	1498
384	1560
385	615
385	749
385	1616
385	1662
385	1981
386	440
386	833
386	952
387	723
387	1015
387	1342
387	1350
387	1410
387	1659
387	1930
388	516
388	1426
388	1910
389	1753
390	426
390	1028
390	1926
391	1464
391	1655
391	1775
392	443
392	517
392	568
392	823
392	918
392	1325
392	1816
392	1855
393	1914
394	945
394	1019
394	1127
394	1687
394	1913
395	1375
396	1679
397	841
397	1340
397	1542
397	1940
399	966
399	1119
400	1454
400	1910
401	423
401	592
401	631
401	724
402	884
402	1234
402	1784
403	779
403	1105
403	1213
403	1598
403	1888
404	1067
405	600
406	927
406	1011
406	1150
406	1296
407	766
407	1576
407	1754
408	787
408	1213
409	1245
409	1780
410	505
410	1038
411	666
411	1851
411	1964
412	426
412	1456
412	1891
412	1917
412	1985
413	487
413	911
413	1391
413	1831
413	1841
414	552
414	705
414	734
414	823
414	1057
414	1697
414	1815
415	1275
415	1421
415	1748
416	1223
416	1521
416	1784
416	1893
417	638
417	826
417	998
417	1745
417	1860
417	1917
418	585
418	593
418	1955
419	823
419	1319
419	1390
419	1464
419	1505
419	1551
419	1978
420	1679
420	1742
420	1828
420	1970
421	995
421	1337
421	1764
422	528
422	1342
423	1122
423	1626
423	1802
423	1975
424	939
424	968
424	1682
425	655
425	697
425	1301
425	1927
426	1103
426	1217
427	998
427	1722
427	1790
428	628
428	1770
428	1935
428	1944
429	1416
430	515
430	1222
430	1848
430	1952
431	828
431	875
431	890
431	1007
431	1028
431	1077
431	1096
431	1617
432	885
432	922
432	1591
433	474
433	1478
434	1403
435	813
435	919
436	637
436	691
436	1577
436	1757
437	537
437	1825
438	800
438	841
439	658
439	892
439	1095
439	1156
440	976
440	1448
440	1679
440	1918
441	769
441	1357
442	753
442	902
442	1169
442	1631
443	1901
444	706
444	1171
444	1220
444	1555
445	499
445	1164
445	1550
446	562
446	863
446	1061
446	1596
447	991
447	1829
448	781
449	814
449	876
449	1464
449	1530
449	1792
449	1800
450	1118
450	1678
451	1902
452	625
452	1661
453	956
453	972
453	1307
453	1802
454	1106
454	1361
454	1712
455	744
455	1443
455	1759
456	1227
456	1502
456	1632
457	1059
457	1810
457	1943
457	1989
458	709
458	725
458	1157
458	1205
458	1223
458	1410
459	587
459	1143
459	1377
459	1979
460	1527
461	521
461	589
461	800
461	1050
461	1432
461	1600
463	1206
463	1475
464	575
464	687
464	1696
465	1102
465	1244
466	584
466	1024
466	1513
466	1733
467	780
467	792
467	1568
467	1740
468	504
469	677
469	1266
469	1483
470	1270
470	1580
470	1808
470	1856
471	845
471	1017
471	1368
471	1784
471	1992
472	612
472	1060
473	1100
473	1519
473	1614
473	1761
473	1812
473	1821
474	476
474	621
474	633
474	694
474	1271
474	1525
475	550
475	1274
475	1697
476	791
476	1384
476	1561
476	1900
478	993
478	1589
478	1802
479	906
479	970
479	1256
480	690
480	749
480	874
480	1362
480	1524
481	584
481	614
481	771
481	1302
481	1621
482	497
482	1296
482	1505
482	1966
483	922
483	989
483	1692
483	1924
484	606
484	807
484	1624
484	1725
485	542
485	665
485	1132
485	1500
485	1687
485	1816
485	1997
486	1016
487	891
488	903
488	996
488	1654
488	1685
489	725
489	1240
489	1389
490	780
490	1087
490	1214
491	728
491	935
491	939
491	1329
491	1450
491	1647
492	896
493	1006
494	1087
495	524
495	1304
495	1421
495	1655
495	1979
496	947
498	817
498	1162
498	1542
499	949
499	1137
500	1102
501	1232
501	1347
501	1384
502	616
502	899
502	1093
502	1115
502	1162
502	1180
502	1226
502	1659
502	1894
503	710
503	1307
503	1519
503	1545
503	1992
504	601
504	885
505	1273
505	1852
505	1923
506	705
506	842
506	1113
507	1555
508	703
508	1461
509	1269
509	1625
510	951
510	1005
510	1911
511	770
511	1220
511	1496
511	1600
512	586
512	1676
512	1996
513	725
514	937
514	1546
514	1759
514	1939
515	1110
515	1815
515	1921
516	1021
516	1574
517	877
517	890
517	980
517	1351
517	1699
518	584
518	870
518	966
518	1644
518	1692
519	633
519	738
519	968
519	1509
520	1083
520	1319
520	1379
520	1402
520	1713
521	641
521	706
521	944
521	1383
521	1476
521	1745
522	542
522	780
522	1768
523	784
523	1685
524	1621
527	663
527	1053
527	1832
528	854
528	1003
528	1753
528	1762
529	666
529	727
529	910
529	1099
529	1159
529	1195
529	1571
529	1575
530	571
530	662
530	676
530	809
530	1737
531	1639
532	1772
533	549
533	702
533	1676
533	1918
534	1163
534	1202
534	1511
534	1693
535	913
536	1596
536	1712
536	1878
537	598
538	547
538	1032
538	1795
539	927
539	1502
540	1903
541	976
541	1489
541	1687
542	1870
543	630
543	1497
543	1718
544	784
544	1275
545	547
545	592
545	704
545	768
545	1378
545	1808
545	1846
545	1864
546	652
546	773
546	934
547	618
547	1629
547	1711
548	1897
549	613
549	776
549	883
549	1452
549	1818
550	953
550	1235
550	1375
551	1096
551	1114
552	705
553	938
553	1325
553	1665
554	674
554	696
554	742
554	914
554	1509
554	1538
554	1998
555	1400
555	1404
556	807
556	1365
557	904
557	1739
557	1892
558	636
558	856
558	1671
558	1682
559	946
559	1251
559	1660
559	1864
560	842
560	981
560	1142
560	1324
560	1406
561	1279
561	1281
562	1201
562	1356
562	1546
562	1564
562	1898
562	1988
563	1144
564	701
564	722
564	1391
564	1451
565	1052
566	661
566	1074
566	1886
567	651
567	840
567	852
567	1262
567	1754
567	1857
568	600
569	1175
569	1593
570	1913
571	624
571	999
571	1833
572	1503
572	1672
572	1728
572	1861
573	1980
574	1038
574	1140
574	1378
574	1436
574	1888
575	1163
576	646
576	679
576	1340
576	1471
577	1718
578	1267
578	1362
579	714
579	928
579	1916
580	755
580	1322
580	1644
580	1685
580	1773
581	890
581	1152
581	1519
581	1898
582	1388
582	1614
583	1148
583	1594
583	1870
584	1225
585	1675
585	1856
586	985
586	1765
587	626
587	1036
588	758
588	1833
589	898
589	1162
590	1069
590	1248
590	1252
590	1254
590	1491
590	1676
590	1886
590	1917
590	1920
591	1937
592	631
592	664
592	856
592	861
592	1004
593	1027
593	1790
594	1371
595	932
595	1839
597	1816
598	904
598	1030
598	1339
599	1824
600	1054
600	1566
601	635
601	949
601	1471
601	1644
601	1646
601	1852
602	636
603	1153
604	768
604	809
604	1035
604	1175
604	1798
604	1849
605	802
605	1264
605	1625
605	1741
606	629
606	634
606	837
606	993
606	1078
606	1168
606	1476
606	1484
606	1599
606	1633
606	1949
607	1300
608	1062
608	1610
608	1863
609	633
609	657
609	1748
610	717
610	1346
610	1800
611	710
611	1491
612	1047
612	1475
612	1488
612	1956
613	694
613	774
614	1155
614	1193
615	880
616	874
616	1198
616	1691
617	698
617	1210
617	1262
617	1972
617	1992
618	1016
618	1393
618	1767
618	1970
619	1282
619	1636
619	1763
620	1245
620	1345
621	826
621	1007
621	1886
621	1887
622	1034
622	1447
622	1561
622	1824
623	1060
623	1298
623	1845
623	1903
623	1905
624	1322
624	1483
625	1137
626	782
626	1203
626	1557
627	1049
627	1367
627	1913
628	667
628	1445
628	1587
629	1118
629	1205
629	1312
629	1344
630	721
630	891
630	1221
630	1373
630	1653
631	1601
631	1863
631	1929
632	1093
632	1290
633	1687
634	1202
634	1300
634	1312
635	873
635	1046
635	1079
635	1934
637	1619
637	1831
638	1561
639	1701
639	1871
640	1397
640	1723
640	1871
641	872
642	777
642	1700
642	1772
643	883
643	1466
643	1603
643	1897
644	1901
645	921
645	954
645	1540
646	669
646	857
646	1371
647	796
647	865
647	1382
647	1554
648	715
648	760
649	949
649	1254
649	1842
650	721
650	1365
650	1403
651	701
651	1030
651	1192
651	1398
651	1646
652	794
652	826
653	1196
653	1296
654	703
654	1404
654	1560
654	1842
654	1963
655	956
655	988
655	1544
655	1894
655	1947
656	753
656	1361
657	1235
658	1183
658	1186
658	1241
658	1937
659	943
659	1035
660	1236
660	1907
660	1980
661	779
661	907
661	1201
661	1643
661	1905
662	930
662	980
662	1009
663	674
663	760
663	822
663	1687
664	669
664	1453
664	1683
665	942
665	1283
666	1045
666	1084
666	1522
666	1547
666	1979
667	1198
667	1465
667	1507
667	1870
668	720
669	1274
670	787
670	1418
670	1484
670	1869
672	838
672	1527
672	1900
673	962
673	1080
673	1715
674	1921
675	702
675	840
675	1027
675	1193
676	871
676	1142
676	1256
677	836
677	1109
677	1182
677	1291
677	1591
677	1864
678	1857
679	980
679	1727
681	1153
681	1237
681	1904
682	713
682	887
682	1165
682	1552
682	1768
683	964
683	1023
683	1115
683	1879
684	806
684	1355
685	755
685	1293
686	1976
687	760
687	1035
687	1041
689	1050
689	1663
689	1852
690	1291
690	1346
690	1362
691	946
692	732
692	1030
692	1412
692	1649
693	722
693	814
693	1243
694	1014
695	868
695	1083
695	1490
696	851
696	868
696	1395
696	1554
696	1682
697	736
697	1063
697	1101
697	1411
697	1631
698	1418
699	1027
699	1678
699	1757
700	1053
700	1640
700	1682
700	1940
701	1558
701	1810
701	1885
702	1489
702	1624
702	1768
703	1402
703	1691
704	751
704	1448
704	1852
704	1857
705	1366
705	1562
706	1688
706	1711
706	1883
707	1389
708	1008
708	1067
708	1427
708	1938
709	1039
709	1654
710	1149
710	1162
710	1770
711	1825
712	1103
712	1946
713	882
713	1188
713	1364
713	1941
714	892
714	1270
714	1627
714	1835
715	901
715	1589
716	948
717	1939
718	1352
719	879
719	1369
719	1684
720	776
720	1465
720	1990
720	1996
721	1305
721	1564
721	1865
722	1117
722	1559
723	741
723	1163
723	1369
724	1214
724	1244
724	1375
725	748
726	957
726	1772
727	883
727	1009
727	1362
727	1420
727	1467
729	1780
730	1031
731	1323
731	1654
732	845
732	920
732	1096
732	1947
732	1948
733	1218
733	1577
734	976
734	1696
734	1935
735	1660
736	831
736	867
736	960
736	1113
736	1128
736	1422
736	1784
737	1068
737	1198
738	868
738	1610
739	979
739	1747
739	1842
739	1961
740	1163
740	1532
741	1401
741	1452
742	1382
742	1909
743	933
743	1786
743	1948
744	1722
745	878
745	1199
746	897
746	1336
747	1377
747	1924
748	835
748	1187
748	1202
748	1641
750	991
751	878
751	1271
751	1372
751	1593
751	1790
752	945
752	1726
752	1788
753	1098
753	1618
753	1673
754	1123
754	1355
754	1689
754	1787
754	1889
754	1897
756	905
756	1605
756	1800
756	1913
758	1214
759	1459
759	1476
761	1136
761	1332
761	1586
762	1565
763	947
763	1319
763	1400
763	1426
764	909
764	1300
765	1901
765	1992
767	813
767	1113
767	1443
767	1829
768	1358
768	1721
769	884
770	1549
770	1587
770	1635
771	1060
771	1089
772	1505
772	1537
772	1545
773	945
773	1519
773	1765
774	1197
774	1384
774	1545
775	792
775	940
775	1307
775	1530
776	807
778	800
778	1859
779	1610
779	1694
780	1085
780	1722
781	1565
781	1586
781	1600
782	1134
782	1498
782	1814
784	888
784	960
784	1228
784	1316
784	1999
785	911
785	1178
785	1563
785	1712
786	805
786	1111
786	1989
787	1513
787	1865
788	1487
788	1944
789	990
790	1631
790	1678
791	1210
791	1517
791	1878
792	1331
792	1976
793	1100
794	1197
794	1805
794	1871
795	830
795	1132
795	1171
795	1613
795	1743
796	1206
796	1699
796	1708
797	809
797	1017
797	1620
797	1918
797	1955
798	826
798	1183
798	1976
799	1631
799	1779
799	1829
800	1226
800	1470
801	1056
801	1365
801	1619
801	1941
802	992
802	1259
802	1764
803	1117
803	1562
804	1037
804	1791
805	1216
805	1467
805	1750
806	928
806	1040
807	837
807	1007
807	1013
807	1518
808	910
808	1327
809	1215
809	1420
809	1746
809	1802
810	1651
811	1035
811	1296
811	1487
812	1499
812	1571
812	1984
813	835
813	1653
813	1710
813	1906
813	1955
814	1508
814	1606
815	1851
815	1925
816	1145
816	1201
816	1542
816	1791
817	844
817	864
817	1843
817	1953
818	999
819	965
819	1378
820	967
820	1236
820	1712
820	1840
821	1246
821	1704
822	1213
823	1100
823	1482
823	1665
824	840
824	1678
824	1696
824	1822
824	1976
825	911
825	1274
826	870
827	1132
827	1191
827	1656
827	1761
827	1851
828	850
828	908
828	1184
829	1270
829	1346
830	1210
830	1336
830	1490
830	1855
831	1592
831	1626
831	1837
831	1903
831	1908
832	978
833	884
833	1248
833	1806
834	1591
835	934
835	1643
835	1833
835	1888
836	918
837	1343
837	1604
837	1687
837	1781
837	1858
838	1642
838	1816
839	1650
839	1662
839	1933
840	883
840	1283
840	1681
841	1603
842	951
842	1050
842	1177
842	1548
843	1428
843	1587
843	1665
844	848
844	1409
844	1522
844	1560
844	1775
845	858
845	1093
845	1447
845	1656
846	1142
846	1831
847	1875
848	1200
848	1357
848	1662
848	1835
849	880
849	981
849	1117
849	1425
849	1505
849	1688
850	1267
850	1458
850	1596
851	886
851	945
851	1077
851	1110
851	1560
851	1774
851	1877
852	1149
852	1721
852	1931
852	1979
853	1636
854	986
854	1042
854	1044
854	1055
854	1320
855	1411
855	1423
855	1662
856	1078
856	1103
856	1354
856	1689
857	925
857	1558
857	1606
857	1711
857	1936
858	1017
858	1107
858	1687
859	945
859	1243
859	1627
860	1045
861	967
861	1164
862	905
862	1344
862	1919
864	1054
864	1140
864	1152
864	1662
864	1999
865	1176
865	1587
865	1984
866	1274
866	1568
866	1675
867	1235
867	1727
868	1388
869	1142
869	1241
869	1469
869	1546
869	1639
870	948
871	1268
872	1848
873	913
873	1105
873	1150
873	1446
873	1928
874	1056
874	1465
875	947
875	1199
875	1662
876	1527
876	1609
878	994
878	1306
879	996
879	1220
879	1675
879	1745
879	1869
880	918
880	1709
881	1419
881	1547
881	1685
881	1716
882	1170
882	1173
882	1292
882	1332
883	1077
883	1128
884	1169
884	1242
884	1350
884	1382
885	1125
885	1151
885	1934
887	1511
887	1740
887	1915
887	1923
888	1343
888	1585
888	1642
888	1704
888	1720
890	1010
890	1112
891	1363
891	1602
892	1714
893	1041
893	1667
893	1816
895	1931
895	1980
896	953
896	1827
898	1071
898	1094
899	1316
899	1388
899	1522
899	1852
900	943
900	1333
900	1671
901	1107
902	1013
902	1370
902	1786
902	1807
902	1888
904	1039
905	1127
905	1140
905	1206
906	907
906	1021
906	1153
907	1002
907	1519
907	1806
908	987
908	1175
908	1441
908	1887
910	1196
910	1385
911	1085
912	1212
912	1351
912	1479
912	1985
913	1638
913	1667
914	955
914	1104
914	1486
914	1682
915	1110
916	967
916	1512
916	1543
916	1705
916	1903
916	1975
917	1518
918	1597
918	1628
918	1825
920	1393
920	1510
921	1325
921	1437
921	1604
921	1732
922	936
922	944
922	1474
922	1841
922	1931
923	1525
924	1763
925	1605
926	945
926	1324
926	1364
926	1399
926	1987
927	1227
927	1818
928	1157
928	1700
930	1247
930	1555
930	1977
931	951
931	1211
931	1346
931	1537
932	1234
932	1845
933	948
933	1340
933	1519
933	1958
935	1445
935	1902
937	1566
938	1032
938	1683
939	1263
939	1422
939	1482
939	1579
939	1638
939	1854
940	1175
940	1288
940	1497
940	1606
940	1702
941	1354
942	1172
942	1629
943	1839
944	984
945	1518
945	1539
945	1561
946	1142
946	1862
947	1029
947	1069
947	1351
948	1020
948	1076
948	1567
949	1071
949	1325
949	1505
949	1553
949	1688
950	1185
950	1844
951	1752
952	962
952	1488
952	1863
953	1013
953	1450
953	1929
954	1562
954	1643
954	1777
954	1970
955	965
955	1138
955	1436
955	1532
955	1982
956	991
956	1238
956	1491
956	1674
957	974
957	1560
957	1833
958	985
958	1151
958	1573
958	1753
958	1889
958	1954
959	1736
960	1511
960	1516
960	1567
961	1201
961	1732
961	1888
962	1391
962	1710
963	1277
964	1075
964	1281
964	1713
965	1165
966	1127
966	1438
967	1058
967	1114
967	1307
968	1067
968	1428
968	1570
969	1126
969	1181
969	1466
969	1615
970	1156
970	1161
970	1276
970	1422
971	1187
971	1686
972	1091
972	1446
972	1567
972	1648
972	1652
973	976
973	1496
973	1866
974	1601
974	1658
974	1711
975	1219
975	1242
975	1672
975	1878
975	1929
976	1186
976	1248
976	1322
976	1404
976	1645
976	1745
977	1071
978	1273
978	1326
979	1460
979	1614
979	1627
981	1731
981	1829
982	1257
984	1337
985	1044
985	1369
987	1124
987	1766
988	1084
988	1146
988	1527
988	1902
988	1962
989	1033
989	1621
989	1855
991	1414
992	1942
993	1081
993	1446
993	1777
993	1911
993	1914
994	1637
994	1918
994	1981
995	1074
995	1101
995	1384
995	1426
996	1069
996	1515
996	1627
997	1889
998	1235
998	1786
998	1819
999	1156
999	1206
999	1346
999	1391
999	1969
1000	1389
1000	1738
1000	1743
1001	1212
1001	1359
1001	1475
1001	1942
1002	1021
1002	1271
1002	1747
1002	1992
1003	1617
1003	1719
1003	1952
1004	1279
1004	1342
1004	1948
1005	1157
1005	1231
1005	1278
1005	1630
1006	1253
1007	1060
1007	1615
1007	1861
1008	1761
1008	1838
1009	1136
1010	1040
1011	1420
1011	1643
1011	1743
1012	1738
1013	1046
1013	1305
1013	1491
1014	1100
1014	1314
1014	1389
1015	1160
1016	1324
1017	1534
1018	1519
1018	1876
1019	1533
1020	1649
1020	1655
1020	1787
1021	1111
1021	1477
1021	1734
1022	1063
1022	1909
1023	1974
1024	1271
1024	1938
1025	1656
1025	1788
1026	1216
1026	1432
1026	1474
1027	1450
1028	1936
1029	1148
1029	1863
1030	1448
1031	1557
1031	1600
1032	1434
1032	1469
1032	1895
1032	1975
1034	1494
1035	1329
1036	1089
1036	1313
1036	1706
1037	1706
1037	1713
1037	1888
1037	1943
1039	1110
1039	1240
1040	1061
1040	1332
1041	1711
1041	1917
1044	1356
1045	1183
1045	1434
1045	1459
1045	1630
1046	1937
1047	1177
1047	1622
1047	1724
1047	1825
1047	1860
1048	1230
1049	1221
1050	1124
1050	1175
1051	1107
1051	1182
1051	1273
1051	1412
1051	1747
1051	1963
1053	1430
1054	1599
1054	1701
1055	1423
1055	1712
1055	1755
1056	1093
1056	1628
1057	1391
1057	1799
1057	1967
1058	1721
1059	1301
1059	1399
1060	1234
1060	1448
1060	1755
1060	1832
1060	1922
1062	1658
1062	1993
1064	1102
1064	1612
1065	1107
1065	1191
1065	1323
1066	1190
1066	1791
1067	1333
1067	1512
1068	1347
1068	1433
1068	1964
1070	1199
1070	1780
1071	1098
1071	1200
1071	1761
1072	1242
1073	1259
1075	1489
1076	1159
1077	1363
1077	1493
1077	1671
1077	1983
1078	1625
1080	1411
1081	1160
1081	1650
1081	1874
1082	1741
1082	1808
1084	1109
1084	1505
1085	1776
1086	1429
1086	1642
1088	1642
1089	1209
1089	1328
1089	1674
1089	1875
1090	1807
1091	1189
1091	1319
1091	1560
1092	1471
1093	1105
1093	1223
1093	1401
1093	1652
1094	1317
1094	1353
1094	1538
1095	1396
1096	1102
1096	1385
1096	1393
1096	1484
1096	1968
1097	1816
1097	1942
1099	1644
1099	1969
1100	1438
1101	1299
1102	1154
1102	1459
1102	1465
1105	1570
1105	1803
1106	1889
1107	1540
1108	1224
1108	1251
1108	1775
1110	1194
1110	1225
1110	1467
1111	1404
1112	1959
1113	1234
1113	1838
1113	1932
1114	1363
1116	1949
1119	1638
1119	1663
1119	1772
1119	1845
1121	1355
1121	1592
1121	1726
1122	1621
1124	1479
1124	1558
1124	1929
1125	1348
1125	1483
1125	1891
1126	1620
1126	1652
1127	1502
1127	1941
1128	1763
1129	1417
1129	1583
1129	1665
1131	1315
1131	1423
1131	1857
1133	1383
1133	1688
1133	1809
1134	1534
1135	1554
1135	1898
1135	1939
1135	1950
1136	1722
1137	1411
1137	1436
1138	1332
1138	1399
1138	1416
1138	1500
1138	1583
1138	1627
1138	1928
1139	1345
1139	1503
1139	1788
1140	1353
1141	1209
1141	1467
1141	1793
1142	1186
1142	1332
1142	1919
1143	1438
1143	1580
1143	1581
1144	1150
1144	1803
1144	1876
1145	1699
1145	1942
1146	1210
1146	1407
1146	1437
1146	1833
1147	1458
1147	1707
1147	1862
1148	1993
1149	1390
1150	1710
1150	1741
1150	1906
1151	1853
1152	1308
1152	1637
1153	1223
1153	1230
1153	1384
1154	1345
1154	1583
1155	1483
1155	1865
1156	1821
1158	1459
1158	1607
1159	1692
1160	1482
1161	1258
1161	1557
1162	1907
1163	1362
1163	1878
1164	1364
1164	1487
1165	1920
1166	1495
1167	1324
1167	1366
1168	1960
1168	1965
1170	1421
1171	1576
1172	1885
1173	1279
1173	1690
1175	1307
1175	1346
1175	1536
1175	1851
1175	1985
1178	1275
1178	1850
1178	1897
1179	1470
1179	1861
1180	1824
1186	1652
1186	1918
1187	1771
1187	1840
1188	1714
1189	1252
1189	1615
1189	1776
1190	1751
1195	1876
1196	1203
1196	1857
1197	1557
1197	1781
1198	1362
1198	1405
1198	1482
1198	1504
1198	1816
1198	1871
1198	1975
1200	1331
1201	1225
1201	1556
1202	1338
1203	1218
1203	1862
1204	1787
1205	1401
1205	1628
1205	1710
1205	1755
1208	1248
1209	1352
1211	1917
1212	1279
1212	1849
1213	1436
1213	1765
1214	1926
1215	1386
1215	1677
1215	1862
1215	1979
1216	1615
1218	1255
1218	1667
1218	1846
1219	1437
1219	1519
1219	1595
1220	1370
1220	1435
1221	1359
1221	1863
1221	1991
1222	1392
1222	1552
1222	1981
1223	1882
1226	1758
1226	1785
1227	1353
1228	1424
1228	1453
1228	1873
1228	1989
1228	1990
1229	1506
1229	1671
1229	1981
1230	1486
1230	1708
1231	1447
1231	1544
1232	1918
1233	1671
1234	1670
1234	1858
1235	1958
1236	1314
1236	1769
1237	1452
1239	1649
1247	1794
1248	1253
1248	1883
1248	1890
1249	1484
1251	1472
1252	1305
1252	1364
1252	1896
1254	1892
1254	1922
1255	1560
1256	1490
1257	1687
1258	1372
1258	1381
1259	1372
1259	1654
1261	1422
1261	1448
1262	1977
1263	1437
1263	1603
1264	1601
1265	1401
1265	1467
1265	1786
1267	1514
1267	1892
1268	1698
1269	1472
1270	1701
1271	1472
1271	1731
1272	1903
1272	1943
1273	1387
1273	1502
1273	1866
1274	1288
1274	1618
1275	1448
1275	1925
1276	1565
1276	1790
1276	1820
1279	1482
1280	1801
1281	1374
1281	1505
1281	1951
1281	1982
1282	1769
1282	1983
1283	1591
1285	1294
1285	1437
1285	1443
1285	1989
1286	1633
1286	1923
1287	1656
1287	1766
1288	1304
1289	1845
1291	1349
1291	1470
1291	1773
1291	1960
1292	1364
1292	1377
1293	1445
1293	1643
1293	1682
1293	1703
1294	1414
1295	1356
1295	1659
1297	1358
1297	1384
1298	1930
1299	1314
1301	1448
1301	1517
1302	1445
1302	1481
1303	1780
1304	1380
1305	1651
1306	1340
1307	1454
1307	1819
1307	1922
1309	1626
1310	1961
1311	1312
1311	1535
1312	1657
1313	1531
1313	1971
1314	1837
1316	1803
1318	1332
1319	1367
1319	1774
1320	1440
1320	1753
1320	1826
1321	1350
1321	1688
1321	1710
1321	1949
1322	1667
1322	1852
1322	1931
1323	1821
1325	1434
1328	1735
1328	1841
1329	1676
1330	1536
1330	1886
1336	1361
1336	1489
1336	1593
1336	1622
1340	1404
1340	1425
1340	1512
1341	1463
1342	1936
1344	1356
1344	1457
1344	1463
1344	1612
1346	1805
1347	1348
1347	1590
1348	1404
1349	1732
1350	1548
1350	1789
1351	1757
1351	1877
1352	1357
1352	1547
1352	1581
1355	1846
1356	1582
1357	1415
1359	1777
1360	1564
1360	1884
1362	1427
1362	1680
1362	1906
1362	1946
1363	1871
1365	1696
1365	1792
1365	1956
1366	1504
1366	1965
1367	1609
1367	1988
1369	1768
1371	1492
1372	1911
1374	1494
1376	1394
1377	1522
1377	1754
1377	1776
1378	1450
1378	1642
1378	1774
1380	1386
1381	1773
1381	1929
1382	1616
1383	1661
1383	1835
1384	1753
1385	1420
1385	1950
1386	1817
1387	1613
1388	1886
1388	1949
1389	1439
1390	1914
1392	1496
1395	1468
1396	1397
1399	1689
1400	1419
1400	1741
1401	1726
1403	1453
1405	1721
1405	1759
1405	1876
1405	1959
1408	1998
1409	1456
1411	1561
1415	1496
1415	1869
1415	1982
1416	1553
1420	1904
1421	1501
1423	1655
1425	1963
1426	1994
1427	1578
1427	1820
1428	1761
1429	1478
1429	1586
1430	1676
1431	1665
1431	1875
1432	1434
1433	1601
1433	1855
1434	1755
1435	1743
1436	1720
1437	1698
1437	1706
1437	1893
1437	1930
1440	1596
1440	1708
1440	1837
1441	1714
1441	1720
1442	1846
1443	1461
1444	1653
1445	1811
1446	1580
1447	1646
1447	1690
1450	1581
1450	1676
1456	1899
1456	1996
1457	1601
1457	1674
1457	1697
1457	1744
1457	1811
1459	1623
1460	1703
1462	1827
1462	1985
1464	1717
1465	1569
1465	1680
1467	1684
1468	1831
1469	1636
1469	1812
1469	1882
1470	1931
1471	1909
1472	1548
1473	1921
1474	1810
1475	1624
1477	1990
1480	1811
1480	1901
1481	1536
1481	1878
1482	1555
1485	1836
1486	1866
1487	1763
1488	1802
1493	1956
1495	1597
1495	1617
1495	1720
1495	1759
1496	1867
1496	1904
1497	1865
1499	1944
1500	1534
1501	1587
1502	1822
1503	1565
1504	1590
1504	1857
1504	1942
1505	1751
1505	1797
1506	1740
1506	1946
1507	1825
1508	1808
1509	1611
1510	1819
1510	1924
1512	1538
1512	1592
1516	1567
1517	1607
1517	1706
1519	1773
1520	1545
1521	1880
1522	1604
1522	1759
1523	1910
1524	1936
1525	1573
1525	1952
1526	1855
1528	1788
1529	1749
1531	1806
1532	1653
1532	1664
1533	1946
1535	1797
1537	1574
1537	1734
1537	1975
1538	1738
1540	1679
1540	1944
1540	1987
1541	1809
1542	1687
1542	1795
1545	1857
1546	1644
1546	1850
1549	1700
1550	1999
1551	1821
1552	1557
1552	1559
1552	1739
1555	1631
1555	1740
1555	1801
1556	1939
1558	1661
1559	1562
1560	1718
1561	1768
1561	1806
1565	1750
1565	1820
1566	1898
1567	1675
1567	1892
1568	1823
1568	1886
1569	1597
1569	1904
1571	1767
1572	1971
1572	1992
1574	1935
1575	1950
1577	1990
1578	1603
1578	1749
1578	1855
1579	1590
1584	1788
1584	1833
1584	1885
1588	1690
1589	1683
1591	1669
1594	1739
1595	1656
1596	1890
1598	1737
1600	1668
1608	1679
1608	1988
1609	1860
1612	1762
1613	1747
1613	1915
1615	1774
1616	1632
1616	1700
1617	1934
1618	1884
1619	1759
1620	1624
1620	1637
1621	1782
1624	1748
1625	1984
1626	1651
1626	1922
1631	1799
1633	1651
1633	1728
1634	1640
1634	1675
1634	1816
1634	1889
1636	1862
1641	1784
1643	1660
1643	1729
1645	1922
1648	1876
1648	1938
1649	1824
1650	1913
1651	1779
1651	1994
1651	1998
1656	1803
1656	1839
1657	1858
1660	1699
1660	1710
1661	1687
1661	1865
1662	1998
1665	1871
1665	1890
1666	1723
1667	1958
1668	1778
1669	1784
1672	1844
1673	1996
1674	1763
1674	1802
1674	1884
1679	1870
1682	1782
1690	1930
1691	1976
1695	1880
1696	1937
1696	1940
1696	1973
1697	1841
1698	1823
1698	1886
1698	1942
1703	1796
1708	1886
1710	1748
1713	1809
1714	1886
1715	1977
1716	1940
1718	1721
1725	1867
1725	1895
1727	1840
1731	1756
1731	1941
1734	1803
1738	1868
1738	1911
1749	1752
1750	1920
1754	1789
1754	1891
1755	1865
1760	1901
1764	1886
1770	1933
1773	1914
1775	1856
1779	1847
1780	1936
1780	1998
1781	1890
1782	1922
1782	1956
1785	1929
1786	1834
1788	1968
1790	1922
1792	1977
1799	1841
1808	1822
1810	1857
1812	1820
1813	1991
1816	1915
1819	1981
1822	1854
1832	1877
1838	1913
1838	1961
1840	1865
1840	1931
1840	1986
1843	1889
1846	1969
1849	1981
1859	1888
1862	1911
1866	1900
1867	1992
1873	1918
1881	1883
1884	1934
1885	1914
1885	1994
1889	1891
1894	1995
1896	1978
1912	1999
1919	1939
1919	1950
1923	1978
1930	1966
1933	1941
1945	1962
1946	1989
1949	1982
1957	1997
1975	1988
1981	1995