0	23
0	175
0	263
0	1394
1	527
1	1109
1	1378
2	37
2	38
2	70
2	195
2	577
2	848
3	198
3	415
3	912
3	1465
3	1768
3	1937
4	13
4	117
4	1482
4	1867
5	113
6	729
6	1213
6	1504
6	1557
7	335
7	868
7	874
7	1298
7	1719
7	1751
7	1814
7	1971
8	25
8	409
8	1113
9	1432
10	479
10	868
10	1062
10	1219
10	1967
11	42
11	139
11	311
11	354
11	632
11	902
11	1855
12	789
12	1204
12	1234
12	1251
12	1750
12	1798
13	201
13	674
13	1103
13	1587
13	1947
14	124
14	156
14	514
15	876
16	96
16	1141
16	1477
17	1182
17	1395
17	1437
18	262
18	381
18	1163
19	120
19	374
19	746
19	1550
20	211
20	1205
20	1325
20	1373
20	1456
20	1530
21	74
21	335
21	352
21	1698
21	1973
22	103
22	733
22	746
22	836
23	318
23	328
24	764
25	418
25	958
25	1430
25	1903
26	213
26	267
26	759
26	1095
26	1815
27	76
27	986
27	1095
28	814
28	868
29	1081
29	1896
29	1992
30	372
30	894
31	269
31	805
31	948
31	961
31	1121
31	1200
31	1809
31	1964
32	479
32	610
32	698
32	968
32	1297
32	1727
33	133
33	622
33	840
34	407
34	576
35	89
35	1224
35	1333
35	1378
35	1803
36	986
36	1285
36	1556
37	1365
37	1388
37	1841
38	801
38	1056
38	1258
38	1674
38	1812
39	218
39	520
39	1987
40	214
40	253
40	408
40	1456
40	1853
40	1942
41	1816
42	46
42	1533
43	45
43	807
43	830
43	927
43	1197
43	1560
44	423
44	670
44	859
45	426
45	718
45	742
45	1527
46	645
46	771
46	1121
46	1379
46	1495
46	1695
46	1736
46	1861
47	233
47	827
47	1070
47	1973
48	1276
49	804
49	1201
49	1975
50	503
50	547
50	1033
50	1415
50	1618
51	153
51	1306
51	1390
52	706
53	87
53	161
53	849
53	1187
53	1381
53	1387
54	1676
55	382
55	449
55	616
55	820
55	1857
55	1999
56	205
56	1135
56	1248
57	450
57	612
57	853
57	1099
57	1555
58	73
58	252
58	497
58	927
58	996
58	1468
59	489
59	865
59	1187
59	1801
59	1930
60	1349
61	452
61	550
61	1079
61	1797
61	1856
62	475
62	604
62	1126
62	1288
62	1694
63	289
63	1040
63	1911
63	1913
64	162
64	347
64	532
64	1043
64	1211
64	1323
65	221
65	842
65	1067
66	144
66	758
66	871
66	967
66	1419
67	73
67	911
67	961
68	1708
69	484
69	893
69	1324
69	1694
69	1830
69	1941
70	321
70	1227
70	1266
70	1456
70	1607
70	1950
71	145
71	270
71	683
71	954
71	1234
71	1709
71	1727
72	604
72	737
72	1181
72	1198
72	1264
72	1447
72	1574
72	1596
72	1977
73	122
73	208
73	937
73	1301
73	1359
73	1458
73	1889
74	266
74	340
74	936
74	998
74	1736
75	463
75	1349
75	1468
75	1831
75	1891
75	1910
76	129
76	924
76	1469
77	1371
78	1502
78	1819
79	133
79	690
79	863
79	947
80	454
80	1178
81	465
81	1171
82	271
82	275
82	666
82	1103
82	1125
82	1355
82	1781
83	243
83	332
83	873
83	1024
83	1293
83	1303
83	1328
83	1742
83	1902
84	371
84	706
84	1834
85	226
85	967
85	1552
85	1678
86	250
86	447
87	342
87	356
87	907
87	990
87	1066
87	1488
87	1687
88	468
88	738
88	970
88	1586
89	1311
89	1322
89	1586
89	1715
89	1890
90	173
90	639
90	848
90	1005
90	1012
90	1814
91	114
91	1339
91	1941
92	129
92	270
92	597
92	1104
92	1452
92	1529
92	1643
92	1658
92	1821
93	114
93	224
93	837
93	869
93	1014
93	1175
93	1874
93	1984
94	178
94	279
94	631
94	842
94	1626
95	323
95	531
95	1680
95	1960
96	373
96	789
96	856
96	1365
96	1770
96	1948
97	334
97	1131
97	1337
97	1505
98	242
98	826
98	1407
98	1895
99	308
99	836
99	911
99	1010
99	1642
100	293
100	1275
101	411
101	1368
101	1774
102	1429
102	1478
103	400
103	487
103	733
103	1147
103	1157
104	170
104	940
104	1208
104	1222
105	139
105	631
105	840
105	1486
105	1804
106	755
106	1374
107	313
107	534
107	848
107	1097
107	1946
108	329
108	1873
109	1715
110	802
110	903
110	1591
111	352
111	446
111	695
111	1013
111	1305
111	1481
111	1563
111	1735
111	1862
112	1120
112	1340
112	1643
113	1074
114	413
114	1547
114	1611
114	1956
115	890
115	1170
116	1084
117	1185
117	1190
117	1291
117	1315
118	1024
118	1418
118	1601
118	1738
119	128
119	1565
119	1991
120	367
120	1389
120	1605
121	269
121	277
121	481
121	933
121	989
121	1049
122	416
122	1746
123	537
123	542
123	936
123	1103
124	270
124	823
124	1112
124	1614
124	1965
125	689
125	834
125	1477
126	1040
126	1664
127	630
127	687
127	715
127	1237
127	1386
128	321
128	818
128	969
128	1186
128	1757
129	152
129	175
129	328
129	810
129	1180
129	1507
129	1742
130	835
130	990
130	1453
131	364
131	431
131	498
131	643
131	1296
131	1560
132	375
132	799
132	939
132	1386
132	1776
132	1960
133	159
133	292
133	422
133	594
133	662
133	1570
134	229
134	1469
135	1074
135	1566
136	749
136	1661
136	1878
136	1896
137	1210
137	1651
138	737
138	1393
138	1794
139	318
139	378
139	654
139	714
139	1515
140	176
140	483
140	932
141	223
141	1574
141	1933
142	611
142	1047
142	1623
142	1943
143	194
143	346
143	1058
143	1535
143	1701
144	264
144	651
144	1272
144	1586
144	1596
145	428
145	1151
145	1188
146	471
147	458
147	805
147	1392
147	1401
148	224
148	646
148	672
148	1878
149	705
149	1144
150	1353
150	1556
150	1779
150	1902
151	375
151	627
151	841
151	1667
151	1871
151	1875
151	1977
152	170
152	246
152	1219
153	305
153	1397
153	1531
154	392
154	461
154	730
154	985
154	1244
155	524
155	949
155	1182
155	1474
155	1532
155	1642
155	1808
156	660
156	668
156	1725
157	1586
158	882
158	1177
159	228
159	531
159	910
159	1361
160	814
161	565
161	855
161	918
161	1224
161	1246
161	1967
163	1122
163	1611
164	455
164	940
164	952
164	991
164	1051
165	1368
165	1719
166	191
166	219
166	1142
167	1688
168	831
169	190
169	459
169	571
169	591
169	929
169	1323
169	1435
169	1554
169	1670
170	228
170	341
170	709
171	499
172	209
172	486
172	1030
172	1471
173	1896
174	730
174	863
174	1007
175	399
175	950
175	1210
175	1359
175	1688
176	256
176	589
176	1020
176	1080
176	1320
176	1371
176	1452
176	1756
177	661
177	1141
177	1219
177	1546
178	367
178	378
178	1465
178	1574
179	763
179	1413
180	224
180	233
180	505
180	1466
180	1936
181	613
181	666
181	1259
181	1399
181	1468
182	322
182	582
182	783
182	1471
182	1727
182	1862
183	1136
183	1466
183	1629
183	1785
183	1885
184	320
184	716
184	872
184	993
184	1071
184	1134
184	1163
185	1301
185	1330
186	504
186	632
186	1124
186	1384
186	1451
186	1580
186	1582
186	1789
187	456
187	589
187	836
187	837
187	853
187	1967
188	1026
188	1396
188	1716
188	1733
189	458
189	621
189	1392
189	1681
190	883
190	1348
190	1518
191	275
191	1575
191	1958
192	329
192	1392
192	1913
193	772
193	1082
193	1098
193	1253
193	1432
194	949
194	1281
194	1648
195	259
195	393
195	429
195	656
195	1272
195	1278
195	1443
195	1649
195	1810
195	1886
195	1979
196	311
196	1669
197	465
197	472
197	882
198	1477
198	1943
199	991
199	1068
200	1403
201	1217
201	1486
202	826
202	1250
202	1461
202	1578
202	1749
202	1913
203	416
203	1098
204	1541
204	1929
205	301
205	571
205	948
205	1951
206	579
206	750
206	1247
206	1612
207	729
207	943
207	955
207	1502
207	1519
207	1654
208	405
208	1278
208	1460
209	1115
209	1937
210	623
210	1582
211	246
211	585
211	1007
211	1565
211	1718
212	393
212	731
212	1264
212	1881
213	257
213	430
213	875
213	922
213	1147
214	878
214	966
214	1774
214	1800
214	1824
215	400
215	440
215	587
215	616
215	949
215	1381
216	407
216	471
216	778
216	1051
216	1142
216	1731
217	435
218	530
218	641
218	1389
218	1961
219	644
219	686
219	1229
219	1340
219	1474
219	1696
219	1736
220	1309
220	1556
221	1925
222	225
222	637
223	1003
224	446
224	1261
225	888
225	1021
225	1135
225	1164
225	1463
226	339
226	1122
226	1494
227	286
227	296
227	596
227	654
227	757
227	939
227	1301
227	1586
228	369
228	983
228	1081
229	245
229	353
229	720
229	1925
230	273
230	1268
230	1455
230	1844
231	1381
231	1715
232	542
232	668
232	875
232	1022
232	1319
232	1820
233	1405
233	1597
233	1718
233	1803
234	646
234	912
234	1203
234	1595
235	239
236	1806
237	1584
237	1671
237	1740
237	1911
238	286
238	1968
239	646
239	1549
239	1786
240	706
240	966
240	999
240	1062
240	1767
241	296
241	366
241	500
241	543
241	1962
242	293
242	1935
243	344
243	454
243	1452
243	1571
243	1828
244	643
244	1022
244	1149
244	1533
244	1890
245	478
245	484
245	926
245	1432
245	1840
246	474
246	1945
247	431
247	1042
248	582
248	733
248	935
248	1209
249	1253
249	1420
249	1589
250	485
250	1003
250	1219
250	1344
251	288
251	623
251	1325
251	1415
251	1753
252	561
252	843
252	898
252	965
253	344
253	345
253	1685
253	1757
254	1865
255	572
255	1007
255	1050
255	1432
255	1624
256	1622
256	1642
257	1249
258	285
258	1519
258	1628
258	1866
259	842
259	1448
259	1915
260	354
260	449
260	686
260	902
260	1288
260	1440
260	1492
260	1776
260	1957
261	748
261	845
261	1451
262	730
262	731
262	910
262	1342
262	1441
262	1472
262	1900
263	476
263	784
263	1050
263	1841
264	859
264	1356
264	1757
265	683
265	725
265	1116
265	1244
265	1413
265	1414
265	1541
266	472
266	716
266	1197
266	1374
266	1630
266	1635
266	1804
266	1833
267	291
267	418
267	850
267	1282
267	1797
267	1994
268	1053
268	1522
269	294
269	837
270	555
270	1799
270	1858
270	1882
271	1231
271	1609
272	351
272	905
273	305
273	360
273	668
273	1659
274	815
274	911
275	612
275	616
275	681
275	1009
275	1730
276	526
276	1556
276	1655
276	1743
277	940
277	1651
277	1710
278	452
278	1030
278	1103
278	1132
279	367
279	1042
279	1286
279	1507
279	1783
280	346
280	747
280	1293
280	1559
280	1564
280	1893
281	540
281	1105
281	1170
281	1225
281	1849
281	1854
282	476
282	753
282	887
282	1614
282	1825
283	428
284	1207
284	1348
284	1712
284	1932
285	1054
285	1261
285	1627
285	1698
285	1883
286	598
286	658
286	732
286	1429
286	1504
286	1966
287	647
287	913
287	1235
287	1633
287	1677
287	1718
288	517
288	999
288	1242
288	1605
288	1651
288	1858
289	920
289	1108
290	356
290	1344
290	1489
290	1555
290	1647
291	590
291	942
291	1105
291	1295
291	1364
292	887
292	1175
292	1300
292	1977
293	345
293	1585
293	1844
294	402
294	728
294	768
294	820
294	1493
294	1654
294	1664
294	1705
294	1905
295	698
295	1264
295	1286
295	1417
295	1709
295	1815
296	1152
296	1903
297	529
297	1137
297	1562
297	1950
298	894
298	1375
298	1882
299	726
299	917
299	1393
299	1403
299	1867
300	1696
300	1830
300	1877
301	958
301	1065
302	444
302	677
302	1856
303	1433
303	1921
304	429
304	704
305	1797
306	688
306	1035
306	1450
307	868
308	672
308	916
308	1711
309	947
310	1177
310	1586
310	1870
310	1992
311	1018
311	1157
311	1822
311	1994
312	657
312	1154
312	1604
313	1134
313	1346
313	1590
313	1887
314	455
314	1644
315	1486
315	1519
315	1651
315	1913
316	557
316	894
316	998
316	1233
317	585
317	793
317	879
317	1620
317	1725
318	1937
319	1609
319	1627
319	1810
320	1433
320	1973
321	377
321	418
321	986
321	1043
321	1113
321	1418
322	883
322	1770
323	951
323	1629
324	432
324	977
324	1304
324	1377
324	1679
324	1906
325	807
325	1100
325	1438
326	328
326	894
326	1852
327	344
327	618
327	920
327	1080
327	1170
327	1543
328	1296
328	1496
328	1587
329	457
329	488
329	1590
329	1697
330	406
330	1523
330	1931
331	691
331	709
331	860
331	967
331	1064
331	1394
331	1535
331	1550
332	386
332	767
332	1060
332	1216
332	1264
332	1302
332	1961
333	1312
334	796
334	903
334	1709
335	605
335	906
335	932
335	1341
335	1638
335	1863
336	351
336	1414
336	1449
336	1619
337	1356
337	1447
337	1578
337	1817
337	1985
337	1999
338	815
339	736
339	1475
339	1864
340	367
340	374
340	1467
341	698
341	834
341	1267
341	1566
342	348
342	421
342	1116
343	427
343	1937
344	1207
344	1485
344	1944
345	547
345	774
345	863
345	960
345	1806
346	379
346	460
347	1145
347	1658
348	504
348	667
349	1074
349	1113
349	1270
349	1479
349	1595
349	1638
349	1826
350	754
350	1429
351	808
351	1082
352	1251
352	1808
353	529
353	838
353	1674
354	1009
354	1386
354	1570
354	1748
354	1758
355	483
355	716
355	1306
355	1310
355	1440
355	1457
355	1672
355	1847
355	1927
356	671
356	1029
356	1768
357	547
357	792
357	1787
358	486
358	1559
359	1397
359	1620
359	1702
360	852
360	1103
360	1443
360	1459
360	1574
361	462
362	883
362	1438
362	1465
363	965
363	1036
363	1135
363	1675
364	589
364	861
364	1145
364	1749
365	764
365	830
365	1108
365	1575
366	545
368	444
368	1834
370	1578
370	1687
370	1838
371	974
371	1011
371	1553
372	855
372	1146
372	1804
373	666
373	1004
373	1018
373	1420
373	1708
374	533
374	958
376	891
376	1160
376	1885
377	741
377	1291
377	1318
377	1354
377	1884
378	519
378	1098
378	1228
378	1551
378	1605
378	1879
379	694
380	1158
380	1275
380	1331
380	1449
381	840
381	868
381	935
381	1605
381	1663
382	673
382	890
382	1182
382	1271
382	1527
383	1143
383	1199
383	1218
384	395
384	514
384	1055
384	1300
384	1533
384	1628
384	1729
385	1689
385	1891
386	676
386	910
386	1291
386	1781
387	605
387	649
387	767
387	1008
387	1322
388	535
388	604
388	810
388	1030
388	1627
388	1708
388	1931
389	680
389	1086
389	1629
389	1735
389	1857
390	963
390	1089
390	1634
391	573
391	847
391	1053
391	1571
392	1015
392	1203
392	1858
392	1944
393	1205
393	1545
393	1597
394	743
394	905
394	948
394	1587
394	1688
395	1244
395	1368
395	1758
396	443
396	1029
396	1401
397	498
397	814
398	425
398	510
398	526
398	683
398	1005
398	1644
398	1891
399	1254
399	1279
399	1546
399	1643
400	416
400	607
400	1793
401	710
401	854
401	1092
401	1195
401	1819
402	1030
402	1107
402	1516
403	502
403	921
404	1308
404	1791
405	426
405	853
405	1338
405	1908
406	626
406	1612
407	890
407	1822
408	888
408	1096
408	1223
408	1760
409	1550
409	1614
409	1678
410	666
410	1432
410	1680
410	1929
411	417
411	1180
411	1471
411	1604
412	638
414	1742
415	867
415	882
415	1669
415	1885
416	485
416	1023
416	1035
417	666
418	619
419	1682
419	1834
420	723
420	1964
421	546
422	1302
422	1774
423	1400
423	1518
423	1678
424	957
424	1428
424	1753
425	1016
425	1125
425	1907
425	1955
426	722
426	780
426	871
426	1751
426	1827
427	625
427	686
427	728
427	1358
427	1777
428	1365
428	1883
429	711
429	1104
429	1212
430	1354
430	1713
431	687
431	1013
431	1218
431	1286
431	1376
431	1629
432	504
432	659
432	667
432	1473
432	1907
433	962
433	1323
433	1622
433	1792
434	1175
434	1314
434	1662
435	521
435	971
435	1308
435	1942
435	1991
436	1798
437	486
437	622
437	791
437	955
438	535
438	1143
438	1950
439	468
439	976
440	710
441	516
441	1301
441	1310
441	1533
441	1672
441	1676
442	1027
442	1107
442	1287
442	1940
442	1952
443	612
443	1318
443	1399
443	1591
444	620
444	1871
444	1912
445	476
445	1298
445	1361
445	1439
445	1892
446	1362
446	1840
446	1915
447	736
447	764
447	1201
447	1234
447	1922
448	706
448	967
449	556
449	1758
449	1953
450	1119
450	1286
450	1444
450	1976
451	558
452	882
452	1526
452	1769
453	669
453	736
453	793
453	840
453	1573
454	1006
454	1427
454	1938
455	1170
455	1219
455	1562
455	1929
456	539
456	823
456	905
457	917
457	1002
457	1068
457	1250
457	1631
457	1764
457	1882
458	469
458	549
458	955
458	1157
458	1189
459	593
459	643
459	1145
459	1350
460	756
460	1867
461	1543
461	1918
462	564
462	1077
462	1174
462	1179
462	1403
462	1456
462	1894
463	1116
464	733
464	834
464	1260
465	1213
465	1702
466	833
466	1487
467	1547
467	1825
468	843
468	1017
468	1038
468	1060
468	1386
469	1564
469	1712
470	799
470	1213
470	1403
470	1490
471	1296
471	1491
471	1497
471	1587
471	1924
472	1268
472	1422
472	1696
472	1975
473	791
473	1936
474	1464
475	854
475	1449
475	1473
475	1635
475	1747
476	967
476	1101
476	1513
476	1990
477	781
477	1588
477	1807
478	1038
478	1236
478	1672
479	786
479	1363
479	1926
480	588
480	1530
481	721
481	749
481	1330
482	798
483	1404
483	1775
484	1949
485	753
485	1192
485	1923
486	587
486	652
486	655
486	1169
487	582
487	937
487	966
487	1169
487	1541
488	501
488	538
488	705
488	1269
488	1814
489	592
489	634
489	1546
489	1811
490	732
490	932
490	954
490	1524
490	1622
491	1402
492	653
492	717
492	975
492	1681
493	733
493	1339
494	1211
494	1296
494	1987
495	584
495	1282
495	1374
495	1725
496	1054
496	1424
497	1192
497	1645
497	1813
498	600
498	913
498	944
500	1296
500	1686
500	1782
501	799
501	1520
502	668
502	1176
502	1441
502	1952
503	1033
503	1845
504	840
504	1558
504	1721
504	1854
505	730
505	1247
505	1526
505	1779
505	1896
506	1078
506	1111
506	1972
507	1072
507	1128
508	772
508	1346
508	1646
509	1051
510	982
510	1278
510	1925
511	635
512	705
512	1226
512	1269
513	1433
514	1372
514	1400
514	1615
514	1782
515	1022
515	1155
516	521
516	872
517	519
517	714
517	942
517	1063
517	1231
518	839
518	1363
518	1618
519	1775
520	721
520	976
520	1114
520	1704
522	994
522	1517
522	1716
522	1900
523	780
523	824
523	1963
524	750
525	1519
525	1868
526	645
526	853
526	1049
526	1625
527	1389
527	1462
527	1633
527	1676
528	938
528	1000
528	1228
528	1261
528	1970
529	1454
530	1273
530	1349
530	1695
530	1879
531	1614
532	739
532	898
532	1333
532	1784
533	541
533	555
533	1313
533	1798
533	1961
534	1023
534	1299
535	1988
536	617
536	1544
537	884
537	936
537	1599
537	1937
538	794
538	1023
538	1328
538	1783
539	570
539	1104
539	1358
539	1436
539	1747
540	584
540	682
540	783
540	789
540	955
540	1095
540	1339
540	1544
541	674
541	947
541	1060
541	1498
541	1505
541	1923
542	913
542	1523
542	1912
542	1988
543	561
543	807
543	958
543	1234
543	1698
543	1898
544	1161
544	1248
544	1757
546	707
546	721
546	846
546	901
546	919
547	1016
547	1046
547	1237
547	1287
547	1738
547	1884
547	1993
548	748
548	753
548	759
548	760
548	868
548	991
548	1971
550	586
550	691
550	952
550	995
550	1106
550	1176
550	1323
550	1509
551	780
552	1525
552	1600
552	1748
553	664
553	986
553	1390
553	1856
554	1043
554	1066
555	714
555	1105
555	1115
555	1532
555	1608
555	1671
556	741
557	793
557	1295
557	1538
557	1998
558	700
558	1513
558	1845
559	910
559	1262
559	1270
559	1324
559	1802
559	1804
560	592
560	707
561	966
561	1051
561	1208
561	1259
561	1262
561	1324
562	725
562	1792
563	1296
563	1963
564	847
564	1697
564	1783
565	600
565	1676
565	1954
566	900
566	1296
566	1568
567	953
568	791
568	1127
569	688
569	718
569	872
569	1650
570	573
570	599
570	1074
570	1108
570	1575
571	955
571	1023
571	1108
572	1148
572	1196
572	1384
572	1771
573	1239
573	1813
574	656
574	982
574	1894
575	813
575	1073
575	1394
575	1589
575	1725
576	668
576	882
576	981
577	1735
578	683
578	761
578	781
578	1019
578	1279
578	1665
579	763
579	881
579	973
579	1048
579	1360
579	1646
579	1965
580	1033
581	1089
581	1522
582	1259
582	1454
582	1588
583	1055
583	1074
584	631
584	1917
584	1967
585	710
585	1028
585	1357
586	1773
587	1265
587	1725
587	1815
587	1925
588	848
588	1147
588	1472
588	1525
589	631
589	710
589	844
589	1165
589	1991
590	967
590	1171
590	1435
590	1444
591	1322
591	1340
591	1493
591	1974
591	1993
592	835
592	1134
592	1504
593	996
593	1400
593	1827
594	1143
594	1343
594	1611
595	621
596	891
596	895
596	991
596	1014
596	1341
596	1565
598	1722
598	1814
598	1877
598	1891
599	957
599	1167
599	1237
599	1420
599	1442
599	1824
600	1188
600	1256
600	1376
600	1609
601	762
601	1740
601	1991
602	759
602	1154
602	1657
603	891
603	916
603	1516
604	1269
604	1970
605	807
605	813
605	851
605	1109
605	1332
605	1473
605	1557
606	1964
607	705
607	1810
607	1893
608	719
608	866
608	1348
608	1422
608	1532
609	967
609	1459
610	1041
610	1439
610	1973
612	1553
612	1721
612	1875
613	793
613	1455
613	1532
613	1786
614	726
614	1228
614	1309
614	1464
615	1415
615	1515
615	1955
615	1978
616	1391
617	795
617	942
617	1008
617	1176
617	1525
617	1743
617	1821
617	1877
618	696
618	731
618	1787
619	1151
619	1950
620	886
620	1051
620	1248
622	951
622	1353
623	1608
623	1869
623	1893
624	660
624	1419
625	945
626	1586
626	1937
627	1021
627	1064
627	1330
628	741
628	908
628	968
628	1473
628	1944
628	1958
629	1088
629	1715
629	1729
630	1108
630	1112
630	1743
630	1782
631	1286
631	1747
632	1299
633	1566
634	1613
634	1920
635	636
635	687
635	1041
635	1830
635	1940
636	1185
636	1235
636	1365
636	1759
636	1952
637	1074
638	1131
638	1251
638	1301
638	1409
638	1484
638	1830
639	752
639	1021
639	1031
639	1860
640	962
640	1138
640	1381
640	1797
641	782
641	1053
641	1257
642	665
642	693
642	925
642	1716
642	1741
643	663
643	910
643	1207
643	1246
643	1311
644	883
644	1213
644	1366
644	1373
644	1708
645	767
645	956
645	983
645	1134
645	1643
645	1681
645	1842
646	774
646	971
646	1446
646	1708
646	1868
647	912
647	1277
648	1472
649	1147
649	1364
649	1483
649	1508
649	1932
650	1139
650	1347
650	1846
651	1724
651	1887
652	1157
652	1644
653	923
653	1591
654	738
654	1978
655	887
655	1035
656	859
656	935
656	1181
656	1879
657	1086
658	948
658	1708
659	1171
659	1574
662	745
662	823
662	837
662	1069
662	1931
663	734
663	949
664	1439
665	1361
667	1149
667	1158
667	1646
667	1907
668	847
668	927
668	1295
668	1318
668	1467
669	1068
669	1587
669	1889
669	1920
670	754
670	863
670	892
670	1431
670	1446
670	1567
670	1809
670	1862
671	1088
671	1891
672	799
672	1732
672	1825
672	1914
672	1948
673	1150
674	1743
675	765
675	987
675	1173
675	1684
675	1901
675	1942
676	1881
676	1996
677	774
677	926
677	955
677	960
677	1617
677	1931
677	1960
678	798
679	1180
679	1413
679	1494
679	1651
680	866
680	1247
680	1281
680	1632
680	1958
681	879
681	1776
682	795
682	857
682	1361
682	1674
682	1848
682	1880
682	1902
683	1289
683	1816
683	1861
684	1072
684	1126
684	1247
684	1742
684	1766
684	1774
685	1183
685	1561
685	1989
686	965
686	1455
686	1600
686	1678
686	1752
686	1836
688	1793
688	1800
688	1909
689	992
689	1243
689	1492
689	1579
691	1902
691	1925
691	1926
692	888
692	889
692	949
692	1256
692	1504
693	778
693	1006
693	1316
693	1693
694	721
694	914
694	1743
695	726
695	1196
695	1370
695	1384
695	1698
695	1957
697	742
697	1567
697	1694
698	1483
698	1596
698	1758
698	1974
699	1024
699	1389
699	1745
700	1514
700	1528
700	1883
701	860
701	1458
701	1697
701	1774
702	746
702	1180
702	1743
702	1783
703	1834
703	1835
704	1801
704	1807
704	1955
705	1120
706	919
706	954
706	1176
706	1516
706	1582
707	1816
707	1886
708	1210
708	1427
709	964
709	1044
709	1191
710	1200
710	1602
711	873
711	933
711	1437
711	1823
711	1878
712	773
712	1956
713	865
713	1426
713	1616
714	1290
715	1170
716	866
716	1322
716	1355
717	1071
717	1193
717	1232
718	1305
718	1697
719	952
719	1161
719	1478
719	1579
719	1805
720	808
720	906
720	1336
720	1600
720	1765
720	1912
721	985
722	762
722	1978
723	1042
723	1130
723	1135
723	1425
723	1665
724	786
724	1514
724	1688
724	1945
725	1764
726	1049
726	1616
727	768
727	830
727	1226
727	1599
727	1774
728	998
728	1324
729	917
729	1522
729	1730
729	1778
730	907
730	1660
730	1683
731	808
731	1980
732	1004
732	1109
732	1162
732	1533
733	1851
734	736
734	963
734	1522
735	753
735	1231
735	1525
735	1716
735	1996
736	1899
737	1049
737	1346
737	1711
738	1173
738	1314
738	1770
738	1826
739	1022
739	1925
740	835
740	1102
740	1410
741	868
741	1034
741	1500
741	1917
742	1133
742	1427
742	1434
743	931
743	1010
743	1620
743	1719
744	822
744	1081
744	1411
744	1590
745	800
746	749
746	791
747	1279
747	1358
747	1995
748	1210
749	818
751	1183
751	1208
751	1837
752	760
752	1086
752	1243
752	1651
752	1677
752	1911
754	1329
754	1676
754	1753
754	1967
755	1412
756	781
756	1168
756	1751
758	994
758	1251
758	1690
758	1879
759	1238
759	1364
759	1977
760	815
760	1238
761	1032
761	1433
761	1500
761	1925
762	989
764	1328
764	1665
764	1867
764	1970
765	1918
766	811
766	1763
766	1936
767	1367
768	1030
768	1082
769	1603
770	906
770	1271
770	1411
770	1582
771	902
771	1380
771	1496
771	1966
772	923
772	944
772	1187
773	1149
773	1245
773	1694
773	1965
774	1557
775	961
775	1117
775	1300
775	1404
775	1422
775	1489
775	1655
776	1461
776	1598
777	1422
777	1521
778	1301
779	1137
779	1180
779	1643
779	1703
779	1975
780	986
780	1337
780	1668
780	1716
780	1865
781	1151
781	1291
781	1439
781	1578
782	1001
782	1078
782	1179
782	1186
782	1224
784	982
784	1826
785	1075
785	1707
786	1070
786	1257
786	1832
786	1914
787	942
787	1087
787	1470
787	1704
787	1854
788	1668
789	1139
789	1179
789	1284
790	1107
790	1930
791	921
792	1008
792	1148
795	1118
795	1761
796	1082
796	1570
796	1575
796	1697
796	1722
797	1799
798	1873
799	880
799	1508
799	1910
802	1440
802	1727
803	1096
803	1303
803	1314
803	1526
804	1780
804	1801
805	863
805	1685
806	1517
806	1776
806	1789
806	1979
807	1290
808	1744
809	921
809	1357
809	1358
810	1028
810	1176
810	1250
810	1560
810	1946
811	846
811	1257
811	1392
812	1072
812	1787
813	1484
814	838
814	955
814	1290
814	1300
814	1468
814	1496
815	823
815	1705
815	1859
815	1986
816	825
816	1472
816	1486
817	1159
817	1337
818	1042
819	842
819	1244
819	1381
820	1807
821	892
821	898
821	1909
823	984
824	1590
826	1320
826	1763
827	1979
828	882
828	1728
829	1224
829	1675
830	958
830	1045
830	1626
830	1906
832	873
832	1264
832	1309
832	1390
832	1828
833	963
834	1133
835	1331
835	1612
836	859
836	1265
836	1744
836	1940
837	1190
837	1320
837	1500
838	1745
838	1762
838	1828
839	1612
839	1797
841	852
841	1117
842	1636
843	1055
843	1058
843	1454
843	1871
843	1944
844	904
844	1992
845	1388
845	1392
846	1017
846	1683
847	1490
847	1573
848	1291
848	1757
848	1958
849	1126
849	1250
849	1538
849	1938
850	946
850	1033
851	1351
852	1766
852	1868
852	1916
853	866
853	1009
853	1209
853	1257
853	1538
854	1408
855	1158
856	1055
856	1150
856	1505
856	1776
856	1840
856	1935
857	1016
857	1570
858	1018
858	1069
858	1176
858	1377
859	1764
859	1901
860	906
860	1514
860	1852
861	1383
861	1603
861	1790
862	875
862	1231
862	1526
862	1797
863	1426
864	1836
865	1314
865	1693
865	1929
868	1369
868	1637
868	1678
869	1061
869	1253
869	1979
870	1931
870	1938
871	1057
872	1152
872	1164
872	1179
873	1540
873	1684
873	1733
875	1594
875	1644
876	1170
876	1930
876	1992
877	1031
878	1913
880	1489
880	1763
882	1402
883	970
883	1321
884	931
884	1187
884	1482
885	1165
886	1612
887	1645
888	978
888	1127
888	1135
888	1487
888	1687
888	1796
888	1831
888	1995
889	942
889	1446
889	1601
889	1786
889	1853
890	1078
890	1836
891	1190
891	1340
892	1040
892	1551
893	1130
893	1135
893	1636
894	1228
894	1722
894	1852
895	1171
896	923
897	1042
898	1856
899	907
899	957
899	1196
899	1649
899	1777
900	1100
900	1537
900	1768
901	1849
902	994
902	1242
904	967
904	1799
904	1805
905	1068
905	1422
906	988
906	1881
906	1890
907	929
907	1159
907	1573
907	1790
907	1976
908	1097
908	1127
908	1271
909	1638
910	915
910	1000
910	1143
910	1569
910	1728
911	1844
911	1964
912	1606
912	1915
913	1205
913	1273
913	1515
913	1580
913	1855
914	1015
914	1557
914	1881
915	1454
915	1683
916	999
916	1636
916	1768
917	1193
918	971
918	1503
919	1313
919	1485
919	1499
920	1262
920	1388
920	1444
920	1941
921	1208
921	1324
921	1470
921	1734
922	1305
922	1563
922	1760
923	1995
924	973
924	1292
924	1847
925	1438
925	1569
925	1982
927	1465
927	1630
927	1941
928	1024
928	1278
928	1415
928	1873
928	1909
929	1421
929	1876
930	1237
930	1629
931	1231
931	1948
932	1073
932	1175
932	1984
933	1292
933	1603
934	1098
935	1652
936	975
936	1651
936	1794
936	1986
937	1189
937	1678
938	1049
939	1571
939	1743
939	1859
940	1353
940	1380
940	1815
941	1556
942	1259
942	1302
942	1707
944	1779
945	1139
945	1408
946	1056
946	1785
947	1190
947	1352
948	1479
949	1109
949	1357
949	1959
950	1694
951	967
951	1078
951	1340
951	1471
953	1132
953	1311
953	1388
953	1775
954	1181
954	1540
955	1167
955	1393
956	1108
956	1251
958	1911
959	1197
959	1309
959	1349
960	1348
960	1780
961	1155
962	1526
962	1675
962	1753
964	1550
964	1566
964	1775
964	1961
965	1638
965	1686
966	1188
966	1935
967	1232
967	1615
968	1298
968	1335
968	1567
968	1674
968	1853
968	1935
969	1402
970	1890
971	1201
972	1699
973	1329
973	1674
974	1137
974	1312
974	1603
975	1004
976	977
976	1228
976	1644
977	1236
977	1238
978	1920
979	1401
979	1484
979	1546
979	1749
980	1784
980	1997
981	1745
982	992
982	1077
982	1109
982	1369
982	1707
983	1357
984	1238
984	1280
984	1343
984	1855
984	1888
985	1276
985	1909
986	1657
986	1788
987	1202
987	1565
988	1386
989	1861
990	1071
990	1524
990	1530
990	1553
991	1141
991	1368
991	1559
991	1663
991	1869
992	1093
992	1163
992	1444
992	1452
992	1994
995	1152
995	1181
995	1685
995	1990
996	1556
997	1231
997	1296
997	1593
998	1092
998	1116
998	1613
998	1873
998	1984
999	1326
999	1545
1000	1308
1001	1059
1001	1896
1002	1507
1002	1609
1002	1623
1002	1645
1003	1368
1003	1385
1003	1474
1005	1289
1005	1646
1006	1100
1006	1761
1007	1074
1007	1142
1008	1047
1008	1287
1008	1613
1008	1665
1009	1182
1009	1786
1010	1625
1010	1864
1013	1837
1014	1115
1014	1378
1014	1529
1014	1632
1016	1314
1017	1682
1018	1469
1018	1818
1019	1371
1020	1407
1020	1471
1020	1887
1021	1027
1021	1157
1021	1345
1021	1646
1021	1891
1021	1895
1022	1347
1022	1851
1023	1676
1023	1864
1024	1373
1024	1643
1025	1303
1026	1213
1026	1235
1026	1539
1027	1259
1027	1427
1027	1577
1028	1276
1028	1300
1030	1779
1031	1659
1031	1660
1031	1827
1032	1752
1033	1070
1034	1070
1034	1469
1034	1535
1035	1414
1036	1109
1036	1943
1037	1267
1038	1448
1038	1800
1039	1053
1039	1279
1039	1318
1039	1692
1040	1263
1040	1473
1040	1552
1040	1660
1041	1254
1041	1501
1042	1936
1043	1245
1043	1686
1043	1989
1044	1203
1045	1371
1045	1389
1045	1401
1045	1653
1045	1889
1046	1540
1047	1076
1047	1755
1048	1053
1048	1441
1048	1669
1048	1860
1049	1255
1049	1369
1049	1877
1051	1333
1052	1523
1052	1548
1052	1590
1052	1864
1052	1896
1053	1091
1053	1579
1054	1760
1054	1930
1055	1097
1056	1114
1056	1265
1057	1389
1057	1409
1057	1501
1057	1615
1057	1828
1058	1243
1058	1876
1058	1978
1059	1115
1059	1464
1059	1492
1059	1789
1060	1125
1061	1766
1061	1965
1062	1116
1062	1512
1062	1887
1063	1296
1063	1473
1063	1651
1063	1820
1064	1545
1064	1748
1064	1987
1065	1724
1066	1213
1066	1860
1067	1950
1068	1126
1068	1245
1068	1466
1068	1930
1069	1807
1069	1875
1070	1321
1070	1347
1070	1857
1071	1213
1072	1326
1072	1561
1073	1476
1074	1274
1074	1388
1074	1660
1074	1722
1075	1646
1075	1983
1076	1228
1076	1298
1076	1503
1076	1672
1076	1759
1077	1329
1077	1403
1078	1280
1078	1863
1078	1952
1079	1180
1079	1190
1079	1802
1079	1913
1080	1177
1080	1764
1081	1264
1081	1444
1082	1105
1082	1551
1082	1684
1082	1687
1082	1995
1083	1226
1084	1270
1084	1352
1084	1357
1084	1545
1085	1620
1086	1234
1086	1428
1086	1847
1086	1855
1087	1852
1088	1152
1089	1108
1089	1290
1089	1297
1089	1414
1089	1592
1089	1832
1090	1693
1090	1696
1090	1999
1091	1153
1091	1585
1092	1284
1092	1585
1092	1760
1093	1376
1093	1547
1094	1461
1094	1561
1095	1574
1095	1912
1096	1904
1098	1777
1099	1236
1099	1238
1099	1378
1099	1809
1101	1238
1102	1229
1102	1563
1103	1538
1103	1539
1104	1913
1104	1971
1104	1976
1105	1170
1105	1202
1106	1743
1107	1316
1109	1614
1109	1720
1110	1121
1110	1312
1110	1546
1110	1718
1110	1740
1110	1843
1111	1982
1112	1527
1112	1531
1112	1748
1112	1825
1115	1150
1115	1277
1116	1836
1117	1315
1118	1187
1118	1645
1118	1686
1119	1358
1120	1289
1120	1461
1122	1449
1122	1820
1123	1369
1123	1443
1123	1585
1123	1679
1123	1959
1124	1158
1124	1909
1124	1912
1125	1734
1126	1598
1126	1863
1127	1789
1127	1876
1127	1919
1128	1445
1129	1357
1129	1518
1129	1708
1129	1738
1129	1777
1130	1538
1131	1167
1133	1707
1133	1902
1134	1172
1134	1199
1134	1519
1134	1796
1134	1908
1135	1246
1135	1700
1136	1285
1136	1566
1136	1653
1136	1936
1137	1343
1137	1534
1137	1904
1138	1461
1139	1274
1140	1430
1140	1555
1142	1651
1143	1483
1143	1583
1143	1855
1145	1187
1145	1618
1145	1725
1147	1698
1148	1641
1148	1918
1149	1273
1149	1862
1150	1509
1150	1539
1150	1669
1151	1178
1151	1489
1151	1861
1153	1526
1154	1545
1154	1819
1155	1478
1156	1900
1157	1264
1157	1722
1157	1958
1158	1384
1158	1744
1159	1392
1160	1533
1161	1432
1161	1709
1161	1724
1161	1766
1161	1907
1161	1978
1163	1573
1163	1721
1164	1804
1165	1366
1165	1678
1165	1755
1165	1846
1166	1200
1166	1797
1167	1279
1167	1770
1168	1585
1168	1998
1169	1906
1170	1271
1170	1615
1171	1702
1173	1220
1173	1302
1173	1676
1173	1928
1175	1920
1176	1271
1176	1376
1176	1435
1177	1366
1178	1391
1178	1900
1179	1760
1180	1290
1180	1569
1180	1861
1181	1600
1181	1609
1181	1795
1181	1928
1184	1649
1184	1687
1185	1317
1186	1424
1187	1219
1187	1313
1188	1201
1189	1230
1190	1540
1192	1575
1192	1664
1192	1748
1193	1419
1194	1601
1196	1404
1196	1431
1196	1663
1199	1401
1199	1879
1200	1660
1200	1772
1201	1580
1201	1665
1201	1698
1201	1717
1202	1222
1202	1579
1202	1933
1203	1288
1203	1529
1204	1928
1205	1820
1205	1830
1206	1380
1206	1877
1206	1993
1207	1500
1207	1877
1211	1403
1211	1637
1211	1756
1211	1958
1212	1261
1212	1380
1212	1795
1214	1976
1215	1594
1215	1732
1216	1423
1216	1510
1216	1969
1217	1557
1219	1331
1219	1405
1219	1461
1219	1525
1220	1272
1220	1463
1221	1707
1221	1740
1221	1828
1222	1267
1222	1673
1223	1383
1224	1559
1224	1828
1225	1306
1225	1327
1226	1314
1226	1467
1226	1744
1227	1620
1228	1293
1229	1533
1232	1464
1232	1680
1232	1792
1233	1294
1234	1306
1235	1717
1235	1880
1235	1966
1236	1565
1236	1596
1237	1545
1238	1589
1238	1873
1240	1335
1240	1407
1240	1902
1241	1382
1241	1916
1242	1453
1242	1731
1244	1781
1245	1725
1246	1614
1247	1804
1247	1838
1248	1253
1249	1273
1250	1497
1251	1365
1252	1531
1252	1647
1253	1844
1254	1652
1254	1848
1255	1385
1255	1659
1255	1716
1255	1771
1256	1342
1256	1349
1256	1603
1256	1795
1256	1905
1258	1268
1258	1315
1258	1760
1259	1438
1261	1322
1261	1529
1261	1592
1261	1821
1262	1660
1262	1692
1262	1994
1263	1664
1264	1467
1265	1590
1265	1699
1266	1982
1267	1405
1267	1783
1269	1647
1271	1565
1271	1623
1271	1805
1271	1910
1272	1587
1276	1393
1276	1800
1276	1943
1276	1975
1276	1987
1277	1363
1278	1294
1278	1359
1278	1589
1278	1908
1280	1592
1280	1778
1282	1352
1282	1716
1283	1830
1285	1542
1285	1660
1286	1541
1287	1511
1287	1638
1287	1999
1288	1378
1288	1564
1289	1718
1290	1510
1290	1551
1290	1754
1291	1581
1291	1767
1291	1836
1292	1551
1292	1618
1292	1676
1292	1815
1294	1342
1294	1492
1294	1809
1294	1970
1295	1799
1297	1720
1297	1903
1298	1421
1298	1547
1299	1612
1302	1480
1302	1970
1303	1862
1304	1597
1304	1776
1305	1755
1307	1684
1308	1706
1309	1937
1310	1431
1310	1490
1310	1744
1310	1766
1312	1542
1312	1806
1314	1516
1315	1389
1315	1602
1315	1779
1315	1838
1315	1883
1315	1905
1315	1988
1316	1393
1317	1720
1318	1772
1320	1644
1320	1770
1322	1735
1322	1928
1323	1554
1324	1686
1324	1742
1326	1506
1326	1799
1327	1658
1328	1559
1329	1762
1333	1429
1333	1790
1334	1360
1334	1953
1334	1992
1335	1376
1335	1473
1335	1925
1337	1433
1339	1455
1339	1774
1340	1533
1341	1846
1341	1925
1341	1932
1342	1387
1342	1923
1343	1458
1343	1617
1344	1801
1344	1848
1346	1474
1346	1503
1346	1595
1347	1755
1349	1623
1349	1675
1349	1968
1351	1578
1352	1514
1352	1860
1353	1432
1354	1869
1355	1629
1356	1766
1357	1811
1357	1973
1358	1732
1359	1564
1359	1778
1361	1514
1363	1938
1364	1458
1365	1798
1366	1889
1367	1882
1370	1650
1370	1910
1371	1954
1373	1776
1373	1847
1374	1892
1375	1560
1375	1874
1376	1574
1376	1685
1376	1851
1376	1916
1377	1846
1377	1904
1378	1919
1379	1673
1379	1843
1380	1410
1381	1620
1382	1721
1382	1815
1383	1927
1384	1450
1384	1859
1384	1974
1385	1542
1385	1833
1386	1704
1387	1612
1387	1847
1387	1981
1388	1678
1388	1716
1390	1463
1391	1499
1391	1556
1391	1624
1391	1678
1392	1652
1392	1734
1393	1421
1394	1396
1394	1987
1398	1666
1398	1739
1399	1889
1401	1454
1402	1495
1402	1830
1402	1868
1403	1502
1404	1444
1404	1543
1405	1412
1405	1533
1405	1831
1405	1952
1406	1857
1408	1478
1409	1546
1410	1735
1415	1541
1416	1490
1419	1501
1419	1709
1421	1504
1423	1632
1423	1983
1424	1606
1425	1460
1426	1689
1426	1857
1427	1439
1428	1679
1429	1434
1430	1540
1432	1851
1433	1881
1433	1898
1435	1655
1435	1945
1437	1687
1437	1748
1438	1664
1438	1770
1439	1497
1441	1596
1441	1817
1442	1466
1442	1696
1443	1887
1443	1892
1444	1492
1444	1726
1447	1544
1448	1680
1449	1840
1452	1738
1453	1702
1453	1931
1455	1485
1455	1863
1455	1982
1456	1764
1457	1875
1457	1899
1457	1962
1461	1504
1461	1605
1461	1653
1461	1761
1461	1826
1462	1481
1462	1553
1462	1564
1462	1613
1463	1512
1464	1585
1466	1821
1467	1592
1468	1486
1468	1550
1468	1621
1471	1486
1471	1728
1472	1787
1472	1910
1475	1843
1475	1897
1477	1684
1478	1609
1478	1633
1478	1719
1480	1593
1483	1653
1483	1977
1485	1562
1485	1634
1485	1682
1486	1727
1487	1656
1489	1626
1490	1628
1491	1657
1492	1580
1492	1981
1494	1566
1495	1772
1495	1931
1496	1813
1497	1836
1497	1860
1500	1702
1504	1608
1506	1868
1506	1899
1507	1934
1508	1531
1509	1684
1509	1819
1511	1958
1518	1788
1518	1897
1519	1685
1519	1737
1519	1957
1522	1827
1523	1829
1524	1650
1525	1722
1526	1910
1527	1576
1527	1646
1527	1708
1527	1920
1529	1714
1530	1608
1531	1542
1531	1818
1532	1701
1532	1713
1534	1577
1535	1713
1536	1788
1536	1794
1537	1813
1539	1664
1539	1927
1540	1705
1541	1921
1542	1548
1542	1571
1543	1861
1544	1872
1544	1931
1545	1599
1546	1598
1546	1601
1549	1993
1550	1723
1551	1674
1554	1629
1554	1852
1555	1616
1557	1858
1559	1597
1559	1718
1559	1956
1560	1921
1560	1976
1561	1778
1561	1931
1562	1857
1563	1809
1568	1918
1571	1911
1572	1668
1572	1685
1572	1963
1573	1829
1573	1934
1575	1787
1580	1706
1581	1676
1581	1779
1582	1875
1583	1674
1583	1933
1584	1628
1588	1921
1588	1960
1592	1752
1592	1875
1592	1929
1592	1943
1594	1705
1594	1779
1596	1934
1598	1928
1599	1951
1601	1639
1602	1897
1603	1678
1603	1895
1603	1950
1604	1656
1609	1994
1610	1637
1611	1810
1612	1716
1613	1860
1614	1826
1615	1857
1615	1892
1615	1910
1616	1654
1618	1856
1618	1938
1620	1780
1626	1818
1626	1983
1628	1698
1629	1806
1629	1809
1629	1869
1630	1857
1631	1787
1632	1967
1634	1866
1636	1790
1638	1652
1640	1681
1642	1839
1643	1743
1644	1850
1644	1862
1645	1891
1645	1978
1647	1751
1650	1746
1652	1769
1652	1776
1656	1711
1657	1934
1660	1817
1662	1909
1664	1712
1668	1806
1671	1907
1674	1683
1675	1812
1680	1708
1680	1731
1681	1943
1684	1714
1685	1776
1688	1912
1689	1796
1690	1714
1691	1769
1691	1954
1692	1904
1693	1730
1695	1908
1699	1934
1703	1966
1705	1945
1710	1714
1710	1819
1710	1867
1716	1846
1718	1784
1719	1904
1721	1988
1722	1806
1722	1899
1724	1951
1726	1750
1727	1938
1727	1964
1728	1740
1728	1964
1730	1731
1731	1934
1731	1955
1734	1767
1737	1769
1739	1754
1740	1763
1740	1929
1742	1975
1746	1773
1747	1870
1747	1884
1751	1784
1751	1794
1753	1924
1754	1763
1757	1826
1758	1901
1758	1965
1760	1865
1761	1883
1766	1840
1776	1972
1780	1813
1781	1875
1783	1789
1783	1930
1789	1798
1789	1872
1790	1893
1793	1887
1795	1918
1797	1929
1803	1942
1803	1950
1803	1970
1806	1846
1807	1866
1807	1966
1809	1814
1810	1939
1813	1872
1814	1944
1825	1951
1828	1975
1845	1913
1846	1978
1847	1955
1848	1970
1851	1878
1851	1920
1852	1969
1856	1917
1858	1899
1859	1886
1862	1920
1871	1881
1874	1998
1888	1994
1890	1981
1892	1907
1894	1987
1906	1907
1907	1964
1917	1947
1939	1983
1941	1953
1947	1961
1968	1988
1983	1991