0	821
0	1173
0	1530
0	1611
1	159
1	778
1	797
1	1052
1	1520
1	1827
1	1861
2	1221
2	1500
2	1694
3	294
3	452
3	717
4	605
4	1195
4	1269
4	1319
4	1897
4	1915
5	537
5	612
5	923
5	1203
5	1241
5	1829
6	101
6	223
6	477
7	168
7	828
7	895
7	1492
7	1541
8	718
8	1373
9	55
9	360
9	1013
9	1267
9	1913
10	414
10	704
10	1726
10	1789
11	745
11	801
11	1301
11	1632
11	1643
11	1826
12	660
12	722
12	1177
12	1219
12	1443
12	1888
13	279
13	314
13	1043
13	1066
13	1632
14	143
14	173
14	509
14	650
14	760
14	908
14	927
14	1102
14	1437
14	1510
14	1513
14	1772
15	53
15	685
16	545
16	1747
17	644
17	1427
17	1504
18	75
18	259
18	314
18	407
18	1631
18	1704
19	29
19	164
19	406
19	1678
19	1895
20	355
20	1506
20	1967
21	950
22	991
22	1138
22	1522
22	1647
23	388
24	1250
24	1336
24	1343
24	1566
25	151
25	248
25	1057
25	1077
25	1219
25	1261
25	1299
25	1563
25	1710
26	953
27	194
27	1820
28	526
29	517
29	894
29	1210
29	1715
30	1312
30	1699
31	1094
31	1339
31	1590
31	1601
31	1696
31	1733
32	118
32	934
32	1163
32	1644
32	1942
33	135
33	767
33	1595
33	1965
34	77
34	182
35	50
35	631
35	863
35	1062
35	1115
35	1387
36	512
36	1251
36	1449
36	1644
36	1673
37	412
37	780
37	833
37	981
37	1387
37	1804
37	1879
38	340
38	570
38	864
38	1196
38	1501
38	1645
38	1753
39	327
39	877
39	1212
39	1664
40	1306
41	284
41	531
41	686
41	1030
41	1293
41	1949
42	673
42	1143
42	1277
42	1471
43	88
43	677
43	1214
43	1248
43	1336
43	1642
44	198
44	555
44	637
44	794
44	1118
44	1120
45	230
45	1457
45	1600
45	1965
46	74
46	604
46	1169
46	1380
46	1585
47	58
47	1353
47	1557
47	1610
48	149
48	542
48	645
48	858
48	960
48	1060
48	1171
48	1232
48	1478
49	424
50	1105
50	1301
50	1823
50	1829
51	433
51	943
51	1118
51	1451
51	1611
51	1801
52	837
52	904
52	1026
53	713
53	1325
54	636
55	72
55	345
55	780
55	1858
56	425
56	1104
56	1923
57	133
57	662
57	787
57	883
58	495
58	1376
59	147
59	689
59	814
59	1298
59	1597
59	1945
59	1957
60	236
60	778
60	809
60	1797
60	1952
61	195
61	448
61	798
61	900
61	1731
62	473
62	1540
63	636
63	647
63	1396
63	1622
64	102
65	436
65	1893
65	1951
66	336
66	1246
66	1724
67	1084
67	1521
68	956
68	1524
69	117
69	507
69	1413
70	244
70	247
70	424
70	652
70	1433
70	1572
71	356
71	866
72	266
72	270
72	337
72	653
72	1744
73	178
73	1151
73	1182
74	350
74	618
74	620
74	693
74	743
74	1010
75	82
75	418
75	628
75	926
75	1079
75	1412
75	1592
76	605
77	117
77	187
77	428
77	499
77	822
77	837
77	956
77	1258
77	1666
78	1437
78	1705
78	1834
79	238
79	644
79	733
79	1156
79	1301
79	1390
79	1446
79	1863
80	185
80	367
80	1755
81	135
81	778
81	1009
82	240
82	528
82	646
82	1608
82	1619
82	1883
83	866
83	1363
83	1916
84	413
84	1306
84	1889
84	1969
85	381
85	1318
85	1427
86	981
86	1240
86	1254
86	1706
87	807
87	1344
87	1489
87	1765
87	1845
88	343
88	1708
88	1998
89	1199
89	1253
89	1435
89	1496
89	1622
89	1885
90	1581
90	1612
91	500
91	981
91	1784
91	1954
92	230
92	1784
93	514
94	336
94	347
94	795
94	1025
94	1093
94	1308
94	1345
94	1591
95	340
95	344
95	967
96	409
96	601
96	1720
96	1726
97	114
97	1019
97	1041
97	1146
97	1474
98	801
99	260
99	328
99	357
99	649
99	755
99	832
99	1001
100	613
100	750
100	991
100	1920
101	398
101	1603
101	1662
102	854
102	972
102	1627
102	1906
103	492
104	212
104	506
104	707
104	1241
104	1465
104	1542
105	338
105	532
105	1184
105	1297
105	1567
105	1846
105	1887
105	1916
106	875
106	1049
106	1385
106	1624
106	1670
107	153
107	604
107	790
107	1153
108	340
109	212
109	1163
109	1368
109	1864
110	575
110	803
111	576
111	857
111	1226
112	249
112	1805
113	224
113	1302
113	1485
113	1616
114	497
114	969
114	1842
114	1848
115	578
115	1821
116	430
116	727
116	753
116	1874
117	923
117	1029
117	1275
117	1312
118	562
118	893
118	1967
119	549
119	770
119	1544
119	1759
119	1983
120	265
120	289
120	1421
121	385
121	616
121	774
121	1213
121	1341
121	1735
122	378
122	789
122	975
122	1157
122	1344
122	1630
122	1644
122	1727
122	1737
122	1738
123	1937
124	347
124	790
124	823
124	1669
125	255
125	477
125	507
125	514
125	541
125	988
125	1677
125	1939
126	365
126	825
126	1060
126	1809
127	434
127	767
127	810
127	1129
128	1407
129	416
129	1456
130	941
130	1497
130	1747
130	1861
131	223
131	1000
131	1102
131	1123
132	340
132	723
132	893
132	954
132	1490
133	637
134	461
134	1089
134	1351
135	1846
136	681
136	862
136	1253
136	1885
137	266
137	285
137	899
137	1557
138	312
138	1222
138	1622
138	1809
139	1009
140	196
140	433
140	523
140	821
140	1100
140	1242
140	1478
140	1798
141	256
141	909
141	1078
141	1888
142	307
142	903
142	928
142	1463
142	1984
143	495
143	1222
144	407
144	987
145	379
145	1165
145	1603
146	834
146	1115
146	1116
146	1187
146	1716
147	1106
147	1147
147	1353
148	812
148	1116
148	1248
148	1907
149	413
149	972
149	1794
150	154
150	304
150	809
150	1826
151	714
151	806
152	798
153	383
153	552
153	795
153	1051
153	1210
154	1442
154	1459
154	1741
154	1966
154	1989
155	627
155	914
155	956
155	1332
155	1627
155	1794
155	1850
156	1285
157	832
157	1888
158	658
158	928
158	929
158	1665
159	261
159	1271
159	1410
160	213
160	290
160	1393
160	1434
160	1449
160	1993
161	1074
161	1266
162	214
162	539
162	1351
163	169
163	1545
163	1778
164	1053
164	1309
164	1607
164	1814
165	549
165	571
165	1209
165	1425
165	1941
166	653
166	787
166	1610
166	1789
167	448
167	471
167	1427
168	822
168	1025
168	1330
168	1553
168	1843
169	734
169	920
169	1470
169	1694
169	1838
170	425
170	601
170	922
170	1088
171	451
171	1162
171	1527
172	444
172	1610
173	469
173	645
173	691
173	1218
173	1290
174	177
174	226
174	1828
174	1954
175	445
175	1276
176	628
176	706
176	822
176	882
176	1052
176	1221
176	1474
176	1724
177	837
178	931
179	1175
179	1179
179	1460
180	1039
180	1093
180	1463
180	1572
180	1775
180	1940
181	692
181	1758
182	401
182	544
182	604
182	992
182	1334
182	1340
182	1443
182	1475
182	1631
183	1509
183	1596
184	1353
185	354
185	1239
185	1673
186	386
186	492
186	576
186	582
186	832
187	242
187	520
187	1264
188	338
188	637
188	884
188	911
188	1254
188	1256
188	1530
188	1789
189	207
189	333
189	368
189	1538
190	335
190	444
190	449
190	544
190	1201
191	444
191	675
191	764
191	1206
191	1237
191	1474
192	461
192	1109
192	1563
192	1957
192	1972
193	463
193	885
193	973
193	1102
194	210
194	246
194	1023
194	1067
194	1299
194	1785
195	625
195	1152
195	1253
196	468
196	1435
196	1870
197	1356
197	1725
197	1780
197	1832
198	936
198	981
198	1392
198	1904
199	309
199	769
199	1809
200	410
200	1468
200	1536
200	1547
201	754
201	986
201	1239
202	755
202	1449
203	534
203	1770
204	322
205	502
205	645
205	1381
206	305
206	1428
206	1499
207	1134
207	1288
207	1369
207	1486
207	1953
208	554
208	560
208	731
208	773
208	1048
208	1271
208	1435
208	1901
209	332
209	978
209	1035
209	1395
209	1660
211	1687
213	435
213	525
213	668
213	1376
214	693
215	1256
216	667
216	683
217	510
217	1829
217	1842
217	1966
218	579
218	1202
218	1831
219	358
219	989
219	1641
220	1557
220	1688
221	592
221	987
221	1213
221	1579
221	1656
222	854
222	1110
222	1179
222	1365
222	1624
222	1625
222	1778
223	262
223	509
223	1043
223	1170
224	385
224	732
224	1114
224	1790
225	463
225	665
225	1767
225	1824
225	1860
226	254
226	374
226	801
226	1038
226	1684
227	569
227	1198
227	1665
228	1152
228	1232
229	494
229	601
229	668
229	902
229	996
229	1218
229	1972
230	623
230	626
230	977
230	997
230	1515
231	623
231	1158
231	1792
232	309
233	1436
233	1696
233	1920
234	834
235	291
235	355
235	753
235	832
235	892
235	921
235	1994
236	341
236	464
236	1483
236	1906
237	380
237	408
237	582
237	1783
237	1906
238	707
238	852
238	1337
239	580
239	876
240	1172
240	1294
240	1996
241	831
241	1037
241	1496
242	293
242	420
242	663
242	1145
243	285
243	413
243	1297
243	1694
244	316
244	1199
245	1227
245	1459
246	320
246	912
246	1216
246	1773
247	257
247	279
247	767
247	881
247	914
248	647
248	874
248	1453
248	1691
248	1754
249	420
249	515
249	1005
249	1240
249	1349
249	1614
250	426
250	919
250	1583
251	304
251	642
251	1141
251	1708
251	1718
251	1935
252	1063
252	1800
252	1886
253	1280
254	368
254	454
255	539
255	569
255	1552
256	359
256	1755
257	972
257	1106
258	510
258	891
258	1495
258	1935
258	1943
259	1228
259	1503
260	891
260	1792
260	1936
262	290
262	582
262	1443
262	1591
262	1920
263	878
263	1410
263	1571
264	278
264	590
264	1050
265	314
265	1503
265	1513
265	1908
266	1302
266	1506
267	1546
267	1873
267	1895
268	287
268	513
268	602
268	1376
268	1640
269	275
269	666
269	1160
269	1732
270	572
270	1069
270	1072
270	1390
270	1427
270	1784
270	1922
270	1996
271	462
271	609
271	824
271	998
271	1109
271	1347
271	1408
272	579
272	847
272	855
272	1951
273	302
273	596
273	935
273	1614
274	857
274	1266
274	1512
274	1592
274	1853
275	1146
275	1729
276	862
276	882
276	1206
276	1905
277	283
277	374
277	385
277	585
277	1227
277	1605
277	1778
277	1849
278	297
278	572
278	773
278	1331
278	1395
279	401
279	650
279	678
279	752
279	1416
279	1615
280	772
281	442
281	986
281	1221
281	1846
282	813
282	1560
282	1949
282	1974
283	882
283	1260
283	1291
284	332
284	697
284	761
285	1964
286	834
286	1061
286	1280
286	1800
286	1896
288	487
288	1338
289	399
289	693
289	815
289	964
289	1501
290	662
290	1496
291	617
291	706
291	1348
291	1813
292	403
292	1056
292	1465
293	423
293	1046
293	1748
293	1793
294	632
294	1021
294	1381
294	1427
294	1621
294	1752
295	590
295	1924
296	686
296	820
296	1434
296	1611
297	1590
297	1917
298	351
298	381
298	1004
299	902
299	1095
299	1658
300	330
300	456
301	1747
302	461
302	1117
302	1733
302	1738
302	1796
303	992
303	994
304	814
304	1176
305	1007
305	1287
305	1357
305	1693
305	1778
306	372
306	477
306	797
306	889
307	1010
308	1548
309	509
309	523
309	1152
309	1510
309	1667
309	1954
310	687
310	789
310	845
311	433
311	1056
311	1163
311	1857
312	1311
312	1513
312	1841
313	570
313	1036
313	1331
313	1535
313	1551
314	375
314	1198
314	1691
314	1734
314	1838
315	483
315	607
315	1316
316	789
316	1027
316	1333
316	1859
317	405
317	1650
317	1670
318	785
318	817
318	1069
319	748
319	1101
319	1872
320	473
320	868
321	372
321	419
321	584
321	679
321	902
322	400
322	636
322	1679
323	528
324	946
324	1436
324	1699
325	382
325	1958
326	1205
327	1594
327	1672
327	1895
328	461
328	467
328	616
328	924
328	1194
328	1199
329	481
330	649
330	1936
331	919
331	1205
331	1544
331	1605
331	1826
332	369
332	471
332	1192
332	1750
333	340
333	378
333	1001
333	1710
334	475
334	1427
334	1709
334	1835
335	573
335	898
335	1359
335	1641
335	1826
336	455
336	713
336	1398
337	1430
337	1585
338	457
338	886
338	1048
338	1334
338	1733
339	482
339	1311
339	1500
339	1592
340	438
340	632
341	353
341	1028
341	1173
341	1959
342	1359
342	1777
342	1788
343	620
343	730
343	970
343	1588
343	1925
344	585
344	1880
345	423
345	1145
345	1846
346	1044
346	1107
347	1392
347	1396
347	1523
347	1643
348	794
348	1401
348	1755
349	1632
350	508
350	512
350	1094
350	1290
350	1419
350	1602
351	915
352	535
352	919
352	1072
352	1194
352	1219
352	1616
353	645
353	821
353	1374
353	1580
353	1680
353	1833
354	410
354	787
354	1408
355	636
355	840
355	1537
356	706
356	809
357	358
357	488
357	513
357	537
357	1857
358	467
358	903
358	1066
358	1077
359	1520
360	459
360	630
360	1632
360	1701
361	707
361	1412
361	1503
362	661
362	788
362	1191
362	1422
362	1486
362	1932
362	1979
363	504
363	672
364	905
364	1002
364	1072
364	1630
364	1928
365	576
365	615
365	913
365	1299
366	572
366	869
366	974
366	1129
366	1160
366	1523
366	1967
367	385
367	575
367	1586
368	564
369	805
369	1216
369	1612
369	1685
369	1770
369	1842
369	1913
370	382
370	645
370	1561
370	1627
370	1717
371	1510
371	1944
372	1208
372	1714
372	1737
372	1759
372	1975
373	1065
373	1311
373	1533
373	1926
374	931
374	1348
375	745
375	864
375	874
375	1454
376	1558
377	511
377	881
377	1868
378	755
378	1009
378	1017
378	1233
379	774
379	775
379	1065
379	1086
379	1791
379	1865
379	1933
380	525
380	987
380	1513
381	542
381	603
381	1677
381	1800
381	1830
383	445
383	1772
383	1788
383	1858
383	1879
383	1965
384	488
384	1672
384	1962
384	1976
385	393
385	1069
385	1283
385	1373
386	866
386	905
386	1067
386	1604
387	761
387	1034
387	1435
387	1967
387	1978
388	1409
388	1857
389	685
389	1327
389	1370
389	1726
390	1053
390	1280
390	1301
390	1324
390	1808
390	1886
391	419
391	1522
391	1965
392	818
392	1026
392	1275
392	1392
392	1438
392	1629
392	1732
393	602
393	728
393	766
393	1713
394	861
394	1073
394	1589
394	1767
395	1110
396	1135
396	1315
397	514
397	652
397	1241
397	1590
397	1825
398	683
398	993
398	1080
398	1592
398	1598
399	735
399	1707
400	1358
400	1744
400	1998
401	1168
401	1268
401	1624
401	1736
402	916
403	863
403	1780
404	592
404	628
404	669
404	1091
404	1852
405	639
405	1508
405	1536
405	1539
405	1678
406	789
406	1223
406	1908
406	1985
407	411
407	628
407	1397
408	516
408	1052
408	1183
408	1214
408	1336
408	1679
408	1982
409	540
409	598
409	795
409	1029
409	1196
409	1969
410	689
410	940
410	1397
411	1527
411	1611
412	514
412	528
412	938
412	1747
412	1914
413	504
413	1040
413	1668
414	816
415	757
415	1198
415	1347
416	530
416	933
416	1764
417	848
417	882
417	1065
417	1245
418	917
419	1432
419	1520
419	1531
419	1756
420	583
420	812
420	1012
420	1238
420	1344
420	1526
421	617
421	797
421	1050
421	1458
421	1670
421	1833
421	1924
422	1000
423	492
423	826
423	1121
423	1899
424	647
424	816
424	1593
424	1939
425	1682
425	1686
425	1724
426	1059
426	1490
426	1539
426	1956
427	667
427	668
428	453
428	1220
428	1263
428	1553
429	1074
429	1372
429	1704
429	1810
429	1856
429	1960
430	608
430	613
430	694
430	784
430	885
431	450
431	923
431	959
432	879
432	1313
432	1486
432	1662
433	731
433	1264
433	1784
434	1433
434	1966
435	603
435	1065
437	832
437	1691
437	1759
437	1814
437	1938
438	1030
438	1984
439	664
439	996
439	1000
439	1006
439	1126
439	1408
439	1560
440	631
440	1436
440	1956
441	968
441	987
441	1049
441	1822
442	741
442	1290
442	1383
443	755
443	1385
444	921
444	939
444	1443
444	1511
444	1784
444	1830
445	570
445	1026
445	1266
446	753
446	1064
446	1148
447	527
447	1617
447	1897
448	1118
448	1262
449	886
449	1505
449	1773
450	910
450	1548
451	1937
452	604
452	1017
452	1184
452	1543
453	784
453	851
453	863
453	1417
453	1702
454	604
455	1416
455	1477
455	1636
455	1741
455	1951
456	866
456	869
456	1247
457	605
457	1006
457	1303
457	1561
458	763
458	1661
458	1686
458	1761
459	509
459	900
459	1019
459	1054
459	1724
459	1804
459	1974
460	1403
460	1990
461	1223
461	1608
462	1109
462	1504
463	1192
463	1358
464	511
464	806
464	870
465	517
465	698
465	1106
465	1624
466	675
466	1149
467	1625
468	555
468	578
469	760
469	1016
470	786
470	811
470	1344
470	1395
470	1429
471	599
471	1703
472	589
472	1068
472	1254
472	1577
472	1640
472	1647
472	1878
473	766
473	1771
474	479
474	565
474	1110
474	1230
474	1461
474	1843
475	700
475	808
475	1289
475	1463
475	1837
476	1116
476	1155
476	1574
476	1843
477	1270
477	1989
478	850
478	868
478	1475
479	581
479	1405
479	1572
479	1820
480	1283
482	617
482	790
482	1689
482	1709
482	1997
483	631
483	1153
484	1125
484	1928
485	646
485	1032
485	1213
485	1264
485	1941
486	1501
486	1952
487	942
487	1128
487	1391
487	1920
488	789
488	860
488	1848
488	1939
489	1314
490	1329
490	1436
490	1626
491	1304
491	1655
491	1714
491	1985
492	499
492	1770
492	1816
492	1922
493	520
493	702
493	1264
493	1511
493	1527
494	575
494	857
494	1066
494	1974
495	977
495	1383
495	1562
495	1671
496	1186
496	1666
497	1122
497	1544
498	1248
498	1370
498	1441
499	539
499	721
499	1061
499	1357
499	1858
500	686
500	753
500	1059
500	1547
500	1741
501	877
501	1224
502	679
502	1000
502	1533
502	1673
502	1741
503	765
503	792
503	805
503	1099
503	1103
503	1322
503	1350
503	1737
503	1813
504	1453
505	728
505	887
505	1194
505	1495
505	1744
505	1892
506	835
506	878
506	1117
506	1165
506	1640
506	1903
506	1966
507	1195
507	1369
507	1559
508	582
509	868
509	928
509	1145
509	1266
509	1898
510	1375
510	1532
510	1703
510	1710
510	1953
511	722
512	1465
514	1439
514	1502
515	1110
515	1866
516	1714
517	520
517	1383
517	1473
517	1560
517	1711
517	1898
518	1201
519	962
519	1000
519	1181
519	1551
519	1899
520	675
520	765
520	968
521	779
521	948
522	550
522	769
523	686
523	778
524	953
524	1273
524	1830
525	978
525	1999
526	640
527	632
527	1015
527	1275
527	1484
528	653
528	1008
528	1328
528	1678
529	718
529	919
529	936
529	1975
530	982
530	1874
530	1894
531	533
531	736
531	1024
531	1338
531	1501
532	651
532	1147
532	1185
533	1255
533	1490
534	778
534	849
534	1738
534	1791
534	1955
535	581
535	589
535	1816
536	744
536	1106
536	1214
536	1423
537	1491
537	1528
538	1109
538	1916
539	720
539	1116
539	1473
540	640
541	1101
542	735
542	1911
543	854
543	1385
543	1420
544	1687
544	1819
544	1858
545	711
545	1091
545	1126
545	1169
545	1239
545	1614
545	1950
546	1441
547	1102
547	1155
547	1710
548	1226
548	1468
548	1588
549	829
549	1240
549	1688
549	1689
549	1998
550	1016
550	1481
550	1637
550	1715
550	1986
551	564
551	1229
552	598
552	1308
552	1629
553	702
553	1877
554	1494
554	1624
554	1943
555	695
555	1008
555	1105
555	1256
555	1336
556	750
556	1648
556	1878
557	588
557	653
557	956
558	1003
558	1379
558	1751
559	709
559	1272
559	1405
559	1907
559	1927
560	796
560	1221
560	1390
560	1449
560	1888
561	1148
561	1198
561	1254
562	1020
563	621
563	812
563	1833
564	677
564	742
565	775
565	932
565	1732
566	1747
567	888
567	1670
568	1195
570	1389
570	1575
570	1905
571	668
571	913
571	947
571	1304
572	1055
572	1104
572	1676
573	1005
574	1365
574	1725
574	1817
575	734
575	1084
575	1645
576	858
576	981
576	1042
576	1096
576	1248
576	1260
576	1621
577	1919
577	1983
578	595
578	695
578	1441
578	1580
578	1894
578	1899
579	991
579	1786
579	1803
579	1845
580	756
580	782
580	971
580	1180
580	1349
581	797
581	1624
582	1282
583	738
583	1636
584	1985
585	1129
585	1767
586	731
586	1920
587	625
587	975
587	1435
587	1864
587	1928
588	1312
588	1542
588	1906
589	837
589	840
589	1058
589	1093
589	1333
589	1447
589	1608
589	1871
589	1964
590	792
590	1334
590	1878
591	789
591	915
591	1122
591	1475
591	1689
592	1436
593	744
593	1031
593	1761
594	598
595	822
595	1164
595	1663
595	1696
595	1964
596	977
596	1532
596	1851
597	699
597	1230
597	1311
598	777
598	973
598	1238
598	1323
598	1366
598	1948
599	629
599	886
600	761
600	902
600	915
601	1189
601	1891
602	709
602	1099
602	1329
602	1379
603	1114
603	1949
604	726
604	855
604	1569
604	1672
604	1926
605	712
605	724
605	1035
606	721
606	769
606	1642
606	1906
607	738
608	1017
608	1095
608	1798
609	1108
609	1323
609	1471
609	1547
610	1456
610	1465
610	1675
610	1676
611	1899
611	1971
611	1977
612	1234
613	1018
614	887
614	932
614	1066
614	1227
615	663
615	789
615	1480
615	1768
615	1849
615	1875
615	1940
616	705
616	755
616	777
616	1523
616	1878
617	689
617	858
617	961
617	1237
617	1355
618	867
618	1353
618	1998
619	1706
620	1217
620	1444
620	1647
620	1925
622	640
623	1343
623	1408
623	1870
624	768
624	1013
624	1115
624	1235
624	1619
624	1902
625	807
625	970
625	1254
625	1286
625	1536
625	1864
626	1159
627	1480
628	953
628	1146
628	1952
629	878
629	980
630	1006
630	1281
630	1840
631	893
631	1776
632	790
632	1615
632	1652
632	1898
633	638
633	1031
633	1975
634	1356
635	1929
635	1934
636	1318
636	1568
637	882
637	1202
637	1615
638	1092
638	1380
638	1443
639	1435
639	1730
640	1036
640	1471
641	1958
642	954
642	1186
642	1419
643	1030
643	1220
643	1489
643	1552
643	1670
644	722
644	1588
644	1610
644	1743
645	1951
646	1251
646	1327
646	1942
647	1029
647	1187
647	1550
647	1662
648	676
648	700
648	720
648	786
649	1376
650	727
650	741
650	1077
650	1224
650	1426
650	1808
651	860
651	1229
651	1460
651	1775
651	1968
652	741
652	820
652	850
652	1957
654	790
654	876
654	1448
654	1857
654	1963
655	1080
655	1944
656	835
656	1460
656	1648
657	1315
657	1983
658	730
658	861
658	1092
658	1741
658	1973
659	1662
660	905
660	1985
661	1286
661	1348
662	958
662	1933
664	1431
665	892
665	1055
665	1338
666	815
666	1942
666	1992
667	786
667	843
667	1588
667	1590
668	849
669	1504
669	1900
670	1202
670	1782
670	1822
670	1871
671	1053
671	1144
672	858
672	1660
672	1876
674	863
674	1101
674	1252
674	1342
674	1855
676	1049
676	1873
676	1899
676	1974
677	1849
677	1900
678	1822
678	1929
679	821
679	924
679	1159
679	1223
679	1330
679	1526
679	1673
680	729
680	913
680	1297
680	1416
681	902
681	1832
681	1889
682	886
682	1273
683	1810
684	766
684	1119
685	1301
685	1620
686	1014
686	1230
686	1308
686	1415
686	1599
686	1737
687	967
687	1197
687	1671
688	1396
688	1817
689	1396
690	1187
691	735
691	913
691	1464
691	1532
692	718
692	800
692	1154
692	1223
692	1230
692	1488
693	1080
693	1935
694	1073
694	1558
694	1888
694	1943
695	1169
696	1506
696	1981
698	818
698	1224
699	1164
700	710
700	1028
700	1976
701	716
701	868
701	1082
702	1100
703	1216
703	1380
703	1851
704	1191
704	1453
705	733
705	1072
705	1137
705	1339
705	1676
706	813
706	1948
707	835
707	922
707	1783
708	993
708	1419
709	1464
709	1477
709	1510
709	1702
710	1463
710	1476
710	1508
711	712
711	900
711	1712
712	744
712	1068
713	1564
713	1629
714	727
714	1593
715	756
715	771
715	1052
715	1793
716	1582
717	825
717	882
717	1399
717	1546
717	1917
718	803
718	1802
718	1995
719	979
719	1360
721	845
721	956
722	818
722	877
722	1361
723	872
723	1406
723	1556
723	1566
723	1650
724	1310
724	1354
724	1943
725	1175
725	1409
725	1607
726	967
726	1113
726	1514
727	1815
727	1987
728	1904
729	762
729	1552
730	1890
731	755
731	1033
731	1446
731	1497
731	1545
731	1808
733	809
733	1206
734	822
734	983
734	1611
735	802
735	1187
735	1367
735	1601
735	1851
736	976
737	1194
737	1570
738	1712
738	1822
739	1068
739	1077
740	903
740	1353
740	1685
741	1342
742	1028
742	1639
742	1714
742	1885
742	1933
743	926
743	932
743	1481
743	1542
743	1899
744	792
745	919
745	1043
745	1298
745	1989
746	1309
747	829
747	1358
748	974
748	1214
748	1324
748	1454
748	1787
748	1870
749	1233
749	1717
750	772
750	1444
750	1496
750	1662
750	1912
751	769
751	1421
751	1509
751	1575
752	1042
752	1165
752	1585
752	1701
752	1797
753	785
753	1871
754	775
754	971
754	1612
754	1816
754	1979
756	1379
757	1073
757	1318
758	925
758	1441
758	1542
759	1202
759	1239
759	1385
759	1615
760	927
760	1116
760	1251
760	1723
760	1728
761	1215
761	1410
761	1625
762	951
762	1221
762	1555
762	1670
763	820
763	848
764	1016
764	1044
764	1370
764	1429
764	1655
765	939
765	1279
765	1873
766	1011
766	1694
767	1228
767	1772
767	1865
768	868
768	897
768	1006
768	1028
768	1885
769	839
769	912
769	1459
769	1500
769	1774
770	1033
770	1552
770	1645
770	1953
771	1048
771	1397
771	1657
771	1871
772	1143
772	1286
772	1436
772	1784
773	1030
774	1037
775	1373
775	1905
776	1335
776	1349
777	1057
777	1191
777	1315
777	1335
777	1408
777	1929
778	1314
778	1405
778	1599
778	1664
779	1419
779	1454
780	1076
780	1282
780	1916
781	908
782	1591
782	1637
782	1979
783	1617
784	959
784	1830
785	1941
786	1520
786	1658
786	1771
786	1984
787	972
787	1326
787	1712
788	834
788	1048
788	1801
789	826
789	1057
791	1342
791	1462
791	1499
791	1570
792	862
792	980
792	1212
792	1496
793	911
793	1010
793	1261
793	1436
793	1836
794	1523
795	836
795	1193
795	1607
796	1482
797	887
797	1486
797	1517
798	975
798	1141
799	1076
799	1233
800	1155
800	1245
800	1260
800	1404
800	1647
800	1930
801	1536
802	993
802	1343
802	1568
803	1299
803	1942
804	1142
804	1397
805	1410
805	1930
806	1097
806	1524
809	1024
809	1237
809	1301
810	914
810	1173
810	1380
810	1423
810	1704
810	1891
811	876
812	1224
812	1482
813	983
813	1004
813	1946
814	1807
814	1969
815	1009
815	1164
815	1233
815	1389
815	1408
816	1318
816	1322
816	1771
816	1938
817	926
817	1430
817	1660
818	1007
818	1277
819	1704
820	1647
821	1593
822	1178
822	1282
822	1363
823	972
823	1388
823	1546
824	1251
825	1484
825	1504
826	1482
827	906
828	1398
828	1823
828	1866
828	1912
829	1223
830	1458
830	1958
831	1304
831	1427
831	1499
831	1672
831	1889
832	1202
832	1394
832	1663
832	1688
832	1855
833	1023
833	1102
833	1205
834	1923
835	1374
836	1395
837	916
837	1345
837	1496
838	1399
839	1732
840	889
840	1037
840	1142
840	1510
840	1873
841	932
841	1068
841	1125
842	1134
842	1228
842	1300
842	1828
842	1879
843	937
843	1532
843	1608
844	1226
844	1397
844	1654
845	1170
845	1435
845	1747
845	1771
846	1189
846	1220
846	1267
846	1598
846	1881
847	1010
847	1173
847	1913
849	1878
850	1136
850	1353
850	1621
851	1490
851	1960
852	983
853	1088
853	1243
854	1613
855	1356
855	1757
855	1818
856	1273
858	1852
859	1222
859	1694
860	1059
860	1862
862	1157
863	1073
863	1171
863	1765
864	1029
864	1851
865	1204
865	1668
865	1682
865	1946
866	1578
867	1053
867	1183
867	1528
868	1665
868	1868
869	1355
869	1406
869	1844
870	1064
870	1908
871	1265
871	1394
871	1521
871	1789
872	1121
872	1468
872	1668
873	1065
874	923
874	1988
875	1420
875	1491
875	1636
875	1798
876	1507
877	1308
878	1736
879	1856
880	1180
880	1328
880	1701
881	1611
881	1690
881	1727
882	1424
882	1760
883	1626
883	1957
884	996
884	1913
885	1161
885	1691
886	1625
886	1827
887	1267
888	917
888	1011
888	1353
888	1424
889	949
889	1601
889	1606
890	904
890	1476
890	1988
891	1081
891	1233
891	1666
891	1923
891	1970
892	1238
892	1561
892	1608
892	1948
893	1195
893	1545
895	985
895	1159
895	1826
896	937
896	1155
896	1293
896	1544
896	1591
897	1143
897	1957
898	1980
899	1323
900	1516
901	1052
902	1952
903	1265
904	1016
904	1067
904	1101
904	1418
904	1611
905	1713
906	1074
906	1316
906	1515
906	1830
907	1028
907	1312
907	1458
908	1317
909	1100
909	1662
910	1109
910	1519
910	1754
911	1177
911	1636
912	1575
912	1920
912	1935
913	977
913	1384
913	1639
914	1340
915	1710
916	1728
916	1737
916	1828
917	1005
917	1434
918	1546
918	1628
919	1633
919	1822
921	1920
922	1387
922	1826
924	928
924	1281
924	1795
924	1819
924	1900
925	1078
925	1734
925	1765
925	1810
926	1226
926	1872
927	1082
927	1213
927	1701
927	1734
927	1913
929	1143
929	1437
929	1684
930	1009
930	1310
931	1009
931	1296
933	1132
933	1295
934	1162
934	1992
935	1029
935	1575
936	1349
936	1435
937	1176
937	1502
937	1785
938	1253
938	1495
938	1513
939	1458
939	1509
939	1526
939	1798
940	950
940	975
940	1198
941	1190
941	1647
941	1994
942	1424
943	1423
944	1311
944	1331
944	1883
944	1962
945	1987
946	1405
946	1690
946	1848
947	1296
947	1392
947	1421
947	1609
947	1749
948	951
948	1857
948	1906
949	1897
950	1813
951	1055
951	1586
951	1692
951	1968
952	1862
953	1188
954	1752
955	1773
956	1083
956	1498
956	1951
957	1495
957	1497
959	1228
959	1820
960	1009
960	1287
961	1098
961	1108
961	1782
962	1600
962	1936
963	1050
963	1199
963	1726
963	1749
964	1322
964	1520
964	1549
964	1560
964	1618
965	1243
965	1463
966	1129
966	1680
968	1816
970	1337
971	1366
971	1764
972	1487
973	1334
976	1186
976	1538
976	1865
976	1900
977	1785
978	1427
978	1729
978	1965
979	1326
979	1740
980	1265
980	1393
980	1730
980	1869
981	1247
981	1458
981	1526
981	1754
982	1196
982	1884
982	1913
983	1319
983	1360
983	1642
984	1903
985	1150
985	1759
985	1812
986	1122
986	1462
987	1151
987	1248
987	1659
988	1372
989	1546
989	1551
990	1011
990	1421
990	1775
991	1343
991	1596
991	1920
992	1434
992	1475
992	1788
993	1351
993	1419
993	1935
994	1723
994	1801
995	1156
996	1669
996	1953
997	1053
997	1861
997	1872
998	1562
998	1597
999	1184
999	1873
1000	1110
1000	1284
1000	1763
1001	1471
1002	1249
1002	1537
1002	1745
1003	1886
1003	1960
1004	1742
1005	1397
1005	1498
1005	1878
1006	1549
1006	1767
1007	1824
1008	1252
1008	1380
1008	1616
1009	1347
1009	1722
1011	1138
1011	1402
1011	1662
1014	1057
1014	1170
1014	1244
1014	1394
1014	1652
1014	1930
1014	1940
1015	1665
1015	1668
1015	1685
1016	1597
1016	1780
1017	1144
1018	1093
1018	1520
1019	1454
1019	1482
1021	1579
1021	1923
1022	1221
1022	1742
1023	1360
1023	1466
1024	1442
1024	1511
1024	1705
1024	1917
1025	1137
1025	1319
1025	1981
1026	1556
1026	1654
1027	1261
1028	1192
1028	1216
1028	1382
1028	1395
1029	1708
1030	1450
1030	1519
1030	1867
1031	1123
1031	1156
1031	1205
1031	1390
1031	1826
1031	1856
1032	1416
1032	1497
1033	1321
1033	1691
1034	1551
1034	1556
1034	1640
1035	1115
1035	1319
1035	1520
1035	1690
1035	1879
1037	1063
1037	1442
1039	1085
1039	1508
1039	1837
1040	1112
1040	1198
1040	1236
1040	1627
1040	1831
1040	1878
1041	1293
1041	1562
1043	1596
1043	1714
1044	1130
1044	1145
1044	1506
1045	1864
1046	1443
1046	1664
1047	1475
1047	1945
1048	1451
1049	1469
1049	1474
1050	1158
1050	1512
1050	1829
1051	1419
1052	1803
1053	1910
1054	1414
1054	1942
1055	1247
1055	1408
1055	1531
1056	1123
1056	1423
1056	1620
1056	1670
1057	1630
1057	1631
1058	1073
1058	1129
1058	1507
1059	1072
1059	1367
1060	1339
1060	1458
1060	1841
1061	1695
1061	1788
1062	1263
1062	1647
1062	1708
1062	1961
1063	1209
1063	1398
1063	1769
1064	1111
1064	1119
1064	1994
1065	1097
1065	1103
1065	1227
1065	1978
1065	1990
1066	1631
1067	1134
1067	1739
1067	1746
1069	1527
1069	1858
1070	1166
1070	1730
1071	1416
1073	1400
1073	1743
1073	1968
1074	1105
1074	1368
1074	1648
1075	1182
1075	1755
1077	1526
1077	1713
1077	1985
1078	1217
1079	1098
1079	1147
1079	1243
1079	1342
1080	1279
1081	1270
1081	1497
1081	1824
1084	1173
1084	1403
1086	1679
1087	1611
1088	1454
1088	1546
1088	1676
1089	1152
1089	1722
1090	1389
1090	1408
1090	1993
1091	1818
1092	1675
1093	1557
1094	1363
1094	1852
1094	1965
1095	1664
1095	1844
1096	1127
1096	1710
1096	1719
1097	1408
1097	1786
1097	1865
1098	1214
1098	1526
1098	1776
1099	1762
1101	1593
1101	1717
1102	1433
1103	1158
1104	1994
1105	1542
1106	1967
1107	1691
1107	1844
1108	1288
1110	1619
1112	1213
1112	1318
1112	1348
1112	1467
1113	1683
1114	1609
1114	1695
1114	1948
1114	1995
1115	1505
1115	1722
1115	1771
1117	1660
1117	1724
1117	1860
1118	1671
1120	1140
1120	1549
1120	1602
1120	1624
1122	1195
1122	1564
1123	1503
1124	1295
1124	1596
1124	1696
1125	1228
1126	1149
1126	1655
1126	1715
1128	1453
1128	1522
1128	1556
1129	1254
1129	1289
1129	1304
1129	1681
1130	1156
1130	1550
1130	1917
1131	1141
1131	1206
1131	1350
1131	1780
1132	1420
1132	1546
1132	1623
1132	1972
1133	1217
1133	1837
1135	1180
1135	1401
1137	1451
1138	1406
1139	1577
1139	1835
1140	1179
1140	1959
1141	1699
1142	1284
1143	1674
1144	1948
1146	1313
1146	1843
1147	1859
1150	1447
1150	1455
1150	1626
1151	1327
1151	1415
1151	1984
1152	1483
1153	1893
1154	1186
1154	1243
1154	1437
1154	1914
1155	1526
1155	1597
1156	1290
1158	1207
1158	1434
1158	1706
1158	1869
1159	1199
1159	1734
1160	1196
1160	1302
1161	1819
1162	1462
1162	1981
1163	1540
1163	1729
1163	1765
1164	1198
1164	1271
1164	1487
1165	1174
1167	1184
1167	1232
1167	1880
1168	1476
1168	1510
1168	1523
1169	1191
1169	1286
1169	1921
1171	1599
1173	1500
1174	1542
1175	1505
1175	1543
1175	1727
1175	1770
1176	1239
1176	1405
1177	1194
1177	1751
1178	1229
1178	1550
1178	1828
1179	1561
1179	1796
1180	1261
1180	1482
1182	1574
1183	1344
1183	1702
1184	1348
1184	1659
1187	1941
1187	1969
1188	1401
1188	1432
1190	1763
1191	1479
1192	1234
1192	1255
1192	1544
1192	1613
1192	1651
1192	1883
1193	1244
1196	1383
1196	1711
1197	1298
1197	1378
1197	1808
1197	1977
1199	1565
1199	1995
1200	1484
1202	1540
1203	1648
1203	1961
1205	1375
1205	1393
1206	1370
1206	1509
1207	1594
1210	1784
1210	1898
1211	1348
1211	1587
1212	1402
1212	1415
1213	1331
1213	1645
1214	1394
1214	1542
1214	1743
1215	1236
1216	1483
1216	1952
1217	1291
1217	1478
1217	1482
1217	1864
1217	1893
1218	1264
1218	1365
1218	1652
1219	1542
1219	1573
1220	1347
1220	1375
1220	1672
1220	1995
1221	1339
1222	1319
1222	1831
1223	1448
1223	1477
1224	1233
1224	1393
1224	1991
1225	1669
1226	1886
1227	1283
1228	1644
1228	1861
1230	1410
1230	1635
1230	1809
1230	1886
1231	1586
1231	1676
1231	1799
1231	1834
1234	1979
1236	1358
1236	1500
1236	1573
1236	1673
1237	1288
1237	1363
1237	1583
1238	1500
1239	1905
1240	1521
1240	1858
1241	1598
1241	1981
1243	1638
1244	1638
1245	1551
1245	1672
1245	1750
1246	1890
1248	1307
1248	1320
1248	1427
1249	1359
1249	1390
1250	1759
1251	1483
1251	1703
1252	1985
1253	1272
1253	1545
1253	1630
1254	1315
1254	1835
1255	1362
1255	1653
1256	1954
1257	1754
1258	1633
1258	1664
1259	1976
1260	1304
1260	1379
1262	1838
1263	1287
1263	1448
1263	1659
1263	1700
1263	1844
1265	1804
1265	1908
1266	1659
1266	1830
1267	1738
1267	1955
1270	1393
1272	1444
1273	1329
1274	1501
1274	1884
1275	1651
1276	1964
1277	1836
1278	1508
1279	1911
1280	1549
1280	1947
1282	1905
1283	1298
1283	1802
1283	1836
1285	1508
1285	1992
1286	1545
1286	1670
1287	1337
1287	1699
1287	1782
1289	1300
1289	1454
1289	1526
1289	1773
1290	1719
1290	1925
1291	1549
1291	1821
1292	1727
1295	1388
1295	1573
1295	1952
1296	1832
1296	1913
1296	1945
1297	1375
1297	1572
1297	1796
1297	1905
1298	1937
1299	1351
1299	1577
1301	1379
1301	1469
1301	1575
1301	1632
1301	1665
1302	1822
1302	1976
1303	1704
1303	1839
1303	1972
1304	1483
1304	1864
1305	1553
1306	1648
1307	1681
1308	1840
1310	1329
1310	1637
1310	1762
1311	1470
1311	1882
1314	1559
1314	1612
1314	1625
1314	1665
1314	1746
1315	1386
1315	1566
1317	1525
1318	1842
1318	1861
1318	1878
1318	1960
1318	1972
1319	1533
1321	1529
1322	1930
1323	1418
1323	1440
1323	1579
1323	1816
1324	1757
1324	1963
1327	1794
1327	1944
1328	1647
1328	1836
1329	1400
1331	1817
1332	1343
1332	1817
1332	1852
1333	1597
1333	1827
1333	1854
1333	1862
1333	1970
1334	1353
1334	1568
1335	1788
1336	1587
1337	1565
1339	1763
1340	1521
1341	1891
1341	1925
1341	1946
1342	1448
1342	1776
1342	1905
1343	1614
1344	1345
1344	1972
1345	1718
1346	1443
1346	1482
1346	1945
1348	1687
1349	1459
1349	1612
1349	1693
1349	1834
1350	1410
1350	1897
1352	1675
1353	1745
1355	1450
1356	1716
1356	1762
1356	1956
1357	1403
1357	1911
1358	1485
1358	1836
1360	1710
1362	1551
1362	1554
1362	1655
1363	1828
1364	1459
1364	1526
1364	1835
1365	1502
1365	1641
1365	1906
1366	1569
1367	1803
1369	1389
1369	1805
1369	1892
1370	1512
1370	1735
1370	1903
1371	1472
1371	1549
1371	1685
1372	1848
1374	1399
1374	1631
1374	1985
1376	1521
1376	1695
1376	1940
1377	1731
1379	1588
1379	1654
1379	1821
1380	1508
1380	1617
1381	1840
1382	1468
1382	1519
1382	1850
1384	1393
1386	1562
1387	1402
1389	1579
1389	1757
1390	1412
1390	1483
1390	1544
1390	1597
1390	1629
1394	1705
1396	1435
1396	1607
1396	1701
1396	1797
1396	1987
1397	1505
1398	1902
1398	1927
1400	1496
1401	1508
1402	1578
1402	1833
1403	1433
1403	1804
1404	1406
1404	1422
1405	1431
1406	1686
1407	1982
1409	1529
1409	1679
1410	1986
1411	1857
1412	1874
1413	1792
1414	1745
1415	1575
1415	1727
1415	1811
1416	1624
1416	1659
1417	1461
1417	1677
1420	1558
1420	1649
1421	1777
1423	1893
1423	1897
1424	1480
1425	1901
1425	1972
1426	1781
1427	1677
1427	1949
1428	1988
1431	1731
1432	1690
1434	1527
1436	1575
1436	1946
1437	1608
1438	1592
1439	1745
1442	1462
1442	1783
1442	1875
1443	1888
1444	1550
1445	1460
1447	1698
1449	1597
1449	1941
1450	1709
1451	1537
1451	1716
1451	1757
1452	1765
1453	1576
1453	1706
1455	1492
1456	1531
1456	1543
1456	1799
1456	1962
1457	1785
1458	1656
1460	1960
1462	1656
1462	1899
1463	1520
1463	1916
1464	1776
1466	1506
1466	1869
1467	1483
1467	1518
1468	1938
1470	1945
1471	1627
1473	1524
1477	1739
1477	1862
1478	1918
1479	1583
1479	1960
1480	1632
1480	1687
1481	1916
1482	1648
1484	1837
1485	1930
1489	1499
1489	1603
1489	1895
1490	1761
1490	1897
1491	1923
1492	1556
1492	1584
1492	1715
1493	1578
1493	1731
1493	1753
1495	1622
1496	1819
1496	1960
1498	1633
1499	1951
1502	1550
1502	1619
1503	1550
1504	1626
1505	1870
1505	1957
1506	1545
1506	1859
1507	1543
1507	1956
1508	1958
1508	1991
1509	1642
1509	1714
1510	1526
1510	1588
1510	1629
1510	1681
1510	1847
1511	1644
1511	1931
1512	1692
1512	1970
1514	1888
1516	1682
1516	1750
1516	1800
1517	1688
1518	1853
1518	1959
1519	1966
1520	1856
1521	1670
1521	1801
1521	1827
1522	1626
1524	1576
1524	1737
1525	1591
1527	1801
1527	1899
1528	1734
1528	1842
1529	1666
1530	1922
1531	1562
1533	1670
1533	1804
1534	1793
1534	1831
1536	1904
1538	1880
1538	1957
1541	1742
1542	1628
1542	1630
1542	1870
1546	1685
1547	1945
1550	1753
1551	1554
1554	1621
1554	1976
1555	1619
1555	1690
1555	1995
1557	1591
1560	1584
1562	1626
1563	1901
1564	1623
1564	1726
1564	1983
1566	1659
1566	1674
1567	1586
1567	1595
1569	1945
1570	1627
1570	1739
1571	1678
1571	1885
1574	1762
1574	1826
1575	1628
1577	1599
1579	1986
1583	1694
1583	1865
1588	1622
1589	1659
1591	1699
1592	1605
1595	1970
1597	1852
1598	1787
1598	1910
1599	1829
1601	1850
1601	1917
1602	1630
1607	1758
1608	1840
1609	1739
1609	1794
1613	1927
1615	1817
1615	1869
1616	1895
1617	1957
1618	1803
1619	1841
1621	1960
1621	1999
1622	1901
1623	1906
1623	1987
1624	1997
1626	1711
1629	1996
1631	1850
1632	1832
1633	1656
1633	1697
1634	1921
1637	1926
1637	1993
1641	1852
1641	1917
1642	1779
1642	1923
1642	1962
1645	1813
1645	1822
1646	1934
1649	1949
1651	1747
1652	1745
1652	1794
1653	1879
1655	1853
1659	1799
1660	1943
1662	1868
1665	1985
1667	1826
1668	1689
1670	1882
1670	1883
1671	1919
1671	1968
1673	1983
1676	1704
1676	1878
1682	1811
1682	1913
1683	1898
1685	1751
1686	1935
1687	1760
1689	1798
1689	1933
1691	1796
1694	1834
1694	1851
1695	1756
1695	1903
1698	1830
1699	1726
1702	1998
1704	1992
1707	1846
1711	1821
1712	1775
1714	1925
1714	1976
1719	1772
1720	1933
1721	1763
1723	1787
1724	1763
1728	1821
1731	1789
1732	1751
1733	1879
1734	1856
1736	1808
1737	1786
1741	1939
1742	1760
1742	1945
1747	1802
1752	1773
1753	1853
1753	1868
1763	1875
1766	1910
1773	1826
1775	1933
1790	1846
1791	1823
1791	1860
1792	1925
1797	1895
1797	1911
1797	1954
1799	1874
1803	1948
1806	1905
1807	1914
1809	1879
1809	1902
1809	1942
1811	1874
1811	1981
1811	1990
1819	1834
1819	1859
1821	1862
1824	1842
1825	1923
1827	1942
1829	1953
1832	1945
1836	1877
1837	1981
1845	1885
1845	1887
1849	1991
1851	1949
1858	1865
1861	1884
1862	1902
1876	1927
1878	1996
1879	1931
1888	1909
1891	1985
1892	1966
1893	1916
1898	1927
1906	1967
1923	1977
1929	1977
1931	1966
1935	1993
1944	1960
1956	1998
1971	1987
1976	1982
1990	1997