0	88
0	247
0	1687
1	57
1	231
1	893
2	299
2	704
2	1677
3	180
3	252
3	270
3	898
3	933
3	1125
3	1374
3	1826
3	1852
4	423
4	1193
5	956
5	1102
5	1213
5	1392
5	1917
6	7
6	29
6	133
6	264
6	464
6	496
6	1183
7	420
7	507
7	1592
8	1636
9	217
9	306
9	1310
9	1710
9	1729
10	1167
10	1182
10	1824
10	1997
11	287
11	753
12	227
12	233
12	626
12	1989
13	84
13	223
13	1134
13	1137
13	1872
14	255
14	276
14	605
14	764
14	985
14	1026
14	1326
15	686
15	1535
15	1651
16	442
16	659
17	1240
18	339
18	450
18	1480
18	1682
18	1746
19	1170
19	1358
19	1603
20	987
21	575
21	800
21	1288
21	1315
21	1439
21	1663
21	1798
22	324
22	1496
22	1554
22	1923
23	34
23	87
23	736
24	382
24	454
24	630
24	1005
24	1182
24	1497
25	278
25	363
25	582
25	864
26	38
26	117
26	671
26	1259
26	1544
26	1565
27	255
27	782
27	882
27	1390
27	1481
27	1619
27	1644
28	1426
28	1708
28	1742
28	1871
28	1958
29	340
29	1496
30	1387
30	1722
30	1744
30	1892
31	355
31	425
31	605
31	839
31	1297
31	1585
32	174
32	572
32	784
32	1308
33	1500
33	1703
33	1760
34	130
34	995
34	1417
35	81
35	105
35	127
35	557
35	1534
35	1940
36	90
36	386
36	1063
36	1382
36	1527
37	844
37	1003
37	1294
37	1566
37	1630
38	596
38	933
38	949
38	1756
38	1759
39	187
39	725
39	751
39	879
39	1256
39	1271
39	1323
39	1524
39	1982
40	936
40	968
40	1287
40	1842
41	131
41	356
41	476
41	514
41	1495
41	1701
42	456
42	1040
42	1176
42	1299
42	1458
43	1882
44	332
44	857
44	960
44	1073
44	1415
45	929
45	1188
45	1291
45	1537
46	896
46	1244
47	793
47	1045
47	1567
47	1962
48	1705
49	146
49	203
49	1209
49	1508
50	440
51	298
51	489
51	1449
52	654
52	674
52	1044
53	1474
53	1491
53	1588
53	1624
53	1748
54	134
54	436
54	1051
54	1261
54	1599
55	1331
55	1497
55	1703
55	1885
56	362
56	553
56	730
57	259
57	1145
57	1821
58	712
58	845
58	888
59	509
59	649
59	783
59	898
59	1414
59	1525
60	1067
60	1211
60	1582
61	361
61	505
61	691
62	286
62	528
62	685
62	1899
63	353
63	372
63	730
63	888
63	1077
63	1251
63	1363
64	547
64	1466
65	101
65	554
65	776
65	783
65	1035
65	1162
65	1209
65	1730
66	297
66	891
66	1244
66	1557
67	863
67	1222
67	1373
67	1384
68	1159
68	1428
69	134
69	1122
69	1333
70	568
71	760
71	921
71	1018
71	1807
71	1904
72	448
72	749
72	843
72	1463
73	254
73	1791
73	1822
74	187
74	1507
74	1577
74	1639
75	296
75	756
75	1329
75	1931
76	1246
76	1258
76	1378
77	437
77	806
78	1959
79	1078
79	1122
79	1474
80	198
80	237
80	359
80	497
80	823
80	1444
80	1639
80	1792
80	1896
81	1401
81	1513
81	1563
82	406
82	440
82	1249
83	520
83	760
83	1491
83	1808
83	1926
84	207
84	271
84	1175
84	1290
84	1293
84	1749
84	1842
85	1048
85	1371
85	1698
86	154
86	575
86	1536
87	325
87	344
87	891
88	259
88	412
88	762
88	1304
88	1332
88	1646
88	1907
89	1436
90	1693
91	361
91	696
91	1227
91	1874
92	154
92	458
92	915
92	926
92	1045
92	1723
92	1869
92	1906
93	1230
93	1367
93	1581
94	705
94	958
94	1127
94	1420
94	1683
95	208
95	247
95	433
95	703
95	1596
96	712
96	843
96	1523
97	155
97	336
97	424
97	525
97	584
97	1719
98	343
98	1547
98	1856
99	150
99	378
99	833
99	1260
99	1899
100	275
100	587
100	1046
100	1506
100	1697
101	1017
101	1226
101	1554
102	557
102	850
103	726
103	1209
104	559
104	840
104	1528
104	1803
105	169
105	228
105	1120
105	1172
105	1624
106	487
107	1159
107	1212
107	1497
107	1505
108	1163
108	1840
109	606
109	734
109	1541
109	1676
110	1706
110	1785
111	203
111	350
111	535
111	644
111	1010
111	1705
111	1962
112	1754
113	753
113	1052
113	1184
113	1236
113	1835
114	602
114	736
114	1574
114	1762
115	1530
116	1035
116	1116
116	1416
116	1431
116	1563
116	1751
116	1883
117	386
117	1063
117	1275
117	1436
118	233
118	1370
118	1828
119	1128
119	1353
119	1572
119	1625
120	756
120	823
120	1540
120	1672
121	1162
121	1383
121	1574
121	1952
122	197
122	588
122	1224
122	1588
123	805
124	1228
125	242
125	375
125	589
125	856
126	128
127	132
127	271
127	598
127	1390
127	1419
127	1500
127	1600
128	559
128	881
128	1320
129	1739
130	145
130	258
130	499
130	671
130	1198
130	1228
131	181
131	1567
131	1645
131	1714
132	265
132	286
132	1347
132	1498
132	1719
133	224
133	1099
133	1867
133	1966
134	236
134	1418
135	481
135	598
135	788
135	1201
135	1549
135	1786
136	357
136	1003
136	1570
136	1879
137	275
137	498
137	1056
137	1429
138	688
138	779
138	1335
138	1345
139	311
139	696
139	934
139	1299
139	1357
139	1469
139	1576
140	160
140	541
140	1193
141	611
141	1167
141	1245
141	1320
141	1694
142	1624
142	1918
143	484
143	589
143	706
143	1346
143	1372
144	350
144	477
144	801
144	1173
144	1308
144	1846
144	1854
145	665
145	906
145	1063
145	1181
145	1277
145	1359
145	1432
145	1896
146	516
146	805
146	812
146	855
146	1018
147	885
147	1518
148	299
148	534
148	702
148	773
148	1219
148	1680
148	1694
148	1837
148	1968
149	215
149	320
149	701
150	1616
151	1333
151	1372
151	1725
151	1835
151	1871
152	610
153	709
153	944
153	1855
154	284
154	726
154	814
154	1673
154	1816
155	325
155	671
156	225
156	794
157	688
157	1600
158	235
158	532
158	1325
158	1581
158	1820
158	1913
159	918
159	1743
159	1828
160	1091
160	1642
160	1751
161	295
161	830
161	1575
162	940
162	1051
162	1346
163	344
163	500
163	850
163	1096
163	1224
163	1275
164	406
164	769
164	1184
164	1443
164	1485
164	1847
165	753
165	798
165	998
165	1038
165	1317
166	521
167	499
168	1445
168	1683
168	1937
169	291
169	293
169	851
169	988
169	1657
169	1689
170	603
170	769
170	1164
170	1688
171	584
171	657
171	810
171	950
171	1007
172	735
172	784
172	921
172	1183
172	1331
172	1409
173	529
173	1395
173	1992
174	279
174	652
174	1818
175	366
175	638
176	981
176	1131
177	683
177	769
177	1858
177	1862
178	220
178	734
178	1483
178	1513
179	1924
179	1939
179	1982
180	995
180	1496
181	343
181	458
181	967
181	1397
181	1408
181	1556
181	1641
182	347
182	1667
183	757
183	764
183	1319
183	1665
183	1831
183	1888
184	766
184	1200
185	270
185	1486
185	1507
185	1681
186	510
186	1176
186	1701
186	1953
187	330
187	885
187	1097
187	1191
187	1491
187	1754
188	209
188	254
188	1471
188	1534
188	1556
189	321
189	878
189	1612
189	1889
190	1308
190	1518
190	1828
191	300
191	989
191	1400
191	1417
191	1547
192	507
192	748
192	838
192	1201
192	1262
193	864
193	1282
194	471
195	1253
196	1383
197	309
197	620
197	993
197	1897
198	620
198	800
198	967
199	602
199	807
199	1073
200	567
200	686
200	1032
200	1392
200	1692
200	1910
201	474
201	627
201	672
201	1205
201	1919
202	477
202	1222
202	1373
203	604
203	961
203	1635
203	1693
203	1973
204	1798
205	400
205	906
206	691
206	1034
207	923
207	1054
207	1628
208	984
208	1554
208	1690
209	272
209	754
209	766
209	985
209	1129
209	1620
210	618
210	1544
210	1597
210	1831
211	871
211	1021
211	1242
211	1528
211	1735
212	571
212	867
212	1061
212	1241
212	1521
213	824
213	921
213	1239
213	1744
214	786
214	1567
214	1816
214	1895
214	1967
215	225
215	382
215	1628
216	440
216	1876
217	260
217	946
217	1390
217	1424
217	1581
218	362
218	416
218	886
218	925
218	1828
218	1918
218	1944
219	764
219	920
219	1786
219	1802
220	312
220	1088
220	1144
220	1374
220	1429
220	1910
221	486
221	915
221	1148
221	1530
221	1628
221	1941
222	670
222	1009
222	1145
222	1485
224	229
224	670
224	1803
225	524
225	579
225	1248
226	1334
226	1368
227	1192
228	947
228	1678
229	1429
230	603
230	904
230	1321
230	1601
230	1622
231	281
231	679
231	789
231	984
231	1781
231	1859
232	577
232	877
232	997
232	1133
232	1553
232	1689
232	1959
233	476
233	511
233	527
234	1869
234	1964
235	1067
237	390
237	1067
238	646
238	1073
238	1206
238	1342
238	1892
239	479
239	832
239	941
239	992
240	297
240	972
240	1293
240	1917
240	1947
241	494
241	1282
242	767
242	982
243	947
243	1251
243	1766
243	1790
244	1135
244	1142
244	1811
245	574
245	1320
245	1786
245	1862
245	1876
246	416
246	1086
246	1465
246	1851
247	290
247	696
247	1286
247	1491
247	1949
248	827
248	1848
249	1083
250	316
250	539
250	887
250	1457
250	1808
250	1984
251	340
251	719
251	982
251	1669
251	1760
252	835
252	860
252	943
252	1127
252	1298
253	460
253	651
253	847
253	1209
253	1332
254	538
254	783
254	824
254	1124
254	1730
254	1869
255	291
255	385
255	559
255	698
255	1772
256	354
256	489
256	1250
256	1391
256	1712
257	394
257	801
257	1226
257	1521
258	388
258	934
258	1103
258	1310
258	1547
258	1910
258	1937
259	612
259	1247
259	1439
260	1078
260	1297
260	1564
260	1733
261	857
261	1254
261	1597
261	1765
261	1828
261	1878
262	795
262	1052
262	1098
262	1658
262	1736
263	912
263	996
263	1226
263	1377
263	1851
263	1991
264	538
264	922
265	860
265	1109
265	1485
265	1790
266	321
266	1052
266	1204
266	1259
267	561
268	538
268	844
268	1351
268	1474
269	401
269	992
269	1278
269	1901
270	306
271	277
271	319
271	550
271	639
271	1821
271	1986
272	790
272	791
273	392
273	497
273	628
273	1001
273	1845
273	1890
274	456
274	466
274	500
274	602
274	886
274	1807
274	1820
275	715
275	1797
276	362
276	474
276	1022
276	1841
276	1843
276	1966
277	509
277	708
277	1178
277	1348
277	1858
277	1943
278	975
279	579
280	581
280	987
281	295
281	308
281	1213
281	1237
281	1435
282	646
282	940
283	1925
284	536
284	915
284	1471
284	1867
284	1985
285	1824
286	360
286	486
286	1795
286	1820
286	1972
287	331
287	858
287	1203
287	1355
288	683
288	832
288	1920
289	386
289	1497
290	1259
290	1290
290	1484
290	1640
290	1931
291	308
291	682
291	1832
292	1119
292	1295
292	1364
292	1950
293	1379
293	1515
293	1783
294	301
294	475
294	675
294	1150
297	1322
298	804
298	1191
298	1675
299	941
299	1713
299	1797
300	900
300	914
300	1071
301	397
301	1309
302	696
302	1423
302	1474
302	1727
302	1817
303	980
303	1795
304	526
304	679
305	341
305	1347
305	1598
305	1633
305	1754
306	1429
306	1505
306	1809
306	1874
306	1990
307	679
307	705
307	807
307	1260
307	1476
307	1512
308	1056
309	642
309	1709
310	848
310	1056
310	1518
310	1813
310	1977
311	327
311	647
311	790
311	1109
311	1542
311	1563
312	405
312	645
312	725
312	747
312	1718
313	925
313	1152
313	1367
314	373
314	629
314	1444
314	1569
314	1663
315	620
315	763
315	1048
315	1425
315	1449
316	712
316	822
316	1052
317	370
317	626
317	1124
317	1272
318	1020
318	1257
319	509
319	1473
320	416
320	600
320	635
320	903
320	992
320	1233
320	1286
320	1292
320	1325
320	1453
320	1597
321	412
321	485
321	832
321	1219
321	1396
321	1801
322	860
322	1015
322	1222
322	1721
323	1337
323	1537
323	1567
324	558
324	590
324	671
325	610
325	1073
325	1880
326	493
326	1356
326	1450
327	425
327	1211
327	1575
327	1585
327	1652
328	385
328	392
328	551
328	588
328	1027
328	1434
328	1998
329	431
329	617
330	348
330	770
330	1845
331	453
331	925
331	1566
332	627
332	670
332	1043
333	505
333	863
333	1135
334	874
334	1064
334	1827
334	1947
335	1789
336	453
336	954
336	966
336	1671
336	1954
337	644
337	782
337	837
337	1579
338	1890
339	839
339	942
339	1179
339	1281
339	1749
339	1820
339	1907
340	480
340	1008
340	1321
340	1844
341	708
341	717
341	826
341	962
341	1204
341	1373
342	525
342	592
342	1338
343	371
345	1166
345	1538
346	835
346	989
347	1229
347	1325
348	966
348	998
348	1051
348	1129
348	1916
348	1939
348	1987
349	608
349	1533
351	1006
351	1325
351	1856
351	1879
352	944
352	1354
353	1016
353	1284
353	1922
354	1134
354	1973
355	1099
355	1385
355	1508
355	1713
355	1725
356	573
356	594
357	359
357	851
358	1450
359	834
359	1318
359	1396
360	738
360	1966
361	510
361	1297
362	381
363	1226
363	1474
363	1521
363	1575
363	1947
364	1590
364	1894
364	1904
365	435
365	897
365	1401
365	1871
366	466
366	1125
366	1317
367	968
367	1510
368	805
368	835
368	1877
368	1924
369	552
369	836
369	1230
369	1507
369	1624
369	1983
370	601
370	746
370	1321
371	487
371	756
371	931
371	1476
371	1515
371	1552
371	1998
372	649
372	745
372	1527
372	1529
372	1638
372	1860
373	387
373	1294
373	1905
374	388
374	456
374	805
374	889
374	1177
374	1381
374	1449
374	1559
375	1209
375	1848
376	528
376	1426
376	1742
376	1965
377	1138
377	1554
378	521
378	1023
378	1170
378	1312
378	1524
379	673
379	1257
379	1327
379	1851
380	842
380	909
380	1088
380	1716
380	1973
381	445
381	800
381	1901
382	848
382	1471
383	813
383	1221
383	1239
384	398
384	724
384	1204
385	406
386	411
386	756
387	1115
387	1272
387	1843
387	1871
388	1230
388	1819
388	1857
388	1948
388	1972
389	1154
389	1268
390	799
390	869
390	1212
390	1299
391	1531
391	1653
392	684
392	1874
393	408
393	725
393	853
393	896
393	1216
393	1530
394	584
394	1118
394	1447
394	1974
395	447
395	752
395	1292
395	1557
396	569
396	716
396	1693
397	973
397	1078
397	1648
398	1606
399	760
399	1144
399	1496
399	1697
400	920
400	1050
400	1693
400	1701
401	670
401	1153
401	1213
402	1042
403	912
403	1058
403	1575
403	1676
404	485
404	683
404	900
404	1576
404	1578
405	498
405	547
405	608
405	911
405	929
405	1028
406	1107
406	1749
406	1819
406	1886
406	1934
407	445
408	695
409	782
409	1162
409	1406
409	1760
410	1700
411	920
411	1994
412	900
412	1440
412	1897
413	1150
413	1526
413	1731
413	1991
414	1403
414	1993
415	1432
416	802
416	906
416	1864
417	669
418	1001
419	779
419	849
419	980
419	1872
420	1986
421	965
421	1357
421	1427
421	1633
421	1679
421	1914
422	1801
423	439
423	931
423	1081
423	1168
423	1330
423	1388
424	885
424	926
424	1191
425	1895
426	1042
426	1379
427	564
427	1559
428	519
428	1229
428	1936
429	631
429	1293
429	1924
430	803
430	1282
431	563
431	1825
432	706
432	859
432	1191
432	1331
432	1937
433	787
433	1153
433	1249
433	1907
434	560
434	868
434	1236
434	1576
435	455
435	782
435	849
435	1135
435	1217
435	1415
436	438
436	730
436	733
436	857
436	1107
436	1136
437	553
437	582
437	765
437	1518
438	493
438	791
438	932
438	1498
439	687
439	697
439	1092
439	1119
439	1341
439	1444
439	1494
439	1529
439	1709
440	966
440	968
440	1262
440	1380
440	1648
440	1930
441	570
441	909
441	1284
441	1316
441	1617
442	893
442	1006
442	1395
442	1465
443	769
443	1005
443	1498
443	1990
444	1026
444	1112
444	1272
444	1475
444	1764
445	869
446	1259
446	1301
446	1328
446	1813
447	764
447	1007
447	1249
447	1883
447	1897
447	1912
448	1110
449	628
449	1353
449	1828
450	704
450	741
450	804
450	1208
450	1792
451	970
451	1704
452	1057
453	468
453	611
453	1000
453	1333
453	1838
454	821
454	1002
454	1221
454	1472
454	1558
454	1579
455	833
455	1104
455	1169
455	1313
455	1885
456	640
456	1103
456	1135
456	1285
457	1991
458	624
458	1275
458	1814
459	469
459	1839
460	616
460	649
460	1346
460	1446
460	1503
460	1702
461	1059
461	1435
462	784
462	1143
462	1767
462	1823
463	672
463	866
463	1020
463	1109
463	1135
463	1322
464	502
464	734
464	1051
464	1308
465	923
465	1235
465	1562
465	1927
466	486
466	560
466	704
466	870
466	1001
466	1321
466	1667
467	789
468	871
468	1158
468	1185
468	1565
468	1716
468	1772
469	1800
469	1830
470	517
470	766
471	1267
471	1292
471	1590
471	1819
471	1829
472	722
472	1359
472	1730
473	1047
473	1152
473	1674
474	502
474	1427
475	479
475	661
475	1079
475	1688
476	662
476	1951
476	1992
477	748
477	1394
477	1521
478	582
478	1417
478	1733
479	606
479	1201
479	1232
479	1452
479	1855
480	1734
481	1710
481	1801
481	1935
482	535
482	840
482	952
482	1287
482	1346
482	1877
483	1762
484	1470
484	1904
485	1364
485	1682
485	1834
486	874
486	1732
487	1076
487	1429
487	1524
487	1561
487	1959
488	618
488	1264
488	1326
488	1431
488	1759
489	680
490	1254
491	533
491	605
491	846
491	1186
491	1522
492	835
492	1195
492	1262
492	1613
493	579
493	927
493	1471
494	657
494	1568
494	1658
495	1169
496	1149
496	1285
496	1871
497	1238
497	1894
498	1676
498	1769
499	521
499	655
499	750
499	1388
499	1434
499	1560
499	1958
499	1964
501	742
501	909
501	957
502	1175
502	1448
503	769
503	1008
503	1393
503	1843
504	1273
504	1505
504	1898
505	1219
505	1477
505	1787
506	693
506	1134
507	690
507	1173
507	1343
507	1861
508	612
508	1031
508	1500
509	598
509	983
509	1896
510	543
510	830
510	1641
510	1675
511	624
511	747
512	934
512	1271
512	1519
512	1653
512	1833
513	1265
513	1613
513	1866
514	1560
515	1461
515	1616
515	1676
516	902
516	1608
517	830
517	876
517	1007
517	1176
518	747
518	1452
519	897
519	1844
520	778
520	866
520	1353
520	1418
520	1428
520	1810
520	1902
521	792
521	1316
522	701
522	782
522	1134
522	1691
523	1748
524	1055
524	1204
524	1259
524	1456
524	1619
524	1688
524	1901
525	586
525	841
525	1525
525	1680
525	1704
525	1838
526	1048
527	742
527	762
527	1515
527	1611
528	656
528	869
528	951
528	1487
529	733
529	1182
529	1833
530	792
530	985
530	1087
530	1327
531	1053
531	1221
531	1452
532	836
532	1313
533	630
533	769
533	794
533	910
533	1207
534	1335
534	1399
534	1683
534	1888
534	1953
535	1436
535	1926
536	825
536	1872
537	1604
537	1980
538	740
538	1159
538	1170
539	765
539	794
539	1622
539	1625
539	1661
540	1167
541	1098
542	1629
542	1755
542	1960
543	1435
544	1060
544	1638
544	1892
545	1730
546	787
547	1498
548	1152
548	1158
548	1433
548	1577
549	626
549	762
549	780
549	1023
549	1490
549	1677
549	1925
550	586
550	637
550	1297
550	1804
551	722
552	1275
553	629
553	666
553	1290
554	801
554	1023
555	557
555	1432
555	1827
556	774
556	910
556	1075
556	1483
557	588
557	974
557	1498
558	656
558	669
558	1107
558	1136
558	1267
558	1625
559	703
559	1580
560	858
560	916
560	949
561	1257
562	806
562	1226
562	1473
562	1580
562	1878
563	1085
563	1711
564	584
564	722
564	1019
564	1212
565	869
565	1314
565	1574
566	1044
566	1511
567	647
567	671
567	1164
568	1206
568	1648
569	1133
569	1247
570	1280
570	1383
570	1615
571	758
572	1282
572	1894
573	741
573	763
573	777
573	995
573	1182
573	1569
573	1601
573	1993
574	599
574	938
574	941
574	1557
574	1908
575	734
575	1822
576	584
576	797
576	1126
576	1500
576	1886
576	1932
577	707
577	1024
577	1904
577	1956
578	890
578	959
578	1270
579	823
579	917
579	930
579	1628
580	951
580	1373
580	1780
581	1000
581	1385
582	760
582	912
582	950
582	1073
582	1373
582	1851
583	1182
584	1600
585	1278
586	597
586	636
586	1857
587	1023
588	650
588	710
588	1183
588	1540
588	1688
588	1938
590	1485
590	1915
591	1650
591	1903
592	708
592	1233
592	1263
592	1450
592	1962
593	1491
594	1038
595	1431
595	1597
596	1732
597	1494
597	1539
598	648
598	817
598	916
598	1477
598	1709
599	1678
600	968
600	1512
600	1700
600	1735
602	1421
602	1518
603	789
603	1055
603	1198
603	1207
603	1664
603	1829
604	1159
604	1763
605	1458
605	1947
605	1990
606	1631
606	1760
606	1776
607	1276
607	1374
607	1777
607	1856
607	1885
608	775
608	896
608	1303
608	1484
608	1555
608	1638
608	1848
608	1868
608	1979
609	674
609	834
609	1854
610	962
610	1939
611	727
611	1891
612	765
612	880
612	1300
612	1694
613	706
613	1094
613	1323
614	692
614	729
614	1984
615	618
615	968
617	917
617	1063
617	1693
617	1729
617	1996
618	648
618	1106
618	1146
619	953
619	1210
620	1399
620	1734
620	1838
620	1856
621	959
621	1081
621	1569
621	1912
622	732
622	859
622	1352
622	1638
623	905
623	985
625	1034
626	694
626	1030
626	1052
626	1228
626	1557
626	1564
627	1149
628	1147
628	1476
629	1091
629	1103
629	1170
629	1824
630	677
630	712
630	860
630	1106
630	1418
631	1546
631	1886
632	743
632	765
632	1423
632	1902
633	1022
633	1379
633	1877
633	1972
634	918
634	1358
635	988
635	1895
636	1133
636	1297
637	658
637	757
637	1027
637	1686
638	1265
639	967
639	1068
639	1319
639	1802
639	1815
640	774
640	908
640	1093
640	1096
641	891
641	1115
641	1365
641	1484
641	1896
641	1917
641	1997
642	797
642	1016
642	1280
642	1909
643	1258
643	1498
643	1573
644	1039
644	1365
646	1057
646	1639
648	1606
649	1181
649	1903
650	1545
650	1578
650	1899
651	875
651	894
651	1045
651	1801
652	898
652	1004
652	1107
652	1351
653	880
653	1127
653	1699
654	934
654	999
654	1146
654	1768
655	943
656	1266
657	874
659	1159
659	1340
660	802
660	1497
661	693
661	1535
661	1950
662	816
662	831
662	1424
663	1352
664	1136
665	1548
666	842
666	1039
666	1072
666	1728
667	874
667	925
667	1242
667	1642
667	1671
667	1776
668	859
668	1656
668	1738
669	846
669	1786
670	1322
670	1886
670	1971
671	1005
671	1116
671	1224
672	1524
672	1840
673	1126
673	1690
675	1459
675	1926
676	812
676	813
676	1223
676	1426
676	1585
676	1828
677	790
677	834
677	1090
677	1115
677	1301
677	1344
678	719
678	1099
678	1286
679	1088
679	1970
680	761
680	1040
680	1459
681	1013
681	1103
681	1673
682	1157
682	1214
683	843
683	973
683	1029
683	1872
684	727
684	1375
685	1666
685	1670
685	1735
685	1804
686	1602
686	1740
687	1497
688	1241
688	1698
688	1917
689	1799
690	879
690	1887
691	1898
692	906
692	1752
692	1841
692	1969
693	1526
693	1870
694	805
694	1077
694	1236
694	1311
694	1680
695	1051
695	1123
695	1853
696	1026
697	735
697	781
697	923
697	959
697	1782
698	1128
698	1820
699	1716
700	867
701	1295
701	1759
701	1996
702	737
702	1036
702	1502
702	1800
702	1888
703	1706
704	810
704	1692
704	1821
705	1050
705	1085
705	1511
705	1654
707	1161
707	1176
707	1237
707	1577
707	1884
708	731
708	1366
708	1427
708	1582
708	1910
709	1026
709	1098
709	1344
709	1497
710	1014
710	1031
710	1792
710	1867
711	1287
711	1429
711	1557
712	1187
712	1840
713	1109
714	853
714	1912
714	1939
715	857
715	1195
716	1032
716	1070
716	1089
716	1536
716	1726
717	890
717	1200
718	1205
718	1512
719	1218
719	1787
719	1952
720	1032
720	1542
721	1829
722	760
722	998
722	1392
722	1679
722	1700
723	1790
724	870
724	890
724	1639
725	804
725	1353
725	1583
726	1467
728	1839
729	1513
729	1589
729	1893
730	826
730	827
730	1107
730	1573
730	1585
730	1693
730	1848
731	1239
731	1718
732	1432
733	1007
733	1796
733	1853
734	872
734	1950
735	830
735	1035
735	1244
735	1723
736	1084
736	1113
736	1914
736	1939
737	827
737	915
737	1071
738	842
738	914
738	1044
738	1427
739	800
739	961
739	1031
740	947
740	1019
740	1715
740	1734
741	1171
741	1282
741	1747
742	940
742	1612
743	818
743	1521
743	1575
743	1735
744	803
744	1297
744	1390
744	1755
745	1977
746	1362
746	1653
747	798
747	1381
747	1590
748	1712
748	1928
749	1677
750	1074
750	1419
750	1609
751	1709
751	1994
752	1309
752	1467
752	1539
752	1617
753	1618
753	1863
753	1867
753	1926
755	1108
755	1430
755	1435
755	1520
755	1626
755	1771
755	1961
756	905
756	989
756	1022
756	1389
756	1479
756	1644
757	1101
757	1351
757	1635
757	1781
758	978
758	1321
759	1316
760	1126
760	1164
761	960
761	1603
763	1078
763	1586
764	828
765	1417
766	1699
766	1862
767	1377
767	1387
768	1468
768	1973
769	1494
769	1612
769	1670
769	1826
770	905
770	1186
770	1311
771	1177
771	1407
771	1562
772	1239
772	1415
773	1280
773	1568
773	1648
773	1870
774	1171
774	1437
774	1513
774	1840
775	953
775	1104
775	1172
776	955
776	1550
776	1649
776	1683
778	1274
778	1911
779	1143
779	1890
780	781
780	901
780	1239
780	1342
780	1551
780	1892
781	833
781	1272
781	1479
782	1468
782	1761
783	1027
783	1190
783	1449
784	786
785	1241
785	1652
786	1070
787	902
787	1280
788	1193
788	1215
789	1976
790	875
790	1135
790	1458
790	1717
791	1654
792	1044
792	1301
792	1441
792	1550
792	1826
792	1955
794	884
795	822
795	838
795	982
795	1008
795	1376
795	1768
795	1978
796	1378
797	942
797	1313
798	1394
799	1715
800	971
800	1016
800	1085
800	1090
800	1391
800	1427
801	802
801	1464
801	1955
802	1347
803	1248
803	1650
804	1245
805	1553
805	1949
806	945
806	1259
806	1288
806	1791
806	1883
807	1848
807	1853
808	953
808	984
808	1098
808	1337
809	822
809	1432
809	1954
811	1483
811	1787
812	869
812	947
812	1647
813	1415
815	1214
815	1648
815	1734
815	1961
816	904
816	1429
817	986
817	1154
817	1647
817	1659
818	1061
818	1613
819	1712
820	999
820	1280
820	1471
820	1916
821	1301
821	1321
822	1123
822	1723
823	1397
824	1467
824	1505
824	1506
824	1607
824	1612
824	1708
824	1751
825	1599
826	1052
826	1447
826	1573
826	1725
827	925
827	1234
827	1836
828	902
829	911
829	1095
829	1115
829	1220
830	922
830	1315
831	912
832	938
832	947
832	1336
833	1379
833	1569
833	1820
833	1992
834	1580
834	1588
834	1651
834	1793
835	1260
835	1596
837	1514
837	1944
838	1208
838	1227
838	1972
839	1121
840	1429
840	1846
841	905
841	1417
841	1762
842	1395
845	1441
846	918
846	1116
846	1429
846	1707
846	1867
846	1974
847	902
847	966
848	1364
850	1161
850	1594
851	1216
851	1272
851	1276
851	1567
851	1994
852	897
852	1431
853	1207
853	1672
853	1680
854	930
854	1031
855	1070
856	868
856	1136
856	1914
857	1169
858	1712
858	1985
860	935
860	1129
860	1218
861	1191
861	1670
862	1856
863	939
863	1039
863	1369
863	1671
863	1835
863	1846
864	1067
864	1203
864	1932
865	1138
867	1453
867	1835
868	1165
868	1232
868	1731
868	1996
869	1203
869	1545
869	1629
871	898
871	968
871	1013
871	1305
872	958
872	1176
872	1634
873	984
873	1071
873	1457
873	1463
874	1092
874	1101
874	1872
874	1911
876	1164
876	1768
876	1962
877	1259
878	1197
878	1334
878	1466
879	1291
880	1747
880	1847
880	1885
880	1901
881	1923
881	1933
882	1202
882	1211
882	1663
882	1726
883	1432
884	1319
885	1432
885	1632
885	1890
887	1194
887	1636
887	1965
888	1456
888	1494
889	913
889	1306
889	1331
889	1424
890	1169
890	1884
891	945
891	1161
891	1221
891	1965
892	1368
892	1374
892	1662
892	1797
893	1504
894	1015
894	1544
895	1981
896	1337
896	1507
897	930
897	1100
898	981
898	986
898	1709
898	1931
899	967
899	1140
899	1256
899	1356
899	1644
899	1711
900	1161
900	1632
900	1930
901	949
901	1498
901	1598
901	1703
901	1744
902	1516
902	1599
902	1886
903	1049
903	1342
903	1562
903	1600
903	1907
903	1991
904	1458
904	1827
904	1905
905	1181
905	1254
906	1326
906	1850
907	1988
908	1193
908	1444
908	1611
908	1645
909	1319
909	1433
909	1651
910	1921
911	1197
911	1986
912	1410
913	1842
914	1561
914	1816
914	1900
915	930
915	1035
915	1102
915	1711
916	982
916	1834
917	1458
918	1174
918	1786
919	1921
920	963
920	1026
920	1587
920	1886
921	1161
921	1313
921	1589
922	1262
922	1885
923	1569
923	1744
924	1343
924	1731
924	1904
924	1906
925	955
925	1275
925	1469
925	1839
927	943
927	1109
927	1146
928	1314
928	1419
928	1852
928	1984
929	1733
929	1989
930	1271
930	1635
931	1275
931	1642
931	1815
933	1834
934	1238
934	1412
934	1432
934	1692
934	1965
935	986
935	1119
935	1546
937	1269
937	1299
937	1349
937	1583
937	1690
938	1454
938	1595
938	1856
938	1872
939	1090
939	1734
940	1324
940	1778
941	1275
941	1435
943	1608
943	1955
944	1150
944	1205
945	1700
945	1925
946	1152
946	1847
948	1138
949	991
949	1060
949	1165
950	1448
950	1771
951	1000
952	1427
952	1709
953	1830
953	1888
954	1114
954	1724
954	1931
955	1074
955	1126
955	1893
955	1974
955	1981
956	1025
957	1160
957	1323
957	1324
957	1410
957	1874
960	1652
961	989
961	1119
961	1510
961	1815
962	1067
963	1048
963	1158
963	1382
964	1577
965	1629
965	1861
967	1468
967	1566
967	1701
967	1745
967	1988
968	1376
968	1398
968	1407
968	1947
969	1241
970	1002
970	1519
970	1612
971	1878
972	995
972	1194
972	1471
972	1928
973	1260
973	1467
974	1040
974	1050
974	1483
974	1573
974	1787
974	1867
974	1930
974	1984
975	1091
976	991
976	1181
976	1736
976	1873
977	1401
978	1206
978	1860
979	990
979	1163
980	1113
981	1445
982	1193
983	1588
984	1766
985	1119
985	1998
986	1057
986	1744
987	1179
987	1194
987	1255
987	1296
987	1567
987	1679
987	1799
988	1534
988	1596
989	1227
989	1304
989	1326
989	1469
989	1578
990	1104
990	1578
990	1912
991	1894
992	1315
992	1761
993	1241
994	1896
995	1489
995	1872
997	1484
998	1096
998	1856
999	1205
999	1910
1001	1437
1003	1176
1004	1314
1004	1389
1004	1431
1004	1789
1004	1941
1005	1562
1005	1725
1005	1968
1006	1045
1006	1467
1006	1729
1007	1476
1008	1156
1008	1322
1008	1563
1008	1639
1008	1986
1009	1182
1009	1222
1009	1435
1009	1658
1010	1111
1010	1289
1010	1469
1010	1644
1011	1602
1012	1181
1012	1486
1012	1738
1012	1988
1013	1305
1013	1460
1013	1545
1014	1563
1014	1780
1015	1058
1015	1553
1016	1490
1016	1526
1017	1512
1017	1699
1018	1152
1018	1755
1019	1381
1019	1738
1020	1153
1020	1258
1021	1262
1021	1478
1021	1813
1021	1877
1022	1512
1022	1557
1023	1543
1023	1612
1023	1714
1023	1838
1025	1505
1025	1627
1025	1780
1025	1985
1026	1402
1028	1674
1029	1146
1029	1374
1029	1499
1030	1146
1030	1179
1030	1494
1030	1715
1030	1805
1032	1799
1033	1079
1033	1188
1033	1263
1033	1713
1033	1987
1035	1379
1035	1614
1037	1191
1039	1650
1039	1690
1039	1736
1039	1975
1040	1273
1040	1427
1040	1957
1041	1797
1043	1190
1044	1072
1044	1204
1044	1570
1045	1749
1045	1960
1047	1059
1047	1748
1050	1139
1051	1471
1051	1875
1052	1088
1052	1555
1053	1257
1053	1302
1054	1219
1054	1500
1054	1532
1055	1945
1056	1252
1056	1328
1057	1141
1057	1795
1058	1376
1059	1736
1060	1181
1060	1531
1062	1082
1062	1365
1062	1865
1063	1252
1064	1068
1064	1184
1064	1903
1065	1826
1066	1716
1066	1728
1066	1815
1066	1840
1067	1675
1068	1266
1069	1214
1069	1621
1070	1392
1070	1566
1071	1132
1071	1290
1071	1756
1072	1220
1075	1857
1076	1156
1076	1690
1077	1670
1078	1621
1079	1771
1079	1905
1080	1511
1080	1818
1081	1395
1081	1684
1082	1219
1082	1850
1083	1124
1083	1320
1083	1347
1083	1952
1084	1109
1084	1365
1084	1527
1084	1588
1084	1804
1085	1137
1085	1172
1085	1458
1085	1821
1088	1293
1088	1664
1089	1603
1089	1955
1089	1960
1091	1821
1092	1148
1092	1913
1093	1132
1096	1137
1096	1187
1096	1806
1097	1198
1097	1425
1097	1426
1097	1682
1098	1574
1098	1970
1099	1494
1101	1569
1101	1942
1101	1953
1102	1500
1103	1288
1103	1962
1104	1109
1105	1693
1105	1845
1109	1644
1111	1346
1112	1482
1112	1792
1112	1867
1112	1915
1112	1945
1113	1242
1113	1881
1114	1199
1115	1305
1115	1339
1115	1612
1117	1509
1117	1709
1118	1230
1119	1354
1120	1381
1120	1941
1121	1912
1122	1607
1123	1846
1123	1884
1123	1924
1125	1553
1125	1895
1126	1164
1126	1707
1127	1655
1127	1693
1128	1299
1129	1922
1130	1637
1132	1688
1132	1753
1134	1381
1134	1587
1134	1845
1135	1345
1135	1375
1136	1330
1136	1461
1136	1531
1137	1206
1137	1216
1138	1447
1139	1335
1140	1194
1140	1580
1142	1495
1142	1615
1143	1348
1143	1641
1144	1178
1144	1608
1146	1359
1146	1769
1146	1995
1147	1358
1147	1542
1148	1243
1148	1303
1148	1676
1148	1846
1149	1189
1149	1537
1150	1552
1150	1950
1151	1251
1151	1444
1151	1511
1151	1751
1152	1260
1152	1462
1153	1161
1154	1618
1155	1820
1155	1969
1156	1258
1156	1286
1156	1881
1156	1955
1156	1975
1158	1582
1158	1869
1158	1940
1159	1304
1159	1338
1160	1461
1162	1529
1162	1734
1162	1896
1162	1951
1163	1570
1163	1801
1164	1340
1164	1614
1164	1914
1165	1435
1165	1520
1165	1710
1166	1726
1167	1537
1167	1751
1168	1246
1168	1626
1169	1360
1170	1827
1172	1353
1172	1383
1172	1908
1172	1988
1174	1422
1175	1244
1176	1655
1177	1403
1177	1500
1177	1508
1178	1251
1178	1454
1178	1787
1179	1638
1180	1722
1182	1790
1182	1803
1182	1955
1183	1257
1183	1443
1184	1285
1185	1797
1186	1303
1186	1475
1186	1601
1186	1660
1187	1225
1187	1508
1189	1200
1189	1358
1189	1407
1190	1296
1191	1234
1191	1536
1192	1613
1192	1656
1192	1871
1193	1519
1193	1965
1194	1575
1194	1778
1194	1987
1195	1213
1195	1739
1195	1770
1196	1478
1196	1754
1196	1931
1197	1247
1197	1862
1198	1292
1198	1645
1198	1801
1199	1679
1200	1504
1201	1814
1202	1381
1202	1388
1202	1408
1204	1401
1204	1735
1204	1800
1205	1776
1206	1545
1206	1630
1206	1775
1207	1670
1207	1954
1208	1242
1208	1245
1209	1555
1209	1622
1209	1641
1209	1918
1209	1971
1210	1286
1210	1886
1211	1992
1213	1390
1214	1992
1215	1255
1215	1393
1216	1604
1218	1480
1218	1576
1218	1944
1219	1420
1219	1526
1221	1975
1222	1282
1222	1459
1223	1916
1224	1277
1225	1317
1225	1334
1225	1551
1226	1890
1227	1924
1227	1934
1228	1451
1228	1804
1228	1858
1229	1275
1229	1302
1230	1338
1230	1911
1231	1428
1231	1961
1231	1971
1232	1842
1233	1959
1233	1988
1234	1567
1234	1617
1234	1715
1234	1887
1235	1321
1235	1422
1235	1424
1235	1746
1236	1550
1236	1687
1237	1482
1237	1977
1240	1386
1242	1924
1243	1893
1245	1465
1245	1897
1246	1742
1247	1272
1248	1250
1248	1439
1248	1564
1248	1748
1248	1863
1249	1644
1250	1297
1250	1572
1250	1760
1251	1881
1252	1482
1252	1574
1254	1575
1255	1623
1255	1923
1256	1275
1256	1445
1256	1678
1256	1790
1256	1801
1256	1932
1258	1355
1258	1826
1258	1979
1261	1408
1261	1871
1262	1854
1262	1937
1265	1318
1265	1559
1268	1706
1268	1840
1271	1629
1271	1722
1271	1996
1273	1396
1273	1430
1273	1642
1273	1838
1275	1421
1276	1926
1277	1481
1277	1591
1279	1774
1279	1846
1282	1681
1282	1797
1283	1328
1283	1537
1283	1978
1284	1430
1285	1421
1286	1424
1286	1559
1286	1923
1286	1930
1287	1467
1287	1483
1287	1562
1287	1868
1287	1915
1289	1630
1289	1782
1289	1924
1290	1530
1291	1825
1292	1644
1292	1904
1295	1340
1295	1959
1296	1325
1296	1365
1296	1430
1296	1946
1298	1410
1298	1882
1300	1712
1300	1779
1300	1969
1301	1597
1302	1560
1302	1566
1303	1861
1304	1638
1305	1341
1305	1506
1307	1519
1307	1534
1307	1587
1307	1601
1307	1681
1307	1737
1308	1467
1309	1989
1311	1470
1311	1972
1314	1346
1314	1461
1314	1800
1315	1365
1315	1615
1318	1345
1318	1700
1319	1375
1320	1527
1321	1412
1323	1363
1324	1719
1325	1573
1325	1889
1326	1498
1326	1896
1329	1491
1329	1515
1329	1806
1330	1870
1331	1465
1331	1631
1334	1682
1334	1937
1334	1954
1335	1953
1335	1967
1336	1604
1337	1467
1339	1619
1340	1616
1342	1530
1342	1603
1342	1641
1343	1803
1343	1835
1344	1669
1346	1801
1350	1476
1350	1514
1350	1695
1350	1939
1351	1489
1351	1690
1351	1839
1353	1457
1353	1538
1353	1646
1353	1840
1354	1403
1354	1751
1355	1601
1356	1522
1356	1904
1358	1525
1361	1887
1362	1807
1363	1423
1363	1642
1364	1520
1364	1724
1364	1920
1365	1875
1366	1459
1368	1730
1369	1685
1369	1702
1372	1991
1373	1455
1373	1725
1377	1538
1378	1467
1379	1668
1380	1465
1380	1720
1381	1390
1381	1412
1381	1436
1381	1714
1382	1595
1382	1934
1382	1963
1382	1979
1383	1508
1384	1702
1385	1420
1385	1501
1385	1683
1385	1965
1386	1397
1386	1619
1388	1684
1390	1733
1392	1483
1392	1769
1395	1535
1395	1810
1396	1976
1397	1411
1397	1764
1397	1771
1397	1923
1398	1900
1398	1979
1399	1493
1399	1928
1401	1913
1402	1434
1402	1949
1403	1535
1403	1945
1404	1744
1405	1750
1405	1854
1405	1914
1406	1632
1407	1639
1407	1815
1408	1793
1408	1930
1409	1783
1410	1688
1411	1789
1412	1838
1413	1696
1413	1804
1416	1544
1416	1824
1418	1831
1420	1473
1420	1526
1420	1554
1420	1995
1421	1765
1422	1485
1422	1539
1422	1910
1422	1995
1423	1671
1423	1774
1423	1921
1424	1472
1424	1769
1426	1802
1427	1579
1428	1589
1428	1932
1429	1824
1429	1889
1430	1669
1430	1965
1432	1592
1432	1709
1434	1575
1435	1725
1436	1726
1436	1809
1436	1948
1437	1518
1438	1932
1440	1663
1441	1930
1442	1619
1442	1806
1442	1959
1443	1994
1444	1805
1444	1948
1445	1769
1445	1817
1446	1813
1447	1674
1452	1577
1452	1788
1452	1846
1453	1473
1453	1714
1454	1663
1455	1912
1456	1672
1456	1877
1456	1898
1459	1661
1461	1753
1461	1947
1463	1540
1464	1726
1464	1746
1465	1758
1466	1839
1468	1954
1469	1707
1471	1878
1472	1703
1473	1544
1475	1719
1476	1689
1477	1600
1478	1533
1480	1638
1480	1684
1483	1920
1484	1663
1485	1713
1488	1674
1488	1712
1489	1641
1491	1781
1492	1678
1492	1787
1494	1673
1496	1548
1496	1681
1496	1781
1496	1870
1497	1995
1498	1745
1499	1531
1502	1649
1502	1791
1502	1947
1503	1613
1505	1989
1509	1527
1512	1686
1514	1858
1516	1891
1517	1729
1517	1888
1518	1822
1521	1895
1522	1955
1524	1650
1525	1698
1525	1921
1527	1563
1528	1646
1528	1721
1529	1712
1530	1664
1530	1937
1531	1703
1531	1786
1532	1878
1533	1551
1533	1606
1533	1625
1534	1661
1534	1702
1534	1954
1535	1644
1535	1975
1537	1614
1537	1802
1538	1648
1542	1714
1542	1826
1542	1974
1543	1675
1543	1996
1544	1787
1544	1978
1549	1592
1550	1589
1553	1865
1554	1681
1556	1798
1556	1827
1556	1912
1557	1620
1557	1969
1559	1795
1560	1610
1561	1636
1561	1800
1561	1901
1561	1937
1562	1670
1564	1594
1564	1882
1569	1911
1571	1964
1573	1656
1574	1856
1574	1904
1576	1993
1578	1753
1580	1730
1581	1731
1581	1974
1582	1973
1583	1696
1584	1806
1584	1912
1585	1593
1588	1710
1588	1997
1589	1889
1590	1999
1592	1629
1592	1891
1595	1869
1595	1918
1596	1704
1599	1920
1601	1613
1602	1706
1603	1936
1604	1687
1604	1698
1605	1658
1605	1841
1605	1945
1611	1812
1611	1924
1613	1634
1613	1815
1613	1836
1614	1789
1618	1833
1618	1917
1619	1878
1623	1688
1623	1893
1624	1918
1624	1936
1625	1799
1629	1994
1630	1839
1633	1868
1633	1895
1633	1911
1635	1728
1635	1836
1637	1900
1639	1642
1639	1798
1640	1730
1642	1871
1643	1773
1644	1712
1647	1719
1648	1712
1648	1994
1649	1816
1649	1848
1649	1915
1650	1794
1651	1847
1655	1723
1656	1757
1656	1999
1659	1970
1661	1990
1665	1741
1668	1954
1669	1713
1669	1794
1671	1914
1671	1970
1673	1730
1676	1831
1677	1680
1678	1815
1682	1755
1684	1932
1688	1689
1689	1759
1689	1951
1693	1740
1694	1775
1696	1946
1697	1812
1700	1748
1700	1835
1701	1715
1702	1886
1705	1879
1706	1917
1708	1746
1709	1724
1710	1931
1711	1985
1714	1936
1718	1889
1719	1728
1719	1861
1720	1794
1720	1979
1721	1887
1725	1774
1725	1784
1725	1828
1725	1865
1725	1966
1726	1966
1728	1825
1728	1918
1732	1813
1736	1941
1737	1772
1739	1809
1739	1928
1740	1744
1741	1778
1742	1944
1747	1777
1747	1923
1750	1970
1752	1890
1753	1804
1754	1946
1763	1929
1767	1802
1767	1945
1770	1812
1771	1958
1772	1829
1773	1927
1774	1885
1777	1850
1778	1986
1779	1969
1783	1846
1786	1854
1787	1870
1788	1805
1791	1811
1792	1845
1797	1902
1797	1954
1797	1991
1802	1880
1802	1914
1805	1851
1817	1833
1817	1947
1822	1883
1822	1912
1824	1856
1835	1860
1840	1939
1840	1949
1846	1962
1848	1970
1849	1928
1851	1956
1857	1861
1857	1986
1857	1996
1858	1890
1861	1900
1861	1907
1861	1940
1867	1878
1868	1959
1870	1908
1876	1992
1881	1916
1882	1924
1888	1956
1888	1959
1900	1914
1903	1988
1908	1937
1911	1973
1923	1974
1925	1958
1925	1984
1935	1968
1942	1974
1962	1992