0	127
0	692
1	330
1	1076
1	1307
1	1756
2	395
2	892
2	1649
3	585
4	326
4	880
5	34
5	1354
6	159
6	188
6	461
6	772
6	798
6	1102
6	1176
7	248
7	585
7	1213
7	1320
7	1818
8	252
8	348
8	1004
8	1525
9	453
9	693
9	867
10	312
10	359
10	385
10	531
10	878
10	991
10	1495
10	1511
11	126
11	177
11	487
11	1040
12	256
12	585
12	604
12	1096
12	1616
12	1915
13	62
13	935
13	1658
13	1970
14	289
14	432
14	762
14	978
14	1297
14	1565
14	1607
14	1756
15	1084
16	387
16	521
16	771
16	1498
16	1556
17	618
17	634
18	556
18	942
18	1701
19	210
19	599
19	783
20	44
20	226
20	289
20	933
20	971
20	1187
21	251
21	513
21	1131
21	1625
21	1835
21	1970
22	356
23	425
23	777
23	1286
23	1510
23	1548
24	64
24	1094
24	1789
24	1862
25	222
25	726
25	1153
25	1261
26	1022
26	1536
26	1904
27	177
27	339
28	57
28	80
28	542
28	1375
28	1592
29	918
29	1167
30	648
30	706
30	1443
30	1590
31	61
31	336
31	594
31	1789
31	1828
32	1522
33	1056
33	1926
34	962
34	1351
34	1688
34	1923
35	117
35	720
35	933
35	1119
36	742
37	695
37	1657
38	169
38	231
38	485
38	1060
38	1492
39	174
39	529
39	531
39	561
39	799
39	1100
39	1619
40	1096
41	118
41	316
41	372
41	525
41	1116
41	1170
41	1401
41	1961
42	227
42	670
42	1441
42	1482
43	371
43	482
43	709
43	804
44	267
44	543
44	981
45	1547
45	1570
46	763
46	1730
46	1781
47	81
47	685
47	1773
47	1995
48	1288
48	1558
48	1963
49	356
49	408
49	714
49	860
49	1453
50	260
50	628
50	1081
50	1536
50	1719
51	1439
52	396
53	655
53	712
53	1648
53	1837
54	1628
55	142
55	293
55	570
55	710
55	1325
55	1641
56	825
56	1267
56	1285
56	1629
56	1817
56	1822
57	408
57	679
57	1725
58	776
58	978
58	1296
59	220
59	294
59	464
59	479
59	1329
60	212
60	298
60	326
60	329
60	372
60	811
60	978
60	980
61	75
61	120
61	345
61	523
61	548
61	1931
62	97
62	781
62	940
62	1386
62	1563
62	1725
63	1783
64	277
64	392
64	803
64	1299
64	1593
64	1671
64	1737
65	1070
65	1176
65	1282
65	1315
66	133
66	587
66	1106
67	425
67	735
67	737
67	1208
67	1583
67	1965
68	332
68	367
68	830
68	1056
68	1128
69	1678
69	1842
70	474
70	552
70	748
70	1454
70	1770
70	1972
71	425
71	702
71	1144
72	694
72	790
72	1091
72	1396
72	1895
73	458
73	1489
74	773
75	101
75	573
75	993
75	1287
75	1339
75	1522
75	1928
76	835
76	979
76	1123
76	1570
76	1964
77	461
77	625
77	732
77	1932
78	250
78	452
78	748
78	925
78	1022
78	1239
78	1711
79	349
79	1201
79	1815
79	1927
79	1983
80	81
80	96
80	115
80	143
80	791
80	906
80	1216
80	1409
80	1527
81	272
81	791
81	880
81	1069
81	1155
81	1880
82	706
82	1385
83	1051
83	1566
83	1676
84	402
84	1550
85	756
85	1149
85	1674
86	475
86	584
86	587
86	770
87	111
87	194
88	348
88	444
88	702
88	995
88	1018
88	1021
88	1627
88	1794
89	130
89	757
89	1098
89	1208
89	1405
90	229
90	596
90	671
90	676
90	714
90	824
90	1280
90	1470
90	1896
91	260
91	477
91	1223
92	645
92	813
92	1018
92	1707
92	1845
93	115
93	387
93	664
93	1912
94	484
94	982
94	1458
94	1497
94	1538
95	688
95	1617
96	861
96	1010
96	1204
96	1326
96	1468
96	1878
97	337
97	1105
98	424
98	960
98	1522
98	1990
99	700
99	1119
99	1595
100	1342
100	1566
100	1787
101	134
101	464
101	964
101	1462
102	171
102	796
102	1146
102	1359
103	121
103	1042
103	1421
104	255
104	805
104	1492
104	1517
104	1688
104	1790
105	603
106	848
106	954
106	986
106	1720
106	1776
107	1381
108	392
108	937
108	1174
108	1772
108	1921
109	235
109	726
109	842
109	943
109	1087
109	1468
109	1989
110	417
110	418
110	568
110	1587
111	1225
111	1292
112	161
112	186
112	606
112	1000
112	1531
113	795
113	1899
114	1748
114	1833
115	446
115	1885
116	292
116	698
116	1031
116	1513
116	1544
117	630
117	1996
118	560
118	564
118	625
118	715
118	1091
118	1787
118	1914
119	288
119	366
119	666
119	761
119	1141
119	1358
119	1747
119	1837
120	263
121	473
121	900
121	1566
121	1693
121	1712
122	1286
122	1554
122	1845
123	455
124	266
124	768
124	1746
125	528
125	596
125	1005
125	1067
125	1322
125	1393
125	1683
126	310
126	519
126	626
126	849
126	1931
127	155
127	704
127	1033
127	1778
128	1190
129	429
129	705
129	818
129	1084
129	1297
129	1313
130	199
130	207
130	269
130	942
130	1321
130	1880
131	163
131	382
131	733
131	1146
132	293
132	370
132	527
132	963
133	262
133	283
133	719
133	1598
133	1707
133	1732
133	1752
134	319
134	777
134	1200
134	1244
135	322
135	944
135	1700
136	1694
136	1835
137	362
137	496
137	728
137	757
137	1125
137	1536
137	1622
138	609
138	1197
138	1426
138	1959
139	925
139	1661
140	1141
140	1192
140	1758
140	1858
141	515
141	1075
141	1960
142	447
142	563
142	1073
144	1807
145	291
146	287
146	439
146	689
147	876
147	1226
147	1519
147	1820
148	507
148	1603
148	1867
148	1930
149	1087
150	763
151	860
151	1213
151	1421
151	1470
151	1603
151	1929
152	593
152	888
152	891
152	1480
153	244
153	1886
154	217
154	436
154	920
154	977
154	1479
154	1617
154	1939
155	204
155	853
155	1254
156	384
156	1004
156	1711
157	455
158	1759
158	1977
159	524
159	921
159	1573
160	232
160	464
161	919
161	1322
162	188
162	227
162	1447
162	1541
163	368
163	809
164	425
164	1158
164	1660
165	601
165	791
165	1784
166	1280
167	949
168	334
168	339
168	344
168	481
168	1099
168	1135
168	1256
169	682
169	980
169	1185
170	1922
171	668
171	901
171	1846
172	922
172	1111
172	1808
172	1860
173	1511
173	1550
174	330
174	341
174	465
174	657
174	1807
175	320
175	675
175	708
175	987
175	1146
175	1819
175	1846
175	1970
176	615
176	848
176	1076
176	1549
176	1627
177	401
177	1108
177	1298
177	1969
178	334
178	683
178	732
178	1752
179	399
179	521
179	1013
180	260
180	789
180	1817
181	979
181	1076
181	1167
181	1249
181	1302
181	1398
181	1670
182	433
182	625
182	676
182	1036
182	1910
182	1945
183	199
183	209
183	390
183	1148
183	1564
183	1749
183	1782
184	613
184	649
184	1028
184	1587
185	897
185	905
185	1191
185	1438
185	1572
186	679
186	701
186	1091
186	1364
187	254
187	651
187	873
187	1582
187	1695
187	1909
188	526
188	530
188	1583
189	211
189	580
189	976
189	1492
190	703
191	923
192	1556
192	1712
192	1890
192	1917
193	469
193	1509
193	1564
193	1856
194	374
194	1053
194	1855
195	708
195	939
195	1171
195	1519
195	1573
195	1782
196	1978
197	572
197	626
197	841
197	1339
198	346
198	350
198	934
200	1351
200	1591
201	968
202	442
203	533
203	1766
204	1087
204	1104
204	1244
204	1515
204	1839
205	318
205	1491
206	470
206	1077
206	1104
206	1136
207	307
207	1048
208	794
208	1067
208	1552
208	1705
209	674
209	1034
209	1116
210	452
210	1203
210	1674
210	1994
211	321
211	778
211	1515
211	1648
211	1872
212	470
212	715
213	246
214	1396
215	573
215	1080
215	1298
215	1469
215	1917
216	648
216	838
216	1650
217	552
217	632
217	1234
217	1249
217	1495
218	390
218	543
218	1002
218	1306
218	1454
219	225
219	381
219	574
220	534
220	650
220	672
220	1686
221	377
221	841
221	901
221	1509
221	1843
222	1487
222	1607
222	1898
223	481
223	995
223	1121
223	1138
223	1167
223	1171
223	1184
223	1690
224	536
224	554
224	564
224	684
224	1615
224	1640
225	788
225	1071
225	1846
226	1776
228	601
228	656
228	659
228	729
228	1072
228	1119
228	1195
228	1531
228	1678
228	1918
229	701
229	812
229	945
230	305
230	1400
230	1748
231	950
231	1632
231	1722
231	1885
232	346
232	1139
233	590
233	1270
233	1314
233	1830
234	398
234	866
234	1362
235	655
235	834
235	1208
235	1215
236	491
236	854
236	1770
237	467
237	1032
238	562
238	1364
238	1978
239	363
240	1000
240	1184
240	1634
240	1881
241	1463
241	1502
242	278
242	1370
243	820
243	993
244	426
244	472
245	927
245	1142
246	1316
246	1816
246	1872
247	390
247	508
247	1103
247	1878
247	1940
247	1990
248	1751
248	1836
249	1420
249	1993
250	569
250	951
250	1164
250	1687
250	1957
251	543
251	921
251	1813
251	1970
252	1349
252	1806
252	1955
253	1830
253	1979
254	1269
254	1305
254	1886
254	1998
255	1254
255	1585
256	722
256	1055
257	431
258	1013
259	612
259	760
259	926
259	984
259	1256
259	1445
259	1603
260	476
260	640
260	1501
260	1993
261	620
261	1085
262	625
262	689
263	365
263	690
263	710
263	1004
263	1848
264	854
264	1255
264	1780
264	1866
265	503
265	1267
265	1270
265	1671
265	1842
266	275
266	759
266	1736
267	448
267	815
267	1126
267	1412
268	587
268	1665
268	1687
269	626
269	1083
269	1578
269	1580
269	1930
270	515
270	676
270	1491
270	1910
270	1942
271	362
271	1001
271	1709
271	1865
272	568
272	602
272	1133
273	628
273	907
273	1746
273	1877
274	691
274	993
275	303
275	1363
275	1475
275	1737
276	1077
276	1470
276	1523
277	305
277	638
277	967
277	1733
278	501
278	1033
278	1339
278	1378
278	1433
279	310
279	1286
279	1351
279	1392
279	1839
280	467
280	921
280	1029
281	874
281	937
281	1512
281	1798
281	1840
282	841
282	1257
283	894
283	1106
283	1162
284	931
285	555
285	622
285	667
285	1549
285	1799
286	831
286	985
286	1159
286	1300
287	366
287	844
287	1146
287	1452
288	740
288	1857
289	351
289	462
289	572
289	806
289	813
289	1026
289	1250
289	1569
290	502
290	996
291	887
291	955
291	1195
291	1231
291	1444
291	1969
292	432
292	544
293	1035
293	1265
293	1394
293	1478
293	1938
294	563
294	656
294	1793
295	383
295	1371
295	1385
296	1597
296	1679
296	1764
297	522
297	753
297	789
297	815
297	1040
297	1813
297	1818
298	1348
298	1737
298	1877
299	550
299	1283
299	1315
299	1727
299	1867
300	422
300	506
300	948
300	1710
301	770
301	1350
301	1732
301	1874
302	672
302	915
302	1284
302	1641
302	1944
303	391
303	1032
303	1192
303	1800
304	570
304	1291
304	1623
304	1969
305	401
305	519
305	544
305	913
305	1895
306	375
306	594
306	690
306	932
306	948
306	1214
306	1256
306	1839
307	517
307	640
307	884
307	952
308	1275
308	1439
308	1525
309	554
309	615
309	804
309	1310
309	1371
309	1491
309	1742
310	311
311	945
311	1002
311	1109
311	1981
312	490
312	736
312	1677
313	1679
314	418
314	697
314	900
314	1930
315	857
315	1057
315	1371
316	322
316	518
316	1942
317	397
317	700
317	1554
317	1979
318	366
318	1549
319	357
319	973
319	1706
320	1815
321	433
321	830
321	1079
321	1726
321	1917
322	425
322	436
322	1023
322	1028
323	527
323	549
323	909
323	1014
323	1095
324	454
324	659
324	1097
324	1107
324	1921
324	1970
325	743
325	1208
325	1773
325	1859
326	384
326	822
326	947
326	1282
326	1523
327	706
328	567
328	987
328	1498
328	1504
328	1777
329	1442
329	1491
329	1559
329	1709
330	692
330	817
330	1497
330	1697
330	1778
330	1912
331	615
331	1880
332	598
333	616
333	786
333	1257
333	1523
334	369
334	719
334	1105
334	1853
334	1917
334	1942
334	1960
335	368
335	878
335	1251
335	1593
336	632
337	478
337	1010
337	1778
338	360
338	1360
338	1479
338	1767
338	1880
338	1886
339	403
339	530
339	1604
339	1653
339	1732
339	1736
339	1876
340	683
340	747
340	1134
340	1151
340	1665
340	1753
341	771
341	842
341	1112
341	1117
341	1460
341	1588
342	471
342	819
343	896
343	1101
343	1230
344	1509
345	1127
345	1349
345	1372
345	1676
345	1911
345	1947
346	395
346	1061
346	1549
347	626
347	1139
347	1445
348	479
348	770
348	964
348	1593
349	408
349	772
349	819
350	880
350	1656
351	839
351	1663
352	564
352	1308
352	1482
352	1745
352	1782
353	958
353	963
353	1365
353	1582
353	1629
353	1953
354	839
354	1758
355	820
355	1089
355	1218
355	1607
356	626
356	1072
356	1309
356	1526
357	738
357	1256
357	1664
358	1164
358	1996
359	1215
360	1036
360	1618
360	1714
360	1827
361	367
361	1517
361	1544
362	775
362	1280
362	1341
362	1879
363	1910
364	842
364	849
364	1303
365	818
365	1135
365	1444
365	1499
366	792
366	1058
367	490
367	491
368	1141
368	1315
369	1819
369	1905
370	870
370	906
370	1231
370	1262
371	706
371	1237
371	1591
371	1641
372	1275
372	1982
373	818
374	883
375	841
375	1434
376	517
376	598
376	626
376	687
376	1219
377	619
377	752
377	785
377	1270
377	1853
377	1888
378	574
378	645
378	668
378	736
378	957
379	1278
379	1531
379	1839
380	812
380	1103
380	1336
380	1618
380	1631
380	1882
381	610
381	687
381	867
381	1187
382	1403
382	1450
382	1710
382	1975
384	395
384	1476
385	992
386	965
386	1245
386	1403
386	1739
387	463
387	1487
387	1977
388	1142
388	1293
388	1760
389	508
389	555
389	863
389	878
389	1058
390	790
390	1166
390	1188
390	1623
391	1018
391	1346
392	755
392	1863
393	543
393	1112
394	853
394	1113
394	1326
394	1880
395	1081
395	1646
396	922
396	1179
396	1305
396	1693
397	1108
397	1708
397	1740
397	1940
398	1076
400	654
400	1008
400	1186
400	1701
401	415
401	464
401	807
401	1379
401	1688
402	528
402	1307
402	1749
403	509
403	989
403	1767
403	1796
404	791
404	1678
405	699
405	903
405	1142
405	1363
405	1401
405	1783
405	1798
406	1170
406	1548
406	1851
407	1329
408	592
408	1928
409	583
409	1206
410	658
410	816
410	905
411	513
411	870
412	574
413	1110
413	1133
413	1889
414	427
414	817
414	923
414	1279
414	1979
415	1203
415	1284
415	1989
416	989
416	1049
416	1226
416	1315
417	629
417	850
417	1346
418	676
418	816
418	944
418	1433
418	1762
419	1479
420	653
420	802
421	1309
421	1606
421	1757
422	465
422	947
422	979
422	1496
423	1738
423	1998
424	1816
425	1860
426	1211
426	1471
426	1567
427	1248
427	1317
427	1379
427	1721
427	1875
427	1965
428	1330
428	1373
428	1899
428	1908
429	587
429	722
429	729
429	1504
430	1230
430	1535
430	1951
431	1395
431	1929
433	558
433	627
433	788
433	1042
433	1652
434	485
434	806
434	1276
434	1419
434	1655
434	1749
435	471
435	1992
436	494
436	520
436	550
436	753
436	1204
437	812
437	895
437	1552
437	1799
437	1861
438	1551
439	541
439	783
439	850
439	969
439	1256
439	1300
439	1426
440	570
440	1362
440	1505
441	532
441	1955
442	1014
443	764
443	1144
443	1474
443	1843
444	1402
444	1974
445	917
446	510
446	716
446	720
446	818
446	1237
446	1429
446	1836
447	1877
448	693
449	826
449	1494
449	1780
449	1915
449	1943
450	769
450	939
450	1232
451	918
451	1315
451	1408
451	1751
452	1688
452	1892
452	1941
452	1942
453	498
453	892
453	1701
454	478
454	1071
454	1238
454	1584
455	1194
455	1687
455	1937
456	1214
456	1455
457	612
457	981
458	835
458	1310
458	1454
458	1659
458	1759
458	1760
459	950
459	1474
459	1939
460	737
460	1266
460	1800
461	805
462	475
462	705
462	824
462	1153
462	1208
462	1248
462	1306
462	1946
463	533
463	643
463	980
463	1052
464	529
464	557
464	1355
464	1364
464	1460
464	1763
464	1807
465	1518
465	1701
465	1703
465	1829
466	591
466	859
466	956
466	1565
467	868
468	720
468	758
469	610
469	864
469	899
469	1183
470	1033
470	1348
470	1803
471	648
471	1251
471	1941
472	989
473	843
473	886
473	1523
473	1839
475	866
475	1296
476	761
476	1191
476	1775
476	1931
476	1987
477	662
477	761
477	985
477	1545
477	1801
477	1967
477	1970
478	1736
478	1817
478	1905
479	530
479	855
479	964
479	999
479	1266
479	1389
479	1416
480	1684
480	1687
481	725
481	787
481	1475
482	509
482	1204
482	1489
482	1658
482	1690
482	1874
483	773
483	1974
484	933
484	1144
484	1252
484	1258
484	1602
485	629
485	720
485	767
485	851
485	1598
485	1958
486	598
486	690
486	783
486	1105
486	1578
486	1894
486	1923
487	586
488	1738
489	757
489	1870
490	885
490	1063
490	1390
490	1705
490	1782
490	1904
491	1915
491	1991
492	1784
493	1062
493	1900
494	562
494	1741
495	646
495	690
495	1077
496	838
496	1275
497	706
497	718
497	792
497	1405
498	1038
498	1403
498	1417
498	1652
499	656
499	1585
499	1732
500	557
500	1137
500	1535
500	1541
500	1944
501	779
501	917
501	1021
501	1204
502	1098
502	1896
503	620
503	672
503	767
503	1218
503	1800
504	1425
504	1530
504	1753
505	550
506	580
506	1112
507	1144
507	1340
507	1400
507	1902
508	1114
509	1019
509	1630
509	1821
510	838
510	1735
511	1083
511	1551
511	1898
511	1958
512	1440
512	1780
513	1060
513	1119
513	1295
513	1584
513	1684
514	620
514	668
514	778
514	1086
514	1396
514	1477
515	574
515	949
516	656
516	680
516	864
516	939
516	1534
516	1653
517	1125
517	1904
518	1350
518	1599
518	1936
519	738
519	899
519	1194
519	1448
520	1567
520	1904
521	604
521	1117
522	663
522	854
522	859
522	893
522	917
522	1423
522	1703
523	525
523	1987
524	1103
524	1403
525	872
525	1336
525	1820
526	601
526	1862
527	929
527	1653
527	1857
528	1079
528	1208
528	1312
528	1960
529	889
529	1743
529	1946
530	777
530	1172
530	1216
530	1508
530	1658
531	813
531	1086
531	1410
532	959
533	758
533	897
533	1069
533	1491
533	1702
533	1838
533	1840
533	1863
534	899
534	1146
534	1354
535	1100
535	1748
537	865
537	1970
538	756
538	771
538	1007
538	1269
539	744
539	771
539	917
539	1329
539	1890
540	1177
540	1985
541	876
541	909
541	1047
541	1314
541	1344
542	565
542	649
542	1161
542	1239
542	1481
542	1990
544	624
544	702
544	755
544	958
544	1138
544	1332
545	547
545	610
545	900
545	912
545	1403
546	754
546	886
546	1107
546	1716
547	675
547	1038
547	1210
548	984
548	1281
548	1288
548	1953
549	636
549	878
550	627
550	875
550	1047
550	1314
550	1486
550	1560
550	1573
550	1767
551	1971
552	609
552	627
552	735
552	795
552	1949
553	1426
553	1673
553	1964
554	833
554	1187
554	1261
554	1567
555	602
555	1203
555	1249
555	1407
555	1845
557	718
557	824
557	879
557	1206
557	1449
558	1361
558	1984
559	931
559	1021
559	1240
561	1511
563	1710
564	631
564	687
564	1266
564	1594
565	1277
566	1017
566	1861
567	1224
567	1513
568	933
568	1562
568	1709
569	834
569	1226
569	1282
569	1392
569	1983
570	1137
570	1619
570	1712
571	669
571	722
571	946
572	1056
572	1360
572	1382
572	1490
572	1601
573	1069
573	1833
574	914
574	924
574	1110
574	1636
574	1897
575	586
575	607
575	658
575	1122
575	1390
575	1430
575	1799
575	1938
576	1582
577	755
577	985
577	1566
578	733
578	963
578	1203
579	674
579	747
579	854
579	895
579	1990
580	865
580	1515
580	1731
581	878
581	1379
582	966
582	1772
583	1214
583	1900
584	739
584	755
584	1228
584	1330
584	1381
585	783
586	1250
586	1348
586	1474
586	1842
587	1258
587	1987
588	1160
588	1682
588	1812
588	1889
589	1284
590	885
591	1036
593	1230
593	1585
594	642
594	860
594	1534
595	1407
595	1644
596	715
596	856
596	1093
596	1632
596	1712
597	1476
597	1519
597	1766
597	1914
598	936
598	1052
598	1085
598	1638
598	1689
599	734
599	927
599	1103
599	1140
599	1649
599	1740
600	1851
601	1120
601	1967
602	720
602	1887
603	1121
603	1130
603	1431
603	1495
603	1747
603	1885
604	749
604	1034
604	1194
605	1076
606	1006
606	1043
606	1483
607	713
607	1464
607	1691
607	1766
608	753
608	1277
608	1310
608	1747
609	898
609	1651
609	1988
611	792
611	923
611	1664
612	1034
613	620
613	777
613	1529
613	1618
613	1911
613	1937
614	1024
614	1148
614	1833
614	1867
615	737
615	855
616	783
616	1466
616	1507
616	1826
616	1879
617	1525
618	1644
618	1658
619	967
619	1275
619	1323
619	1735
619	1977
620	1027
620	1182
621	714
621	1156
621	1414
621	1475
621	1920
622	764
622	810
622	1614
623	1060
623	1211
623	1979
624	1419
625	949
625	1101
625	1325
625	1336
626	729
626	1442
627	1062
627	1066
627	1985
628	806
628	820
629	696
629	770
629	1821
629	1918
631	1361
631	1612
631	1643
631	1814
631	1867
632	1454
633	1065
633	1471
633	1987
634	1070
634	1356
634	1645
634	1943
635	1382
635	1834
636	697
636	1025
636	1885
637	1797
639	802
640	759
641	1042
641	1509
641	1706
642	732
642	805
642	1020
642	1866
642	1894
643	712
643	936
643	1264
643	1305
644	1023
644	1962
645	1304
645	1701
646	997
646	1252
646	1473
646	1706
647	1379
647	1697
649	917
649	1463
649	1498
649	1606
650	1232
650	1648
651	1168
651	1434
651	1587
651	1682
652	906
652	1091
652	1197
653	671
653	795
654	762
654	943
654	1843
655	662
655	1074
655	1201
655	1828
655	1880
656	954
657	668
657	734
657	1106
657	1561
657	1644
658	819
658	820
658	1032
659	1028
659	1918
660	1066
660	1125
661	1571
661	1716
662	1754
662	1945
663	1026
663	1130
663	1835
664	990
664	1658
664	1707
664	1790
665	1374
666	749
666	924
666	1187
667	1543
667	1662
669	1107
669	1197
669	1214
669	1673
669	1829
670	1314
670	1940
671	929
671	1896
672	885
672	1018
672	1681
672	1811
673	769
674	1382
675	1060
675	1523
677	939
677	1139
677	1209
677	1542
677	1796
678	1472
678	1629
678	1884
679	884
679	898
679	918
679	1621
679	1657
680	1268
681	960
681	1432
681	1658
681	1818
681	1941
682	1017
682	1365
682	1516
683	1149
683	1865
684	1243
684	1446
685	1056
686	871
687	990
687	1223
687	1747
687	1839
688	711
688	882
689	1576
689	1700
690	855
690	1135
690	1220
690	1308
690	1518
690	1860
691	982
691	1110
691	1960
692	886
692	1530
692	1673
693	1220
693	1579
694	1543
694	1595
695	1298
696	1341
696	1574
696	1768
697	791
697	881
697	1666
698	1306
698	1683
699	1322
699	1422
699	1503
700	1098
700	1368
700	1665
701	951
701	1145
701	1263
701	1345
701	1484
701	1587
702	1144
702	1688
704	1904
705	728
706	779
706	948
706	1740
706	1791
706	1796
706	1969
707	826
707	909
707	1716
708	1596
709	951
709	1236
709	1345
709	1518
710	1764
711	785
711	1203
712	1777
713	1747
715	1030
715	1363
715	1817
715	1881
716	1129
716	1229
716	1711
716	1789
717	1118
718	916
718	1337
718	1647
718	1809
718	1822
720	967
720	1105
720	1807
721	860
721	1185
722	1329
723	1298
723	1460
724	741
724	901
724	970
724	1107
724	1239
724	1248
725	756
725	1492
725	1958
726	1408
727	852
727	1056
727	1142
727	1297
728	1146
728	1259
728	1754
729	1110
730	1018
730	1678
730	1731
730	1808
731	799
731	1393
731	1856
732	1484
733	1071
733	1847
733	1905
734	1198
734	1667
734	1694
735	967
735	1395
736	1198
736	1299
736	1352
738	910
739	775
739	875
739	1447
739	1568
739	1618
739	1824
740	935
740	1261
740	1360
740	1859
741	1028
741	1245
742	1298
742	1907
743	795
743	964
744	1376
744	1542
744	1905
745	1069
745	1073
745	1813
745	1928
746	1605
747	1617
747	1864
747	1966
748	1338
748	1672
748	1743
748	1945
748	1973
749	762
749	1755
750	858
750	979
750	1404
750	1653
751	1101
751	1112
751	1647
752	896
752	1149
752	1374
752	1412
753	1190
753	1199
754	817
754	1056
754	1248
754	1963
755	770
756	1109
756	1269
756	1582
756	1632
758	1215
758	1283
758	1858
759	1096
759	1751
760	1160
760	1805
761	1532
762	1625
763	1271
763	1614
764	904
765	947
765	1060
765	1061
765	1755
766	1592
766	1600
766	1738
767	1593
767	1596
767	1629
767	1899
767	1984
769	1017
769	1108
769	1722
770	1272
770	1341
770	1464
770	1858
770	1988
771	793
771	873
771	1542
771	1630
771	1699
771	1738
771	1815
772	1132
772	1361
772	1370
772	1636
773	971
773	1027
773	1587
773	1916
774	890
774	1907
775	890
775	1466
775	1677
775	1920
776	1127
776	1315
776	1409
776	1411
776	1550
777	862
777	887
777	1462
778	1205
778	1269
779	900
779	1443
779	1831
780	1546
782	1282
782	1391
783	902
783	1166
783	1493
783	1584
783	1854
783	1919
784	963
784	1554
784	1662
785	1479
785	1758
786	798
786	1337
786	1897
787	821
787	1400
787	1546
787	1898
788	1359
789	1238
789	1650
790	811
790	1863
790	1869
791	1055
791	1088
791	1613
792	948
792	1269
793	998
793	1044
793	1742
793	1856
794	1053
794	1130
794	1811
795	952
795	1542
795	1561
795	1809
796	1858
797	908
797	1682
797	1945
798	1123
798	1577
799	931
799	1188
799	1230
799	1400
799	1708
800	1059
800	1439
800	1932
801	1281
801	1442
801	1466
802	1540
803	977
803	1730
804	829
804	1267
805	1710
806	1066
806	1378
807	1325
807	1345
807	1821
808	1048
808	1207
808	1374
808	1883
809	1244
809	1921
810	1446
810	1529
810	1629
812	817
812	1843
813	1724
814	1389
814	1519
814	1718
815	1554
816	1267
816	1277
816	1396
816	1747
817	858
817	1447
818	964
819	1554
820	1127
820	1138
820	1236
820	1609
820	1622
820	1889
821	846
821	1587
821	1637
821	1811
822	1099
822	1481
822	1613
823	1615
824	1101
824	1446
824	1612
824	1684
825	1221
826	1015
827	1124
827	1460
828	1075
828	1192
828	1382
828	1558
829	914
829	1076
829	1908
830	977
830	1129
831	1789
832	1755
833	893
833	899
833	1079
833	1358
833	1407
833	1845
834	1956
835	1167
835	1961
836	1406
836	1889
837	1525
838	961
838	1581
839	844
840	1493
840	1885
841	1118
841	1192
841	1418
842	914
843	1183
843	1479
844	947
844	1250
844	1485
845	1632
845	1936
845	1987
846	1629
847	1814
847	1882
848	1378
848	1489
849	1666
849	1841
849	1945
850	1527
850	1577
850	1603
851	1186
851	1850
852	1543
852	1865
853	1175
853	1185
853	1274
853	1794
853	1845
853	1916
854	1154
854	1376
854	1648
854	1700
854	1724
854	1856
855	1129
855	1803
855	1962
856	1153
856	1764
857	1155
857	1320
857	1678
858	941
858	1046
858	1436
858	1476
858	1653
859	1935
860	1236
860	1294
860	1360
860	1556
860	1736
861	1204
864	1688
865	956
865	1248
865	1745
866	1856
866	1894
867	1913
868	975
868	1576
868	1714
868	1730
868	1775
869	1357
871	1177
872	878
872	937
872	946
872	1641
873	1111
873	1853
874	1022
874	1104
874	1888
875	1269
875	1974
876	1006
876	1055
876	1057
876	1978
877	1516
878	1064
878	1384
878	1592
878	1956
879	1048
879	1133
879	1557
879	1664
880	913
880	1060
880	1084
881	1729
882	1212
883	1737
883	1876
884	911
884	1531
884	1968
885	895
885	1194
886	1224
886	1259
886	1713
887	1301
887	1761
888	1484
888	1655
889	1346
889	1523
889	1779
890	1258
890	1934
891	1898
892	1034
892	1515
893	1211
893	1749
893	1959
894	1171
894	1272
894	1330
894	1814
895	1342
895	1767
896	1173
896	1176
896	1461
896	1521
897	1039
897	1052
897	1145
898	966
898	1269
898	1454
898	1837
899	1124
899	1325
899	1461
899	1500
899	1537
899	1634
900	1982
901	1441
902	933
902	1521
902	1554
902	1896
903	1132
903	1360
903	1418
904	1382
904	1935
905	1047
906	1043
906	1054
906	1383
906	1440
906	1683
907	1585
907	1882
908	1733
908	1802
909	1176
909	1862
910	1118
910	1354
910	1845
911	1203
911	1351
911	1862
912	1032
912	1369
913	1210
913	1612
914	1187
914	1262
914	1290
914	1422
914	1957
915	1186
915	1259
915	1682
916	1173
916	1627
917	1268
917	1593
917	1916
918	1749
919	983
919	1087
919	1219
919	1386
919	1450
919	1839
920	1037
920	1635
921	1745
922	1556
922	1786
923	1092
923	1343
924	1408
924	1638
924	1707
925	1030
925	1726
926	1234
926	1366
926	1623
927	983
927	1036
927	1768
928	1185
928	1359
928	1547
928	1655
928	1779
929	1107
929	1257
929	1716
929	1793
930	1504
931	986
931	1307
933	1829
935	1504
935	1692
935	1901
936	1493
936	1505
936	1734
936	1989
937	1274
937	1598
937	1630
937	1933
938	942
938	1342
938	1458
938	1895
939	1038
939	1210
939	1531
940	945
940	1261
940	1390
941	1153
941	1700
941	1759
943	1025
943	1254
943	1511
944	1131
944	1435
944	1797
944	1834
945	1123
945	1598
946	1246
946	1286
947	1636
947	1950
948	1078
948	1136
948	1203
948	1263
948	1525
948	1687
949	1585
949	1975
950	1183
950	1227
950	1977
951	1477
951	1545
952	1349
953	1013
953	1125
953	1390
953	1529
954	1019
954	1574
955	1031
955	1405
955	1461
956	1255
956	1911
957	1585
958	1039
958	1131
958	1664
959	1309
959	1359
959	1856
959	1953
960	1320
960	1481
960	1642
961	1510
961	1557
961	1760
961	1886
962	1022
962	1303
963	1175
964	1611
965	1414
968	969
968	1961
969	1013
969	1587
969	1862
970	1384
970	1424
971	1256
971	1952
972	1743
972	1919
973	1365
973	1613
974	1565
975	1230
975	1498
975	1545
975	1691
976	1219
976	1400
977	1805
978	1185
979	1684
980	1211
980	1434
980	1473
980	1487
982	1101
982	1253
983	1230
983	1372
983	1922
984	1458
984	1661
985	1260
985	1388
985	1718
986	1231
987	1081
987	1472
987	1750
988	1505
988	1855
988	1971
989	1428
989	1812
990	1053
990	1175
990	1316
990	1940
991	1243
992	1090
992	1576
993	1392
994	1095
995	1314
995	1455
996	1226
997	1711
998	1330
998	1722
999	1609
999	1973
1000	1018
1001	1375
1001	1713
1002	1247
1002	1484
1003	1017
1003	1711
1004	1716
1005	1345
1005	1567
1005	1742
1005	1889
1006	1100
1006	1151
1006	1238
1007	1067
1007	1532
1007	1991
1008	1853
1009	1034
1009	1090
1010	1011
1010	1153
1010	1360
1010	1562
1011	1028
1011	1116
1011	1136
1011	1795
1012	1046
1012	1776
1013	1019
1013	1257
1013	1876
1014	1310
1014	1469
1014	1635
1014	1933
1016	1185
1017	1195
1017	1527
1017	1837
1017	1948
1018	1347
1018	1440
1018	1773
1019	1741
1020	1388
1020	1663
1020	1831
1020	1937
1021	1033
1021	1104
1021	1797
1022	1143
1022	1308
1022	1402
1022	1633
1023	1682
1023	1867
1024	1245
1024	1444
1024	1770
1024	1817
1025	1515
1026	1263
1026	1540
1026	1657
1027	1447
1027	1677
1027	1840
1028	1326
1028	1437
1029	1330
1029	1542
1030	1054
1030	1639
1030	1764
1030	1777
1031	1189
1031	1508
1033	1078
1033	1414
1034	1503
1034	1663
1035	1367
1036	1165
1036	1288
1036	1418
1037	1149
1037	1439
1038	1123
1038	1308
1039	1376
1039	1829
1040	1106
1040	1223
1040	1246
1041	1122
1041	1987
1042	1344
1043	1326
1043	1968
1044	1180
1044	1771
1045	1319
1047	1862
1047	1988
1048	1632
1048	1823
1048	1950
1050	1443
1050	1798
1051	1104
1051	1113
1051	1678
1052	1535
1052	1638
1052	1822
1053	1670
1054	1219
1054	1415
1054	1530
1054	1531
1054	1666
1056	1158
1056	1228
1056	1713
1057	1937
1058	1534
1059	1331
1059	1685
1060	1265
1060	1373
1060	1560
1060	1978
1060	1988
1061	1440
1062	1135
1062	1489
1064	1498
1064	1622
1065	1280
1065	1574
1066	1321
1066	1411
1066	1712
1066	1937
1067	1129
1067	1136
1067	1160
1067	1258
1067	1960
1068	1141
1068	1865
1069	1183
1069	1427
1069	1939
1070	1605
1070	1806
1072	1117
1072	1215
1073	1939
1074	1478
1074	1921
1075	1642
1076	1319
1077	1209
1077	1524
1077	1620
1077	1800
1077	1980
1078	1334
1078	1430
1078	1675
1078	1951
1079	1412
1080	1159
1080	1237
1081	1734
1082	1801
1082	1894
1082	1908
1083	1582
1083	1644
1083	1865
1086	1092
1086	1332
1086	1436
1087	1689
1087	1858
1087	1897
1088	1536
1088	1677
1088	1831
1089	1285
1089	1755
1090	1557
1092	1628
1092	1928
1093	1552
1093	1614
1094	1678
1094	1830
1095	1442
1096	1141
1096	1219
1096	1952
1098	1300
1098	1580
1099	1798
1100	1144
1100	1588
1100	1776
1101	1296
1101	1760
1102	1105
1103	1468
1104	1138
1105	1358
1107	1241
1107	1561
1107	1989
1108	1867
1109	1301
1109	1343
1110	1229
1110	1775
1111	1720
1112	1259
1112	1429
1112	1962
1113	1135
1113	1892
1115	1715
1115	1813
1116	1572
1117	1256
1117	1323
1118	1184
1118	1210
1118	1442
1119	1565
1119	1838
1120	1761
1120	1907
1121	1503
1122	1452
1124	1417
1124	1480
1124	1712
1125	1919
1125	1952
1126	1464
1126	1598
1127	1382
1129	1433
1130	1195
1131	1304
1131	1464
1131	1821
1131	1973
1132	1955
1133	1589
1133	1974
1134	1454
1134	1636
1134	1814
1134	1944
1135	1913
1137	1665
1137	1849
1137	1974
1138	1720
1139	1938
1140	1880
1142	1745
1142	1848
1143	1624
1144	1712
1145	1184
1145	1482
1145	1803
1146	1365
1146	1765
1147	1314
1147	1412
1147	1699
1147	1808
1147	1856
1148	1552
1148	1631
1148	1833
1149	1273
1149	1565
1150	1514
1151	1897
1152	1918
1154	1200
1154	1234
1154	1242
1154	1285
1155	1354
1155	1695
1156	1374
1156	1400
1156	1507
1157	1221
1157	1681
1157	1754
1159	1685
1161	1501
1161	1921
1162	1418
1162	1522
1162	1638
1163	1337
1163	1860
1165	1172
1167	1939
1168	1555
1169	1348
1170	1383
1170	1678
1171	1344
1172	1701
1172	1842
1172	1911
1173	1506
1173	1619
1176	1375
1177	1281
1178	1819
1179	1561
1179	1920
1180	1303
1181	1924
1183	1195
1183	1746
1184	1892
1185	1278
1185	1663
1185	1969
1186	1733
1186	1817
1187	1461
1187	1925
1189	1876
1189	1946
1190	1403
1191	1346
1191	1537
1192	1393
1193	1366
1193	1544
1193	1668
1193	1709
1194	1491
1196	1383
1196	1520
1196	1607
1196	1826
1196	1871
1196	1938
1197	1702
1198	1614
1198	1691
1198	1958
1198	1991
1199	1482
1199	1610
1200	1811
1200	1856
1200	1882
1200	1901
1201	1398
1201	1998
1202	1833
1202	1948
1203	1764
1203	1826
1203	1840
1206	1410
1208	1464
1208	1864
1208	1940
1208	1964
1208	1983
1209	1702
1212	1306
1212	1523
1213	1327
1213	1603
1213	1762
1214	1549
1214	1665
1216	1545
1216	1589
1216	1914
1217	1294
1217	1824
1218	1318
1218	1508
1218	1963
1219	1283
1219	1837
1219	1897
1222	1498
1223	1268
1223	1521
1223	1637
1224	1279
1224	1821
1225	1649
1226	1966
1227	1348
1227	1585
1227	1662
1227	1732
1227	1965
1228	1674
1229	1249
1230	1322
1230	1513
1230	1799
1231	1264
1232	1524
1232	1614
1233	1513
1233	1804
1233	1820
1235	1288
1235	1926
1236	1679
1237	1481
1237	1619
1237	1772
1238	1598
1239	1446
1240	1925
1241	1908
1243	1853
1244	1588
1244	1602
1245	1327
1245	1395
1245	1594
1245	1886
1246	1497
1248	1533
1249	1307
1249	1725
1250	1815
1250	1920
1251	1491
1252	1998
1253	1431
1253	1479
1253	1508
1253	1830
1253	1835
1253	1855
1255	1955
1256	1534
1257	1457
1257	1753
1257	1903
1258	1399
1259	1562
1261	1319
1262	1329
1263	1764
1264	1345
1264	1693
1265	1403
1265	1608
1266	1517
1269	1408
1269	1724
1269	1820
1270	1422
1270	1994
1271	1517
1273	1885
1275	1416
1275	1825
1275	1960
1276	1730
1277	1966
1278	1526
1278	1764
1278	1910
1278	1986
1279	1482
1279	1891
1283	1348
1283	1461
1283	1696
1283	1790
1284	1689
1286	1530
1288	1358
1288	1725
1289	1413
1289	1967
1290	1970
1291	1365
1293	1596
1294	1375
1294	1563
1296	1375
1296	1451
1297	1817
1297	1989
1298	1570
1299	1434
1299	1509
1299	1720
1300	1596
1300	1632
1301	1603
1303	1728
1304	1669
1304	1926
1307	1746
1309	1379
1310	1704
1311	1540
1311	1552
1311	1593
1311	1893
1313	1484
1314	1862
1315	1644
1315	1726
1316	1942
1317	1946
1318	1497
1320	1744
1320	1952
1321	1493
1321	1863
1324	1788
1325	1355
1327	1468
1327	1904
1327	1931
1327	1943
1328	1562
1328	1582
1328	1895
1329	1963
1330	1529
1331	1644
1331	1756
1331	1997
1332	1711
1333	1353
1334	1768
1335	1522
1336	1857
1337	1706
1337	1803
1339	1523
1340	1875
1340	1972
1341	1628
1341	1785
1342	1734
1342	1785
1343	1398
1344	1596
1344	1765
1345	1600
1347	1694
1348	1596
1348	1634
1350	1488
1351	1523
1351	1591
1351	1678
1351	1799
1351	1943
1352	1626
1352	1795
1352	1959
1353	1938
1354	1434
1354	1948
1355	1483
1356	1727
1356	1756
1356	1858
1357	1498
1360	1379
1360	1476
1361	1965
1362	1506
1362	1717
1362	1939
1363	1912
1364	1676
1365	1598
1366	1418
1366	1458
1366	1959
1368	1653
1369	1489
1370	1801
1371	1484
1371	1557
1372	1777
1373	1502
1373	1530
1373	1925
1373	1992
1374	1673
1374	1934
1375	1517
1376	1824
1377	1945
1378	1651
1378	1691
1379	1482
1379	1542
1380	1528
1381	1537
1381	1992
1384	1718
1384	1961
1385	1606
1385	1945
1386	1924
1387	1848
1388	1788
1389	1397
1389	1786
1390	1605
1390	1677
1391	1440
1392	1431
1397	1509
1399	1752
1400	1981
1401	1830
1401	1966
1402	1645
1403	1593
1403	1709
1404	1450
1404	1992
1405	1542
1405	1725
1408	1700
1409	1689
1409	1982
1410	1837
1411	1517
1412	1908
1413	1791
1413	1888
1414	1629
1416	1507
1418	1425
1419	1456
1419	1916
1420	1983
1421	1606
1422	1758
1423	1607
1423	1618
1423	1956
1424	1551
1427	1733
1428	1980
1429	1959
1430	1453
1430	1594
1430	1983
1431	1942
1432	1677
1432	1877
1434	1750
1435	1859
1435	1920
1435	1990
1438	1604
1438	1630
1439	1471
1440	1843
1441	1690
1441	1838
1443	1770
1443	1886
1444	1680
1445	1872
1448	1508
1448	1585
1448	1614
1449	1836
1449	1942
1450	1839
1450	1977
1453	1744
1454	1837
1454	1851
1455	1918
1458	1672
1459	1472
1459	1563
1459	1849
1460	1613
1464	1484
1464	1912
1465	1500
1467	1549
1467	1891
1467	1936
1469	1954
1470	1690
1470	1923
1471	1601
1472	1568
1472	1920
1473	1647
1475	1711
1475	1787
1476	1677
1476	1685
1476	1937
1477	1504
1479	1487
1479	1607
1479	1611
1483	1617
1483	1772
1483	1981
1484	1674
1484	1677
1485	1879
1489	1971
1490	1523
1490	1968
1490	1988
1490	1999
1493	1536
1493	1565
1493	1777
1494	1575
1494	1753
1494	1959
1496	1657
1497	1907
1500	1531
1500	1638
1501	1602
1501	1745
1503	1651
1503	1780
1504	1538
1505	1918
1507	1895
1510	1990
1511	1741
1511	1901
1512	1712
1513	1698
1514	1778
1514	1782
1516	1830
1517	1706
1520	1677
1521	1943
1522	1589
1522	1750
1524	1704
1524	1862
1527	1684
1528	1727
1528	1960
1529	1975
1531	1748
1531	1895
1534	1540
1534	1553
1535	1537
1537	1836
1539	1661
1539	1981
1540	1770
1540	1904
1541	1583
1541	1615
1542	1804
1542	1817
1543	1920
1543	1953
1547	1641
1554	1766
1556	1988
1558	1608
1559	1865
1560	1598
1562	1733
1563	1792
1563	1930
1564	1743
1568	1626
1569	1625
1571	1980
1573	1747
1576	1991
1577	1747
1577	1933
1578	1600
1578	1672
1580	1739
1582	1963
1583	1761
1584	1742
1585	1859
1585	1872
1586	1736
1587	1752
1588	1698
1591	1865
1593	1758
1594	1776
1594	1864
1595	1777
1596	1832
1597	1650
1597	1885
1599	1843
1599	1948
1603	1648
1605	1734
1605	1853
1608	1669
1610	1820
1611	1631
1611	1992
1614	1923
1616	1680
1618	1932
1619	1794
1621	1913
1623	1715
1625	1661
1625	1714
1626	1720
1627	1873
1628	1930
1629	1863
1629	1996
1630	1775
1631	1737
1632	1724
1635	1673
1635	1972
1637	1974
1639	1905
1641	1951
1642	1781
1645	1814
1645	1872
1647	1715
1647	1914
1651	1961
1653	1895
1654	1761
1656	1707
1657	1716
1663	1964
1668	1769
1670	1724
1671	1911
1673	1679
1679	1839
1679	1944
1680	1740
1682	1973
1683	1728
1687	1858
1689	1987
1691	1961
1693	1761
1700	1776
1702	1833
1702	1862
1703	1777
1703	1998
1706	1750
1711	1891
1713	1721
1713	1761
1713	1916
1716	1955
1717	1810
1718	1872
1720	1905
1722	1956
1723	1895
1726	1937
1726	1965
1728	1868
1728	1942
1730	1762
1731	1848
1733	1908
1735	1840
1736	1774
1737	1840
1739	1951
1740	1967
1745	1875
1751	1994
1754	1903
1756	1950
1757	1758
1764	1975
1765	1922
1766	1774
1766	1920
1767	1776
1767	1927
1767	1971
1769	1802
1771	1997
1772	1973
1775	1796
1779	1925
1783	1816
1783	1888
1783	1969
1786	1889
1787	1852
1788	1806
1788	1854
1791	1977
1793	1810
1794	1928
1797	1994
1799	1811
1800	1915
1801	1945
1802	1895
1807	1950
1808	1819
1812	1886
1813	1983
1817	1844
1818	1873
1835	1912
1835	1946
1841	1944
1844	1846
1847	1991
1850	1854
1850	1940
1857	1905
1862	1901
1887	1999
1888	1896
1889	1899
1891	1928
1899	1937
1903	1931
1904	1973
1906	1914
1917	1976
1922	1955
1931	1934
1940	1953
1964	1978
1965	1967
1977	1996
1986	1995
1988	1991