0	881
0	905
0	1624
0	1716
1	218
1	470
1	840
1	1545
2	89
2	718
2	1522
2	1941
3	98
3	985
3	1231
3	1374
4	31
4	110
4	1095
4	1839
5	398
5	677
5	958
5	1117
5	1191
5	1572
5	1755
5	1761
6	388
6	547
7	45
7	124
7	789
7	1182
7	1463
8	391
8	590
8	919
8	1268
8	1660
8	1970
9	1286
9	1483
9	1496
9	1561
10	409
10	849
10	1302
10	1536
11	717
11	729
11	901
11	1212
11	1453
11	1880
12	159
12	969
12	1375
12	1448
12	1511
13	485
13	1127
13	1219
13	1386
13	1805
13	1834
14	432
14	467
14	588
14	889
14	1139
14	1695
15	29
15	201
15	361
15	1054
15	1225
15	1268
15	1407
15	1767
15	1994
16	265
16	1110
16	1844
17	215
17	1890
18	158
19	67
19	670
19	1125
19	1138
19	1950
20	724
20	977
20	1399
20	1694
20	1752
21	134
21	153
21	1003
21	1975
22	104
22	226
22	580
22	791
22	1335
23	1186
23	1822
23	1878
24	1362
25	756
25	908
25	1147
25	1219
25	1676
26	83
26	118
26	336
26	1335
26	1476
26	1559
26	1577
26	1721
26	1785
26	1820
27	1228
28	794
28	1305
28	1705
29	1075
29	1257
29	1400
29	1617
29	1784
30	45
30	188
30	754
30	809
30	969
31	149
31	1155
31	1309
31	1813
31	1890
32	266
32	489
32	1595
33	1699
33	1755
33	1906
34	1182
34	1507
34	1719
35	1233
36	123
36	474
36	554
36	656
36	1431
36	1645
37	517
37	851
37	920
37	1495
37	1553
38	515
38	627
38	692
38	957
38	1331
38	1460
38	1623
38	1631
39	101
39	657
39	1420
39	1570
39	1985
40	385
40	1585
40	1859
40	1900
41	1725
42	982
42	1006
43	300
43	589
43	782
43	1939
44	1350
45	125
45	609
45	886
45	1885
46	176
46	282
46	358
46	532
46	538
46	974
46	1117
46	1754
47	1279
47	1298
47	1378
47	1516
48	730
48	837
48	1303
48	1744
49	330
49	574
49	861
49	933
49	1142
49	1694
49	1708
49	1956
50	408
50	618
50	1164
51	181
51	1750
52	766
52	812
53	976
53	1151
53	1409
53	1686
54	452
54	1110
54	1290
54	1308
55	342
55	704
55	1401
56	762
56	836
56	909
56	1117
56	1399
57	326
57	1182
57	1916
58	223
58	233
58	829
58	908
59	223
59	255
59	710
59	1238
59	1319
59	1813
59	1982
60	754
60	1000
60	1162
60	1401
60	1420
60	1605
60	1779
61	320
61	772
61	904
61	1520
61	1641
61	1921
62	487
62	796
62	841
62	1880
62	1898
62	1985
63	573
64	332
64	436
64	538
64	672
64	886
64	1197
64	1354
64	1423
64	1619
64	1936
65	306
65	683
65	716
66	158
66	667
66	1577
67	242
67	253
67	507
67	920
67	1807
67	1875
68	150
68	229
68	1849
69	588
69	697
69	1752
69	1793
69	1826
70	77
70	516
70	906
70	1367
70	1905
71	322
71	767
71	1126
71	1709
72	106
72	214
72	571
72	1702
72	1965
73	180
73	257
73	828
73	845
73	951
73	1243
73	1790
74	361
74	569
75	1046
76	276
76	358
76	455
76	1060
76	1863
77	297
77	302
77	719
77	986
78	1592
78	1822
78	1841
79	81
79	1281
80	825
80	986
80	1286
80	1466
80	1600
81	363
81	1554
81	1703
82	886
82	925
82	1056
82	1231
82	1232
82	1554
82	1824
82	1965
84	887
85	140
85	1021
85	1050
85	1073
85	1305
85	1830
86	292
86	512
86	977
86	1237
87	354
87	826
87	1400
87	1684
87	1779
88	639
88	669
88	1642
89	247
89	303
89	593
89	1788
89	1799
90	576
90	949
90	1090
91	443
91	491
91	1413
91	1414
92	1276
93	113
93	1266
93	1809
94	1014
94	1312
94	1374
94	1493
94	1712
95	485
95	515
95	692
95	1291
95	1715
95	1758
96	98
96	209
96	724
96	932
96	1231
96	1631
97	815
97	827
97	994
97	1148
97	1652
97	1791
97	1856
98	949
98	1334
99	492
100	123
100	282
100	781
100	1223
100	1235
101	885
101	1438
101	1497
101	1548
101	1877
101	1948
102	239
102	241
102	254
102	261
102	564
102	659
102	754
102	860
102	1003
102	1020
102	1690
103	1302
104	367
104	1141
104	1460
105	227
105	849
105	1123
105	1132
105	1952
106	371
106	1349
106	1521
107	379
107	481
107	492
107	590
107	682
107	923
107	1449
108	495
108	1219
108	1681
108	1712
108	1820
108	1854
109	132
109	600
109	977
109	1119
109	1271
109	1367
110	187
110	275
111	1010
111	1283
111	1489
112	251
112	913
112	1504
112	1535
112	1629
112	1662
112	1878
113	417
113	506
113	1038
113	1428
113	1975
114	341
114	1188
114	1656
115	631
115	948
115	975
115	1054
115	1750
116	881
116	1885
116	1968
117	194
117	517
117	707
117	1509
117	1883
118	1422
118	1543
119	355
119	1293
119	1655
119	1758
119	1861
120	978
120	1710
120	1874
121	770
121	951
121	1027
121	1078
121	1100
121	1947
122	823
123	822
123	1078
123	1525
123	1770
123	1774
124	351
124	720
124	1323
124	1707
125	228
125	770
125	862
125	943
125	1402
126	149
126	718
126	739
126	909
126	1259
127	169
127	1282
127	1439
127	1789
127	1934
128	930
128	1774
128	1808
129	222
130	217
130	478
130	480
130	481
130	1243
131	1389
132	509
132	741
132	1453
133	708
133	1825
134	183
134	479
134	1291
134	1354
134	1981
135	585
135	1171
135	1411
135	1588
136	958
136	1125
136	1629
137	1044
137	1142
137	1714
138	721
138	938
138	1107
138	1606
138	1628
139	207
139	602
139	1275
139	1406
139	1828
140	229
140	264
140	1571
140	1970
141	432
141	1621
141	1740
141	1749
142	239
142	584
142	1538
142	1732
142	1831
142	1904
142	1928
143	275
143	390
143	1646
143	1908
143	1934
144	375
144	684
144	884
144	1236
145	202
146	1561
147	1274
148	884
148	1196
149	637
149	1330
149	1727
149	1866
150	365
150	446
150	629
150	1907
151	491
151	901
151	1672
151	1696
152	455
152	543
152	821
152	1033
152	1148
152	1281
152	1598
153	586
153	677
153	974
153	1682
153	1802
154	570
155	1152
155	1158
155	1375
155	1480
156	1543
156	1638
156	1803
157	216
157	1074
157	1642
158	361
158	498
158	594
158	610
158	1038
158	1064
158	1812
159	461
159	701
159	915
159	961
159	984
159	1039
159	1734
160	747
160	1201
160	1305
160	1970
161	798
161	1628
161	1730
162	436
162	859
163	267
163	540
163	978
163	1122
163	1800
163	1910
164	966
164	993
164	1062
164	1142
164	1261
164	1851
165	793
165	1059
165	1545
165	1882
166	167
166	256
166	770
166	1002
167	344
167	491
167	536
167	1082
167	1521
167	1767
167	1953
168	230
168	697
168	1697
168	1751
168	1973
169	1809
169	1946
170	1087
170	1158
170	1890
171	241
171	272
171	1030
171	1277
171	1798
172	278
172	378
172	510
172	662
172	894
172	1458
173	212
173	1042
174	454
174	460
174	835
174	1251
174	1637
175	226
175	1643
176	180
176	217
176	944
176	1280
176	1385
177	552
177	827
177	1216
177	1231
177	1574
178	452
178	627
178	676
178	739
178	754
178	1334
178	1335
178	1931
179	376
180	247
180	444
180	781
181	462
181	583
181	610
181	1242
181	1319
181	1826
181	1836
181	1932
182	1604
182	1715
183	1663
184	270
184	415
184	608
184	1142
184	1218
184	1524
184	1789
184	1879
185	363
185	1134
185	1447
185	1618
185	1760
185	1797
186	289
186	1371
186	1693
186	1743
187	324
187	1231
187	1796
188	623
188	1002
188	1027
188	1183
189	444
189	639
189	686
189	1076
189	1422
190	921
190	1009
190	1272
191	1716
191	1886
192	490
192	962
192	1135
192	1427
192	1823
193	469
193	810
193	849
193	1171
193	1289
194	258
194	508
194	936
194	1364
194	1724
194	1831
195	258
195	1020
195	1518
196	810
196	1109
196	1597
197	751
197	1063
198	515
198	1262
199	660
199	1237
199	1729
200	861
200	929
200	1175
200	1200
200	1863
201	822
202	337
202	681
203	1036
203	1105
203	1242
203	1707
204	1309
204	1531
204	1561
205	479
205	1814
206	364
206	437
206	1133
206	1997
207	830
208	249
208	288
208	316
208	1476
209	1763
210	272
210	608
210	1538
211	750
211	1184
211	1186
212	250
212	378
212	457
212	533
212	825
212	1199
212	1203
212	1375
212	1689
212	1729
213	558
213	690
213	1037
213	1880
214	825
214	1154
214	1208
214	1252
214	1943
215	376
215	1495
216	631
216	1044
216	1131
216	1901
217	517
217	596
217	742
217	1273
218	380
218	1676
218	1905
219	565
219	1035
220	619
220	770
220	1039
221	949
221	1442
221	1649
222	497
223	925
223	985
223	1153
223	1578
223	1738
224	718
224	1367
225	580
225	810
225	835
225	1057
225	1525
226	291
226	419
226	682
226	1174
226	1715
226	1882
226	1994
227	244
227	572
227	813
227	968
227	1222
227	1896
228	642
228	743
228	1265
229	509
229	1919
230	332
230	657
230	1319
230	1413
231	1905
232	420
232	1101
232	1556
232	1606
233	403
233	485
233	604
233	963
233	998
233	1702
233	1927
234	330
234	771
234	856
234	1070
234	1290
235	382
235	483
235	825
236	507
236	1507
236	1671
237	477
237	1148
237	1171
237	1585
237	1607
237	1834
238	255
238	663
238	1022
238	1071
238	1689
238	1932
239	274
239	676
239	976
239	1471
239	1837
239	1943
240	807
240	1136
240	1173
240	1358
240	1419
240	1959
240	1986
242	859
242	1030
242	1361
242	1803
243	1251
243	1307
243	1732
244	765
244	773
245	368
245	464
245	509
245	659
245	1335
245	1388
245	1977
246	296
246	1179
247	306
247	472
247	1265
247	1478
247	1659
247	1738
248	366
248	443
248	538
248	733
248	830
248	886
248	1008
248	1272
248	1761
249	504
249	1316
250	391
250	551
250	728
250	914
250	1431
250	1762
250	1922
251	1998
252	430
252	808
253	597
254	338
254	1315
255	1069
255	1458
255	1954
256	539
256	931
256	1921
257	1132
257	1140
257	1452
257	1686
258	707
258	925
258	935
258	972
259	1393
259	1955
260	318
260	427
260	480
260	1366
260	1374
260	1760
261	270
261	1070
261	1672
261	1706
262	807
263	405
263	408
263	1014
264	444
264	508
264	541
264	828
264	1027
264	1057
264	1702
264	1988
265	357
265	420
265	604
265	652
265	935
265	1032
265	1106
265	1540
266	446
266	505
266	684
266	767
266	833
266	1135
267	405
267	1228
267	1263
267	1887
267	1904
268	1867
269	298
270	1608
271	1195
271	1346
271	1348
272	1645
273	335
273	531
273	576
273	636
273	729
273	814
273	1442
274	402
274	923
275	484
275	592
275	689
275	1084
275	1337
275	1697
276	787
276	988
276	1802
276	1909
277	881
277	1505
278	447
278	592
278	1106
278	1293
278	1807
278	1868
279	457
279	579
279	900
279	1520
280	925
280	1632
281	784
281	836
281	1296
282	986
282	1031
282	1419
283	1244
283	1552
283	1622
284	781
284	839
284	1311
285	540
285	1189
286	1021
286	1194
286	1318
287	783
287	1055
287	1173
287	1469
288	980
288	1106
288	1158
289	882
289	1241
290	1377
290	1481
290	1505
291	527
291	752
291	811
291	840
291	1444
291	1737
292	629
292	865
292	963
292	975
292	1044
292	1719
293	339
293	439
293	712
293	959
293	1035
293	1047
293	1730
294	740
294	980
294	1319
295	565
295	1827
295	1889
296	685
296	715
297	352
297	359
297	1118
297	1129
297	1201
297	1578
297	1637
298	919
299	527
299	602
299	984
299	1193
299	1638
300	692
300	1596
301	487
301	1477
301	1617
302	497
302	1606
303	340
304	1212
304	1371
304	1771
305	1224
305	1478
306	497
306	1498
307	1319
307	1888
308	426
308	1176
308	1426
309	1323
309	1362
309	1584
309	1897
310	587
310	779
310	923
310	966
311	440
311	1051
312	1220
312	1575
312	1808
312	1843
313	501
313	1719
313	1726
314	508
314	1136
315	749
315	977
315	1379
317	787
317	941
317	1311
317	1426
317	1455
317	1596
318	1139
318	1461
319	513
319	1733
319	1930
320	1115
320	1426
321	827
321	892
321	1258
322	399
322	711
323	983
323	1336
323	1422
324	895
324	926
324	959
324	1112
324	1274
324	1466
325	837
325	1072
325	1979
326	627
326	892
326	1041
326	1131
326	1172
326	1255
326	1654
326	1835
327	960
328	400
328	490
328	540
328	985
328	1214
328	1303
329	370
329	412
329	823
329	835
329	1023
329	1754
329	1818
329	1829
329	1940
330	1405
330	1511
331	394
331	515
331	526
331	1578
332	983
332	1273
332	1308
332	1765
332	1933
333	371
333	400
333	894
333	1240
334	1064
334	1866
335	1572
335	1826
336	445
336	630
336	853
336	1575
336	1908
337	1470
338	703
338	914
338	1137
338	1285
339	347
339	375
339	488
339	1009
340	859
340	974
340	1471
340	1489
340	1502
341	835
341	1269
342	801
342	1285
342	1530
342	1749
343	789
344	575
344	802
344	1644
344	1837
345	512
345	638
345	1467
345	1772
345	1841
346	882
347	949
347	1132
347	1158
347	1694
348	551
348	832
348	1715
349	470
349	519
349	953
349	1283
349	1309
349	1320
349	1329
349	1398
349	1527
350	542
350	793
350	869
350	1677
351	497
351	569
352	840
352	1017
352	1042
352	1843
353	840
353	901
353	1962
354	853
355	434
355	467
355	1161
355	1376
355	1639
356	1323
356	1493
357	389
357	1422
357	1470
357	1864
358	1000
358	1789
358	1976
359	795
359	946
359	1070
360	510
360	980
361	1848
362	485
363	680
363	1020
363	1614
364	367
364	765
364	1850
364	1992
365	540
365	1349
365	1416
365	1687
366	554
366	1317
366	1381
366	1528
366	1596
366	1798
367	831
367	1394
367	1492
367	1680
367	1995
368	948
368	1336
368	1408
368	1829
369	615
369	1613
369	1692
369	1798
370	1841
371	777
371	923
371	1681
372	582
372	785
372	858
372	1493
372	1916
373	556
373	1093
374	1696
374	1840
375	836
375	1711
376	441
376	499
376	840
376	1654
376	1747
376	1968
377	884
377	1138
379	1712
379	1873
380	461
380	779
380	1902
381	483
381	859
381	862
381	1268
381	1526
381	1838
381	1853
382	713
382	781
382	1037
382	1638
383	927
383	1892
384	999
384	1025
384	1762
385	1339
385	1397
385	1689
386	723
386	905
387	550
387	940
387	1187
387	1449
388	1174
388	1325
388	1406
388	1956
389	1162
389	1419
389	1526
390	593
390	837
390	1081
391	1045
391	1119
392	656
392	1354
392	1397
392	1497
392	1809
393	907
393	1436
393	1536
393	1669
393	1848
393	1864
394	546
394	1521
394	1704
395	456
395	507
395	968
396	717
396	1295
396	1322
397	768
397	826
397	1035
397	1037
397	1254
397	1743
398	1029
398	1145
398	1212
398	1822
399	942
399	996
400	776
400	1242
400	1350
400	1444
400	1661
400	1695
401	559
401	681
401	1243
401	1331
401	1432
402	549
402	1175
402	1228
402	1689
402	1954
404	561
404	1474
404	1766
404	1821
405	655
405	984
406	508
407	791
407	1969
408	1146
409	421
409	611
409	736
409	1395
409	1656
410	1101
410	1127
410	1394
410	1673
411	1023
411	1802
412	601
412	829
412	1016
412	1130
412	1296
412	1779
412	1984
413	1538
414	856
414	1420
414	1547
414	1703
414	1729
415	1161
415	1337
415	1677
415	1756
415	1878
416	1405
417	520
417	639
417	1028
417	1669
418	564
418	1346
418	1916
419	593
419	908
419	987
420	1589
420	1945
422	1573
423	1378
423	1972
424	482
424	532
424	916
424	1033
424	1420
424	1899
425	724
425	936
425	1206
425	1438
425	1903
426	628
426	1470
427	669
427	721
427	1259
427	1306
427	1338
428	725
428	1047
428	1062
428	1106
428	1494
428	1591
429	799
429	1009
429	1059
429	1093
429	1584
429	1943
430	967
430	1022
431	567
431	1958
432	750
432	784
432	1088
432	1593
432	1839
432	1858
432	1916
433	498
433	1325
433	1990
434	1379
434	1632
434	1645
434	1738
435	1063
435	1539
435	1864
436	615
436	1271
436	1576
436	1776
437	1177
437	1221
437	1380
437	1905
438	785
439	649
439	1475
439	1888
440	1798
440	1936
441	1822
442	1073
443	758
443	972
443	1120
443	1200
443	1337
444	903
444	1215
444	1461
444	1480
444	1841
445	596
445	1173
445	1679
445	1967
446	733
446	1497
446	1624
447	659
447	741
447	1676
447	1715
447	1862
448	763
449	850
449	928
449	1114
449	1341
450	1028
451	500
451	697
451	781
451	1197
451	1207
451	1242
451	1352
452	694
452	876
452	1213
453	1180
453	1258
453	1849
454	618
454	1488
454	1740
454	1890
455	616
455	846
455	912
455	1712
456	1048
456	1430
457	1147
458	676
458	1298
458	1605
459	650
459	1352
459	1830
459	1869
460	1979
461	859
461	872
461	896
461	1002
461	1279
461	1435
461	1931
462	642
462	787
462	1089
463	555
463	1646
463	1977
464	693
464	1078
465	702
465	768
465	1614
466	727
466	953
466	1602
466	1780
467	470
467	1117
467	1128
468	1465
468	1714
469	624
469	699
470	566
470	673
470	850
470	1664
470	1871
471	869
471	1301
471	1412
472	805
472	843
472	1132
473	505
473	1054
474	643
474	983
474	1794
475	1259
475	1498
476	546
476	1266
476	1484
477	1147
477	1469
477	1946
478	700
478	742
478	1214
478	1652
479	799
479	1849
480	1428
480	1716
481	540
481	684
481	1159
481	1491
481	1766
481	1845
483	508
483	1341
483	1546
483	1594
483	1674
483	1772
484	660
484	1232
484	1361
485	577
485	1302
486	1558
486	1915
487	711
487	898
487	922
487	1213
487	1451
487	1881
488	489
488	1028
488	1291
488	1400
488	1530
488	1675
489	494
489	553
489	858
489	1215
489	1369
489	1803
489	1834
491	593
491	750
491	1350
491	1690
492	1984
493	1039
493	1137
493	1443
493	1615
493	1754
493	1838
494	1521
494	1729
495	1263
495	1271
495	1855
496	782
496	1669
496	1904
496	1928
497	886
497	1255
497	1401
498	836
498	1540
498	1737
499	1177
499	1478
500	1110
500	1365
500	1795
501	576
501	844
502	756
502	942
502	1003
502	1062
502	1546
502	1868
503	694
503	1142
503	1167
503	1665
503	1835
504	1147
504	1875
505	726
506	778
506	1291
506	1921
507	768
507	841
507	842
507	956
507	1784
507	1953
508	675
508	758
508	1047
509	974
509	1102
509	1757
509	1836
510	896
510	972
510	1415
510	1490
510	1986
511	1544
511	1802
512	520
512	595
512	1195
512	1285
512	1737
513	558
513	604
514	1238
514	1244
514	1398
515	1159
516	605
516	1542
516	1561
517	668
517	829
517	1536
517	1694
518	594
518	851
518	1137
519	830
519	994
520	604
520	1221
521	1226
521	1440
521	1793
521	1823
522	633
523	1475
524	1087
524	1348
524	1922
524	1926
525	646
525	710
525	1039
525	1758
526	843
526	1039
527	535
527	662
527	751
527	1111
527	1401
527	1411
527	1827
528	562
528	1068
528	1223
528	1462
529	603
529	1388
529	1752
530	1003
530	1034
531	728
531	798
532	764
532	978
532	1123
532	1373
533	541
533	1236
533	1252
533	1985
534	766
535	997
535	1333
535	1507
535	1662
536	1066
536	1335
537	1595
537	1739
537	1972
537	1991
538	829
538	1093
538	1635
538	1802
538	1837
538	1943
539	1561
540	728
540	734
541	672
541	1332
541	1736
541	1905
542	1039
542	1200
542	1483
542	1936
543	1701
544	965
544	1117
545	727
545	1691
545	1796
546	1161
547	582
547	666
547	781
548	608
548	625
548	1015
548	1426
549	611
549	1181
549	1349
549	1354
551	925
551	1152
551	1604
551	1771
552	705
552	893
552	1689
553	890
553	1301
553	1757
554	762
554	1488
555	1201
555	1502
557	1104
557	1395
557	1421
557	1954
558	827
558	887
558	985
558	1551
559	1304
559	1908
560	1067
560	1519
560	1537
560	1876
561	632
561	1249
561	1745
562	743
562	860
562	911
562	1366
563	775
563	994
564	893
564	1486
565	1808
565	1895
566	1479
566	1797
567	575
567	1030
567	1357
567	1440
567	1528
567	1625
568	1663
569	676
569	858
569	897
569	1647
570	871
570	1118
570	1946
571	1960
572	772
572	858
573	1329
573	1840
574	802
574	1198
574	1904
574	1907
575	743
575	1083
575	1085
575	1950
576	953
576	1746
577	884
577	1276
577	1799
578	738
578	1917
579	883
579	1660
580	1415
580	1486
581	793
581	1103
581	1168
582	1954
583	653
583	838
583	1193
583	1470
583	1861
584	676
584	861
584	945
584	981
584	1391
585	1161
585	1871
585	1877
586	1009
586	1409
586	1828
587	1102
587	1110
587	1301
588	1644
588	1844
589	1535
590	635
590	995
590	1065
590	1108
591	1481
591	1525
591	1871
592	923
592	1179
592	1310
593	724
594	794
594	1431
594	1954
594	1985
595	834
595	1464
596	693
596	1285
596	1367
596	1865
596	1875
597	708
597	1044
597	1193
597	1917
597	1996
598	1041
598	1244
599	1205
599	1207
600	1289
600	1454
600	1923
601	645
601	933
601	1170
601	1232
601	1409
601	1729
601	1991
602	1837
603	1783
604	1765
605	627
605	875
605	1049
605	1168
605	1214
606	1108
606	1905
607	923
607	1811
608	1955
608	1958
609	1730
610	671
610	1177
612	1664
613	740
613	761
613	805
613	1498
614	627
614	1042
614	1106
614	1389
614	1551
615	780
615	844
615	1877
616	807
616	985
616	1274
617	1362
617	1431
617	1617
617	1880
618	903
618	1081
618	1303
619	743
619	1776
620	957
620	1545
620	1702
620	1704
621	635
621	1935
622	796
622	1617
623	1018
623	1038
623	1669
624	1045
625	1210
625	1499
626	1338
626	1743
627	975
627	1528
627	1950
628	1916
629	833
629	1381
629	1552
629	1649
630	639
630	733
630	779
630	1898
631	768
631	792
631	1733
632	779
632	1473
633	1422
634	800
634	1422
634	1532
635	1048
635	1239
635	1485
635	1561
635	1668
635	1817
637	1354
637	1438
637	1759
637	1926
638	1053
638	1162
638	1429
638	1871
638	1918
639	1535
639	1994
640	1582
641	663
641	1398
641	1736
641	1844
642	872
642	1408
643	1294
643	1589
644	1529
644	1931
645	656
645	1697
646	856
646	867
646	1014
646	1986
647	948
647	1094
647	1230
648	741
648	871
649	1051
649	1061
649	1138
649	1291
649	1334
649	1367
650	735
650	1611
650	1854
651	755
651	795
651	866
651	1465
652	705
652	1150
653	764
653	881
653	957
653	1384
653	1514
653	1589
654	904
654	1356
654	1451
654	1646
655	706
655	1032
655	1433
655	1489
655	1535
655	1574
655	1726
656	705
656	804
656	1780
657	1272
657	1487
658	1160
658	1833
659	1074
659	1175
659	1290
659	1738
659	1852
660	815
660	1481
660	1754
661	1745
661	1840
662	1440
662	1652
662	1715
662	1816
662	1888
663	729
663	873
663	907
663	1814
664	1481
664	1797
664	1830
665	1149
665	1495
665	1916
666	1103
666	1186
666	1795
666	1832
666	1937
666	1971
667	1315
667	1384
669	1206
669	1233
669	1334
669	1384
669	1741
669	1929
671	970
671	1033
671	1428
671	1516
671	1800
671	1902
672	747
672	1042
672	1652
672	1859
673	1237
674	827
674	846
674	936
674	1314
675	905
675	1018
675	1901
675	1991
676	1389
676	1546
677	996
677	1315
677	1478
678	764
678	805
678	989
678	1219
679	817
679	1083
679	1164
680	896
680	1104
680	1401
680	1862
680	1903
681	937
681	1118
681	1160
682	1523
683	811
683	852
684	1455
684	1591
684	1800
685	1635
685	1844
686	1440
686	1457
687	821
687	1419
687	1571
687	1627
687	1919
688	1455
689	1500
689	1634
689	1964
690	747
690	1118
690	1271
690	1463
691	1044
692	971
692	979
692	1184
692	1992
693	1147
693	1159
694	1847
695	960
695	1238
695	1783
695	1962
696	704
696	1543
696	1588
697	803
697	1383
697	1502
698	1840
699	835
700	1144
701	1289
701	1979
703	902
703	917
703	1192
703	1906
704	1610
704	1977
705	889
706	833
706	968
706	1932
707	900
707	1514
707	1559
708	1084
708	1107
708	1576
708	1898
708	1960
709	1233
709	1268
709	1473
709	1576
710	976
710	1335
710	1768
710	1849
711	715
711	863
711	954
711	1261
711	1540
711	1601
711	1745
711	1832
712	1290
712	1294
712	1418
712	1495
712	1619
713	1169
713	1763
714	1302
715	1284
715	1796
716	1164
716	1355
716	1738
717	1121
717	1563
718	934
718	1074
719	1275
719	1416
719	1730
719	1748
719	1952
720	888
720	1097
720	1230
721	950
721	1576
721	1949
722	731
722	812
722	1779
723	757
723	951
723	1304
725	1391
725	1474
725	1812
725	1943
726	1498
726	1757
726	1776
727	804
727	1561
727	1768
727	1827
727	1874
728	1251
728	1987
730	734
730	1040
730	1443
731	1466
731	1639
731	1804
731	1991
732	1827
733	1065
733	1070
733	1113
733	1388
733	1680
734	791
734	806
734	994
734	1212
735	1015
735	1114
735	1143
736	1321
736	1962
737	742
737	1600
738	778
738	800
738	849
738	853
738	1194
738	1515
740	838
741	1299
742	823
742	1502
742	1813
743	796
743	976
743	1316
743	1586
743	1801
744	899
744	1624
744	1692
745	833
745	955
745	1762
745	1811
746	1200
747	1066
747	1518
747	1814
747	1822
747	1897
747	1985
748	1358
748	1447
748	1473
748	1720
749	899
750	1254
750	1917
751	1816
751	1957
752	1087
752	1121
752	1476
752	1805
752	1834
752	1885
753	1664
754	820
754	1135
754	1219
755	1776
756	1076
756	1145
756	1242
756	1437
756	1692
758	1051
758	1120
758	1360
758	1598
759	895
759	1408
759	1568
760	877
760	1235
761	1585
761	1933
762	1041
762	1092
762	1292
763	1402
764	819
764	1307
764	1680
764	1945
764	1980
765	1195
765	1224
765	1881
766	1341
767	910
767	1488
767	1552
768	971
768	1310
768	1515
769	1157
769	1451
769	1986
770	1116
770	1423
770	1733
771	1656
772	812
772	1240
773	832
773	963
773	1475
773	1760
774	1130
774	1338
774	1397
775	1616
776	1690
777	1558
778	852
778	1985
779	905
779	1699
779	1944
780	1377
780	1979
781	1011
781	1026
781	1318
781	1413
781	1874
782	983
782	1486
782	1983
783	1496
783	1688
783	1846
784	817
784	827
784	936
784	990
784	1561
784	1601
785	915
785	1285
786	1515
786	1803
787	811
787	1525
787	1635
788	1005
788	1150
788	1251
788	1335
789	847
789	1088
790	1193
790	1655
790	1729
790	1966
791	1209
792	1287
793	1979
794	1298
794	1742
795	971
795	1822
795	1917
796	818
796	1092
796	1503
797	1211
797	1772
797	1924
798	1294
798	1567
799	1320
799	1482
799	1794
800	1167
800	1645
801	1819
802	815
802	1151
802	1200
802	1275
802	1373
802	1947
803	1740
804	1905
805	930
805	1210
805	1242
806	902
806	1117
806	1734
807	1760
807	1762
807	1777
808	1240
809	1276
809	1382
810	1450
811	1262
811	1499
811	1667
811	1953
812	1520
812	1604
814	1289
815	1027
815	1171
815	1710
815	1786
816	943
816	1746
817	1737
817	1843
818	1685
819	849
819	1709
819	1880
819	1989
820	864
820	1215
820	1417
821	1012
821	1333
823	1401
823	1454
824	1042
824	1493
825	1133
825	1238
826	1196
826	1541
826	1744
826	1783
827	1347
827	1708
829	1501
830	1118
830	1432
830	1549
830	1892
832	887
832	1345
833	1500
833	1573
834	1150
835	1351
836	1258
836	1625
836	1665
836	1671
836	1982
837	906
838	860
838	1461
838	1554
839	1640
839	1680
839	1828
840	924
840	1058
841	938
841	1872
841	1911
843	1085
843	1099
843	1924
844	1005
844	1834
845	955
845	1638
845	1662
845	1815
846	1105
846	1618
846	1856
847	1778
847	1952
848	949
848	1683
850	1220
851	995
851	1472
851	1516
852	1355
852	1764
853	1510
853	1851
853	1995
854	1182
855	1296
856	1562
856	1621
857	1220
857	1438
857	1598
857	1886
857	1974
858	1707
858	1710
859	1189
859	1652
860	1049
860	1685
861	1863
862	1562
863	865
863	911
863	1514
863	1663
863	1900
864	1267
864	1415
864	1703
864	1825
865	1161
865	1255
865	1458
867	947
868	1084
869	1759
869	1987
870	1110
870	1408
870	1431
870	1754
871	1119
871	1196
871	1217
871	1544
872	945
872	1645
872	1671
872	1772
872	1990
874	910
874	936
875	1118
875	1488
875	1957
876	1406
876	1547
876	1785
877	1100
877	1581
878	1274
878	1294
878	1598
879	1609
880	1158
880	1219
880	1820
881	1095
881	1361
881	1816
882	1092
882	1616
883	1402
883	1899
884	1044
884	1211
884	1250
884	1763
884	1957
885	898
885	1902
886	918
886	1088
886	1901
888	941
888	1726
888	1794
889	1262
889	1973
890	1219
890	1463
891	1150
891	1274
891	1345
892	1242
892	1247
892	1296
892	1558
892	1964
893	1023
893	1991
894	1021
894	1132
894	1987
895	949
895	1172
895	1254
895	1966
896	932
896	1090
896	1800
897	1665
897	1788
897	1944
898	1754
898	1899
899	964
899	1015
899	1133
899	1444
899	1585
899	1587
899	1829
899	1863
900	1740
901	1002
902	1915
902	1956
903	1455
905	992
905	1339
906	1547
906	1823
907	1803
908	1331
908	1414
909	1666
909	1798
909	1944
910	1087
910	1907
911	1176
911	1483
912	1671
912	1696
912	1953
913	944
913	1595
913	1889
914	945
915	1060
915	1134
915	1995
916	1038
916	1146
916	1402
917	1797
920	1669
921	1068
921	1774
921	1882
922	1339
922	1463
922	1758
923	1393
923	1407
924	1274
924	1448
925	980
926	1356
926	1821
927	1259
927	1798
928	1212
928	1225
928	1421
929	1367
930	1156
930	1442
930	1451
930	1565
930	1751
932	1504
932	1575
932	1619
932	1696
932	1965
935	1437
936	1283
936	1341
936	1431
936	1574
937	1543
938	1037
938	1237
938	1426
938	1534
938	1718
939	1102
939	1258
939	1580
940	1446
940	1639
940	1701
940	1966
941	950
941	1241
942	977
942	1361
942	1702
942	1988
943	1309
943	1352
943	1380
943	1904
944	1279
944	1437
944	1473
945	1231
945	1258
945	1695
945	1835
946	1207
946	1488
946	1571
947	1480
947	1880
947	1942
948	1898
949	1378
949	1564
950	1070
950	1093
950	1212
951	1316
952	1104
952	1117
952	1952
954	1401
954	1641
954	1829
954	1964
955	1485
956	1682
958	1155
958	1169
958	1302
958	1347
958	1784
958	1889
959	1102
959	1160
959	1980
960	1071
960	1130
961	1263
961	1273
961	1664
962	1405
964	1272
964	1650
965	971
965	1382
965	1389
965	1874
966	1649
966	1679
966	1736
969	1016
970	1473
971	997
971	1455
971	1535
971	1628
971	1805
972	1124
972	1944
973	1325
973	1493
974	1301
974	1452
975	1209
975	1620
975	1841
976	1531
976	1732
977	1135
977	1334
977	1359
977	1432
978	1735
978	1935
979	1125
979	1176
982	1215
982	1225
982	1512
983	1536
983	1627
985	1156
985	1656
985	1861
986	1262
986	1548
986	1786
986	1909
987	1010
987	1125
987	1733
988	1042
988	1507
989	1048
989	1763
989	1898
990	1824
991	1010
991	1070
991	1633
992	1169
992	1623
992	1629
992	1809
993	1013
993	1519
993	1536
993	1826
993	1917
993	1933
995	1195
995	1474
995	1499
995	1920
996	1071
996	1748
997	1189
997	1471
997	1673
997	1968
997	1971
998	1341
998	1506
998	1530
998	1582
999	1268
999	1459
999	1676
1000	1752
1001	1301
1001	1966
1002	1213
1002	1491
1002	1741
1002	1811
1002	1847
1004	1562
1005	1114
1005	1289
1005	1654
1005	1710
1005	1741
1006	1819
1007	1457
1007	1474
1010	1160
1010	1334
1010	1453
1010	1849
1010	1878
1011	1494
1011	1625
1011	1765
1012	1207
1012	1945
1014	1696
1014	1807
1015	1094
1015	1118
1015	1172
1015	1290
1015	1559
1015	1614
1016	1182
1016	1308
1017	1504
1017	1723
1018	1356
1018	1468
1018	1518
1019	1317
1019	1422
1019	1760
1020	1189
1020	1638
1021	1207
1021	1263
1021	1585
1021	1690
1021	1827
1022	1577
1022	1719
1022	1771
1023	1041
1024	1102
1024	1425
1025	1417
1026	1766
1027	1139
1028	1105
1028	1563
1028	1623
1029	1059
1029	1424
1029	1441
1029	1877
1029	1992
1030	1381
1031	1637
1032	1071
1032	1270
1032	1699
1032	1935
1033	1349
1033	1902
1035	1310
1035	1437
1035	1843
1036	1291
1036	1884
1037	1645
1039	1300
1039	1386
1039	1486
1040	1361
1041	1508
1041	1790
1042	1310
1042	1721
1042	1903
1042	1932
1043	1608
1043	1620
1044	1986
1045	1067
1045	1226
1045	1994
1046	1270
1047	1345
1047	1841
1047	1925
1048	1480
1048	1638
1050	1360
1051	1632
1051	1746
1052	1212
1053	1379
1053	1452
1053	1717
1054	1306
1054	1410
1054	1473
1054	1698
1054	1964
1055	1128
1055	1589
1055	1629
1056	1715
1056	1793
1056	1826
1058	1243
1058	1835
1058	1841
1058	1921
1060	1893
1061	1165
1061	1451
1061	1460
1061	1626
1061	1758
1061	1899
1062	1198
1062	1285
1062	1468
1062	1796
1064	1250
1064	1276
1064	1636
1065	1378
1065	1566
1065	1836
1065	1868
1066	1676
1066	1796
1067	1991
1068	1075
1069	1259
1069	1887
1070	1726
1070	1968
1071	1313
1071	1502
1072	1507
1073	1487
1073	1529
1073	1639
1073	1811
1075	1093
1076	1303
1076	1774
1077	1456
1077	1703
1078	1789
1079	1247
1079	1941
1080	1125
1080	1837
1081	1634
1081	1782
1082	1317
1082	1385
1082	1581
1082	1698
1082	1781
1082	1812
1083	1239
1084	1596
1084	1705
1085	1141
1085	1327
1085	1768
1085	1850
1086	1564
1087	1234
1087	1404
1087	1454
1087	1597
1088	1783
1089	1251
1089	1368
1090	1803
1091	1128
1091	1344
1091	1460
1091	1541
1091	1685
1092	1190
1092	1421
1092	1612
1092	1884
1092	1911
1093	1518
1094	1260
1094	1572
1094	1738
1095	1191
1096	1261
1096	1461
1098	1327
1098	1481
1099	1384
1099	1465
1099	1683
1099	1834
1100	1735
1100	1998
1101	1875
1101	1905
1101	1912
1102	1705
1103	1118
1104	1819
1104	1882
1105	1958
1106	1148
1106	1360
1106	1587
1106	1643
1106	1862
1107	1760
1108	1245
1108	1374
1108	1860
1109	1537
1109	1859
1110	1355
1111	1233
1112	1125
1112	1449
1112	1460
1114	1432
1115	1325
1116	1841
1117	1310
1118	1262
1118	1951
1119	1176
1119	1232
1120	1139
1120	1372
1123	1671
1124	1182
1124	1256
1124	1357
1125	1898
1126	1159
1126	1838
1128	1745
1128	1798
1129	1237
1129	1519
1130	1657
1130	1780
1130	1912
1130	1925
1131	1170
1131	1256
1133	1561
1133	1704
1134	1170
1134	1380
1134	1640
1135	1359
1135	1396
1135	1976
1136	1341
1137	1350
1138	1453
1139	1415
1139	1489
1139	1608
1141	1207
1141	1265
1142	1325
1142	1847
1143	1582
1143	1583
1143	1641
1143	1662
1143	1784
1143	1911
1144	1801
1145	1551
1149	1424
1149	1975
1151	1659
1151	1663
1151	1802
1151	1817
1153	1646
1154	1599
1154	1785
1156	1389
1156	1626
1156	1816
1157	1489
1158	1421
1158	1682
1159	1482
1160	1460
1160	1552
1160	1797
1161	1327
1161	1417
1163	1678
1163	1807
1163	1871
1164	1516
1164	1848
1165	1219
1165	1405
1165	1700
1165	1744
1165	1993
1166	1201
1166	1588
1166	1770
1166	1790
1166	1990
1167	1454
1167	1717
1168	1394
1168	1499
1169	1210
1169	1478
1169	1718
1171	1825
1172	1365
1173	1644
1174	1887
1175	1206
1175	1952
1177	1540
1177	1666
1178	1669
1178	1699
1178	1978
1179	1363
1179	1493
1180	1578
1180	1885
1181	1872
1182	1808
1183	1228
1183	1762
1183	1821
1183	1879
1185	1293
1185	1537
1186	1311
1186	1517
1186	1534
1187	1483
1187	1495
1187	1677
1187	1770
1188	1794
1188	1865
1188	1925
1188	1963
1190	1261
1191	1588
1191	1844
1193	1665
1194	1970
1195	1461
1195	1694
1195	1842
1196	1525
1198	1414
1199	1526
1201	1324
1202	1483
1202	1796
1202	1946
1204	1534
1204	1688
1204	1701
1206	1496
1206	1608
1206	1636
1206	1805
1207	1324
1209	1752
1211	1357
1211	1381
1211	1736
1213	1273
1213	1345
1213	1669
1213	1715
1213	1739
1214	1347
1215	1463
1215	1664
1216	1233
1216	1384
1216	1611
1216	1857
1216	1903
1217	1425
1217	1735
1218	1227
1218	1585
1220	1599
1221	1254
1222	1560
1224	1595
1224	1865
1225	1710
1225	1801
1225	1985
1226	1227
1226	1820
1226	1862
1228	1486
1228	1793
1229	1432
1229	1497
1229	1552
1230	1399
1231	1855
1232	1280
1232	1359
1232	1571
1233	1463
1233	1576
1234	1577
1236	1397
1236	1419
1236	1474
1237	1990
1238	1320
1238	1840
1239	1494
1240	1520
1240	1644
1242	1821
1243	1325
1243	1358
1243	1825
1244	1565
1246	1428
1246	1506
1247	1587
1247	1588
1248	1364
1248	1411
1249	1679
1249	1787
1249	1799
1249	1842
1250	1395
1250	1497
1250	1722
1251	1299
1251	1499
1251	1685
1252	1495
1253	1459
1254	1332
1254	1391
1254	1708
1256	1568
1259	1880
1260	1327
1261	1735
1262	1372
1262	1461
1264	1329
1264	1373
1264	1737
1264	1779
1264	1926
1265	1661
1265	1904
1266	1298
1266	1653
1267	1615
1268	1271
1268	1548
1268	1998
1270	1271
1270	1296
1271	1497
1271	1535
1271	1609
1272	1684
1272	1720
1272	1807
1274	1722
1274	1865
1275	1784
1275	1833
1275	1924
1278	1895
1279	1532
1279	1927
1280	1476
1281	1474
1281	1590
1282	1347
1284	1360
1284	1974
1285	1730
1286	1782
1287	1398
1287	1763
1287	1938
1288	1403
1288	1606
1290	1395
1290	1674
1290	1699
1291	1734
1293	1742
1293	1839
1294	1382
1294	1528
1295	1876
1296	1521
1296	1708
1297	1363
1299	1728
1300	1905
1301	1480
1303	1826
1304	1810
1305	1499
1305	1563
1305	1703
1306	1336
1306	1440
1306	1792
1307	1407
1307	1543
1307	1754
1307	1910
1308	1616
1308	1816
1309	1428
1310	1444
1310	1668
1311	1933
1312	1330
1312	1530
1312	1599
1312	1924
1312	1999
1313	1483
1314	1340
1314	1506
1315	1506
1315	1789
1316	1723
1317	1404
1317	1546
1317	1811
1317	1931
1318	1499
1320	1473
1320	1510
1320	1642
1322	1378
1322	1679
1323	1773
1323	1787
1325	1434
1326	1491
1326	1791
1326	1998
1327	1404
1327	1893
1328	1335
1328	1524
1328	1628
1328	1679
1329	1408
1331	1474
1331	1502
1331	1950
1333	1356
1333	1494
1333	1668
1333	1748
1334	1341
1335	1413
1336	1345
1336	1532
1337	1777
1338	1492
1338	1603
1340	1552
1342	1355
1343	1503
1343	1658
1344	1541
1344	1590
1344	1707
1344	1743
1345	1419
1346	1401
1346	1497
1349	1422
1349	1542
1349	1797
1352	1892
1352	1902
1352	1991
1353	1674
1354	1821
1354	1930
1355	1625
1356	1967
1357	1507
1357	1669
1360	1665
1361	1452
1362	1597
1363	1622
1363	1872
1364	1425
1365	1386
1365	1393
1365	1425
1365	1431
1365	1576
1365	1881
1365	1940
1366	1580
1367	1379
1367	1417
1368	1409
1368	1874
1368	1951
1369	1997
1370	1734
1371	1795
1372	1504
1372	1807
1373	1502
1373	1527
1373	1549
1376	1395
1377	1651
1378	1422
1378	1606
1380	1454
1380	1870
1382	1657
1383	1720
1384	1727
1385	1851
1387	1748
1388	1681
1389	1843
1389	1918
1390	1545
1391	1560
1392	1575
1392	1615
1393	1879
1394	1642
1395	1410
1396	1578
1396	1626
1397	1487
1397	1702
1398	1465
1398	1820
1401	1608
1402	1411
1402	1516
1403	1682
1406	1407
1406	1730
1408	1650
1408	1815
1408	1956
1409	1865
1411	1556
1412	1536
1412	1779
1412	1885
1413	1864
1414	1828
1416	1768
1420	1681
1421	1662
1421	1879
1421	1902
1421	1990
1423	1919
1424	1505
1424	1550
1424	1849
1426	1645
1428	1966
1429	1749
1432	1602
1436	1684
1436	1788
1437	1579
1437	1608
1437	1740
1437	1967
1438	1452
1438	1913
1439	1634
1439	1956
1441	1766
1442	1554
1443	1692
1444	1829
1445	1522
1445	1753
1446	1662
1446	1694
1446	1751
1447	1454
1448	1687
1449	1715
1449	1771
1451	1645
1451	1939
1452	1709
1452	1745
1452	1757
1453	1526
1456	1531
1457	1537
1457	1793
1457	1920
1459	1618
1459	1752
1461	1781
1463	1596
1463	1686
1463	1976
1464	1478
1464	1857
1465	1750
1465	1783
1466	1765
1467	1479
1467	1544
1467	1966
1468	1717
1468	1891
1472	1479
1472	1541
1474	1589
1475	1955
1478	1896
1479	1485
1479	1515
1479	1608
1481	1513
1481	1668
1481	1716
1483	1630
1483	1673
1483	1696
1487	1964
1488	1596
1488	1948
1490	1610
1491	1496
1491	1550
1492	1599
1494	1560
1494	1856
1495	1677
1495	1720
1495	1726
1496	1794
1497	1893
1498	1555
1499	1638
1499	1739
1499	1964
1500	1670
1500	1783
1501	1515
1503	1564
1503	1603
1504	1925
1505	1816
1506	1805
1506	1938
1507	1648
1507	1851
1510	1608
1510	1657
1510	1927
1511	1609
1511	1939
1513	1876
1513	1989
1514	1726
1514	1846
1514	1984
1515	1681
1516	1957
1518	1652
1518	1714
1519	1538
1519	1588
1523	1748
1523	1827
1524	1565
1524	1840
1525	1915
1527	1877
1527	1915
1528	1582
1528	1659
1528	1678
1529	1704
1530	1675
1531	1872
1532	1628
1533	1795
1534	1714
1536	1552
1537	1713
1537	1755
1538	1772
1538	1868
1539	1559
1539	1701
1540	1635
1540	1698
1540	1750
1541	1581
1542	1755
1543	1696
1544	1667
1544	1737
1546	1725
1546	1801
1546	1812
1548	1794
1549	1940
1550	1730
1550	1740
1551	1915
1553	1668
1553	1702
1553	1998
1556	1589
1557	1941
1559	1595
1560	1744
1561	1781
1561	1945
1562	1710
1562	1974
1564	1884
1566	1705
1567	1983
1568	1918
1569	1623
1569	1775
1570	1644
1573	1651
1574	1828
1574	1996
1576	1731
1577	1580
1577	1916
1578	1688
1579	1620
1580	1588
1580	1608
1580	1987
1582	1992
1587	1960
1587	1965
1588	1695
1588	1720
1588	1902
1590	1859
1593	1735
1594	1911
1596	1850
1597	1766
1598	1622
1598	1958
1600	1885
1601	1669
1602	1842
1604	1792
1604	1864
1609	1798
1609	1865
1609	1869
1611	1674
1611	1687
1611	1719
1611	1746
1611	1750
1614	1840
1615	1922
1616	1661
1616	1836
1617	1707
1619	1798
1620	1779
1622	1672
1623	1881
1624	1828
1624	1912
1628	1739
1632	1797
1633	1876
1634	1874
1635	1897
1637	1902
1637	1937
1638	1764
1639	1703
1639	1711
1643	1937
1644	1755
1646	1843
1646	1866
1648	1866
1652	1737
1659	1879
1660	1953
1662	1758
1662	1769
1662	1811
1662	1968
1664	1725
1664	1821
1665	1718
1666	1676
1666	1955
1671	1890
1673	1978
1675	1781
1676	1687
1681	1995
1682	1971
1683	1734
1684	1733
1685	1789
1688	1745
1689	1894
1689	1980
1690	1723
1690	1842
1691	1709
1695	1919
1695	1946
1696	1841
1701	1730
1702	1876
1702	1906
1705	1961
1707	1823
1707	1909
1707	1979
1709	1902
1716	1788
1717	1914
1717	1939
1717	1987
1722	1737
1722	1813
1723	1786
1725	1727
1729	1774
1732	1787
1732	1806
1736	1934
1742	1888
1743	1963
1751	1779
1751	1995
1753	1943
1755	1945
1757	1884
1763	1951
1765	1785
1765	1856
1768	1820
1774	1912
1775	1812
1775	1967
1776	1938
1777	1813
1777	1947
1778	1789
1781	1863
1782	1827
1782	1843
1783	1976
1785	1816
1785	1957
1788	1925
1788	1935
1790	1873
1793	1848
1808	1940
1810	1833
1815	1862
1821	1848
1822	1950
1823	1848
1824	1871
1827	1966
1828	1844
1832	1978
1832	1987
1841	1938
1854	1986
1866	1986
1868	1899
1872	1919
1876	1936
1881	1918
1884	1955
1889	1964
1893	1981
1905	1932
1913	1941
1917	1945
1920	1996
1936	1942
1940	1941
1945	1978
1947	1971
1956	1971
1957	1975
1977	1999
1979	1989