0	154
0	403
0	417
0	431
0	637
0	847
1	117
1	210
1	431
1	628
1	767
2	959
3	478
3	898
3	927
3	975
3	1007
4	622
5	439
5	451
5	859
5	923
6	252
6	264
6	361
6	525
6	1037
7	437
7	542
7	549
7	794
8	176
8	451
8	683
8	826
8	833
8	876
8	1072
9	471
10	241
10	340
10	574
10	697
11	42
11	211
11	415
11	472
12	301
12	483
12	648
12	894
13	247
13	344
13	638
14	62
14	111
14	166
14	433
14	474
14	493
14	517
14	605
14	629
14	667
14	837
15	129
15	236
15	340
15	391
15	632
15	744
15	885
15	927
16	206
16	906
17	437
17	953
17	990
18	316
18	495
18	529
18	676
18	821
18	1027
19	609
19	782
20	783
21	68
21	451
21	693
22	103
22	458
23	277
23	630
23	807
24	280
24	386
24	732
24	873
24	968
25	222
25	473
25	676
25	776
25	879
26	121
27	123
27	146
27	618
27	649
27	686
28	45
28	155
28	215
28	280
28	326
28	832
28	874
28	974
29	143
29	267
29	425
29	699
29	1010
30	71
30	222
30	234
30	594
30	637
30	823
30	1040
31	97
31	297
31	346
31	369
31	758
31	958
31	1048
31	1053
32	290
32	594
32	632
32	636
32	637
32	723
33	74
33	116
33	373
33	483
33	987
33	1067
34	58
34	83
34	177
34	323
34	777
34	829
34	844
34	937
35	77
35	196
35	407
35	523
36	149
36	213
36	655
37	187
37	383
37	919
37	1078
38	105
38	276
38	1090
39	232
39	427
39	577
39	685
39	834
39	914
39	1043
40	297
40	705
40	716
40	732
40	985
41	417
41	507
41	955
42	260
42	297
42	777
42	889
43	495
43	837
44	265
45	381
45	430
45	855
45	988
45	1061
46	339
46	571
47	573
47	988
47	991
47	1036
48	399
48	615
48	817
48	933
49	241
49	430
49	499
50	82
50	411
50	482
50	553
50	875
51	885
51	967
51	1095
52	431
52	463
53	148
53	196
53	346
53	501
54	460
54	485
54	596
54	754
54	985
55	416
55	547
56	150
56	209
56	593
57	59
57	222
57	668
57	1064
58	882
58	954
58	1059
58	1065
59	363
59	462
59	523
59	849
60	374
60	749
61	195
61	849
62	267
62	405
62	497
62	613
62	728
62	802
63	335
64	968
64	1083
65	821
65	882
65	904
65	939
66	962
66	985
66	1004
66	1049
67	166
67	774
68	162
68	520
68	675
68	797
68	931
68	987
69	199
69	249
69	479
69	863
70	78
70	423
70	508
70	511
70	753
70	797
70	885
71	723
72	625
73	143
73	458
73	864
73	998
74	376
74	479
74	483
74	933
75	116
75	247
75	343
75	424
75	752
75	950
76	366
76	478
76	492
76	617
76	1017
77	89
77	593
78	183
78	424
78	710
79	103
79	183
79	430
79	650
79	786
80	272
80	714
80	1069
81	160
81	383
81	1013
81	1093
82	270
82	319
82	454
82	946
82	1013
83	699
84	94
84	104
84	309
84	631
84	713
84	876
84	1022
85	118
85	126
85	179
85	637
85	789
85	1058
86	129
86	280
86	489
87	371
88	147
88	186
89	368
89	654
89	934
90	173
90	575
91	532
91	607
92	163
92	240
92	247
92	537
92	564
92	713
93	742
93	774
93	794
94	457
94	477
94	681
94	775
94	918
94	1036
95	290
95	384
95	485
95	995
96	416
96	778
96	975
97	422
97	697
97	798
97	1043
98	111
98	416
98	476
98	964
98	1010
99	298
99	452
99	672
100	206
100	509
100	683
100	956
101	487
101	725
101	758
101	928
102	581
102	775
103	1070
104	635
104	877
105	147
105	280
105	435
106	148
106	307
106	336
107	589
108	419
109	306
109	532
109	563
109	816
109	961
110	180
110	448
110	634
111	119
111	343
111	890
111	1058
112	134
112	349
112	508
113	293
113	478
113	595
114	187
114	505
114	681
114	869
115	554
115	1031
116	333
116	874
116	1017
117	189
117	727
118	621
118	677
118	969
119	163
119	200
119	224
119	280
119	636
120	299
120	765
120	882
120	899
121	303
121	929
122	277
122	543
123	432
123	811
124	932
125	393
125	931
125	1010
127	156
127	272
127	753
128	402
128	798
128	841
128	1008
130	584
130	807
131	449
131	496
131	903
131	946
131	1044
131	1067
132	594
132	734
132	828
132	851
133	169
133	332
133	994
133	1042
135	481
135	644
135	820
136	322
136	929
137	233
137	273
137	822
137	845
138	379
138	380
138	832
139	324
139	325
139	744
139	866
139	944
139	958
139	1097
140	437
140	447
140	570
140	571
140	672
140	859
140	879
140	885
140	1042
141	218
141	420
141	479
141	490
141	523
141	695
142	235
142	355
142	914
142	951
142	1018
142	1054
142	1088
143	489
143	756
144	346
144	657
144	686
144	894
144	942
145	665
146	527
146	814
146	886
146	1025
147	219
147	229
147	239
147	336
147	480
147	567
147	880
148	261
148	597
148	641
148	828
149	378
149	642
149	702
149	915
149	955
150	355
150	637
150	857
150	989
151	162
151	569
151	578
151	613
151	653
151	709
152	458
152	1061
153	760
153	1010
154	195
154	627
154	754
154	804
155	635
155	789
155	989
156	428
157	366
157	686
158	455
158	573
158	603
158	809
159	553
159	799
159	820
160	828
160	839
161	556
161	647
161	689
161	753
161	944
161	963
162	691
162	1095
163	247
163	278
163	339
164	774
164	1040
164	1068
165	201
165	532
165	645
166	339
166	367
167	603
168	353
168	548
168	1067
169	195
169	945
169	1059
170	178
170	318
170	503
170	637
170	713
170	741
170	928
170	1061
171	316
171	488
171	565
171	811
171	822
172	279
172	311
172	492
172	584
172	1016
172	1038
172	1050
173	280
173	396
173	731
173	930
173	932
174	942
175	322
175	438
175	486
175	571
175	716
175	1074
176	186
176	563
176	795
176	1064
177	186
177	424
177	449
177	465
178	202
178	623
178	855
178	965
178	1038
179	399
179	583
179	827
179	920
180	526
180	773
180	1077
181	354
181	561
181	581
181	786
181	1060
182	823
182	836
182	970
183	474
183	597
183	640
183	907
183	955
184	204
184	227
184	457
184	641
184	761
185	225
185	315
185	391
185	436
185	532
185	795
185	991
186	246
186	826
187	409
187	1050
187	1051
188	193
188	283
188	483
188	824
188	858
188	908
189	452
189	985
190	554
191	470
191	981
192	441
192	838
192	1067
192	1082
193	266
193	288
193	686
194	207
194	454
194	782
194	847
194	849
196	260
196	782
196	807
196	930
196	968
196	1057
197	800
198	615
198	629
198	886
199	696
202	249
202	469
202	478
202	638
202	646
202	661
203	447
203	958
204	787
205	890
205	894
205	975
205	1065
206	311
206	369
206	623
207	403
207	423
207	447
207	1008
208	222
208	294
209	948
210	819
210	951
210	1072
211	286
211	329
211	405
211	577
211	712
211	819
211	1031
211	1090
211	1094
212	739
213	859
213	1094
214	312
215	1042
216	383
216	542
216	777
216	1031
216	1044
217	573
217	712
218	665
220	595
221	396
221	696
221	793
221	819
222	461
222	740
223	480
223	712
224	704
225	877
225	878
225	1024
226	373
226	658
226	694
226	1031
227	351
227	514
227	539
227	632
227	1046
228	366
228	392
228	855
228	1094
229	488
229	611
229	962
230	450
230	584
230	586
230	632
230	673
231	258
231	400
231	421
231	862
231	947
231	1089
232	310
232	582
232	1025
232	1084
233	456
233	900
233	988
233	1043
234	627
234	744
234	751
234	1011
235	534
235	664
235	782
236	273
236	279
236	930
237	299
237	302
237	676
237	765
237	996
237	1066
237	1079
238	282
238	718
238	757
238	994
239	271
239	569
239	1088
240	521
240	573
240	717
241	281
241	300
241	690
241	846
241	1044
242	752
242	896
242	1096
243	776
243	894
244	292
244	314
244	846
245	456
245	620
245	916
245	1088
246	247
247	375
247	568
247	845
247	902
247	1044
248	329
248	419
248	601
248	754
248	814
248	880
249	289
249	689
249	824
250	547
250	722
250	875
251	550
251	880
252	572
252	997
253	401
254	726
254	941
254	956
254	1091
255	339
255	918
255	986
256	922
257	445
257	587
257	798
257	850
257	1074
258	355
258	461
258	654
258	974
258	1068
258	1088
259	809
259	847
259	969
260	498
260	569
261	427
261	564
261	936
261	991
261	1000
261	1045
262	405
262	662
262	824
262	828
262	843
263	611
263	783
264	293
264	752
265	410
265	531
266	427
266	514
266	846
267	462
267	583
267	782
268	274
268	308
268	605
268	800
268	949
269	777
270	681
271	342
271	512
271	1048
272	342
272	576
272	618
272	730
273	516
273	896
273	940
273	1004
274	608
274	832
275	669
276	736
277	290
277	810
277	1058
278	370
278	587
279	1034
280	305
280	585
281	404
282	384
282	469
282	975
283	916
284	406
284	543
284	617
284	679
285	497
285	559
285	1025
286	493
286	754
286	909
287	475
287	658
287	835
287	948
288	369
288	588
288	764
288	782
288	881
288	1084
289	315
289	521
289	707
289	939
290	396
290	568
290	636
290	688
290	700
290	977
290	996
291	683
291	761
292	517
292	758
292	911
292	1054
293	549
293	896
293	953
294	379
294	800
294	822
295	376
295	717
295	738
295	760
296	358
296	396
296	542
296	676
296	799
297	551
297	656
297	661
297	943
298	344
298	430
298	734
298	790
299	649
299	775
299	863
300	816
301	501
301	692
301	733
301	741
301	964
302	722
302	986
303	416
303	606
304	319
304	700
304	817
305	398
305	1042
307	327
307	610
307	680
307	689
307	995
308	370
308	397
308	834
309	1089
310	751
311	688
311	784
311	887
312	428
313	662
313	1027
314	899
315	412
315	495
316	630
317	479
317	518
317	692
317	1047
317	1048
317	1067
318	340
318	475
318	490
318	568
318	662
318	960
319	482
319	843
319	890
320	751
321	408
321	434
322	513
322	661
323	893
324	369
324	739
325	600
325	685
325	985
327	423
327	615
327	676
327	705
327	831
327	1001
328	418
328	433
329	581
329	721
330	365
331	370
332	434
332	593
332	894
333	491
333	501
334	829
334	914
334	1076
335	842
336	387
336	541
337	457
337	773
337	948
337	1089
338	415
338	572
338	875
338	989
338	1050
339	447
339	519
339	575
339	916
339	1034
339	1074
340	844
341	942
341	1001
342	386
342	518
342	622
342	669
342	879
342	985
343	626
343	666
343	705
343	717
344	1097
345	972
345	1021
346	612
346	735
346	939
347	454
347	681
347	746
347	758
347	1006
348	427
348	435
348	522
348	754
348	986
349	403
349	559
349	608
349	666
349	709
349	891
350	845
351	510
351	580
351	589
351	934
352	622
352	795
352	1043
353	455
353	1008
353	1046
354	492
354	723
354	847
354	1021
354	1023
354	1039
355	460
355	669
356	494
357	566
357	739
357	1007
358	489
358	957
359	864
360	843
361	535
361	672
361	1010
362	727
363	760
363	789
363	1001
363	1066
363	1094
364	442
364	607
365	1040
366	535
366	671
366	986
368	572
368	881
368	962
368	1013
368	1071
369	420
369	516
370	564
371	417
371	502
371	678
372	887
372	960
373	547
373	1022
374	562
374	852
375	736
375	938
376	456
377	484
377	524
377	566
377	954
378	1068
379	581
379	735
379	820
379	1031
380	842
381	460
381	509
381	630
381	767
381	939
382	656
383	939
385	677
385	680
385	846
385	857
385	1011
385	1037
386	493
386	837
386	949
387	759
388	931
389	840
390	727
390	861
391	991
392	480
392	561
392	696
392	750
392	754
393	782
393	1045
394	529
394	892
395	532
395	704
395	873
395	908
396	571
397	1035
397	1064
398	558
398	825
399	443
399	964
400	529
400	723
400	801
400	873
401	921
402	666
402	987
403	695
403	703
403	748
403	818
404	881
404	988
405	702
405	769
406	747
406	888
406	894
407	463
407	705
408	853
408	991
409	557
410	456
410	509
410	577
410	648
410	816
410	1051
411	653
412	868
412	891
413	506
413	521
414	507
414	719
414	1063
415	504
415	651
415	724
415	745
416	575
416	853
416	1030
417	515
417	592
417	706
418	670
418	748
419	496
419	894
420	529
421	540
421	1043
422	454
422	486
422	500
422	670
422	772
422	900
422	909
422	974
423	430
423	514
423	1044
424	851
424	972
425	692
426	717
427	740
427	948
427	1080
428	1008
429	479
429	632
429	1078
430	874
430	879
430	967
431	1021
432	1099
433	492
433	609
433	632
433	1051
433	1067
434	643
435	535
435	1013
435	1073
436	476
436	666
437	636
437	642
437	923
437	997
437	1014
438	999
440	511
440	814
440	1033
440	1054
441	912
441	950
442	1080
443	444
443	717
443	939
444	856
445	599
445	1084
446	897
446	938
446	1037
447	512
447	1010
448	512
450	949
450	1065
452	630
452	637
453	526
453	696
454	456
454	539
454	1029
455	499
455	817
455	858
455	1073
457	1034
459	681
459	758
460	499
460	507
460	1005
461	602
461	989
462	509
464	696
464	1049
464	1090
465	563
466	527
466	553
466	867
466	884
466	1020
467	557
467	919
468	800
468	811
468	915
468	986
469	622
470	795
470	1027
471	588
471	851
471	859
471	1097
473	553
473	777
473	904
474	907
475	493
475	944
475	1027
475	1058
476	592
477	567
477	618
477	735
477	980
478	575
478	780
478	972
478	984
479	505
480	485
480	725
480	1008
481	589
481	612
481	809
482	797
482	859
482	980
483	986
484	633
484	712
484	767
484	898
484	1034
485	564
485	644
485	933
485	1017
486	863
486	973
487	499
487	814
487	1033
488	520
488	1054
489	669
489	758
489	1055
490	597
490	691
490	697
492	702
492	1040
493	506
493	626
493	1010
496	499
496	804
497	822
497	899
497	1089
499	509
499	637
500	800
500	826
501	715
501	776
501	987
502	796
502	931
503	547
503	952
504	681
504	829
504	1016
504	1072
505	535
505	571
505	620
505	947
506	525
506	609
507	574
507	707
507	811
507	887
507	1045
508	536
508	816
508	841
508	964
508	1073
509	544
509	766
510	516
510	949
512	930
513	526
513	794
514	677
515	609
515	995
515	1077
516	645
516	806
516	815
517	644
518	523
518	613
518	624
518	691
518	1011
519	665
519	769
520	776
521	729
522	797
522	957
523	642
524	618
524	685
525	665
525	985
526	730
526	763
527	719
527	823
528	560
528	983
528	1036
528	1040
529	635
529	718
529	814
529	906
530	598
530	661
531	831
531	893
532	789
532	805
533	811
534	697
534	929
534	989
534	1026
535	717
535	785
535	1073
536	718
536	762
536	828
537	632
537	1026
538	659
538	849
539	784
539	932
542	965
543	834
544	621
544	669
544	740
544	878
544	919
545	912
546	739
546	864
547	684
547	689
547	782
547	940
548	679
549	583
549	847
549	897
550	863
551	730
552	825
552	840
552	997
552	1001
552	1002
552	1062
553	714
553	729
553	839
553	960
553	1076
553	1094
554	860
555	651
555	784
556	769
556	1061
556	1075
558	685
558	953
558	1096
559	569
559	932
559	982
559	1057
560	625
560	786
561	833
562	889
562	914
563	592
563	759
563	1024
565	631
568	602
568	941
569	776
569	1031
569	1070
570	736
570	1029
571	1007
572	908
572	1057
573	828
573	928
573	1017
574	786
575	850
575	984
577	1070
578	897
578	910
579	681
579	750
579	922
581	605
581	882
582	967
582	1035
582	1057
583	612
583	633
583	870
584	728
584	962
585	1044
587	902
587	932
587	1077
587	1092
588	964
589	914
589	998
589	1079
590	1034
591	742
591	814
591	912
593	853
593	881
593	929
593	937
593	1088
595	775
595	878
595	1074
596	639
596	838
596	930
597	1072
598	871
598	908
598	971
601	1085
602	1051
604	954
605	609
605	740
606	808
607	886
607	1024
608	672
609	906
609	1038
609	1090
610	691
610	848
610	1051
611	760
612	892
612	1016
613	897
614	646
614	756
614	849
616	958
617	648
617	758
619	770
620	836
621	652
621	871
621	1092
622	641
622	973
623	952
625	659
625	817
627	778
627	842
628	909
628	1021
629	891
630	1086
631	765
631	888
632	660
632	788
633	822
634	924
635	666
637	737
637	793
637	804
637	908
638	767
639	821
640	697
640	905
640	959
641	718
641	822
641	1090
641	1093
642	812
642	814
642	820
642	850
642	1082
643	768
643	996
643	1052
643	1095
644	866
644	890
644	987
644	1093
645	840
648	766
649	975
649	1008
650	662
652	816
652	968
652	1086
653	696
653	758
653	992
654	946
654	1074
656	945
658	1021
659	757
659	814
661	790
662	667
662	1066
663	677
664	891
664	902
664	954
666	681
666	769
666	843
666	1077
667	758
667	846
667	964
667	1016
668	758
668	774
668	883
669	876
669	908
669	1027
670	773
670	946
670	1066
671	741
671	972
671	1028
671	1083
672	1035
672	1052
672	1090
674	1027
676	796
677	1088
678	767
678	789
678	888
678	952
680	821
680	1020
681	709
681	856
682	985
683	760
683	1083
684	814
684	1029
684	1045
685	790
685	1096
686	777
686	852
686	962
686	964
687	910
687	989
689	915
689	941
689	991
691	895
691	959
692	821
692	1045
693	1013
695	752
696	913
698	787
698	903
698	913
698	1066
700	750
700	875
701	1076
702	789
703	993
703	1073
704	718
705	728
705	1048
705	1049
705	1098
707	1092
708	853
708	1036
709	998
710	749
710	774
711	1050
712	932
713	734
714	780
714	881
714	957
715	739
715	975
716	724
717	877
718	1037
719	834
719	847
719	1007
720	726
720	741
720	978
722	1017
723	838
723	1015
723	1027
723	1092
726	737
726	802
726	935
726	1000
727	877
727	1088
728	802
728	885
728	1060
729	1045
729	1070
730	887
730	1043
731	1072
733	1038
734	818
734	1063
734	1089
735	849
735	951
735	1050
738	767
738	969
740	828
740	1089
741	764
741	799
742	745
742	798
743	839
744	1023
745	828
745	843
746	880
748	773
748	1009
748	1029
749	1057
751	911
752	1009
752	1077
753	831
753	932
755	774
755	899
755	970
756	833
757	816
757	983
758	840
760	1010
761	787
762	946
763	1054
764	1022
765	810
765	833
766	827
766	848
766	1046
769	856
769	919
769	961
770	821
771	955
772	892
774	1073
774	1087
775	980
776	996
776	1019
776	1086
777	892
777	951
777	1066
778	1092
779	784
779	850
779	925
780	932
780	953
781	1013
782	930
782	999
783	801
783	876
784	884
786	1017
787	928
789	901
789	1030
790	817
790	1009
791	847
792	976
792	1068
793	872
794	813
794	927
795	942
798	854
799	948
800	837
801	1039
802	979
803	886
803	1081
805	817
805	985
808	933
808	1094
809	862
810	995
812	1009
813	837
813	990
814	1039
817	1028
818	832
818	845
819	1056
820	997
821	1053
821	1083
826	854
828	1094
830	894
830	964
831	1008
833	865
833	957
834	966
835	968
836	1046
836	1068
838	888
838	1057
840	1009
841	865
843	845
843	956
844	1010
844	1055
845	1084
846	967
846	1095
847	1081
848	1030
850	1082
852	882
853	959
853	1072
855	1088
857	871
858	1074
859	1020
863	942
863	998
865	957
865	995
865	1068
869	955
872	975
872	1063
873	972
873	1042
874	947
876	987
878	959
879	1069
881	1031
882	960
883	1070
883	1082
884	928
885	1026
887	973
887	989
887	1052
892	995
893	903
893	928
893	931
894	1043
895	905
895	907
896	972
896	1072
897	985
897	1076
900	927
900	932
900	1040
901	925
904	1029
905	1082
907	1019
907	1091
908	917
908	969
908	983
908	1040
909	928
911	930
913	1003
914	991
916	981
916	1028
917	988
918	940
922	1056
924	953
924	979
924	1054
925	967
926	984
928	939
929	947
931	995
932	941
932	995
933	1002
934	1094
935	984
935	1031
937	996
938	1033
938	1062
940	1040
944	1047
945	995
946	973
947	950
950	968
950	1032
953	1047
955	1030
958	1041
959	987
964	991
966	1056
969	1018
970	1093
971	1099
973	980
974	1054
977	1007
977	1083
978	997
984	1023
987	1003
990	1071
991	1007
991	1095
994	1043
997	1028
998	1066
1000	1034
1000	1048
1003	1058
1003	1083
1005	1044
1009	1051
1011	1047
1012	1055
1013	1073
1015	1026
1017	1084
1019	1076
1023	1027
1028	1072
1029	1085
1032	1044
1035	1037
1046	1081
1052	1090
1055	1086
1062	1074
1068	1091
1071	1076