0	6
0	11
0	144
0	410
0	647
0	862
0	881
0	999
0	1042
1	617
1	697
1	722
1	760
1	1056
2	885
2	988
2	1087
3	580
3	609
3	704
3	777
4	125
4	852
5	222
5	570
5	681
5	795
6	417
6	547
6	790
7	524
7	778
8	173
8	249
8	764
9	307
9	443
10	139
10	148
10	279
10	351
10	651
10	715
10	752
11	300
11	440
11	899
12	298
12	326
12	338
12	432
12	551
12	748
13	888
14	63
14	339
14	385
14	975
15	454
15	731
15	981
16	195
16	339
16	417
16	448
16	610
16	734
17	33
17	94
17	774
18	26
18	173
18	379
18	412
19	1064
20	253
20	744
20	926
21	686
21	911
22	290
22	481
22	851
22	883
23	375
24	32
24	666
25	123
25	618
25	734
25	776
25	818
25	1011
26	59
26	210
26	316
26	407
26	427
26	657
26	692
27	203
27	326
28	285
28	329
29	681
29	856
30	411
30	428
30	613
31	284
31	359
31	493
31	702
31	922
31	1010
32	307
32	681
33	315
33	694
33	704
33	797
34	48
34	383
34	442
35	226
35	426
35	521
35	812
35	817
35	851
35	1057
36	77
36	456
36	513
36	746
36	751
36	1008
37	207
37	344
37	389
37	510
37	1008
38	58
38	256
38	275
38	697
38	780
38	932
39	276
39	305
39	375
40	201
40	545
40	754
40	946
40	952
41	306
41	621
41	915
42	54
42	101
42	464
42	628
42	779
42	846
42	889
43	438
44	67
44	326
44	1081
45	116
45	297
45	508
45	629
45	683
45	693
45	832
46	674
46	754
46	866
46	974
46	1085
47	204
47	543
47	648
48	234
48	599
48	691
48	783
48	816
48	1053
49	195
49	441
49	925
49	964
50	240
50	244
50	260
50	663
50	691
51	363
51	369
51	582
51	646
51	896
51	1049
52	295
52	571
52	748
52	817
52	940
53	115
53	144
53	238
53	384
53	662
53	1068
54	85
54	137
54	309
54	406
54	478
54	652
54	730
54	950
54	1067
55	305
56	1040
57	745
58	439
58	863
59	394
59	415
60	479
60	1098
61	219
61	225
61	366
61	747
61	970
61	1015
61	1094
62	889
63	217
63	260
63	376
63	770
63	792
63	824
63	893
64	74
64	264
64	391
64	668
64	777
64	840
64	882
65	288
65	349
65	353
65	414
65	670
66	375
66	474
66	510
66	839
66	858
66	1044
67	212
67	288
67	372
67	406
68	238
68	299
68	666
68	680
68	716
68	994
68	1050
69	386
69	484
69	915
70	167
70	224
70	337
70	424
71	689
71	927
71	1014
72	1015
72	1070
73	409
73	751
73	842
74	160
74	297
74	410
74	624
75	303
75	522
75	559
75	581
75	630
76	338
76	865
77	120
77	282
77	365
77	481
77	503
77	576
77	590
77	924
78	306
78	471
78	617
78	724
79	419
79	954
80	254
80	509
80	514
80	1060
81	187
81	244
81	602
81	610
81	986
82	353
82	1034
83	293
83	332
83	641
84	938
84	1071
85	422
85	637
85	673
85	683
85	693
85	924
86	760
87	289
87	296
87	892
87	975
88	258
88	591
88	824
88	878
88	1000
89	358
89	365
89	899
89	937
89	1040
90	420
91	612
92	480
92	486
92	569
92	689
93	382
93	431
93	594
93	846
94	258
94	462
94	504
94	769
95	190
95	578
95	947
96	495
96	523
96	634
96	668
96	750
96	803
96	1071
97	140
97	302
97	651
97	882
97	902
97	940
97	982
98	221
98	229
98	294
98	515
98	738
99	153
99	239
99	448
99	872
99	1084
100	605
100	646
100	877
101	343
101	499
101	754
101	881
101	1046
101	1054
102	414
102	481
102	541
102	757
102	1070
103	149
103	481
103	612
103	646
103	994
104	612
104	726
104	1014
105	549
105	586
105	649
106	152
106	425
106	650
106	927
106	1068
106	1075
107	202
107	283
107	304
107	347
107	476
107	836
108	271
108	322
108	582
108	746
109	431
109	448
109	507
109	518
110	497
110	604
110	627
110	780
111	122
111	872
112	173
112	574
112	613
112	627
113	316
113	505
113	626
113	801
113	900
113	923
114	362
114	675
114	710
114	994
115	288
115	322
115	429
115	433
115	546
115	632
116	462
116	482
117	152
117	560
118	204
118	404
118	614
118	624
118	626
118	798
118	868
119	466
119	823
119	1092
120	195
120	396
120	774
120	831
120	882
121	442
121	732
121	740
122	185
122	716
123	132
123	849
123	855
123	860
123	1028
124	594
124	709
124	757
125	793
125	990
125	1097
126	463
127	654
127	865
128	909
128	1073
129	471
130	347
130	669
130	936
130	1026
130	1051
131	222
131	334
131	457
131	494
132	244
132	456
132	528
132	1000
132	1086
133	207
133	434
133	472
133	814
133	1071
134	598
134	651
135	523
135	748
135	948
136	337
136	372
136	1085
137	311
137	526
137	557
137	772
137	966
137	999
138	539
138	817
138	1077
139	474
139	716
139	766
139	990
140	508
141	231
141	835
142	457
142	1011
142	1084
143	388
143	484
143	612
143	793
143	1001
144	399
144	521
144	586
144	830
144	997
145	467
145	1078
146	801
147	286
148	657
148	1079
149	457
149	655
150	221
150	411
150	612
150	945
151	193
151	441
151	700
151	974
152	348
152	443
152	628
152	636
153	470
153	929
153	978
154	419
154	514
155	610
155	618
156	405
156	496
156	515
156	665
156	1008
157	207
157	283
157	323
157	408
157	490
157	816
157	992
158	429
158	531
158	584
158	757
159	229
159	343
159	532
159	733
159	965
160	254
160	527
160	736
160	1067
161	311
161	905
162	303
162	886
162	1070
163	397
163	726
163	994
164	203
164	233
164	282
164	378
164	555
164	793
164	901
164	928
165	568
165	1075
166	269
166	567
166	629
166	647
166	894
166	904
167	394
167	514
167	621
167	633
167	935
168	316
168	628
168	727
168	860
168	968
169	919
169	1055
170	333
170	389
170	837
170	923
170	1066
171	555
172	364
172	570
172	833
172	1006
173	848
174	231
174	281
174	479
174	795
174	946
175	515
175	609
176	331
176	1071
177	291
177	335
177	384
177	894
177	1053
177	1077
178	212
178	361
178	524
178	615
178	762
178	772
179	208
179	523
179	535
179	743
179	845
179	965
180	424
180	515
180	644
180	721
180	843
180	883
181	364
181	549
181	575
181	639
182	235
182	257
182	824
182	830
182	862
182	996
182	1062
183	708
184	284
184	340
184	382
184	636
184	891
184	1069
185	349
185	467
185	495
185	714
185	802
186	433
186	513
186	722
186	937
187	210
187	233
187	329
187	613
187	655
187	754
187	775
187	966
188	291
188	609
188	722
188	825
189	244
189	336
189	548
189	687
189	970
190	316
190	343
190	818
190	835
190	856
191	196
191	415
191	787
191	920
192	336
192	672
192	1014
193	347
193	994
193	1034
193	1040
194	384
195	300
196	272
196	283
196	627
196	751
196	880
197	294
197	489
197	504
197	554
197	607
197	832
197	938
198	834
198	841
198	1059
199	767
200	310
200	427
200	1086
201	348
201	389
201	646
201	764
202	460
202	498
202	558
202	565
202	663
202	744
202	1066
203	344
203	366
203	594
204	480
204	726
204	880
205	531
205	622
205	1068
205	1069
206	226
206	689
207	220
207	656
207	802
207	889
207	1085
208	695
208	1051
208	1078
208	1083
209	441
209	497
209	675
210	274
210	302
210	540
210	621
210	653
210	1042
211	707
211	765
211	841
211	943
211	1052
211	1080
212	1001
212	1065
213	856
213	1013
214	536
214	580
214	670
214	875
214	1077
215	644
215	750
215	869
215	888
216	330
216	436
216	625
216	791
217	289
217	557
217	570
217	677
217	887
218	492
218	866
219	341
219	443
219	912
219	925
219	943
219	944
219	969
219	1057
219	1065
221	688
221	723
221	737
221	766
221	1033
221	1049
222	525
222	671
222	684
222	769
222	812
222	957
222	1053
223	537
223	626
223	801
223	829
224	424
224	470
224	949
224	978
225	295
225	579
225	904
226	259
226	398
226	750
226	954
227	320
227	525
227	689
227	995
228	456
228	766
229	338
229	464
229	785
229	950
229	1075
230	975
231	270
231	477
231	496
231	910
231	923
231	958
231	1000
232	428
232	601
232	716
233	296
233	500
234	455
234	659
234	696
234	775
234	785
234	1021
235	717
235	724
236	298
236	708
236	1078
237	416
237	452
237	470
237	572
237	955
237	1062
238	294
238	433
238	659
238	793
239	387
239	701
239	834
239	844
239	863
240	756
240	783
240	831
241	248
241	536
241	736
241	802
241	814
241	898
242	1044
243	946
244	405
244	465
244	803
245	251
245	924
245	1077
246	668
246	837
246	912
247	786
247	839
247	1001
248	648
248	693
248	807
248	961
248	969
248	974
250	427
250	1044
251	1085
252	347
253	716
254	287
254	408
254	451
254	470
255	421
255	834
255	1067
256	424
257	955
257	957
258	664
258	686
259	638
259	1055
260	274
260	440
260	842
260	1004
260	1007
261	349
261	477
261	599
261	813
262	434
262	703
262	729
262	907
263	265
263	672
263	940
263	1027
264	474
264	861
265	568
266	396
266	571
266	738
266	842
267	787
267	1029
268	758
268	882
269	605
269	708
269	977
270	464
270	469
270	576
270	607
271	527
271	551
271	588
271	591
271	614
271	807
271	1098
272	418
272	554
272	596
272	715
272	769
272	881
273	626
274	574
274	770
274	910
275	742
275	750
275	961
275	971
275	1014
276	679
276	765
276	997
276	1037
276	1045
276	1053
277	854
278	331
278	381
278	811
279	284
279	339
279	998
279	1070
279	1093
280	369
280	412
280	552
280	588
280	832
280	1097
281	841
281	842
281	843
282	517
282	620
284	524
284	634
285	929
285	950
286	682
286	992
287	447
287	501
287	946
288	354
288	541
289	434
289	993
291	452
291	673
291	990
292	494
292	708
292	887
292	899
293	481
293	534
293	679
294	426
294	475
294	632
294	696
294	710
294	884
295	522
296	446
296	482
296	605
296	1035
296	1046
297	739
297	1061
297	1090
298	593
298	767
298	1071
299	575
299	682
301	606
302	521
302	837
302	892
302	1002
303	458
303	670
303	813
304	359
304	585
304	601
304	693
304	874
304	885
304	1012
305	665
307	400
307	405
307	677
307	1095
308	452
308	978
308	1075
309	1088
310	810
311	441
311	689
311	1091
312	420
312	480
312	806
312	943
312	970
313	510
313	689
314	544
314	616
314	851
314	871
314	1067
315	316
315	621
315	697
315	703
315	717
315	916
316	317
316	423
316	731
316	859
317	716
317	1058
318	460
318	614
318	800
318	898
318	1009
318	1081
319	365
319	438
319	505
319	705
319	1085
320	449
320	987
321	1045
322	1037
322	1049
322	1079
323	710
323	833
324	834
324	1093
325	806
326	1052
327	404
328	364
328	812
328	843
329	843
330	469
330	682
330	758
330	1095
331	709
331	742
332	676
332	1039
333	466
333	769
334	808
334	914
334	962
335	439
335	658
336	689
336	756
336	837
336	921
336	939
337	526
337	626
337	881
338	647
338	728
339	794
340	396
340	667
340	762
340	809
340	869
342	745
343	742
343	811
343	884
343	1014
344	482
344	516
345	393
345	591
345	785
345	942
346	556
347	397
347	422
347	619
348	502
348	649
348	704
348	857
349	391
349	633
349	734
349	1018
350	753
350	808
350	917
350	1018
351	697
351	918
351	1030
351	1084
352	379
352	735
354	693
354	765
355	397
355	462
355	725
355	967
356	518
356	858
357	993
357	1040
358	368
358	515
358	661
358	889
359	476
359	690
359	967
360	449
360	554
360	765
360	846
361	381
361	929
361	933
361	988
362	367
362	1075
363	685
363	781
363	819
363	1097
364	371
364	805
364	900
365	809
366	665
366	811
366	885
366	991
367	834
368	406
368	426
368	729
368	775
368	896
370	392
370	511
370	620
370	843
372	786
373	746
373	1013
374	394
374	801
375	598
376	670
377	692
377	1007
377	1074
378	570
379	397
379	434
379	575
380	807
380	844
380	857
380	900
380	963
381	500
381	774
381	993
381	997
382	464
382	692
382	978
383	635
384	392
384	441
384	517
385	644
385	909
387	581
388	438
388	463
388	481
388	690
388	918
388	931
388	1087
389	723
390	936
390	1043
391	606
392	727
393	581
394	712
395	504
397	451
397	464
397	904
398	402
398	467
398	634
398	1000
399	707
399	862
399	875
400	404
400	406
400	478
400	669
400	760
400	815
400	963
401	537
401	662
402	586
402	706
402	938
403	815
404	407
404	569
404	1065
405	452
405	483
405	771
406	1030
406	1098
407	1036
408	532
408	828
409	907
409	1085
410	689
410	927
411	675
411	895
413	510
413	1060
414	602
414	783
414	831
414	1025
415	865
415	1043
416	513
416	575
416	828
417	671
418	1086
419	503
419	903
419	1028
419	1035
420	701
421	514
421	672
421	694
421	782
421	793
421	1077
422	432
422	563
422	740
422	824
422	921
423	549
423	708
424	510
424	635
424	702
424	764
424	994
424	1039
425	958
425	1042
425	1046
426	489
426	827
426	946
427	524
427	558
427	637
427	703
428	514
428	617
429	493
430	504
430	936
431	443
431	571
431	759
431	761
433	478
433	524
433	581
433	674
433	691
433	915
433	1023
434	481
434	682
434	752
434	1073
435	727
436	613
436	882
436	938
436	954
437	734
437	854
437	1063
438	476
438	700
438	881
439	829
440	570
440	783
441	808
441	1087
442	923
442	986
443	1078
444	585
444	768
445	1027
446	454
446	521
446	869
447	547
447	908
448	894
449	513
449	850
450	469
450	632
450	680
450	948
450	1022
451	490
451	559
451	718
453	1009
454	461
454	688
454	1064
455	877
456	506
456	659
456	711
457	520
457	647
458	724
458	845
458	1087
459	869
459	1034
460	760
460	891
460	972
460	1050
461	715
462	463
462	560
462	647
462	734
462	1005
462	1011
463	1090
464	502
464	754
464	955
465	906
465	1023
465	1025
466	749
466	929
466	1015
467	598
467	1014
468	738
469	513
470	491
470	531
470	788
470	826
470	934
470	1068
472	503
472	600
472	780
472	976
473	728
475	680
475	913
475	963
476	858
477	646
477	707
477	941
477	956
478	916
478	997
478	1086
479	675
479	694
479	722
479	853
480	506
480	517
480	748
480	917
481	588
482	568
482	1034
483	505
483	616
483	767
483	903
483	1013
484	709
484	769
485	640
486	570
486	994
487	847
487	909
487	917
488	721
488	917
489	879
489	1097
490	499
490	645
490	700
490	929
491	740
491	958
491	1083
492	574
492	971
492	1054
493	510
493	556
494	1026
494	1027
496	842
497	559
497	661
497	920
497	1048
497	1095
498	816
498	979
498	1002
500	646
500	761
502	590
502	797
502	956
503	632
503	720
503	904
504	684
504	847
505	643
505	866
506	696
506	929
507	836
507	1089
508	554
508	908
509	936
510	521
511	641
511	657
511	728
511	1031
511	1085
512	1000
513	987
514	583
514	688
514	835
515	534
516	570
516	745
516	965
517	901
517	977
518	906
519	598
519	686
519	744
521	919
522	585
523	838
523	996
524	730
524	876
525	584
525	637
525	846
526	988
527	533
527	570
527	772
527	884
527	919
527	1051
528	886
528	1076
529	604
530	672
531	568
532	778
532	890
532	960
533	661
533	804
533	951
534	642
534	876
534	972
534	1043
535	536
535	618
535	878
535	1046
536	553
536	704
536	782
536	1070
537	877
537	965
538	703
538	756
539	600
539	907
539	1026
540	612
540	715
541	894
541	990
542	776
542	814
543	569
544	625
545	551
545	568
545	865
546	1030
546	1076
547	696
547	843
548	731
548	770
548	833
548	960
548	1005
548	1054
548	1056
549	623
549	956
549	1020
550	658
551	1098
552	668
552	1072
553	582
553	986
554	695
554	806
554	839
554	992
555	885
555	982
556	605
556	715
557	897
557	969
557	1081
558	757
558	965
559	665
559	974
559	1014
560	1089
561	715
562	592
562	987
562	991
562	998
562	1086
563	651
564	581
564	627
564	1010
566	859
567	644
569	656
569	873
569	1036
569	1074
570	676
570	738
571	601
572	670
572	795
572	1007
573	686
573	824
573	836
573	1003
574	674
574	680
574	1031
574	1099
575	997
575	1074
576	854
577	832
579	632
580	865
580	880
580	986
580	1066
581	933
581	1096
582	652
582	726
583	708
584	613
584	743
585	736
586	625
586	1027
586	1041
587	822
587	969
587	1053
588	861
588	919
588	1050
588	1099
589	1028
590	679
591	966
592	1033
594	658
594	737
595	948
595	975
595	1046
595	1097
596	884
597	841
598	889
598	914
600	723
600	771
600	817
600	846
601	698
601	938
601	973
602	714
602	993
602	1055
603	752
603	919
605	924
606	618
606	856
607	1039
608	846
608	949
609	695
609	719
609	1042
610	905
611	633
611	767
611	775
611	987
611	1012
612	938
613	670
613	688
613	878
614	622
614	814
614	841
614	1088
615	640
616	901
617	728
617	1071
618	667
618	720
619	620
619	888
619	1044
621	744
621	811
621	812
621	884
621	999
622	707
622	756
622	767
622	780
622	864
622	1045
623	758
623	785
623	854
623	1031
624	752
624	770
624	888
624	976
624	1006
625	871
626	792
626	868
627	712
627	1088
629	1094
630	638
631	635
632	729
632	972
633	787
633	1049
635	817
635	821
635	1050
636	1030
637	826
637	1084
638	784
638	850
639	708
640	995
641	854
642	1010
643	926
645	849
645	1032
646	765
646	837
646	990
646	1090
647	953
647	985
647	1062
648	781
648	790
648	848
649	730
649	778
649	844
650	735
651	916
651	1020
652	908
653	1014
655	876
656	1073
657	968
657	1017
658	835
658	978
658	1090
659	712
660	956
660	964
660	986
661	960
662	890
662	1046
665	758
667	1014
668	885
668	894
669	984
671	728
671	1077
672	963
673	697
673	884
674	742
674	826
674	895
674	976
675	963
675	1022
676	757
676	789
676	928
677	824
677	1089
678	927
678	943
679	693
679	800
679	831
679	978
680	716
681	837
682	850
682	933
684	765
684	861
685	990
685	1054
686	833
686	1094
688	870
688	909
689	723
689	726
690	772
690	900
690	1093
691	739
691	864
691	910
691	959
691	987
691	1066
693	974
694	1068
695	742
697	955
697	959
698	985
698	1064
699	702
699	726
700	910
700	1003
701	980
703	958
704	877
704	923
704	968
704	1077
704	1081
705	872
705	1099
707	934
707	988
708	1011
710	733
710	807
710	1046
710	1049
711	985
711	1044
712	735
712	994
713	913
714	922
718	999
719	1009
720	850
721	826
721	871
722	773
722	1093
723	724
725	878
725	1025
726	933
726	1002
727	767
727	863
727	1076
728	1002
729	906
730	1045
732	756
732	852
733	832
735	927
735	1029
736	934
737	952
739	781
739	793
739	876
740	795
741	912
742	875
742	897
742	903
743	1005
744	800
744	971
745	798
748	776
748	928
752	814
752	1010
754	778
754	831
754	929
754	961
755	1060
759	1050
760	912
761	967
762	806
762	1075
763	975
763	1000
764	950
764	959
766	941
766	975
768	823
768	908
768	913
769	799
770	1067
773	806
773	828
773	872
773	921
773	1000
773	1039
774	954
774	1086
775	781
775	941
776	815
776	992
777	865
778	821
780	1044
783	794
783	1080
784	1033
784	1045
786	806
786	1079
787	914
788	814
788	839
788	1005
789	1008
790	870
790	984
791	906
792	938
794	1018
794	1049
795	877
796	872
796	956
796	998
797	890
799	802
799	1009
799	1012
799	1071
800	1018
800	1069
802	875
802	987
802	999
803	836
803	925
804	880
805	935
805	1005
807	925
807	1047
808	1001
808	1024
809	917
810	992
810	1075
811	866
812	866
816	904
817	1098
818	828
818	980
820	834
820	841
824	826
824	863
824	938
825	867
825	922
825	1091
826	902
829	875
829	941
829	984
831	847
832	1012
833	873
836	935
840	891
841	887
841	889
842	905
843	1068
845	918
845	925
846	879
846	987
847	848
847	949
847	1020
848	874
849	853
850	983
850	984
850	1074
851	904
851	979
851	1066
852	939
853	1018
853	1034
854	886
855	911
855	1032
855	1084
859	890
859	1064
860	1092
861	1026
862	884
862	913
862	969
867	1079
871	1042
872	944
872	953
873	1010
875	1040
877	1017
877	1097
879	896
880	911
880	978
882	988
882	1001
883	963
883	1016
884	996
884	1071
885	952
885	1047
886	1014
888	964
890	1096
892	978
893	912
894	1043
899	1089
902	1060
903	1017
905	1053
908	942
910	967
910	1017
910	1030
912	938
913	926
913	939
913	1004
915	1011
916	918
919	1075
920	1072
924	933
925	998
926	1023
928	1084
929	931
930	1010
936	1097
937	1051
937	1099
938	941
940	986
940	1024
942	1002
943	1031
946	1062
950	1048
951	981
951	1032
952	986
952	1038
954	968
958	983
959	1019
960	1020
960	1022
962	976
963	1022
972	1048
973	988
973	1000
973	1012
973	1033
975	1057
977	985
977	1027
978	1073
984	1060
984	1088
988	1041
989	1018
993	1004
995	1024
997	1082
998	1070
1009	1046
1010	1035
1016	1052
1023	1049
1026	1074
1033	1082
1034	1062
1036	1061
1038	1080
1039	1071
1048	1079
1051	1059
1056	1082
1059	1077
1074	1083
1080	1092
1081	1097