0	43
0	875
0	957
0	1011
1	445
1	509
1	602
2	439
2	518
2	534
2	939
3	78
3	122
3	205
3	574
3	655
3	788
3	866
3	900
4	182
4	268
4	395
4	893
5	86
5	111
5	257
5	307
5	400
5	699
5	793
5	815
5	1091
6	314
6	460
6	855
6	883
6	1044
7	10
7	286
7	511
7	554
7	577
7	825
7	826
7	915
8	103
8	134
8	377
8	534
8	646
8	746
9	237
9	712
10	421
10	1045
11	12
11	68
11	73
11	247
11	746
11	983
12	129
12	154
12	211
12	418
12	530
12	1045
13	113
13	387
13	521
13	537
13	545
13	821
13	832
14	259
14	776
14	868
15	139
15	270
15	646
15	989
16	1045
17	218
17	317
17	327
17	424
17	451
17	470
17	1069
18	495
18	534
18	829
18	838
18	839
19	166
19	274
19	894
19	917
19	1026
20	629
20	686
21	206
21	371
21	1062
22	175
22	313
22	803
23	210
23	475
23	480
23	501
24	706
24	988
25	126
25	332
25	901
25	1004
26	83
26	283
26	488
26	661
26	891
26	1015
27	61
28	47
28	475
28	534
29	416
29	1059
30	246
30	375
30	465
30	510
30	716
30	732
30	926
31	242
31	580
31	855
31	1044
32	996
32	1063
33	448
33	537
33	692
33	888
34	69
34	104
34	228
34	731
35	780
36	641
37	195
37	372
37	566
38	46
38	164
39	51
39	97
39	419
39	427
39	442
39	608
40	648
40	835
40	949
40	985
41	57
41	160
41	248
41	320
41	386
41	421
41	438
41	712
41	716
42	496
42	591
42	700
42	728
43	81
43	132
43	605
43	618
43	650
44	275
45	222
45	405
45	484
45	662
45	689
45	718
46	457
47	130
47	570
47	718
47	968
47	1092
48	415
48	1075
49	325
49	834
50	337
50	716
51	230
51	482
51	762
51	764
51	1039
52	477
52	511
52	537
52	556
52	631
52	637
52	763
52	1025
52	1028
53	358
53	465
53	629
53	652
54	307
54	639
54	691
55	905
55	969
56	172
56	186
56	542
56	750
56	784
57	571
58	108
58	543
58	708
58	742
59	157
59	572
60	946
61	75
61	435
61	578
61	606
61	805
61	894
62	228
62	509
62	948
62	1057
63	227
63	554
64	482
64	581
64	854
65	101
65	135
65	207
65	329
65	449
65	592
65	638
65	949
65	999
66	320
66	710
67	92
67	719
67	931
67	1077
68	888
69	304
69	380
69	562
70	357
70	876
71	93
71	169
71	783
72	158
72	1030
73	999
74	171
74	244
74	375
74	482
74	841
74	902
74	1062
75	147
75	272
75	278
75	524
75	793
75	920
75	954
76	84
76	340
76	402
76	661
77	307
77	384
77	801
78	364
78	595
78	698
78	897
79	200
79	664
80	110
80	332
80	718
80	794
80	1040
81	113
81	603
81	918
82	921
82	1011
83	276
84	492
84	890
84	913
85	246
85	507
85	816
85	874
86	809
86	953
86	1077
87	274
87	329
87	429
87	449
87	667
88	212
88	231
88	401
88	451
88	647
88	678
89	586
89	617
90	435
90	678
90	756
90	954
90	1045
91	165
91	401
91	704
92	463
92	568
92	605
92	805
92	921
93	210
93	285
94	420
94	631
94	685
95	246
95	428
95	490
95	662
95	671
95	833
95	1086
96	480
96	607
96	1068
96	1089
97	356
97	558
97	694
98	470
98	568
98	923
98	942
99	227
99	292
99	654
99	782
100	752
100	806
101	788
101	1043
101	1095
102	851
102	1014
102	1047
103	297
103	345
103	871
104	216
104	351
105	236
105	250
105	255
105	382
105	459
105	1081
106	152
106	833
106	849
106	861
107	134
107	631
108	551
108	571
108	690
108	853
109	785
109	881
109	1014
109	1082
110	264
110	280
110	458
110	907
111	765
111	913
111	935
112	254
112	389
113	760
113	770
113	877
114	292
114	338
114	506
114	774
114	851
115	340
115	763
116	161
116	441
116	532
116	541
116	638
116	914
116	927
117	201
117	318
117	912
118	121
118	279
118	436
119	334
119	392
119	659
119	1020
120	364
120	541
120	552
120	732
120	806
120	941
120	950
122	183
122	272
122	359
122	602
122	800
123	319
123	849
124	471
124	610
124	763
125	1070
126	264
126	322
126	329
126	356
126	368
126	547
126	785
126	1073
126	1079
127	376
127	405
127	467
127	551
127	762
127	836
127	1047
128	239
128	298
128	365
128	917
129	234
129	264
129	396
130	448
130	792
130	899
130	1062
131	344
131	376
131	838
131	1047
132	318
132	505
132	590
132	654
133	192
133	217
133	240
133	249
133	797
133	827
133	940
134	206
134	687
134	756
134	983
135	188
135	974
136	160
136	195
136	352
136	419
136	571
136	715
137	182
137	732
137	926
137	1021
138	345
138	711
139	237
139	429
139	901
139	943
139	967
139	1039
139	1054
140	210
140	244
140	475
141	152
141	685
141	699
141	761
142	632
142	912
143	155
143	397
143	580
143	919
143	1025
144	159
144	244
144	369
144	611
144	682
144	826
144	893
144	1071
145	282
146	322
146	463
147	374
147	1027
147	1035
148	259
148	289
148	452
148	880
149	824
150	392
150	400
150	496
150	614
150	934
150	1012
151	334
151	600
151	797
151	912
152	358
152	690
152	728
152	772
152	782
152	1037
153	347
153	469
153	561
154	696
154	796
154	835
155	163
155	354
155	428
155	903
155	1073
155	1086
156	329
156	422
156	498
156	666
157	506
157	623
157	792
157	1061
157	1081
158	246
158	256
158	396
158	1097
159	194
159	364
159	601
159	910
160	615
160	712
161	180
161	289
161	375
161	1011
162	584
162	742
163	542
163	707
163	966
164	241
164	571
164	690
165	166
165	339
165	682
165	874
165	936
165	1080
165	1085
166	175
166	365
166	729
166	1085
167	725
167	881
167	950
168	324
168	567
169	184
169	472
169	668
169	937
170	200
170	274
170	791
170	1017
171	988
172	876
173	255
173	344
173	495
173	832
174	353
174	811
174	826
174	1069
175	289
175	426
175	488
175	605
175	1047
175	1097
176	396
176	605
176	955
177	189
177	197
177	220
177	234
177	539
177	887
178	182
178	381
178	778
178	870
179	311
179	452
179	464
179	861
179	925
180	218
180	323
180	612
181	674
181	781
182	350
182	665
184	258
184	317
184	989
185	637
186	238
186	296
186	318
186	501
186	827
186	868
187	359
187	380
187	436
187	746
187	798
188	565
188	1080
189	563
189	787
189	1017
189	1040
190	955
191	625
191	1012
192	315
192	332
192	816
192	940
193	422
193	742
193	1009
194	555
194	614
194	940
195	531
195	723
195	1020
196	389
196	567
196	600
197	250
197	339
197	392
197	760
198	689
198	840
199	341
199	413
199	560
200	881
200	892
200	1067
201	352
201	569
202	526
202	598
202	617
202	652
202	759
202	976
203	293
203	456
203	642
203	785
203	839
203	1006
204	802
205	476
206	478
206	611
206	670
207	264
207	846
208	285
209	304
209	763
209	892
210	761
210	806
211	343
211	501
211	877
211	950
212	686
213	317
213	357
213	583
213	603
213	706
213	884
213	1053
214	609
214	831
215	830
216	401
216	533
216	669
216	983
217	580
217	1013
218	748
218	1092
219	486
219	589
220	308
220	452
221	667
222	745
222	856
222	943
222	961
222	1033
223	393
223	483
223	502
223	768
223	929
224	385
224	620
224	651
225	675
225	821
225	1062
226	455
226	616
226	873
226	938
227	317
227	385
227	533
227	935
228	446
229	252
229	298
229	324
229	397
229	449
229	901
229	1020
231	725
231	804
232	481
232	884
232	1078
233	781
234	770
234	791
234	963
234	1051
235	563
236	474
236	508
236	1062
237	849
238	322
238	422
238	977
238	1037
239	480
240	279
240	742
240	1094
241	818
242	272
242	733
243	537
243	577
243	822
243	913
243	915
244	984
244	1097
245	637
245	741
246	1041
246	1072
247	350
247	431
248	321
248	361
248	693
249	600
249	660
249	810
250	308
250	613
251	357
251	644
251	737
251	782
252	325
252	455
253	771
253	984
254	297
254	429
254	567
255	366
255	874
256	627
256	742
256	771
256	855
257	464
257	711
257	1079
258	382
258	545
258	729
258	1073
259	343
259	490
259	1027
259	1048
260	385
260	442
260	776
261	341
261	789
262	577
262	658
262	865
262	908
262	1041
263	394
263	951
264	361
264	664
264	738
264	982
264	1018
264	1075
265	445
265	715
266	405
266	623
266	786
266	973
266	1049
267	928
268	1006
269	558
269	903
269	1046
270	311
270	470
270	803
270	1052
271	631
271	748
271	879
271	934
272	619
272	642
272	930
273	1051
274	441
274	524
274	626
274	993
274	1024
275	445
275	883
275	884
276	383
276	462
276	483
276	629
276	759
276	946
277	718
277	775
278	593
278	990
279	287
279	747
280	309
280	609
280	686
280	996
281	453
281	729
281	776
281	955
282	286
282	944
282	990
283	350
283	709
283	795
284	314
284	352
284	614
284	653
284	689
285	353
285	422
285	654
285	862
285	985
285	1047
286	429
286	683
287	548
287	664
287	688
288	741
288	924
289	443
289	910
289	1028
290	847
291	517
291	598
291	666
292	425
292	429
292	860
292	1083
293	383
293	385
293	802
293	954
294	412
294	530
295	441
295	537
295	990
295	1053
296	484
296	587
296	908
296	1062
297	378
297	489
297	603
297	684
297	812
298	721
298	770
298	848
299	434
299	522
299	551
299	1075
300	529
300	757
300	996
300	1030
301	311
301	817
302	406
302	523
302	908
303	339
303	509
303	564
303	577
303	811
303	874
303	1010
304	499
304	730
304	735
305	473
306	328
306	394
306	418
306	716
306	1035
306	1069
307	797
307	974
308	344
308	446
308	515
309	450
309	620
309	821
309	883
310	330
310	589
310	595
310	603
310	872
310	987
311	541
311	660
311	731
311	740
312	901
313	581
313	802
313	994
314	405
314	784
314	839
314	936
316	411
316	555
316	656
316	777
317	416
317	553
318	451
318	654
318	772
318	1076
319	386
319	630
320	359
320	581
320	701
321	366
321	402
321	474
321	562
321	730
321	913
322	406
322	939
323	498
323	703
323	709
323	783
323	936
324	389
324	902
324	989
324	1076
325	486
325	1076
326	419
326	583
326	1084
327	794
328	763
329	1085
330	741
330	897
330	1023
330	1069
330	1070
331	965
332	373
332	700
332	933
333	498
333	737
333	837
334	375
334	583
334	657
334	769
335	1033
335	1070
336	374
336	975
338	367
338	566
338	638
338	701
338	747
339	575
340	430
340	1010
340	1043
341	511
341	844
342	870
343	380
343	627
343	798
343	947
343	1077
344	516
344	543
344	549
344	609
344	997
344	1069
345	507
345	580
345	807
345	832
346	572
346	710
346	843
347	516
347	708
348	518
348	885
348	887
348	1035
348	1068
349	507
349	603
349	735
350	520
350	563
350	589
350	750
351	912
353	391
353	498
353	934
354	459
355	705
355	1030
356	454
356	696
356	833
357	889
358	867
358	980
359	836
359	989
360	1061
360	1075
361	404
361	624
361	1020
362	433
362	779
363	489
363	602
363	627
363	1049
364	582
364	607
364	653
364	754
364	768
364	834
365	963
366	432
366	877
366	893
366	997
367	517
367	633
367	751
367	844
369	373
369	449
370	760
370	909
371	512
371	668
372	377
372	435
372	487
372	584
373	614
373	676
373	893
374	474
374	626
375	872
376	866
377	474
377	823
378	559
378	587
378	732
378	802
379	499
379	742
380	518
381	592
381	729
381	837
382	681
382	789
382	1039
383	440
383	638
384	463
384	789
385	401
385	475
386	427
387	434
387	445
387	714
387	758
388	391
388	414
388	484
388	491
388	921
388	941
388	983
388	1019
389	1083
390	1058
391	440
391	534
391	650
391	903
392	552
392	565
392	738
392	836
393	904
393	957
394	456
394	515
395	427
395	540
395	617
396	512
396	683
396	916
397	417
397	716
397	735
397	936
397	960
397	1035
398	495
398	518
398	798
398	855
398	897
398	939
399	928
400	430
400	486
400	922
401	545
401	551
401	567
402	446
402	630
403	580
403	875
403	1003
404	534
404	645
405	601
405	700
405	844
405	859
406	499
406	656
407	1050
408	720
408	1014
409	621
409	705
409	790
410	531
410	600
410	661
410	883
411	548
411	652
411	675
411	768
411	1075
412	524
412	647
412	966
413	646
414	555
414	604
414	887
414	1068
415	773
416	421
416	591
418	504
418	550
418	755
418	776
419	642
421	493
421	546
421	748
421	934
423	433
423	921
423	988
424	440
424	612
424	884
424	1032
424	1040
425	1070
426	699
426	970
426	1054
426	1067
427	693
427	729
427	932
428	924
428	1081
429	647
429	688
429	769
429	845
429	926
429	978
429	1046
430	609
430	763
430	1041
430	1057
431	711
431	853
431	865
432	795
433	685
434	591
434	897
434	1098
437	528
437	612
437	793
438	462
438	505
438	648
438	764
439	541
439	1040
440	662
440	742
440	1000
441	452
442	671
442	822
442	872
443	720
443	732
443	982
444	744
445	521
445	1075
446	614
446	755
446	934
446	1043
447	1011
447	1078
448	451
448	844
448	872
450	452
450	1009
451	790
452	622
452	755
453	803
454	584
454	629
454	825
455	635
455	643
455	987
456	1064
456	1094
457	1086
458	616
458	952
459	539
459	670
459	1069
460	897
460	1041
461	633
461	669
461	816
461	847
462	780
463	643
463	868
463	909
463	964
464	687
465	683
465	734
466	743
467	926
468	839
468	961
469	665
469	671
469	725
469	983
469	1018
470	636
471	608
471	1025
472	528
472	698
472	855
472	1001
472	1086
473	505
473	513
473	1044
474	768
474	924
474	1064
475	596
475	798
476	506
476	780
476	966
476	997
477	571
477	719
477	762
479	765
479	1041
479	1042
480	569
481	624
481	892
482	537
482	647
482	776
482	855
482	1080
483	700
483	814
483	834
483	1000
484	999
485	667
485	859
486	516
486	699
486	783
486	810
486	865
486	1068
487	701
488	610
488	701
488	808
489	548
489	568
489	837
490	542
490	730
490	884
491	718
491	806
491	812
491	863
493	496
493	830
494	696
495	870
496	534
496	553
496	718
496	735
496	850
496	875
497	914
498	854
499	744
499	791
499	856
500	694
500	719
500	766
500	839
500	926
501	871
502	1032
503	811
503	840
503	853
503	877
503	883
503	891
504	677
504	846
506	616
506	922
507	787
507	815
507	1009
508	591
508	812
509	767
509	974
510	686
510	974
511	640
512	598
512	634
512	640
513	745
513	771
513	1085
514	526
515	750
516	713
516	723
516	841
517	662
517	672
518	634
518	750
518	892
519	1036
521	547
521	762
521	812
521	1022
522	653
524	841
524	1078
525	593
525	871
527	964
527	968
528	666
528	689
528	954
528	998
529	648
529	758
529	924
529	1025
530	905
531	955
533	570
533	890
535	925
536	626
536	834
537	626
537	809
537	954
538	662
538	950
538	1034
539	747
539	998
540	742
540	1056
541	832
541	895
542	891
542	892
542	1038
543	717
543	747
543	895
543	1063
543	1095
544	630
545	566
545	673
545	820
546	596
546	932
547	608
547	674
548	918
548	991
549	569
549	678
549	804
550	1000
551	646
551	1084
552	563
552	585
552	709
553	938
554	917
555	737
557	726
557	771
557	870
557	915
557	1043
558	932
559	983
560	1060
561	599
561	683
561	1025
563	656
563	818
565	1055
566	608
566	799
566	879
566	1055
568	829
568	997
568	1050
570	754
571	640
571	674
571	703
572	663
572	927
573	995
574	679
574	999
575	858
576	621
576	961
578	867
578	1072
579	625
579	790
579	974
579	1058
580	798
580	1041
581	723
581	815
581	1040
582	954
583	629
583	821
583	1087
584	903
585	611
585	720
588	695
588	764
588	817
590	631
590	825
590	1083
591	740
591	1013
591	1060
592	599
592	892
592	1007
592	1083
593	655
593	790
593	1003
593	1085
594	638
594	661
594	780
594	843
594	975
594	985
594	1093
595	704
595	906
595	950
595	962
596	662
596	908
596	918
596	995
597	701
598	669
598	754
599	795
599	1032
601	668
602	604
602	705
602	734
602	1038
603	772
603	845
604	617
604	767
604	1047
605	749
605	889
606	632
606	727
606	799
607	653
607	851
607	947
608	882
610	702
610	715
610	1008
610	1086
611	680
611	917
611	947
612	996
613	643
613	919
613	1065
614	938
615	704
615	782
615	849
615	853
617	768
618	831
618	869
619	736
620	802
620	869
620	888
620	897
620	1063
622	764
622	928
623	639
623	688
623	900
623	1096
624	731
624	828
624	852
624	872
624	940
626	966
626	1082
627	907
628	745
629	818
629	986
630	934
630	1004
631	1031
633	805
633	1066
634	896
634	924
634	978
634	1042
634	1095
635	681
635	836
635	879
637	833
637	938
638	823
639	773
639	946
640	763
640	782
640	835
640	976
640	1022
642	809
643	671
644	664
644	1077
646	987
646	998
648	815
649	878
651	990
652	716
652	717
653	722
654	876
655	721
656	764
656	1065
657	747
658	662
658	762
659	781
659	1021
660	719
660	938
661	910
661	940
661	1056
662	818
662	826
662	894
663	704
663	763
663	779
663	932
664	681
664	705
664	713
664	715
664	717
664	816
664	842
664	1058
665	963
666	1074
667	735
667	974
667	1046
668	793
668	995
669	824
669	877
671	724
671	754
671	773
671	885
671	932
671	1020
671	1097
674	898
674	908
674	963
674	1066
675	782
675	890
675	1095
678	797
678	900
678	1061
679	996
679	1000
680	916
680	959
681	958
682	929
683	973
684	882
687	938
687	1032
690	822
691	898
691	964
693	855
693	958
695	782
696	715
696	821
696	825
697	875
698	1008
700	775
700	882
700	1030
701	906
701	913
702	719
702	822
702	970
702	1073
704	797
704	822
704	857
705	790
705	972
705	989
705	1046
706	739
707	830
707	1004
708	774
708	843
708	894
708	1052
709	749
710	728
710	979
711	723
711	848
712	830
712	957
712	963
713	780
713	804
713	852
713	978
714	992
715	852
716	751
717	944
717	972
717	1056
719	1059
720	761
720	1010
720	1068
723	957
727	826
727	925
727	969
728	912
728	914
728	946
729	779
729	792
729	954
731	873
731	1094
732	894
733	796
734	868
736	860
736	998
736	1078
737	799
737	831
737	1005
737	1078
741	1098
742	783
742	824
744	965
745	855
745	1021
746	995
747	830
749	847
750	1025
750	1060
751	991
752	884
752	922
753	804
755	1017
756	783
756	826
756	922
756	1062
758	867
759	869
759	1084
760	892
760	943
761	819
761	945
762	965
763	797
763	810
763	906
764	798
764	1041
765	1007
767	813
767	1029
768	782
768	919
768	940
773	865
774	920
774	1084
775	1093
777	907
779	801
780	899
780	997
781	832
781	1092
782	1079
783	1018
783	1089
785	906
785	933
786	835
789	800
789	889
789	981
789	1052
792	953
792	1064
792	1066
793	824
793	989
794	867
794	1020
795	923
797	944
798	861
798	864
798	912
798	989
799	1007
801	851
801	868
801	952
801	1012
801	1086
803	938
803	988
806	1048
807	1035
809	833
809	1013
809	1052
810	852
810	871
811	890
811	975
811	1082
812	890
812	977
812	1087
813	1057
814	959
814	1071
815	914
815	1039
815	1059
816	911
816	922
818	821
818	885
820	859
820	946
823	914
823	951
824	1039
826	969
827	984
827	1074
829	835
829	1060
829	1061
831	1019
832	925
833	898
833	1028
834	851
834	1069
837	853
840	1059
841	899
843	908
844	898
847	1052
851	892
853	904
854	904
854	981
854	1072
855	882
857	947
857	1037
859	880
861	887
863	924
865	926
865	985
866	1006
867	1015
868	902
868	983
869	876
871	881
872	879
872	1004
873	926
875	1095
877	1086
878	1056
880	996
881	1003
883	1078
884	976
884	1061
886	893
886	1072
887	915
887	942
887	1050
888	1072
892	893
892	932
892	969
893	952
894	966
894	1075
894	1083
895	971
895	975
895	1083
896	947
897	959
897	988
900	1068
901	1090
903	957
906	986
906	1012
906	1050
907	1068
909	935
911	958
911	1094
913	932
915	941
915	959
915	1009
916	951
917	1023
921	991
922	1029
922	1099
923	1026
924	995
925	1025
925	1052
927	1009
929	1041
932	1006
932	1092
933	989
935	983
935	985
935	1096
936	956
937	975
938	965
938	1098
941	984
941	1066
941	1073
942	985
943	1056
943	1075
943	1098
944	979
945	997
951	974
951	1003
955	1070
956	998
959	1080
962	1060
964	1088
967	1051
969	1043
970	1014
970	1022
972	1063
972	1098
975	1036
976	980
981	1064
983	1049
983	1077
983	1097
984	1084
985	1015
987	1064
988	1047
989	1002
990	1023
992	1000
992	1054
993	1083
998	1055
999	1059
999	1076
1001	1024
1001	1057
1005	1034
1009	1072
1014	1021
1016	1020
1019	1039
1024	1085
1032	1091
1034	1084
1035	1054
1052	1072
1054	1063
1073	1095
1085	1092
1085	1095