0	82
0	518
0	531
0	574
1	95
1	170
1	393
1	645
1	796
1	975
1	1039
2	48
2	216
2	424
2	531
2	708
2	828
2	921
2	1047
3	568
3	769
4	157
4	218
4	396
4	451
4	825
4	1057
5	949
6	272
6	473
6	489
6	574
6	864
6	971
6	1065
6	1088
6	1097
7	543
7	775
7	953
8	357
8	376
8	823
9	144
9	202
9	289
9	759
9	770
10	223
10	259
10	356
10	637
11	475
11	744
11	1019
12	190
12	622
12	1063
13	654
14	39
14	902
15	549
15	869
15	1050
16	196
16	585
16	693
17	622
17	945
18	249
18	262
18	372
18	1096
19	275
19	569
20	264
20	440
20	441
20	498
20	547
20	741
21	97
21	537
21	754
21	948
22	223
22	344
22	387
22	878
22	924
22	1051
23	150
23	554
23	769
23	811
23	929
24	54
24	81
24	150
24	293
24	459
24	669
24	677
24	1027
25	69
25	304
25	464
25	813
26	34
26	774
26	969
26	985
26	1030
27	68
27	111
27	756
28	83
28	428
29	196
29	303
29	793
30	253
31	137
31	178
31	409
31	557
31	747
31	766
31	822
31	886
32	918
32	1063
33	420
33	637
33	715
33	770
33	811
34	98
34	145
34	479
34	969
35	355
35	746
36	517
37	109
37	1001
38	562
38	772
38	900
39	64
39	185
39	699
39	827
39	874
40	165
40	193
40	376
40	445
40	962
40	1041
40	1077
41	481
41	528
41	759
41	1005
41	1028
42	148
42	968
43	279
43	421
43	556
43	672
43	712
44	172
44	335
44	558
44	655
44	1040
44	1044
44	1052
45	481
46	270
46	503
46	638
46	1010
47	521
47	785
47	817
47	855
47	1022
48	1098
49	333
49	340
49	719
49	754
49	758
49	784
49	869
49	1004
50	390
50	475
50	843
51	53
52	926
52	993
52	1048
53	907
54	95
54	386
54	464
54	703
54	943
55	287
55	355
55	486
55	499
56	78
56	287
56	455
56	514
56	543
56	642
56	961
56	1095
57	90
57	289
57	403
57	555
58	207
58	331
58	361
58	619
58	727
58	731
58	858
58	1051
59	210
59	545
59	981
60	81
60	127
60	874
61	99
61	177
61	219
61	234
61	580
62	195
62	281
62	307
63	322
63	474
63	513
63	705
63	912
63	1067
64	143
64	158
64	166
64	275
64	313
64	717
64	979
65	533
65	707
66	209
66	214
66	548
66	909
67	171
67	316
67	332
67	916
68	281
68	400
68	466
68	566
68	1024
69	240
69	704
70	210
70	371
70	545
70	553
70	764
71	343
71	817
71	866
71	921
72	279
72	853
73	171
73	960
73	1059
74	88
74	264
74	606
74	652
74	661
74	1068
75	697
75	772
75	896
75	1080
76	79
77	138
77	359
77	987
78	265
78	693
78	1013
78	1048
79	510
79	691
79	1058
80	162
80	385
80	980
80	1021
80	1051
82	563
82	837
83	419
83	688
84	446
84	594
84	863
84	948
85	140
85	256
85	296
85	584
85	682
86	270
86	727
86	860
87	362
87	370
87	512
88	392
88	794
88	803
89	646
89	814
90	184
90	190
90	305
90	433
90	443
90	882
91	695
91	730
92	150
92	430
92	446
92	724
92	793
93	102
93	299
93	936
94	114
94	286
95	692
95	1060
96	162
96	218
96	765
96	1070
97	377
97	405
97	446
97	547
97	665
97	713
97	888
97	937
99	546
100	221
100	243
101	187
102	148
102	478
102	559
102	603
102	641
102	731
103	240
103	395
103	491
103	663
103	844
103	1002
103	1009
104	490
104	634
104	1014
104	1048
105	219
105	859
105	908
105	981
105	1066
106	128
106	311
106	1031
106	1066
107	135
107	221
107	376
107	450
107	459
107	801
107	836
108	189
109	671
110	516
110	1067
111	127
111	739
111	947
111	1055
111	1061
112	228
112	352
112	760
112	838
112	840
112	901
113	187
113	238
113	266
113	335
113	445
113	474
113	847
114	142
114	397
114	606
114	661
114	732
114	875
115	213
115	346
115	497
115	691
116	420
116	698
117	401
117	440
117	441
117	514
117	598
117	647
117	1074
118	298
118	917
118	1006
119	279
119	845
119	1070
120	356
120	592
120	822
120	871
120	890
120	1058
121	972
122	132
122	171
122	769
123	770
124	234
124	456
124	519
124	886
124	917
125	307
125	350
125	404
125	460
126	326
126	566
126	950
127	400
127	1018
128	534
128	685
129	369
129	404
129	986
130	295
130	301
130	339
130	705
130	717
130	809
130	835
131	505
131	619
131	636
131	690
131	754
131	1093
132	532
132	580
132	625
132	636
133	280
133	684
134	347
134	839
134	1095
135	292
135	704
136	168
136	362
137	278
137	512
137	834
137	918
137	1086
138	341
138	407
138	441
138	455
138	509
138	796
138	1060
139	212
139	318
139	355
139	498
139	513
139	582
139	627
139	663
139	990
140	546
141	281
142	439
143	165
143	372
144	807
145	490
145	1065
146	231
146	450
146	776
147	359
147	547
147	832
147	933
147	1096
148	430
148	467
149	195
149	382
149	510
149	974
149	986
149	994
150	270
150	870
151	664
151	816
151	959
151	1058
151	1068
152	434
152	661
152	1054
153	174
153	190
153	203
153	466
153	697
153	1009
153	1045
154	885
154	923
155	381
155	523
156	307
156	1018
157	265
157	295
157	367
157	593
157	778
157	789
158	388
158	881
159	173
159	243
159	496
159	516
159	672
159	700
159	758
159	994
159	1075
160	715
161	164
161	526
161	910
162	352
162	435
162	724
162	907
163	191
163	371
163	545
163	590
164	528
164	541
164	645
164	1045
165	441
165	551
165	777
167	934
167	974
167	1073
168	380
168	596
168	674
168	902
169	183
169	318
169	327
169	522
169	971
170	328
170	606
171	199
171	739
171	760
171	856
172	877
173	486
173	541
173	659
173	764
173	858
174	201
174	313
174	365
174	914
174	941
175	450
175	818
175	931
176	428
176	507
176	559
176	992
177	565
177	826
178	391
178	572
178	692
178	742
178	759
178	1015
179	783
180	275
180	428
180	496
180	589
180	629
180	901
181	427
181	774
182	213
182	493
182	681
182	720
182	858
182	931
183	756
184	185
184	453
185	286
185	313
185	665
186	212
186	387
186	588
186	687
186	822
186	874
187	251
187	707
187	748
187	798
187	1085
188	241
188	345
188	727
188	971
189	377
189	440
189	494
189	557
189	593
189	603
189	826
189	951
189	984
190	586
190	589
191	274
191	407
192	299
192	484
192	520
192	731
193	695
193	864
193	881
193	925
194	337
194	361
194	425
195	880
195	1062
196	332
196	511
196	605
196	800
196	1011
196	1016
197	219
197	330
197	1042
198	483
198	598
198	802
199	513
199	1098
200	210
200	266
200	429
200	666
200	691
200	962
201	253
201	390
201	518
201	861
202	362
202	1026
203	296
203	496
204	465
204	905
205	274
205	450
205	832
205	1010
206	585
206	902
207	503
207	527
207	809
208	239
208	448
208	692
208	776
208	1024
209	510
209	939
210	710
210	773
210	969
211	281
211	423
211	505
211	524
212	315
213	262
213	601
213	608
213	714
213	758
213	827
213	901
213	1087
214	354
214	410
214	759
214	811
214	952
215	286
215	430
215	456
215	797
215	869
215	880
216	887
216	986
216	1023
217	560
217	706
217	824
217	1006
218	235
218	239
219	233
219	447
219	697
220	351
220	384
220	906
220	970
221	453
221	905
222	345
222	418
222	752
222	756
222	982
223	306
223	619
223	720
224	592
224	846
225	289
226	339
226	957
226	1024
226	1054
227	348
227	656
227	840
227	1068
227	1074
228	293
228	669
228	898
229	234
229	640
229	754
230	523
231	456
231	463
231	502
231	564
232	508
233	273
233	452
233	504
233	731
233	1079
234	365
234	687
234	711
234	947
235	456
235	476
235	1024
236	552
236	1086
237	600
238	668
238	809
238	882
239	404
239	408
239	1048
239	1082
241	482
242	250
242	682
242	979
243	321
243	487
243	876
244	372
244	645
244	1084
245	266
245	324
245	374
245	678
245	948
246	336
246	399
246	561
246	943
247	489
247	612
247	742
247	928
247	1060
248	836
248	877
249	824
250	330
250	365
250	394
250	473
250	475
251	262
251	365
251	627
251	786
251	1020
252	331
252	490
252	804
252	819
254	477
254	484
254	704
254	912
255	795
255	893
255	997
255	1066
256	357
256	925
257	612
257	628
257	661
257	1049
258	341
258	517
258	1068
259	562
259	590
259	948
260	573
261	367
261	681
261	774
261	968
263	511
263	590
264	648
264	805
264	977
265	291
265	919
265	1098
266	506
266	620
266	817
266	923
266	967
267	645
267	823
267	941
268	571
268	584
268	633
268	691
268	728
269	343
269	494
269	622
269	775
269	905
269	1065
269	1090
270	1040
271	365
271	397
271	589
271	782
272	507
272	649
272	1073
273	868
274	374
275	839
276	406
277	587
277	769
277	1000
279	743
279	1040
280	541
280	778
280	1076
281	593
282	451
282	480
282	498
282	590
282	711
283	408
283	863
284	440
284	668
284	774
285	300
285	346
285	383
286	860
286	1006
286	1086
287	677
287	851
288	413
288	825
288	876
288	893
288	945
288	1029
289	338
289	352
289	831
290	623
290	675
290	766
291	1005
291	1080
292	445
293	743
293	781
293	1067
294	405
294	634
296	336
296	568
296	1000
297	306
297	436
297	653
298	588
298	770
299	396
299	461
299	777
299	838
299	988
300	301
300	348
301	375
301	606
301	608
301	1025
302	766
302	975
303	540
303	660
303	688
304	571
304	871
304	909
304	1046
305	617
305	709
305	810
306	402
306	814
307	704
307	936
307	944
308	507
308	515
308	725
308	926
309	789
309	804
309	1019
310	459
310	489
310	499
310	773
312	356
312	418
312	758
312	1010
313	520
313	584
313	870
314	326
314	559
314	810
315	503
315	650
315	674
315	694
315	927
316	497
316	676
316	855
316	927
316	1005
317	668
318	330
318	873
318	1098
319	386
320	514
321	453
321	824
321	1019
322	564
322	682
322	914
322	993
323	383
323	628
323	831
323	906
323	930
324	488
324	550
324	678
325	591
325	835
325	866
325	939
326	462
327	610
328	549
328	598
328	793
328	841
328	1067
329	516
329	580
329	633
330	359
330	695
330	711
330	755
330	780
330	784
330	816
330	845
330	1086
331	359
331	465
331	482
331	650
331	721
331	902
331	940
332	546
332	785
332	903
332	1005
333	399
333	576
333	766
333	856
334	692
334	813
334	994
335	457
335	818
335	1083
336	503
336	811
336	1029
337	447
337	802
338	502
338	526
338	756
338	775
339	494
339	978
340	367
340	450
340	531
340	557
340	673
340	789
341	506
341	675
341	727
341	793
341	799
341	805
341	855
341	1050
342	1068
343	696
343	890
343	988
344	659
344	694
344	1081
345	479
345	529
346	395
346	419
346	1091
347	555
347	1053
348	375
348	678
348	691
348	792
348	985
348	998
349	410
349	689
349	1066
350	549
350	1094
351	933
352	844
352	977
352	1082
353	773
353	796
353	920
354	514
354	598
354	830
354	836
354	1087
355	714
355	1022
356	576
356	769
357	360
357	396
357	459
357	655
357	673
357	687
357	986
358	448
359	966
360	373
360	418
360	704
360	817
360	942
361	551
361	598
361	820
361	878
361	1078
362	801
362	895
362	1078
363	434
363	1075
364	422
364	533
365	423
365	512
365	1074
366	909
366	928
366	1015
367	596
368	969
370	475
370	545
370	1002
371	1004
371	1023
372	411
372	697
373	683
373	1092
375	441
375	448
375	658
375	1036
376	408
376	631
377	642
377	674
377	985
377	1008
377	1042
378	965
379	419
379	753
380	574
380	797
380	1035
381	410
381	578
382	385
382	492
382	585
383	779
383	1054
383	1068
384	606
385	671
385	741
385	867
385	898
386	848
387	598
387	663
387	919
387	1063
388	639
388	703
388	750
389	609
389	888
390	492
390	1019
391	500
391	821
392	843
392	1070
393	791
393	911
394	495
394	738
395	557
395	849
396	547
397	875
397	916
398	402
398	560
398	658
399	822
399	961
400	501
400	857
400	897
401	660
401	675
401	864
401	966
402	706
402	999
402	1077
403	519
403	933
404	1099
405	669
405	855
405	926
406	504
406	512
406	662
407	456
407	1011
407	1053
408	441
408	620
408	683
408	705
408	716
408	831
409	518
410	525
410	696
410	702
410	743
410	783
410	970
410	1062
411	462
411	486
411	969
411	1015
411	1058
412	878
413	590
413	693
413	818
414	750
414	1094
415	644
415	645
415	716
415	897
416	496
416	544
416	569
416	779
416	1028
416	1030
416	1086
417	579
417	613
417	1058
417	1085
418	463
418	836
418	863
418	1037
419	705
419	715
419	871
420	890
420	954
420	989
420	1004
421	842
421	993
421	1081
422	439
422	477
422	513
422	684
423	594
424	960
424	964
424	990
424	991
425	638
425	657
425	660
426	516
426	680
427	527
428	462
428	1027
429	660
429	715
429	784
430	943
430	972
430	1077
431	595
431	1053
432	791
433	906
434	612
434	901
435	853
436	628
436	693
436	1030
436	1033
436	1065
437	464
437	507
437	850
437	1027
438	455
438	775
438	880
438	927
438	942
439	446
439	673
439	791
439	955
440	569
442	562
442	813
442	858
442	873
443	466
443	691
443	819
443	887
444	536
444	848
444	936
444	980
445	1001
446	502
446	639
446	901
446	987
447	790
447	791
447	843
447	926
449	690
449	699
449	706
450	723
451	478
451	697
451	756
451	985
451	993
452	582
452	1092
453	528
453	785
453	966
454	460
454	727
455	584
455	714
456	1038
457	506
457	545
457	710
457	931
458	821
458	994
459	707
459	750
459	794
459	926
459	967
460	793
460	845
461	782
462	591
462	1014
463	801
464	524
465	864
465	977
466	527
466	615
466	1069
467	669
468	531
468	612
469	713
469	1061
470	748
470	787
471	737
471	808
472	479
472	509
472	510
472	1013
473	924
474	593
474	920
475	676
475	743
475	763
476	727
476	743
476	832
476	904
476	988
477	686
477	909
477	979
477	1082
478	568
478	849
479	492
479	494
479	616
479	856
481	777
482	524
482	780
483	574
483	630
483	673
483	755
483	889
485	633
485	1007
488	545
488	914
488	922
489	537
489	600
489	624
489	824
490	597
491	684
491	734
491	1014
492	843
493	985
494	867
496	853
496	862
496	869
497	758
498	642
498	754
498	813
501	586
501	814
501	963
502	702
502	809
502	1034
502	1098
504	607
505	512
505	647
505	711
505	1002
507	599
507	696
507	877
508	806
509	866
509	1052
510	535
510	537
510	713
511	635
512	553
512	748
513	959
514	617
514	799
514	825
514	860
514	894
514	1083
515	651
516	534
517	851
517	866
517	903
517	1078
518	602
518	625
518	731
518	841
519	907
520	1043
520	1072
522	1092
523	636
523	664
523	890
524	849
524	917
525	650
525	670
525	918
525	1075
525	1089
526	714
526	799
526	846
526	904
526	943
526	1038
527	641
527	901
527	990
528	626
528	790
529	1064
529	1068
530	758
531	770
532	996
532	1047
534	540
534	616
535	630
535	939
536	682
536	788
537	659
538	1019
539	554
539	833
539	971
541	548
541	573
541	618
541	657
541	677
541	896
541	995
542	628
542	681
542	987
543	571
543	677
544	668
544	933
546	556
546	565
546	611
547	691
547	847
548	763
548	1002
548	1025
549	887
550	892
551	928
552	663
552	673
552	973
553	572
553	685
553	719
553	887
554	966
555	647
555	975
556	560
556	885
556	985
558	873
558	1081
559	598
560	880
560	949
560	1005
561	823
562	685
562	863
562	1051
562	1099
563	636
564	632
565	725
565	838
566	986
566	989
567	865
568	916
570	888
570	1077
572	783
573	915
573	1065
574	597
574	1034
575	857
575	910
576	1004
577	855
580	683
580	926
580	961
580	1028
580	1040
581	867
582	988
583	626
583	647
583	1078
584	799
584	814
584	945
585	610
585	861
586	648
586	1003
586	1028
586	1058
586	1099
587	610
587	672
587	1002
588	710
588	925
588	952
589	607
589	634
589	640
589	753
589	817
589	966
590	653
590	998
590	1069
590	1089
591	896
591	950
591	1041
592	634
592	781
592	785
593	1006
594	868
594	943
595	604
596	794
596	822
596	1016
597	765
598	617
598	1037
598	1052
599	937
600	626
600	772
602	631
602	645
602	676
606	757
607	811
607	984
607	1089
608	759
608	880
608	1090
610	807
611	964
611	1085
612	851
612	958
613	873
613	1052
614	817
614	1004
615	710
615	715
615	725
615	819
615	934
616	713
616	1021
617	729
617	1030
618	634
618	1059
620	637
620	762
620	872
620	932
621	646
621	808
621	1063
622	648
622	833
622	873
622	1037
623	762
623	1062
624	629
624	649
625	716
625	766
625	1002
627	667
627	905
628	635
628	776
628	861
629	881
629	898
630	654
630	721
630	985
630	1098
631	893
631	952
632	740
632	905
633	711
633	968
634	898
634	1007
635	752
635	828
635	938
635	1010
636	780
636	829
636	1028
637	718
638	671
638	977
640	697
641	707
641	945
642	674
642	1019
643	754
643	848
643	924
643	1033
645	710
646	898
646	1016
646	1071
646	1090
647	937
647	947
648	817
649	950
649	1037
651	984
652	976
652	1071
653	1072
654	961
655	978
656	825
657	913
659	668
660	947
660	973
661	981
661	1082
661	1091
663	675
663	811
665	747
667	882
668	747
668	1077
669	695
669	754
671	798
672	747
672	764
672	885
672	965
674	889
676	794
676	806
676	818
676	909
677	782
677	802
677	805
677	1049
678	797
679	804
679	911
679	1078
680	817
680	870
681	806
682	971
682	1071
683	878
683	1092
684	1007
684	1037
685	909
687	1081
687	1083
688	760
689	854
689	924
689	961
690	755
690	825
690	871
692	742
692	873
692	923
692	981
692	994
692	1075
692	1099
694	915
695	740
695	849
696	741
697	712
697	729
697	744
697	1087
698	944
701	1007
702	930
703	989
704	939
705	833
705	941
705	1055
706	732
706	918
707	711
707	970
709	726
709	966
709	1067
711	848
711	865
712	858
712	908
713	749
713	978
714	769
715	1036
716	854
716	1024
716	1099
717	903
717	943
717	960
717	1011
717	1035
718	778
718	882
719	780
720	867
720	905
722	1040
722	1091
723	885
723	994
723	1079
724	999
724	1030
725	768
725	954
725	1011
726	931
727	906
727	991
727	1045
728	816
728	841
728	923
728	941
729	1061
729	1080
730	741
730	755
730	844
731	733
732	922
732	1034
734	1064
735	873
736	896
737	900
737	978
738	891
738	1033
739	1087
740	770
740	886
740	947
740	1008
740	1020
743	1023
743	1062
744	881
744	889
744	1018
745	749
745	756
745	757
746	768
746	965
746	1081
747	759
747	970
747	978
748	755
751	1035
752	926
753	778
756	973
757	1022
758	950
759	847
759	1023
760	866
760	1071
761	1020
762	785
766	849
766	986
766	1001
767	1083
768	925
769	914
769	1063
771	781
772	988
773	861
774	1064
776	1017
777	857
778	822
778	1052
778	1055
780	910
781	843
782	965
782	1020
783	821
783	860
784	932
784	989
784	1000
784	1072
784	1082
787	1008
788	833
789	1041
790	821
790	849
790	1043
791	1053
791	1063
791	1078
794	1017
794	1072
795	887
796	1040
797	890
800	814
800	1085
801	1094
801	1096
803	871
803	887
803	1025
804	963
805	882
807	1066
810	923
811	859
812	916
812	1033
814	1048
815	960
815	1017
816	849
816	1066
817	887
818	1028
819	992
820	927
820	982
820	1011
821	943
821	984
823	879
824	1061
826	882
827	915
827	1008
828	929
828	1080
829	886
829	893
829	1096
830	939
832	1074
833	972
834	1071
835	851
835	1073
836	1026
838	942
839	976
840	1099
844	882
844	883
845	943
848	926
848	971
848	1007
849	961
850	923
850	964
852	942
853	890
853	949
855	972
855	1093
856	983
857	931
857	939
857	1075
858	1010
860	899
862	1007
866	985
866	1065
867	1033
868	909
871	1050
872	886
874	1013
875	1073
876	954
877	1053
878	922
878	984
884	1007
884	1028
886	921
890	1006
891	913
891	941
891	959
891	963
893	1080
895	1050
899	980
899	989
899	1030
900	1073
904	959
904	1066
905	941
909	955
912	914
914	997
916	999
917	1032
917	1098
919	941
922	1039
923	1045
924	956
924	963
924	1059
925	1007
929	1001
930	935
930	967
931	954
931	1019
931	1092
932	1053
933	935
933	1037
936	961
940	953
943	950
944	950
944	955
944	1072
946	951
947	958
948	1082
948	1086
952	1077
953	1020
956	987
958	972
958	989
958	1036
960	1095
962	1036
963	1012
965	994
966	1003
968	1099
969	1043
972	979
975	986
975	1038
978	1007
981	1023
982	1089
983	1084
984	1010
986	1030
987	1053
988	1021
988	1059
990	995
992	1020
994	1025
994	1047
997	1013
999	1081
1002	1024
1004	1016
1012	1032
1013	1095
1018	1026
1018	1091
1019	1058
1021	1050
1023	1028
1024	1056
1024	1060
1025	1059
1026	1063
1026	1094
1037	1053
1054	1066
1073	1088