0	494
1	435
1	623
2	579
2	984
3	199
3	530
3	870
3	892
3	953
3	996
3	1071
4	208
4	935
4	1042
4	1074
5	22
5	59
5	300
5	456
5	593
5	804
5	832
6	62
6	113
6	195
6	280
6	816
6	1099
7	251
7	285
7	573
7	858
7	947
7	992
8	264
8	562
8	596
8	686
9	226
9	529
9	538
9	1016
9	1036
10	131
11	24
11	87
11	940
12	70
12	431
12	865
13	103
13	871
13	920
13	1055
14	82
14	298
14	599
14	755
14	1006
15	81
15	308
15	908
16	298
16	561
16	1016
16	1022
17	91
17	99
17	161
17	180
17	254
17	265
17	400
17	1011
18	82
19	137
19	579
19	831
19	925
20	39
20	842
21	136
22	533
22	643
22	713
22	953
23	204
23	300
23	980
24	75
24	755
25	163
25	505
25	579
25	809
26	158
26	249
26	507
26	864
27	241
28	264
28	322
28	539
28	635
28	834
28	939
29	137
29	636
29	762
30	725
30	885
30	937
30	996
31	73
31	425
31	1047
31	1080
32	348
32	472
32	495
32	776
33	410
33	431
34	442
35	186
35	601
35	644
35	962
35	1051
36	96
36	710
36	824
36	971
37	325
37	468
37	1090
38	364
38	983
39	446
39	749
39	972
40	269
40	304
40	870
40	915
41	706
41	907
41	985
42	496
43	74
43	335
43	401
43	597
43	839
43	994
43	995
44	62
44	64
44	129
44	367
44	488
44	1003
45	67
45	81
45	260
45	564
45	684
45	827
45	980
46	77
46	104
46	122
46	506
46	680
47	430
47	707
48	136
48	336
48	492
48	534
48	626
48	642
48	667
49	195
49	466
49	598
49	821
50	173
50	860
51	518
51	1087
52	78
52	371
52	683
53	132
53	206
53	252
53	439
53	659
53	697
53	917
54	126
54	953
55	91
55	502
55	681
55	910
55	1041
56	119
56	188
56	264
56	638
56	995
56	1008
57	221
57	832
57	1020
58	882
59	349
59	741
59	794
60	144
60	452
60	485
61	63
61	368
61	375
61	465
61	556
61	560
61	722
61	803
61	907
62	247
62	551
63	555
63	674
63	797
64	325
64	543
64	591
64	624
64	722
64	810
64	846
65	75
65	244
66	75
66	112
66	134
66	271
66	379
66	442
67	569
67	603
67	933
67	963
67	1052
68	172
68	344
68	817
69	393
69	448
69	504
69	544
69	577
69	834
69	921
69	1060
70	224
70	426
70	715
70	1095
71	516
71	575
71	652
71	662
71	889
72	694
72	720
72	768
73	413
73	594
73	843
73	1009
73	1096
74	221
74	489
75	781
76	186
76	444
76	492
76	659
76	993
77	289
77	389
77	596
77	675
78	204
78	208
78	313
78	562
78	732
78	778
78	805
78	944
79	418
79	575
79	699
79	709
79	871
80	804
80	1012
80	1059
81	878
81	949
81	980
81	1060
82	84
82	131
82	254
82	338
82	377
82	500
82	517
82	598
82	862
82	963
83	184
83	385
83	935
83	1057
84	330
84	359
84	795
85	644
85	882
85	911
85	1054
86	530
86	752
86	774
86	843
87	116
88	255
88	281
88	341
88	586
88	702
88	863
89	260
89	458
89	754
90	418
90	497
90	969
91	640
91	701
92	177
92	273
92	405
92	1022
93	267
93	512
93	687
94	267
94	268
94	425
94	552
94	704
94	852
95	383
95	706
95	976
96	110
96	205
96	592
96	658
96	999
97	114
97	242
97	293
97	329
97	464
97	659
97	737
97	875
98	154
98	168
98	232
99	135
99	179
99	625
99	795
99	1047
99	1061
100	371
100	703
100	851
100	1004
101	131
101	353
101	642
102	215
102	258
102	463
102	655
102	689
102	885
103	134
103	177
103	564
103	896
104	624
104	637
105	244
105	418
105	497
105	532
105	726
105	991
106	804
107	967
108	397
108	521
108	522
108	571
108	1081
109	456
109	523
109	540
109	917
110	213
110	292
110	374
110	796
110	1015
111	140
111	653
111	861
112	802
112	913
112	1021
112	1095
113	248
113	629
113	966
114	438
114	508
114	1067
115	213
115	679
115	987
116	626
117	148
117	333
117	525
117	683
118	650
118	757
119	165
119	572
119	830
119	1084
120	178
120	509
120	673
120	775
120	1005
121	189
122	132
122	745
122	808
122	932
122	1007
123	701
123	776
123	838
123	848
124	249
124	548
124	559
124	591
125	131
126	568
126	958
127	189
127	750
128	154
128	406
128	661
129	352
129	547
129	594
129	1061
130	180
130	275
130	757
130	778
130	799
131	699
131	744
131	836
132	151
132	604
132	848
132	1095
132	1098
133	448
133	953
134	312
134	641
134	662
134	687
134	715
134	1007
134	1026
135	280
135	402
135	622
135	994
136	670
136	709
137	358
137	881
137	1005
138	176
138	628
138	630
139	448
139	930
139	1079
140	520
140	700
141	586
142	204
142	409
142	522
142	1018
143	299
143	392
143	1013
144	187
145	464
145	678
146	711
146	891
147	167
147	657
147	988
148	348
149	226
149	775
149	886
149	1012
150	193
150	210
150	223
150	553
150	728
150	938
151	221
151	914
152	519
152	534
152	772
152	809
152	885
152	909
152	939
153	409
153	456
153	602
154	223
154	590
155	295
155	824
155	893
156	224
156	361
156	511
157	699
157	862
158	402
158	536
158	621
158	835
159	240
159	373
159	619
159	895
160	265
160	369
160	666
160	787
161	730
161	917
162	319
162	847
162	902
162	914
162	981
163	262
163	655
163	811
164	346
164	888
165	269
165	296
165	812
165	851
166	625
167	1086
168	217
168	566
168	653
168	811
168	821
168	983
168	1037
168	1076
168	1079
169	308
169	447
169	768
169	1041
170	228
170	606
170	700
170	755
170	858
170	1085
171	818
171	1024
172	505
172	603
172	702
172	1008
172	1057
173	273
173	903
173	1024
174	298
174	365
174	799
174	1072
175	347
175	416
175	421
175	769
176	585
176	634
176	646
176	925
176	1009
177	289
177	406
177	541
177	828
177	938
177	1057
178	210
178	928
178	1053
179	641
179	816
179	847
180	293
180	466
180	653
181	278
182	330
183	833
183	980
184	304
184	406
184	962
185	756
186	504
186	568
186	579
186	592
186	989
187	728
187	735
187	874
187	929
188	289
188	421
188	987
188	1010
189	392
190	583
190	927
191	863
192	274
192	692
192	998
193	606
193	953
193	1047
194	351
194	694
194	715
194	850
194	872
194	992
195	282
195	287
195	646
195	657
195	1025
196	337
196	807
196	911
197	660
197	901
197	905
198	1022
199	844
199	1051
200	339
200	897
200	1068
200	1086
201	301
201	620
201	829
201	891
201	977
202	252
202	411
202	442
202	560
203	414
203	467
203	808
203	1074
204	232
204	313
204	882
204	1000
204	1098
205	314
205	529
205	963
206	943
206	1010
207	407
207	536
207	871
207	884
208	280
208	1021
209	528
209	807
209	1008
210	582
210	900
211	653
211	701
211	771
211	900
211	1092
212	432
212	747
212	871
212	904
212	1066
213	222
213	234
213	372
213	737
213	837
213	873
214	331
214	389
214	1004
215	479
216	345
216	464
217	466
217	512
217	673
217	828
217	908
218	501
218	600
218	835
218	1020
218	1075
218	1085
219	376
219	470
220	420
220	517
220	856
220	902
220	980
221	447
221	794
222	337
222	601
222	731
222	972
223	224
223	461
223	734
223	932
224	238
224	318
224	634
224	730
224	742
225	242
225	559
225	614
225	900
225	1031
226	445
226	749
226	1020
226	1084
227	480
227	731
227	808
227	850
228	271
228	618
228	1086
229	441
229	559
229	579
229	939
230	502
230	739
231	483
231	813
231	996
232	566
232	832
233	523
233	529
233	795
234	370
234	466
234	664
235	504
235	889
235	978
236	261
236	428
236	994
237	254
237	651
237	816
238	394
238	458
238	603
238	746
238	944
238	992
238	1095
239	242
239	306
239	312
239	318
239	492
239	600
239	687
240	803
240	1004
240	1046
240	1088
240	1091
242	546
242	548
242	667
242	782
243	449
243	719
243	767
244	274
244	622
244	676
244	837
244	1078
245	413
245	765
246	262
246	675
246	958
246	1073
246	1081
247	374
247	761
247	850
248	275
250	268
250	338
251	375
251	721
252	424
252	556
253	469
253	945
254	349
255	370
255	985
256	614
256	1092
257	270
257	786
258	430
258	749
258	838
258	860
258	1079
259	651
259	968
259	1074
260	772
260	774
260	1014
261	281
261	610
261	771
261	807
261	1014
262	792
262	1045
263	459
263	570
263	615
263	675
264	495
264	771
264	965
264	991
264	1001
264	1037
265	358
265	594
265	857
266	329
266	628
266	733
266	853
267	374
267	853
268	349
268	616
269	302
269	390
269	604
269	680
269	801
270	796
271	433
271	492
271	924
271	987
272	373
272	1073
273	276
274	440
274	679
274	773
274	914
275	1070
275	1099
276	400
276	656
276	1029
277	555
277	695
277	783
277	1087
277	1095
279	371
279	600
280	352
280	952
280	972
280	984
281	839
281	877
281	1008
282	562
282	594
283	863
284	330
284	510
284	524
284	622
285	487
285	755
285	824
285	837
285	1015
286	393
286	398
286	424
286	951
287	421
287	532
287	578
287	956
288	382
288	749
288	847
289	561
289	639
290	308
290	520
290	682
290	845
291	577
291	631
291	842
292	878
293	297
293	566
293	655
293	893
294	355
295	577
295	669
295	822
296	367
296	434
297	346
297	675
297	874
297	909
297	931
297	1092
298	963
299	450
299	556
299	573
299	889
299	935
300	338
300	607
300	1003
301	397
301	743
301	1025
301	1061
302	632
302	804
302	870
302	925
303	343
303	387
303	562
304	306
304	505
304	954
305	307
305	486
305	690
305	944
306	335
306	437
306	443
306	605
306	853
306	1098
307	587
307	744
308	392
308	554
309	440
309	776
309	981
309	1091
310	378
310	400
310	894
310	912
310	1025
311	328
311	349
311	456
311	1087
312	902
312	968
312	1095
313	704
313	912
314	952
314	1002
315	577
315	956
316	1081
317	694
317	726
317	787
317	908
318	377
318	674
318	892
319	384
319	551
319	867
320	327
320	704
321	500
321	1082
322	820
323	448
323	454
323	693
323	734
324	943
325	861
326	332
326	420
326	746
326	790
328	366
328	618
329	702
330	335
330	426
330	771
331	341
331	573
333	588
333	631
333	719
333	723
334	357
334	661
334	880
335	775
336	676
337	373
337	706
338	436
338	445
338	602
338	720
338	881
339	381
340	673
340	735
341	518
341	524
341	608
341	808
341	955
342	683
342	738
343	351
343	432
344	536
344	643
344	735
344	761
344	933
344	1082
345	385
345	583
345	678
345	971
346	643
347	554
347	599
347	742
347	979
348	462
348	784
348	909
349	527
349	716
349	746
349	833
349	862
349	992
349	1020
350	565
350	691
350	938
351	620
351	621
351	683
352	464
352	935
353	452
353	709
353	983
353	1068
353	1083
354	487
354	645
354	691
355	562
355	620
355	857
355	1080
356	364
356	428
357	1017
358	558
358	722
358	754
359	1025
359	1034
360	447
360	526
360	695
360	896
360	976
361	421
361	823
361	887
361	923
362	569
362	713
363	642
363	874
364	390
364	487
364	593
365	464
365	515
365	1012
366	410
366	534
366	556
366	595
366	612
366	837
366	869
366	996
367	500
367	679
367	912
367	971
368	450
368	650
368	679
368	746
368	829
368	840
368	866
369	371
369	417
369	760
369	816
369	995
369	1002
370	465
370	656
371	433
371	559
371	719
371	1023
372	721
372	846
372	909
373	510
373	642
373	861
374	483
374	700
374	709
374	718
374	813
374	1003
375	617
375	898
375	983
375	1042
376	542
376	704
376	866
377	396
377	505
377	757
378	611
378	693
379	551
379	723
380	556
380	732
380	789
380	904
381	498
381	546
381	696
381	1019
381	1093
382	388
383	586
383	617
384	409
384	446
384	772
384	846
384	1056
385	609
386	537
386	607
386	777
386	854
386	882
386	1037
387	605
388	432
388	563
388	670
388	737
389	675
389	1050
390	436
390	707
391	404
391	537
391	809
391	946
392	580
392	890
392	1013
394	539
394	567
394	975
394	990
394	1058
394	1068
395	483
395	633
395	755
395	1029
396	890
396	960
397	470
397	814
398	574
398	631
398	842
398	1057
399	449
399	455
399	482
400	403
400	407
400	757
400	881
400	1007
400	1039
401	1037
402	752
403	1019
403	1076
405	445
405	562
405	736
405	811
405	970
406	516
406	692
406	824
406	858
406	1070
407	731
407	900
407	1031
408	566
408	836
408	938
408	1079
409	949
410	677
410	1042
412	516
412	744
412	828
412	1090
413	440
413	571
413	875
413	1013
414	681
414	695
414	710
414	1042
415	756
415	856
416	544
416	658
416	793
416	851
416	986
416	995
417	774
417	1016
418	472
418	777
418	829
418	936
419	603
419	762
420	579
421	770
422	556
422	725
422	965
423	623
423	649
423	937
423	989
423	1058
424	427
424	562
424	718
424	806
424	919
424	1023
424	1064
425	1071
427	631
427	791
428	470
428	647
428	819
428	981
429	1073
430	540
430	833
432	674
433	559
433	632
433	1073
434	476
435	518
435	719
435	795
435	945
435	978
436	586
437	593
437	975
438	668
438	671
438	720
438	977
438	1057
439	883
441	589
441	674
442	485
442	819
444	787
445	603
445	1058
446	501
447	591
448	508
448	600
448	1002
449	934
449	1077
450	687
450	715
450	828
450	980
450	1021
451	970
451	1087
452	883
452	915
452	973
453	763
454	866
454	927
454	951
455	533
455	994
456	578
456	753
456	837
456	872
457	501
457	762
457	1046
458	665
458	985
458	1067
459	644
459	889
459	943
459	1035
460	544
460	661
464	698
464	1029
464	1030
465	766
465	791
466	1017
466	1093
467	805
467	869
467	945
468	593
468	1018
468	1062
469	735
469	973
469	1097
470	474
470	951
471	973
472	626
472	746
473	482
473	649
473	1055
474	754
475	511
475	741
475	771
475	780
475	880
475	1073
476	655
476	765
476	923
477	711
477	746
478	556
478	691
478	875
479	516
479	625
479	941
480	611
480	952
481	544
481	873
481	1099
482	520
482	561
482	1027
483	765
483	949
484	496
484	659
484	704
484	738
486	827
486	920
486	999
487	522
487	567
487	655
487	719
488	1097
489	784
490	548
490	619
490	757
491	541
491	708
492	579
492	607
492	689
492	826
493	908
495	498
495	573
495	578
495	783
495	811
495	993
496	640
496	693
497	1027
498	867
498	1021
499	532
500	1012
501	722
501	771
502	819
502	992
503	855
503	878
503	889
504	1077
505	516
505	589
505	688
505	974
505	992
506	749
506	791
507	653
508	1025
509	845
509	897
509	940
509	988
510	837
510	1041
511	642
511	993
511	1009
512	577
512	657
512	708
513	818
513	842
513	985
513	1013
514	751
514	933
515	685
515	813
516	599
516	647
517	616
517	730
517	878
518	619
518	790
518	880
519	793
520	568
520	599
520	802
520	815
521	724
521	901
522	790
522	991
522	1002
522	1021
523	776
523	823
523	864
525	589
525	625
525	761
525	804
526	1081
527	589
527	684
527	794
527	888
528	844
528	929
529	641
529	701
530	701
531	706
531	714
532	608
532	645
532	943
532	1006
533	547
534	885
535	873
535	898
535	906
535	920
535	944
535	1077
536	582
536	689
536	810
538	628
539	569
540	543
541	576
541	616
541	884
541	1038
541	1088
542	684
543	550
544	573
544	729
544	975
544	1069
545	616
546	774
546	957
547	644
547	1083
548	583
549	1046
550	963
550	1032
551	609
551	691
551	1013
553	698
553	876
553	1030
554	770
555	642
555	786
557	1077
559	607
559	652
559	672
560	796
560	829
560	844
560	948
561	580
561	945
562	909
563	663
564	586
564	803
565	569
565	586
567	630
567	835
568	662
568	783
568	895
569	581
569	627
570	704
570	762
570	1025
571	1098
572	687
572	953
572	1081
573	796
574	651
574	834
574	892
575	810
576	681
577	607
577	1027
578	1011
579	773
579	907
579	1013
580	742
580	796
580	956
581	978
582	658
582	867
582	1087
583	895
583	922
584	820
586	592
586	604
586	686
586	705
586	809
588	700
588	801
588	851
589	724
589	738
590	701
590	943
590	959
591	960
593	891
593	972
593	989
593	1001
595	712
595	904
595	994
596	1057
596	1073
598	801
600	761
600	909
601	1002
601	1049
602	733
602	867
603	609
603	1025
604	738
604	834
605	725
605	932
606	608
606	756
606	777
607	749
607	1035
608	622
608	692
608	928
609	882
610	695
610	817
610	822
613	934
615	758
615	813
615	1094
617	753
617	880
617	938
617	958
617	1069
618	789
618	981
618	986
619	684
619	759
619	1016
622	651
622	665
622	824
624	666
624	1098
626	663
626	940
626	1043
628	1083
630	741
630	983
631	800
633	810
633	1007
633	1028
634	787
634	868
636	676
636	694
636	1021
637	699
637	710
637	834
637	1027
638	757
638	899
640	824
641	667
641	737
641	865
641	943
641	1047
641	1088
642	709
643	778
643	940
645	1077
647	839
647	1061
648	758
648	838
649	946
650	904
650	1086
652	713
652	888
653	952
654	803
654	855
654	931
655	743
655	768
655	895
656	697
656	883
657	896
657	909
658	847
659	722
659	920
659	952
661	985
661	999
661	1099
662	743
662	875
662	883
663	746
664	707
664	954
664	1092
665	810
665	887
666	688
666	1008
666	1067
667	727
669	954
669	1017
669	1031
670	784
670	798
670	933
670	974
671	758
674	738
674	980
675	763
675	947
675	981
675	1002
676	772
676	777
676	1001
677	867
678	785
678	806
679	702
679	825
680	837
680	849
681	729
681	952
683	947
683	1032
684	982
687	689
688	774
688	861
689	889
690	881
690	1005
691	869
691	911
694	701
694	1015
696	1047
697	977
697	999
699	723
699	727
700	811
701	868
702	778
705	813
707	737
707	972
708	906
709	840
709	947
710	782
710	850
712	779
712	859
713	763
714	857
714	862
714	899
715	789
715	995
715	1061
716	929
716	1072
716	1075
717	1026
718	787
718	1066
720	756
720	810
721	846
722	908
723	797
723	863
723	1057
723	1061
724	814
724	1055
724	1056
725	767
725	808
725	996
727	1085
728	740
728	746
728	774
728	1013
728	1067
729	824
729	1022
730	877
731	778
732	797
732	977
732	1065
733	761
735	986
735	1058
736	1044
737	922
740	797
741	832
743	818
743	820
744	1085
745	842
745	1069
746	902
747	793
747	980
748	829
749	806
749	836
750	1061
751	759
751	981
752	999
753	806
753	812
753	888
754	814
754	839
754	1031
756	918
756	955
756	969
757	1081
758	903
758	912
758	967
758	994
759	1088
760	839
761	830
761	869
761	876
762	873
762	1091
764	923
764	936
766	827
766	1050
767	801
768	808
770	906
770	1091
773	793
775	891
775	990
776	805
777	1048
778	1092
779	896
780	828
781	1097
782	828
782	1061
783	929
786	1084
787	899
788	900
789	1073
790	851
790	861
790	869
793	1025
794	1000
794	1049
797	882
797	952
799	1009
800	803
800	1073
801	804
802	926
803	1093
805	1063
806	1040
812	830
813	851
814	941
815	828
815	975
816	1063
818	826
818	1070
819	907
819	984
820	859
824	850
825	1044
829	834
829	926
829	944
829	1055
829	1077
830	887
831	1054
833	1076
836	1024
836	1094
839	1010
839	1035
839	1086
841	1048
844	904
844	995
845	1092
846	874
849	928
849	982
851	927
852	1062
855	868
855	916
856	946
857	919
857	1059
857	1099
859	904
860	950
862	1087
863	895
863	908
863	963
865	992
867	1080
868	1011
868	1036
868	1053
868	1065
869	909
869	964
871	960
872	964
873	971
876	961
876	1019
876	1048
876	1088
877	1016
877	1055
877	1076
878	969
879	948
879	949
880	960
881	952
881	1060
881	1098
882	969
887	949
889	947
893	966
895	954
895	959
898	968
898	974
902	1055
906	936
907	935
910	1027
910	1075
911	1082
913	971
915	931
915	1080
916	1019
916	1093
922	949
923	951
923	1082
926	980
926	1015
928	931
928	972
928	982
931	940
931	1092
932	1055
934	986
934	1064
934	1096
937	1033
939	993
942	1048
944	978
944	1089
948	1044
952	1087
953	1016
954	1044
955	1060
957	972
957	1079
958	1021
958	1058
959	1020
963	1076
965	1077
968	1059
971	1031
972	987
975	1001
977	1057
977	1095
980	1023
982	997
986	1025
988	1075
989	1029
991	1035
1011	1019
1012	1040
1013	1027
1020	1062
1023	1040
1029	1076
1034	1099
1036	1065
1039	1065
1048	1054
1048	1069
1051	1081
1051	1086
1051	1099
1060	1075
1069	1077
1072	1097
1079	1085
1085	1096
1086	1088