0	20
0	176
0	366
0	474
0	815
0	1090
1	469
1	834
2	720
3	93
3	371
3	804
3	817
4	646
4	704
4	707
4	758
4	970
4	1093
5	413
5	550
5	746
5	1012
6	66
6	109
6	251
6	460
6	645
6	651
6	697
6	961
7	67
7	81
7	747
8	349
8	553
8	989
8	1032
9	67
9	652
9	856
10	218
10	233
10	456
10	522
10	1010
10	1018
10	1080
11	56
11	162
11	872
11	960
11	1060
12	399
12	698
12	1042
12	1065
13	37
13	86
13	95
13	256
13	434
13	536
14	91
14	123
14	861
14	1037
15	33
15	195
15	201
15	317
15	620
16	428
16	514
16	895
16	941
16	953
17	172
17	200
17	388
18	303
19	506
19	582
19	768
19	828
20	164
20	188
20	526
20	567
20	613
21	279
21	475
21	649
21	826
21	1091
22	183
22	249
22	683
22	828
23	49
23	430
23	759
23	908
24	82
24	137
24	251
24	579
25	354
25	742
26	43
26	169
26	510
26	531
26	640
26	670
26	796
26	859
26	895
26	1074
27	846
28	44
28	203
28	492
28	604
28	920
29	42
29	85
29	254
29	776
29	888
30	76
30	90
30	300
31	89
31	154
31	533
32	303
32	710
33	437
33	569
33	653
33	704
34	220
34	314
34	530
34	767
34	788
34	832
35	106
35	357
35	440
35	561
35	569
35	607
35	897
35	914
35	944
35	990
36	187
36	278
36	774
36	878
36	903
37	242
37	349
37	454
37	618
37	771
37	806
38	197
38	379
38	581
38	593
38	733
38	935
38	951
39	89
39	91
39	160
39	574
39	630
39	865
40	406
41	204
41	585
41	607
41	915
41	1027
42	55
42	192
42	490
42	596
42	889
42	1071
43	516
43	583
43	601
43	765
43	842
44	177
44	1039
45	119
45	864
45	1078
46	635
46	681
46	702
46	896
46	921
46	963
46	971
46	1051
47	179
47	191
47	398
47	858
48	272
48	278
48	619
48	990
49	312
49	468
49	784
50	186
50	474
50	730
50	747
50	761
50	827
50	838
51	584
51	642
51	711
51	923
51	1075
52	125
52	151
52	438
53	81
53	619
53	827
54	174
54	251
54	259
54	523
54	792
54	794
54	1059
55	625
55	708
55	1049
56	142
56	152
56	1048
56	1058
57	122
57	357
57	490
57	516
57	838
58	265
58	285
58	338
58	1019
58	1058
58	1072
59	359
59	365
59	372
59	464
59	866
60	107
60	739
60	832
61	268
61	547
61	592
61	692
61	1067
62	831
63	226
63	747
63	819
63	936
63	941
64	119
64	689
64	800
64	1069
65	192
65	706
66	298
66	810
66	969
67	137
67	148
67	180
67	235
67	791
67	1033
68	287
68	734
68	759
69	252
69	315
69	826
69	1001
70	268
70	397
70	860
70	909
71	592
71	785
72	187
72	204
72	210
72	296
72	850
73	491
73	621
73	1080
74	588
74	922
75	344
75	483
75	892
76	414
76	483
76	561
76	591
76	751
76	915
77	419
77	596
77	1078
78	247
78	261
78	443
78	493
78	548
78	663
78	761
78	1004
79	432
79	457
79	512
79	785
79	1054
80	975
81	208
81	492
81	1056
83	289
83	403
84	396
84	671
84	728
84	923
84	948
84	1000
85	396
85	406
85	493
85	765
86	247
86	507
86	516
86	523
86	572
86	628
86	653
86	976
86	1034
87	169
87	956
87	1003
88	275
88	365
88	744
89	100
89	182
89	252
89	342
89	521
89	536
89	581
89	851
89	912
90	576
90	832
90	1074
91	323
91	371
91	565
91	599
91	775
91	812
91	841
91	878
92	191
92	862
93	131
93	869
93	956
94	449
94	458
94	561
94	1098
95	279
95	369
95	390
95	962
95	1021
96	333
96	394
96	643
97	176
97	189
97	304
97	792
98	630
98	871
99	337
99	410
99	770
99	827
100	312
100	543
101	111
102	336
102	711
103	454
104	388
104	642
104	965
105	119
105	341
105	561
105	756
105	867
105	1036
106	227
106	229
106	284
106	468
106	773
106	1056
107	249
107	898
107	980
107	1028
107	1091
108	111
108	636
108	798
108	799
109	144
109	346
109	620
109	671
109	883
109	887
110	253
110	311
110	563
110	749
110	977
111	333
111	341
111	355
111	802
111	818
111	1004
111	1034
112	509
112	558
112	914
112	1009
113	209
113	371
113	768
113	772
114	561
115	196
115	350
115	747
116	194
116	215
116	297
116	543
116	561
116	591
116	646
116	692
116	712
117	143
117	151
117	248
117	264
117	283
117	1092
118	285
118	591
118	604
118	678
118	931
119	309
119	390
119	476
119	774
119	797
119	939
119	1044
120	265
120	730
120	751
120	811
121	342
121	509
121	562
121	627
121	1001
121	1029
122	433
122	524
122	1004
123	156
123	355
123	898
124	132
124	441
124	543
124	560
124	848
124	882
124	959
125	217
125	374
125	444
125	478
125	645
126	173
126	507
126	566
127	238
127	566
127	771
128	375
128	510
128	592
128	966
128	978
128	1011
129	364
129	731
130	730
131	148
131	198
131	258
131	696
132	180
132	840
133	615
133	667
133	867
134	256
134	589
134	822
134	1035
135	779
135	857
136	549
136	775
136	842
136	858
136	1091
137	825
138	320
138	589
138	937
138	1056
139	381
139	536
139	563
139	895
139	1066
140	201
140	313
140	460
140	932
140	1026
140	1072
141	512
141	567
141	943
142	322
142	390
143	162
143	533
143	720
143	874
143	1018
144	303
144	771
144	883
145	720
145	876
145	1008
146	382
146	410
146	616
147	226
147	427
147	653
148	264
148	394
148	715
148	1077
149	524
149	857
150	276
150	564
150	737
150	888
150	991
150	1040
151	156
151	278
151	518
151	674
151	706
151	711
151	892
153	513
153	693
153	707
153	763
154	323
154	796
154	828
154	1045
155	253
155	586
155	1078
156	743
156	780
156	819
156	994
157	173
158	571
158	941
158	1042
159	164
159	248
159	393
159	521
159	689
159	924
160	348
160	363
160	413
160	549
160	796
160	892
160	1002
161	189
161	212
161	567
161	626
161	808
162	234
162	339
162	533
162	569
162	638
162	669
162	863
163	241
163	269
163	464
163	558
164	364
164	861
165	186
165	404
165	592
165	653
165	654
165	799
165	997
165	1086
166	711
166	757
166	887
167	347
167	436
167	690
168	205
168	429
168	787
168	920
169	178
169	179
169	804
169	811
169	934
169	1076
169	1093
170	792
171	245
171	686
172	206
172	560
172	873
173	262
173	473
173	743
173	798
174	569
174	660
175	258
175	371
175	640
176	621
176	779
176	1012
177	947
178	323
178	664
178	775
178	853
179	361
179	410
179	607
180	220
180	419
180	688
180	972
180	1011
181	193
181	372
181	501
182	265
182	701
182	1035
183	283
183	375
183	591
183	845
184	283
184	293
184	507
184	853
184	987
184	1072
185	202
185	432
185	560
186	994
187	528
187	719
187	1031
188	270
188	576
188	687
188	1025
189	395
189	622
189	1005
190	869
191	391
192	619
192	747
192	811
192	819
193	293
193	394
193	491
193	763
194	357
194	923
194	1082
195	277
195	347
195	459
195	494
195	537
195	812
195	945
195	1062
196	280
196	603
196	927
198	1077
199	319
199	496
200	599
200	636
200	769
200	927
201	760
202	368
202	728
202	964
203	320
203	700
203	1002
204	467
204	1068
204	1073
204	1083
205	538
205	727
205	964
205	1074
206	336
207	763
207	1092
208	381
208	387
208	634
208	957
209	263
209	660
209	822
209	1094
210	403
210	424
210	589
210	988
211	247
211	251
211	685
211	860
211	1072
212	265
212	716
212	820
212	962
213	746
213	947
213	983
214	224
214	522
215	707
215	828
216	485
216	1051
217	459
217	495
217	660
217	757
218	432
218	686
218	795
218	1047
219	226
219	876
220	986
221	484
221	985
222	784
223	695
224	261
224	557
224	613
224	691
224	847
224	956
224	1093
225	410
225	527
225	561
225	719
225	955
225	1091
226	470
226	574
226	932
227	303
227	315
227	728
227	841
228	522
228	834
228	909
228	996
228	1065
229	419
229	590
229	769
229	949
230	248
230	1003
231	320
231	622
231	907
232	607
232	611
232	640
232	784
232	877
232	998
233	522
233	532
233	557
233	571
233	985
233	1009
233	1094
234	322
235	540
235	1069
236	778
236	874
236	1016
237	426
237	504
237	627
238	401
238	558
239	348
240	586
240	1086
241	281
243	601
243	632
243	846
244	354
244	553
244	604
244	678
244	752
244	962
244	1078
245	461
245	755
245	765
246	271
246	315
246	673
246	711
246	762
246	817
247	273
247	802
248	259
248	265
248	269
248	782
248	965
249	622
249	762
250	591
250	1088
251	519
251	567
252	1064
252	1092
253	340
254	323
254	483
254	573
254	764
254	973
254	1085
255	689
255	802
255	944
256	872
256	912
257	432
257	735
257	786
257	950
257	1004
259	367
259	739
259	767
259	843
259	848
259	891
260	263
260	583
261	869
262	715
262	775
263	350
263	490
263	615
263	932
264	470
264	476
264	693
264	761
264	1036
265	819
266	576
266	909
266	917
267	540
267	770
267	1059
268	815
269	408
269	765
270	454
270	915
270	1017
271	508
271	584
271	671
271	1067
272	512
272	795
273	337
273	561
273	671
273	792
273	972
273	1099
274	486
274	597
275	391
275	684
275	1031
276	469
276	767
276	908
276	934
276	935
277	548
277	1058
278	356
279	501
279	510
279	514
279	755
280	416
280	433
280	545
280	836
282	412
282	617
282	833
282	902
283	478
283	521
283	524
283	913
283	1085
284	885
284	928
285	516
285	580
285	631
285	780
286	803
286	880
287	871
288	523
288	911
288	1010
289	398
289	928
290	402
290	429
291	319
291	799
291	906
291	1022
292	432
292	916
292	1045
293	504
293	993
294	502
295	961
296	635
297	873
297	980
298	522
298	857
298	950
299	343
299	689
300	302
300	518
300	854
301	383
301	667
301	828
301	902
302	322
302	356
302	416
302	448
302	536
302	720
303	401
303	487
303	734
303	750
303	902
303	1011
303	1019
304	422
304	553
304	627
304	1047
304	1085
305	608
305	956
306	721
306	867
307	392
308	386
308	602
308	890
308	937
308	977
308	1065
308	1093
310	371
310	629
310	657
310	965
311	450
311	461
311	952
311	1022
311	1023
311	1051
312	413
312	463
312	674
313	408
313	629
314	547
314	811
314	1008
315	469
315	498
315	592
316	1032
317	345
317	651
317	685
317	896
317	913
317	957
317	1025
317	1075
318	396
318	520
318	994
319	370
320	503
320	735
320	1078
321	427
321	480
321	1027
322	429
322	634
322	1079
322	1088
323	465
323	769
323	800
324	564
324	812
324	839
324	1018
325	483
325	507
325	657
325	1032
325	1086
326	521
326	803
327	511
327	515
328	595
328	1055
328	1092
329	448
329	475
329	628
329	825
329	942
329	954
330	526
330	851
331	358
331	460
331	872
331	915
331	978
331	1071
332	366
332	441
332	994
333	525
333	554
333	739
333	820
334	380
334	439
334	681
334	1031
335	471
335	559
335	924
336	424
336	654
336	1029
337	357
337	374
337	564
337	587
337	839
339	349
339	714
339	832
340	389
340	568
340	891
340	933
341	586
342	806
342	1053
343	440
343	808
343	877
344	512
344	788
344	800
344	866
344	908
344	951
344	969
345	454
345	492
345	607
345	1019
345	1028
346	423
346	943
347	764
347	858
348	572
348	990
348	1075
349	625
349	920
350	388
350	506
350	855
350	856
350	880
350	1022
350	1067
351	632
351	987
352	851
353	356
353	614
353	834
353	929
353	1028
354	358
354	850
355	507
355	971
357	384
357	616
357	1023
358	542
358	637
358	783
358	833
358	919
358	941
359	924
359	957
360	499
360	574
360	795
360	902
360	1044
361	618
361	993
362	617
362	634
362	1001
363	596
364	1067
364	1074
365	588
365	825
365	1091
366	617
366	1007
367	539
367	971
367	995
367	998
368	967
368	1007
369	480
369	555
369	663
369	719
369	905
369	922
370	389
370	395
370	1092
371	477
371	721
371	745
371	950
372	427
373	496
373	929
373	1004
373	1034
374	509
375	817
375	1007
376	768
376	784
377	495
377	949
378	624
378	768
379	575
379	949
380	621
380	844
381	811
381	1070
382	436
382	493
383	569
383	661
383	917
384	572
384	1092
385	529
385	553
385	655
385	993
385	1086
387	495
387	630
387	832
387	950
388	761
388	874
388	1087
389	403
389	920
390	465
390	535
390	538
390	684
390	789
390	857
390	905
390	1046
392	839
392	883
393	434
393	528
395	688
395	697
395	1077
396	715
396	864
396	867
397	932
397	1023
398	523
398	776
400	553
400	584
400	767
400	1022
401	668
402	612
402	956
403	413
403	433
403	797
404	499
404	548
404	730
404	1048
405	461
406	495
406	613
406	649
406	694
406	806
407	930
408	931
408	1068
409	515
409	606
409	636
409	964
410	555
410	619
411	833
412	646
412	809
412	928
413	922
414	503
414	996
415	490
416	575
416	636
417	487
418	585
418	844
418	898
418	922
418	981
418	1022
419	504
419	618
419	801
419	1011
420	987
420	1093
421	531
421	618
421	688
421	742
421	786
422	427
422	769
423	428
423	664
423	802
423	913
425	695
425	758
425	769
426	550
426	1054
426	1099
427	473
428	596
428	660
428	748
429	470
429	1073
430	829
431	633
431	695
431	986
432	466
432	591
432	650
432	1034
433	570
433	761
433	912
433	976
433	990
434	656
435	607
435	720
435	882
436	613
436	768
436	870
436	898
437	675
438	840
439	508
439	720
440	489
440	723
440	890
441	747
441	830
441	833
442	592
442	604
442	752
442	1006
443	553
443	560
443	756
443	811
443	868
443	888
443	922
444	493
444	520
444	563
444	863
445	484
445	670
445	850
445	917
445	1056
446	462
447	700
448	722
448	828
449	519
449	718
449	810
450	609
450	617
450	817
451	560
452	767
453	740
453	860
455	470
455	687
455	741
455	758
455	815
455	839
455	891
455	953
455	960
455	1026
456	479
456	650
456	754
456	983
457	467
457	705
458	773
458	808
458	888
458	919
459	479
459	554
459	589
459	735
459	804
460	577
460	692
460	1000
460	1052
461	755
461	887
461	957
461	1087
462	561
463	607
463	676
463	789
464	470
464	898
464	984
465	522
465	790
465	1072
466	532
467	798
467	1036
468	495
468	945
468	1009
469	590
469	850
469	887
469	930
469	1039
471	474
472	816
473	819
473	964
474	911
474	1065
475	900
476	760
477	575
477	891
477	973
478	645
478	674
479	704
479	716
479	875
479	903
480	659
480	777
480	881
480	910
481	615
481	740
481	842
481	957
481	1015
482	548
482	901
483	549
484	847
484	890
485	971
486	508
486	676
486	771
486	837
486	873
487	654
487	689
487	793
487	902
487	1069
488	510
489	564
489	918
489	1031
491	541
491	855
491	904
493	500
493	629
493	665
494	697
494	719
494	777
494	965
494	977
494	1052
495	603
495	836
495	844
496	674
496	864
496	1052
497	628
497	902
499	689
499	769
499	772
500	858
500	1071
502	516
502	530
502	638
502	1021
503	547
503	599
503	843
504	765
504	811
504	895
505	518
505	645
505	657
505	818
505	872
506	896
506	916
507	520
507	533
508	723
508	930
508	931
508	1082
509	629
509	739
510	750
510	848
510	1050
511	738
511	808
512	725
513	558
513	1022
514	767
514	815
515	601
515	672
515	816
516	542
516	853
516	1077
516	1084
517	798
517	972
517	974
518	571
518	602
518	712
518	842
518	998
519	722
519	839
519	964
519	1068
520	532
520	672
520	977
521	1047
522	1026
523	576
523	713
523	762
523	1033
524	527
524	1061
524	1083
525	606
525	883
525	1084
526	776
526	914
527	573
527	801
528	555
528	755
528	908
529	686
529	832
529	921
530	925
531	672
531	840
532	695
532	737
532	1038
533	566
533	609
533	865
534	783
534	991
534	1092
535	994
536	694
537	771
537	939
538	566
538	884
538	1034
539	809
542	603
543	724
544	658
545	561
545	648
545	756
546	740
546	814
547	952
547	997
547	1005
548	668
548	942
549	651
549	655
549	851
550	596
550	821
550	950
551	717
551	868
552	572
552	786
553	558
553	600
553	608
553	733
553	1036
553	1057
553	1072
554	844
555	680
555	812
556	623
557	644
557	745
558	669
558	749
558	871
558	927
560	600
560	705
561	642
561	912
563	578
563	747
564	629
564	962
565	578
565	764
566	679
567	903
568	814
568	834
571	849
571	927
572	712
572	978
572	1075
573	640
573	783
573	1043
575	881
575	1033
576	723
576	743
576	848
576	1064
577	610
578	872
579	603
579	1007
580	598
581	1084
582	1076
583	737
583	1094
584	612
584	745
585	730
586	957
587	622
588	599
588	1023
589	943
589	973
589	987
589	1058
592	621
593	615
593	650
593	1098
594	798
595	846
595	923
596	897
596	919
596	1017
596	1071
597	658
598	921
598	1003
599	648
599	952
600	639
600	807
600	889
601	621
601	1028
602	813
602	818
602	981
604	754
604	965
604	1003
605	781
605	1063
605	1092
608	622
608	730
609	722
609	841
610	934
610	982
612	835
612	1083
615	935
615	942
616	621
616	923
616	937
616	1021
616	1044
619	839
619	942
619	1086
620	706
620	1002
621	1061
623	687
623	921
623	954
623	1051
625	939
626	797
626	978
627	845
628	664
628	866
628	967
629	783
630	795
630	945
630	953
630	1013
630	1038
633	937
633	1055
633	1078
634	908
634	923
634	982
634	1010
635	824
636	816
638	807
638	852
639	707
639	827
639	1005
640	699
640	713
640	831
641	671
641	681
641	1038
642	868
642	930
642	942
642	1084
643	651
643	709
644	812
644	1067
645	1063
646	858
647	732
647	941
647	970
647	989
647	1026
647	1070
647	1088
648	994
649	678
649	725
649	1021
650	1025
652	741
652	829
653	730
653	898
653	1029
653	1068
656	913
656	923
657	708
657	803
657	1028
659	664
659	746
659	992
660	994
660	1074
662	817
663	765
663	947
663	1085
664	1024
665	688
665	917
665	1083
666	786
666	818
666	970
666	995
666	1048
667	1020
668	926
669	728
671	711
671	787
671	946
671	1049
672	1085
673	886
673	1090
674	729
674	848
674	1074
676	804
676	846
676	890
676	985
677	795
677	810
677	1069
678	1032
680	696
681	756
681	1079
682	938
682	953
684	788
684	872
685	830
685	1085
686	935
686	1039
687	769
687	846
687	1015
687	1026
688	701
688	987
690	900
691	1075
692	1035
693	766
693	879
693	885
694	1004
694	1013
694	1062
694	1079
695	778
695	900
695	940
696	1019
697	1011
697	1043
697	1056
698	791
698	861
698	906
698	923
699	848
700	917
701	869
702	771
703	951
704	983
705	746
705	940
705	991
706	861
707	850
707	867
708	717
708	724
708	753
708	937
709	964
709	968
710	815
710	910
712	877
714	863
715	778
715	831
715	1078
716	1079
717	890
720	911
720	941
720	1067
722	811
722	1099
723	775
725	813
725	822
725	1073
726	861
726	1041
729	788
729	1084
731	889
732	744
733	790
733	1047
734	866
734	959
735	899
736	1035
737	775
737	943
737	970
738	982
738	1025
739	760
739	1096
740	873
742	797
742	995
747	760
747	794
747	843
747	861
747	949
750	808
750	920
750	1050
750	1071
751	931
751	1031
752	1068
754	790
755	775
755	1041
757	769
757	850
758	1020
759	768
759	850
759	863
759	1040
761	888
763	970
765	946
769	869
772	816
772	1064
773	1049
774	809
774	891
774	1013
775	1038
776	963
777	896
777	984
779	1099
780	956
781	887
782	977
784	862
784	930
784	1038
785	851
785	874
785	1020
786	816
786	874
787	859
788	822
790	870
790	1030
791	853
791	902
794	859
794	930
794	954
795	906
795	927
795	1051
796	922
796	994
799	989
800	1048
801	908
802	1050
803	1092
804	887
804	917
805	914
805	1033
806	809
806	830
807	856
807	863
808	899
809	1069
810	928
810	964
812	843
812	1058
814	1060
815	1093
817	992
817	1026
819	881
819	930
821	1089
822	991
822	1005
822	1092
823	1062
824	1034
824	1086
825	892
827	1010
832	962
833	1023
834	1058
836	901
836	1060
836	1095
837	920
837	947
838	917
839	903
839	923
841	952
841	1083
843	1025
844	1081
845	959
846	1026
848	1050
850	1079
851	940
851	1018
855	969
855	1041
858	889
858	1046
861	930
862	1060
863	1048
864	905
865	930
866	989
868	933
868	1001
869	876
869	1028
872	1002
873	934
880	999
880	1031
881	996
885	947
885	1008
885	1036
889	1057
891	894
892	908
893	950
895	1095
897	1000
898	899
899	982
901	1010
903	911
904	974
906	990
906	1085
908	1069
909	948
910	1028
911	950
913	940
914	933
916	967
919	1079
921	947
922	980
923	1052
924	951
926	961
926	987
927	988
928	951
930	933
930	1054
931	975
940	992
942	1092
943	1015
943	1087
944	1031
944	1048
945	1013
949	1012
953	970
953	983
955	1023
957	1020
958	1014
958	1087
964	1019
968	1049
969	1065
970	1065
972	985
972	1062
973	1044
974	1040
976	1097
977	1032
978	1003
979	1083
979	1084
983	1002
983	1035
983	1040
985	986
986	1017
988	1034
990	1078
991	1096
993	997
994	997
994	1023
996	1085
998	1003
1000	1006
1001	1040
1009	1056
1009	1088
1030	1056
1034	1080
1044	1074
1047	1067
1049	1064
1068	1077
1071	1087
1079	1097
1084	1091