0	348
0	487
0	692
0	841
0	903
1	129
1	564
1	646
2	411
2	795
2	1031
3	110
4	345
4	411
4	464
4	746
5	590
5	749
5	979
5	986
5	1065
6	60
6	101
6	136
6	231
6	233
6	614
6	684
6	765
6	801
6	1087
7	160
7	193
7	410
7	572
7	659
7	714
7	779
8	37
8	862
9	1004
10	139
10	364
10	473
10	563
10	728
11	32
11	100
11	551
11	729
11	745
12	139
12	326
12	397
12	449
12	646
12	851
12	891
13	77
13	413
13	642
13	702
13	814
13	932
14	50
14	80
14	312
14	329
14	739
14	899
15	54
15	263
15	440
15	471
15	1003
15	1020
16	368
16	438
16	450
16	583
17	468
17	502
17	717
17	782
17	820
17	1071
17	1099
18	413
18	907
19	252
19	736
20	300
20	721
20	953
20	1056
20	1093
21	33
21	329
21	368
21	373
21	565
21	634
21	716
21	719
22	318
22	476
22	514
22	584
22	776
22	811
22	895
22	1032
23	309
23	463
23	704
23	813
23	988
24	206
24	207
24	568
24	700
24	811
25	982
25	989
26	72
26	178
26	325
26	346
26	363
26	737
26	932
27	1031
28	113
28	321
28	357
28	528
29	321
29	790
29	894
29	968
30	109
30	715
30	974
31	435
31	679
31	793
32	37
32	180
32	597
32	715
32	824
33	68
33	711
33	901
34	89
34	532
34	678
34	795
34	796
35	222
35	939
35	1027
35	1047
36	519
36	656
37	62
37	410
38	336
38	978
39	218
39	266
39	636
40	188
40	700
40	841
40	923
40	951
40	1026
41	177
41	209
41	245
41	527
41	998
41	1040
42	276
42	417
42	545
42	928
42	1019
42	1034
43	252
43	303
43	434
43	659
44	97
44	280
44	630
44	730
45	88
45	1082
46	197
46	279
46	466
46	813
47	76
47	79
47	195
47	319
47	597
48	296
48	326
48	442
48	752
48	947
49	97
49	528
49	934
50	522
50	543
50	677
51	927
51	940
52	127
52	680
52	688
52	1064
53	93
53	264
53	733
54	454
54	1061
55	78
55	92
55	125
55	381
55	399
55	688
56	136
56	395
57	965
58	158
58	851
58	895
59	345
59	430
59	701
59	922
60	178
60	738
60	868
61	646
61	903
61	923
61	1045
62	189
63	328
63	447
63	1028
64	66
64	238
64	336
64	499
64	736
65	175
65	285
65	991
66	654
67	153
67	160
67	226
67	239
68	113
69	217
69	702
69	870
69	892
69	1031
70	566
71	228
71	768
71	949
71	954
71	1028
71	1039
72	299
72	401
72	937
73	621
73	909
73	964
74	95
74	366
74	1094
75	620
75	702
75	754
75	758
75	830
75	867
75	901
75	906
76	208
76	490
76	708
77	372
77	640
77	906
78	330
78	621
78	673
78	894
78	1058
79	171
79	1016
79	1065
80	119
80	133
80	374
80	600
80	982
80	1009
80	1049
81	131
81	408
81	471
81	672
81	864
81	1071
82	203
82	312
82	511
82	935
83	412
84	326
84	445
84	448
84	832
84	856
85	106
85	791
85	967
86	621
87	550
88	197
88	264
88	522
88	574
88	917
89	102
89	136
89	944
90	960
91	260
92	114
92	702
92	762
92	1035
93	463
93	533
93	871
94	177
94	456
94	537
94	539
95	169
95	738
95	1052
96	205
96	224
96	688
96	816
96	864
96	926
97	297
97	623
97	799
98	124
98	477
98	540
98	989
98	1006
98	1084
99	136
99	351
99	669
99	767
99	872
99	968
100	623
100	661
100	947
100	1058
101	134
101	231
101	636
102	356
102	800
102	851
102	1095
103	731
103	895
104	181
104	858
104	1029
104	1079
105	115
105	238
105	288
105	604
105	840
105	1005
105	1045
106	122
106	689
107	499
107	575
107	885
107	1077
107	1079
108	272
108	320
108	640
108	930
109	114
109	402
109	844
109	974
110	151
110	441
110	770
111	467
111	523
111	593
111	654
111	774
112	409
112	563
112	930
113	229
113	387
113	568
113	622
113	996
114	161
114	371
114	426
114	441
114	510
114	736
115	326
115	471
115	729
115	836
116	172
116	335
116	637
116	670
116	839
117	391
117	690
117	729
117	861
117	1051
118	354
118	617
118	975
119	609
119	638
119	859
119	1014
120	220
120	387
120	518
120	576
120	820
121	579
122	169
122	323
122	462
122	463
122	719
122	961
122	969
123	490
123	758
123	1030
123	1048
124	883
124	986
125	443
126	346
126	560
127	154
127	516
127	760
127	1027
128	138
128	217
128	594
128	798
128	1075
130	395
130	503
131	133
131	182
131	466
131	539
131	568
131	641
131	801
131	913
131	931
131	1019
132	350
132	555
132	714
132	742
133	434
133	663
134	332
134	603
135	318
135	842
135	876
137	196
138	173
138	234
138	298
138	604
138	849
139	196
139	814
139	1084
140	257
140	413
140	527
140	791
140	846
140	986
140	1005
141	382
141	565
141	628
142	646
142	716
142	752
142	774
142	940
143	875
144	589
144	860
144	1007
145	167
145	295
145	683
145	712
145	775
145	813
146	488
146	544
146	647
146	1093
147	192
147	259
147	268
147	441
148	157
148	399
148	776
149	226
149	666
149	701
149	790
150	187
150	209
150	272
151	453
151	753
151	858
151	1090
152	190
152	659
152	909
152	989
153	880
153	920
154	832
154	991
155	499
155	854
155	1024
156	416
157	571
157	611
157	643
157	1005
158	460
158	1081
159	190
159	218
159	369
159	373
159	715
160	420
161	343
161	442
161	861
161	1091
162	298
162	328
162	432
162	550
162	832
162	902
162	923
163	251
164	217
164	235
164	293
164	494
164	521
164	933
165	556
165	598
165	782
165	856
165	1071
166	485
166	542
166	773
166	959
167	966
168	227
169	324
170	252
171	662
171	675
171	872
172	491
173	241
173	301
173	1021
174	214
174	296
174	415
174	517
174	519
174	612
175	347
175	731
176	326
176	886
177	360
178	319
178	383
178	769
179	603
179	871
180	432
180	672
180	713
180	926
181	258
181	440
181	503
182	726
182	943
183	269
183	362
183	540
183	570
183	679
183	842
183	856
183	930
184	455
184	639
185	374
186	699
186	852
187	303
187	666
187	915
188	581
188	621
188	773
189	319
189	375
189	473
189	873
190	319
191	759
192	450
192	559
192	810
192	823
192	886
193	730
194	479
194	807
194	848
195	218
195	299
195	534
195	963
195	1000
196	276
196	540
196	654
197	452
197	765
197	914
197	1062
198	873
199	566
199	740
199	784
199	958
200	388
200	654
200	1099
201	271
201	329
201	493
201	684
201	994
202	219
202	663
202	1057
203	478
203	1009
204	394
204	444
204	950
204	960
205	752
205	916
206	244
206	315
206	345
206	669
206	765
207	353
207	731
207	763
207	766
207	824
207	875
208	254
208	398
208	518
208	712
208	812
208	976
209	343
209	526
209	735
209	796
209	1055
210	220
210	359
210	527
210	684
210	689
210	812
210	879
210	1066
211	469
211	752
211	802
212	705
212	755
212	950
213	311
213	353
213	795
213	958
214	513
214	716
214	946
214	970
215	548
215	1089
216	310
216	311
216	411
216	614
216	931
216	983
217	293
217	495
217	499
217	718
217	742
218	268
218	455
218	493
218	641
218	747
218	788
218	820
218	980
219	325
219	781
219	857
220	732
220	853
220	911
220	926
221	357
221	410
221	840
222	468
223	318
223	343
223	654
223	793
223	956
223	1007
224	257
224	1051
225	403
225	758
225	977
226	558
226	983
227	758
228	280
228	371
228	591
228	645
228	858
228	904
228	1032
229	1026
230	234
231	278
231	639
231	910
232	456
232	458
232	629
232	1009
233	305
233	344
233	583
234	330
234	616
234	1054
235	541
235	762
235	920
236	715
236	860
236	861
237	257
237	757
237	889
238	1024
238	1041
239	644
239	1075
240	273
240	723
240	785
240	842
240	943
240	1000
241	276
241	312
241	390
241	430
241	906
241	1023
242	523
242	943
243	421
243	552
243	557
243	775
244	893
244	988
246	286
246	716
246	759
246	894
247	298
247	302
247	431
247	436
247	471
247	495
247	786
247	801
247	1049
247	1082
248	744
249	299
249	302
249	558
250	381
250	577
250	706
250	853
250	886
250	943
250	1048
251	319
251	535
251	580
251	657
252	338
252	760
252	764
252	800
253	571
253	669
254	946
254	1052
255	1067
256	752
256	797
256	907
257	864
258	646
258	678
258	906
258	969
259	542
259	644
259	862
260	700
260	802
261	402
261	573
261	834
261	1041
261	1053
262	293
262	398
263	780
263	830
263	845
264	494
264	549
264	720
265	312
265	804
265	870
266	463
266	621
266	677
266	872
266	922
266	993
266	1035
267	1083
268	366
268	433
268	764
268	782
268	867
268	1035
269	558
269	860
269	1003
269	1083
270	862
270	926
270	1011
270	1034
270	1075
271	306
271	518
271	861
272	796
272	1078
273	275
273	464
274	317
274	477
274	493
274	619
274	632
274	740
274	982
275	439
275	528
275	648
275	723
275	775
276	474
277	813
278	287
278	677
278	745
278	789
279	826
280	530
281	417
281	739
282	475
283	1093
284	772
284	843
285	440
285	817
286	1049
286	1078
287	837
288	486
288	919
288	964
288	1004
289	457
290	752
291	596
291	794
291	844
292	425
292	591
292	685
292	1029
292	1051
293	716
293	827
293	1050
294	612
295	801
295	805
295	812
295	959
296	404
296	470
296	552
296	679
296	730
296	803
296	1055
297	366
297	532
297	724
297	824
297	902
298	322
298	603
299	573
299	786
299	1007
299	1021
300	507
301	346
301	642
301	718
301	736
301	1012
302	889
302	1048
303	1037
304	656
305	935
305	968
307	784
308	709
308	862
308	1037
309	377
309	640
310	399
310	433
310	529
310	543
310	717
311	391
311	547
311	698
312	836
312	1007
313	500
313	597
313	958
313	1038
314	415
314	909
315	858
315	937
315	1034
316	503
316	539
316	599
316	755
316	1018
317	391
317	496
318	398
318	435
318	502
318	713
318	1022
319	324
319	442
319	604
319	611
319	700
320	608
320	885
321	654
321	915
321	996
322	654
322	1002
323	374
323	630
323	984
324	362
324	677
324	1078
325	527
325	684
325	825
325	937
326	428
326	794
326	847
326	1059
327	440
327	559
327	722
327	1032
328	350
328	479
328	1063
328	1071
329	531
329	550
329	674
329	919
329	1081
330	373
330	512
330	733
331	561
331	571
331	707
331	933
331	1024
332	424
332	771
332	799
332	938
333	381
333	688
334	544
334	714
334	727
334	858
334	913
336	501
337	907
338	920
339	344
339	446
339	613
339	722
339	787
340	394
340	529
340	745
341	616
341	660
341	741
341	838
342	850
342	930
343	702
343	716
343	1019
344	441
344	493
344	838
344	926
344	937
344	971
345	700
345	702
345	992
345	1013
346	400
346	514
346	818
346	1070
347	779
347	937
349	578
349	815
349	920
350	386
350	471
351	394
352	604
353	686
354	661
354	678
354	680
354	963
354	972
355	437
355	507
355	1085
356	426
356	500
356	704
356	710
356	970
356	972
357	538
357	603
357	1006
357	1060
358	497
358	595
358	646
358	779
358	1019
359	489
359	517
359	590
359	827
359	1045
360	444
360	983
361	458
361	795
361	890
361	1002
362	366
362	418
362	489
362	585
362	961
362	971
363	864
363	1018
364	429
364	594
364	732
365	603
365	737
366	1001
367	416
367	462
367	690
367	932
367	1051
368	398
368	714
369	1015
370	452
371	399
371	733
372	399
372	503
372	573
372	610
372	961
372	1078
373	386
373	401
373	521
373	702
373	1061
374	394
374	792
374	1074
375	531
376	748
376	819
376	909
376	1050
377	828
378	588
378	1006
379	788
379	821
379	972
380	418
380	611
380	861
380	950
381	470
381	776
381	1043
381	1086
381	1094
381	1098
382	405
382	554
382	657
383	665
383	698
383	812
384	663
384	848
384	897
385	598
385	725
385	1094
385	1096
386	525
386	921
386	1039
387	416
387	816
387	940
387	1023
387	1076
388	550
388	559
388	663
388	667
388	683
389	468
389	532
389	654
390	536
390	853
391	432
392	468
392	779
393	672
394	519
394	778
394	938
395	531
395	849
396	436
397	437
397	903
397	1003
398	539
398	654
398	977
399	472
399	772
399	1018
400	403
400	452
400	488
400	571
400	810
401	928
402	843
402	980
403	707
404	637
404	716
405	529
405	602
406	572
406	636
406	686
406	790
407	765
407	790
407	950
407	1026
407	1093
408	823
410	452
410	924
410	1031
410	1059
411	530
411	538
411	738
411	813
411	937
411	973
411	1086
412	562
412	669
412	812
412	992
412	1085
413	936
413	1040
414	516
415	592
415	626
416	867
417	963
418	655
418	670
418	884
418	1040
419	573
419	620
419	665
420	587
420	1004
422	509
423	596
423	687
424	560
424	809
424	929
425	529
425	847
426	610
427	568
427	862
427	973
428	694
428	965
429	434
429	682
429	872
429	930
429	1012
430	549
431	515
431	1003
431	1028
432	762
432	928
432	1042
432	1046
432	1071
433	987
434	617
434	980
435	751
435	798
435	967
435	1073
435	1090
436	620
436	707
436	711
437	685
437	791
438	622
438	787
438	871
438	877
439	584
439	731
439	773
439	888
439	942
440	838
441	907
442	531
443	500
443	675
443	842
444	619
444	627
445	811
446	797
447	802
447	943
448	822
449	565
449	614
449	749
450	487
450	554
450	867
451	543
451	690
451	912
451	1073
452	570
452	598
452	693
452	796
452	824
452	1039
453	589
453	795
453	815
454	701
455	592
455	676
456	463
456	740
456	826
457	507
457	800
457	837
457	1047
458	575
458	757
458	774
458	1012
459	839
460	1040
461	491
461	536
461	673
462	531
462	532
462	757
462	978
463	869
464	860
465	467
465	478
465	633
466	785
466	979
467	550
467	963
468	653
469	830
469	898
470	514
470	848
471	870
471	892
471	949
471	1075
471	1086
473	759
473	1039
474	689
474	755
474	969
475	726
475	981
475	999
476	509
478	508
478	510
480	618
480	1090
481	543
481	685
482	553
482	703
483	512
484	577
484	1041
485	512
485	902
486	763
486	1010
488	837
488	924
488	991
489	797
489	1056
490	642
490	947
490	1066
491	505
491	995
491	1013
492	493
492	516
492	532
492	762
492	774
493	1068
494	684
494	891
495	525
496	803
497	802
497	1036
498	648
498	757
499	1084
500	773
501	833
502	1089
503	905
503	948
503	1041
504	536
504	786
505	566
505	1006
506	683
506	931
507	740
507	1062
509	627
512	632
513	556
513	975
514	520
514	523
514	717
514	791
516	517
516	537
516	873
517	661
517	977
518	681
518	824
518	850
518	1036
519	668
519	906
520	733
520	816
521	964
522	530
522	784
522	877
522	888
523	609
523	695
524	750
524	889
524	964
525	592
525	980
526	686
526	795
526	834
526	944
526	997
526	1094
527	554
527	646
528	774
529	646
529	720
530	606
530	886
531	697
531	915
532	692
532	728
532	861
535	567
535	578
535	660
535	892
535	1014
536	804
537	732
537	1055
538	657
538	911
538	1036
539	794
539	822
540	774
540	868
541	616
541	646
542	647
542	1048
543	752
543	809
543	913
544	675
544	765
545	792
545	793
546	647
546	1070
547	983
547	1047
549	628
549	776
550	864
550	1053
552	940
553	582
553	856
553	1044
554	739
555	711
555	759
555	774
555	817
555	930
555	957
556	867
557	584
557	687
557	699
557	814
558	928
558	1008
559	900
560	655
560	794
560	1099
561	753
561	1003
561	1032
563	584
563	714
565	607
565	813
565	828
566	661
567	929
567	960
567	1014
568	696
569	772
569	872
570	579
570	967
570	985
570	1011
571	620
571	757
571	1099
572	669
573	1036
574	647
574	712
575	596
575	963
576	769
576	852
576	878
576	916
576	936
577	655
577	834
577	918
578	621
578	722
578	917
578	921
582	586
582	675
582	822
583	596
583	637
583	755
585	730
585	759
585	876
585	1029
586	595
586	724
586	734
587	670
587	697
587	710
587	901
588	698
588	741
588	777
590	630
590	911
590	1088
591	619
591	635
591	789
591	822
594	673
594	702
594	790
594	846
595	856
597	905
597	1089
599	1024
600	906
600	916
600	957
600	1039
601	1074
601	1082
602	1025
602	1045
604	746
605	727
605	745
605	874
606	641
607	750
607	961
608	640
608	770
608	784
608	993
609	1061
611	829
611	1014
612	682
612	775
612	877
612	900
613	621
613	776
613	1008
615	830
615	995
616	985
616	1032
617	960
617	1002
619	1034
619	1080
620	818
620	921
620	1001
621	964
622	874
623	898
623	1005
624	912
625	722
625	842
626	781
626	906
627	732
630	682
630	1046
631	655
631	709
631	956
631	982
632	767
633	709
633	724
633	931
634	760
634	835
634	1099
636	865
636	885
637	1080
638	709
638	778
638	801
639	984
640	939
641	828
641	891
643	1019
644	727
644	957
644	959
645	711
645	746
645	843
645	849
645	973
645	1061
646	746
646	929
646	960
646	1079
647	756
647	818
647	1062
648	1015
649	704
649	712
649	818
649	940
649	1063
650	683
650	782
650	887
651	757
651	855
651	923
652	746
652	908
652	965
653	727
654	1064
655	1040
656	1092
658	665
660	747
660	762
660	1064
661	780
661	797
662	852
663	862
664	1013
664	1051
664	1058
665	710
665	950
667	896
667	982
667	1059
667	1062
669	1002
670	944
670	1051
671	823
671	825
671	939
672	932
673	992
675	739
675	746
675	899
676	950
679	1008
679	1039
679	1076
683	711
683	721
683	1084
686	697
686	701
687	738
687	846
687	1097
689	864
689	1097
690	947
690	974
691	1073
692	747
693	1094
694	919
695	992
697	814
698	705
698	749
698	840
698	911
698	928
698	1037
699	864
699	1043
701	1060
702	1030
704	942
704	960
705	829
707	1019
708	721
708	901
709	716
709	724
710	788
710	811
711	800
711	1004
712	849
714	797
714	869
714	942
715	851
715	1011
716	976
716	1095
718	758
719	805
719	930
719	1086
719	1092
719	1098
720	882
720	935
720	1024
720	1035
721	1064
722	773
722	988
723	1015
723	1022
726	748
726	769
726	1058
728	744
729	756
729	919
729	983
729	1034
729	1072
730	881
730	904
731	954
732	933
732	941
732	982
734	736
734	992
738	800
738	969
740	1080
742	1033
742	1042
743	785
743	836
743	1003
746	861
747	830
747	950
749	777
749	854
749	935
749	1012
750	905
750	911
752	972
752	1064
755	793
756	923
757	908
757	1093
758	766
759	1042
760	923
761	783
761	879
761	916
765	793
765	900
765	1099
766	772
766	1022
766	1080
767	781
768	1055
769	841
769	1028
770	789
770	823
771	793
774	1026
775	843
775	933
775	1006
778	955
779	858
779	903
781	1092
781	1099
783	973
783	1015
783	1072
784	808
784	931
785	833
789	1005
791	794
791	852
794	994
795	805
795	806
797	863
799	946
800	804
800	965
800	1029
801	985
802	857
802	995
804	972
805	1081
809	877
811	879
813	1053
815	1024
817	918
819	838
820	1099
822	1018
823	1094
824	859
824	984
825	898
828	1014
828	1064
829	898
829	942
831	850
831	1037
833	1056
834	1014
835	1053
835	1066
837	1048
838	861
838	892
838	1069
839	893
839	897
839	992
839	1093
844	937
844	975
845	858
845	1080
848	871
849	949
849	1086
850	1056
851	877
856	1034
860	1040
862	972
863	944
865	1004
865	1075
865	1094
866	877
866	966
867	1048
867	1064
868	941
869	1041
870	875
871	1097
872	1028
873	1059
874	877
874	1017
875	939
875	991
876	1045
876	1090
878	1094
879	955
880	911
880	1034
882	974
885	1046
886	889
888	1035
889	1004
889	1074
891	1070
892	1049
893	1062
896	910
896	921
897	1024
897	1081
899	1050
899	1060
900	992
903	905
905	1004
905	1089
905	1091
906	1023
909	1074
911	1079
912	919
912	1015
915	1006
916	966
917	989
918	962
918	1092
920	1052
921	1003
921	1090
924	999
925	976
926	998
930	991
931	962
932	1062
932	1097
937	989
943	1072
945	1028
946	991
946	1003
946	1074
947	1075
952	1052
954	1006
955	964
958	999
970	995
972	1046
974	984
976	992
977	1081
980	1012
988	1007
989	1028
990	1043
994	1056
1001	1030
1002	1028
1005	1085
1007	1047
1008	1013
1012	1059
1013	1078
1014	1086
1020	1028
1022	1070
1027	1034
1029	1049
1032	1066
1033	1065
1036	1061
1038	1040
1038	1082
1042	1078
1047	1064
1051	1096
1053	1099
1058	1097
1064	1065
1067	1073
1068	1081
1071	1072
1080	1093