0	345
0	487
0	488
0	557
0	655
0	687
0	1049
1	888
1	911
2	210
2	494
2	662
2	938
2	1014
3	335
3	547
3	670
3	893
3	916
4	90
4	778
4	1070
5	39
5	579
6	145
6	218
6	222
6	295
6	738
6	924
7	411
7	815
8	192
8	492
8	897
9	530
10	784
10	1096
11	148
11	150
11	402
12	765
12	769
12	1000
13	118
13	774
14	462
14	830
14	1018
14	1021
14	1070
15	738
16	843
17	606
17	790
18	549
18	575
18	708
18	1068
19	29
19	189
19	245
19	343
19	509
19	1011
20	187
20	233
20	288
20	326
20	667
20	814
20	980
21	123
21	419
21	656
21	685
21	903
21	978
22	151
22	279
22	378
23	399
23	692
23	922
23	1010
24	164
24	433
24	721
24	977
25	280
25	681
25	816
26	960
26	964
27	716
27	724
27	756
28	62
28	99
28	123
28	220
28	441
28	655
28	865
28	914
29	472
29	842
29	997
30	59
30	184
30	636
30	693
30	700
31	563
31	860
32	269
32	336
32	918
33	46
33	79
33	137
33	436
33	645
34	88
34	319
34	370
35	101
35	197
35	582
35	1091
36	515
36	921
37	139
37	323
37	607
37	663
37	932
38	44
38	603
38	1089
39	633
39	886
40	964
41	173
41	186
41	672
41	720
42	1045
43	621
43	1038
44	951
45	138
45	486
45	547
45	594
45	602
46	409
46	599
46	651
47	574
48	622
48	718
48	1004
49	487
49	1063
50	352
50	466
51	1033
51	1036
51	1053
51	1089
52	161
53	568
53	721
53	779
54	260
54	321
55	357
55	454
55	525
55	549
55	608
55	747
56	340
56	349
56	720
56	771
57	231
57	317
57	382
57	847
57	1010
58	135
58	341
58	554
58	759
58	786
58	1035
59	244
59	343
59	679
59	686
60	62
60	83
60	520
61	320
62	113
62	308
62	366
62	469
62	985
63	222
63	226
63	343
64	385
64	421
64	502
64	767
64	904
64	907
64	947
65	270
65	484
65	633
65	844
65	865
66	137
66	564
67	315
67	505
67	702
67	742
68	120
68	902
68	966
69	220
69	350
69	587
69	722
69	991
70	354
70	392
70	465
70	641
71	180
71	509
71	548
71	708
71	1032
71	1096
72	173
72	571
72	695
72	918
72	943
73	707
73	758
73	768
73	861
74	414
74	665
74	702
74	805
75	348
75	606
75	686
75	748
75	793
76	151
76	537
76	942
77	122
77	883
77	892
78	564
78	951
78	966
79	422
79	746
79	993
80	281
80	316
80	415
80	642
80	960
80	1034
81	119
81	174
81	182
81	194
81	754
81	924
81	969
82	293
82	757
82	848
82	1094
83	241
83	306
83	307
83	395
83	727
83	873
84	723
84	832
85	96
85	339
85	703
86	180
86	326
86	344
86	724
86	977
87	127
87	400
87	1020
88	232
88	576
89	130
90	588
90	601
90	769
90	1087
91	659
91	701
91	711
91	766
91	995
91	1069
92	610
92	765
92	827
93	120
93	192
93	371
93	761
93	850
93	916
94	386
95	410
95	505
95	792
95	804
95	850
95	1099
96	153
96	685
96	792
96	828
96	1089
97	390
97	750
97	853
98	238
98	260
98	325
98	781
98	829
98	835
98	1082
98	1090
98	1096
99	333
99	519
99	733
99	782
99	799
100	668
101	299
101	350
101	783
101	885
101	1096
102	372
102	872
102	901
103	421
103	833
104	671
105	123
105	599
105	765
105	872
106	125
106	451
106	748
106	1089
107	553
108	250
108	311
108	313
108	788
108	1053
109	236
109	445
109	475
109	1065
110	237
110	246
110	780
110	914
111	171
111	308
111	470
111	611
111	730
111	887
111	915
111	925
111	1038
111	1074
112	483
112	894
112	1022
113	140
113	402
113	619
113	690
113	789
113	1050
114	139
114	1037
115	551
115	640
115	724
115	756
116	468
116	559
117	157
117	450
117	1097
118	786
118	811
119	907
119	1098
120	226
120	528
120	699
121	361
121	363
121	401
121	989
122	178
122	293
122	310
122	370
122	1012
122	1045
124	233
124	380
124	978
125	456
125	649
126	235
126	341
126	1043
126	1089
128	549
129	613
129	905
130	503
130	511
130	516
130	1094
131	372
131	524
131	560
131	700
131	1051
132	443
132	635
132	715
132	746
132	892
132	960
133	199
133	780
133	897
133	1008
134	210
134	849
134	990
135	435
135	481
136	597
137	1092
138	506
138	591
139	254
139	615
139	776
139	947
139	1051
139	1057
140	440
140	460
140	482
140	541
140	556
141	456
141	586
141	773
141	1075
142	383
142	538
142	769
142	940
142	976
142	977
142	987
143	386
144	216
144	294
144	347
144	845
144	1034
145	429
145	626
145	954
146	203
146	539
146	557
146	932
147	266
147	479
147	664
147	1072
148	446
149	467
149	606
149	608
149	794
149	809
149	866
150	250
151	320
151	568
151	583
151	965
152	153
152	233
152	570
152	787
152	994
153	371
153	635
153	762
153	1056
153	1061
154	259
154	384
154	740
154	857
154	862
155	159
156	1025
158	190
158	214
158	439
158	460
158	649
159	220
159	267
159	393
159	531
159	596
159	790
159	866
160	656
160	747
160	826
160	933
160	1057
161	580
162	404
162	415
162	787
162	803
162	1069
163	490
163	701
164	185
164	186
164	270
164	300
164	755
165	663
165	690
165	750
165	857
165	1018
166	541
166	707
166	864
167	266
167	396
167	812
167	943
168	594
169	311
169	367
169	430
169	849
170	398
170	421
170	637
171	233
172	240
172	493
173	267
173	464
173	668
173	921
173	1034
174	192
174	692
174	714
174	723
174	796
175	702
175	915
176	430
176	449
176	933
176	995
177	927
178	639
179	395
179	404
179	922
180	269
180	646
180	736
181	207
181	788
182	263
182	274
182	578
182	702
182	951
183	345
183	467
183	1005
183	1095
184	607
184	1063
185	489
185	551
186	404
187	522
187	706
187	884
188	325
188	368
188	560
188	589
188	892
189	333
189	517
189	714
189	784
189	946
189	1005
190	446
190	473
190	977
191	463
191	520
192	334
192	618
192	957
193	610
193	729
194	467
194	934
195	217
195	274
195	365
195	687
195	808
196	380
196	613
196	987
198	512
199	550
199	611
199	829
200	254
200	785
201	949
201	1021
201	1088
202	289
202	388
202	465
202	736
203	244
203	537
203	652
204	340
205	893
206	231
206	946
207	585
207	659
207	687
207	800
208	282
208	343
208	742
208	805
208	841
208	1009
209	469
210	499
210	1097
211	230
211	829
211	908
212	952
213	697
213	993
214	412
214	664
214	981
214	1026
215	733
215	952
216	754
217	587
217	746
217	818
217	1031
218	260
218	280
218	333
218	372
218	580
219	584
219	1077
220	268
220	790
220	876
221	275
221	574
221	961
222	310
222	547
222	916
222	1084
223	253
223	724
223	752
223	940
223	1082
224	254
224	379
224	534
224	769
225	478
225	632
225	673
226	722
226	735
227	685
227	776
227	813
227	869
227	951
227	965
227	1025
228	236
228	910
228	1005
229	539
229	653
229	676
229	1004
230	286
230	339
230	446
231	241
231	292
231	649
231	901
232	473
232	576
232	624
232	675
232	804
233	395
233	850
233	935
234	277
234	616
234	761
235	282
235	398
235	507
235	1029
235	1070
236	858
236	1096
237	413
237	472
237	502
237	583
237	735
237	757
238	424
238	509
238	716
238	752
238	818
239	919
241	440
241	630
241	871
241	930
241	993
242	479
242	966
243	414
243	479
243	703
243	880
243	1015
244	263
244	595
244	605
244	636
244	642
245	295
245	354
245	483
246	370
246	536
246	851
246	906
247	254
247	347
247	624
248	252
248	261
248	308
248	386
248	862
248	1045
248	1080
249	460
249	653
249	735
250	387
250	419
250	619
251	556
252	260
252	359
252	484
252	605
252	744
252	794
253	299
253	508
253	938
254	276
254	374
254	377
254	408
254	413
254	546
254	805
255	1049
256	439
256	619
256	627
257	566
257	610
257	656
257	975
258	685
259	471
259	499
259	520
259	861
259	902
260	331
260	960
260	989
261	366
261	767
261	858
261	993
262	307
262	356
262	703
262	711
263	740
263	756
263	952
264	342
264	748
264	753
264	1020
265	463
265	1095
265	1099
266	341
267	823
267	838
267	944
267	1045
268	315
268	459
268	621
268	924
269	917
269	1074
270	277
270	404
270	704
270	721
270	857
271	357
271	432
271	744
271	922
271	1007
272	416
272	854
272	940
272	1056
273	627
273	745
273	754
274	844
274	1007
275	645
275	742
276	768
276	813
276	824
277	328
277	954
278	425
278	621
278	1025
279	482
279	985
280	502
280	926
280	1019
281	303
281	320
281	526
281	732
281	811
281	832
281	913
281	916
282	678
282	936
283	617
283	1097
284	457
284	751
284	840
285	309
285	693
285	966
286	645
286	696
287	730
287	739
287	760
287	837
287	1026
288	786
288	1009
288	1050
289	358
289	397
289	465
289	512
289	936
289	1005
289	1015
289	1028
289	1032
290	467
290	624
290	729
291	662
292	580
293	531
293	643
293	677
293	709
293	729
293	915
293	1023
294	512
294	536
294	612
295	301
295	611
295	714
295	943
295	948
295	1041
296	600
297	360
297	972
297	1028
298	553
299	716
299	990
300	896
301	411
301	511
301	643
302	478
302	815
302	890
302	1008
302	1049
303	513
304	856
304	1027
305	362
305	401
305	626
305	739
306	318
306	581
306	953
306	1084
307	499
307	850
307	854
307	933
308	501
308	550
309	444
309	478
309	501
310	475
310	558
310	718
310	744
310	1068
311	688
311	1037
312	338
312	394
312	616
312	1029
313	454
313	563
313	619
314	570
314	581
314	808
314	886
314	1048
315	587
315	781
315	853
316	480
316	686
316	863
316	1062
317	817
317	1083
318	526
318	751
318	752
318	838
318	843
318	901
318	1087
319	647
320	459
320	500
321	389
322	743
323	597
323	803
323	920
323	965
324	455
324	587
324	855
325	526
326	794
326	795
327	498
327	688
328	410
328	739
328	1065
329	351
329	372
329	834
330	917
331	505
331	1058
332	604
332	982
333	506
333	634
333	775
333	783
333	939
334	420
334	516
334	830
334	847
334	1034
335	881
336	600
336	671
336	931
337	535
337	721
337	932
337	1090
338	618
338	812
339	396
339	472
339	901
339	1060
339	1064
340	359
340	444
341	568
341	653
342	618
342	723
342	1067
343	422
343	484
343	794
344	430
344	607
344	840
345	748
345	1042
345	1049
346	478
346	617
346	884
346	1028
346	1059
347	721
348	829
348	941
349	415
349	471
349	710
349	860
350	1056
351	619
352	598
352	992
353	427
354	400
354	764
354	891
355	461
355	532
355	716
355	746
355	854
356	403
356	926
357	647
357	1046
357	1084
358	478
358	536
358	819
358	884
359	623
359	624
359	854
359	943
360	758
360	953
360	971
361	809
362	753
363	501
363	513
363	930
364	654
365	531
365	590
365	592
365	637
365	638
365	1058
366	846
366	882
366	1099
367	694
368	449
368	514
368	729
368	1024
368	1096
369	848
370	863
370	871
371	651
371	700
371	1049
372	471
372	519
372	574
372	953
372	1027
372	1092
373	880
374	764
374	1004
374	1037
375	446
375	890
376	529
377	382
377	819
377	1023
378	456
378	506
378	581
378	630
378	661
379	413
379	523
379	563
379	846
379	1004
380	525
380	574
380	726
380	749
380	945
381	508
381	644
381	1014
381	1031
381	1063
382	454
382	644
382	978
382	1038
384	1010
385	462
385	792
386	745
388	553
388	1040
388	1096
389	699
389	820
390	600
390	766
390	875
391	454
391	480
391	546
391	552
391	761
392	910
393	438
393	715
393	785
393	940
394	779
394	841
394	889
394	944
395	908
395	1056
396	681
396	686
397	857
397	1080
399	488
400	477
400	598
400	703
400	912
401	735
401	875
402	403
402	480
402	986
403	1006
403	1069
403	1076
404	729
404	1086
405	631
405	804
405	959
405	1078
406	649
406	784
406	866
407	538
407	978
407	1008
408	488
408	493
408	737
409	469
409	755
409	965
411	597
411	688
411	712
411	894
411	943
412	797
412	831
413	902
416	1029
417	570
417	706
418	486
418	808
418	819
418	860
418	1039
419	450
419	542
419	986
420	444
420	580
420	784
421	607
421	854
421	989
422	454
422	1026
423	663
423	763
423	767
423	1090
424	611
424	629
425	784
425	827
425	996
425	1066
426	648
426	954
427	1084
428	463
428	587
428	918
428	967
430	556
430	951
431	690
431	870
431	952
431	966
431	1003
432	739
433	707
433	843
433	1081
434	447
434	600
434	634
434	855
434	976
435	847
435	959
435	970
437	544
438	605
439	544
440	506
442	934
443	539
443	864
443	904
443	929
444	672
445	455
445	905
446	761
446	792
447	651
447	695
447	803
447	937
448	632
448	650
448	1008
449	1041
451	640
451	1058
452	521
452	895
453	528
453	922
453	1067
454	612
455	515
456	603
457	851
457	920
457	946
457	1042
458	666
458	720
458	758
458	1094
459	805
459	945
459	959
459	1010
460	551
460	672
460	917
460	945
461	660
461	1008
462	621
462	642
462	928
462	1082
463	673
463	798
463	930
464	552
464	678
465	498
465	509
465	539
465	913
465	1070
466	625
466	730
466	826
467	491
467	563
467	830
467	1039
468	592
468	593
468	619
468	851
469	497
470	795
471	922
471	999
473	586
473	913
474	539
474	1054
475	827
476	669
476	984
476	1086
476	1088
477	918
477	966
477	1082
478	1090
479	532
479	654
479	796
479	875
479	953
479	1016
480	569
480	854
480	930
481	642
482	1011
483	646
483	768
484	504
484	562
485	645
485	758
485	811
485	1017
486	670
487	546
487	554
487	981
488	722
488	1016
489	623
489	730
490	648
490	744
490	749
492	608
492	695
492	826
493	607
493	710
493	897
493	970
494	619
494	895
494	1002
495	687
496	687
496	804
497	533
497	675
497	785
498	700
498	773
499	515
499	846
499	979
500	874
501	1084
502	797
503	867
504	556
504	957
505	887
505	924
505	961
505	990
506	1023
506	1098
507	686
507	986
508	730
508	837
508	995
508	1016
509	556
509	634
509	658
509	734
509	855
509	859
510	605
510	825
511	676
511	769
511	1019
511	1039
512	635
512	653
512	794
512	1014
513	546
513	638
513	1031
513	1070
514	665
514	861
514	1012
515	774
515	822
515	862
516	799
516	820
516	864
517	607
517	767
517	948
517	962
518	783
518	956
519	599
519	876
519	988
520	659
520	694
520	1063
521	609
521	637
521	790
522	870
523	963
524	801
524	828
524	886
524	919
524	1092
525	978
525	1049
526	572
526	657
527	738
528	573
528	904
529	625
529	655
529	736
529	1014
531	911
531	1002
533	541
533	596
533	1083
534	898
535	614
535	885
536	1001
536	1099
537	922
539	572
539	943
539	1026
540	914
540	963
541	578
541	741
543	567
544	1011
545	899
546	853
547	776
548	902
549	810
549	959
550	829
550	964
550	1022
552	564
552	787
552	925
552	1094
553	726
553	760
553	989
554	946
555	610
555	714
555	719
555	805
555	1065
555	1088
556	971
557	609
557	624
557	793
558	780
558	891
559	874
559	879
560	1071
561	668
561	951
563	892
564	977
565	1085
566	575
566	640
566	696
567	883
568	1028
569	1027
570	789
571	1075
572	651
572	664
572	813
572	926
572	1025
573	871
574	833
574	975
575	674
577	875
578	580
579	693
579	859
579	1076
580	627
581	1039
582	670
582	822
583	720
584	783
584	1095
585	592
585	676
585	861
586	715
586	1025
587	956
588	846
589	659
589	751
590	622
590	736
590	988
590	1083
592	761
592	819
592	883
593	728
593	832
593	905
593	1050
593	1073
594	612
594	853
595	947
595	982
596	1072
597	720
597	721
597	983
598	692
598	946
600	625
600	654
600	728
600	822
600	1024
600	1079
601	1054
602	783
602	787
602	1067
603	817
603	1025
604	630
604	811
605	725
605	1098
606	803
606	809
606	816
606	896
606	1030
607	803
607	864
607	958
608	1031
609	618
609	1017
610	623
610	832
610	915
611	684
612	807
612	887
612	1029
613	965
614	698
614	797
614	912
615	846
616	688
616	918
617	798
617	942
618	792
618	1027
619	849
619	912
619	953
619	1019
620	839
621	631
621	681
621	730
621	964
622	888
622	1053
623	781
624	692
624	901
624	969
627	758
627	821
627	925
627	990
627	1007
627	1047
628	864
628	873
629	803
629	922
629	966
630	712
630	799
630	843
630	1026
630	1057
631	749
631	945
631	1032
632	715
632	939
633	864
633	992
634	857
634	905
634	974
635	832
635	880
635	1003
637	985
637	1043
638	756
638	770
638	1071
641	719
642	699
642	930
643	861
644	1010
644	1032
645	806
645	1086
646	856
647	1033
653	838
653	855
653	1072
654	728
654	929
655	725
656	731
656	972
656	977
657	896
658	1088
659	911
660	776
660	1068
661	727
662	673
662	815
663	1040
664	686
664	744
666	739
666	784
666	994
666	1098
667	808
667	845
667	982
669	1060
670	957
670	976
670	1085
671	1003
672	1022
673	993
674	896
674	1032
675	819
675	836
675	845
675	869
676	944
678	689
679	778
679	832
679	840
680	952
680	957
681	801
681	802
681	915
681	1002
682	827
682	839
683	775
683	1029
684	695
684	764
684	961
684	1063
685	868
685	939
685	1058
686	849
687	837
688	830
689	877
689	901
689	1035
690	983
691	737
691	753
691	774
691	1017
692	698
692	826
692	965
693	991
694	771
694	808
695	1045
696	887
697	1015
698	1075
698	1085
699	781
699	1090
702	1003
702	1028
703	892
704	1035
705	962
705	981
706	857
708	954
709	824
710	911
712	1038
713	764
713	793
713	1097
714	846
714	874
715	895
715	925
716	772
717	790
718	738
718	995
719	855
719	998
719	1035
720	1089
721	750
721	904
724	871
725	821
725	964
726	783
726	996
730	756
732	825
732	938
732	982
732	1046
733	1066
735	969
736	1058
738	1031
739	954
739	959
740	767
740	1074
740	1076
741	863
741	923
742	919
744	786
745	960
747	755
747	921
751	1086
752	913
752	1081
753	756
753	794
753	926
754	996
754	1077
755	828
755	907
755	1061
757	824
757	1019
758	780
758	886
759	878
759	1067
760	950
761	918
763	888
763	963
763	1081
765	834
765	884
766	1057
767	995
767	1085
768	807
768	956
768	1083
769	849
769	1013
771	991
771	1009
773	926
774	998
775	785
775	953
776	829
776	846
776	966
777	805
778	841
779	781
779	924
781	988
781	1051
782	866
782	930
783	966
784	786
784	948
785	1080
786	795
788	1067
789	937
789	1016
790	866
791	1046
792	921
792	990
792	1005
794	895
795	876
795	1091
797	799
797	925
797	1052
798	988
800	889
802	1030
804	1071
805	897
805	1018
806	1098
807	1006
808	902
808	1006
810	816
810	822
810	876
810	928
811	831
811	848
811	850
817	1032
819	896
820	834
820	1002
822	971
822	1034
824	1059
825	845
825	927
825	989
826	1042
827	984
828	992
830	849
831	1034
831	1068
836	895
836	980
837	1037
838	924
839	1081
843	1068
844	879
844	955
846	927
847	1008
848	1022
849	853
852	1021
852	1044
853	1045
854	1087
854	1088
856	992
856	1032
856	1051
858	867
858	892
859	869
863	865
864	1029
865	935
866	913
866	1062
869	1064
870	1022
870	1090
872	958
876	1033
876	1065
876	1081
877	955
881	960
881	1059
883	941
883	1026
883	1062
885	969
886	994
887	1010
887	1037
889	942
889	1044
890	1035
893	978
894	957
894	1035
896	974
896	999
897	925
898	957
900	1030
903	963
904	1002
905	1087
908	1051
909	912
909	924
910	945
911	959
911	1006
914	1011
915	984
917	923
917	971
918	1027
918	1078
919	922
919	1017
923	1055
924	980
924	1091
926	1020
927	1023
928	1069
929	982
932	1033
934	1029
935	1051
935	1080
940	1080
941	966
944	1057
946	982
947	955
952	1002
955	1026
959	960
960	1017
963	975
966	1042
968	1043
968	1069
969	1003
970	1033
972	1054
973	1009
978	1091
979	1006
979	1012
980	1088
982	1078
984	1080
987	1002
990	1006
992	1017
992	1043
994	1085
1003	1064
1004	1044
1005	1084
1009	1099
1011	1032
1013	1039
1014	1069
1022	1037
1022	1075
1023	1049
1035	1067
1035	1093
1037	1067
1041	1050
1041	1053
1041	1090
1044	1060
1049	1072
1056	1077
1070	1071
1070	1084
1072	1095
1074	1075