0	398
0	596
0	637
0	642
0	923
1	911
2	386
2	426
2	469
2	485
3	102
3	352
3	690
3	964
4	410
5	29
5	195
5	303
5	796
6	8
6	209
6	509
6	603
7	339
7	935
8	299
8	568
8	918
9	30
9	712
9	744
9	759
10	552
11	172
11	290
11	412
11	763
11	991
12	24
12	77
12	460
12	470
12	647
12	760
12	783
12	940
12	1028
13	143
14	471
14	722
15	527
16	259
16	297
16	471
16	890
17	246
17	315
17	360
17	528
17	703
17	857
17	879
18	372
18	553
18	814
18	916
18	955
19	213
19	1064
20	190
20	644
20	841
20	1031
20	1059
21	363
21	625
21	822
21	901
21	921
22	79
22	405
23	60
23	414
24	304
24	381
24	625
25	453
25	509
26	192
26	443
26	647
26	893
26	1015
26	1087
27	284
27	602
27	628
27	684
28	203
28	983
28	1090
29	133
29	734
30	415
30	735
30	976
30	983
31	311
32	933
32	950
33	344
33	594
33	774
34	129
34	147
34	341
35	117
35	324
35	583
35	602
35	692
35	1071
36	115
36	195
36	900
36	914
36	994
37	132
37	351
37	672
37	844
37	1042
38	665
39	91
39	149
39	285
40	247
40	424
40	529
40	723
40	1040
41	103
41	773
41	774
41	896
41	919
41	923
41	1097
42	256
42	297
42	323
42	529
42	617
42	843
42	950
42	1057
43	676
43	815
44	206
44	288
44	418
44	589
44	1029
45	102
45	204
45	433
45	705
45	796
45	1088
46	384
46	790
46	926
46	1096
47	218
47	303
47	774
47	876
47	1083
48	250
48	471
49	87
49	597
49	674
49	778
49	988
49	1094
50	770
50	895
50	999
51	276
51	319
51	349
51	444
51	682
51	718
51	790
51	797
52	585
52	781
52	1003
53	216
53	237
53	342
53	694
53	1079
53	1086
54	648
54	858
55	171
55	325
55	593
55	654
55	739
55	856
55	1085
56	180
56	262
56	449
56	805
56	960
56	1028
57	84
57	897
57	962
58	464
58	478
58	555
58	1067
58	1071
59	237
59	291
59	491
59	585
59	833
59	1063
60	114
60	478
60	781
61	83
61	147
61	294
61	660
61	1022
61	1040
62	421
62	693
62	783
62	813
62	835
62	1069
63	342
63	849
63	890
63	1068
63	1099
64	495
65	267
65	692
65	700
65	817
66	112
66	419
66	459
66	672
66	741
67	273
67	287
67	505
67	737
68	371
68	576
68	789
68	954
69	239
69	270
69	435
70	143
70	177
70	556
70	796
71	332
71	369
71	474
71	508
72	135
72	601
73	162
73	888
74	107
74	235
74	1083
75	252
75	328
75	572
75	876
75	919
75	936
76	453
76	479
76	735
76	827
76	1055
77	552
77	586
77	1054
77	1099
78	263
78	335
78	537
78	889
78	1094
79	554
79	599
79	933
80	434
80	464
80	737
80	803
80	946
81	278
81	475
81	944
82	99
82	225
83	288
83	712
83	917
84	588
84	990
85	1022
86	577
87	464
87	700
87	912
87	942
87	1051
88	183
88	523
88	1027
89	541
89	1089
90	118
90	653
90	801
90	941
91	368
91	415
91	578
92	162
92	334
92	477
92	520
92	793
92	830
92	954
92	978
93	242
94	286
94	568
94	729
94	753
94	853
94	1005
95	221
95	502
95	836
95	839
95	998
95	1080
96	175
96	315
96	752
96	785
96	1073
97	494
97	845
98	467
99	541
99	713
99	740
100	496
100	881
100	967
101	153
101	743
101	944
101	985
102	150
102	287
102	440
102	521
102	554
102	734
102	950
102	961
103	168
103	702
104	462
104	544
104	1048
105	186
106	186
106	216
106	289
106	808
106	902
106	917
107	516
107	650
107	981
107	1032
108	112
108	218
108	431
108	690
109	634
110	490
110	829
110	856
111	183
111	616
111	685
112	115
112	199
113	498
113	862
113	917
114	335
114	424
115	116
115	130
115	376
115	902
115	914
116	274
116	569
116	572
116	967
117	568
117	736
118	119
118	224
118	315
118	352
118	573
118	588
118	995
119	126
119	474
119	743
120	133
121	421
121	1094
122	238
122	405
122	440
122	836
123	246
123	648
124	182
125	252
125	678
125	1047
126	222
126	724
126	793
126	852
127	362
128	804
128	968
129	261
129	811
129	844
129	1082
130	207
130	672
130	1019
130	1077
131	636
131	658
131	717
132	197
132	557
132	842
133	360
133	502
134	184
134	220
134	251
134	272
134	595
134	656
135	515
135	569
135	579
135	942
135	1040
136	488
137	304
137	825
137	1046
138	170
138	292
138	390
138	732
139	470
139	692
140	311
140	383
140	686
140	753
140	876
141	236
141	331
142	505
142	1088
143	783
143	845
144	195
144	329
144	360
144	766
145	181
145	683
145	734
145	848
145	1003
146	176
146	196
146	246
146	350
146	406
146	440
146	460
146	789
146	805
146	847
146	858
146	883
147	660
147	774
147	829
147	858
148	227
148	1056
149	191
149	445
149	523
149	835
149	909
151	459
152	377
152	389
152	709
153	366
153	468
153	550
153	660
153	1095
154	563
154	669
155	203
155	391
155	758
155	861
155	892
155	916
156	489
157	371
157	440
157	839
157	844
157	1013
158	193
158	614
158	835
158	906
158	945
158	988
158	1044
159	175
159	537
159	745
160	354
160	624
161	215
161	744
163	576
163	665
163	713
164	661
164	739
165	210
165	215
165	604
165	651
165	1026
166	201
166	824
167	814
167	832
167	925
167	1014
168	185
168	1053
169	290
169	337
169	1074
170	793
170	864
171	751
171	844
172	873
173	396
173	891
174	725
174	775
174	1084
174	1086
175	238
175	285
175	402
175	583
175	810
175	875
176	241
176	748
176	833
176	942
176	1027
176	1078
177	225
177	733
177	818
177	871
178	705
178	787
178	964
178	1015
179	278
179	565
180	395
180	989
181	644
181	1006
182	406
184	718
184	816
185	598
185	758
186	220
186	592
187	232
187	1098
188	255
188	337
188	365
188	739
189	525
189	688
189	1010
190	611
190	848
191	248
191	540
191	548
192	267
192	569
192	619
193	249
193	625
193	637
193	983
193	1069
194	290
194	462
194	732
194	761
194	798
194	881
194	958
195	204
196	262
196	297
197	287
197	330
198	319
198	504
198	659
198	840
198	1045
199	216
199	277
199	337
199	382
199	866
200	790
201	240
201	379
201	573
201	769
202	399
202	698
202	793
203	526
203	642
204	329
204	399
204	419
205	672
206	504
206	606
206	768
207	704
207	712
207	884
207	989
207	1032
207	1041
208	277
208	619
208	656
208	811
208	824
209	928
210	545
211	509
211	614
211	645
211	772
211	886
212	952
213	554
213	737
214	287
215	283
215	914
215	1027
216	879
216	1017
216	1039
217	269
217	452
217	589
217	615
218	736
219	356
219	462
219	825
220	227
220	534
220	565
220	623
220	1011
221	286
221	732
221	814
221	815
222	418
222	481
222	482
222	487
222	610
222	611
222	811
223	1048
224	333
224	355
224	622
224	1019
224	1055
225	272
225	315
225	597
225	603
225	760
225	1029
226	307
226	764
226	946
227	448
227	688
228	656
228	754
229	318
230	478
230	702
231	274
231	490
231	548
231	551
231	594
231	625
232	303
232	508
232	588
232	791
232	995
233	429
233	936
233	981
234	387
234	828
235	409
235	516
235	619
235	1089
236	444
236	1067
237	974
238	375
238	714
238	819
238	833
238	912
238	995
238	1001
239	279
239	726
240	358
240	437
240	731
240	907
240	1032
241	526
241	1055
242	324
242	388
242	530
242	864
242	1074
243	758
243	783
243	870
243	973
244	290
245	401
245	551
245	819
245	970
246	847
247	442
247	1087
248	312
248	483
248	551
248	642
248	648
248	766
249	358
249	609
249	697
249	739
249	837
249	914
249	1022
250	383
250	675
250	879
251	879
251	886
251	897
251	975
252	305
252	904
252	966
253	303
253	732
253	780
253	1014
253	1018
253	1053
253	1088
254	495
254	700
255	334
255	637
255	638
255	833
255	874
256	531
256	625
256	729
256	894
257	811
257	938
258	632
258	733
258	776
259	764
259	834
260	404
260	689
260	838
261	355
261	505
261	521
261	553
261	672
261	751
261	868
261	998
262	621
263	560
263	727
264	303
264	400
264	1077
265	295
265	409
265	532
265	564
265	825
265	907
265	1084
266	809
266	849
266	884
266	910
267	419
267	450
267	480
268	931
269	482
270	520
270	713
270	737
270	940
271	339
271	355
271	356
271	680
271	793
271	865
271	1004
271	1029
272	384
272	426
272	831
272	1036
273	455
273	620
273	673
273	922
273	1016
274	309
274	322
274	464
274	1058
275	444
275	762
275	901
275	1021
276	567
276	762
277	685
277	1052
278	394
278	412
278	446
278	950
279	315
279	335
279	697
279	778
279	953
279	1004
280	401
280	955
280	1018
281	355
281	803
282	750
282	835
282	898
283	602
283	640
283	728
283	739
284	599
285	401
285	628
285	827
285	927
285	1001
286	385
286	832
286	841
286	1018
286	1036
287	496
287	728
287	733
287	945
287	1047
288	290
288	530
288	949
289	495
289	719
289	860
290	317
290	318
290	593
290	849
291	334
291	337
291	963
292	351
293	320
293	615
294	525
294	724
294	1082
295	341
295	785
295	891
295	985
295	1020
295	1047
296	377
296	801
297	618
297	701
297	949
297	1041
298	797
298	976
298	1004
298	1052
299	433
299	751
299	852
299	1075
300	521
301	309
301	752
301	1032
302	612
303	415
303	502
303	584
303	1072
304	1041
305	391
305	452
305	733
305	881
305	917
306	479
306	625
306	636
306	930
306	1048
307	799
308	438
308	476
308	585
308	775
309	771
310	509
310	1007
310	1087
311	767
311	934
311	969
312	457
312	628
312	973
313	340
313	490
313	838
314	333
314	773
315	320
315	358
315	605
315	753
315	996
316	793
317	475
317	489
317	1013
318	774
318	896
319	702
319	934
320	333
320	607
320	753
320	766
320	909
320	915
321	482
321	631
321	820
322	410
322	603
322	780
323	368
323	551
323	869
324	328
324	414
324	492
324	752
324	770
324	801
325	584
326	756
327	370
327	754
328	537
329	498
329	565
329	915
329	981
329	995
330	912
331	402
331	683
331	901
331	1034
331	1044
332	675
332	727
332	737
332	1041
332	1062
333	602
333	619
334	352
334	532
334	727
334	1033
334	1062
336	341
336	395
336	483
336	543
337	449
337	515
337	519
337	525
338	373
338	1077
339	602
339	665
339	839
339	846
339	878
340	732
341	800
342	835
342	873
343	807
343	1078
344	771
345	361
345	481
345	505
345	676
346	1098
347	821
347	1006
347	1076
348	451
348	455
348	641
349	424
350	883
350	945
351	741
351	827
351	926
352	478
352	600
352	769
352	786
353	843
354	621
354	635
354	966
355	736
355	760
355	854
355	890
355	931
356	399
356	476
357	940
358	962
358	1089
359	535
359	596
359	984
359	1023
361	364
361	775
361	852
362	570
363	498
363	828
364	799
364	1033
365	506
365	507
365	610
365	676
365	719
365	788
365	1039
366	376
366	868
366	872
367	1053
368	664
368	836
368	949
368	1067
369	628
369	842
369	1012
370	431
371	569
371	608
371	1075
373	383
373	471
373	972
374	799
374	1037
375	886
375	919
375	965
376	1007
377	455
377	651
378	396
378	406
378	546
378	636
378	782
378	946
379	646
379	1050
380	493
380	1093
381	604
381	1055
381	1092
382	517
382	568
382	666
382	677
382	738
382	772
382	833
382	953
383	423
383	775
383	1066
384	620
385	539
385	540
385	599
385	618
386	483
386	576
386	643
386	811
386	942
386	1078
387	426
387	543
387	614
387	718
387	812
387	934
388	767
388	914
388	916
388	1036
389	986
390	532
390	546
390	644
390	682
390	959
391	549
391	583
391	990
392	594
393	516
393	581
393	626
393	855
393	856
393	937
394	544
394	1009
395	812
395	938
395	972
395	1010
396	424
396	707
396	719
396	800
396	861
396	981
396	1018
397	748
398	1078
399	494
399	691
399	710
399	796
400	469
400	833
400	1015
401	460
401	594
402	453
402	615
402	1061
403	639
403	841
403	921
404	556
404	571
404	660
405	826
405	830
406	421
406	530
406	794
406	866
406	1047
406	1096
407	477
407	750
408	741
408	1092
409	868
409	903
409	959
410	985
411	571
411	600
412	445
412	507
412	963
413	495
413	675
413	793
413	943
414	418
414	608
414	715
414	769
414	829
415	547
415	699
415	772
415	1052
416	777
416	883
416	1018
417	555
417	837
417	870
417	1079
418	498
418	763
418	983
419	734
420	547
420	570
420	766
420	907
421	445
421	632
421	671
421	784
421	850
421	1010
422	688
422	864
423	629
423	867
423	921
424	442
424	611
424	667
424	925
425	461
425	568
425	823
425	884
425	999
426	916
426	1015
427	446
427	713
427	780
428	561
428	855
429	587
430	951
431	630
431	778
431	892
431	965
432	878
433	725
433	950
434	497
434	809
434	827
434	1086
435	660
435	899
436	773
437	702
438	441
438	557
438	841
438	941
439	879
439	990
440	475
440	492
441	588
441	841
443	602
443	831
443	940
444	500
444	775
444	788
445	468
445	567
445	871
446	661
446	857
446	908
447	1097
448	588
448	647
448	1010
449	456
449	728
449	840
449	923
450	687
450	691
450	780
450	1002
451	590
451	605
451	673
451	852
451	1088
453	1032
454	929
454	1012
455	616
455	661
455	696
455	798
455	1051
456	959
457	461
457	681
457	903
458	679
459	580
459	738
459	1006
460	937
460	1066
461	847
461	986
462	1039
463	493
463	695
463	873
463	939
463	1011
463	1020
464	660
464	797
465	984
466	641
466	986
467	707
468	633
469	532
469	750
469	802
469	833
469	990
470	492
472	842
472	958
472	1083
473	607
473	890
473	996
474	829
474	1043
475	640
475	753
475	840
475	1007
475	1033
476	766
477	601
477	617
477	618
477	759
477	1050
478	1028
478	1079
479	694
480	904
480	1071
480	1082
481	654
481	802
482	656
482	728
482	1045
483	587
483	751
483	826
484	924
485	612
485	679
485	854
485	1042
485	1051
486	759
486	875
486	990
488	685
488	706
488	746
489	761
490	529
490	1066
491	625
491	683
491	735
491	848
491	954
492	994
492	1072
493	561
493	631
493	718
493	1028
495	625
495	630
496	596
496	703
496	707
497	612
497	694
497	1001
498	922
498	1020
499	747
499	1019
499	1034
500	586
500	681
500	764
501	554
502	593
503	703
503	842
504	972
505	588
505	592
505	646
505	764
505	912
506	642
506	781
506	807
506	1028
506	1034
507	597
507	839
510	573
510	627
510	839
510	996
510	1009
511	793
511	970
511	1078
512	567
513	523
513	802
513	844
513	992
513	1027
514	585
514	791
514	904
514	916
514	1008
515	736
515	740
515	861
516	643
516	978
517	547
517	674
517	998
517	1072
518	847
519	832
519	939
519	1031
521	1010
522	541
522	1077
523	674
523	741
523	825
523	972
524	797
524	1061
524	1092
525	882
526	961
526	1056
527	561
528	574
528	690
529	587
529	606
531	910
532	887
532	1008
532	1015
533	792
533	941
534	760
534	1014
535	729
535	750
536	863
537	1060
537	1072
538	908
539	816
540	1010
541	744
541	1091
542	823
542	859
542	1018
542	1032
545	630
545	862
545	918
546	899
546	1030
547	607
547	744
547	769
547	781
547	934
547	1043
548	728
549	715
550	752
550	899
550	1015
552	598
552	640
552	784
552	997
552	1068
553	607
554	857
554	860
555	594
555	676
555	718
555	722
555	787
555	829
556	748
556	1092
557	570
558	1008
559	606
559	709
559	985
560	666
560	1035
561	934
561	1094
562	686
562	691
563	568
563	801
564	590
564	727
564	1014
565	918
566	1014
566	1058
567	649
567	800
567	1027
568	665
568	748
568	933
569	728
569	782
570	811
571	776
572	683
572	924
572	939
572	1097
573	787
573	804
573	891
573	1064
574	629
574	1019
575	1042
576	908
576	936
577	740
577	842
577	978
578	922
578	985
579	585
579	589
579	729
579	763
579	986
580	788
580	982
581	757
582	642
582	659
582	682
583	591
583	617
583	867
584	687
584	904
585	780
586	679
586	931
587	598
587	694
588	624
590	724
591	688
591	830
592	825
593	595
593	812
593	899
595	836
595	862
596	683
596	950
597	876
597	924
597	1019
597	1054
599	668
599	799
601	722
601	991
602	1041
602	1082
603	893
603	1085
604	638
604	681
604	1053
605	662
605	981
607	941
607	1022
608	629
608	912
608	919
608	1068
609	843
610	651
611	855
612	632
612	719
613	702
613	1004
615	651
615	707
615	718
615	887
616	897
617	708
617	821
617	861
618	920
618	993
619	673
619	713
619	1096
620	950
622	929
623	990
624	720
624	842
624	882
624	929
625	1032
626	765
626	774
626	787
626	947
626	948
628	734
629	1097
630	716
630	1013
631	920
632	735
632	755
632	985
633	1062
634	893
634	987
635	1011
636	701
636	749
638	869
638	1027
640	779
640	861
641	661
641	767
643	748
643	796
643	804
643	878
643	895
643	975
644	1015
645	905
646	952
647	717
647	866
648	711
648	1045
649	1062
650	908
650	1017
651	764
652	961
653	685
653	706
653	979
654	976
654	983
654	1096
655	847
655	982
655	1020
656	816
656	829
656	877
657	731
657	922
657	1079
660	690
661	755
662	944
662	968
663	1036
665	743
665	1054
666	992
667	1018
668	876
669	1054
670	780
670	837
670	1085
671	872
672	702
673	939
673	946
673	1000
674	867
677	694
677	779
679	743
679	928
679	1033
680	884
681	1000
681	1081
682	842
682	904
682	912
684	751
686	744
686	908
687	843
688	861
689	714
689	818
689	830
690	818
692	1042
696	917
697	772
698	891
698	1045
701	753
701	836
701	1026
701	1060
702	1026
702	1087
703	944
703	1082
706	933
707	719
707	834
707	1069
708	986
710	975
710	986
711	968
713	773
714	753
714	965
714	967
714	1043
715	796
715	944
716	739
720	859
720	1013
720	1045
721	793
721	972
722	780
723	1083
724	857
725	772
725	857
726	747
727	1013
728	955
728	977
729	1036
730	800
730	870
730	1043
731	772
731	850
731	919
731	952
732	813
732	862
732	945
733	739
733	935
736	798
736	900
736	958
737	812
738	836
738	1065
739	835
739	968
740	812
741	1063
742	814
742	925
742	936
743	1097
744	838
745	1097
746	869
746	986
746	1082
747	994
749	795
750	1009
751	903
751	1015
752	865
752	1000
753	1011
756	956
756	1001
759	810
759	1028
760	945
760	1091
761	775
761	840
761	1078
762	832
762	890
762	1013
762	1016
764	770
764	918
765	892
765	961
766	976
767	978
769	792
769	981
769	995
770	958
770	1057
771	1008
772	869
772	1072
773	1010
773	1094
774	880
774	979
775	860
776	883
777	894
777	1076
778	824
778	1023
778	1056
779	863
779	943
779	1050
780	896
782	829
782	841
782	993
782	1036
783	1061
784	795
785	798
785	970
787	1077
788	1032
789	834
789	908
789	979
791	1078
791	1098
794	820
794	994
794	1015
795	839
795	1005
796	799
797	834
797	1003
797	1089
798	928
798	977
798	1084
801	804
801	822
801	965
801	1012
802	836
802	877
802	965
802	1049
803	1037
804	829
804	1069
806	931
806	941
806	990
808	1072
809	1018
810	1089
812	846
812	961
812	971
812	984
812	992
812	1006
813	1077
815	837
815	872
815	988
815	1026
816	831
817	883
817	1034
818	990
820	823
820	848
821	862
822	1055
823	911
824	928
824	1048
825	1038
827	917
827	956
829	1044
830	1061
833	866
833	1093
834	966
834	1055
837	1030
838	863
839	932
839	1090
840	985
840	1038
841	866
841	1021
844	1078
845	897
846	1006
847	1005
848	898
848	968
848	994
849	895
850	984
851	967
854	975
856	1039
857	927
859	940
859	1064
861	894
862	881
863	939
863	1023
864	904
865	980
865	1066
866	876
867	1052
870	977
871	947
872	873
873	926
873	992
874	926
874	961
874	1093
878	1058
878	1070
881	894
881	1081
883	1015
884	902
884	929
885	966
886	1046
890	892
890	1011
890	1090
894	930
894	973
897	903
897	991
898	1061
898	1094
899	1009
900	1049
901	932
901	938
903	906
904	1006
906	920
906	945
908	927
908	962
908	1032
910	1058
911	927
911	1006
913	945
917	1045
918	953
918	980
919	1058
923	929
925	1024
925	1055
929	938
931	962
931	1025
931	1059
932	982
932	995
932	1054
935	989
935	1047
936	979
938	1009
939	1070
940	982
941	1027
943	945
951	957
954	998
956	1026
961	1022
963	996
966	1053
967	1029
969	1097
975	995
976	985
978	995
982	1033
983	1049
985	1071
986	995
989	1049
990	1038
990	1063
990	1076
994	1000
995	996
997	1076
1004	1049
1006	1052
1007	1042
1013	1067
1014	1044
1014	1069
1014	1083
1015	1092
1023	1067
1030	1083
1030	1090
1032	1099
1034	1087
1038	1099
1039	1078
1043	1044
1044	1052
1074	1083
1078	1088
1084	1086