0	229
0	363
0	607
1	22
1	68
1	560
1	753
1	875
2	438
2	446
2	450
2	457
2	562
3	122
3	154
3	844
3	847
3	1037
4	49
4	90
4	502
4	753
4	913
4	1052
5	459
5	611
5	851
5	1040
6	653
6	801
6	840
6	858
6	916
6	1031
6	1087
7	784
7	1048
8	318
8	372
8	1001
8	1036
9	77
9	262
9	871
9	985
10	110
10	310
10	563
10	836
10	1047
11	567
12	313
13	90
13	284
13	446
13	465
13	545
13	666
13	971
14	262
14	351
14	375
15	163
15	446
15	483
16	325
16	621
16	677
17	923
17	932
17	939
18	401
19	76
19	289
19	1025
20	146
20	734
20	884
21	98
21	275
21	539
21	887
22	542
22	650
22	788
22	864
22	1087
23	94
23	1059
24	35
24	324
24	390
24	602
24	708
24	727
24	971
25	260
25	645
25	681
25	718
25	944
25	1074
26	168
26	387
26	457
26	516
26	651
26	658
27	109
27	263
27	274
28	1002
29	146
29	207
29	413
30	526
30	763
31	64
31	135
31	450
31	629
31	749
31	821
32	54
32	133
32	255
32	316
32	485
32	1045
33	347
33	378
33	401
33	475
33	942
34	424
34	446
34	625
35	93
35	197
35	410
35	467
35	652
36	37
36	329
36	353
36	677
36	697
36	716
36	1021
36	1043
36	1060
37	786
37	923
37	933
38	200
38	261
38	270
38	544
38	570
38	910
39	128
39	449
39	642
39	656
40	220
40	244
40	631
40	692
41	101
41	433
41	494
41	554
41	581
41	615
41	733
41	774
41	955
41	1026
42	231
42	253
42	436
42	777
43	392
43	401
43	586
43	652
43	658
43	837
44	1085
45	226
45	236
45	812
46	371
47	294
47	640
47	890
47	1038
47	1069
48	646
48	650
48	655
49	96
49	106
49	257
49	555
49	679
49	829
50	531
50	642
50	992
51	112
51	718
52	141
52	207
52	543
52	967
52	1083
53	118
53	531
53	547
53	745
53	872
54	347
54	510
54	554
54	880
55	66
55	245
55	302
55	565
56	306
56	313
56	317
56	694
56	1048
56	1089
57	128
57	204
57	552
57	795
57	858
58	433
58	638
59	179
59	422
59	623
59	1094
60	119
60	333
60	471
61	758
62	248
62	703
62	899
63	124
63	353
63	536
63	843
64	203
64	253
64	542
64	779
64	1053
65	473
66	423
66	946
67	174
67	194
67	332
67	456
67	691
68	383
68	518
68	700
68	1062
69	531
69	615
69	1040
70	101
71	873
71	967
71	981
71	1062
72	819
72	1075
73	120
73	431
73	1023
73	1079
74	83
74	328
74	564
74	571
74	623
74	732
74	934
74	1041
75	335
75	772
75	818
75	846
76	82
76	202
76	567
76	604
76	654
76	875
76	1031
77	173
77	235
77	317
77	582
77	586
77	820
77	854
78	107
78	979
78	1001
79	799
80	538
80	617
80	640
80	836
80	1029
81	160
81	274
81	364
81	686
81	1071
82	200
82	369
83	612
83	654
84	100
84	303
84	356
84	540
84	787
84	1012
85	156
85	378
85	382
85	606
85	786
86	169
86	317
86	564
86	689
86	731
86	793
87	861
88	133
88	351
88	368
88	839
89	177
89	239
89	282
89	645
89	840
90	465
90	1077
91	406
91	661
91	708
91	791
91	867
92	336
92	521
92	600
92	646
92	772
93	750
93	979
94	130
94	258
94	879
94	1037
95	281
95	511
95	693
95	962
96	115
96	720
97	235
98	588
98	594
99	686
99	730
99	866
100	108
100	211
100	291
100	561
100	731
100	802
101	919
101	951
102	971
103	575
103	698
103	753
103	1057
103	1083
104	487
104	706
104	750
105	361
105	450
105	731
105	882
105	1053
106	730
106	791
106	882
107	287
108	711
109	131
109	759
109	849
109	961
110	763
111	460
112	243
112	276
112	639
112	699
112	999
113	145
113	272
113	276
113	791
113	974
114	141
114	477
114	503
115	169
115	405
115	455
115	650
115	724
116	232
116	269
116	347
116	348
116	510
116	1050
117	457
117	474
117	1040
118	126
118	314
118	390
118	1074
119	416
120	240
120	358
120	551
120	675
121	131
121	287
121	416
121	529
121	664
121	855
121	1025
122	149
122	279
122	1016
122	1065
122	1089
123	131
123	421
123	461
123	483
123	772
123	916
123	924
124	508
124	584
124	652
125	246
126	529
127	554
127	710
127	730
127	832
128	362
128	660
128	755
128	846
128	935
129	297
129	513
129	1087
130	146
130	282
130	539
130	606
130	657
130	709
130	736
130	859
130	869
130	1096
131	166
131	514
131	639
131	882
132	363
132	613
132	750
132	822
132	936
133	142
133	199
133	325
134	147
134	558
134	976
135	379
135	537
135	628
135	818
135	870
135	872
135	957
135	1003
136	265
136	411
136	660
136	929
137	174
137	409
137	586
137	702
137	803
138	533
139	169
139	322
140	531
140	613
141	401
141	754
142	426
142	464
143	226
143	680
143	700
144	204
144	210
144	530
144	737
144	938
144	984
145	951
145	974
145	1048
146	152
146	213
146	561
146	644
146	776
146	935
147	446
148	313
149	870
150	333
150	339
150	729
150	737
150	909
151	481
151	626
151	794
152	419
152	729
152	805
153	203
153	235
153	284
153	295
153	314
153	454
153	766
153	793
154	282
154	341
155	204
155	507
155	621
156	611
157	973
157	1017
158	516
158	953
158	977
158	1026
159	383
159	837
160	985
161	234
161	460
161	540
161	558
161	580
161	676
161	1091
162	307
162	651
162	718
162	920
163	366
163	624
164	537
164	740
164	818
164	965
164	1007
165	364
165	980
165	1042
165	1090
166	356
166	653
166	929
166	1044
166	1054
167	232
167	374
167	590
167	627
167	860
167	947
168	305
168	487
168	813
168	908
168	974
169	632
169	992
170	573
170	836
170	1080
171	615
172	198
172	373
172	394
172	633
172	1012
173	350
173	370
173	431
173	507
173	567
173	911
174	386
174	903
174	1061
175	798
175	856
175	1072
176	637
176	716
177	195
177	418
177	667
177	1010
177	1058
178	488
178	706
178	879
178	960
178	1056
179	441
179	607
179	965
179	1010
180	181
180	250
180	316
180	643
180	994
181	533
182	366
182	1042
183	478
183	668
183	956
184	409
184	516
184	535
184	845
184	1004
185	249
185	878
185	1008
186	709
186	1058
187	422
187	427
187	574
187	634
187	660
187	694
187	1086
188	456
189	449
189	461
189	739
189	999
189	1093
190	527
190	566
190	678
190	766
190	782
191	404
191	413
191	476
191	834
192	680
192	916
193	423
193	434
193	475
193	664
193	798
194	400
194	841
195	265
195	747
195	857
195	897
195	1034
195	1063
196	527
196	606
196	900
197	554
197	815
197	879
198	217
198	279
198	397
198	464
199	359
199	636
199	685
200	529
200	598
200	702
200	864
201	287
201	851
201	868
202	241
202	244
202	262
202	407
202	644
203	732
203	898
204	426
204	588
204	681
204	756
205	613
205	887
205	1063
206	216
206	285
207	366
208	1016
209	1007
210	426
210	967
211	405
211	641
211	709
211	735
212	358
212	476
212	509
213	221
213	403
213	504
213	644
213	734
213	784
213	856
214	288
214	585
215	344
215	464
215	796
216	905
217	540
217	769
217	786
218	256
218	490
218	588
218	631
218	762
219	336
219	354
219	696
220	565
221	599
221	671
221	674
221	1020
222	247
222	351
223	326
223	610
223	809
223	943
223	1088
224	442
224	554
224	964
224	978
225	239
225	1008
226	694
226	858
227	264
227	630
227	652
227	842
227	959
227	967
227	1078
228	382
228	410
228	935
228	1088
229	633
229	753
229	905
229	929
229	996
230	680
230	852
231	644
231	697
231	857
232	274
232	349
232	700
232	721
233	254
233	260
233	742
233	745
233	776
233	883
233	1062
234	407
234	476
235	460
235	718
235	1077
236	601
236	855
237	255
237	624
237	808
237	889
238	295
239	725
239	764
239	815
239	817
239	1048
240	528
241	280
241	304
241	710
241	1048
242	493
242	499
243	404
243	506
243	992
244	924
244	1063
245	415
245	499
245	770
245	834
245	1047
246	445
246	672
246	735
247	598
247	694
247	861
248	478
248	801
248	914
248	1094
249	327
249	526
249	788
250	303
250	397
250	1058
251	347
251	592
251	728
251	761
252	413
252	522
252	727
253	385
253	512
253	792
253	887
254	552
254	934
254	959
254	1047
255	685
255	1012
255	1082
256	828
257	337
257	530
257	827
257	1012
258	838
258	965
258	1067
259	529
259	614
259	994
259	1020
259	1047
260	406
260	439
260	687
260	697
260	1081
261	616
261	748
261	777
261	940
261	968
262	283
262	330
262	400
262	541
262	961
263	775
263	1075
264	373
264	522
264	772
264	905
265	549
265	551
265	603
265	775
266	506
266	874
267	551
267	553
268	1045
269	902
269	908
269	1032
270	733
270	795
270	1052
271	573
272	413
272	481
272	712
272	1040
273	461
273	795
273	849
273	983
274	365
274	444
274	599
274	728
274	1059
274	1076
275	477
276	278
276	329
276	779
276	822
276	970
277	611
277	615
277	684
277	867
277	1033
278	461
278	924
279	534
280	749
280	819
280	830
280	981
281	1037
282	289
282	555
282	771
282	890
283	743
283	1077
284	467
284	541
284	992
284	1051
285	304
286	792
287	313
287	316
287	540
287	829
287	923
288	310
288	844
289	412
290	644
291	640
291	743
291	966
292	304
292	445
292	698
292	790
293	344
293	498
294	378
294	519
294	768
294	1022
295	297
295	449
295	886
296	840
297	812
297	883
298	562
299	620
299	1093
300	1018
301	346
301	654
301	790
302	421
302	488
302	993
302	1081
303	644
304	359
305	415
305	534
305	763
305	810
305	1077
306	738
307	763
308	310
308	360
308	746
308	902
308	954
309	645
310	664
310	996
310	1081
311	549
311	751
311	905
311	1039
312	579
312	596
312	753
312	760
312	774
312	920
313	1022
314	825
314	1044
315	350
315	428
315	444
315	519
315	673
316	342
316	642
317	392
317	633
318	529
318	971
319	601
320	393
320	409
320	945
321	848
322	972
323	654
325	429
325	557
325	744
325	781
325	927
326	390
326	711
326	843
326	926
327	919
328	549
329	372
329	393
329	451
329	458
329	635
329	775
329	886
331	980
332	405
332	837
332	1073
333	467
333	618
333	1041
334	538
334	976
334	1060
335	410
335	452
335	898
336	729
336	906
336	947
337	406
337	583
337	648
337	896
337	1024
338	341
338	407
338	910
339	541
339	806
340	1087
341	434
341	605
341	646
341	709
341	913
342	890
342	1029
342	1088
343	360
343	861
343	1014
344	489
344	539
344	554
344	688
344	739
345	439
345	594
345	768
345	848
345	878
346	421
346	742
347	539
347	658
348	426
348	647
348	769
348	1052
349	481
349	656
349	702
350	562
350	622
351	661
351	899
351	962
352	513
352	940
352	1012
353	516
353	592
353	651
353	758
353	841
353	898
354	386
354	400
354	505
354	552
354	677
355	955
356	529
356	632
356	794
356	823
356	977
357	402
357	445
357	479
357	648
357	787
357	1070
358	403
358	1069
359	650
359	742
360	382
360	598
360	1020
361	597
361	761
361	970
361	1051
362	484
362	1007
363	563
363	724
363	962
365	541
365	656
365	720
366	659
366	784
366	845
366	1088
367	466
367	474
367	686
367	796
367	966
367	983
368	537
368	1007
369	756
369	814
369	831
370	569
370	641
371	384
371	582
371	1001
372	616
372	769
372	789
373	909
373	955
374	394
374	462
374	809
375	430
375	770
375	843
376	677
376	695
376	696
377	526
377	926
377	1012
378	683
379	949
379	974
380	416
380	1064
381	428
381	607
381	1068
382	440
384	398
384	444
384	1039
385	529
385	848
385	1004
386	526
386	556
386	608
387	398
387	464
387	581
388	803
388	812
388	833
388	938
389	459
389	820
389	1091
390	570
390	723
390	781
391	645
392	633
392	673
392	748
392	984
392	1023
393	914
393	925
394	815
394	961
394	994
395	505
395	913
396	813
396	1047
397	470
397	521
397	570
397	921
398	416
398	762
399	437
399	620
399	942
399	1051
400	405
400	465
400	658
400	683
400	1006
400	1018
401	565
401	635
402	602
402	803
402	974
405	481
405	663
405	867
405	916
406	444
406	953
407	702
408	682
408	802
409	605
409	784
410	484
410	536
411	578
411	701
412	557
412	904
413	533
413	637
413	710
413	731
413	762
414	617
414	766
414	812
416	544
416	613
416	815
416	1019
417	468
417	530
417	724
418	575
418	622
419	905
419	1078
420	707
420	846
420	850
421	1072
421	1099
422	756
422	914
422	922
423	796
424	479
424	568
424	687
424	1030
425	608
425	792
425	922
426	538
426	606
426	681
426	1071
427	434
427	712
427	845
427	855
428	438
428	464
428	1034
429	447
429	555
429	677
429	806
429	860
429	1031
430	498
431	913
432	824
433	518
433	541
434	793
434	939
435	501
435	1004
435	1024
435	1025
436	443
436	476
436	752
436	870
437	580
437	640
437	783
437	866
438	609
438	1048
439	962
439	1077
439	1090
440	596
440	665
440	751
440	764
440	939
441	712
442	517
442	969
443	511
443	520
443	655
443	711
443	750
443	1079
444	850
445	755
446	474
446	833
446	940
447	484
447	755
447	1041
448	815
449	770
450	885
450	979
451	483
451	621
451	759
452	466
452	1013
453	874
453	966
453	1012
454	459
454	471
454	634
454	859
455	562
455	684
455	963
455	1083
456	463
456	538
456	609
457	496
457	629
457	852
457	928
458	558
458	664
458	706
458	797
458	835
458	960
460	590
460	631
460	668
460	765
460	775
460	780
460	796
461	623
461	778
461	785
461	847
464	647
464	722
466	519
466	680
466	791
467	878
467	1035
468	869
468	971
468	1048
469	546
469	673
469	773
469	889
469	1090
470	703
470	743
470	809
470	828
470	942
471	600
471	632
471	997
471	1004
472	881
473	604
473	796
473	855
473	1008
474	690
474	762
475	496
475	572
475	760
475	819
475	1094
476	535
476	545
476	620
476	644
476	810
476	937
477	870
477	932
477	1053
478	727
478	835
478	891
478	1056
479	503
480	501
480	842
480	856
480	895
481	593
481	605
481	873
481	1031
482	521
483	657
483	1026
484	654
485	764
485	919
485	1049
485	1089
486	497
486	643
486	769
487	647
487	925
487	1054
488	511
488	543
488	667
488	798
489	635
489	858
490	630
490	916
491	717
492	631
492	886
493	550
493	1097
494	713
495	564
495	1011
497	555
497	871
498	933
499	745
500	711
500	895
502	787
502	838
502	944
502	1047
502	1067
503	628
503	813
503	1037
504	706
504	756
505	599
505	892
506	517
507	548
507	932
507	936
508	703
508	852
508	1093
509	641
509	818
509	950
509	994
510	543
510	1044
511	1020
511	1082
512	598
512	620
512	666
513	566
513	750
514	594
514	1043
515	1062
516	595
517	613
517	956
517	1083
518	727
518	731
518	777
518	902
519	618
520	531
520	584
520	603
521	538
521	577
521	1007
522	846
523	685
523	805
523	1022
524	571
524	625
524	641
524	659
525	716
525	757
526	622
526	778
527	534
527	573
527	807
527	1080
528	779
529	671
529	888
529	1073
530	589
531	566
531	715
532	1030
533	1029
533	1068
534	954
535	793
535	834
535	945
536	602
537	754
537	836
538	761
538	999
538	1020
538	1043
539	619
539	687
539	877
540	728
540	782
540	955
540	1001
541	1044
542	727
542	1084
543	700
544	742
544	870
545	817
545	1089
546	555
548	785
549	572
549	834
549	1060
550	924
550	932
551	823
553	628
553	747
553	794
553	798
553	1056
554	657
555	1075
556	708
556	924
557	732
557	831
557	981
558	856
558	1005
559	1007
559	1086
559	1092
560	604
560	663
560	971
561	663
561	731
562	588
562	646
562	1058
563	565
563	872
563	895
563	1032
564	670
564	715
564	762
565	641
565	751
565	790
566	611
566	907
566	1079
567	869
567	882
568	710
568	995
568	1067
570	879
570	976
570	1015
571	637
571	874
572	611
572	839
572	885
572	982
572	1091
573	804
574	606
574	863
576	784
576	845
576	932
576	934
577	738
577	774
579	666
579	736
580	853
581	679
582	657
583	801
584	585
584	732
584	823
585	712
586	838
587	625
588	668
588	812
588	895
588	1003
589	917
591	1061
592	660
592	1022
592	1093
596	737
597	818
598	739
598	758
599	661
600	703
600	768
601	918
601	957
601	1005
602	822
603	860
605	770
605	948
606	864
607	638
607	808
607	1002
608	688
608	740
608	925
608	1032
609	771
609	844
609	909
612	823
613	992
613	996
615	749
615	780
615	1005
616	638
616	776
616	832
616	858
616	1009
617	720
617	721
618	655
618	683
618	758
618	975
621	623
621	685
621	750
621	905
621	1039
623	1031
624	694
624	724
624	809
627	628
627	676
627	740
627	902
628	1097
628	1098
630	647
631	853
632	906
632	932
632	1052
633	827
636	740
640	663
640	715
640	848
640	956
641	693
641	774
642	705
642	709
643	939
643	1052
644	1004
644	1048
645	799
646	1084
647	834
647	973
649	1017
649	1030
650	788
650	858
650	1069
653	777
653	851
653	955
653	989
654	806
654	849
654	888
654	1097
655	801
655	875
655	966
657	859
657	952
657	954
658	767
658	867
658	885
658	1059
659	891
660	918
661	741
661	847
662	754
662	904
662	1020
662	1099
663	773
663	1011
664	899
664	991
665	771
665	832
666	811
667	728
669	675
669	688
669	856
669	914
670	845
672	698
674	845
674	862
674	885
674	939
676	901
676	987
678	786
678	987
679	985
680	700
680	798
680	959
682	879
682	917
682	954
683	694
683	1092
684	745
684	763
686	972
686	1038
688	729
688	989
689	981
690	703
690	877
691	916
691	1068
693	823
693	868
693	967
695	749
695	951
695	952
695	1054
697	701
697	892
697	911
699	820
699	1009
701	842
701	1055
702	748
703	751
703	767
703	1027
704	779
704	877
705	726
705	952
705	1098
706	772
706	1075
707	719
709	997
709	1092
710	812
710	889
710	1095
711	798
711	1089
712	863
712	1017
713	715
714	988
714	1043
716	829
716	1004
718	1019
719	878
719	937
720	1067
720	1089
720	1092
721	984
721	1015
722	1080
723	840
723	898
723	1009
724	912
724	1003
726	916
726	1029
728	977
729	758
729	954
729	996
730	828
731	1068
732	752
732	802
732	882
732	1021
733	797
733	968
733	1016
734	893
735	739
736	914
738	1058
740	927
741	834
741	925
741	1063
742	744
742	890
742	930
743	921
744	956
745	826
746	911
746	938
746	1068
747	794
747	898
747	934
747	1044
749	1054
749	1092
750	766
750	805
750	821
750	946
753	881
755	814
755	916
755	1064
756	941
756	1029
757	784
758	923
759	946
760	1010
762	996
764	812
765	774
766	941
768	958
769	1021
770	991
771	899
774	800
774	911
774	1064
775	912
775	1028
775	1098
776	819
778	831
780	825
781	1041
782	840
782	842
782	983
785	924
785	980
786	880
787	803
787	923
787	995
788	823
789	798
789	820
789	950
790	892
790	940
790	962
790	989
790	1012
791	833
791	838
791	1057
791	1087
792	940
793	962
794	1084
796	810
796	812
796	976
797	931
798	1006
799	833
800	948
801	952
802	1033
802	1079
803	924
803	989
803	1073
805	1083
806	814
806	995
809	971
812	816
812	1056
814	879
816	865
817	876
818	1053
818	1073
819	845
820	999
821	841
821	1080
823	933
824	1057
825	882
826	890
826	960
827	900
828	1015
829	1016
832	1066
834	958
836	1026
837	983
839	916
839	953
840	1067
841	989
842	898
844	1045
845	1077
846	938
847	848
847	1037
848	1090
850	980
850	1020
851	871
851	1082
852	984
853	1071
854	996
856	890
859	902
863	980
864	888
865	947
865	1059
866	892
867	925
870	1015
871	940
872	878
872	908
872	944
872	1049
873	885
873	928
873	1017
874	885
874	1053
875	1072
875	1087
876	959
876	1050
877	1024
879	1005
881	1037
884	889
884	944
886	1031
889	1009
889	1052
890	948
894	1018
894	1068
897	932
898	1051
899	1034
900	1043
901	1086
902	997
902	1065
903	1094
904	968
906	998
906	1001
906	1070
907	1053
908	1046
909	1000
911	1025
914	949
914	1003
915	1094
916	1061
918	989
919	991
919	1028
919	1088
920	1058
921	960
923	945
931	1088
935	1046
937	1018
939	1090
940	1007
941	961
943	1036
948	1005
949	1087
950	1074
952	986
954	1032
955	1088
957	1011
962	1086
966	1063
970	1076
971	993
971	1014
977	1028
977	1048
979	982
980	985
984	1053
986	1087
987	1070
989	1081
990	1064
994	1013
995	1065
997	1037
998	1028
1007	1019
1027	1029
1032	1089
1035	1084
1038	1078
1039	1060
1039	1086
1043	1085
1049	1077
1054	1099
1056	1082
1068	1080
1078	1082
1082	1093