0	373
0	484
0	555
0	830
0	1083
1	144
1	184
1	314
1	316
2	95
2	384
2	700
2	890
2	1044
3	188
3	247
3	380
3	664
3	941
4	60
4	188
4	519
4	556
4	597
4	906
4	934
5	19
5	122
5	569
6	506
6	581
6	651
6	898
7	225
7	239
7	397
7	408
7	482
7	551
7	999
8	690
8	830
9	226
9	457
9	632
9	774
10	102
10	886
11	131
11	133
11	936
11	985
12	286
12	631
12	814
12	831
12	922
13	273
13	401
13	559
13	656
13	673
13	973
14	253
14	304
15	79
15	273
15	508
15	665
16	521
16	763
17	275
17	648
17	792
17	997
17	1035
18	152
18	630
18	872
19	260
19	364
19	830
19	844
20	492
20	798
20	1026
21	41
21	48
21	124
21	365
21	792
22	123
22	147
22	421
22	446
22	496
23	167
23	257
23	615
24	145
24	170
24	233
24	307
24	626
24	669
25	106
25	401
25	563
25	877
26	79
26	134
26	415
26	600
26	658
26	868
26	921
26	1030
26	1065
27	154
27	413
27	668
27	888
27	897
27	1042
28	56
28	281
28	386
28	500
28	687
28	760
28	846
28	880
28	936
29	1069
29	1087
30	660
31	72
31	305
31	548
31	598
31	729
32	35
32	356
32	471
32	526
33	361
34	480
34	528
34	558
35	182
35	1032
36	335
36	363
36	522
36	642
36	675
36	783
36	1022
37	97
37	303
37	758
37	808
37	868
37	973
37	983
38	99
38	176
38	312
38	633
38	864
38	886
39	343
39	861
40	402
40	497
40	549
40	675
40	762
40	782
41	78
41	667
41	866
41	937
42	513
42	615
42	797
42	865
43	261
43	264
43	689
43	771
44	178
44	370
44	735
44	801
44	915
44	1097
45	217
45	287
45	583
46	531
46	936
47	217
47	367
47	578
47	885
47	1091
48	206
48	642
49	198
49	1041
50	100
50	162
50	326
50	367
51	192
51	208
51	287
51	391
51	656
51	749
51	820
52	178
52	381
52	522
52	837
52	1027
52	1052
53	366
53	627
54	70
54	125
54	337
54	471
54	931
54	987
55	359
55	398
55	882
55	992
56	371
56	779
57	85
57	289
57	465
57	816
57	860
58	288
58	332
59	323
59	486
59	541
59	607
59	761
59	787
59	959
59	1004
60	190
60	237
60	335
60	692
61	219
61	374
62	80
62	387
62	671
62	699
63	184
63	212
63	215
63	800
63	932
64	665
64	712
64	754
64	933
64	981
64	1003
65	612
66	288
66	300
66	409
66	1042
67	635
68	941
69	86
69	214
69	273
69	884
69	1098
70	117
70	526
70	572
70	611
71	484
71	592
71	622
71	702
71	863
72	356
72	535
72	613
72	960
73	811
73	890
73	960
74	432
74	592
75	77
75	242
75	710
75	711
76	391
76	641
76	670
76	728
76	843
76	949
76	950
76	1012
76	1091
77	442
78	137
78	388
78	436
78	444
79	221
79	252
79	671
79	709
80	109
80	210
80	627
80	639
81	132
81	313
81	883
81	965
82	136
82	599
82	786
82	894
83	117
84	374
84	865
85	277
85	506
85	552
86	120
86	321
86	455
86	568
86	603
87	464
87	509
87	690
87	754
87	1069
88	564
88	756
89	298
89	364
89	404
89	728
89	921
89	993
90	128
90	175
90	377
90	505
90	765
90	779
90	998
90	1021
91	141
91	592
91	894
92	364
92	594
92	745
92	949
93	536
93	985
93	1063
94	148
94	296
94	407
94	709
94	754
94	974
95	688
95	942
96	258
96	856
97	158
97	223
97	286
97	578
97	749
97	926
98	642
98	667
98	814
98	854
98	1026
99	458
99	512
99	827
100	356
100	776
100	985
101	197
101	849
102	233
102	930
102	1006
103	229
104	829
104	830
104	877
104	960
105	170
105	278
105	705
106	642
106	976
107	297
107	600
108	553
108	993
108	1049
109	123
109	237
109	489
109	532
109	707
109	1056
110	112
110	329
110	403
110	1085
111	685
111	1071
112	506
112	553
112	608
112	672
113	302
113	632
113	703
114	150
115	148
115	256
115	1015
116	244
116	381
116	458
116	879
116	1018
117	245
117	826
117	1000
118	229
118	353
118	828
118	915
118	1036
118	1099
119	324
119	446
119	574
120	744
120	794
121	435
121	622
121	954
122	254
122	914
123	288
123	289
123	332
123	675
124	237
125	272
125	956
126	143
126	180
126	343
126	455
126	888
126	1074
127	600
127	842
129	442
129	558
129	654
129	701
129	708
129	771
129	870
129	959
129	1026
130	762
131	554
131	586
131	846
132	516
132	738
132	948
133	307
133	395
134	962
134	1014
134	1029
135	137
135	649
135	781
136	247
136	334
136	376
136	603
136	753
137	260
137	358
138	140
139	153
139	714
139	837
139	895
140	425
140	486
140	1082
140	1094
141	435
141	643
141	659
141	815
142	328
142	634
142	926
142	1050
143	168
143	209
143	345
143	529
143	927
143	935
144	273
145	190
145	399
145	590
145	768
146	193
146	637
146	980
146	1051
146	1061
147	219
147	331
147	337
147	624
147	728
147	874
147	1039
148	310
148	418
148	987
149	360
149	671
149	1033
149	1046
150	241
150	389
150	970
150	1004
151	487
151	632
151	637
152	926
153	936
154	163
154	209
154	650
155	966
155	991
155	999
156	419
156	564
156	578
156	702
156	758
156	1032
157	225
157	859
158	370
158	570
158	699
158	998
159	378
159	473
159	935
159	993
160	231
160	255
160	297
160	534
160	711
160	963
161	514
161	940
161	1011
161	1040
161	1052
162	355
162	367
162	437
162	536
162	1037
163	292
163	428
163	479
163	506
163	544
163	600
163	1028
164	762
164	815
164	1093
165	460
165	466
165	896
165	975
166	255
166	655
166	743
166	837
166	921
167	230
167	929
167	1007
167	1061
168	398
168	647
168	732
169	741
169	775
169	1068
170	424
170	1014
171	371
171	649
171	660
171	822
172	241
172	278
172	353
172	398
172	449
172	710
172	1068
173	334
174	293
174	556
174	975
174	1087
175	287
175	446
175	652
175	917
176	214
176	684
176	719
176	916
176	1040
177	802
178	312
178	1099
179	234
179	421
179	852
179	889
179	1045
181	196
181	247
181	882
181	1029
182	242
182	425
182	588
182	867
183	333
183	682
183	690
183	1086
184	1047
185	256
185	435
185	689
185	834
185	1013
186	349
186	879
186	969
186	1034
187	308
187	459
187	843
188	202
188	233
188	330
188	347
188	505
188	790
188	803
189	544
189	602
189	718
189	1063
190	284
190	602
190	1097
191	345
191	452
191	807
191	1030
192	382
192	459
192	716
192	903
192	1025
193	421
193	468
193	1062
194	511
194	512
194	623
194	771
194	902
195	296
195	342
195	386
195	421
195	886
195	968
196	220
196	849
196	977
196	1076
197	441
197	606
197	667
197	870
197	920
197	949
198	581
198	727
198	790
198	938
199	412
199	573
199	700
200	363
201	435
201	668
201	741
201	758
201	819
202	634
202	699
202	793
203	297
203	467
203	557
203	611
203	928
203	964
204	370
204	525
204	736
205	348
205	378
206	709
206	819
206	991
206	1005
207	903
208	285
208	578
208	610
208	760
208	776
208	1033
209	252
209	507
209	565
209	652
210	319
210	554
210	801
210	982
211	499
211	587
211	642
211	810
212	536
212	583
213	683
213	710
213	997
214	400
214	895
214	899
215	313
215	340
215	361
215	612
215	650
215	943
216	559
216	768
216	830
217	226
217	324
217	1013
218	596
218	781
218	852
219	463
219	577
219	1029
220	478
220	661
220	730
220	826
220	1085
221	404
222	496
222	905
223	367
223	556
223	687
223	806
224	244
224	558
224	559
224	601
224	933
224	941
225	340
225	360
225	486
226	276
226	441
226	468
226	646
226	862
226	868
226	1010
227	498
228	362
228	482
228	837
229	377
229	736
230	993
231	331
231	626
231	707
231	981
232	442
232	735
233	333
233	547
234	435
234	699
234	738
234	873
234	966
235	844
236	550
236	883
236	1066
237	243
237	350
237	729
237	949
238	489
238	508
238	584
239	347
239	556
239	757
240	307
240	316
240	344
240	496
240	1067
241	937
242	1062
243	848
244	336
244	435
245	293
245	385
245	722
246	495
246	597
246	1030
247	327
247	573
247	798
247	931
248	414
249	251
249	295
249	526
249	1080
250	309
250	375
250	666
250	692
250	766
250	963
250	1016
251	279
251	290
251	1029
252	669
252	821
252	882
253	650
253	735
253	937
254	278
254	329
254	489
254	491
254	1052
256	326
256	710
256	863
256	911
257	957
257	984
257	1057
258	844
258	877
258	987
259	286
260	761
260	828
260	880
260	947
260	1046
260	1049
261	549
261	583
261	860
262	756
262	1008
262	1084
263	402
263	846
263	854
263	942
265	379
265	433
265	563
265	694
266	1039
267	345
267	406
267	783
267	865
268	884
268	973
269	498
269	645
269	815
270	438
270	474
270	614
270	656
270	885
271	601
272	839
272	972
273	636
273	843
273	973
274	304
274	495
274	548
274	770
274	831
274	938
274	1003
275	304
275	398
275	833
275	867
275	1027
276	671
276	986
277	496
277	509
277	568
278	312
278	426
278	592
278	621
278	870
278	937
278	1099
279	956
279	1010
280	399
280	484
280	1009
280	1025
280	1048
281	349
281	866
281	989
281	1082
282	326
282	371
282	532
282	558
283	648
283	689
283	726
283	843
283	978
284	654
284	913
285	871
286	485
286	997
286	1067
287	370
287	541
287	788
287	828
288	904
288	944
289	340
289	776
290	627
290	662
291	422
291	553
291	673
291	977
292	600
292	667
292	1068
293	602
293	943
293	1007
294	442
294	547
294	674
294	756
294	938
294	1043
295	353
295	594
295	669
295	943
296	688
297	538
297	570
297	641
297	741
297	769
298	569
298	947
298	980
299	375
299	408
299	425
299	441
299	539
299	565
299	969
300	580
300	883
300	979
301	394
301	404
302	416
302	982
303	625
303	808
303	904
304	621
304	686
304	847
304	1073
305	685
306	364
306	434
306	823
306	946
307	355
307	440
307	498
307	668
308	402
308	540
308	792
308	874
308	1082
309	381
309	740
309	973
309	1058
310	519
310	670
310	939
310	1021
311	320
311	329
311	432
311	446
311	949
312	659
312	826
312	850
312	927
313	366
313	677
313	1001
314	453
314	490
314	520
314	734
315	360
315	678
315	717
316	477
316	512
316	620
316	691
317	807
317	879
317	1010
317	1054
318	912
318	1050
319	320
319	532
319	705
319	1026
321	436
321	461
321	652
321	827
321	964
321	968
321	1012
322	388
322	591
323	617
323	648
323	662
323	663
325	378
325	608
326	555
326	592
326	887
326	1024
327	365
327	507
328	976
328	1068
329	386
329	589
330	855
331	396
331	490
331	750
331	889
333	533
333	583
333	831
333	838
334	360
334	424
334	475
334	534
335	435
335	728
336	550
336	1060
337	839
337	937
338	471
338	581
339	392
339	481
339	548
339	743
339	747
339	835
339	1042
340	438
340	625
340	920
341	846
341	967
342	562
343	383
343	492
343	600
343	839
343	1055
344	548
344	595
344	942
345	462
345	673
346	861
346	1041
347	392
347	641
347	740
347	1038
347	1081
348	690
348	717
348	892
348	926
349	688
349	859
349	934
349	1014
349	1019
350	387
351	606
351	680
351	933
352	467
353	550
354	818
354	861
355	1018
356	484
356	540
356	716
356	795
356	958
357	965
358	387
358	826
358	1057
359	655
359	848
359	889
360	426
360	460
360	1008
361	428
361	641
361	971
362	726
362	908
363	739
363	881
363	888
363	1061
364	713
365	382
365	556
365	864
365	1034
365	1061
366	475
367	379
367	552
368	532
368	572
368	958
368	974
368	1060
369	455
369	533
369	657
369	916
370	375
370	415
370	685
370	930
370	940
370	1025
371	716
371	851
371	907
371	1039
372	564
372	687
372	909
373	468
373	681
373	781
375	489
375	586
375	688
375	727
375	746
375	863
376	627
376	718
377	416
377	695
377	761
377	773
377	830
377	1064
378	397
378	436
378	595
378	966
379	468
379	591
379	1060
380	455
380	575
380	616
380	733
380	792
382	556
382	755
383	647
383	805
384	517
384	941
385	737
386	611
387	523
387	584
387	875
388	551
389	507
389	540
389	586
389	610
389	971
389	1041
390	840
391	894
391	937
392	589
393	939
394	483
394	751
394	847
395	1042
396	443
396	915
396	1086
397	578
397	1014
398	886
398	922
398	931
399	464
399	895
400	543
400	712
401	543
402	417
403	562
403	591
403	1025
404	748
404	829
404	843
404	1074
405	416
405	501
405	729
405	757
405	1013
406	607
406	683
406	867
406	1033
407	501
408	444
408	615
408	775
409	1014
410	845
410	905
410	1020
411	703
412	644
412	646
412	873
412	947
413	459
413	819
413	962
413	1039
413	1093
414	547
414	910
415	568
415	749
416	448
416	1079
417	750
417	952
418	446
418	619
418	696
418	893
419	713
419	850
419	866
419	887
419	945
419	1057
419	1084
420	529
421	425
421	518
421	723
421	816
421	883
422	488
422	555
422	585
422	904
422	954
422	985
423	472
423	606
424	438
424	866
425	696
427	600
427	841
427	928
428	815
428	846
429	655
429	1029
430	764
430	782
430	878
431	439
432	624
432	731
432	839
432	855
432	861
432	941
432	1060
433	743
434	558
434	779
434	997
435	1080
436	630
436	913
437	610
437	745
437	795
437	888
438	467
438	501
438	1090
439	885
440	550
440	619
440	791
440	811
440	1078
440	1082
441	863
442	466
442	755
442	984
443	501
443	834
443	1000
443	1006
444	860
445	706
445	1006
446	777
446	894
447	664
447	718
447	1074
448	738
448	916
449	519
449	821
449	925
449	954
450	602
450	876
450	889
450	943
451	756
451	969
451	1017
451	1089
452	544
452	835
452	969
452	1000
452	1038
454	573
454	783
454	792
454	1008
455	849
456	466
456	1031
457	543
457	1022
457	1049
458	862
459	472
459	791
459	945
460	707
460	952
461	713
461	1074
462	566
462	577
462	968
463	646
463	1027
464	594
464	1022
464	1070
465	628
465	947
465	1069
466	695
466	1001
466	1029
468	566
468	995
469	522
469	536
469	595
469	711
469	1014
469	1080
470	476
470	489
470	665
470	778
470	1014
471	564
471	632
471	678
471	886
472	805
473	500
474	502
474	576
474	810
475	487
475	544
475	591
475	704
475	852
475	860
476	809
476	870
478	954
479	890
479	1040
479	1057
480	726
481	499
481	662
481	934
482	1002
482	1030
483	664
483	677
483	1087
484	670
484	1089
485	511
485	710
485	760
485	803
485	954
486	540
486	630
486	745
486	914
487	536
489	677
489	952
492	572
492	742
492	817
492	970
492	1036
493	533
493	580
493	590
494	765
495	590
495	763
495	989
495	1030
496	570
496	998
496	1069
497	584
497	629
497	882
498	505
498	695
499	501
499	645
499	864
499	961
500	751
501	927
502	740
502	967
502	1041
503	552
503	1073
504	891
504	994
505	983
506	820
506	912
506	1003
507	602
508	714
508	912
508	1049
509	720
509	850
510	1049
514	616
514	920
515	570
515	680
515	768
516	659
516	779
516	860
516	1064
517	553
517	939
520	732
520	767
520	888
521	744
521	903
522	738
522	894
522	924
523	696
523	979
524	626
524	729
524	832
525	854
527	572
527	928
527	1029
528	547
528	587
528	788
528	789
528	792
528	828
528	879
529	849
529	931
529	979
530	918
530	925
531	889
533	545
533	659
533	867
534	575
534	883
535	849
536	962
536	998
536	1079
537	606
537	944
538	720
538	732
539	765
539	853
540	825
541	822
541	1012
542	970
542	976
542	1058
543	871
543	1020
544	661
544	999
545	569
545	600
545	806
545	1034
546	677
547	809
548	589
548	775
548	861
549	646
549	865
549	1027
550	630
550	763
551	566
551	654
551	725
553	944
553	970
554	659
554	859
554	1063
555	594
555	632
555	647
555	769
556	656
557	586
557	650
557	722
557	740
557	766
557	972
557	1012
558	1011
559	821
559	849
560	723
561	578
561	610
561	801
561	1085
563	779
564	594
564	748
564	930
564	1009
565	1025
566	775
567	886
567	1043
568	994
568	1038
568	1046
568	1085
569	1026
571	574
571	678
571	976
573	625
573	974
574	644
574	709
575	725
575	1067
576	600
578	613
578	941
579	609
579	613
580	957
581	716
581	726
581	861
582	824
582	835
582	920
584	779
585	976
585	1039
586	611
586	990
586	1030
587	603
587	737
588	727
588	799
588	1017
589	954
590	854
590	949
591	594
591	1040
592	660
592	674
592	811
593	778
593	862
593	890
595	967
596	681
596	768
596	899
597	669
597	735
598	816
599	626
599	991
600	843
600	959
600	1083
601	956
601	988
602	930
603	710
603	736
604	704
604	772
604	1092
605	610
605	1066
606	869
606	878
607	690
607	859
608	972
609	929
612	698
612	1089
614	751
614	1001
615	658
615	726
615	815
615	933
615	1036
615	1083
616	630
616	746
616	856
616	945
616	1059
618	635
618	694
618	696
619	914
619	982
620	813
621	788
621	940
622	664
622	684
622	747
622	755
625	658
625	1057
626	990
628	638
628	676
628	899
628	914
628	1027
629	728
630	1049
631	997
632	1044
632	1062
634	737
634	935
637	679
637	693
637	816
638	723
638	888
639	775
640	1058
640	1080
641	935
643	695
643	774
643	811
643	829
643	1021
644	698
644	865
645	900
645	1038
646	775
647	732
647	914
647	1077
648	732
648	747
649	851
651	699
651	954
652	697
652	926
653	1030
654	1073
655	788
655	1019
658	993
658	1019
659	728
659	817
661	815
661	1015
661	1029
663	767
663	1030
664	750
665	678
665	721
665	965
665	1085
667	856
668	700
669	1053
670	696
670	1010
671	684
671	741
671	866
672	704
672	899
673	1078
677	856
677	1019
679	984
680	768
681	914
682	853
683	697
684	707
684	832
685	847
687	820
687	1004
688	1006
689	923
690	971
690	1077
691	757
691	819
691	980
691	1050
692	781
692	1035
692	1053
692	1070
694	1078
695	945
695	963
697	740
697	986
698	868
699	977
699	994
699	1054
700	761
701	718
701	935
701	1037
701	1062
704	1078
705	740
705	979
706	779
706	1036
706	1083
708	892
708	899
708	922
709	773
709	840
709	858
709	1022
709	1048
710	931
710	995
711	762
711	867
711	918
711	1089
712	780
713	1084
714	843
715	865
715	1065
717	718
717	1055
717	1090
718	923
718	1015
718	1048
719	822
719	1096
720	773
723	943
723	972
723	979
724	740
724	1086
726	752
726	1092
727	748
727	789
727	939
727	947
727	999
728	988
729	854
729	1069
731	841
731	890
731	953
731	1040
731	1083
732	791
733	825
733	1091
734	798
735	857
735	890
735	1007
736	907
736	1070
738	1053
739	808
739	849
740	914
740	1023
741	969
743	769
746	811
746	859
746	1038
747	784
747	804
747	963
748	904
748	1045
749	808
749	941
754	883
754	1015
757	777
757	1043
758	899
759	854
764	808
766	943
767	951
767	1019
767	1053
768	788
769	933
769	951
770	1090
771	863
773	800
773	999
774	1063
775	845
775	991
776	1097
777	901
778	838
782	787
782	1022
783	797
784	824
785	857
786	871
787	888
788	947
789	1060
790	836
790	997
791	819
792	947
793	892
793	922
793	996
795	1096
796	851
796	1033
797	947
797	984
798	955
799	1044
800	805
800	935
800	972
803	1015
805	814
805	1045
806	828
806	831
806	963
808	986
808	994
809	894
809	998
809	1059
809	1065
810	945
811	888
812	957
812	1040
813	944
813	1008
816	975
816	1016
820	1087
821	881
821	994
821	1034
822	1000
823	1022
824	903
824	935
824	1019
824	1089
825	1015
826	905
828	1056
829	927
830	1048
832	960
834	865
834	950
834	1071
835	845
836	961
836	978
841	1050
843	869
845	920
846	881
854	990
856	908
856	1009
856	1089
857	888
859	884
860	990
862	965
863	982
865	1008
865	1043
866	1015
870	1088
871	1084
872	938
877	893
877	1093
878	986
878	1043
879	971
879	980
880	923
880	1098
881	920
883	1011
885	1008
885	1090
886	949
886	1030
887	901
888	1006
889	1063
890	1014
890	1043
891	934
891	1078
893	1023
894	936
894	1015
897	947
897	983
902	1008
903	908
903	929
903	935
904	947
904	989
904	1004
904	1053
905	913
905	995
905	1012
907	934
907	1088
909	966
910	1087
912	933
912	1043
914	1053
916	999
918	948
918	1046
919	1072
920	1050
920	1058
921	1020
921	1062
924	952
929	1018
937	992
937	1096
939	994
940	993
941	1072
943	989
943	1049
946	1035
949	1084
950	1059
951	1070
952	963
953	997
953	1026
957	1047
958	1036
959	1018
959	1059
960	1054
962	1070
963	992
963	1006
963	1099
964	1006
965	1035
966	1094
968	1053
969	974
972	985
978	1011
980	1075
981	1043
984	1082
989	1061
994	1061
1008	1086
1013	1068
1016	1036
1021	1073
1025	1051
1025	1058
1027	1030
1036	1095
1038	1055
1041	1080
1051	1080
1054	1058
1057	1061
1057	1086
1058	1082
1062	1089
1075	1097