0	124
0	552
1	209
1	282
1	329
1	420
1	1089
2	12
2	437
2	620
2	649
2	856
2	958
3	107
3	119
3	309
3	974
3	1001
3	1018
3	1034
4	296
4	543
4	784
4	835
4	892
4	1046
4	1057
5	697
5	1031
6	542
6	552
6	760
6	846
6	1088
7	475
7	815
7	870
8	433
8	542
8	919
8	996
9	71
9	143
9	412
9	480
9	486
9	534
9	678
9	926
10	161
10	219
10	253
10	877
11	110
11	134
11	412
11	446
11	762
12	490
12	509
13	482
13	486
13	608
13	777
13	892
13	925
13	1091
14	47
14	62
14	260
14	289
14	317
14	348
14	470
15	561
15	863
15	1018
16	121
16	243
16	545
16	552
16	614
16	809
17	120
17	121
17	208
17	584
17	648
17	837
18	24
18	48
18	271
18	379
19	414
19	570
20	71
20	385
20	507
20	617
21	89
21	242
21	270
21	617
21	734
22	346
22	582
22	621
22	634
22	938
23	509
23	618
23	680
23	750
23	838
23	983
24	75
25	258
25	444
25	571
25	738
25	895
26	123
26	128
26	566
26	747
26	1073
27	137
27	252
27	539
27	713
27	774
27	841
27	986
27	1020
27	1035
28	514
28	558
29	206
29	1038
29	1039
30	550
30	808
30	929
31	207
31	252
31	762
31	947
32	198
32	414
32	917
33	371
33	404
33	495
33	647
33	667
33	906
34	852
35	208
35	530
35	697
35	789
35	922
36	118
37	256
37	466
37	951
38	62
38	163
38	243
38	277
38	320
38	608
38	641
38	679
38	893
39	438
39	559
39	1051
40	707
40	912
40	940
41	358
41	578
41	692
42	689
42	1032
42	1047
42	1085
43	320
43	338
43	507
44	223
44	747
45	653
45	717
45	838
46	582
46	828
46	915
46	1004
47	313
48	109
48	288
48	370
48	966
49	871
50	277
50	542
50	844
50	934
51	186
51	188
51	207
51	575
51	627
51	735
51	943
51	967
52	69
52	724
52	851
53	424
53	534
53	540
54	678
54	846
54	935
54	950
54	1035
55	79
55	270
55	1056
55	1068
56	88
56	169
56	290
56	391
56	938
57	157
57	272
57	465
57	515
58	73
58	251
58	798
58	824
59	99
59	621
60	264
60	483
60	688
60	818
60	883
60	1012
61	538
62	97
62	535
62	542
62	580
62	602
62	1030
63	221
63	293
63	393
63	394
63	411
63	888
63	993
64	143
64	235
64	436
64	475
64	602
64	647
64	927
64	968
65	343
65	400
65	881
66	273
66	629
67	200
67	760
68	151
68	172
68	464
68	493
68	967
69	75
69	349
69	423
69	618
69	673
69	757
69	1017
70	440
70	783
70	794
70	808
72	139
72	201
72	276
72	410
72	624
72	923
72	1022
73	175
73	542
73	583
73	803
73	913
73	919
74	273
74	666
75	374
75	801
76	151
76	547
76	760
76	948
76	972
76	987
77	241
77	332
77	829
78	515
78	853
78	1049
79	479
79	556
80	291
80	469
80	868
81	321
81	546
81	774
81	816
81	955
82	139
82	1025
83	172
83	191
83	361
83	650
84	1031
85	328
85	355
85	422
85	531
85	691
85	946
86	221
86	753
86	758
86	793
86	988
87	231
87	617
87	704
87	790
88	275
88	405
88	779
88	1094
89	604
90	248
90	771
90	1007
91	273
91	765
92	120
92	368
92	772
92	951
93	280
93	571
93	624
93	837
93	895
94	246
94	1070
95	325
95	544
96	182
96	500
97	220
97	592
97	595
97	920
97	923
98	275
98	629
99	281
99	384
100	482
100	708
101	504
101	718
101	819
102	598
102	758
102	1029
102	1093
102	1099
103	358
103	470
103	622
103	758
104	164
104	487
104	492
104	502
104	846
104	909
104	918
105	480
105	721
105	875
106	368
106	530
106	812
106	888
107	218
107	685
107	811
107	891
108	563
108	875
108	905
108	1004
109	221
109	691
109	817
110	215
110	360
110	525
110	595
111	345
111	376
111	704
112	255
112	404
112	627
113	728
113	1048
114	353
114	971
115	245
115	515
115	517
115	537
115	555
116	870
116	1066
117	248
117	450
117	564
117	809
117	960
118	170
118	672
118	823
118	1028
118	1062
119	568
119	607
119	752
119	936
120	468
120	524
120	775
120	897
120	960
121	127
121	317
121	802
121	810
122	337
122	722
123	176
123	264
123	392
123	707
123	879
123	979
124	130
124	159
124	453
124	647
124	879
124	1055
125	639
126	568
126	578
127	222
127	765
127	779
127	783
128	565
128	957
128	1047
129	726
129	987
130	208
130	885
131	231
131	312
131	701
131	982
132	807
132	893
133	261
133	829
133	885
133	1033
134	429
134	639
134	676
134	851
134	925
135	554
136	213
136	530
136	672
136	711
136	925
136	1088
137	179
137	261
137	329
137	829
138	209
138	302
138	554
138	609
138	1013
139	198
139	618
139	697
139	831
140	278
140	435
140	561
141	227
141	330
141	1042
142	823
142	828
142	959
142	1023
143	188
143	613
143	807
144	637
145	222
145	933
145	972
146	491
146	1092
147	376
147	938
148	433
148	513
148	827
148	863
148	922
148	936
149	437
149	583
149	625
149	1090
150	414
150	528
150	530
150	706
150	718
151	610
151	863
152	422
152	783
153	234
153	285
153	363
153	1001
153	1004
154	450
154	453
154	575
154	615
154	807
154	943
155	375
155	635
155	843
155	874
156	703
156	816
156	885
156	981
157	746
158	396
158	518
158	641
158	835
158	994
158	1077
159	1063
160	739
160	793
160	1008
161	447
161	616
161	1091
162	171
162	506
162	550
162	609
162	1043
162	1070
163	214
163	527
163	828
163	1059
164	456
164	771
165	763
165	996
166	1036
167	414
167	593
167	916
167	1028
168	222
168	396
168	842
168	887
168	1007
168	1041
169	254
169	701
169	828
170	293
170	530
170	782
170	860
170	958
171	207
171	660
171	955
171	1041
172	643
172	977
173	245
173	345
173	467
173	500
173	596
174	219
174	321
174	664
174	906
174	963
175	683
175	977
176	691
177	269
177	686
177	724
177	997
178	707
179	355
179	526
179	656
179	717
180	621
180	792
180	1046
181	954
181	997
181	1056
182	255
182	593
182	742
183	186
183	640
183	737
184	186
184	730
184	781
185	201
185	477
185	580
185	587
185	606
185	825
186	263
186	728
187	286
187	903
187	932
188	490
188	611
188	762
188	810
188	869
189	497
189	637
189	752
189	1081
190	584
191	361
191	545
191	892
192	249
192	267
192	364
192	647
192	772
192	956
193	211
193	230
193	384
193	815
193	885
194	703
194	801
194	815
194	895
195	591
195	781
195	940
195	989
196	312
196	412
197	239
197	685
197	839
197	924
197	1058
198	352
198	572
198	609
199	284
199	433
199	526
199	562
199	743
199	777
199	934
199	939
199	1041
199	1078
200	267
200	571
200	1088
201	390
201	763
201	1014
201	1089
202	484
203	228
203	789
203	1033
204	410
205	268
205	687
205	779
206	330
206	467
206	531
206	534
206	601
206	852
207	309
207	613
208	341
208	541
208	733
208	764
208	803
208	984
209	903
210	324
210	716
211	455
211	709
211	995
211	1011
212	788
212	841
212	1012
213	229
213	597
213	634
214	351
214	395
214	563
214	654
214	674
214	726
215	264
215	427
215	439
215	655
215	964
216	319
216	783
216	889
217	564
217	974
217	991
218	501
218	505
218	971
218	1037
219	285
219	1039
220	898
220	1099
221	244
221	423
221	868
221	948
221	1011
222	469
222	910
223	225
223	427
224	346
224	413
224	724
224	1097
225	562
225	1059
226	565
226	967
227	426
227	446
227	462
227	889
227	898
227	1059
228	246
228	893
228	951
229	311
229	724
229	869
230	244
230	255
230	318
230	413
230	817
230	1005
231	581
232	631
233	267
233	773
234	261
234	325
234	614
234	804
235	236
235	398
235	908
235	980
236	504
236	641
236	668
237	516
237	953
238	363
238	374
238	450
238	598
238	841
238	928
238	1083
239	935
239	981
240	315
240	789
241	693
241	748
241	840
242	461
242	638
242	745
242	928
242	966
243	554
244	296
244	338
244	366
244	465
244	522
244	700
244	892
244	962
245	1028
246	471
246	527
246	786
246	1028
247	291
247	499
247	638
247	645
247	1005
248	477
248	730
248	832
249	631
249	869
249	949
250	338
250	413
250	476
250	621
250	848
250	920
250	1092
251	642
251	717
251	915
251	968
252	785
253	497
253	857
254	666
254	1035
255	606
255	1028
256	492
256	589
256	959
256	1018
257	391
257	536
257	758
257	787
257	840
258	345
258	966
259	354
260	403
260	929
261	327
261	474
262	450
262	791
262	1043
263	321
263	445
263	543
263	556
263	594
263	769
263	824
263	876
264	397
264	528
264	582
264	676
264	1036
265	394
265	453
265	675
265	988
265	1048
266	599
266	778
266	954
267	371
267	731
267	952
268	298
268	336
268	523
268	638
268	759
268	920
268	985
270	616
270	780
271	439
271	567
271	1085
272	538
272	762
273	708
273	724
273	942
274	298
274	594
274	620
274	641
274	706
274	998
275	338
275	633
276	353
276	392
276	833
277	657
277	696
278	529
278	777
279	306
279	539
279	546
279	679
279	1023
280	648
281	607
281	889
281	962
281	965
283	415
283	527
284	312
285	514
285	1038
286	359
286	456
286	956
287	306
287	458
287	550
287	947
288	392
288	725
288	765
288	801
288	858
289	861
290	455
290	892
291	749
291	769
291	1065
292	782
293	379
293	433
293	751
293	988
293	1030
294	298
294	807
294	1071
294	1074
295	489
295	683
295	1019
296	698
296	979
297	954
298	653
298	712
298	1080
299	332
299	543
299	593
299	813
299	990
300	585
300	642
300	919
300	1015
301	487
301	638
301	770
301	857
301	1041
302	417
302	449
302	759
303	452
303	657
303	868
303	873
303	899
304	515
304	590
304	833
305	313
305	327
306	371
306	867
307	331
307	915
307	963
308	357
308	983
309	506
309	782
309	962
310	315
310	377
310	391
310	601
311	359
311	371
311	657
311	978
312	647
312	720
312	949
313	602
313	729
313	982
314	340
314	422
314	618
314	828
314	882
315	461
316	474
317	932
318	586
319	509
319	621
319	739
320	605
320	963
320	1084
321	332
321	388
321	585
321	685
321	729
322	396
323	400
323	734
323	888
323	1016
324	560
325	390
326	741
326	1006
327	666
327	867
328	371
328	393
328	692
328	940
328	1092
329	597
329	784
330	501
330	587
330	893
330	951
330	1068
331	740
331	828
331	995
331	1076
332	342
333	489
333	618
333	624
333	917
334	511
334	836
335	365
335	760
336	355
336	469
336	908
338	805
338	855
339	436
339	502
339	846
340	506
340	720
341	434
341	551
342	448
343	823
343	865
343	1000
343	1046
344	726
344	921
344	1083
345	360
345	891
346	636
346	815
347	354
347	1023
348	544
349	356
349	482
349	894
349	947
350	669
351	669
351	846
351	1013
351	1025
352	884
353	704
353	766
354	560
354	612
355	485
355	540
356	396
356	423
357	805
357	1048
358	365
358	460
358	528
358	729
358	840
358	915
359	747
359	1050
360	539
360	1034
361	530
361	695
361	1052
362	678
362	1065
363	996
364	398
364	606
365	601
365	686
365	814
365	1026
366	685
366	847
366	1092
367	371
367	893
368	888
368	1087
369	852
369	940
369	1024
370	471
370	741
371	535
371	816
371	982
371	1004
372	415
373	840
373	872
374	406
374	441
374	501
374	615
374	943
374	945
375	520
375	804
375	1057
376	394
376	626
376	942
377	812
377	1049
377	1093
378	973
379	424
379	524
379	538
379	601
379	627
379	640
379	682
379	808
379	835
380	465
380	815
380	876
381	697
381	971
382	989
383	822
384	535
384	598
384	881
385	433
385	513
385	759
386	637
387	461
387	880
388	690
388	807
389	607
389	682
389	945
389	1074
390	471
391	449
391	655
392	414
393	729
393	944
394	883
395	656
395	1051
396	605
396	688
396	734
396	847
396	967
396	1012
396	1079
397	932
398	458
399	565
399	644
399	682
399	702
399	775
399	840
399	1020
400	645
400	780
400	1006
401	467
401	534
401	982
401	1053
402	481
402	601
402	796
402	986
403	674
403	921
404	938
405	463
405	488
406	462
406	548
407	451
407	1073
407	1095
408	710
408	728
408	850
408	951
409	759
409	774
409	909
410	757
410	900
410	951
412	646
412	1031
413	663
413	754
413	916
414	455
414	608
414	674
414	715
414	993
415	528
415	557
415	570
415	1084
415	1098
416	965
418	728
419	484
419	498
419	566
419	697
420	588
420	1067
421	594
421	925
422	535
422	683
422	822
422	1018
423	688
423	690
423	694
424	548
424	834
425	564
425	927
426	550
426	642
426	1009
427	954
427	980
427	1047
428	598
428	680
428	949
428	1062
428	1069
429	447
429	491
429	563
429	637
429	681
429	836
429	965
429	1053
430	435
430	728
430	884
430	950
431	462
432	911
432	917
432	921
432	1003
433	533
433	622
433	752
433	784
434	485
434	702
434	982
435	564
435	758
435	960
435	994
436	680
436	741
437	479
437	625
438	476
438	617
438	821
439	701
441	824
442	456
442	819
442	879
443	726
444	604
445	766
446	456
446	602
447	817
447	837
447	947
448	535
449	623
449	719
449	765
449	840
450	674
450	1001
451	614
452	522
453	842
453	928
453	971
454	1020
455	508
455	673
457	704
457	818
458	924
459	896
459	928
459	997
461	885
462	896
463	520
463	576
463	610
464	549
464	706
464	780
464	911
465	837
465	969
465	1031
466	955
467	944
468	642
468	766
468	816
469	618
469	1005
470	973
471	500
471	571
471	675
472	884
472	897
472	914
472	948
472	976
473	860
473	987
474	1041
476	665
476	870
477	524
477	728
478	573
479	842
480	683
480	704
481	492
481	626
481	638
481	671
481	784
481	928
481	941
481	1057
481	1097
482	547
482	558
482	680
482	806
482	890
482	999
483	990
484	513
484	651
485	740
485	961
485	997
486	530
486	612
486	814
486	856
487	730
487	756
487	934
487	1081
489	981
489	998
490	601
491	757
491	935
492	494
492	544
493	520
493	859
493	884
494	1028
495	750
496	665
496	684
496	944
496	996
497	602
497	972
497	997
498	516
498	631
498	697
498	755
500	839
500	1030
501	762
501	774
501	1024
503	541
503	720
504	612
504	789
504	826
505	596
506	656
506	702
506	765
506	1001
506	1047
507	512
507	924
507	1052
508	958
509	768
509	1089
510	548
510	832
510	1065
511	820
511	916
512	601
512	620
512	681
512	719
512	836
513	643
513	715
513	816
513	1078
514	574
514	675
515	560
515	627
516	552
516	612
516	632
516	664
516	665
516	746
516	915
516	1020
516	1088
516	1090
517	780
517	811
518	788
519	1073
520	655
521	544
521	732
522	823
523	570
523	584
523	640
524	643
526	620
526	653
526	666
526	942
527	860
528	664
528	926
528	986
529	770
530	935
530	971
531	569
531	736
531	1020
531	1081
532	593
532	726
532	867
532	907
532	918
533	621
533	862
534	639
534	809
534	1016
535	681
535	768
535	957
537	840
538	603
538	735
539	730
540	568
541	679
541	1052
543	1040
544	559
544	1010
544	1061
545	586
545	805
545	849
545	885
547	792
547	847
547	887
547	978
547	1027
548	809
548	905
548	1041
549	611
550	733
550	786
550	889
551	919
551	945
552	806
552	912
552	939
553	637
553	884
555	597
555	889
555	895
555	920
555	1081
556	579
556	1053
558	851
558	1045
559	1075
560	646
560	721
560	986
561	610
561	716
561	826
561	1039
562	693
562	1081
563	782
563	907
564	596
564	703
564	705
564	794
564	1088
565	999
565	1007
566	875
566	943
567	630
567	834
568	584
568	613
568	697
568	972
568	1051
568	1060
569	885
569	1095
570	953
570	955
573	1001
574	912
575	709
575	820
575	871
577	953
578	642
578	714
579	634
580	685
580	904
581	714
581	1023
581	1033
582	639
582	781
583	670
583	872
583	970
584	714
584	769
584	1074
585	655
585	661
585	670
585	993
586	713
586	764
586	798
586	924
586	1007
586	1037
588	892
589	843
589	1083
590	729
590	784
590	1094
591	817
592	1077
593	685
594	830
594	857
597	864
598	732
598	864
599	667
599	764
599	958
600	1065
602	1002
603	740
603	979
604	859
604	862
605	953
605	961
606	607
606	1054
607	648
607	662
607	1060
608	945
610	884
610	957
611	707
612	794
613	662
613	889
614	716
614	792
614	975
614	1072
615	831
615	957
615	964
616	786
617	780
617	843
617	902
618	825
618	978
619	1080
620	650
620	680
621	653
621	1092
622	777
623	685
623	699
623	1033
624	855
624	1010
625	761
625	812
625	838
626	782
626	861
626	931
627	631
627	877
627	971
628	1004
629	796
629	800
629	990
629	1081
630	802
630	827
631	632
631	815
632	1054
633	648
633	808
633	816
634	680
635	651
635	845
635	964
637	1062
639	648
639	818
640	776
640	808
641	913
642	913
642	1016
643	665
643	1095
644	864
645	837
646	878
646	1045
647	708
647	818
648	679
648	1085
648	1094
649	794
650	690
650	722
651	659
651	897
652	678
653	732
653	820
653	872
654	833
654	871
654	935
655	721
655	886
655	1052
657	893
658	779
659	831
659	1053
661	798
661	894
663	665
663	782
664	705
664	792
664	1081
665	882
665	1017
665	1095
666	796
667	706
667	918
667	993
668	845
668	1011
668	1047
668	1064
669	922
669	929
669	959
670	675
671	902
671	1038
672	839
672	971
673	731
673	780
674	836
674	1073
675	783
675	832
675	941
675	966
675	1001
675	1098
676	990
677	690
677	1047
678	698
678	1092
679	686
679	866
680	856
680	1093
681	792
682	770
683	716
683	852
684	716
684	1038
686	897
686	1018
687	765
688	862
689	1096
690	878
690	978
691	806
691	1021
691	1051
693	905
695	803
695	838
696	724
696	902
696	1051
697	869
697	980
698	729
698	1016
699	749
699	967
699	1009
700	703
700	929
700	986
701	931
702	1024
703	787
703	881
703	1037
703	1063
704	956
705	871
705	1084
707	767
707	874
707	922
709	1080
710	950
711	806
711	1059
714	759
714	1082
716	1009
717	1043
718	854
718	862
718	879
719	878
720	923
720	1015
723	855
723	928
724	805
724	1047
725	967
725	992
726	748
726	959
727	976
731	763
731	829
732	937
733	932
733	948
734	897
735	885
735	910
736	755
736	970
737	859
737	877
739	922
740	938
742	959
743	827
744	877
744	915
745	789
745	797
745	814
748	820
749	1012
750	901
751	753
753	763
753	835
753	931
753	968
753	1044
753	1054
754	1015
755	866
755	957
756	1013
756	1016
757	1060
761	943
762	840
762	852
765	1094
766	891
769	1014
770	897
770	1072
771	897
771	1064
772	1074
772	1088
774	830
779	940
779	1093
780	883
780	925
782	1025
783	803
784	962
784	984
785	921
785	922
786	904
786	965
792	817
793	1026
795	915
795	1001
797	820
797	890
799	888
799	952
801	822
801	832
801	861
802	927
805	998
805	1020
806	1092
808	934
808	1002
811	1015
812	1088
813	868
813	1067
813	1075
815	843
815	915
815	983
816	1031
816	1049
818	1072
819	922
819	995
821	870
821	1008
821	1034
826	899
826	940
827	997
828	829
828	862
828	995
829	1004
829	1023
830	923
830	971
831	834
832	1025
835	1074
836	889
837	961
837	1026
840	994
842	1045
842	1056
843	938
844	917
844	997
846	1014
847	952
848	1026
848	1056
849	1011
850	937
854	903
857	963
857	1010
858	922
858	1020
859	877
859	1024
860	1015
861	1003
862	1056
864	1044
865	906
865	950
867	914
867	915
868	1054
869	1033
871	1042
872	1087
874	918
877	957
878	901
878	920
882	895
882	922
884	902
884	987
885	992
885	1013
886	970
886	983
889	899
889	1041
889	1087
890	894
894	911
894	998
894	1082
895	1029
895	1030
896	1051
899	1023
900	909
903	1045
904	929
904	1043
904	1090
905	953
909	991
910	974
910	1055
913	1034
914	1006
915	958
918	1043
919	929
919	1060
921	1039
924	1061
925	951
926	945
930	940
930	1024
930	1086
934	1025
943	997
944	996
948	1032
951	1032
952	992
954	1009
957	1057
959	1027
960	1009
961	1065
962	1024
964	1002
969	1043
969	1090
970	1073
972	1080
978	1008
981	1029
982	987
984	1016
988	1000
989	1072
994	1053
1006	1068
1009	1043
1016	1087
1017	1039
1017	1085
1018	1062
1022	1095
1029	1083
1030	1079
1030	1091
1033	1075
1033	1092
1035	1092
1041	1082
1044	1099
1047	1064
1048	1080
1061	1098
1069	1082
1078	1091
1089	1096
1090	1096