0	102
0	645
0	845
0	942
1	243
1	265
1	426
2	85
2	595
2	686
2	913
2	1042
2	1071
3	76
3	112
3	352
3	435
3	520
3	917
3	991
3	1024
4	168
4	283
4	352
4	416
4	636
4	657
4	842
4	1038
5	133
5	202
5	325
5	539
5	767
5	935
6	141
6	559
6	813
6	904
6	945
6	971
7	683
7	1031
8	134
8	330
8	668
8	723
9	27
9	364
9	435
10	97
10	127
10	577
11	294
11	759
12	194
12	198
12	352
12	940
12	990
13	488
13	785
14	357
14	553
14	995
15	357
15	959
16	145
16	170
16	708
17	55
17	151
17	315
18	29
18	39
18	79
18	372
18	665
18	733
18	1088
19	642
20	96
20	159
20	366
20	661
20	742
20	871
21	243
21	592
21	741
22	343
22	451
23	884
24	378
24	442
24	448
24	523
24	607
24	679
24	832
24	867
24	876
24	952
25	323
25	334
25	720
25	1002
26	135
26	279
26	975
27	385
27	506
27	708
27	843
27	856
28	306
28	496
28	882
29	775
30	522
30	875
30	1017
30	1019
31	150
31	566
31	816
31	974
31	1029
32	717
32	735
32	751
33	326
33	386
33	442
33	864
34	82
34	178
34	291
34	840
35	155
35	354
35	392
35	460
35	502
35	924
35	1095
36	86
36	611
36	810
36	916
36	922
37	242
37	450
37	610
37	658
37	851
37	907
38	144
38	357
39	322
39	372
39	608
39	613
39	707
39	994
39	1044
40	288
40	579
40	897
41	333
41	495
41	544
42	635
42	783
42	920
42	1065
43	81
43	333
43	369
43	435
43	497
43	500
43	515
43	602
43	856
43	987
43	1017
43	1067
44	60
45	640
46	676
46	826
46	886
46	1057
47	138
48	70
48	179
48	425
48	573
48	672
48	856
48	989
49	198
49	575
49	650
49	664
49	905
50	362
50	500
50	540
50	688
50	765
50	1072
51	270
51	351
51	477
51	504
51	979
52	151
52	158
52	588
52	602
53	338
53	638
53	986
54	212
54	280
54	534
54	869
55	450
55	925
56	276
56	549
56	633
57	73
57	90
57	675
57	929
57	931
58	891
59	309
59	362
59	493
59	650
59	964
60	211
60	371
60	810
60	815
60	907
60	1016
60	1079
61	915
61	1067
62	101
62	569
62	614
63	236
63	717
63	790
63	937
64	870
64	1073
65	148
65	414
65	650
65	652
65	704
65	757
65	776
65	804
65	1038
66	131
66	238
66	384
66	889
67	74
67	79
67	125
67	264
67	672
67	810
67	1061
68	396
68	524
68	571
69	235
69	250
69	530
69	1014
70	176
70	327
70	525
70	683
71	148
71	364
71	545
71	620
71	775
71	1001
71	1099
72	525
72	600
72	623
72	675
72	864
73	114
73	118
73	297
73	793
74	134
74	181
75	578
75	633
75	740
75	846
76	287
76	737
76	740
76	819
76	1061
77	446
77	593
77	940
78	409
78	582
78	856
78	1070
79	331
79	353
79	510
79	727
79	766
79	903
79	1003
80	148
80	620
80	818
80	931
80	941
80	1052
81	423
81	788
81	915
81	1053
81	1077
82	551
82	773
82	774
82	854
82	983
83	386
83	438
83	528
83	574
83	686
83	723
83	834
83	897
83	954
83	991
83	1076
84	101
84	505
84	907
84	1017
85	119
85	272
85	438
85	497
85	834
86	349
86	353
86	740
86	774
87	596
87	617
88	185
88	301
89	642
89	1047
90	876
91	129
91	134
91	225
91	378
91	688
91	973
92	1053
93	174
93	354
93	546
93	669
93	1016
94	288
94	290
94	421
94	633
94	634
94	950
94	978
95	866
95	1082
96	315
96	330
96	706
96	943
96	1003
97	292
97	794
98	769
98	783
98	1087
99	145
99	896
99	980
100	158
100	460
100	761
100	871
100	1075
101	340
101	786
101	989
102	288
102	536
102	1038
103	361
103	441
104	246
104	305
104	586
104	612
104	1061
105	474
105	599
105	709
105	748
105	814
106	172
106	176
106	997
107	139
107	466
107	535
107	1036
108	414
108	598
108	730
109	558
109	580
109	733
110	690
110	734
110	1037
110	1067
111	573
111	844
111	866
111	937
112	400
112	579
112	652
112	1009
113	638
113	797
113	924
113	1017
114	207
114	218
114	460
114	620
115	117
115	154
115	344
115	411
115	945
115	1000
116	820
117	229
117	323
117	353
117	524
117	923
119	132
119	502
119	580
119	678
120	282
120	457
120	683
120	688
121	428
121	778
121	803
121	892
122	305
122	343
122	457
122	758
122	1045
123	131
123	398
123	589
123	608
123	855
123	864
123	912
124	125
124	791
125	661
125	665
126	1093
127	256
127	526
127	702
127	966
128	224
128	304
128	617
128	642
128	783
128	831
128	900
129	388
129	479
129	590
129	781
129	808
129	827
130	545
130	1034
131	391
131	1071
132	208
132	920
132	923
132	996
133	158
133	281
133	558
133	564
133	694
134	146
134	696
134	730
135	170
135	310
135	767
135	1045
136	281
136	601
136	607
136	985
136	1036
136	1045
136	1056
137	314
137	666
137	1045
138	600
138	669
138	1086
139	374
139	648
139	756
139	920
139	1095
140	160
140	382
140	560
141	318
141	450
141	643
141	1088
142	335
142	367
142	588
142	982
143	545
143	585
144	883
144	938
144	1015
145	481
146	311
146	342
146	612
147	318
147	323
147	942
148	191
148	575
148	828
148	874
148	1023
149	233
149	344
149	383
149	665
149	690
149	731
149	966
149	1059
150	415
150	427
150	1082
151	687
151	740
151	772
152	473
152	485
152	526
153	845
153	882
153	905
153	996
154	206
154	829
154	988
154	1095
155	477
155	544
155	596
155	1002
155	1030
156	244
156	459
156	935
156	975
157	207
157	389
157	562
158	429
158	700
158	989
158	1094
159	584
159	609
159	660
159	821
160	447
160	955
161	289
161	526
161	1025
162	199
162	397
162	787
162	789
162	795
162	1015
162	1046
163	692
163	813
163	1083
163	1093
164	226
164	859
164	873
164	909
164	944
165	402
165	544
165	624
165	780
165	787
165	847
165	1009
166	312
166	381
166	655
166	745
166	1052
167	505
168	314
168	879
169	173
169	747
170	326
170	611
171	340
171	355
172	376
172	939
173	695
174	211
174	752
175	251
175	297
175	412
175	552
175	661
175	947
176	226
176	438
176	697
176	743
177	181
177	593
177	621
177	1002
177	1061
178	474
178	768
178	839
179	502
180	533
180	593
181	319
181	367
181	437
181	493
181	792
181	872
181	1019
182	400
182	484
182	840
183	196
183	389
183	396
183	908
184	402
184	611
184	723
184	970
185	316
185	660
185	745
186	381
187	294
187	306
187	527
187	871
187	955
188	190
188	413
189	356
189	787
189	929
190	944
190	979
191	218
191	672
191	712
191	802
191	1007
191	1029
192	324
192	388
192	458
192	855
192	924
193	259
194	432
194	918
194	1067
195	259
195	627
195	744
195	950
195	975
196	438
197	207
197	583
198	506
198	507
198	759
198	779
198	804
198	841
199	457
199	739
199	854
199	908
199	999
200	256
200	441
200	632
200	922
201	307
201	511
201	696
201	887
201	1015
202	267
202	289
202	315
202	467
202	650
203	459
203	563
204	785
204	930
205	242
205	423
205	762
205	850
206	530
207	408
207	871
207	930
207	1050
208	550
208	826
208	989
209	225
209	771
209	952
210	381
210	475
210	959
210	1051
211	249
211	336
212	277
212	608
212	618
212	785
212	1039
213	319
213	1054
214	363
214	388
214	510
214	698
214	1009
214	1036
214	1047
215	389
215	485
215	501
215	678
216	254
216	719
216	963
217	478
217	567
217	657
217	873
217	984
217	1002
218	705
218	780
219	758
219	969
219	1078
220	479
220	779
220	885
221	438
221	600
222	599
223	871
223	1077
224	296
224	423
224	552
224	726
224	765
224	835
225	345
225	357
225	670
225	720
226	468
226	509
226	621
226	717
227	263
227	604
228	394
228	631
228	761
228	801
228	974
229	488
229	910
229	915
229	1059
230	262
230	394
230	820
230	860
230	995
230	1045
231	904
231	940
232	633
232	730
233	403
233	766
233	918
234	325
234	516
234	626
235	316
235	323
235	722
235	732
235	827
235	860
235	1004
235	1007
235	1051
236	246
237	404
237	444
237	783
238	946
239	251
239	671
239	966
239	974
239	993
240	252
240	283
240	389
240	735
241	403
241	462
241	496
241	536
241	709
241	780
241	1064
242	441
242	668
243	282
243	320
243	507
244	477
244	849
245	747
245	979
245	1005
246	248
246	281
246	297
247	480
247	596
247	630
248	526
248	659
249	488
249	492
250	423
250	540
250	577
251	663
251	733
251	843
252	560
252	902
253	394
253	1062
254	441
255	382
255	818
255	857
255	962
256	470
256	610
256	783
257	501
257	607
257	732
257	782
257	937
258	434
258	547
258	798
258	1002
258	1034
259	778
259	1052
260	276
260	564
260	628
260	912
260	1078
261	386
261	434
261	916
262	482
262	879
262	959
262	1020
263	459
263	614
263	661
263	805
263	913
264	319
264	773
265	306
265	547
265	810
265	861
266	291
266	823
266	995
266	1028
268	307
268	681
269	395
269	613
269	671
269	927
269	1026
270	442
270	613
271	813
271	980
271	1002
272	631
273	602
273	895
274	285
274	406
274	585
274	628
274	813
274	882
275	920
276	760
276	861
276	881
277	599
278	540
278	787
278	937
278	991
279	377
279	489
281	718
282	504
282	676
282	955
282	1092
283	517
283	658
284	434
284	764
285	483
285	671
285	804
285	831
286	1044
287	330
288	326
288	688
288	932
289	355
289	705
289	757
289	884
290	531
290	969
291	319
291	492
291	838
291	1009
292	407
293	737
293	762
293	986
295	659
295	906
295	1053
296	612
296	894
296	913
296	1013
296	1095
297	1086
298	324
298	609
298	613
298	825
298	971
298	1083
299	496
300	309
300	576
300	642
301	568
302	1036
303	974
304	461
304	1023
305	822
305	854
306	313
306	360
306	857
307	579
307	616
307	765
308	719
308	751
308	1076
309	490
309	766
309	1060
310	377
310	792
310	861
311	713
311	839
311	873
312	524
312	698
313	808
313	1051
314	405
314	536
314	721
314	726
314	890
314	1007
315	711
315	879
316	452
316	561
316	1068
317	778
317	927
317	967
318	380
318	487
318	521
319	611
320	567
320	865
320	1075
321	874
321	1035
322	694
322	742
323	569
324	669
324	983
325	391
325	545
326	568
326	697
326	715
326	1046
326	1054
326	1096
327	567
327	623
327	936
328	472
328	496
328	772
328	1053
329	1059
329	1074
330	627
330	640
331	372
331	744
331	781
332	381
332	420
332	421
332	555
332	567
332	904
333	1018
333	1029
334	402
334	429
334	663
335	427
335	1090
337	869
337	1095
338	485
338	555
338	651
338	908
338	1033
339	394
339	888
340	506
340	941
340	1043
341	450
341	1016
343	511
343	804
344	452
345	496
345	638
346	1064
347	604
347	642
347	657
347	1072
348	544
348	552
348	629
348	923
349	440
349	550
349	585
349	722
349	766
349	800
350	524
350	618
351	888
352	1069
354	524
354	873
354	875
354	1060
355	875
355	1086
356	916
356	1053
357	551
358	693
358	873
358	921
359	624
359	826
359	880
359	934
359	1021
360	463
360	566
360	654
360	725
361	469
362	444
362	470
362	640
362	943
362	948
362	1094
363	420
363	919
364	562
364	659
364	905
365	745
365	882
365	1089
367	678
367	858
367	1069
368	927
369	883
369	885
370	373
371	480
371	500
371	583
371	985
372	400
372	622
372	773
372	994
373	594
373	1040
373	1057
374	880
375	380
377	411
377	485
377	862
377	1031
377	1066
378	764
378	990
378	1009
378	1035
379	535
379	650
379	954
380	745
381	1088
382	1027
384	397
384	428
384	512
384	890
384	959
384	991
385	923
385	1077
386	470
386	562
386	851
386	1018
386	1099
387	584
387	670
387	678
387	853
387	1038
388	497
388	961
389	606
389	618
389	660
390	543
390	738
391	542
392	519
392	604
392	831
392	958
392	962
393	409
393	411
393	431
393	574
393	589
393	778
394	426
394	758
394	866
394	1070
395	785
395	799
395	833
396	689
396	911
396	962
396	1075
396	1077
397	434
397	829
397	907
397	935
398	718
399	539
399	605
399	635
399	934
400	665
400	1097
401	568
401	742
401	840
401	924
401	970
402	443
402	509
402	532
402	655
402	1084
403	662
404	440
405	609
405	714
405	851
405	899
405	994
406	847
406	974
407	565
407	839
407	986
407	1063
408	750
409	752
409	795
410	501
410	528
411	789
412	435
412	587
413	427
413	772
414	781
414	844
415	716
415	826
416	452
416	593
416	1083
417	622
417	779
417	1006
418	535
418	696
418	889
418	902
419	489
419	649
419	728
419	1023
420	762
420	876
420	1001
421	498
421	824
421	876
421	890
421	891
422	462
422	780
422	1018
424	913
425	653
425	761
426	720
426	739
426	983
426	994
427	473
427	563
427	792
429	496
429	675
430	503
431	721
432	468
432	548
433	488
433	725
433	755
433	884
434	798
434	804
434	825
435	443
435	740
435	755
435	943
436	442
436	573
436	1000
437	446
437	723
437	955
438	526
438	930
438	1074
439	501
439	605
439	642
439	916
441	551
441	697
441	985
441	1010
441	1067
442	530
442	817
442	861
442	971
443	548
443	682
445	556
445	870
447	927
448	835
449	672
450	535
450	661
450	881
451	944
452	488
452	752
452	952
452	1056
452	1094
453	522
454	527
454	543
454	569
454	618
454	630
454	698
454	861
454	994
454	1007
455	570
456	463
456	495
456	917
457	734
458	860
458	930
458	1052
459	579
459	821
459	928
459	1021
460	544
461	628
461	789
461	806
462	698
462	932
462	970
463	500
463	542
463	572
463	797
463	863
463	889
463	944
463	967
464	492
464	539
464	914
465	474
465	512
465	553
465	1019
465	1063
466	930
467	714
467	1015
467	1093
468	896
469	677
469	1017
470	1033
471	626
471	875
472	914
473	599
474	834
474	918
475	1066
476	709
477	638
477	674
477	689
477	863
478	731
479	817
479	1094
480	494
480	552
480	601
480	720
481	484
481	680
481	1037
482	606
482	608
482	617
482	663
482	774
482	832
482	940
482	1068
482	1093
482	1099
483	531
483	797
483	837
483	1024
484	576
484	837
484	853
485	553
485	647
485	664
485	728
485	820
486	694
486	812
486	1006
487	504
487	604
487	610
488	703
488	800
488	1046
489	538
489	781
490	793
490	958
490	998
490	1006
490	1012
491	653
491	751
491	792
492	843
492	891
492	899
493	730
493	896
494	551
494	873
494	934
495	780
495	817
495	974
496	655
496	729
496	1026
498	791
499	733
500	601
500	654
503	523
503	926
503	1021
503	1029
503	1054
504	642
504	652
504	1021
505	1054
506	640
506	707
506	909
507	758
507	1075
507	1080
507	1082
508	575
509	988
511	666
511	1079
512	969
512	970
512	987
512	1075
512	1094
512	1098
513	1036
514	582
515	776
516	1043
516	1050
517	633
517	1046
518	721
518	785
518	863
518	1025
518	1070
520	774
520	813
520	878
521	1094
522	664
522	935
522	1001
522	1090
523	573
524	601
524	694
524	906
525	838
525	936
526	732
526	772
526	927
527	544
527	833
528	1084
529	580
529	740
529	756
530	735
530	923
530	1032
531	780
531	887
532	794
532	877
532	900
533	712
533	869
534	1082
535	591
535	656
535	771
535	932
536	734
537	1066
538	922
538	1051
539	566
539	748
541	1036
542	854
543	602
543	895
543	1099
544	1068
545	816
545	848
546	998
547	1059
547	1073
547	1089
547	1096
548	651
548	679
548	778
548	1005
550	602
550	986
551	1010
552	694
554	634
555	915
556	751
556	921
557	616
557	629
557	749
557	898
558	787
558	959
558	1053
558	1075
559	580
559	652
559	933
560	690
561	625
561	695
562	565
562	878
562	978
563	920
564	696
564	779
565	631
565	989
566	630
566	998
567	803
567	1065
567	1074
568	1030
569	898
570	572
570	592
570	769
570	914
571	678
572	819
572	921
572	1063
573	601
573	862
573	873
574	971
574	1057
575	880
575	1097
576	580
577	1055
577	1065
579	724
579	837
579	872
581	681
581	708
581	763
581	965
582	796
583	937
584	607
584	908
585	652
586	650
586	1079
587	919
587	1023
588	804
588	846
588	967
588	1092
589	626
589	667
589	846
590	810
592	885
593	807
594	660
594	685
594	772
596	756
597	701
598	650
598	721
598	729
598	975
601	799
601	1095
602	883
602	904
602	985
602	1066
603	868
604	654
605	645
605	653
606	777
607	640
607	1036
608	863
608	888
608	1010
609	827
609	978
610	937
610	981
611	757
613	749
613	986
615	639
615	1078
615	1097
616	843
619	773
621	764
623	709
623	999
625	680
625	691
625	893
626	756
626	1061
627	715
627	717
630	708
630	921
630	962
630	979
631	835
631	852
632	1008
633	644
633	761
635	955
636	754
636	1014
637	831
637	1059
637	1092
638	982
638	1036
639	708
640	688
640	771
640	806
641	716
642	746
643	817
643	982
643	1069
644	820
644	1072
645	978
645	1054
646	758
646	922
646	1011
647	1049
648	732
650	735
651	741
651	993
651	1069
652	813
653	993
654	657
654	980
657	717
657	726
657	1041
658	820
658	995
658	1055
659	782
660	807
660	1015
663	892
665	884
665	1092
667	880
667	955
668	937
669	814
670	681
670	684
670	827
671	817
671	1064
672	678
672	923
672	1022
673	700
673	701
673	997
674	1071
675	800
675	1020
677	772
677	834
677	896
677	1053
679	751
679	894
679	1064
679	1080
682	978
682	1026
682	1091
683	786
683	800
683	843
683	992
684	824
686	990
688	956
688	990
688	1064
689	741
689	833
690	773
691	720
691	751
691	813
692	875
692	907
692	993
693	716
693	743
694	959
696	999
698	897
698	937
699	733
699	811
700	979
701	868
701	894
701	1008
702	1018
703	861
703	951
704	882
704	978
704	1011
705	930
705	960
705	992
708	807
708	985
709	837
709	1060
710	986
710	1085
712	731
712	791
712	870
712	1009
716	827
716	927
718	773
718	779
718	971
718	1043
720	841
722	802
723	937
724	1042
725	835
726	826
727	741
727	910
727	977
730	751
730	1053
732	1044
734	1079
735	854
735	873
735	1013
736	739
738	837
738	889
739	902
739	1058
741	959
741	1027
742	756
742	786
744	748
744	973
745	922
745	1012
747	893
747	979
748	767
748	984
749	803
751	827
751	865
751	1078
753	1025
754	787
754	841
754	859
755	784
756	792
756	860
756	900
756	979
757	820
758	936
759	801
759	919
760	1043
760	1055
762	949
765	867
765	878
765	944
767	977
768	1074
769	1062
770	920
770	1013
772	874
773	1017
773	1035
774	870
775	881
775	905
776	974
778	816
778	857
778	937
778	956
778	1062
779	833
779	905
780	846
780	860
780	879
781	824
781	868
782	877
782	1031
782	1054
783	988
784	1030
784	1092
785	832
786	1097
787	906
788	856
788	874
789	998
790	851
791	799
791	888
791	906
791	939
794	959
794	1084
795	825
797	831
797	1015
799	1075
800	891
800	930
801	1036
801	1075
802	835
802	862
802	973
805	858
805	952
806	833
807	830
809	836
809	943
809	1017
815	924
815	966
815	1003
817	908
817	966
820	864
820	909
820	1073
820	1088
821	856
822	1015
822	1033
830	945
831	902
833	883
833	1099
837	932
839	964
840	852
841	970
842	875
843	1049
844	863
844	968
845	956
845	1055
847	1032
851	1057
851	1059
854	1080
855	938
856	972
859	1080
860	928
860	980
860	1098
861	1092
862	968
863	888
863	965
864	918
864	963
865	987
866	1013
866	1042
869	888
869	1058
870	1081
871	1087
872	913
873	966
875	961
877	1074
879	960
879	1035
880	1054
882	899
884	999
885	1025
885	1045
886	1050
887	915
888	975
889	1063
890	919
891	953
893	995
895	1086
896	934
896	1025
897	920
897	978
898	971
900	990
901	1076
904	982
904	991
904	1031
905	1058
908	954
909	937
909	1047
909	1073
911	1071
912	932
912	1086
913	968
914	1057
915	923
917	1023
918	943
918	1036
919	985
920	1033
920	1053
922	961
923	1062
925	946
925	1070
927	958
930	969
931	1069
934	968
934	970
935	1062
936	1007
937	1047
937	1084
941	972
943	1026
943	1077
947	1017
947	1058
949	1017
950	1061
953	1046
954	982
954	1004
956	976
956	979
956	1041
957	1050
961	1064
966	1073
968	991
968	1031
969	974
969	1088
971	990
976	1012
978	1093
982	1003
984	1042
985	1043
993	1036
997	1072
999	1059
1009	1028
1009	1055
1011	1087
1026	1095
1027	1067
1032	1084
1040	1077
1041	1047
1043	1048
1050	1082
1059	1063
1061	1078
1068	1071
1068	1092
1077	1082