0	377
0	812
0	830
0	946
0	1009
0	1017
1	172
1	411
1	696
1	918
1	950
1	1013
2	184
2	604
2	789
3	56
3	322
3	452
3	564
3	828
3	900
3	932
4	145
4	187
4	204
4	238
4	1056
5	216
5	499
5	861
5	1017
5	1099
6	387
6	488
7	206
8	40
8	551
9	274
9	343
9	866
9	874
9	937
9	1002
10	288
10	825
10	1017
11	63
11	299
11	409
11	833
12	51
12	168
12	638
12	829
13	481
13	733
13	853
14	398
14	727
14	1099
15	325
16	331
16	509
16	516
17	842
18	87
18	340
18	363
19	199
19	780
19	1086
20	101
20	386
20	525
20	644
20	752
20	914
21	546
21	581
21	686
22	84
22	233
22	470
22	956
23	331
23	601
23	857
23	991
24	155
24	687
24	1046
25	273
25	377
25	513
25	760
25	933
25	1027
26	35
26	294
26	371
26	444
26	622
27	223
27	414
27	833
27	999
27	1033
28	741
29	244
29	528
29	904
29	1002
29	1035
30	328
30	556
30	700
30	808
31	437
31	554
31	651
32	60
32	418
32	664
32	894
33	235
33	927
33	996
34	162
34	284
34	518
35	438
35	490
35	625
36	273
36	347
36	615
37	368
37	890
37	1003
37	1059
38	216
38	356
38	671
38	687
38	725
39	169
39	179
39	283
39	840
39	949
40	118
40	560
40	895
41	282
41	355
41	687
42	79
42	155
42	323
42	493
42	771
43	637
44	323
44	415
44	614
44	643
44	1009
45	490
45	621
45	712
45	1070
46	78
46	255
46	298
46	925
46	933
46	1043
47	83
47	112
47	185
47	189
47	435
47	672
47	694
48	57
48	143
48	685
48	1001
49	275
49	409
49	622
49	634
49	1052
50	683
50	696
50	771
50	1040
51	162
51	903
51	1003
52	328
52	397
52	684
52	1092
53	893
54	63
54	307
54	402
54	762
55	438
55	520
55	653
55	863
55	902
55	1032
56	106
56	201
56	446
56	752
56	775
56	1081
57	407
57	732
57	905
57	1041
58	418
58	541
58	766
59	711
59	736
59	847
60	105
60	180
60	244
60	257
60	284
60	290
60	569
60	697
60	788
61	363
61	598
61	679
61	724
61	744
61	932
61	966
61	1023
62	427
62	436
62	485
62	1017
63	148
64	104
64	338
64	474
64	733
65	73
65	550
65	578
65	869
65	1067
65	1078
66	571
67	222
67	535
67	716
67	841
67	856
67	937
67	1002
68	880
68	1068
69	236
69	370
69	492
69	615
69	954
70	94
70	212
70	508
70	718
71	208
71	750
71	835
71	950
72	236
72	511
72	908
73	566
73	657
73	787
73	942
73	1039
74	214
74	503
75	130
75	166
75	269
75	292
75	629
75	995
76	235
76	466
76	541
76	796
76	915
76	1005
76	1078
77	405
77	406
78	165
78	617
78	860
78	1094
79	438
80	123
80	151
80	368
80	565
80	802
81	236
81	599
81	682
81	747
81	910
82	535
82	846
83	480
84	116
84	756
84	779
85	414
85	533
85	975
86	221
86	744
86	896
87	136
87	156
87	263
87	413
87	416
87	572
87	865
88	100
88	218
88	811
88	1093
89	186
90	149
90	377
90	473
90	496
91	117
91	131
91	169
91	219
91	230
91	452
92	370
92	388
92	602
92	811
92	915
93	414
93	581
93	760
93	898
94	305
94	698
95	409
95	587
95	718
95	939
95	996
96	107
96	155
96	301
96	447
96	499
96	541
96	741
96	772
96	918
97	187
97	370
97	723
98	141
98	215
98	420
98	778
98	897
98	1076
99	422
99	491
99	539
99	827
100	519
100	557
101	254
101	523
101	550
101	618
101	653
102	218
102	432
102	690
103	399
103	422
103	445
103	841
103	911
104	396
104	503
104	739
104	999
104	1046
105	271
105	660
105	806
105	1067
106	386
107	925
108	289
108	643
108	894
108	949
109	429
109	591
109	892
109	907
109	945
110	136
110	375
110	495
110	591
110	1094
111	462
111	714
111	725
111	1033
112	335
112	705
112	872
113	162
113	192
113	262
113	434
114	209
114	243
114	358
114	583
114	618
114	875
114	910
114	948
115	273
115	944
115	980
116	319
116	551
116	701
117	335
117	583
117	588
118	311
118	926
118	1091
119	131
120	611
121	230
121	984
121	1016
122	284
122	1017
123	178
123	193
123	260
124	170
124	411
124	548
124	759
125	603
125	827
126	272
126	427
126	636
127	421
127	443
127	523
127	565
127	660
127	674
127	872
127	1069
128	183
128	650
128	692
129	196
129	263
129	734
129	960
129	1042
130	305
130	368
130	557
130	855
131	943
131	1023
132	228
132	853
132	880
133	211
133	875
133	899
133	1047
134	288
134	758
134	1029
134	1046
135	356
135	394
136	190
136	490
136	568
136	654
136	684
136	803
136	906
136	915
136	1045
137	249
137	461
137	836
137	981
138	420
138	818
139	435
139	663
139	846
139	865
140	365
140	515
140	665
140	963
141	526
142	182
142	759
142	1023
143	175
143	211
143	290
143	662
143	808
143	876
143	1059
144	685
144	1005
144	1040
145	763
146	167
146	400
146	462
146	530
146	683
146	762
146	817
146	849
147	823
148	251
148	597
148	625
148	685
148	772
148	897
148	918
149	690
149	787
149	853
149	919
149	1096
150	985
150	1006
150	1036
151	305
151	992
151	1055
152	182
152	390
152	397
152	522
152	732
152	755
153	242
153	371
153	636
153	643
153	779
154	686
154	738
155	682
155	759
156	519
156	555
156	585
156	845
157	568
158	811
158	1015
158	1048
158	1091
159	1071
160	612
160	738
161	476
161	662
161	755
161	916
162	319
162	453
162	793
162	937
163	207
163	243
163	805
163	1014
163	1026
164	384
164	390
164	991
165	346
165	611
165	766
165	788
166	208
166	444
166	513
166	576
166	624
166	666
166	992
167	194
167	313
167	557
167	840
167	864
168	319
168	401
168	525
168	560
168	739
168	1098
169	741
169	866
170	222
170	494
170	644
170	847
170	936
171	574
171	636
171	799
171	912
172	392
172	430
172	576
173	266
173	351
173	445
173	567
173	609
173	682
174	397
174	441
174	686
174	688
174	733
174	1046
175	220
175	389
175	411
175	503
175	740
175	964
176	400
177	761
177	803
179	602
179	673
180	231
180	324
180	390
180	793
181	282
181	530
181	562
181	1044
182	287
182	562
182	818
182	964
182	1033
183	397
183	487
183	557
184	435
184	970
185	312
185	339
185	390
185	451
185	709
185	1062
186	257
186	295
186	728
187	234
187	659
187	696
187	889
187	931
188	811
188	1067
189	285
189	805
189	1075
189	1083
190	453
190	854
190	881
190	998
191	765
191	880
191	980
191	1014
192	431
192	530
192	752
192	794
193	337
193	448
193	727
193	736
193	898
193	978
193	1052
194	254
194	404
194	491
194	654
194	1020
195	557
195	640
195	949
196	317
196	474
196	616
197	280
197	491
197	656
198	681
198	1035
199	406
199	623
199	890
199	1081
200	380
200	439
200	588
201	273
201	289
201	508
201	565
201	729
201	737
201	748
202	1018
202	1073
203	962
204	902
205	1086
206	233
206	705
206	1086
207	224
207	573
207	914
207	948
208	332
208	504
208	697
209	707
209	731
210	325
210	575
210	604
210	797
210	1009
211	842
212	382
212	440
212	453
212	499
212	548
212	661
212	797
212	878
213	493
213	813
214	237
214	656
214	912
214	957
215	624
215	782
216	284
216	478
216	590
216	1038
217	908
217	1068
218	374
218	1053
219	701
219	732
219	780
220	408
220	527
220	874
221	279
221	373
221	537
221	569
221	718
221	1014
222	623
222	789
222	845
222	883
223	317
223	326
223	677
223	1092
224	434
224	492
224	845
225	281
225	582
225	831
225	859
225	1085
226	362
227	619
229	484
230	287
230	597
231	440
231	507
231	939
231	1058
231	1078
232	366
232	458
232	582
232	597
232	846
233	451
233	453
233	596
233	698
234	547
235	284
236	653
236	937
236	952
236	961
236	981
237	775
237	918
237	942
237	947
238	332
238	556
238	602
238	656
238	841
238	1088
239	473
239	708
239	748
239	821
239	860
239	920
240	457
240	488
240	590
240	959
241	380
241	617
241	945
241	949
241	1082
242	458
242	1016
242	1021
243	560
243	665
243	833
243	958
244	411
244	892
244	922
245	701
245	893
246	255
246	567
246	739
246	758
246	762
246	793
247	365
247	396
247	725
248	443
248	690
248	991
248	1041
249	364
249	822
249	1072
250	275
250	375
251	766
252	873
252	1080
253	664
254	602
254	1090
255	377
255	683
255	738
255	786
255	797
255	807
256	270
256	835
257	898
257	927
258	682
258	783
259	524
259	621
259	1023
260	402
260	476
260	850
260	996
261	384
262	362
262	504
262	710
262	807
262	930
263	703
263	854
263	1086
264	434
264	618
264	745
265	545
265	668
265	674
266	428
266	540
267	450
267	664
267	788
268	505
268	599
268	626
268	696
268	714
268	726
268	820
269	800
269	988
269	1049
270	746
270	756
270	862
270	1095
271	699
271	876
271	1058
271	1070
272	383
272	427
272	970
272	1000
273	430
273	709
273	892
273	918
273	920
274	299
274	459
274	669
274	711
275	413
275	592
276	364
276	465
277	507
278	517
278	616
278	994
279	536
280	456
280	846
281	557
282	686
283	332
283	442
283	906
283	959
284	457
284	758
284	796
286	370
286	1026
287	650
287	706
287	790
287	832
287	883
287	1018
288	313
288	617
288	810
289	301
289	365
289	674
289	727
291	352
291	905
292	789
292	939
292	996
293	413
293	822
294	545
294	970
295	475
295	520
295	582
295	724
295	854
295	953
296	505
297	815
298	517
298	627
298	959
299	936
300	390
301	420
301	471
301	493
301	628
301	831
302	495
302	519
303	395
303	534
304	559
304	901
305	585
305	993
305	1081
306	330
306	742
306	949
306	1071
307	329
307	617
307	895
308	763
308	1049
309	499
310	607
311	989
311	1060
312	749
312	887
312	1049
313	469
313	720
313	746
314	384
314	798
314	878
314	926
314	961
314	1018
314	1061
315	441
315	666
316	956
316	1078
316	1087
317	400
317	529
317	595
317	640
318	426
318	494
318	554
318	818
318	858
318	937
318	981
319	735
320	904
321	436
321	619
322	498
322	732
322	853
322	1016
323	622
323	727
324	494
324	801
324	1039
325	700
325	813
325	1051
326	331
326	442
326	500
327	1041
327	1090
328	363
328	510
328	595
329	555
329	1003
330	422
330	658
330	695
330	845
330	1067
331	884
332	530
333	478
333	998
333	1068
334	463
334	698
334	839
335	346
335	513
335	828
335	929
336	733
336	918
337	386
337	463
337	652
337	684
337	695
337	948
338	522
338	885
338	961
339	979
340	687
341	432
341	837
342	616
342	905
342	950
343	412
343	439
343	565
343	796
343	807
343	916
343	948
344	459
344	647
344	880
345	600
345	610
346	556
346	724
346	821
346	1067
347	759
347	993
348	567
349	375
349	825
349	994
349	1007
350	547
350	699
350	1019
351	935
353	390
353	419
354	420
354	424
354	448
354	642
354	654
354	966
356	360
356	631
356	758
356	820
356	1067
357	422
357	503
357	560
357	849
358	1008
359	555
359	697
359	809
360	427
360	485
360	668
360	753
361	365
361	462
361	693
361	915
362	806
364	602
364	848
365	481
365	487
365	499
366	699
366	882
366	955
366	1067
367	427
367	528
367	968
368	494
368	869
369	409
369	665
369	781
369	793
369	965
370	580
371	808
371	962
372	421
372	1054
373	640
373	715
374	634
375	501
375	730
375	900
376	452
376	508
377	424
377	591
377	735
377	784
377	910
377	943
377	1015
378	521
379	400
379	596
379	847
380	771
380	873
380	1001
381	652
381	676
383	479
383	965
383	1049
384	498
384	938
384	965
384	1082
385	976
385	1044
386	474
388	533
388	714
388	732
388	1064
389	529
389	801
389	1070
390	732
391	762
391	966
392	448
392	479
392	885
392	964
392	986
393	495
393	1016
394	630
394	960
395	510
395	554
395	868
395	970
397	779
397	973
398	478
398	532
398	557
398	931
398	1014
398	1038
399	467
400	772
401	542
401	637
401	709
401	912
402	987
403	653
403	902
403	991
404	694
405	465
405	776
405	1031
406	816
407	548
407	1083
408	1084
409	853
409	1039
410	517
410	905
411	557
411	570
411	867
412	578
412	1010
413	880
414	741
414	784
416	492
416	1035
417	666
417	962
417	1052
418	529
418	976
419	458
419	889
420	612
420	646
420	727
420	878
420	956
420	1054
421	757
421	759
422	611
422	784
423	522
423	590
423	741
423	827
424	524
424	876
425	483
425	1056
426	550
426	761
426	878
426	957
426	969
427	764
427	999
429	488
429	754
429	782
429	963
430	641
430	1067
432	533
432	804
433	515
433	880
434	457
435	489
435	614
435	908
435	936
435	998
435	1049
436	833
436	903
437	558
438	515
438	932
439	646
439	776
439	1006
439	1022
440	557
440	586
440	688
440	859
440	1053
441	988
442	452
442	554
442	961
443	732
443	875
443	994
443	996
444	544
444	771
444	779
444	843
444	990
444	1072
446	846
446	906
446	989
446	1086
447	652
447	732
447	840
448	487
448	945
449	754
449	1026
450	526
450	831
451	992
452	883
453	958
454	801
454	814
454	928
454	1080
455	490
455	498
455	752
457	536
457	553
457	914
457	982
458	737
459	486
459	557
459	1002
460	495
460	575
461	586
461	855
461	899
462	710
462	1046
463	687
464	467
464	623
464	686
464	704
465	568
465	833
465	990
466	1054
467	589
467	884
467	1052
468	743
468	1089
469	816
470	674
470	733
470	833
471	519
471	779
471	866
471	879
471	1048
472	843
472	1004
473	484
473	623
473	712
474	653
474	714
475	817
475	923
475	962
476	993
477	778
478	535
478	721
478	722
478	727
478	845
478	1063
479	970
480	625
480	627
480	844
480	890
481	603
481	936
482	833
483	504
483	521
483	700
483	1092
484	707
485	670
485	780
485	817
485	838
487	638
487	927
488	752
488	971
488	1033
489	836
489	924
490	556
490	923
491	649
491	914
491	989
492	506
492	554
492	991
492	1099
494	510
494	700
495	632
495	772
495	786
496	707
496	805
496	857
497	629
497	673
497	707
498	634
499	799
499	811
499	838
499	855
499	903
500	547
500	596
500	813
500	827
500	843
500	874
502	562
502	597
502	610
502	824
502	825
502	866
502	935
503	686
503	720
503	1049
504	639
504	796
504	978
504	1041
506	990
507	634
508	633
508	838
508	957
509	894
509	931
510	818
510	908
511	512
511	543
511	800
511	1018
511	1079
512	956
513	695
513	1022
514	609
514	743
514	746
514	906
514	1067
516	630
516	763
517	653
517	840
517	917
517	1047
519	773
519	812
519	862
519	959
519	1006
521	527
521	970
521	1022
522	917
522	1017
522	1077
523	729
523	928
524	581
524	910
525	729
525	864
525	947
526	895
526	901
526	922
527	1059
528	675
528	911
528	949
529	708
529	755
529	1050
530	676
530	680
530	826
531	571
531	712
532	859
533	922
534	985
535	544
535	692
535	907
536	790
536	792
537	576
537	689
537	967
538	681
538	860
539	725
540	568
540	680
540	703
540	792
540	853
541	778
543	596
543	723
543	1046
544	868
545	712
545	767
546	640
546	887
547	652
547	662
547	679
548	937
548	1046
549	811
549	928
550	594
550	823
551	687
551	827
552	983
553	557
553	620
554	655
554	899
555	641
555	663
555	940
556	596
556	835
557	747
557	1018
558	649
558	868
560	865
561	758
561	949
561	1009
562	575
563	586
563	650
564	871
565	804
565	875
565	937
565	963
565	1049
565	1061
566	606
568	626
568	800
568	972
569	602
569	857
569	1052
571	1038
572	828
574	796
575	762
575	833
575	945
575	1011
575	1048
576	886
577	800
577	914
577	1048
579	670
579	741
579	811
579	1055
581	910
581	1049
581	1050
582	630
583	634
583	637
583	918
583	945
584	716
586	596
586	754
587	1017
588	959
589	717
589	1056
590	763
590	984
591	903
592	665
592	688
592	789
592	845
593	842
593	913
593	983
593	1072
595	827
596	609
596	760
596	904
597	912
600	616
601	689
602	1039
603	762
603	783
604	784
604	816
604	1014
604	1038
604	1069
605	607
605	830
606	1014
607	843
607	865
608	1087
608	1093
609	978
609	1047
610	1052
611	804
611	1041
611	1075
611	1085
612	1059
613	1032
614	1074
615	750
615	781
615	983
615	991
615	1083
616	643
616	678
617	905
617	1029
618	1082
619	840
620	716
620	970
620	1090
621	762
621	855
622	722
623	851
623	871
625	752
626	770
626	781
626	919
627	660
627	711
627	800
627	892
627	993
628	685
628	849
629	810
629	957
630	798
630	871
630	935
630	957
631	670
631	817
632	703
632	867
632	1029
635	714
635	723
637	907
637	997
638	771
639	645
639	678
639	724
639	1051
640	642
640	701
640	1083
641	753
641	883
643	769
644	712
646	792
646	998
647	1028
647	1054
648	700
648	1049
649	919
651	1034
653	804
653	941
653	1090
654	923
654	949
654	1076
657	756
657	903
657	983
657	1058
658	923
658	1028
658	1041
659	753
659	901
659	975
660	993
661	737
661	762
661	875
661	1078
662	720
662	892
662	902
662	1020
662	1093
664	691
664	767
664	895
665	760
665	781
665	1055
666	967
666	1040
667	741
667	1039
668	959
668	974
669	754
669	982
669	1042
670	753
671	700
672	726
673	809
673	1098
674	731
674	740
674	741
674	828
675	1021
676	930
676	943
682	985
682	1092
684	965
685	787
686	935
686	1072
687	1015
690	1078
691	1055
692	1090
693	715
694	714
694	857
694	903
694	937
694	1007
694	1070
695	1090
697	983
697	1031
698	990
699	702
699	725
699	736
699	1095
700	778
700	949
701	709
703	886
707	751
708	808
709	870
709	1008
709	1020
710	1013
710	1041
710	1062
711	794
712	909
712	931
713	996
714	747
714	902
714	1095
716	755
716	1079
717	1099
718	829
718	1084
719	825
722	866
722	918
725	741
725	832
725	841
726	742
726	771
728	1015
728	1093
729	1003
729	1071
730	738
730	816
730	962
730	1074
731	788
732	1082
736	1028
737	849
738	835
738	867
738	869
739	902
739	961
740	874
743	920
744	1043
745	982
745	1020
745	1023
747	1020
748	888
748	1055
748	1082
750	848
750	968
752	961
754	815
754	945
755	1041
758	940
758	1016
758	1082
760	845
760	984
762	786
762	923
764	894
764	973
764	1053
765	872
765	902
766	1035
768	839
769	1096
770	831
772	914
773	777
774	1035
774	1065
775	812
775	832
775	981
776	937
776	951
779	941
780	895
782	783
784	1019
785	982
786	1016
786	1045
789	941
789	968
789	1064
790	819
790	823
791	807
791	895
794	1086
795	836
795	883
796	836
797	883
797	888
797	914
797	1098
798	993
799	979
800	975
800	997
800	1007
803	998
803	1098
805	1039
806	1037
808	1001
809	814
810	993
813	837
813	869
813	966
814	863
816	819
817	863
817	865
817	1089
818	837
818	912
819	905
819	959
820	852
821	934
822	1029
822	1089
823	993
823	1027
826	827
827	877
828	861
830	888
832	939
833	980
834	904
834	1030
835	1010
836	1068
837	988
839	1008
844	968
845	1023
846	873
846	946
847	927
847	1006
850	1039
851	858
853	936
853	1066
853	1071
854	916
854	1049
856	863
856	1051
856	1056
856	1074
857	1078
858	877
861	1056
865	1094
867	925
868	899
872	1081
872	1084
872	1095
875	934
875	961
876	977
880	967
882	898
882	913
883	1085
887	1064
889	1007
891	1043
893	994
894	1060
895	972
895	1005
895	1057
896	927
899	1070
901	1095
905	1061
908	985
911	1016
912	955
915	1037
916	1000
917	1064
920	967
921	925
922	1055
922	1079
925	1030
927	973
928	1080
932	954
933	1005
933	1040
933	1060
933	1092
934	1038
936	1019
938	1062
940	978
940	1025
941	1002
942	955
945	1047
946	991
949	973
951	1083
952	1080
954	982
955	971
956	1050
959	987
960	964
960	1039
961	1045
970	989
972	1027
975	1024
975	1046
976	1011
983	1034
984	1045
985	1097
991	1006
992	1072
993	1085
996	1013
999	1078
1004	1099
1007	1097
1012	1056
1016	1083
1016	1091
1019	1020
1027	1051
1029	1033
1031	1040
1034	1091
1037	1096
1038	1072
1041	1064
1045	1049
1049	1092
1061	1062
1061	1080
1067	1069
1067	1098
1072	1080
1076	1079