0	95
0	167
0	892
0	969
0	1092
1	453
2	155
2	183
2	517
2	962
3	251
3	285
3	511
4	18
4	19
4	720
4	843
4	1035
4	1052
5	141
5	167
5	227
5	290
5	599
5	607
5	662
5	793
5	878
5	939
6	758
7	115
7	158
7	447
7	593
7	623
7	640
7	827
7	878
8	88
8	544
8	670
8	982
9	185
9	543
9	890
9	1039
10	649
11	965
12	76
12	542
13	14
13	20
13	610
13	634
13	655
13	783
13	974
13	1077
14	376
14	716
15	57
15	77
15	187
15	457
15	845
15	913
16	596
16	729
17	431
17	892
18	347
18	811
18	1026
18	1037
19	70
19	517
19	562
20	67
20	177
20	328
20	751
20	858
20	1070
21	150
21	564
21	566
21	956
21	978
22	231
22	664
22	834
22	855
23	82
23	215
23	584
23	605
23	986
24	59
24	314
24	484
25	342
25	353
25	447
25	586
25	1080
26	29
26	770
26	789
26	800
26	943
26	1008
26	1052
27	90
27	91
27	188
27	252
27	308
27	507
28	842
28	1000
29	118
29	173
29	412
29	1078
30	422
30	585
30	664
30	770
30	808
30	1025
30	1097
31	874
32	213
32	244
32	448
32	497
33	426
34	192
34	214
34	701
34	736
35	166
36	516
36	872
36	993
37	295
37	833
38	317
38	325
38	395
38	461
39	142
39	515
39	617
39	655
39	1093
40	220
40	250
40	550
40	764
40	936
41	362
41	866
42	243
42	310
43	385
43	392
43	577
43	901
43	928
43	1029
44	358
44	402
44	633
44	795
45	486
45	910
45	983
46	180
46	486
46	839
46	896
47	105
47	258
47	372
47	502
48	81
48	530
48	820
48	885
49	420
49	460
49	855
49	859
50	266
50	482
50	825
50	975
50	1052
51	821
52	525
52	698
53	92
53	436
54	277
54	418
54	465
55	505
55	739
56	210
56	662
56	779
57	136
57	152
57	1017
58	90
58	583
58	974
59	273
59	425
59	599
59	662
59	810
59	933
59	1023
59	1052
59	1093
60	124
60	246
60	293
60	309
60	345
60	400
60	537
60	589
60	614
60	618
60	1020
61	289
61	409
61	481
61	540
61	561
61	699
61	784
62	464
62	548
62	740
63	418
63	531
63	828
63	1041
63	1053
64	70
64	298
64	439
64	520
64	917
64	1031
65	107
65	162
65	270
65	433
65	552
65	557
65	655
65	940
65	946
65	956
66	403
66	664
67	881
68	346
68	353
68	391
68	458
68	475
69	204
69	791
69	962
70	175
70	470
70	780
70	854
71	450
71	507
71	605
71	707
72	157
72	345
72	678
72	777
73	674
73	829
73	1045
74	178
74	484
75	121
75	181
75	742
76	466
76	622
76	772
77	183
77	290
77	807
78	711
78	834
78	1037
79	120
79	354
79	367
79	398
79	557
79	706
79	796
79	803
79	1072
80	85
80	127
80	178
81	271
81	501
81	644
81	670
81	778
82	107
82	506
83	344
83	422
83	978
83	989
84	587
84	661
84	690
84	719
84	820
84	914
84	1008
84	1029
85	682
86	745
87	295
88	107
88	264
88	265
88	994
88	1018
89	571
90	247
90	311
90	401
90	707
90	846
90	953
91	295
91	393
91	580
91	694
92	849
93	117
93	353
93	456
93	561
93	586
93	879
93	963
94	327
94	396
94	420
94	1006
94	1061
95	409
95	432
95	582
95	651
95	899
95	932
96	319
96	678
96	835
96	889
97	143
98	124
98	143
98	435
98	652
98	729
98	882
99	604
99	792
99	863
99	913
100	935
100	1026
101	120
101	374
101	901
101	1070
102	363
102	744
102	901
102	922
103	480
103	997
104	340
104	945
105	302
105	530
105	594
105	751
105	794
105	1084
106	202
106	578
107	366
107	383
107	620
107	900
108	486
108	515
108	595
108	956
109	740
109	765
109	905
109	948
110	302
110	688
110	789
111	793
111	1068
111	1074
112	293
112	715
112	827
112	873
113	171
113	371
113	520
113	537
114	354
114	535
114	568
114	581
114	664
115	271
115	353
115	754
115	1041
115	1047
116	880
116	1095
117	879
117	963
118	381
118	631
118	845
118	1009
119	242
119	548
119	840
119	878
119	1003
120	365
120	489
120	589
120	959
121	506
121	608
121	752
121	840
121	1085
122	193
122	961
123	167
123	476
123	688
124	362
124	422
125	194
125	328
125	785
126	149
126	295
126	327
126	692
126	740
126	770
126	865
126	1039
127	698
127	1048
127	1055
128	782
128	1012
129	291
129	362
129	387
129	546
129	881
130	568
130	622
130	671
130	856
130	874
131	271
131	754
131	918
131	1056
132	359
132	502
132	877
133	857
133	964
133	998
134	1033
135	265
135	453
135	1019
136	137
136	540
136	897
136	909
137	146
137	267
137	684
137	976
138	248
138	262
138	299
138	380
138	726
138	858
138	877
138	957
139	250
139	648
139	670
139	969
139	1030
140	151
140	260
140	402
140	600
140	682
140	820
141	208
141	232
141	250
141	358
141	942
141	1036
142	247
142	948
143	725
144	613
144	710
144	794
144	800
144	850
144	974
144	1050
145	382
145	984
145	1093
146	318
146	554
146	566
146	639
146	715
146	913
146	1030
146	1043
147	559
148	352
148	573
148	634
148	713
148	1060
149	379
149	974
149	1009
149	1093
150	846
151	181
151	409
151	559
152	588
152	774
153	417
153	954
154	355
154	520
154	699
154	868
154	880
155	268
155	556
156	164
156	188
156	281
156	530
156	900
157	236
157	289
157	477
157	512
157	654
157	699
158	188
158	537
158	646
158	795
159	250
159	507
159	862
159	906
159	917
160	603
160	639
160	661
160	790
160	820
161	272
161	302
161	927
161	1042
162	388
163	279
163	597
163	662
163	875
164	459
164	939
165	293
165	383
165	834
165	999
166	241
166	314
166	757
166	809
167	368
167	472
168	1048
169	401
169	743
169	752
169	994
169	1001
170	426
170	504
170	693
171	376
171	454
171	523
171	775
171	855
172	575
172	1045
173	256
173	259
173	544
173	878
174	321
174	508
174	1042
176	301
176	309
176	449
176	636
176	774
176	776
176	887
176	1046
176	1073
177	395
177	729
177	832
177	850
178	301
178	347
178	691
178	926
178	1073
179	259
179	261
179	638
179	863
179	874
180	590
180	921
181	369
181	566
181	771
181	799
181	811
181	881
181	1015
181	1050
182	491
183	539
184	293
184	350
184	637
184	718
184	859
184	937
184	975
185	320
185	429
185	599
185	904
185	981
186	373
186	459
186	534
186	566
187	323
187	454
187	1015
188	201
188	860
188	867
188	1039
188	1046
188	1089
189	289
189	488
189	825
189	932
189	961
189	977
190	326
190	399
191	402
191	465
192	535
192	625
194	709
194	1055
195	807
195	818
195	876
195	1098
196	676
196	919
197	297
197	519
197	597
197	765
197	810
197	929
197	968
197	992
197	1016
198	292
198	527
199	242
199	376
199	670
200	527
200	584
200	654
200	951
201	224
201	242
201	445
201	587
201	711
201	767
201	1030
202	246
202	267
202	858
202	1066
203	955
204	409
204	845
204	1011
205	360
205	803
205	871
206	420
206	702
206	734
206	919
206	1085
207	345
207	352
207	789
208	470
208	654
208	672
209	260
209	504
209	639
209	795
209	979
210	217
210	298
210	584
211	500
211	1043
212	230
212	830
212	883
212	922
214	220
214	556
214	563
214	666
215	407
216	546
217	265
217	479
217	826
217	883
217	904
218	431
218	1036
219	1084
220	411
220	831
221	290
221	363
221	384
221	572
221	1021
222	244
222	299
223	326
223	333
223	519
223	563
223	816
224	227
224	362
224	390
224	537
224	564
224	1007
225	485
225	761
225	1049
225	1085
226	995
227	253
227	460
227	471
228	420
228	784
228	871
229	383
229	512
229	849
230	520
230	651
230	776
230	802
230	811
231	235
231	317
231	404
231	891
232	789
233	289
233	331
233	438
233	913
233	1044
234	354
234	643
234	660
234	990
235	876
235	963
236	291
236	680
236	883
236	926
237	520
237	713
237	946
238	645
239	767
240	686
240	743
240	829
240	1072
241	356
241	383
241	996
242	308
242	996
243	330
243	508
244	444
244	877
244	947
245	396
245	626
245	942
246	297
246	352
246	353
246	918
247	437
247	806
247	808
248	475
248	566
248	604
249	318
249	420
249	947
249	1004
250	548
250	585
250	777
250	842
251	922
251	931
252	970
253	385
253	507
253	548
253	604
253	632
253	795
254	366
254	402
255	447
255	450
255	495
255	515
255	634
255	755
255	995
256	894
257	720
258	373
259	952
260	486
260	589
260	676
260	828
260	833
260	1011
260	1012
260	1027
260	1075
260	1089
261	569
261	775
263	508
263	562
263	696
263	855
265	768
266	493
266	505
266	895
267	618
267	871
268	271
268	911
269	376
269	748
269	751
269	763
269	1085
270	391
270	609
270	1033
272	840
273	669
273	802
274	468
274	724
274	831
274	846
274	975
274	1069
275	376
275	538
276	625
277	450
277	854
277	1085
278	563
278	702
278	707
278	789
278	811
278	818
278	919
278	1062
279	457
279	1067
280	550
281	308
282	925
282	1057
283	815
283	849
284	481
284	527
284	635
284	707
284	731
285	916
285	1049
286	622
286	697
286	743
287	571
287	604
288	446
288	577
288	872
289	349
289	678
290	995
291	332
291	661
291	997
292	323
292	472
292	874
292	947
292	1085
293	772
293	774
293	834
293	851
293	1053
294	704
294	872
294	910
294	979
295	315
295	320
295	1075
295	1082
296	332
296	353
296	1025
297	629
297	747
297	789
297	1005
297	1072
298	353
298	380
298	470
298	876
298	1067
299	585
299	670
300	440
300	446
300	916
301	600
301	636
301	667
302	540
302	948
302	1077
303	1019
304	669
304	966
304	971
304	981
305	661
305	936
306	312
306	359
306	458
306	808
307	1033
308	354
308	360
308	1052
309	1064
310	315
310	522
310	706
310	944
311	550
311	612
311	713
312	514
312	842
312	987
313	363
313	471
314	682
314	818
314	948
314	957
315	540
315	566
315	626
316	830
316	971
317	925
317	959
319	668
319	810
319	905
319	953
320	361
320	371
320	695
320	934
321	787
322	477
322	534
323	696
323	721
323	1082
324	775
325	360
325	582
325	677
325	1067
326	673
326	976
326	1007
327	555
328	657
328	948
328	1026
328	1080
329	858
329	1010
330	492
330	733
331	412
331	572
332	379
332	395
332	407
332	916
333	428
333	580
333	889
333	969
333	1015
333	1065
334	446
334	562
334	864
335	879
336	489
336	668
336	858
336	972
337	489
337	697
337	941
337	990
338	600
338	793
339	718
339	1095
340	640
340	926
341	765
341	874
341	1061
342	356
342	661
342	779
342	956
343	407
343	591
344	639
344	758
345	451
345	522
345	783
345	791
345	989
346	397
346	497
347	776
347	1080
348	567
348	844
348	960
349	513
349	927
349	970
350	495
350	532
350	700
351	682
353	406
353	412
353	920
353	1037
354	800
354	1002
355	468
356	750
357	608
357	663
357	798
359	1018
360	789
360	1009
360	1082
361	375
361	502
361	675
361	754
362	532
362	723
362	999
363	505
363	700
363	743
363	810
363	1075
364	838
364	960
365	578
365	685
365	935
366	613
366	867
367	584
367	591
367	732
368	424
368	1030
369	749
369	784
369	866
370	398
370	637
370	759
370	853
370	1002
371	1064
372	399
372	402
372	475
372	530
373	430
373	834
374	1093
375	597
375	834
375	1027
376	420
376	576
376	966
377	456
377	895
378	601
378	849
378	980
378	984
379	1038
380	654
382	397
382	482
382	593
382	631
382	710
382	824
382	895
382	945
383	486
383	714
384	633
384	634
384	937
384	939
384	944
385	409
385	610
385	738
385	758
386	935
386	1000
387	763
388	527
388	866
389	395
389	530
389	820
389	967
390	420
390	533
390	654
391	578
391	601
391	817
391	935
392	405
392	969
393	531
393	629
394	559
394	839
394	956
394	1037
395	1014
396	646
396	875
396	888
397	1077
398	413
398	875
398	916
399	750
399	757
399	956
400	483
400	629
400	680
400	756
400	951
402	488
402	516
402	536
402	589
403	585
403	612
403	676
403	901
404	684
404	877
404	894
404	899
405	628
405	1028
406	866
407	533
407	696
407	870
408	555
408	650
408	870
408	916
408	927
408	946
409	549
409	571
409	642
410	436
410	614
411	669
411	897
411	925
412	725
412	880
413	730
413	777
413	952
413	968
414	759
415	560
415	598
415	702
415	965
415	1088
416	753
416	816
417	456
417	968
418	502
418	847
418	886
418	910
419	431
419	521
419	690
419	1004
419	1029
419	1038
420	651
420	790
420	849
420	963
420	1058
421	423
421	818
422	456
422	576
422	633
422	712
422	824
422	933
422	965
423	473
423	688
423	840
424	487
424	553
425	654
425	1029
426	872
427	669
427	674
427	680
427	926
427	1047
428	679
428	797
428	959
428	979
428	995
429	523
429	603
429	863
429	1086
430	847
430	939
430	954
431	446
431	612
432	643
432	743
432	949
433	488
433	1014
434	436
434	441
434	485
434	692
435	651
435	748
436	912
437	882
437	1035
438	507
438	620
438	651
438	809
438	916
439	766
439	938
439	1066
439	1093
440	617
440	675
440	964
441	614
441	692
441	915
441	922
442	469
442	968
443	535
443	653
443	865
444	492
444	594
444	596
444	724
444	842
444	974
445	797
445	918
445	938
446	755
446	911
446	999
447	563
447	763
447	786
448	783
449	635
449	736
450	1007
451	490
451	680
451	768
451	776
451	1091
452	508
452	604
452	855
452	1002
453	538
453	723
453	870
453	907
453	1017
455	1021
458	710
458	735
459	1008
461	928
462	618
463	769
463	1008
464	604
464	888
465	829
465	1059
466	634
466	775
466	814
466	880
466	1024
467	522
467	848
467	1065
469	471
469	1095
470	546
470	669
470	788
470	809
471	975
471	1050
472	502
472	812
474	799
474	1063
475	556
475	746
475	785
475	936
476	906
476	1081
478	605
478	880
479	537
479	543
479	801
479	1048
480	1009
481	538
481	1047
481	1090
482	514
482	597
484	1012
485	537
485	737
486	844
486	964
486	1003
487	979
487	992
488	968
488	980
489	688
489	893
490	839
491	548
491	635
491	876
491	902
491	1077
492	604
492	606
492	688
493	666
493	822
494	561
494	566
496	557
496	651
496	964
497	556
497	1006
497	1087
498	709
498	976
498	1066
499	607
499	860
500	684
501	798
501	803
502	847
503	579
505	699
506	602
506	709
506	1025
506	1058
507	979
508	813
508	850
508	1086
509	531
509	1037
510	814
511	615
511	677
511	754
511	980
512	752
512	901
512	1066
513	535
513	604
513	633
513	679
513	721
513	1080
514	1069
514	1073
515	664
516	752
517	893
518	758
519	725
519	913
520	613
520	707
521	562
522	961
523	659
524	672
525	646
526	618
526	727
526	857
527	742
528	981
529	684
529	841
529	1053
530	604
531	989
531	1037
531	1060
532	668
532	960
532	1002
532	1090
533	632
534	889
535	698
535	922
535	979
536	961
536	1021
537	585
537	734
537	953
538	559
538	602
538	777
539	855
540	603
541	571
541	874
542	668
542	1025
543	549
543	849
543	974
545	844
545	935
545	966
547	560
547	879
548	701
548	764
548	807
549	573
550	742
550	969
550	988
551	617
551	907
552	773
552	1018
553	583
553	1013
554	755
555	615
555	763
556	685
556	837
556	938
556	979
557	761
557	919
557	1001
558	688
558	1008
558	1090
559	640
559	841
559	936
560	596
560	650
560	818
560	1050
561	617
561	627
562	684
562	804
563	790
563	853
563	870
563	1088
564	807
564	974
565	910
565	946
567	819
567	845
570	761
571	661
571	1040
572	607
572	770
572	948
572	981
572	1048
573	957
573	986
574	825
574	884
574	1036
575	910
575	970
575	975
576	711
576	981
577	887
578	593
578	940
579	1031
580	773
580	903
580	971
581	606
582	978
583	832
583	965
583	1005
584	1035
584	1092
585	1097
586	608
586	721
586	870
587	596
587	647
587	813
588	837
588	1045
589	708
589	739
591	680
591	1069
592	861
592	862
592	917
592	1098
593	1027
594	1032
596	717
596	943
596	1082
597	854
598	600
598	840
598	844
598	1012
599	748
599	913
599	929
600	787
602	705
602	1065
603	758
604	944
605	897
607	754
607	974
608	887
608	906
608	921
608	923
609	642
610	652
610	926
610	1085
611	636
611	720
611	758
611	975
613	741
613	914
613	931
613	979
614	894
615	728
616	673
616	757
618	736
618	1008
618	1025
619	676
619	853
619	1057
620	716
620	833
620	1021
621	823
621	939
622	663
622	718
622	866
623	770
623	1024
624	671
624	1007
624	1051
625	705
625	799
626	836
626	963
627	763
627	797
627	948
627	981
627	1080
628	687
628	891
629	1060
630	892
630	913
631	835
631	884
631	910
631	931
631	991
631	1012
631	1038
632	864
633	660
633	916
633	1003
635	742
635	977
636	775
636	891
636	1013
637	645
637	734
637	975
638	668
638	755
638	1089
640	941
640	950
640	1071
641	1008
642	1032
643	1020
643	1042
644	807
644	1088
646	696
646	702
646	831
646	872
646	939
646	1014
646	1015
646	1029
646	1088
648	660
648	780
648	963
649	708
649	894
649	970
650	891
650	1010
650	1029
650	1093
650	1099
651	815
651	859
651	865
651	1060
653	853
653	917
654	896
654	996
655	884
656	903
656	1005
657	708
657	940
658	778
658	918
658	1088
660	817
660	1049
661	784
661	879
661	886
663	856
665	1096
666	886
666	916
666	995
666	1000
667	780
668	857
668	1077
671	709
671	833
672	766
672	1014
673	937
674	772
675	687
676	930
676	1044
678	1031
678	1050
678	1071
678	1072
679	699
681	1035
682	806
683	791
684	854
684	898
685	1045
686	779
686	822
686	1078
687	810
688	750
688	774
689	863
690	1059
690	1089
691	755
691	804
691	872
691	1082
692	835
694	869
694	982
695	884
695	1008
697	862
697	1029
700	901
701	703
702	899
702	1017
703	915
704	873
704	957
705	848
708	1048
709	891
709	936
710	1057
710	1066
711	1081
712	929
712	982
713	829
713	1077
714	924
716	751
718	864
719	790
722	966
722	969
722	1018
722	1030
722	1074
723	1033
723	1082
724	827
724	1018
725	908
728	805
728	1004
729	804
729	1072
731	1037
733	960
733	1099
734	788
735	992
735	1049
737	896
738	907
739	849
739	1091
740	832
740	957
741	793
741	798
741	996
742	910
743	810
743	1026
744	971
747	1021
748	932
748	1003
749	798
749	1050
750	892
750	938
750	1079
751	848
751	935
752	1048
753	762
753	792
753	899
756	921
756	955
757	1046
758	919
758	1089
759	832
759	1091
760	793
760	988
761	1085
762	916
762	995
762	1069
765	884
766	886
766	909
767	843
767	998
770	989
770	999
771	1044
772	918
772	1027
774	923
775	1054
775	1092
776	790
776	842
776	1005
779	924
779	1022
780	1099
781	923
781	1062
782	815
782	953
782	965
783	811
784	1006
784	1082
785	826
785	853
785	868
786	885
788	883
788	939
790	812
790	904
790	921
791	862
792	882
792	1034
795	797
795	901
796	824
796	922
796	1019
797	861
798	1087
800	898
801	1026
802	935
802	946
805	921
806	1039
807	898
807	910
807	1041
809	862
813	987
816	1009
818	1024
819	1045
820	921
821	949
821	1065
823	880
824	849
827	922
827	994
829	891
829	959
829	1048
829	1093
830	1014
830	1020
833	838
833	933
833	1010
834	912
836	912
837	886
837	1044
838	928
838	1044
840	858
842	889
844	848
844	915
845	1017
849	857
850	986
851	889
851	1021
851	1048
852	916
853	869
853	916
857	866
857	930
858	880
858	992
860	1094
861	1068
861	1073
862	867
865	1053
865	1083
867	868
868	1035
869	1034
873	1078
874	1002
875	965
875	1038
877	939
878	881
879	929
880	944
880	1048
880	1071
882	995
883	918
883	947
883	1032
885	1076
885	1084
886	918
889	1011
889	1091
890	973
891	979
891	1045
891	1090
892	893
892	996
893	1064
894	1036
896	1084
897	1075
898	1045
899	936
904	958
904	1025
906	961
907	922
907	949
908	929
910	1085
912	1066
915	920
915	1080
915	1090
916	978
916	1058
919	964
921	970
922	958
922	1002
924	930
925	1012
925	1090
927	1005
928	1003
928	1015
929	962
929	1085
930	1067
932	1010
932	1078
932	1079
934	1051
935	1019
937	1091
938	1047
940	943
940	1091
941	1073
944	1083
948	1065
951	1053
953	1041
955	1028
958	997
969	1096
970	1014
971	978
971	1050
980	1030
980	1074
985	1085
990	1026
991	1070
994	1004
997	1012
997	1054
998	1033
1012	1080
1015	1044
1022	1025
1024	1073
1029	1097
1032	1043
1033	1084
1037	1087
1038	1084
1039	1063
1044	1097
1061	1090
1064	1097
1077	1089