0	283
0	770
0	844
0	847
0	1284
0	1408
1	334
1	731
1	854
1	1299
1	1311
2	360
2	665
3	303
3	340
4	266
4	570
4	952
4	1234
5	193
5	378
5	553
5	1152
5	1200
5	1521
5	1538
6	75
6	935
6	1436
7	420
7	1400
7	1556
8	145
8	1072
8	1264
9	34
9	227
9	250
9	885
10	66
10	653
10	800
10	1094
10	1207
10	1268
10	1583
11	130
11	1056
11	1174
11	1324
11	1392
12	200
12	591
12	1031
12	1119
12	1445
12	1543
12	1559
13	822
13	873
13	1561
14	153
14	458
14	576
14	783
14	1191
14	1299
15	68
15	575
15	896
15	1151
15	1157
15	1257
15	1413
16	273
17	42
17	401
17	467
17	1144
17	1469
18	480
18	630
18	746
18	785
18	949
18	1403
19	341
19	356
19	1271
20	109
20	481
20	497
20	919
20	1099
20	1435
20	1606
21	214
21	755
21	1330
22	709
22	879
22	1585
23	66
23	133
23	211
23	215
23	484
23	686
23	880
23	1639
23	1651
24	47
24	1202
24	1641
24	1687
25	675
25	1044
25	1352
25	1567
26	92
27	884
27	1127
27	1144
27	1630
28	430
28	440
28	885
29	896
29	1527
29	1589
30	206
30	317
30	562
30	1252
30	1412
31	673
31	1541
32	189
32	267
32	348
32	561
32	734
32	777
32	813
32	865
32	1405
32	1639
32	1685
33	252
34	127
34	160
34	296
34	394
34	442
34	643
34	1168
35	139
35	480
35	807
35	944
35	1493
35	1518
36	1477
37	104
37	427
37	539
37	1612
37	1682
38	56
38	767
38	956
38	972
38	1045
38	1089
38	1100
39	198
39	1669
40	169
40	302
40	454
40	596
40	1300
41	66
41	165
41	426
41	623
41	1031
41	1095
41	1452
41	1564
42	64
42	1339
42	1421
43	574
43	619
43	1416
44	374
44	445
45	600
45	1489
46	617
46	653
46	726
46	822
46	1013
46	1374
47	672
47	1250
48	1410
49	534
49	544
49	830
49	1062
49	1439
49	1513
49	1565
49	1643
50	318
50	364
50	1400
51	473
51	805
51	1465
52	130
52	1167
52	1347
52	1522
53	696
53	759
53	1131
53	1404
53	1534
54	75
54	1066
54	1285
54	1460
55	1630
56	87
57	382
57	748
57	1331
57	1420
57	1462
57	1495
57	1636
58	115
58	921
58	1274
58	1280
59	138
59	589
59	740
59	1217
59	1634
59	1677
60	145
60	388
60	1294
61	1301
61	1333
61	1449
62	274
62	911
62	1266
63	119
63	859
63	1545
64	234
64	350
64	358
64	803
64	1228
64	1260
64	1342
65	740
65	901
65	938
66	105
66	486
66	1041
66	1413
66	1556
67	192
67	598
67	600
67	1050
67	1138
68	759
68	923
68	1491
69	276
69	677
69	762
69	1352
70	599
70	826
70	1629
71	810
71	1614
72	653
72	718
72	1612
73	321
73	676
73	704
73	1276
73	1281
73	1306
74	656
74	748
75	443
75	542
76	122
76	286
77	285
77	647
77	890
77	1376
77	1436
78	632
78	1568
79	441
79	846
79	1358
79	1425
79	1656
80	551
80	1189
80	1415
80	1433
80	1558
81	85
81	449
81	452
81	1012
81	1049
81	1208
82	1276
83	813
83	917
83	1438
83	1566
83	1635
84	111
84	278
84	496
85	203
85	216
85	657
85	666
85	872
85	1412
85	1595
86	92
86	355
86	953
86	1118
86	1133
86	1352
87	164
87	216
87	575
87	656
87	680
87	1093
87	1147
87	1160
88	1113
88	1384
88	1506
89	626
89	632
89	1459
90	328
90	425
90	1064
90	1092
90	1563
91	269
91	283
91	343
91	543
91	701
91	938
91	1358
91	1359
91	1577
91	1646
92	166
92	457
92	690
92	1034
92	1344
93	245
93	773
93	1088
93	1689
94	199
94	305
94	1008
95	237
95	769
95	1621
96	440
96	848
97	788
97	907
97	1318
98	182
98	1111
98	1266
98	1669
99	165
99	316
99	463
100	716
101	405
101	578
101	1668
102	719
102	1111
102	1330
102	1691
103	680
104	1657
105	544
105	715
105	821
105	1107
105	1404
106	1405
106	1586
107	775
107	884
107	1493
108	1550
108	1632
108	1649
109	241
109	256
109	288
109	437
109	901
109	968
109	1434
109	1536
110	675
110	914
110	956
110	969
110	1104
110	1531
111	667
111	1523
112	506
112	629
112	746
112	1639
113	1660
114	248
114	312
114	474
114	926
114	1063
115	256
115	419
115	503
115	868
115	878
115	1101
115	1539
116	146
116	591
116	1111
116	1136
116	1240
116	1661
117	574
117	1026
118	673
118	1083
118	1216
118	1618
119	260
119	385
119	1008
119	1150
120	682
120	1067
120	1570
121	488
121	894
121	1121
121	1175
122	252
122	333
122	565
122	692
122	830
122	955
122	981
122	1064
122	1313
122	1392
122	1589
123	124
123	240
123	262
123	1202
123	1382
124	476
124	1277
124	1297
125	132
125	136
125	1220
125	1464
126	376
126	465
126	587
126	1076
126	1092
126	1207
126	1694
127	469
127	494
127	553
127	1181
127	1279
127	1561
128	290
128	462
128	1507
129	247
129	768
129	1621
130	174
130	752
130	816
130	1152
130	1310
130	1436
130	1480
131	368
131	439
131	696
131	1115
132	938
132	1254
133	616
133	1068
133	1699
134	166
134	1490
135	224
135	313
135	361
135	1629
136	1677
137	1076
138	151
138	619
138	674
138	988
138	1123
138	1603
139	399
139	551
139	1194
140	154
140	344
140	1014
140	1320
140	1346
140	1583
141	503
141	845
141	925
141	1657
142	211
142	299
143	846
144	340
144	930
144	1292
144	1516
145	890
145	1359
145	1466
145	1666
146	362
146	468
147	354
147	1028
147	1114
147	1231
147	1688
148	476
148	1321
148	1615
148	1630
149	575
149	1070
149	1228
149	1679
150	222
150	256
150	767
150	918
150	1249
151	170
151	820
151	1117
152	444
152	821
152	1087
153	413
153	884
154	686
154	704
154	1026
155	810
155	1079
155	1307
155	1483
155	1565
156	578
156	639
156	722
157	753
158	784
158	1337
159	253
159	566
159	687
159	1004
159	1203
159	1254
159	1587
160	412
160	428
160	661
160	1367
161	219
161	1170
161	1259
161	1390
161	1481
161	1505
162	953
162	1079
163	270
164	1143
164	1518
164	1639
165	1063
166	200
166	211
166	886
166	1442
167	212
167	376
167	503
167	640
167	742
167	852
167	1604
168	1184
168	1288
168	1609
168	1653
169	997
169	1040
169	1292
170	345
170	1403
171	205
171	532
171	540
172	343
172	922
172	1078
172	1134
172	1239
172	1259
172	1571
173	307
173	438
173	471
173	1257
173	1317
174	414
174	496
174	625
174	1388
174	1464
175	1310
175	1466
175	1481
175	1580
176	380
176	703
176	994
176	1250
176	1610
176	1650
177	521
177	999
177	1137
177	1200
177	1270
177	1549
178	185
178	276
178	379
178	477
178	667
178	714
178	1248
179	271
179	758
179	1570
179	1635
180	820
180	886
180	1203
180	1472
181	490
181	599
181	706
181	1522
182	620
182	902
183	222
183	379
183	691
183	730
183	1568
184	962
185	1015
186	311
186	359
186	377
186	1487
187	426
187	803
187	1025
187	1362
187	1393
188	1053
188	1325
188	1332
189	574
189	1022
189	1548
190	269
190	901
190	1389
190	1675
191	956
191	1012
191	1371
192	581
192	1497
192	1559
193	1124
193	1129
193	1244
194	315
194	862
194	875
194	892
194	1322
194	1597
195	197
195	280
195	740
195	1240
196	963
196	1010
196	1093
196	1399
197	1068
197	1652
197	1659
198	658
198	972
198	1007
198	1526
199	360
199	1034
199	1301
199	1403
200	751
200	763
200	1095
201	1161
202	229
202	1017
202	1470
202	1576
203	1255
203	1521
204	533
204	542
204	742
204	882
204	926
205	321
205	616
205	688
205	805
205	1008
206	849
206	994
206	1298
206	1339
206	1416
207	301
207	356
207	375
207	951
208	601
208	795
208	1395
208	1596
209	986
209	1518
210	304
210	684
210	1135
210	1179
211	260
211	1168
212	1231
212	1248
213	1652
214	366
214	579
214	1297
214	1435
214	1616
215	564
215	1053
215	1659
216	457
216	689
216	774
216	973
216	1590
217	260
217	487
217	527
217	604
217	664
217	813
218	567
218	575
218	850
218	965
218	1253
218	1340
220	288
220	520
220	600
220	835
220	1499
221	1017
222	587
222	755
222	1212
222	1222
223	531
223	562
223	887
223	1647
224	721
224	833
224	1212
224	1570
224	1597
225	1074
225	1307
225	1595
226	729
226	764
226	794
226	1206
226	1479
227	265
227	601
227	701
227	821
228	1165
229	466
229	697
229	1416
230	517
230	972
230	1448
231	453
232	722
232	985
232	1442
232	1655
233	310
233	1180
233	1615
234	339
234	494
234	552
234	691
234	1125
234	1198
234	1381
234	1555
235	243
235	634
235	1035
235	1600
236	552
236	557
236	1080
237	760
237	1386
237	1441
237	1671
238	1598
239	289
239	760
239	1122
239	1307
240	424
240	617
240	665
240	1087
240	1404
241	869
241	1077
241	1155
241	1600
242	1100
242	1142
242	1242
242	1596
243	370
243	735
243	758
243	836
243	1066
243	1265
244	1081
245	292
245	724
245	1197
245	1361
245	1543
246	383
246	1127
246	1215
246	1216
247	483
247	660
247	1278
247	1411
248	728
248	976
248	1551
249	264
249	718
249	724
249	810
249	1175
250	1006
250	1120
251	308
251	960
251	1133
251	1435
252	348
252	717
252	794
252	902
252	1365
252	1506
253	694
253	740
253	945
253	1354
253	1664
254	661
254	862
254	1596
255	360
255	546
255	1009
255	1667
257	783
257	950
257	1017
257	1217
258	347
258	833
258	1342
258	1405
259	1075
259	1157
259	1161
259	1227
259	1453
260	989
260	1178
260	1423
260	1440
260	1444
260	1554
261	343
261	730
261	995
261	1085
261	1119
261	1250
262	336
262	760
262	1507
263	488
263	1475
263	1682
264	758
264	845
264	1012
265	1429
265	1583
266	852
266	1423
266	1621
266	1625
267	1374
268	1040
268	1160
268	1254
269	311
269	582
269	797
269	1652
270	700
270	762
270	1679
271	355
271	504
271	1474
271	1565
272	329
273	951
274	940
274	955
274	1040
274	1414
275	864
276	304
276	401
276	700
276	1463
277	547
277	1346
277	1387
277	1535
277	1661
278	759
278	813
278	1172
279	774
279	1205
280	592
280	887
280	1414
280	1607
281	337
281	346
281	534
281	709
281	1309
282	650
282	1252
282	1488
282	1506
283	657
283	1291
284	745
284	1337
284	1520
285	405
285	635
286	633
286	722
286	1448
286	1613
286	1647
287	475
287	1017
287	1586
288	409
288	1327
289	718
289	1427
290	622
290	1077
291	404
291	459
291	609
291	614
291	725
291	802
291	1116
291	1238
291	1427
291	1465
292	415
292	1128
293	663
293	787
293	898
293	998
293	1138
293	1436
294	852
294	1253
294	1264
294	1638
295	319
295	837
295	1158
295	1205
295	1315
295	1561
296	385
296	834
296	1038
296	1063
296	1201
296	1413
297	795
297	1313
297	1450
297	1597
298	685
298	726
298	936
298	1111
298	1166
298	1204
300	313
300	319
300	742
300	768
300	1344
300	1391
301	527
301	548
301	867
301	1523
302	333
302	571
302	745
302	993
302	1050
302	1196
302	1456
302	1610
303	579
303	1255
303	1408
304	417
304	706
304	1231
305	1510
306	889
306	1074
306	1248
306	1629
307	347
307	846
308	466
308	595
308	867
308	1106
308	1350
308	1393
308	1482
308	1516
309	337
309	1254
309	1463
310	459
310	509
310	923
310	959
310	1027
310	1622
311	497
311	794
311	996
311	1172
311	1379
312	501
312	765
312	923
312	1179
312	1201
313	356
313	707
313	801
313	1279
313	1435
314	1322
315	368
315	797
315	1084
315	1608
316	359
316	792
316	846
316	1180
316	1684
317	393
317	954
317	1319
317	1593
318	817
318	984
318	1166
318	1428
318	1561
319	691
319	846
319	1129
319	1400
320	676
321	399
321	1240
321	1642
322	1099
322	1212
323	343
323	357
323	380
323	814
323	1447
324	514
324	567
324	1046
324	1150
324	1518
325	399
325	815
325	1006
325	1029
325	1635
326	523
326	766
326	974
326	1242
326	1327
326	1359
326	1533
326	1564
327	1046
327	1271
328	366
328	462
328	1447
329	655
329	1012
329	1591
330	435
330	573
330	748
330	787
330	1315
330	1554
331	1047
331	1107
331	1126
331	1175
331	1678
332	733
332	896
332	1059
333	428
333	1689
335	902
335	1467
336	788
337	648
337	825
338	565
338	1160
338	1570
339	510
339	511
339	613
339	972
339	1292
339	1614
340	375
340	1639
341	575
341	1413
341	1538
342	446
342	720
342	1487
342	1543
342	1624
343	596
343	987
343	1166
343	1257
343	1371
343	1572
344	540
344	600
344	1297
345	1386
346	1051
347	657
347	662
347	809
347	1120
347	1393
347	1410
347	1505
347	1561
348	513
348	1654
349	876
349	1142
349	1144
349	1166
349	1261
350	1069
351	575
351	736
351	1151
351	1605
351	1692
352	379
352	584
352	826
352	971
352	1422
352	1538
352	1693
353	1067
353	1190
354	793
354	1118
355	989
355	1516
356	1218
357	401
357	423
357	1535
358	656
358	675
358	1024
358	1164
358	1265
358	1280
358	1545
359	543
359	780
359	938
359	1350
360	1348
361	672
361	734
361	889
361	1353
361	1396
361	1398
361	1653
361	1696
362	1301
362	1541
362	1572
363	873
363	1167
363	1210
363	1410
363	1424
363	1525
364	777
364	874
365	884
365	1521
365	1690
366	656
366	683
366	684
366	1142
366	1370
367	422
367	660
367	674
367	806
367	1140
367	1302
367	1356
367	1365
368	1435
368	1597
369	454
369	864
369	900
369	910
369	1348
370	1376
371	469
371	688
371	1310
372	1408
372	1639
373	456
373	768
373	1088
373	1299
373	1558
373	1693
374	424
374	1058
374	1093
374	1283
375	913
375	1390
376	911
376	1227
376	1431
378	1196
378	1442
378	1648
379	782
379	1528
379	1554
380	1134
380	1450
380	1669
381	1229
381	1469
381	1498
382	935
383	599
383	1453
384	552
385	1483
386	789
386	795
386	1171
386	1327
386	1391
387	686
387	990
388	393
388	559
388	1112
388	1668
389	511
389	1409
390	408
390	1239
390	1645
391	909
391	1459
391	1576
392	1535
393	902
393	923
394	640
394	708
394	921
395	546
395	884
395	944
395	1239
396	852
396	880
396	1061
396	1614
397	890
398	473
398	1455
398	1470
399	419
399	1160
400	911
400	980
400	1539
401	694
401	1291
402	694
402	1239
402	1423
403	459
403	825
403	841
403	994
404	525
404	1454
404	1666
406	694
406	1077
406	1106
407	583
407	1282
407	1436
407	1659
408	651
408	1047
408	1125
409	480
409	557
409	1220
409	1252
409	1570
410	503
410	806
411	1062
411	1155
411	1483
412	476
412	642
412	1023
412	1408
412	1600
414	802
414	818
414	1099
414	1525
415	1160
415	1318
415	1465
415	1670
416	564
416	979
417	494
417	905
417	1276
417	1300
418	988
418	1029
418	1376
418	1524
419	534
419	867
419	929
419	986
419	1361
419	1474
420	572
420	641
420	849
420	1134
420	1534
421	1377
422	719
422	990
422	1182
422	1290
422	1482
422	1601
423	1276
423	1371
424	714
424	977
424	1078
424	1148
425	474
425	646
425	1293
425	1329
426	818
426	951
427	557
427	573
427	676
427	930
427	1333
428	808
428	1043
428	1349
428	1691
429	432
429	735
429	766
429	889
429	1264
430	655
430	777
431	456
431	493
431	1195
431	1485
431	1541
433	1050
434	1068
435	500
435	564
435	1068
435	1351
435	1397
435	1668
436	649
436	1500
436	1673
437	543
437	929
437	933
437	1353
438	949
438	1303
440	1161
440	1329
440	1356
440	1578
441	692
441	1620
441	1652
442	621
442	1276
442	1493
442	1699
443	881
443	942
443	1009
443	1489
443	1521
444	683
444	1149
444	1183
445	546
445	731
445	744
445	1289
445	1636
446	529
446	877
446	1282
446	1451
447	486
447	704
448	633
448	940
448	1120
449	556
449	1336
449	1504
450	694
450	1436
451	467
451	570
451	956
451	1023
451	1096
451	1279
451	1410
451	1564
452	1139
452	1204
452	1285
452	1330
453	663
453	1238
453	1325
454	860
454	1240
455	1137
457	565
457	1625
458	979
458	1054
458	1575
459	972
459	1108
459	1256
460	540
460	1017
461	1378
463	530
463	922
464	583
464	677
464	1164
465	907
465	1025
465	1099
465	1585
466	540
466	1008
466	1651
467	645
467	880
467	894
467	970
467	1087
467	1192
467	1386
467	1653
468	504
468	1260
468	1469
469	1131
469	1230
469	1251
469	1295
469	1654
470	735
470	1003
470	1153
471	573
471	1004
471	1114
471	1248
471	1697
472	631
472	848
472	1085
472	1273
472	1379
472	1698
473	670
473	693
473	835
473	841
473	1137
473	1619
474	655
474	979
475	661
475	1271
476	597
476	1198
476	1344
476	1610
477	672
477	1330
478	1545
478	1679
479	666
479	1043
479	1099
479	1378
479	1640
480	631
480	894
480	1076
480	1192
481	592
481	633
481	1695
482	862
482	932
482	1025
482	1375
482	1679
483	785
483	842
483	1450
483	1620
485	589
485	1240
486	860
486	1448
486	1651
487	842
487	1080
487	1635
488	862
488	941
488	1024
489	518
489	742
489	977
489	1193
489	1608
490	591
490	1608
491	1038
491	1442
491	1458
491	1631
492	1671
493	1174
494	1150
495	705
496	871
496	1021
496	1244
496	1660
497	1177
497	1339
498	504
498	515
498	883
498	1440
498	1616
498	1654
499	558
499	646
499	764
499	892
499	895
499	1691
500	731
500	986
500	1034
500	1640
501	1427
501	1517
502	853
503	798
503	877
504	1203
505	1324
505	1389
505	1433
505	1471
506	756
506	788
507	709
508	731
508	1201
509	653
509	764
509	1037
509	1096
510	694
510	1508
511	1061
511	1295
512	775
512	1087
512	1113
512	1520
512	1603
513	965
513	1337
513	1378
513	1511
514	1208
514	1211
515	534
515	1200
515	1273
515	1555
516	1010
517	1348
518	581
518	794
518	945
518	1692
519	567
519	1606
520	598
520	1035
520	1138
520	1495
521	1071
521	1165
521	1343
522	869
522	918
522	988
522	1615
523	968
523	1529
524	688
524	908
524	1011
525	885
525	1009
525	1322
526	950
526	1475
526	1609
527	748
527	884
527	1225
528	969
528	973
529	586
529	853
529	1282
529	1536
530	1484
530	1609
531	610
533	1317
534	1272
534	1462
534	1618
535	1547
535	1640
536	539
536	1129
537	1080
537	1530
538	1141
538	1683
539	770
539	1220
539	1340
540	938
540	1023
540	1233
540	1389
540	1457
541	1073
541	1204
541	1246
541	1403
542	1181
542	1212
542	1381
542	1634
543	1192
543	1268
543	1375
544	554
544	1301
544	1519
544	1548
545	1615
545	1675
546	878
546	1062
546	1141
546	1382
546	1545
547	902
547	1087
548	809
548	1224
548	1288
548	1439
549	755
549	1242
550	658
550	1419
551	784
551	1089
552	582
552	1216
552	1383
552	1517
552	1592
552	1693
553	1226
553	1314
554	637
554	1332
554	1393
555	642
555	1106
555	1134
557	942
557	1217
558	875
558	1196
559	1162
559	1340
560	1040
560	1141
560	1420
561	1095
561	1180
561	1207
561	1411
561	1431
561	1575
562	822
562	1062
562	1169
562	1523
563	802
563	869
563	913
563	1224
564	905
564	1139
564	1387
564	1535
565	923
565	1287
565	1586
566	764
566	844
566	996
566	1512
567	636
567	1014
567	1050
567	1415
567	1699
568	860
569	619
569	697
569	806
569	1165
569	1485
569	1682
569	1687
570	1356
570	1634
571	801
571	975
571	1424
571	1492
571	1547
571	1696
572	783
572	1051
572	1126
573	602
573	1049
573	1298
574	1555
575	1118
575	1249
575	1414
576	1381
577	852
577	905
577	1203
578	672
579	615
579	818
579	825
579	895
579	942
579	1662
580	660
580	705
580	912
580	1014
580	1116
581	654
581	841
581	970
581	1070
582	1143
582	1278
582	1396
582	1546
582	1664
583	875
583	1405
584	795
584	1056
584	1324
585	840
585	1004
585	1669
585	1683
586	1035
586	1402
587	719
587	1349
587	1450
588	678
588	1606
588	1638
589	1000
589	1142
589	1591
590	1107
590	1304
590	1400
590	1604
590	1660
591	1313
591	1524
591	1599
592	703
592	1298
592	1450
592	1468
592	1671
593	1397
594	659
594	693
594	1319
594	1384
596	801
596	907
596	938
596	1341
597	717
597	1002
597	1186
597	1280
597	1573
598	1548
598	1557
599	1468
599	1657
600	1430
601	1011
601	1299
601	1470
601	1498
602	608
602	1031
603	651
603	1580
603	1680
604	1035
604	1079
604	1645
605	1329
606	809
606	909
606	978
606	1558
606	1630
606	1645
607	1091
607	1697
609	1122
610	881
610	992
611	759
611	806
612	1461
613	819
613	831
613	1015
613	1660
614	922
614	1182
614	1338
614	1643
615	867
615	1213
615	1221
615	1251
616	752
616	1349
618	922
618	1158
619	789
619	1189
619	1220
619	1438
619	1596
620	739
620	1130
620	1185
621	787
621	1491
622	982
622	1053
622	1433
622	1626
622	1643
623	672
623	1451
624	797
624	1094
624	1162
624	1194
624	1419
625	1103
626	873
626	1300
626	1643
627	983
628	838
628	1238
628	1482
628	1583
629	706
629	1094
629	1649
630	1240
631	660
631	1007
632	727
632	948
632	955
632	1454
633	916
633	1087
633	1449
634	1044
635	658
636	852
636	1085
636	1457
636	1555
637	1211
638	888
638	1616
639	940
639	1204
639	1218
639	1505
640	1109
640	1161
640	1535
641	739
641	883
642	1102
642	1455
643	703
643	721
643	1257
644	1254
644	1554
645	703
645	803
645	1563
645	1681
647	1105
647	1112
647	1301
647	1617
648	1114
648	1132
648	1270
649	755
649	888
649	961
649	1143
649	1465
650	674
650	805
650	1367
650	1495
651	900
651	1112
651	1483
652	896
652	940
652	1196
653	1085
653	1482
654	664
655	892
655	1068
655	1438
657	828
657	913
657	981
657	1457
657	1528
658	784
658	804
658	1623
659	785
659	905
659	1360
659	1670
660	1364
660	1444
661	954
661	1512
661	1562
662	681
662	1114
662	1612
663	1173
663	1349
664	841
664	1179
665	741
665	1238
665	1655
668	1319
668	1390
668	1500
669	1560
670	939
670	1213
671	857
671	1093
672	926
672	1588
673	1036
675	702
676	784
676	827
676	1005
676	1164
676	1230
676	1530
676	1594
677	759
677	1189
678	1473
679	1102
681	689
682	805
682	836
682	1296
683	1297
684	794
685	748
685	951
685	1602
686	834
686	994
686	1242
686	1697
688	795
688	1199
689	924
689	1509
689	1563
690	942
691	707
691	1063
691	1298
691	1667
692	874
692	955
693	711
693	947
693	1188
693	1319
693	1504
693	1599
694	1063
694	1325
695	771
695	1254
695	1360
696	901
696	1528
696	1564
697	1529
698	714
698	851
698	1425
699	773
699	1048
699	1397
700	858
700	1501
701	1045
701	1056
701	1311
701	1640
702	960
702	1300
703	740
703	824
703	1271
703	1605
703	1611
704	1060
704	1118
704	1135
704	1144
704	1476
705	1072
705	1078
705	1284
705	1351
705	1379
705	1418
705	1432
706	1494
706	1537
707	961
707	1483
707	1494
708	1195
708	1632
708	1645
710	966
710	1478
710	1507
710	1593
711	1327
712	1422
712	1470
713	1153
714	854
714	1162
714	1212
715	1331
715	1613
716	763
716	911
716	1635
717	974
719	1486
719	1618
720	1523
721	800
721	807
721	857
721	1628
722	1203
722	1528
722	1531
723	1559
723	1615
723	1676
723	1684
724	1239
725	1407
725	1608
726	1312
726	1410
727	1112
727	1350
728	857
729	1013
731	1248
732	855
732	1533
733	926
733	943
733	985
733	1260
733	1280
733	1417
734	867
734	1273
734	1328
735	1505
736	1037
736	1342
737	870
737	1089
737	1333
738	1567
739	1378
739	1412
739	1447
739	1594
739	1659
739	1696
740	1088
740	1246
741	1102
741	1169
741	1442
741	1593
742	795
742	828
742	1618
743	908
743	1110
743	1271
743	1387
743	1581
744	1461
745	1019
745	1059
746	891
746	921
746	1593
747	1209
748	798
748	1540
748	1659
749	822
749	972
749	1083
749	1654
750	927
751	1530
752	1613
752	1667
753	1560
754	1125
754	1205
755	1079
755	1557
756	1001
756	1114
757	866
757	1247
757	1308
758	1134
758	1331
758	1364
759	1302
759	1494
760	783
760	789
761	1322
761	1377
761	1438
761	1447
762	1306
763	1002
763	1266
764	1318
765	1189
765	1327
765	1657
766	1550
767	1112
768	825
768	1115
768	1133
768	1680
769	838
769	910
769	1008
769	1227
769	1298
769	1619
769	1630
770	1647
771	1685
772	1192
772	1296
772	1387
772	1418
773	1436
774	828
774	1609
775	1055
776	829
776	873
776	1572
776	1587
777	890
777	1532
778	1098
778	1446
779	786
779	854
779	1157
779	1663
781	1347
782	1066
782	1410
783	1070
783	1320
784	934
784	1553
785	1104
785	1266
785	1516
786	968
786	1149
786	1679
787	1196
788	1589
788	1658
789	1430
789	1537
790	895
790	967
791	1183
791	1408
791	1523
792	823
793	1200
793	1213
793	1660
794	800
794	884
794	1255
794	1359
795	1096
795	1139
795	1354
795	1617
796	984
796	1576
796	1686
797	844
797	898
797	1612
798	1477
799	862
799	878
799	1230
799	1593
799	1609
800	1497
801	1187
802	808
802	1436
804	1239
806	883
806	971
807	901
807	1255
808	812
808	962
808	1474
808	1620
808	1664
809	836
809	1372
810	1197
810	1213
810	1345
810	1591
811	836
812	1126
813	1150
813	1297
814	974
814	1260
814	1326
814	1399
814	1618
815	1335
816	1556
816	1571
817	876
817	1215
818	831
818	1638
818	1687
819	845
820	1243
820	1333
821	1565
823	861
823	996
823	1306
823	1492
824	1523
825	1275
826	1026
826	1233
826	1329
828	1083
828	1299
828	1592
828	1609
829	1266
829	1573
829	1684
831	1156
831	1408
832	902
833	931
833	933
833	1249
834	979
834	1174
834	1494
835	1262
835	1274
835	1313
835	1374
836	984
836	1458
837	1023
837	1567
839	1191
840	983
840	993
840	1264
841	1039
841	1190
842	1356
842	1514
843	1273
844	1446
845	1122
845	1397
846	1051
846	1440
846	1460
846	1549
846	1597
848	975
848	1214
848	1625
849	1129
849	1408
849	1479
850	1400
851	1233
851	1292
851	1336
851	1394
852	1031
852	1578
853	1018
853	1238
854	917
854	1177
854	1569
854	1579
855	1066
856	1516
857	1258
857	1600
858	1681
859	1087
859	1210
859	1256
859	1594
860	961
860	999
860	1184
860	1294
860	1347
860	1644
861	1185
861	1224
861	1472
862	895
862	1670
863	1229
865	1262
865	1483
866	925
866	1361
867	946
867	1045
867	1617
868	1411
868	1413
869	1217
870	1086
871	938
871	1435
872	1605
873	1066
875	944
875	1214
875	1299
875	1377
875	1421
876	1420
877	1517
877	1535
878	1004
880	1342
881	1385
882	928
882	1443
883	1347
883	1363
884	1186
884	1420
885	1039
885	1534
887	931
887	1194
887	1320
887	1448
887	1507
887	1677
888	1138
888	1308
889	1302
892	1136
892	1420
893	1052
893	1098
893	1103
894	1022
894	1346
894	1486
895	1156
896	1137
896	1578
897	898
897	1374
897	1428
897	1560
897	1656
898	1009
898	1250
898	1646
899	1227
899	1383
900	1123
901	1319
903	964
903	1327
903	1425
904	1135
904	1397
904	1678
905	1169
906	1611
907	1386
907	1515
908	1029
908	1281
909	1138
909	1340
909	1415
910	1115
911	1365
912	1252
912	1335
912	1379
912	1474
913	1290
913	1689
914	938
914	1465
914	1551
915	1164
915	1269
916	953
916	1364
917	1010
917	1137
917	1303
918	1038
918	1276
918	1377
919	1232
920	932
920	1051
920	1149
920	1292
920	1669
920	1675
921	1103
921	1634
922	1076
922	1265
922	1467
923	1095
924	1247
924	1448
925	1092
925	1377
926	1235
926	1679
927	1185
928	1095
928	1557
929	1336
929	1371
929	1501
930	1068
930	1333
931	1142
932	1099
933	1027
933	1542
934	938
934	1033
934	1152
934	1289
935	1210
935	1498
936	959
936	978
936	1453
937	1175
937	1338
938	1046
938	1226
938	1247
938	1287
938	1573
938	1605
939	1424
939	1442
939	1543
940	1061
940	1276
940	1568
942	1170
942	1239
943	1006
943	1148
943	1380
944	1238
944	1378
945	1069
946	1068
946	1616
946	1686
948	1368
948	1504
948	1685
949	1464
949	1659
950	1353
951	1395
951	1506
953	1487
954	1026
954	1101
954	1403
954	1661
956	1164
956	1472
956	1494
956	1584
957	1408
958	1171
958	1239
958	1568
959	1674
960	1506
961	1266
961	1663
962	1121
962	1135
962	1236
963	1117
964	1007
964	1084
964	1640
966	1126
966	1576
967	1088
968	1025
968	1382
968	1401
969	1061
969	1417
970	1507
971	1568
971	1617
972	1004
972	1303
974	1336
974	1556
976	1204
976	1421
977	1086
977	1112
978	1371
978	1418
978	1625
980	1424
981	1208
982	1127
982	1176
982	1565
983	1406
984	1133
985	1416
985	1451
989	1094
989	1650
991	1003
991	1698
993	1176
994	1166
995	1044
995	1357
995	1528
996	1057
996	1437
996	1478
998	1699
999	1084
999	1101
999	1476
1000	1437
1000	1667
1003	1012
1003	1544
1003	1671
1004	1035
1004	1132
1006	1208
1007	1691
1008	1409
1009	1029
1009	1280
1009	1424
1009	1473
1009	1656
1010	1632
1010	1635
1011	1237
1011	1679
1012	1233
1012	1386
1012	1470
1012	1694
1013	1657
1015	1285
1015	1340
1015	1449
1015	1548
1015	1654
1016	1375
1018	1034
1018	1204
1018	1435
1018	1652
1019	1275
1019	1357
1020	1648
1022	1136
1022	1391
1022	1531
1023	1315
1023	1328
1023	1427
1024	1067
1024	1557
1024	1587
1025	1166
1025	1534
1027	1355
1028	1407
1028	1538
1029	1190
1029	1484
1030	1617
1031	1227
1032	1207
1032	1395
1033	1233
1037	1102
1037	1432
1037	1610
1038	1159
1039	1090
1039	1418
1039	1427
1040	1261
1040	1676
1040	1686
1041	1642
1042	1355
1042	1494
1043	1202
1044	1354
1045	1160
1045	1451
1046	1684
1049	1458
1051	1138
1051	1151
1051	1235
1052	1483
1052	1560
1052	1660
1056	1169
1058	1139
1059	1225
1059	1286
1059	1385
1059	1484
1059	1676
1060	1108
1060	1671
1062	1348
1062	1469
1063	1088
1063	1563
1063	1579
1064	1615
1065	1066
1065	1641
1066	1138
1066	1219
1066	1331
1066	1418
1067	1285
1067	1644
1069	1534
1070	1164
1070	1570
1072	1534
1072	1554
1072	1599
1073	1423
1073	1621
1073	1638
1075	1373
1079	1266
1080	1120
1081	1116
1081	1272
1081	1463
1082	1300
1082	1461
1083	1262
1084	1577
1085	1609
1085	1695
1086	1101
1087	1225
1087	1637
1088	1300
1088	1379
1088	1575
1089	1563
1089	1699
1090	1211
1091	1401
1091	1499
1091	1559
1092	1171
1092	1298
1092	1481
1094	1452
1096	1383
1096	1493
1097	1287
1097	1689
1099	1146
1099	1197
1100	1304
1100	1599
1101	1548
1102	1247
1102	1526
1103	1574
1104	1390
1104	1469
1105	1678
1106	1211
1108	1231
1109	1332
1109	1423
1112	1314
1112	1361
1113	1131
1113	1444
1113	1477
1114	1287
1114	1580
1115	1632
1116	1515
1116	1613
1117	1598
1117	1642
1118	1153
1118	1158
1118	1307
1118	1329
1118	1514
1118	1694
1119	1293
1120	1299
1120	1343
1120	1469
1121	1483
1122	1185
1122	1582
1123	1231
1123	1392
1124	1266
1124	1643
1125	1633
1126	1260
1126	1441
1132	1562
1134	1250
1135	1157
1135	1192
1135	1388
1135	1659
1137	1397
1139	1308
1141	1407
1142	1235
1143	1186
1144	1306
1145	1160
1145	1511
1145	1515
1145	1692
1147	1229
1149	1654
1150	1388
1150	1602
1150	1637
1154	1284
1154	1390
1155	1358
1157	1189
1157	1660
1158	1612
1159	1363
1159	1370
1159	1427
1160	1467
1160	1495
1163	1463
1164	1344
1164	1354
1165	1450
1166	1539
1166	1585
1167	1296
1167	1328
1169	1345
1170	1562
1171	1227
1171	1262
1171	1619
1172	1366
1172	1480
1172	1495
1173	1214
1173	1292
1173	1427
1174	1179
1174	1332
1175	1660
1175	1661
1176	1366
1176	1667
1177	1524
1179	1525
1180	1283
1180	1452
1186	1231
1187	1432
1187	1458
1188	1422
1188	1695
1189	1270
1189	1409
1190	1212
1190	1429
1190	1620
1192	1267
1192	1345
1192	1578
1192	1593
1194	1345
1195	1440
1196	1422
1196	1433
1197	1455
1197	1634
1199	1365
1199	1440
1200	1251
1200	1396
1200	1641
1201	1362
1202	1517
1202	1652
1203	1397
1203	1608
1203	1635
1203	1662
1204	1284
1204	1643
1205	1323
1205	1598
1206	1343
1207	1533
1209	1279
1209	1324
1209	1571
1210	1372
1210	1492
1211	1341
1211	1447
1212	1402
1212	1429
1213	1264
1214	1603
1216	1268
1216	1304
1216	1413
1216	1429
1218	1553
1219	1368
1219	1677
1220	1304
1220	1503
1220	1684
1222	1341
1223	1371
1225	1293
1225	1295
1226	1298
1228	1307
1228	1479
1229	1374
1231	1622
1234	1575
1234	1652
1235	1242
1237	1256
1237	1368
1237	1395
1237	1425
1237	1433
1239	1444
1239	1588
1240	1260
1241	1272
1242	1446
1242	1505
1242	1540
1243	1426
1244	1325
1244	1622
1245	1540
1246	1274
1246	1688
1251	1613
1252	1325
1252	1386
1253	1520
1254	1378
1254	1455
1255	1560
1256	1547
1257	1344
1259	1680
1260	1332
1262	1630
1263	1687
1264	1330
1264	1374
1264	1393
1264	1447
1264	1618
1265	1506
1266	1534
1267	1438
1269	1366
1269	1664
1271	1417
1271	1669
1272	1468
1273	1366
1274	1461
1274	1581
1275	1351
1275	1439
1277	1416
1277	1665
1280	1617
1282	1514
1283	1326
1284	1477
1285	1292
1285	1328
1287	1364
1288	1500
1288	1558
1288	1680
1290	1618
1291	1445
1291	1597
1292	1378
1292	1454
1293	1671
1294	1406
1294	1499
1295	1460
1295	1644
1297	1588
1297	1606
1297	1622
1303	1480
1304	1373
1305	1436
1305	1534
1307	1607
1309	1596
1310	1455
1310	1601
1313	1362
1313	1665
1314	1672
1315	1400
1315	1618
1315	1644
1316	1694
1317	1568
1318	1573
1318	1601
1321	1327
1321	1551
1322	1428
1322	1577
1324	1654
1331	1470
1334	1421
1335	1569
1336	1545
1341	1428
1342	1456
1344	1446
1344	1538
1345	1549
1349	1424
1350	1561
1353	1449
1353	1684
1354	1685
1356	1363
1358	1653
1359	1492
1360	1408
1360	1648
1361	1443
1363	1508
1363	1604
1363	1651
1365	1385
1365	1444
1365	1581
1365	1661
1369	1403
1369	1436
1371	1456
1372	1434
1372	1508
1372	1535
1373	1444
1377	1557
1381	1386
1381	1664
1383	1698
1390	1645
1391	1499
1393	1680
1395	1689
1396	1665
1397	1633
1401	1643
1402	1530
1404	1412
1404	1498
1405	1693
1406	1605
1409	1531
1409	1609
1413	1513
1413	1576
1415	1522
1416	1442
1417	1563
1417	1632
1418	1494
1419	1457
1425	1429
1426	1548
1426	1559
1427	1485
1427	1558
1428	1541
1429	1502
1431	1485
1432	1533
1432	1688
1435	1493
1438	1498
1440	1464
1441	1574
1444	1635
1447	1535
1447	1676
1448	1685
1453	1474
1453	1477
1454	1554
1455	1678
1458	1516
1459	1681
1461	1508
1461	1552
1463	1679
1465	1467
1468	1469
1469	1690
1471	1602
1471	1603
1472	1560
1473	1521
1473	1534
1475	1647
1476	1518
1481	1556
1481	1563
1483	1565
1486	1503
1487	1653
1488	1595
1495	1503
1495	1587
1496	1536
1496	1606
1496	1654
1498	1691
1505	1558
1505	1643
1505	1655
1508	1587
1508	1644
1509	1643
1510	1571
1512	1655
1515	1655
1516	1698
1520	1635
1520	1667
1531	1676
1532	1609
1533	1630
1537	1559
1538	1622
1540	1623
1543	1574
1544	1601
1545	1610
1545	1680
1548	1598
1548	1607
1555	1670
1557	1616
1559	1661
1563	1611
1565	1619
1568	1666
1569	1650
1570	1597
1573	1667
1584	1697
1606	1620
1606	1627
1606	1645
1621	1628
1621	1652
1622	1638
1624	1640
1631	1648
1634	1651
1641	1661
1644	1679
1648	1680
1682	1685