0	338
0	884
0	931
0	1393
0	1556
1	201
1	432
1	983
1	1076
1	1518
2	234
2	613
2	718
2	956
2	1017
2	1062
2	1448
2	1514
3	42
3	150
3	223
4	1392
5	562
5	756
5	791
5	1160
5	1419
5	1587
5	1630
6	313
6	486
6	858
6	1007
6	1065
7	283
7	1107
7	1424
7	1484
7	1640
8	108
8	389
9	476
9	1402
9	1426
9	1699
10	212
10	434
10	505
10	678
10	1563
11	85
11	116
11	359
11	670
11	1030
11	1520
12	405
12	490
12	661
12	796
12	1015
12	1590
13	20
13	675
13	765
13	1111
13	1272
13	1547
13	1625
14	695
14	766
14	907
15	332
15	341
15	542
15	660
15	916
15	975
15	1001
16	585
16	940
17	981
17	1509
17	1601
17	1634
18	38
18	323
18	507
18	785
18	1033
18	1299
18	1318
18	1341
18	1475
18	1668
19	498
19	684
19	788
19	869
19	1096
19	1124
19	1366
20	197
20	491
20	1606
20	1668
21	1231
22	193
22	220
22	1564
23	1431
24	110
24	480
24	577
24	595
25	120
25	173
25	228
25	1308
25	1407
26	706
26	1506
27	844
27	894
27	1059
27	1529
28	797
28	1070
28	1154
29	50
29	174
29	1084
30	98
30	397
31	335
31	379
31	1209
32	884
32	976
32	1608
33	76
33	304
33	673
33	1075
33	1102
34	102
34	220
34	508
34	953
34	1104
34	1282
34	1382
34	1512
34	1516
35	257
35	280
35	1292
35	1621
35	1691
36	226
36	602
36	619
36	637
36	794
36	965
36	1205
36	1520
37	192
37	360
37	416
37	461
37	1538
38	134
38	178
38	443
38	735
38	1299
38	1546
38	1641
39	124
39	788
39	1399
39	1529
40	71
40	475
40	1163
41	127
41	1449
41	1532
42	437
42	519
43	282
43	392
43	589
43	851
43	1035
43	1086
44	45
44	184
44	965
44	1163
44	1320
44	1624
45	193
45	381
45	427
45	1005
46	1090
46	1130
46	1336
47	389
47	901
47	949
47	974
47	1416
47	1624
48	223
48	462
48	689
48	1249
49	259
50	145
50	286
50	726
50	773
50	1392
50	1545
50	1638
51	121
51	1155
51	1348
51	1429
52	95
52	409
52	781
52	1524
52	1571
53	84
53	477
53	694
53	1029
53	1634
53	1674
54	911
54	916
54	1662
55	299
55	548
55	671
56	884
56	1024
56	1152
56	1537
57	573
57	1177
57	1515
58	355
58	393
58	720
58	1203
58	1212
58	1683
59	250
59	269
59	611
59	648
59	735
59	1234
60	597
60	856
61	204
61	414
61	551
61	1332
62	328
62	437
62	1001
62	1479
62	1656
63	391
63	579
63	923
64	229
64	241
64	675
64	784
64	1140
64	1572
65	234
65	601
65	1184
65	1195
66	191
66	980
67	102
67	1055
67	1457
67	1554
68	269
68	627
69	229
69	363
69	723
69	827
69	1194
70	523
70	790
70	954
70	993
70	1282
71	836
71	898
71	1643
72	386
72	493
72	553
72	779
72	996
73	88
73	1374
74	1098
74	1180
74	1352
75	85
75	92
75	331
75	524
75	1353
76	138
77	419
77	442
77	631
77	854
77	1374
78	1101
78	1215
78	1291
79	208
79	299
79	1027
79	1031
79	1032
79	1255
79	1293
79	1386
79	1664
80	1632
81	314
81	639
81	1057
81	1124
82	873
82	1161
82	1612
83	435
84	459
84	466
84	887
84	910
85	355
85	486
85	549
85	654
85	1181
85	1407
86	371
86	420
86	798
86	1035
86	1554
87	1168
87	1218
87	1243
87	1441
88	431
88	535
88	832
88	1537
89	426
89	642
89	744
89	1019
89	1035
89	1449
90	561
90	708
90	909
90	1660
91	299
91	360
91	498
91	1351
92	374
92	798
92	816
92	1135
93	114
93	1234
93	1655
94	255
94	339
94	482
94	1309
94	1363
94	1483
95	1303
95	1592
96	782
97	120
97	1362
97	1372
98	240
98	909
98	1097
98	1252
99	761
99	1662
100	591
100	1177
100	1233
101	161
101	216
101	652
101	789
102	159
102	933
102	1158
102	1447
103	403
103	469
103	505
103	1250
104	422
104	772
105	502
106	209
106	885
106	974
106	1120
106	1195
106	1202
107	152
107	534
107	634
108	253
108	1374
109	185
109	397
109	1622
110	447
110	681
110	701
111	1064
111	1219
111	1670
112	177
112	616
112	716
112	869
112	1467
112	1603
113	158
113	608
113	769
113	1654
114	141
114	566
114	1267
114	1537
115	138
115	240
115	568
115	1411
115	1437
115	1637
116	355
116	473
116	571
116	1066
116	1126
116	1323
116	1391
116	1564
117	203
117	474
117	520
117	615
117	952
117	1047
117	1229
118	608
118	711
118	948
118	996
118	1244
119	1177
119	1400
120	209
120	753
120	758
120	968
120	971
120	1382
121	157
121	463
121	627
121	768
121	851
121	1548
121	1584
122	173
122	417
122	1338
123	441
123	837
123	987
123	1011
123	1063
123	1110
124	144
124	219
124	913
124	1178
124	1697
125	509
125	682
126	875
126	1123
126	1185
126	1439
127	905
127	993
127	1006
127	1014
127	1030
127	1179
127	1258
128	252
129	187
129	503
129	1275
129	1476
129	1695
130	548
130	921
130	1064
130	1128
130	1156
131	797
132	1114
132	1335
132	1346
132	1398
132	1591
133	731
133	1063
133	1556
134	301
134	363
134	605
134	881
134	970
134	996
134	1349
134	1614
134	1657
135	499
135	854
135	1063
136	229
136	407
136	944
136	1056
137	982
138	167
138	1405
139	500
139	652
139	880
139	1049
139	1120
139	1418
139	1450
140	174
140	824
140	1330
141	177
141	462
141	574
141	876
141	1032
142	427
142	511
142	566
142	1229
142	1592
142	1643
142	1684
143	1065
143	1159
143	1281
144	962
144	1428
145	232
145	1645
146	539
146	995
146	1545
147	362
147	782
148	1074
148	1235
148	1307
148	1428
149	613
149	654
149	707
149	1600
150	172
150	639
150	783
150	791
150	1457
151	656
151	1028
151	1168
151	1200
151	1452
152	1118
153	490
153	980
153	1472
154	848
154	1195
154	1235
154	1528
154	1595
155	411
155	535
155	786
155	813
155	1369
156	1106
157	451
157	696
157	842
157	991
157	1180
157	1227
158	174
158	709
158	746
158	1672
159	301
159	438
159	1271
160	422
160	1570
161	206
161	334
161	982
161	1175
161	1271
161	1582
161	1622
162	430
162	456
162	1029
162	1615
163	169
163	233
163	288
163	326
164	381
164	513
164	764
164	1462
164	1529
165	227
165	343
165	1048
165	1511
165	1655
166	176
167	785
167	1437
168	273
168	289
168	578
168	806
169	288
169	478
169	751
169	781
169	1031
169	1107
169	1526
170	387
170	517
170	617
170	795
170	1227
171	530
171	1154
171	1455
171	1560
172	488
172	575
172	855
172	1113
173	230
174	936
174	1275
174	1430
175	300
175	508
175	735
175	871
175	1327
176	664
176	1082
176	1230
176	1335
176	1687
177	192
177	259
177	319
178	1220
178	1224
178	1648
179	387
179	409
179	467
179	1406
179	1546
180	1035
180	1304
180	1394
181	898
182	396
182	476
182	1243
182	1574
183	427
183	666
183	1414
184	229
184	233
184	359
184	489
184	1425
185	777
185	823
185	1426
186	857
186	1194
186	1352
187	207
187	275
187	832
187	920
187	1363
188	1107
189	562
189	919
189	1248
190	250
190	402
190	506
190	777
190	1191
190	1205
190	1679
191	513
191	1363
192	441
193	289
193	702
193	828
193	845
194	368
194	523
194	769
194	1160
195	732
196	282
196	374
196	671
196	1308
197	333
197	388
197	459
197	541
197	755
197	1278
197	1449
198	795
198	1045
198	1133
198	1460
199	380
199	535
199	834
199	899
200	423
200	1501
201	1027
201	1455
201	1457
201	1490
201	1558
201	1633
202	345
202	596
202	601
202	698
202	1496
203	307
204	420
205	1408
205	1514
206	550
206	654
206	737
206	1177
206	1449
206	1466
207	1327
208	415
208	1051
208	1090
208	1138
208	1542
209	490
209	1346
209	1697
210	476
210	775
210	782
210	847
211	263
211	521
211	547
211	877
211	941
211	1330
211	1397
211	1453
212	937
212	1044
212	1111
212	1510
212	1564
213	542
213	852
213	1110
213	1590
214	642
214	664
214	743
214	1167
214	1672
215	252
216	224
216	511
216	546
216	977
216	1186
216	1323
217	294
217	410
217	437
217	599
217	1209
218	518
218	786
218	964
218	1067
219	260
219	286
219	664
219	1060
220	843
220	940
220	999
221	926
221	1325
221	1648
222	625
222	1348
223	311
223	884
223	1616
223	1638
224	679
224	690
224	695
224	1271
224	1681
225	322
225	1140
225	1205
226	849
226	1698
227	282
229	273
229	533
229	917
230	995
230	1031
230	1292
231	551
231	671
231	688
231	1574
231	1586
231	1627
232	261
232	414
232	573
232	583
232	683
232	703
232	996
232	1169
232	1288
232	1292
233	703
233	1227
233	1411
233	1666
234	553
234	787
234	1087
234	1244
235	905
236	792
236	834
236	846
236	1194
236	1408
236	1698
237	566
237	963
237	1467
237	1610
238	1283
238	1345
238	1382
238	1595
239	316
239	561
240	614
240	687
241	1229
241	1339
241	1544
242	246
242	416
242	488
242	521
242	817
242	869
242	1607
243	523
243	829
243	1086
244	475
244	1467
244	1553
244	1555
245	505
246	343
246	982
246	1531
247	557
247	1323
247	1583
248	1043
249	1013
249	1259
249	1627
250	617
250	1146
250	1164
250	1477
251	857
251	1174
251	1527
251	1616
252	471
252	1558
253	435
253	593
253	1111
253	1504
253	1569
254	587
254	947
255	547
255	641
255	670
256	494
256	1035
256	1128
257	916
257	1536
257	1607
258	849
258	1162
258	1340
259	261
259	487
259	894
259	1101
259	1298
259	1378
259	1487
261	485
261	537
261	1184
261	1239
261	1337
261	1364
261	1697
262	375
262	394
262	619
263	1146
264	328
264	335
264	1007
264	1499
265	795
265	994
265	1591
266	776
266	908
266	1445
266	1582
267	721
267	722
267	1295
267	1449
268	432
268	849
268	938
269	492
269	1139
269	1223
269	1334
269	1592
270	1243
271	870
271	947
272	273
272	471
272	1556
273	410
273	440
273	1036
274	478
274	1396
274	1475
275	524
275	1272
275	1305
275	1657
276	599
277	499
277	573
277	731
277	1050
278	857
278	1157
278	1171
279	1634
280	1487
281	406
281	464
282	406
282	649
282	825
282	1239
282	1267
282	1583
282	1631
283	1301
283	1328
283	1595
284	725
284	1390
285	510
285	1654
286	713
286	807
286	1214
286	1432
286	1644
287	308
287	642
287	701
287	1059
287	1363
287	1659
288	457
288	517
288	730
288	1275
288	1394
289	375
289	1343
290	695
290	1058
290	1230
291	420
291	1201
291	1330
291	1636
292	297
292	588
292	834
292	987
292	1240
293	550
293	921
294	884
294	1153
294	1195
295	825
295	1695
296	542
296	633
296	1192
296	1283
296	1504
296	1626
297	708
297	1057
297	1074
297	1337
297	1681
298	834
298	880
298	1555
299	500
299	540
299	881
299	922
299	1214
299	1430
299	1682
300	428
300	1289
300	1307
300	1366
301	468
301	589
301	745
301	790
301	1255
301	1318
301	1550
301	1625
301	1685
302	1149
302	1206
303	828
303	1343
303	1649
304	606
304	1148
304	1189
304	1393
304	1476
305	560
305	1525
306	515
306	1263
306	1403
306	1694
307	1364
308	342
308	1445
308	1680
309	903
310	643
310	663
310	1250
311	489
311	690
311	708
311	715
311	918
311	1063
311	1198
311	1564
311	1679
312	325
313	594
313	677
313	1128
313	1175
313	1244
313	1410
313	1471
313	1616
314	408
314	778
314	974
314	1015
314	1507
315	573
315	1449
316	340
316	397
317	1340
318	619
318	727
318	1038
318	1139
318	1262
319	542
319	693
319	1254
319	1442
320	619
320	948
320	1189
320	1308
320	1390
321	603
321	1019
322	523
322	594
323	783
324	514
325	363
325	400
325	496
325	596
325	1669
326	783
326	819
326	994
326	1035
327	966
327	1631
328	1048
328	1439
329	1369
330	523
331	649
331	710
331	961
331	1137
331	1182
331	1341
332	786
332	1116
332	1328
333	781
333	992
333	1324
334	532
334	867
334	1507
335	615
335	1658
335	1698
336	379
336	413
337	567
338	757
338	947
338	1409
338	1533
339	665
339	1254
339	1341
340	1211
340	1341
340	1464
340	1538
341	769
341	1110
341	1144
341	1654
342	632
342	713
342	909
342	977
343	897
343	899
343	1065
344	1094
345	380
345	444
345	648
345	1094
345	1315
345	1464
345	1601
345	1653
346	739
346	1054
346	1152
346	1243
347	626
347	746
347	929
348	535
348	682
348	904
348	1130
348	1150
349	746
349	951
350	509
350	625
350	1284
350	1538
351	353
351	556
351	1315
352	656
352	1013
352	1141
353	908
353	1436
353	1603
353	1605
354	1318
355	531
355	915
355	1490
356	669
356	813
357	1259
357	1364
357	1365
357	1589
358	917
358	1096
358	1493
359	503
359	654
359	746
359	881
359	1427
360	658
360	871
360	893
360	1072
360	1115
361	756
362	942
362	1280
363	425
363	517
363	1064
364	405
364	697
364	982
364	1285
364	1458
365	438
366	478
366	736
366	975
367	374
367	743
367	1154
367	1219
367	1562
368	520
368	1318
368	1494
368	1574
368	1611
369	1567
369	1685
370	496
370	679
370	1242
370	1479
370	1566
371	878
371	950
371	1251
371	1327
372	399
372	412
372	838
372	980
373	523
373	736
373	1203
373	1243
373	1532
374	584
374	1589
374	1663
375	793
375	1438
375	1551
375	1580
376	396
376	649
376	1296
376	1318
376	1319
376	1327
376	1679
377	830
377	1697
378	1299
378	1656
379	591
379	738
379	1025
379	1166
379	1434
380	886
380	1120
380	1201
380	1428
381	539
381	651
381	784
381	1047
381	1215
382	912
382	1461
382	1540
382	1683
383	423
383	464
383	737
383	809
383	1040
383	1367
383	1578
384	507
384	1261
384	1399
385	716
385	746
385	1220
385	1569
386	908
386	1166
386	1512
386	1539
386	1654
387	711
388	852
388	1426
388	1501
389	1251
390	448
390	877
390	1006
391	800
391	823
391	977
392	812
392	926
392	1136
392	1415
392	1469
392	1533
393	901
393	1175
394	495
394	1426
395	859
395	989
395	1228
395	1287
395	1342
395	1449
396	1490
397	667
398	439
398	843
398	1064
398	1280
398	1317
399	609
399	990
399	1567
400	752
401	652
402	627
402	960
402	1286
402	1681
403	648
403	685
403	721
404	472
404	489
404	680
404	881
404	1110
405	553
405	1244
406	1290
406	1400
407	1259
407	1306
407	1567
407	1568
408	471
408	476
408	979
408	1017
409	410
409	598
409	650
409	1278
409	1564
410	421
410	683
410	1327
410	1489
411	946
411	1437
412	733
412	1212
412	1220
413	1137
413	1461
414	483
414	1199
414	1631
415	545
415	602
416	881
416	987
416	1250
416	1408
416	1568
417	496
417	957
417	1645
418	442
418	843
418	1363
419	633
419	640
420	1200
420	1301
421	1419
421	1578
422	703
422	884
423	793
423	947
423	1639
423	1649
424	854
424	949
424	1442
424	1679
425	1356
425	1596
426	1203
426	1522
426	1570
427	462
427	949
427	1354
427	1589
428	678
428	1247
429	524
429	765
430	983
430	1104
430	1319
431	614
431	616
432	467
432	475
432	1331
432	1418
433	592
433	662
434	449
435	617
435	754
435	1233
435	1620
436	1059
436	1122
436	1317
436	1566
436	1668
437	500
437	960
437	1066
438	470
438	1282
438	1481
439	465
439	789
439	837
439	1325
439	1694
440	1220
440	1557
441	787
441	980
441	1198
441	1616
442	661
442	744
442	795
442	1036
443	497
443	1296
443	1655
444	934
444	1005
445	603
446	821
446	1109
446	1257
447	497
447	993
447	1283
447	1286
447	1291
447	1467
447	1665
448	1086
448	1358
449	450
449	542
449	947
449	1402
449	1411
450	662
450	1002
451	936
451	1209
452	504
452	554
452	740
452	944
452	1147
452	1246
453	672
453	1099
453	1265
453	1332
454	881
454	1006
454	1281
454	1365
454	1420
455	1225
456	550
456	553
456	969
457	564
457	992
457	1275
457	1411
457	1577
458	680
458	838
458	864
458	1146
458	1148
459	710
459	1073
459	1076
459	1231
460	588
460	591
460	640
460	815
460	1296
460	1427
460	1577
460	1620
461	808
461	1432
461	1567
462	477
462	811
463	681
464	1486
465	660
465	779
465	876
465	921
465	1081
465	1540
466	989
466	1333
466	1448
467	1036
467	1194
468	894
469	1043
470	641
470	1032
470	1282
470	1472
471	1268
472	599
472	917
472	1489
473	904
473	946
474	686
474	903
474	1219
474	1486
475	686
475	1211
476	623
476	775
476	1246
476	1510
477	490
478	639
478	884
478	1326
479	510
479	528
479	769
479	1112
480	684
480	740
481	732
481	906
483	501
483	932
483	1606
484	505
484	671
484	1533
485	837
485	1133
485	1173
485	1207
485	1466
487	939
487	1112
487	1283
487	1549
487	1561
487	1623
488	736
488	1411
489	614
489	658
489	989
489	1172
489	1444
490	681
490	791
490	1541
490	1598
490	1648
491	1349
491	1354
492	502
492	906
492	1031
492	1381
492	1474
493	824
493	1180
493	1334
494	995
495	971
495	1298
496	920
496	1674
497	500
497	820
497	870
498	1409
499	769
499	1234
499	1272
500	845
500	1373
500	1446
501	809
501	1441
502	706
502	749
502	1040
502	1432
502	1566
503	1564
504	738
505	764
505	1576
506	741
506	1303
507	997
507	1229
508	1242
508	1464
509	603
509	1042
509	1269
509	1366
510	1094
510	1173
510	1553
511	578
511	768
512	1678
513	583
513	816
513	905
513	932
513	1556
514	566
514	685
514	1407
515	1509
516	932
516	1261
517	834
517	1018
517	1147
517	1572
517	1681
518	657
518	1270
518	1311
518	1424
519	636
519	641
519	896
519	1060
520	1575
520	1678
521	661
521	1199
521	1552
522	596
522	731
522	1066
522	1510
522	1631
523	987
523	1015
523	1161
523	1671
524	1384
525	756
525	797
525	1384
526	1003
526	1088
526	1150
526	1191
526	1383
527	1436
528	704
528	803
529	542
529	768
529	1202
530	1214
530	1357
530	1522
531	564
531	651
531	1005
531	1126
531	1455
532	1399
533	649
533	703
533	751
533	1253
533	1404
533	1407
533	1509
534	1319
535	1563
536	564
536	1576
537	1484
538	1260
538	1366
539	1118
540	835
540	1028
540	1196
540	1218
540	1292
541	705
541	943
541	1226
541	1532
541	1554
542	1044
542	1056
542	1211
543	712
543	1613
544	582
544	927
544	1022
544	1227
545	596
545	785
545	1459
545	1555
545	1624
546	1066
546	1529
547	615
547	744
547	772
547	929
547	938
547	940
547	1177
547	1337
547	1548
547	1642
548	926
548	1021
548	1038
548	1094
549	1199
550	655
550	900
550	1228
550	1319
550	1321
551	616
551	798
551	1121
551	1186
552	681
552	818
552	862
552	1286
553	623
553	779
553	1201
553	1216
554	814
554	1147
554	1536
555	747
555	943
555	1356
555	1450
556	802
556	859
556	1403
556	1527
557	624
557	872
557	1342
557	1469
558	593
558	704
559	1044
559	1176
560	1315
560	1417
560	1446
560	1696
561	1137
561	1531
562	599
562	664
562	1694
563	605
563	935
563	1139
563	1572
564	1147
565	641
565	642
565	712
566	583
566	1639
566	1653
567	662
567	663
567	749
567	837
567	1116
567	1337
568	771
568	892
568	1672
569	676
569	887
569	898
569	1031
569	1330
569	1681
570	605
570	766
570	905
570	1237
570	1241
571	823
571	864
572	673
572	1033
572	1086
572	1560
573	1680
574	1095
575	1133
576	790
576	812
576	1308
577	751
577	843
577	1125
577	1363
578	1044
579	1437
579	1581
580	656
580	666
580	698
580	1029
580	1473
580	1577
581	613
581	778
581	839
582	943
582	1119
583	680
583	692
583	803
583	906
584	595
584	758
584	1020
585	845
585	1113
586	700
586	716
586	860
586	904
586	1366
586	1375
587	678
587	1015
587	1436
588	1622
588	1623
589	727
589	733
589	746
589	1547
590	663
590	1212
590	1349
591	705
591	1053
591	1071
591	1507
592	1184
593	648
593	1231
593	1437
594	1506
595	757
595	850
595	1488
597	881
597	1322
597	1507
598	818
598	851
598	1136
598	1442
598	1491
599	738
599	1219
599	1313
599	1398
600	722
600	728
600	1191
600	1330
601	1292
601	1478
601	1535
602	1069
602	1151
602	1451
602	1540
603	874
603	1123
603	1267
603	1340
604	680
604	1345
605	687
607	713
607	1300
608	931
608	1045
608	1046
608	1276
609	669
609	1062
609	1276
610	923
610	1601
612	747
613	739
613	927
613	958
614	990
614	1514
614	1617
615	685
615	896
615	1296
615	1476
616	1200
618	862
618	931
618	939
618	1030
619	1171
619	1180
619	1300
620	741
620	1096
621	761
621	877
621	933
621	1594
622	842
622	865
622	1214
623	1180
623	1219
623	1638
624	1040
624	1099
624	1118
625	739
625	767
626	922
627	702
627	800
627	1651
628	898
628	1310
628	1596
628	1632
629	1027
629	1388
629	1406
629	1419
630	943
630	1008
630	1514
630	1646
631	1077
631	1122
631	1413
633	890
633	1081
634	703
634	764
634	852
634	1052
635	1302
635	1337
635	1389
636	745
636	808
636	814
636	856
636	1251
636	1263
637	820
637	1625
638	711
638	1380
639	718
639	874
639	1219
639	1220
639	1436
639	1536
640	962
641	675
641	974
641	1216
641	1257
642	883
642	1214
643	722
643	724
643	758
644	797
644	1283
644	1503
645	914
645	949
645	1182
645	1379
646	1413
646	1560
647	852
648	676
648	768
648	1359
649	1031
650	1066
650	1197
650	1414
651	822
651	959
651	1125
651	1378
651	1465
652	664
652	729
652	975
652	978
653	1470
654	814
654	891
654	916
654	929
654	1639
655	819
656	1114
656	1355
656	1544
657	876
657	1051
657	1294
657	1653
658	1057
658	1139
658	1373
658	1570
659	738
659	823
659	1045
659	1351
660	725
660	727
660	1018
660	1255
661	1668
662	1087
663	1033
663	1308
664	817
664	1423
664	1686
665	685
665	816
665	961
665	1043
666	1469
666	1560
666	1684
667	704
667	1006
667	1099
667	1574
667	1693
668	769
668	1623
669	1084
669	1157
669	1195
669	1412
669	1675
670	998
670	1026
671	1047
671	1340
672	1462
672	1659
673	822
673	1448
674	875
674	1494
674	1633
675	1404
676	827
676	890
676	1441
676	1582
677	1138
679	956
680	1587
681	1183
681	1304
681	1637
682	1028
682	1316
683	709
683	849
683	1305
684	1293
684	1301
684	1344
684	1545
684	1562
685	871
685	1600
685	1650
686	773
686	987
686	1028
686	1248
687	1275
687	1359
687	1484
689	862
689	1221
690	746
690	1084
690	1542
691	859
691	1058
691	1353
692	1117
692	1150
693	938
693	1098
694	756
694	962
694	986
694	1157
694	1421
696	1127
697	842
697	1162
698	1134
698	1430
698	1648
699	1405
699	1681
700	1132
700	1583
701	831
701	1072
702	1512
702	1586
703	984
703	1104
703	1311
703	1528
705	728
705	1595
705	1661
706	869
706	1170
707	772
707	919
707	1393
707	1475
708	1386
709	1202
709	1530
710	1222
710	1336
710	1575
711	766
712	734
712	1496
712	1649
713	1237
713	1450
713	1559
714	815
714	1485
715	1226
715	1238
716	1176
716	1287
716	1309
716	1327
717	995
717	1072
718	900
719	729
719	776
719	1150
719	1675
720	1676
721	972
721	1139
721	1261
721	1642
722	912
723	1429
724	1687
725	1258
726	1133
726	1330
726	1351
727	1179
728	911
728	1049
728	1124
728	1146
729	1161
730	1184
730	1566
731	1150
732	1105
733	1493
734	945
734	1425
734	1483
735	862
735	1273
736	1468
737	820
737	1098
737	1163
737	1377
737	1521
737	1668
738	972
738	1044
738	1313
739	1257
739	1272
739	1344
739	1595
740	874
740	1393
740	1588
741	1504
742	776
742	1163
743	1359
743	1657
744	758
744	880
744	1069
744	1071
744	1434
745	948
745	1106
746	1170
747	1236
747	1500
748	1323
749	904
749	932
749	1168
750	982
750	1327
752	1449
752	1582
753	1355
753	1399
753	1649
754	986
754	1062
754	1309
754	1500
754	1652
754	1686
755	834
756	841
756	1143
756	1221
756	1491
757	920
757	1068
758	824
758	851
759	844
759	1153
760	904
760	1323
761	848
762	1546
763	826
763	1018
763	1073
763	1173
763	1276
763	1443
763	1539
764	831
764	1076
764	1666
765	1023
767	1695
768	1133
768	1236
768	1266
768	1488
769	1358
770	1295
770	1682
771	848
771	929
771	1370
771	1373
771	1509
772	1107
773	943
773	1206
773	1534
774	1502
775	1597
776	989
776	1290
776	1302
777	988
777	1564
778	1276
778	1471
778	1685
779	781
779	1184
779	1223
780	1032
780	1241
780	1519
781	962
781	1033
782	1467
783	1013
783	1327
783	1663
784	1246
785	825
785	1427
785	1485
786	1643
787	891
787	1257
787	1279
788	1668
790	843
790	1375
790	1380
790	1428
792	854
792	1382
794	1088
794	1170
794	1496
795	914
795	1111
795	1260
795	1566
796	955
796	1002
796	1041
796	1099
796	1383
797	858
797	872
797	1518
798	960
798	1404
799	806
799	933
799	1574
800	967
801	959
801	974
801	1053
802	1027
802	1361
802	1455
802	1545
803	1077
803	1093
803	1306
804	1307
804	1565
805	1634
806	1083
806	1249
807	848
807	1185
808	887
808	1176
808	1407
808	1647
808	1680
809	1035
809	1179
809	1372
810	844
810	1387
811	825
811	1327
811	1540
812	919
812	931
812	1072
812	1416
814	1292
816	1061
816	1315
817	906
817	950
817	1023
818	1315
819	849
819	1028
819	1484
819	1589
820	1058
820	1291
820	1324
820	1457
821	1328
821	1342
821	1414
821	1552
824	925
824	1265
824	1289
824	1384
824	1420
825	1452
826	1616
827	988
828	1577
828	1645
830	1397
830	1694
831	939
831	1090
831	1415
832	935
832	1226
832	1523
833	1054
834	925
835	1376
836	1063
836	1273
837	972
837	981
837	1196
837	1573
839	1504
839	1588
840	1277
841	1576
841	1686
842	1082
843	1054
843	1560
843	1686
844	1060
844	1072
844	1410
844	1440
844	1559
845	890
845	1135
845	1257
845	1527
846	1069
846	1340
846	1494
846	1657
847	897
847	1323
848	937
848	1474
850	1004
851	1036
851	1335
851	1461
851	1504
851	1671
852	1210
853	1316
853	1399
854	1049
854	1187
855	868
855	976
855	1114
855	1116
855	1472
855	1610
856	892
856	1028
857	886
857	1039
857	1287
857	1329
858	1046
858	1582
860	1026
860	1037
860	1565
861	1143
861	1158
861	1214
861	1353
861	1369
861	1435
863	1015
863	1321
863	1688
864	891
864	1167
864	1179
864	1566
864	1617
864	1696
865	1376
865	1611
866	955
866	1225
866	1264
866	1371
867	1061
867	1358
868	1389
869	990
870	1258
871	1072
871	1410
871	1420
872	1660
873	1515
874	1662
875	1344
875	1436
875	1581
877	947
878	1301
879	1022
879	1591
879	1643
880	1170
880	1242
881	1070
881	1489
882	1453
883	980
883	1036
887	1361
887	1440
888	1080
888	1207
888	1310
888	1349
888	1447
889	977
890	1514
890	1564
891	1199
891	1325
892	1263
892	1524
893	1387
893	1638
893	1698
894	959
894	1431
895	933
896	1271
898	1004
900	1265
900	1523
902	1050
902	1221
902	1225
902	1281
902	1305
902	1592
903	948
903	1087
903	1217
903	1223
904	939
904	971
904	1341
905	1292
905	1634
906	1392
906	1449
906	1578
907	967
907	1587
907	1699
908	956
908	975
908	1389
908	1463
908	1688
909	1049
909	1474
909	1655
910	1050
910	1107
910	1381
910	1638
914	1128
915	1142
915	1359
916	1369
917	965
917	991
917	1285
917	1508
918	937
918	1042
918	1109
918	1636
918	1655
918	1677
920	1343
920	1601
921	1000
921	1432
923	1422
923	1671
924	999
925	1295
926	1096
926	1615
927	1411
928	1631
929	1183
929	1530
929	1591
930	1179
932	1066
932	1465
932	1506
934	1064
935	1105
935	1220
935	1287
936	1168
936	1273
937	1171
937	1320
937	1422
937	1698
938	1260
939	1104
939	1212
939	1243
939	1295
940	1135
943	1387
944	1376
944	1588
945	1128
945	1173
946	1295
946	1320
946	1387
947	1188
948	1122
949	1025
949	1418
950	1069
950	1272
952	1042
952	1303
952	1380
952	1548
953	1403
953	1597
954	1566
954	1630
954	1659
955	1146
955	1571
956	1638
957	983
957	1441
957	1572
957	1579
958	1518
959	960
959	1380
959	1446
960	1377
962	1429
965	975
965	980
966	1098
967	1329
969	1354
969	1679
969	1686
970	1038
970	1589
972	1050
973	1063
973	1436
973	1516
975	1276
976	1204
976	1420
977	1169
977	1297
977	1327
977	1596
977	1680
978	1030
978	1378
978	1388
979	1074
979	1416
981	1147
982	1239
982	1585
983	1238
984	1017
984	1194
984	1396
985	1517
986	1232
986	1428
986	1697
987	1300
987	1443
988	1474
989	1076
991	1350
991	1685
992	1070
992	1179
992	1531
994	1067
994	1070
994	1200
994	1216
994	1544
994	1590
994	1695
995	1089
996	1038
996	1211
996	1275
996	1473
996	1510
997	1034
997	1268
998	1150
998	1377
998	1380
998	1489
998	1599
999	1406
999	1496
1001	1236
1002	1269
1003	1036
1003	1685
1004	1678
1005	1534
1006	1149
1006	1615
1007	1216
1009	1128
1010	1111
1012	1047
1012	1189
1013	1028
1014	1084
1014	1105
1014	1113
1014	1155
1015	1181
1015	1677
1016	1186
1016	1227
1016	1258
1017	1222
1017	1293
1017	1501
1018	1164
1020	1658
1021	1680
1022	1165
1023	1212
1023	1548
1025	1079
1025	1435
1027	1310
1027	1368
1027	1650
1028	1410
1028	1496
1028	1652
1029	1107
1029	1520
1030	1195
1030	1232
1030	1342
1031	1060
1031	1093
1032	1171
1032	1219
1035	1365
1036	1195
1036	1503
1036	1651
1037	1185
1037	1617
1039	1350
1039	1645
1040	1251
1040	1445
1040	1503
1041	1097
1042	1698
1043	1149
1043	1541
1043	1578
1044	1154
1045	1151
1045	1167
1045	1190
1045	1568
1048	1460
1049	1456
1049	1534
1050	1365
1050	1553
1051	1171
1051	1383
1051	1409
1051	1597
1052	1544
1053	1056
1053	1138
1053	1213
1053	1548
1054	1504
1055	1509
1056	1064
1056	1528
1057	1652
1059	1138
1059	1176
1059	1341
1059	1578
1060	1664
1061	1237
1061	1656
1062	1088
1063	1630
1063	1668
1063	1691
1065	1256
1065	1629
1066	1529
1066	1653
1067	1265
1067	1406
1069	1290
1071	1157
1071	1234
1072	1235
1072	1585
1073	1201
1073	1506
1074	1401
1075	1154
1075	1488
1075	1594
1077	1562
1077	1672
1078	1192
1078	1430
1078	1476
1079	1291
1082	1125
1082	1139
1084	1608
1085	1446
1086	1212
1086	1238
1086	1274
1086	1307
1087	1468
1087	1492
1087	1602
1088	1129
1088	1372
1088	1578
1089	1116
1089	1380
1091	1358
1091	1361
1091	1376
1091	1557
1091	1686
1092	1158
1092	1359
1094	1359
1094	1377
1094	1642
1095	1515
1096	1104
1097	1171
1097	1214
1097	1275
1097	1421
1098	1541
1099	1696
1100	1492
1101	1223
1102	1156
1102	1569
1103	1456
1104	1387
1105	1255
1105	1256
1105	1389
1106	1218
1106	1220
1107	1648
1108	1219
1108	1321
1108	1490
1109	1326
1109	1545
1110	1156
1110	1617
1112	1375
1112	1500
1113	1275
1113	1507
1113	1618
1113	1674
1114	1485
1115	1211
1116	1335
1117	1405
1117	1505
1119	1434
1119	1583
1120	1633
1121	1318
1122	1572
1122	1633
1123	1573
1125	1328
1127	1136
1127	1230
1127	1236
1127	1480
1128	1207
1128	1584
1128	1646
1129	1445
1130	1432
1131	1433
1132	1324
1132	1443
1132	1593
1133	1357
1133	1490
1134	1271
1135	1556
1136	1391
1136	1564
1137	1265
1137	1641
1138	1255
1138	1366
1142	1487
1143	1323
1144	1504
1144	1616
1145	1158
1145	1241
1145	1277
1146	1152
1146	1530
1148	1516
1149	1611
1149	1645
1150	1412
1150	1487
1150	1603
1152	1228
1153	1181
1153	1279
1153	1396
1153	1422
1153	1533
1153	1615
1155	1295
1156	1223
1157	1356
1157	1487
1157	1668
1159	1691
1159	1698
1163	1327
1164	1605
1164	1653
1167	1671
1167	1696
1168	1431
1168	1479
1168	1519
1169	1315
1169	1358
1170	1347
1170	1538
1170	1542
1174	1455
1174	1573
1177	1506
1177	1558
1178	1657
1179	1253
1182	1307
1182	1439
1183	1328
1184	1503
1184	1618
1186	1394
1186	1566
1187	1289
1187	1362
1187	1528
1190	1300
1190	1350
1191	1234
1193	1451
1193	1546
1196	1309
1198	1383
1198	1608
1199	1233
1200	1493
1200	1665
1201	1601
1201	1655
1202	1295
1203	1418
1203	1435
1203	1490
1207	1325
1207	1448
1208	1371
1210	1506
1212	1372
1212	1442
1212	1459
1212	1581
1213	1481
1215	1268
1215	1540
1216	1256
1221	1660
1223	1426
1223	1667
1224	1266
1224	1510
1225	1641
1228	1319
1228	1605
1229	1550
1230	1350
1230	1624
1231	1342
1231	1578
1232	1656
1233	1593
1233	1612
1234	1494
1234	1666
1235	1481
1236	1479
1238	1560
1239	1390
1240	1392
1242	1598
1243	1470
1245	1492
1246	1534
1248	1262
1249	1431
1249	1578
1250	1267
1250	1293
1250	1459
1251	1686
1252	1363
1254	1512
1257	1398
1257	1403
1258	1495
1260	1555
1261	1686
1262	1305
1263	1529
1264	1507
1265	1654
1267	1533
1268	1359
1268	1509
1269	1333
1269	1505
1270	1329
1271	1543
1274	1532
1274	1603
1278	1360
1278	1385
1278	1497
1280	1409
1281	1478
1282	1334
1286	1326
1287	1536
1289	1668
1291	1410
1292	1611
1293	1640
1295	1403
1296	1679
1298	1435
1298	1453
1298	1527
1301	1330
1301	1337
1301	1665
1302	1324
1303	1470
1303	1529
1303	1675
1304	1531
1305	1698
1308	1491
1309	1385
1310	1551
1310	1559
1311	1504
1311	1687
1312	1398
1312	1445
1313	1331
1313	1408
1313	1536
1313	1553
1314	1605
1316	1653
1317	1534
1319	1532
1319	1570
1322	1446
1322	1564
1330	1514
1333	1481
1334	1497
1337	1651
1338	1532
1338	1595
1339	1355
1340	1487
1340	1680
1341	1378
1341	1694
1342	1565
1342	1683
1344	1468
1347	1375
1348	1526
1351	1364
1351	1429
1351	1692
1352	1479
1356	1616
1356	1624
1359	1452
1359	1527
1359	1602
1359	1632
1360	1533
1361	1509
1361	1607
1362	1482
1362	1548
1362	1655
1362	1675
1364	1516
1365	1378
1366	1562
1367	1409
1367	1631
1369	1380
1370	1440
1372	1536
1372	1592
1373	1518
1374	1377
1374	1409
1374	1429
1377	1589
1377	1615
1381	1525
1382	1543
1382	1619
1385	1494
1386	1684
1387	1509
1387	1578
1388	1583
1390	1637
1392	1423
1394	1566
1395	1490
1396	1547
1398	1481
1399	1470
1399	1518
1399	1531
1400	1644
1401	1418
1402	1463
1402	1657
1402	1686
1403	1459
1407	1638
1408	1683
1409	1674
1410	1564
1411	1521
1412	1422
1412	1667
1414	1602
1415	1640
1416	1423
1417	1488
1419	1498
1422	1429
1422	1517
1425	1668
1426	1637
1427	1658
1427	1677
1432	1611
1434	1604
1434	1631
1435	1545
1436	1452
1436	1545
1439	1458
1442	1468
1445	1461
1445	1498
1445	1542
1445	1544
1450	1637
1451	1497
1453	1653
1454	1575
1456	1627
1457	1626
1458	1601
1460	1635
1462	1493
1464	1650
1466	1585
1468	1629
1470	1541
1470	1571
1471	1580
1473	1597
1476	1600
1477	1498
1483	1628
1486	1554
1489	1559
1490	1637
1493	1509
1497	1621
1498	1578
1499	1547
1501	1630
1503	1587
1505	1573
1508	1680
1512	1555
1512	1614
1513	1585
1516	1570
1520	1660
1522	1588
1525	1651
1527	1629
1530	1669
1535	1689
1539	1583
1540	1587
1543	1673
1544	1690
1547	1672
1550	1614
1552	1685
1558	1563
1576	1685
1583	1590
1583	1610
1583	1644
1587	1662
1589	1671
1591	1617
1591	1629
1593	1632
1597	1649
1602	1676
1605	1668
1606	1684
1609	1650
1615	1646
1624	1660
1648	1675