0	202
0	455
1	315
1	432
2	56
2	290
2	536
3	124
3	576
3	793
3	941
3	1185
3	1284
4	878
4	1413
5	68
5	73
5	141
5	189
5	871
5	1586
5	1606
6	1152
6	1459
6	1651
7	100
7	582
7	1237
7	1658
8	335
8	643
8	980
8	1244
8	1322
8	1384
9	370
9	1250
9	1563
9	1610
9	1654
10	1407
10	1531
11	334
11	641
11	1464
12	252
12	488
13	338
13	1127
13	1158
13	1363
14	29
14	1314
14	1538
14	1560
15	228
15	1562
16	153
16	654
16	1234
16	1686
17	323
17	1112
17	1117
17	1148
17	1410
18	41
18	89
18	795
18	949
18	999
18	1197
18	1245
18	1330
18	1417
19	286
19	427
19	434
19	531
19	594
19	981
19	1192
20	565
20	1297
20	1432
21	274
21	1182
21	1550
22	186
22	1594
23	1008
23	1279
23	1295
24	279
24	548
24	820
24	960
24	994
24	1618
25	32
25	936
25	991
25	1503
25	1627
25	1677
25	1678
26	941
27	1070
27	1323
27	1588
28	552
28	1346
29	248
29	854
29	935
29	1652
30	125
30	162
30	940
30	1162
30	1612
31	203
31	506
31	637
31	1108
31	1126
31	1138
32	407
32	522
32	1184
32	1331
32	1347
33	114
33	202
33	1019
34	495
34	1663
35	214
35	1197
35	1229
35	1233
36	596
36	817
37	307
37	364
37	642
37	893
37	1119
37	1357
37	1622
38	270
38	1670
39	848
39	876
39	948
39	997
39	1295
39	1599
40	1004
40	1216
40	1351
41	285
41	566
42	143
42	616
42	953
42	1405
42	1443
42	1570
43	1149
44	456
44	799
44	1208
44	1476
45	441
46	172
46	1512
47	1447
47	1676
48	1201
48	1391
48	1489
48	1523
48	1618
49	1417
50	185
50	913
51	200
51	1444
51	1477
52	762
52	1417
52	1500
53	776
53	898
54	751
54	1407
55	506
55	1011
55	1041
55	1277
55	1320
55	1379
56	190
56	504
56	872
57	80
57	1234
57	1342
57	1495
58	669
58	1000
58	1368
58	1649
59	382
59	944
59	1538
60	1652
61	220
61	757
61	1129
62	317
62	356
62	991
62	1097
63	246
63	452
63	476
63	928
63	1260
64	389
64	616
64	1029
65	284
65	1112
65	1302
65	1492
66	329
66	1301
66	1381
66	1540
66	1653
67	526
67	581
67	615
67	804
67	819
67	867
67	1427
68	1376
68	1554
68	1588
69	96
69	350
69	384
69	496
69	1299
70	1340
71	496
71	558
71	730
71	1074
71	1373
71	1413
72	524
72	700
72	989
72	1300
72	1582
73	179
73	977
73	1230
73	1459
74	224
74	643
74	880
74	1414
75	1084
75	1592
76	385
76	420
76	502
76	1225
76	1275
77	755
78	1149
78	1317
78	1427
79	1140
79	1567
80	87
80	1068
80	1318
80	1490
81	389
81	471
81	488
81	958
82	540
82	788
82	1203
83	133
83	292
83	323
83	645
84	844
84	1549
85	1163
85	1262
85	1470
85	1534
86	814
86	1155
87	352
87	1572
88	119
88	243
88	1418
89	325
89	1133
89	1303
89	1463
89	1550
90	391
90	670
90	1168
91	835
92	446
93	170
93	1160
93	1166
94	124
94	184
94	532
94	615
94	725
95	99
95	505
95	945
95	1123
95	1480
96	494
96	501
96	574
96	1187
96	1353
96	1365
96	1489
97	783
97	820
97	1056
97	1205
97	1250
98	159
98	566
98	747
98	875
98	1300
98	1488
98	1543
99	218
99	619
100	1259
100	1531
101	235
101	536
101	571
101	1064
102	650
102	1058
102	1328
102	1466
102	1490
103	674
103	877
103	1197
104	777
104	1025
104	1070
104	1659
104	1672
105	399
105	412
105	885
105	888
105	1592
106	253
106	1114
106	1396
106	1504
107	140
107	482
107	741
107	868
107	1505
107	1623
108	161
109	159
109	545
109	890
109	1445
110	200
110	461
110	477
110	880
110	1183
110	1440
111	260
111	321
111	470
111	647
111	1211
111	1676
112	1113
112	1300
113	744
113	800
113	1147
113	1277
114	283
114	452
114	671
114	752
114	1336
115	219
115	382
115	463
115	688
115	692
115	757
116	163
116	213
116	439
116	672
116	1121
116	1176
117	501
117	674
117	794
117	985
118	875
118	902
118	1217
118	1245
119	602
119	623
120	675
120	927
120	1054
120	1115
120	1475
121	819
121	864
121	975
121	1535
122	203
122	218
122	262
122	716
122	801
122	1126
122	1232
122	1672
123	487
123	1360
123	1663
124	892
124	960
124	1198
125	999
125	1057
125	1403
125	1524
125	1555
125	1684
126	191
126	351
126	811
126	1336
126	1440
127	559
127	663
127	885
127	1613
128	295
128	887
128	1562
129	318
129	339
129	492
129	1385
129	1448
129	1633
130	1440
130	1455
130	1662
131	753
131	1203
132	290
132	362
132	702
132	1485
133	324
133	1240
133	1496
133	1579
134	361
134	465
134	633
134	856
134	1025
134	1344
134	1597
135	488
135	689
135	880
136	446
136	996
136	1506
137	212
137	538
137	845
137	994
138	474
138	976
138	1179
138	1249
139	201
139	576
139	598
139	706
139	860
139	1249
140	904
140	970
141	424
142	591
142	626
142	1078
142	1335
142	1673
143	390
143	1386
144	543
144	898
144	1602
145	306
145	872
145	1375
146	1085
146	1234
146	1351
146	1628
147	236
147	278
147	286
147	719
147	1029
148	307
148	548
148	668
148	1019
148	1301
148	1396
149	194
149	222
149	621
149	1204
149	1235
149	1238
149	1540
150	183
150	1170
151	1109
151	1157
152	595
152	612
152	1359
153	956
153	1060
153	1576
154	502
155	312
155	435
156	232
156	526
156	593
156	1336
156	1662
157	538
157	633
157	926
157	1202
157	1211
157	1503
158	608
159	387
159	997
159	1583
160	947
160	1355
160	1540
160	1658
161	677
161	910
161	1227
162	214
162	598
162	624
162	720
162	1400
162	1411
163	604
163	728
163	1011
163	1115
163	1358
164	456
164	478
164	772
164	887
164	1012
164	1598
165	258
165	266
165	967
166	831
166	840
166	1053
166	1113
166	1218
167	473
167	938
168	615
168	679
168	946
168	1599
169	768
169	1328
169	1635
170	406
170	1104
170	1260
170	1465
170	1471
171	182
171	252
171	1136
171	1170
171	1366
171	1563
171	1566
172	516
172	672
172	811
172	935
172	1209
172	1223
172	1465
172	1490
173	323
173	1104
174	209
174	332
174	992
175	969
175	1064
176	620
176	802
176	1562
177	1180
177	1351
177	1539
178	869
178	1221
178	1297
178	1675
179	280
179	450
179	987
179	1341
179	1347
179	1351
180	471
180	711
180	776
180	1075
181	261
181	688
181	1511
182	351
182	764
182	842
182	1077
182	1094
182	1496
183	629
183	664
183	709
183	1005
183	1030
183	1035
184	609
184	1157
185	318
185	1519
186	1066
187	495
187	787
188	207
188	555
188	750
188	1045
188	1280
188	1287
189	867
189	956
189	1108
190	201
190	262
190	333
190	871
190	1364
190	1578
191	533
191	548
191	884
192	688
192	698
192	1050
192	1414
193	370
193	582
193	774
193	860
193	1083
193	1175
193	1178
193	1355
194	687
194	932
194	1340
194	1420
194	1524
195	1191
196	491
196	693
196	773
196	1197
196	1539
196	1591
196	1642
197	319
197	1213
197	1248
197	1548
197	1614
198	508
199	1027
200	722
201	239
201	329
201	1298
202	237
202	661
202	715
202	1535
203	1024
204	884
205	326
205	621
205	907
205	954
205	1138
205	1156
205	1482
205	1638
206	1078
206	1263
207	376
207	391
207	775
207	881
207	1095
207	1150
208	618
208	754
209	258
209	304
209	767
209	1360
210	619
210	626
210	854
211	686
211	720
211	1133
211	1659
212	678
212	775
212	1271
212	1370
212	1654
213	301
213	652
213	941
213	951
213	1284
214	286
214	321
214	426
214	634
215	420
215	439
215	724
215	1627
216	407
216	627
216	1012
216	1213
216	1529
217	628
217	630
217	904
217	1386
217	1639
218	887
218	1188
218	1692
219	523
219	863
219	881
219	1300
219	1496
219	1586
219	1646
220	317
220	528
220	716
220	1421
221	824
221	931
222	387
222	501
222	831
223	585
223	821
223	1031
223	1352
224	479
225	497
225	531
225	1355
225	1531
226	336
226	634
226	1179
226	1559
226	1686
227	447
228	506
228	812
228	1613
229	1030
229	1061
229	1475
230	1091
230	1354
230	1684
231	368
231	946
231	1046
232	278
233	293
233	436
233	1156
233	1349
233	1395
234	335
234	579
234	705
234	776
234	782
235	1016
235	1342
236	608
236	1388
237	426
238	1506
239	642
239	693
239	703
239	872
240	321
240	617
241	503
241	551
242	383
242	497
242	510
242	539
242	724
242	1165
242	1346
243	1254
243	1525
243	1565
244	429
244	668
244	764
244	1220
245	586
245	1015
245	1054
245	1089
245	1095
246	1133
246	1408
246	1471
246	1619
247	704
247	859
247	1093
248	920
248	953
248	1450
249	409
249	788
249	1000
249	1148
250	583
250	608
250	947
250	1061
250	1194
251	1633
252	532
252	693
252	859
252	967
252	1043
252	1519
252	1534
253	1219
253	1577
254	1510
255	301
255	937
255	1023
256	632
256	815
256	1347
256	1583
257	622
257	941
257	1149
257	1438
258	364
258	601
258	695
258	1131
259	260
260	342
260	503
260	1328
260	1513
261	445
261	766
261	1231
262	599
262	1604
263	531
263	630
263	1081
264	922
264	1021
264	1144
264	1375
264	1638
265	349
265	425
265	488
265	586
265	638
265	1193
266	426
266	660
266	764
266	1353
267	591
267	648
267	680
267	800
267	848
267	1073
267	1333
268	1053
269	340
269	1364
269	1569
269	1626
270	445
270	522
270	1221
271	883
271	1096
271	1353
272	433
272	475
272	569
272	901
272	1468
272	1485
272	1627
273	640
273	1234
273	1372
273	1683
274	752
274	840
274	1148
274	1505
274	1689
275	587
275	927
275	1210
275	1528
276	302
276	335
276	1083
276	1239
276	1352
276	1358
276	1507
277	442
277	499
277	569
277	900
277	1050
277	1601
278	1150
278	1175
278	1200
279	606
279	982
280	292
280	418
280	705
280	1195
281	362
281	1556
282	505
282	748
282	913
282	953
282	994
282	1044
282	1280
282	1622
282	1665
283	1085
285	339
285	1608
286	877
286	932
286	1287
287	1023
288	646
288	1053
288	1210
288	1668
289	1068
290	1342
291	794
291	1100
291	1342
291	1428
292	570
292	1278
292	1526
292	1652
293	765
293	940
293	1237
294	505
294	739
294	1052
294	1326
295	1054
295	1357
295	1444
295	1662
296	918
296	1377
297	587
297	736
297	1199
297	1481
297	1628
298	347
298	673
298	1521
299	594
299	1490
299	1699
300	522
300	1365
300	1377
301	1597
301	1642
302	1097
302	1128
302	1175
302	1260
302	1561
303	454
303	537
303	975
303	1049
304	493
304	820
304	1198
304	1490
304	1591
305	562
305	902
305	1259
305	1433
305	1607
306	388
306	785
306	1647
307	620
307	728
307	995
307	1011
307	1677
308	962
308	1461
308	1540
309	1578
310	988
311	506
311	622
311	697
311	793
311	958
311	1274
311	1405
311	1508
311	1593
313	427
313	1002
313	1153
313	1598
314	834
315	367
315	773
315	1046
315	1165
315	1371
315	1413
316	1603
316	1639
318	520
318	798
318	1470
319	903
319	970
320	1582
321	638
321	1035
322	665
322	1372
323	525
323	1211
324	1092
324	1139
324	1338
324	1542
324	1607
324	1610
324	1682
325	886
325	1058
325	1126
326	718
326	1358
326	1527
327	674
328	1294
329	372
329	567
330	492
330	665
330	854
330	1088
330	1430
331	812
331	1026
331	1230
331	1278
332	539
332	890
334	551
334	629
334	716
335	1628
336	562
336	602
336	907
336	1525
337	524
337	577
337	643
337	1248
338	1239
339	501
339	1364
339	1518
340	1412
341	1090
341	1292
342	403
343	922
343	990
344	1077
344	1212
344	1517
345	568
346	696
346	1273
347	1119
347	1339
348	351
348	383
348	907
348	1461
349	1427
349	1431
349	1521
349	1537
350	944
351	602
351	1398
352	408
352	1310
352	1415
353	880
353	1139
353	1214
353	1668
354	1457
355	872
355	1426
355	1609
356	1098
356	1309
356	1335
356	1456
357	490
357	1240
357	1575
358	638
358	1065
358	1483
358	1488
358	1548
359	788
359	1278
359	1359
359	1422
360	919
360	927
361	378
361	727
361	870
361	1032
361	1196
362	681
362	1426
363	782
363	842
363	880
363	1049
364	1001
364	1346
365	680
365	968
365	1034
365	1196
366	419
366	552
366	931
366	1656
367	1271
367	1497
367	1640
368	1049
368	1300
368	1421
369	594
369	1064
369	1103
370	425
370	575
370	1054
370	1445
370	1454
370	1521
371	731
372	744
373	746
373	1611
374	680
374	1475
374	1643
375	457
375	1096
376	491
376	865
376	1688
377	622
377	979
378	520
378	1245
379	568
379	1293
379	1476
380	537
380	1329
381	765
381	1558
382	871
382	894
382	903
382	1672
383	975
383	1375
383	1445
383	1639
384	1088
384	1348
384	1379
384	1469
384	1502
384	1654
385	1255
385	1416
385	1435
386	507
386	913
386	1000
386	1345
386	1621
387	1245
388	936
388	1404
389	879
389	1283
389	1463
390	535
390	1623
391	642
391	684
391	852
391	1279
392	816
392	968
392	1466
393	1653
394	504
394	619
394	754
395	552
395	1025
395	1069
395	1208
395	1485
396	1349
397	489
397	1324
398	1248
399	1519
400	510
400	767
400	1224
400	1437
401	519
401	815
401	862
401	930
402	953
403	452
403	577
403	967
403	1259
403	1509
404	525
404	760
404	1668
404	1686
405	1681
406	601
406	710
406	1669
407	945
407	1472
408	624
409	593
409	1218
409	1483
409	1640
410	493
410	1578
411	441
411	1103
411	1454
411	1689
411	1697
412	576
412	922
412	1031
412	1508
413	1030
413	1449
413	1526
414	771
414	915
414	1355
415	467
415	486
415	591
415	1088
415	1171
416	746
416	832
417	1427
417	1521
417	1672
418	554
419	591
419	709
419	1031
419	1274
419	1422
420	679
420	846
420	1078
420	1128
420	1240
421	1254
422	887
422	1146
422	1151
422	1381
423	776
423	1384
423	1393
424	729
424	831
425	897
425	1652
426	1265
427	1435
428	524
428	1214
428	1333
428	1570
429	1544
430	437
430	1092
430	1344
430	1525
430	1603
431	964
431	983
431	1162
431	1382
432	638
432	787
433	1049
433	1317
433	1523
433	1527
434	757
434	793
434	1021
436	1129
436	1136
436	1403
437	866
438	1038
439	1145
440	1517
442	523
442	718
443	512
443	805
443	957
443	1096
443	1113
443	1227
444	539
445	854
445	875
445	1131
446	835
446	882
446	1020
446	1279
446	1435
447	1169
447	1274
447	1549
448	864
448	1361
448	1404
448	1578
449	944
451	512
451	773
451	876
451	1048
451	1157
451	1459
451	1470
451	1657
452	760
452	1306
452	1430
452	1561
452	1672
453	809
453	1564
454	566
454	826
454	1004
454	1405
455	857
455	1427
455	1562
455	1596
456	896
456	1121
456	1291
457	1181
457	1430
458	1323
458	1625
459	1674
460	498
460	597
460	1634
461	1194
461	1259
462	893
462	909
462	1035
462	1051
462	1651
463	890
463	1127
463	1459
464	656
464	755
464	782
464	875
464	961
464	1056
465	699
465	748
465	1340
465	1462
466	474
466	1387
467	751
467	755
467	1078
467	1084
467	1359
468	793
468	826
468	940
468	1036
468	1337
468	1580
469	509
469	701
469	922
469	1058
469	1377
470	831
470	1075
470	1151
470	1195
471	647
471	901
471	1299
472	983
472	1632
473	487
473	734
473	1175
473	1365
473	1644
474	516
474	686
474	1066
474	1158
474	1323
475	529
475	709
475	1073
475	1590
476	1534
476	1565
477	892
477	938
477	984
477	1083
477	1296
478	1540
478	1577
479	486
479	649
479	851
479	1015
479	1104
479	1410
479	1465
479	1573
480	639
480	873
480	925
480	1258
480	1581
481	488
481	1249
481	1502
481	1603
482	685
482	1668
483	883
483	1166
484	675
484	756
484	870
484	1646
485	896
485	1203
485	1647
486	901
486	914
487	679
487	998
487	1214
487	1414
488	1343
489	523
490	1356
490	1685
491	665
491	765
491	966
491	1574
491	1656
492	493
492	1210
492	1266
492	1653
493	637
493	746
493	1532
494	1607
495	922
495	1032
495	1186
495	1383
495	1626
496	930
496	944
496	975
496	1385
497	665
497	681
497	772
497	1113
497	1173
497	1292
498	602
498	670
498	677
498	1140
499	579
499	966
499	1312
499	1535
500	764
500	971
500	1204
500	1308
500	1311
500	1640
501	543
501	1369
502	719
503	821
503	1202
504	1413
504	1475
505	733
505	781
505	827
505	860
505	967
505	1224
506	576
506	759
506	879
506	884
507	596
507	924
507	993
507	1062
507	1098
507	1514
507	1644
508	567
508	719
508	811
508	819
508	900
508	1267
509	695
509	1156
509	1178
510	559
510	636
510	1529
510	1696
511	1251
512	956
513	690
513	776
513	801
513	1681
514	1544
514	1673
515	644
515	814
515	836
515	1343
516	607
517	1081
517	1122
517	1567
517	1614
517	1620
517	1622
518	683
518	818
518	1248
518	1499
519	527
519	799
519	829
519	1344
519	1537
520	537
520	577
520	722
520	1123
520	1188
520	1269
520	1439
520	1539
520	1685
521	845
521	1447
522	609
522	1104
522	1466
522	1644
523	847
524	818
524	849
524	1078
524	1224
525	622
525	997
525	1045
525	1416
526	756
526	1250
527	904
527	1091
527	1207
527	1445
528	1202
528	1333
529	632
529	1166
530	1571
532	928
532	1019
532	1483
533	1071
534	901
534	1164
535	836
535	1406
536	573
536	822
537	877
537	1274
537	1607
538	768
538	1094
538	1571
539	587
539	774
539	828
539	1100
540	901
540	1397
540	1514
541	1028
541	1109
541	1511
541	1585
542	644
543	1130
543	1221
544	756
544	999
544	1131
545	705
545	855
545	1187
546	597
546	762
547	1245
547	1608
547	1682
548	645
548	670
548	1057
549	1295
549	1497
550	820
550	1204
550	1531
551	607
552	1010
552	1603
553	603
553	734
553	1249
553	1320
553	1383
554	797
554	1256
555	1650
556	740
556	1398
557	1064
557	1527
558	1604
559	1089
560	913
561	783
561	1435
562	625
562	726
562	843
562	938
562	1406
562	1483
562	1589
563	602
563	1514
563	1523
563	1545
563	1600
564	984
564	1223
565	1044
565	1471
566	1460
566	1536
566	1560
567	990
567	1158
568	1165
568	1317
568	1575
570	792
570	1127
570	1407
571	1035
571	1345
572	668
572	982
572	1349
572	1603
573	1162
573	1280
573	1524
573	1589
575	1406
576	1036
577	1617
578	1084
578	1362
579	837
579	862
579	1030
579	1090
579	1125
580	650
580	1692
582	1044
582	1321
582	1459
582	1639
583	649
583	893
583	924
583	1213
584	762
584	1328
584	1584
585	1212
586	1005
586	1194
586	1559
587	796
587	1209
587	1225
588	1047
589	799
589	1459
590	966
590	1045
590	1054
591	847
591	992
591	1109
591	1111
591	1232
592	795
592	1112
592	1406
593	631
594	788
595	1255
595	1416
595	1438
595	1445
595	1670
596	748
596	852
596	904
596	1246
596	1266
597	1669
598	892
598	1464
598	1608
598	1690
599	1204
599	1568
600	622
600	657
600	700
600	911
600	1323
601	656
601	765
601	1060
602	880
602	886
602	1068
603	768
604	733
604	817
604	1299
605	1395
606	757
606	1294
607	712
607	785
607	1298
608	704
608	1463
608	1664
609	642
609	698
609	1211
609	1639
609	1643
610	762
610	1571
611	687
611	1600
612	1011
612	1152
612	1224
612	1247
613	724
613	938
613	1460
614	1235
614	1236
614	1636
615	756
615	939
615	1150
616	654
616	685
617	789
617	1365
618	743
618	984
619	1034
619	1226
619	1658
620	926
621	778
621	864
621	1686
622	874
622	913
622	1376
623	1398
623	1537
624	924
624	970
624	1264
625	712
625	1320
626	1314
627	1101
628	641
628	1501
628	1630
629	1182
629	1591
630	921
630	1091
630	1212
630	1434
631	1174
631	1520
632	1566
633	955
633	1052
633	1189
633	1525
633	1623
634	653
634	944
634	1004
634	1491
634	1496
634	1675
635	1109
635	1430
635	1467
635	1590
636	1561
637	947
637	1142
638	676
638	1132
638	1213
638	1258
638	1341
639	1322
640	668
640	1623
641	1049
642	821
642	1092
642	1129
642	1226
642	1260
642	1690
643	1262
643	1370
644	775
644	1089
644	1347
645	693
645	859
645	1299
645	1516
645	1594
645	1638
645	1647
646	774
647	1501
648	948
649	1583
650	894
650	1006
650	1332
650	1415
651	999
651	1127
651	1186
651	1541
652	834
653	1487
653	1589
653	1640
655	1456
656	1257
656	1448
657	778
657	946
657	1211
657	1441
657	1665
658	740
658	826
658	979
658	1119
658	1206
658	1366
659	773
659	1644
659	1686
660	729
660	850
660	1149
660	1502
661	1332
662	748
662	1307
662	1472
662	1492
663	1121
664	1487
665	1068
665	1366
665	1556
666	754
666	1133
667	670
667	858
667	1142
667	1177
667	1266
667	1335
667	1586
667	1624
668	1003
668	1179
668	1208
669	1094
669	1261
669	1550
669	1633
670	1554
671	1047
671	1323
672	682
672	1109
672	1142
672	1217
672	1236
672	1509
672	1554
672	1697
673	1017
673	1061
673	1575
674	992
674	1049
674	1250
674	1582
675	700
675	1628
676	905
676	973
676	1014
676	1107
677	909
677	966
677	1120
679	1315
680	937
680	1149
680	1336
680	1401
681	855
681	998
681	1028
682	1418
683	872
683	1225
683	1381
684	878
684	1394
685	958
685	1461
686	1465
687	697
687	1015
687	1513
688	1432
689	704
689	1032
689	1293
689	1298
689	1321
690	1068
690	1078
690	1176
690	1405
690	1537
690	1552
691	1030
691	1063
692	824
692	1269
692	1619
693	1448
694	814
694	930
695	712
695	1055
695	1261
695	1474
695	1490
696	1512
696	1561
696	1664
697	769
697	1620
698	712
698	1313
699	1337
700	914
700	1270
701	866
701	1036
701	1252
701	1463
702	932
703	771
703	1175
703	1267
703	1417
703	1658
704	751
704	846
704	1642
705	1120
706	824
706	862
706	947
706	1003
706	1061
706	1291
706	1483
707	979
707	1078
708	952
708	1243
708	1634
709	797
709	1364
709	1624
710	751
710	1178
710	1694
711	969
711	1208
711	1360
711	1413
711	1473
713	1600
714	1222
714	1527
714	1580
714	1587
714	1668
715	812
716	883
716	1093
716	1124
717	822
717	824
717	1176
717	1358
718	1039
718	1056
718	1104
718	1259
718	1377
718	1404
718	1555
719	1006
719	1027
720	1335
721	798
721	963
722	756
722	980
722	1320
722	1481
723	1230
724	780
724	1235
725	759
725	1358
725	1408
726	1255
726	1442
728	1070
729	909
729	985
729	1534
729	1549
729	1586
729	1659
729	1660
730	1014
730	1363
730	1455
731	891
731	1365
731	1397
731	1445
732	797
733	867
733	1001
734	987
735	981
736	1154
736	1185
736	1379
736	1424
736	1654
737	868
737	1202
737	1245
737	1663
738	875
738	1172
738	1309
738	1335
738	1413
740	939
740	1403
740	1509
740	1520
741	1284
741	1325
741	1338
742	965
742	1082
742	1094
742	1116
742	1405
742	1662
743	1521
744	1693
745	918
745	929
745	1182
745	1332
745	1627
746	1042
746	1197
747	1033
747	1669
748	1173
749	1214
750	833
750	1596
751	939
751	1663
752	903
752	1454
753	781
753	1001
754	935
754	1661
755	780
757	838
757	958
757	1551
758	947
758	1195
759	902
759	1489
760	1300
760	1334
760	1362
760	1431
761	802
761	1507
761	1513
762	1667
763	1509
763	1575
764	1360
764	1420
764	1693
765	1149
765	1425
766	856
766	1135
767	1570
767	1615
767	1629
768	1468
768	1500
769	881
770	897
770	1093
770	1182
770	1566
772	871
772	934
772	973
772	1045
772	1332
772	1656
773	830
773	1248
773	1353
774	858
774	1023
774	1473
774	1655
775	1060
775	1132
775	1292
776	981
777	891
777	966
777	1165
778	906
778	1193
778	1560
779	1253
779	1459
779	1496
780	788
780	833
780	956
780	1498
781	1172
781	1187
782	966
782	1064
782	1487
783	1028
783	1664
784	1223
785	1067
785	1295
786	1381
786	1423
789	1020
790	1075
791	1466
791	1521
792	1173
792	1328
792	1486
793	834
793	1537
793	1682
794	925
794	967
794	1074
794	1187
795	1017
795	1491
797	929
797	1394
797	1466
797	1504
798	1053
799	850
799	905
799	1070
799	1131
799	1148
799	1192
799	1374
799	1511
802	1511
802	1673
803	1135
803	1155
804	908
804	1168
804	1362
806	993
806	1456
806	1608
806	1648
807	1667
808	1101
809	1031
810	1271
810	1672
811	1533
811	1619
812	1450
813	1018
813	1120
813	1599
816	1001
816	1498
816	1648
816	1664
817	980
817	1683
818	1166
818	1677
820	870
820	1339
820	1521
821	1182
821	1395
821	1557
821	1593
822	1252
822	1384
823	1309
824	1003
824	1390
825	969
825	1605
825	1659
826	833
826	1300
826	1672
827	1046
827	1109
828	1436
829	848
829	1392
830	1283
831	1362
831	1377
832	1011
832	1056
832	1341
833	861
833	1394
834	836
834	1275
834	1665
835	1014
835	1534
836	1471
836	1614
837	1025
837	1405
838	1236
839	1041
839	1421
841	922
842	1384
843	1295
844	849
844	865
844	998
844	1064
844	1220
844	1548
844	1643
845	894
845	1099
845	1172
846	1515
847	972
848	1411
849	1497
849	1619
850	938
850	1035
850	1298
850	1497
852	1024
852	1378
852	1521
853	1545
854	1038
854	1476
855	912
855	1024
856	1160
857	1173
858	1028
858	1076
858	1482
859	1431
859	1490
860	1657
861	1250
861	1288
861	1432
861	1688
862	962
862	1080
862	1303
862	1653
863	1058
863	1205
863	1690
863	1692
866	1089
866	1400
866	1552
867	1098
867	1412
867	1616
867	1659
868	945
868	1110
868	1512
868	1699
869	1127
871	1066
871	1114
872	964
873	1399
875	1193
875	1308
875	1538
875	1691
876	941
876	1137
876	1193
876	1493
876	1513
877	1012
877	1497
877	1646
879	1673
880	1155
880	1181
881	1502
881	1584
882	920
882	1001
882	1098
883	1564
884	1108
884	1504
884	1508
887	1651
889	1508
890	1291
890	1460
890	1535
891	1320
891	1474
891	1567
891	1583
891	1694
892	1142
895	951
895	1224
896	1157
896	1265
897	1062
897	1132
897	1688
898	1166
898	1306
898	1460
899	1689
900	1497
901	978
901	1023
901	1361
901	1476
901	1484
902	923
902	1076
902	1154
902	1623
902	1629
903	1004
903	1316
903	1481
904	942
904	1007
904	1068
904	1152
905	973
905	1169
905	1400
907	987
907	1329
907	1682
908	1162
909	942
911	1282
911	1394
913	1318
914	1120
914	1584
914	1689
915	1059
915	1245
916	1174
916	1307
917	1141
917	1287
919	1076
919	1105
920	1291
921	978
921	1213
921	1432
921	1450
921	1536
922	1195
922	1633
923	1563
923	1666
924	958
924	1171
924	1268
925	1592
925	1648
926	1000
926	1147
926	1299
927	1085
927	1595
928	1210
928	1339
928	1535
929	998
929	1139
929	1343
930	1003
930	1440
931	1150
931	1427
932	1175
932	1596
933	1135
933	1180
933	1649
934	1446
935	1196
936	984
936	1526
936	1591
937	1307
938	1360
940	1169
941	1175
942	1328
943	1280
943	1494
944	1108
944	1254
944	1471
945	1173
945	1395
945	1520
947	1248
948	997
948	1104
948	1249
948	1412
948	1507
949	1345
949	1554
949	1690
950	1153
950	1527
951	1087
951	1380
952	1118
952	1650
953	1091
953	1233
953	1310
954	1686
956	1100
956	1290
956	1376
957	1042
957	1418
958	1020
958	1049
958	1177
958	1346
959	1063
960	1072
961	1307
961	1582
962	1344
965	1027
965	1134
965	1469
965	1495
966	1131
968	979
968	1677
969	1007
969	1506
969	1629
969	1638
970	1353
970	1489
971	1459
973	1236
973	1395
973	1571
974	1154
975	1150
975	1580
976	1548
978	1674
979	1296
979	1415
979	1535
980	1467
981	1064
981	1070
981	1489
982	1183
983	1242
983	1531
983	1693
984	1475
984	1575
984	1644
984	1657
985	1427
985	1576
985	1640
986	1111
986	1478
987	1586
987	1641
988	1670
989	1691
993	1080
994	1212
995	1312
995	1647
996	1102
996	1187
996	1190
996	1327
996	1388
997	1057
997	1132
997	1163
997	1267
997	1461
997	1680
998	1216
999	1342
1000	1042
1000	1551
1001	1244
1003	1538
1003	1539
1003	1672
1004	1007
1005	1317
1005	1589
1006	1211
1008	1430
1008	1591
1009	1109
1009	1483
1010	1078
1011	1622
1012	1035
1012	1343
1012	1496
1013	1369
1014	1025
1016	1476
1016	1677
1017	1186
1017	1416
1018	1169
1021	1129
1021	1396
1021	1626
1022	1357
1022	1481
1023	1358
1023	1363
1024	1198
1025	1259
1025	1346
1026	1353
1026	1391
1027	1032
1027	1035
1027	1279
1027	1327
1027	1338
1027	1354
1027	1553
1029	1051
1029	1070
1030	1632
1031	1245
1031	1407
1032	1137
1032	1413
1032	1495
1032	1552
1032	1694
1033	1373
1033	1402
1035	1220
1036	1243
1036	1559
1037	1196
1037	1200
1037	1217
1037	1285
1037	1564
1037	1688
1039	1263
1039	1531
1040	1660
1041	1226
1041	1469
1041	1682
1042	1609
1043	1216
1043	1434
1044	1232
1046	1417
1047	1054
1047	1110
1049	1595
1050	1387
1052	1335
1052	1421
1053	1072
1053	1249
1053	1333
1054	1266
1054	1364
1055	1407
1056	1149
1057	1358
1057	1418
1057	1439
1058	1089
1058	1282
1058	1359
1058	1580
1059	1357
1059	1511
1060	1196
1061	1102
1061	1297
1061	1325
1061	1453
1061	1680
1062	1181
1062	1447
1064	1088
1064	1333
1065	1198
1066	1203
1066	1564
1066	1646
1068	1369
1068	1428
1068	1578
1069	1578
1069	1639
1070	1259
1070	1634
1071	1096
1072	1613
1074	1145
1074	1203
1075	1573
1076	1388
1076	1515
1077	1609
1078	1543
1079	1539
1080	1306
1081	1192
1081	1223
1081	1288
1083	1131
1083	1436
1083	1530
1084	1149
1086	1282
1086	1558
1087	1138
1087	1304
1087	1309
1087	1618
1088	1240
1088	1308
1088	1322
1088	1446
1088	1465
1088	1555
1089	1372
1089	1586
1090	1131
1090	1248
1091	1530
1092	1446
1093	1205
1095	1396
1095	1423
1095	1539
1096	1255
1097	1375
1098	1379
1099	1233
1099	1370
1099	1498
1100	1315
1101	1276
1101	1332
1102	1155
1102	1354
1102	1501
1103	1304
1103	1450
1104	1441
1104	1501
1105	1191
1105	1261
1105	1553
1106	1601
1107	1451
1108	1438
1108	1456
1109	1187
1109	1266
1109	1284
1109	1659
1109	1687
1111	1262
1112	1354
1114	1559
1114	1570
1115	1181
1115	1325
1116	1596
1119	1409
1119	1547
1120	1348
1121	1462
1122	1475
1122	1661
1123	1463
1123	1668
1124	1338
1125	1350
1126	1556
1127	1629
1129	1285
1130	1559
1131	1172
1131	1580
1131	1671
1132	1377
1132	1391
1132	1553
1133	1367
1133	1606
1134	1461
1134	1679
1135	1419
1135	1682
1136	1564
1138	1253
1138	1345
1138	1371
1139	1531
1140	1143
1141	1546
1142	1172
1142	1206
1142	1285
1142	1631
1143	1347
1143	1410
1143	1550
1143	1638
1143	1668
1144	1199
1144	1619
1146	1420
1147	1457
1148	1522
1148	1525
1148	1569
1149	1379
1151	1349
1151	1353
1151	1515
1151	1593
1152	1155
1153	1346
1153	1384
1155	1177
1155	1218
1155	1352
1155	1431
1155	1507
1155	1583
1156	1511
1157	1474
1158	1372
1158	1466
1159	1489
1160	1598
1161	1381
1161	1597
1162	1170
1162	1680
1164	1503
1165	1233
1167	1251
1167	1374
1171	1681
1172	1179
1172	1281
1172	1333
1173	1438
1173	1505
1174	1662
1175	1228
1175	1314
1175	1356
1176	1425
1176	1529
1177	1206
1177	1261
1177	1338
1178	1468
1179	1261
1180	1442
1181	1282
1181	1643
1181	1686
1182	1447
1185	1246
1186	1191
1186	1195
1186	1661
1188	1356
1188	1634
1188	1682
1190	1595
1191	1440
1192	1342
1192	1580
1193	1509
1194	1360
1194	1545
1198	1540
1200	1692
1201	1233
1201	1425
1201	1616
1202	1234
1202	1606
1202	1670
1203	1319
1203	1367
1203	1447
1207	1281
1208	1580
1209	1359
1209	1463
1211	1394
1211	1691
1213	1595
1215	1394
1215	1537
1215	1673
1216	1234
1216	1437
1217	1551
1218	1623
1219	1528
1220	1264
1220	1351
1222	1293
1227	1389
1227	1519
1230	1336
1230	1420
1230	1649
1232	1490
1233	1606
1234	1627
1235	1513
1235	1569
1237	1563
1238	1382
1239	1604
1239	1661
1241	1350
1241	1589
1241	1650
1241	1697
1244	1441
1244	1553
1247	1344
1247	1448
1249	1370
1249	1387
1250	1267
1250	1457
1253	1530
1254	1300
1255	1257
1255	1305
1256	1584
1258	1554
1258	1624
1259	1296
1263	1383
1263	1397
1263	1537
1267	1622
1269	1376
1270	1507
1271	1359
1271	1401
1271	1592
1272	1318
1273	1562
1275	1343
1276	1571
1277	1299
1277	1428
1278	1371
1279	1537
1282	1685
1283	1366
1285	1587
1286	1441
1289	1644
1291	1346
1291	1561
1292	1365
1294	1339
1294	1551
1295	1600
1296	1586
1296	1652
1297	1596
1300	1625
1301	1576
1302	1349
1302	1494
1302	1631
1308	1314
1310	1388
1310	1553
1310	1688
1311	1431
1311	1680
1312	1398
1313	1563
1314	1575
1316	1335
1318	1594
1318	1615
1319	1359
1323	1404
1324	1552
1327	1444
1330	1344
1334	1556
1334	1687
1335	1506
1335	1694
1336	1528
1336	1614
1337	1583
1338	1695
1344	1614
1344	1685
1345	1490
1346	1599
1346	1637
1347	1503
1347	1544
1348	1600
1349	1359
1349	1628
1350	1384
1353	1372
1353	1375
1353	1376
1353	1600
1354	1508
1355	1687
1356	1391
1356	1447
1357	1543
1357	1592
1358	1362
1358	1386
1358	1549
1358	1592
1358	1659
1360	1477
1360	1486
1361	1441
1362	1661
1362	1675
1362	1681
1365	1543
1366	1542
1367	1435
1367	1541
1372	1416
1377	1447
1378	1393
1384	1440
1386	1589
1387	1592
1389	1499
1391	1518
1391	1656
1392	1403
1392	1457
1392	1566
1393	1526
1393	1630
1395	1670
1403	1418
1405	1557
1405	1612
1406	1554
1410	1557
1410	1694
1411	1617
1414	1433
1416	1697
1418	1424
1418	1589
1418	1612
1418	1640
1419	1660
1419	1677
1421	1464
1421	1530
1421	1531
1422	1660
1423	1425
1423	1699
1424	1649
1424	1698
1429	1551
1429	1594
1430	1588
1430	1677
1436	1471
1437	1547
1438	1684
1438	1697
1440	1674
1444	1497
1444	1535
1445	1597
1447	1472
1447	1490
1448	1566
1450	1542
1451	1499
1452	1539
1452	1652
1453	1581
1454	1600
1454	1675
1456	1553
1456	1659
1457	1608
1457	1681
1458	1559
1458	1562
1459	1632
1460	1626
1463	1558
1467	1506
1472	1510
1475	1575
1478	1604
1479	1638
1481	1640
1482	1697
1483	1553
1483	1658
1484	1539
1488	1507
1488	1612
1488	1622
1493	1588
1495	1668
1499	1598
1500	1663
1502	1622
1503	1572
1504	1588
1505	1683
1507	1548
1512	1640
1513	1541
1517	1544
1517	1588
1517	1638
1520	1525
1531	1643
1537	1637
1538	1685
1545	1673
1546	1578
1551	1628
1553	1612
1554	1575
1555	1599
1555	1662
1559	1603
1562	1579
1563	1615
1566	1676
1571	1575
1572	1660
1580	1607
1591	1603
1591	1663
1595	1640
1600	1648
1605	1635
1609	1645
1628	1642
1632	1688
1642	1677
1643	1649
1650	1652
1656	1694
1674	1699