0	350
0	463
0	624
1	483
1	500
1	562
1	760
1	1240
2	102
2	823
2	1474
3	569
3	575
3	1086
3	1208
3	1212
4	150
4	163
4	506
4	1045
4	1626
5	148
5	295
5	697
5	702
5	999
5	1397
5	1487
6	655
6	1518
7	328
7	726
8	189
8	479
8	667
8	668
8	910
8	1215
9	397
9	488
9	1109
9	1350
10	299
10	910
10	924
11	958
11	1089
11	1194
12	154
12	713
12	1093
12	1316
13	74
13	218
13	415
13	759
13	1466
14	262
14	1166
14	1477
14	1677
15	237
15	280
15	562
15	1299
15	1361
15	1403
15	1587
16	137
16	306
16	887
16	955
16	1620
17	82
17	535
17	686
17	1037
17	1416
17	1457
18	36
18	143
18	1482
19	533
19	1228
19	1275
19	1699
20	472
20	516
20	909
20	1458
20	1533
20	1570
21	132
21	303
21	712
21	722
21	913
21	1303
21	1493
22	25
22	76
22	474
22	576
23	157
23	297
23	492
23	517
23	1062
23	1360
24	371
24	987
24	1602
25	569
25	994
26	54
26	1062
26	1625
26	1688
27	1249
27	1677
28	1102
28	1248
28	1258
28	1610
29	312
29	1244
29	1544
29	1617
30	705
30	1393
31	890
31	1002
31	1199
31	1545
32	984
32	1396
33	68
33	212
33	1243
33	1335
34	301
35	101
35	311
35	450
35	956
35	1499
36	237
36	431
36	845
36	1386
36	1628
37	373
37	576
37	1258
37	1363
37	1383
38	570
38	1395
38	1499
39	1054
39	1180
39	1356
39	1436
40	253
40	539
40	622
40	698
40	1105
40	1373
41	606
41	1201
42	475
42	538
42	644
42	1007
42	1413
43	767
43	960
43	1083
43	1620
43	1689
44	158
44	249
44	308
44	1380
44	1458
44	1645
45	140
45	360
45	1082
45	1523
46	851
47	161
47	923
48	420
48	486
48	1308
48	1594
49	420
49	456
49	906
49	1101
49	1314
49	1417
50	502
50	599
50	639
50	724
50	1339
51	999
51	1379
52	372
52	464
52	734
52	997
52	1198
52	1399
52	1522
53	206
53	247
53	607
53	690
53	719
54	755
55	193
56	142
56	352
56	456
56	587
56	916
56	949
56	953
56	1035
56	1209
56	1563
56	1689
57	512
57	620
57	725
57	1249
57	1254
57	1335
58	1037
58	1446
59	1112
59	1364
60	90
60	270
60	600
60	1387
61	83
61	149
61	720
61	1371
62	737
62	808
62	1045
63	576
63	730
63	1341
63	1584
64	774
64	1306
64	1604
65	114
65	139
65	1641
66	267
66	534
66	1455
67	336
67	580
67	848
67	1630
68	502
68	582
68	1088
68	1136
68	1380
68	1564
69	922
69	1104
69	1126
69	1332
70	223
70	1534
70	1548
71	461
71	882
71	983
72	409
72	1532
73	268
73	521
73	591
73	854
73	1534
74	485
74	761
74	821
74	860
74	1236
74	1457
74	1529
74	1604
74	1641
75	501
75	958
75	1501
75	1540
75	1665
76	256
76	562
76	607
76	949
76	1239
76	1420
76	1636
77	634
77	1308
77	1376
77	1520
78	199
78	362
78	391
78	829
78	885
78	945
78	1231
79	744
79	872
79	1383
80	319
80	532
80	735
80	1504
80	1518
80	1523
81	569
81	801
81	1346
81	1426
81	1475
82	591
82	799
82	814
83	929
83	1564
84	602
84	1173
84	1226
84	1363
84	1402
85	316
85	362
85	738
85	1294
86	353
86	412
86	611
86	1050
87	103
87	1336
88	188
88	1223
88	1253
89	1634
90	326
90	348
90	361
90	1494
91	788
91	1174
91	1408
92	140
92	565
92	1079
92	1365
92	1592
93	147
93	344
93	847
93	1691
94	352
94	510
94	919
94	1559
95	262
95	1253
96	217
96	1236
96	1271
96	1287
96	1312
96	1410
96	1441
96	1602
97	574
97	846
97	967
97	1507
98	859
98	951
98	1477
98	1484
98	1637
98	1690
99	254
99	1219
99	1458
100	450
100	759
100	1060
101	985
102	813
102	875
102	906
102	1134
102	1525
103	141
103	1298
103	1685
104	666
104	1635
105	194
105	445
105	645
105	1081
105	1195
105	1509
106	109
106	1046
106	1232
107	445
107	1028
107	1045
108	920
108	1340
110	291
110	564
110	691
110	1101
111	729
111	1140
111	1454
111	1578
111	1634
111	1678
112	237
112	571
112	878
112	1184
112	1507
112	1656
113	297
113	734
113	828
113	1465
113	1614
114	243
114	636
114	1164
114	1281
114	1392
114	1411
114	1610
115	161
115	515
115	518
116	442
116	569
116	1190
116	1431
117	281
117	733
117	947
118	452
118	774
118	977
118	1013
118	1153
118	1188
118	1212
118	1406
119	663
119	720
119	798
120	462
120	561
120	619
120	1104
120	1404
120	1437
121	763
122	468
122	1339
122	1506
123	338
123	491
123	793
123	1311
124	861
125	909
125	1207
125	1245
125	1666
126	226
126	1055
126	1377
126	1483
126	1576
126	1699
127	1364
128	164
128	593
128	1535
129	512
130	583
130	896
130	1671
131	1013
131	1274
131	1512
132	884
133	315
133	743
133	1014
134	252
135	172
135	503
135	1135
135	1149
135	1416
136	413
136	636
137	363
137	830
138	147
138	494
138	972
139	910
139	1251
140	163
140	1478
141	580
141	662
141	1657
141	1684
142	502
142	1043
142	1348
142	1407
143	308
143	334
143	503
143	610
143	622
143	1204
143	1343
144	492
144	1253
144	1409
145	254
145	421
145	458
145	1336
145	1343
146	301
146	756
146	819
146	1085
146	1456
147	405
147	424
147	668
147	1477
148	174
148	185
148	608
148	764
148	888
148	1036
149	369
149	733
149	1234
149	1383
150	634
151	233
151	398
151	905
152	262
152	419
152	569
152	853
152	881
152	1102
152	1334
152	1551
153	170
153	260
153	470
153	1138
153	1226
154	169
154	593
154	773
154	1081
154	1489
154	1634
155	316
155	376
155	602
155	719
156	549
156	661
156	730
156	1246
156	1367
156	1449
156	1509
157	173
157	848
157	1020
157	1090
157	1273
158	467
159	338
159	716
159	996
159	1215
160	255
160	655
160	692
160	1305
160	1675
161	371
161	671
161	1189
161	1635
162	664
162	892
163	194
163	413
163	673
163	782
163	1493
163	1634
163	1652
164	533
164	849
164	1405
165	294
165	414
165	473
165	543
165	907
166	844
166	1053
167	605
167	892
168	873
168	1352
168	1685
169	566
170	1382
170	1518
171	1497
172	549
172	704
172	842
172	873
173	322
173	714
173	781
173	858
173	1206
173	1605
173	1610
174	301
174	804
175	857
175	1074
175	1254
175	1351
176	972
176	1309
176	1445
177	391
177	787
177	1321
178	1286
179	190
179	1269
180	751
180	774
180	843
180	1186
181	740
181	1159
181	1307
181	1385
182	1607
183	450
183	734
183	1183
183	1637
184	523
184	1308
185	202
185	725
185	768
186	295
186	429
186	733
187	294
187	802
187	1032
187	1239
188	945
188	1041
188	1419
188	1577
189	610
189	841
189	1450
189	1648
190	395
190	514
190	931
190	959
190	1073
191	1422
192	389
192	525
192	555
192	1295
192	1438
192	1588
193	402
193	933
193	1147
193	1218
193	1439
194	215
194	316
194	1413
195	1227
196	482
196	1197
197	532
197	650
197	1003
198	528
198	738
198	1157
198	1272
198	1553
199	1005
199	1021
199	1095
199	1312
200	529
200	1314
201	1319
201	1385
201	1528
202	328
202	934
202	1169
202	1498
203	700
203	1597
204	329
204	1234
204	1344
204	1662
205	1166
206	308
206	584
206	1090
207	344
207	504
207	1054
207	1295
207	1514
207	1532
207	1620
208	540
208	582
208	1050
208	1219
209	260
209	394
209	732
209	936
209	1199
209	1279
209	1614
209	1687
210	259
210	800
210	878
210	1367
211	1606
212	1123
212	1569
213	394
213	817
213	875
214	239
214	928
214	1607
215	1491
216	650
216	869
216	1658
217	372
217	442
217	693
217	1005
217	1031
217	1115
217	1194
217	1265
218	336
218	1205
218	1270
218	1352
218	1589
219	414
219	1202
219	1217
219	1540
220	267
220	452
220	488
220	531
220	778
220	1634
221	1224
221	1500
222	294
222	764
222	854
222	1551
224	521
224	561
224	883
224	1358
224	1525
225	1534
226	316
226	718
226	1008
226	1115
226	1321
227	1213
228	805
228	878
228	993
228	1205
228	1354
229	231
229	482
229	588
229	669
229	1658
230	250
230	1242
230	1586
231	324
231	618
231	1443
231	1699
232	766
232	1329
232	1659
233	984
233	1162
234	642
234	864
234	1263
234	1283
235	307
235	429
235	714
235	1372
236	762
236	831
236	1211
236	1358
237	442
237	1380
237	1509
238	281
238	319
238	610
238	880
238	1018
239	768
239	1689
240	531
240	1005
241	468
241	527
241	649
241	1075
241	1496
242	702
242	1288
243	703
243	815
244	348
244	493
244	1275
244	1489
245	656
245	984
245	1282
246	635
246	649
246	1010
247	404
248	541
248	827
248	1666
249	251
249	907
250	390
250	413
250	612
250	777
250	1451
251	635
251	742
251	846
251	936
251	974
251	997
251	1236
252	534
252	765
252	1066
253	292
253	890
253	1125
253	1199
253	1329
253	1503
254	575
254	784
254	953
254	984
254	1049
254	1273
254	1299
255	784
256	467
256	513
256	677
256	1011
256	1488
257	594
258	300
258	318
258	374
258	629
258	933
259	439
259	784
259	1003
259	1588
260	847
260	1341
261	1522
262	586
262	800
262	849
262	924
262	974
262	1019
262	1174
263	411
263	1175
263	1459
264	319
264	411
264	467
264	497
264	958
264	1014
264	1054
264	1202
264	1300
264	1315
264	1413
264	1585
265	411
265	753
265	1092
265	1518
266	285
266	453
266	1122
266	1228
267	334
267	493
267	1565
268	288
268	823
268	1283
269	275
269	280
269	528
269	938
269	1121
270	483
270	1190
270	1299
270	1512
270	1515
271	451
271	612
271	653
271	889
271	925
272	309
272	648
272	825
272	844
272	916
272	950
273	471
273	758
273	778
273	1172
273	1338
273	1576
274	911
274	1353
275	375
275	712
276	297
276	467
276	880
276	1101
276	1455
277	829
277	1155
277	1670
278	1389
279	541
279	548
279	720
279	1540
279	1547
279	1644
279	1650
279	1687
280	323
280	958
280	1632
281	1387
281	1674
282	377
282	563
282	1506
283	295
283	777
283	986
283	1054
283	1212
284	621
284	1115
284	1371
284	1427
284	1606
285	548
285	634
285	1255
286	805
286	974
286	1594
287	1569
288	374
288	959
288	1060
288	1095
288	1101
288	1125
288	1249
289	491
289	605
289	613
290	837
290	1234
290	1294
290	1481
291	329
291	764
291	1036
291	1322
291	1500
291	1635
292	1381
292	1624
293	820
294	1143
295	301
295	923
295	969
295	1043
295	1488
295	1537
296	724
296	1081
297	307
297	466
297	684
297	1487
298	1080
298	1149
298	1546
299	308
299	1516
300	762
301	685
301	1067
301	1354
301	1600
302	486
303	491
303	1187
303	1518
304	1124
304	1526
305	492
305	942
305	1395
305	1518
306	918
306	1078
306	1192
307	319
307	442
307	531
307	1178
308	505
308	537
308	1087
308	1174
309	1513
310	353
310	691
310	869
310	989
310	1060
310	1268
311	455
311	924
311	1532
312	666
313	921
313	1157
313	1698
314	1267
314	1392
314	1557
315	630
315	1174
315	1355
315	1411
316	353
316	359
316	644
316	1403
317	439
317	1082
317	1307
317	1421
318	411
318	1474
319	429
319	434
319	1283
319	1420
320	558
320	1472
320	1478
321	405
321	443
321	741
321	902
321	1030
321	1294
321	1523
321	1561
321	1575
322	1349
322	1598
324	331
324	810
324	832
324	1099
325	915
325	1119
325	1210
325	1465
325	1561
326	543
326	1086
327	467
327	545
327	798
327	847
327	1122
328	505
328	1065
328	1552
329	473
329	513
329	603
329	1215
330	629
331	1423
332	782
332	1178
332	1582
333	464
333	688
333	1122
333	1132
333	1371
333	1473
333	1694
334	1536
335	619
336	534
336	724
336	770
336	1124
336	1325
336	1485
337	538
337	1060
338	491
338	750
338	961
338	1486
339	676
339	1077
339	1191
339	1438
340	469
340	864
340	1305
340	1525
340	1695
341	928
341	1006
341	1404
342	445
342	891
342	1502
342	1519
343	507
343	521
343	1272
343	1506
344	1091
344	1103
344	1315
344	1594
345	1366
346	999
346	1549
346	1604
346	1660
347	1012
347	1052
347	1541
348	530
348	766
348	852
348	1354
349	392
349	1034
350	680
350	871
351	1221
351	1423
352	657
352	959
352	1008
352	1059
352	1147
352	1474
352	1633
353	442
353	815
353	1002
353	1371
354	672
355	792
355	909
355	1253
356	1007
356	1518
356	1539
356	1595
357	777
358	736
359	1099
359	1324
359	1463
359	1611
360	591
360	1620
361	652
361	1148
362	560
362	879
362	882
362	1451
363	398
363	447
363	744
363	778
363	1480
364	527
364	647
364	682
364	1054
364	1295
364	1623
365	777
365	1128
366	418
366	1281
367	875
367	880
367	884
367	1091
367	1578
368	387
368	1092
368	1644
369	733
369	1207
369	1245
369	1370
369	1387
370	595
370	1390
371	409
371	662
371	1137
371	1451
372	533
372	678
372	802
372	1066
373	629
373	1161
373	1210
374	1151
374	1695
375	913
375	1367
375	1509
375	1610
376	545
376	1424
377	1270
377	1276
377	1549
378	1037
379	504
379	518
379	847
379	1583
380	558
380	1047
380	1128
381	457
381	987
381	1591
382	1073
382	1399
383	598
383	1094
383	1446
383	1482
384	468
385	616
385	819
385	849
385	1196
386	708
386	914
386	965
386	1051
386	1332
386	1472
387	541
387	558
387	909
387	1096
387	1203
387	1476
387	1495
387	1572
388	857
388	953
388	997
388	998
388	1357
389	746
389	1459
389	1633
390	399
390	747
390	1370
390	1509
390	1654
391	790
391	1400
392	473
392	790
392	1174
392	1545
392	1568
392	1584
393	482
394	429
394	1296
394	1317
395	602
395	837
395	949
395	1387
396	409
396	525
396	562
396	789
396	828
396	1215
397	664
397	790
397	808
397	1112
397	1312
397	1321
397	1469
398	467
398	1044
398	1267
398	1672
399	410
399	771
400	1545
401	449
401	1007
401	1071
401	1214
401	1668
403	1676
404	411
404	1153
404	1275
405	715
405	840
405	937
406	1300
406	1508
407	1291
407	1487
407	1578
408	449
408	737
408	870
408	1105
408	1186
408	1550
408	1576
409	940
409	1363
410	575
410	1028
410	1114
410	1287
410	1518
411	1099
411	1392
411	1515
411	1670
412	515
412	945
412	1219
412	1247
413	502
413	674
413	724
413	1070
413	1226
413	1279
414	485
414	896
414	1222
414	1564
415	587
415	706
416	536
416	1531
417	704
417	1570
418	1054
418	1393
418	1594
419	505
419	1157
420	578
420	741
420	1292
421	739
421	1157
421	1560
422	739
422	1398
423	1368
424	557
424	663
424	748
424	795
424	1036
424	1267
424	1304
424	1412
425	967
425	1165
425	1236
426	827
426	988
426	1100
426	1147
427	433
427	511
427	794
427	993
427	1046
428	687
428	767
428	922
428	1275
428	1300
428	1493
429	517
429	536
429	663
429	796
429	1219
430	585
430	613
430	1268
431	1102
431	1680
432	462
432	687
433	1303
433	1681
434	569
434	1194
435	736
435	899
435	1432
435	1549
435	1570
436	727
436	830
436	907
436	975
437	599
437	1696
438	1600
439	476
439	780
439	1151
439	1398
440	956
440	1018
440	1213
440	1257
440	1483
440	1595
441	589
441	828
441	1067
442	666
442	962
443	1388
443	1591
443	1598
444	875
444	925
444	1024
444	1309
444	1656
444	1659
445	835
445	1467
445	1590
446	911
447	534
447	638
448	950
448	964
448	1165
449	708
449	974
450	498
450	1189
450	1226
450	1302
450	1397
451	749
451	987
451	1138
451	1179
451	1421
453	813
453	903
453	1265
453	1460
453	1578
454	1572
455	457
455	1049
455	1643
456	483
456	532
456	933
456	1506
457	741
457	874
458	732
458	807
458	1382
458	1417
459	535
459	821
459	1443
459	1560
460	531
460	1357
460	1543
461	1440
462	794
462	1517
463	471
463	536
463	547
463	1094
463	1107
463	1129
463	1413
463	1442
464	468
464	878
464	1096
465	986
466	624
466	1418
466	1560
467	512
467	632
467	852
467	871
467	1012
467	1026
467	1669
468	1125
468	1277
468	1583
469	519
469	1025
469	1242
470	821
471	498
471	1580
472	496
472	1063
472	1113
473	638
473	1156
473	1426
473	1698
474	666
474	1335
475	720
475	1393
476	930
476	1412
476	1464
476	1511
476	1693
477	902
477	1182
477	1340
478	1500
478	1529
478	1610
479	647
479	947
480	487
480	1156
480	1273
480	1294
480	1459
480	1556
481	634
481	672
481	754
481	1020
482	977
482	1216
483	663
483	834
483	986
483	1007
483	1686
484	585
484	912
484	1133
484	1443
484	1665
485	934
487	630
487	745
487	1228
488	1638
489	1077
489	1371
489	1465
489	1518
490	1026
490	1045
490	1062
490	1349
490	1447
490	1500
490	1516
490	1573
491	759
491	920
491	990
491	1263
492	993
492	1028
493	736
493	930
494	1099
494	1382
495	621
495	688
495	1537
496	821
496	1663
497	1337
497	1684
498	552
498	1367
499	630
499	793
499	1446
499	1454
500	712
500	879
500	1579
501	527
501	633
501	1243
501	1440
502	1677
503	1446
504	893
504	1328
505	827
505	1132
505	1194
505	1225
505	1504
505	1593
506	529
506	860
508	699
508	848
508	1195
508	1489
509	681
509	965
509	1289
509	1293
509	1321
509	1598
510	551
510	1532
511	561
511	954
511	1497
511	1697
512	1151
512	1564
513	914
513	1596
513	1684
514	630
515	1137
516	1033
516	1037
516	1051
516	1093
516	1275
516	1417
516	1441
516	1522
516	1689
517	1049
517	1288
518	1014
518	1452
519	586
519	1465
520	856
520	1058
521	522
521	614
521	784
521	1255
521	1326
521	1513
522	660
522	1209
522	1468
523	811
523	1594
524	557
524	774
524	1083
524	1458
525	1089
525	1246
525	1491
525	1551
526	590
526	1576
527	952
527	1055
527	1178
527	1581
528	1203
528	1292
528	1531
529	741
529	1285
530	629
530	1034
530	1452
530	1648
531	656
531	705
531	816
531	1147
531	1483
533	877
533	1130
533	1564
534	663
534	1318
534	1622
535	541
535	899
535	979
535	1367
536	544
536	772
536	929
536	993
536	1003
536	1020
536	1134
536	1557
537	941
537	1208
537	1665
538	750
538	760
539	1433
539	1588
539	1608
540	560
540	680
540	765
540	781
540	1272
540	1298
540	1365
540	1444
540	1467
540	1586
541	615
541	865
542	712
542	1371
543	1235
544	606
544	634
544	716
544	1532
544	1631
546	1477
547	609
547	1320
548	821
548	910
548	1403
549	804
549	1628
550	573
550	1404
551	1683
552	1010
552	1549
553	696
553	1031
553	1190
553	1350
553	1441
554	1270
556	662
556	1073
557	1399
558	1078
558	1080
558	1520
558	1524
558	1634
559	605
559	1065
559	1190
559	1683
560	728
560	1021
560	1130
560	1216
560	1262
560	1286
562	950
562	1037
562	1111
563	765
563	908
563	1026
563	1226
563	1491
564	1559
565	884
565	1011
566	731
566	894
566	940
567	1298
568	825
569	687
569	733
569	879
569	1482
569	1668
570	1344
570	1390
570	1674
571	1257
572	1206
573	685
573	1028
573	1112
574	1026
574	1189
574	1500
574	1544
574	1622
574	1670
575	1066
575	1518
576	764
576	804
576	1510
577	1071
578	1541
579	701
579	1533
580	587
580	719
580	837
580	867
580	1394
580	1627
581	1689
582	658
582	718
582	1287
582	1367
583	683
583	879
583	1099
583	1125
583	1450
583	1457
584	997
585	1042
585	1063
585	1461
585	1464
586	706
586	729
586	961
586	1132
587	1099
587	1659
588	1067
588	1189
590	1580
590	1641
591	1419
591	1648
592	1294
593	1050
593	1406
593	1521
594	745
594	1214
594	1654
595	857
595	909
595	1209
595	1441
596	951
596	1039
596	1125
596	1349
597	686
597	742
597	901
597	1200
597	1208
597	1477
597	1541
598	1119
598	1362
599	615
599	636
599	775
599	973
599	1303
599	1681
600	753
600	875
600	980
601	1237
601	1522
602	862
602	1054
602	1233
602	1444
602	1610
603	766
603	1451
604	673
604	855
604	1024
604	1299
604	1546
605	723
605	1670
606	925
607	660
607	1352
607	1685
608	656
608	1122
608	1440
608	1492
608	1510
609	925
609	1202
609	1390
609	1688
610	1539
611	673
611	982
611	1290
611	1293
612	1061
612	1328
613	793
613	832
613	838
613	1062
613	1268
614	1049
615	703
615	730
615	1420
616	642
616	1005
616	1231
617	1577
618	1141
618	1177
619	931
619	1236
619	1312
619	1598
619	1654
620	650
620	1525
621	660
621	697
621	827
621	1117
622	739
622	1063
622	1241
622	1273
622	1496
622	1519
623	889
623	1195
623	1553
624	835
624	1380
624	1682
625	1217
625	1622
626	1611
627	1239
628	866
628	1051
628	1119
628	1539
629	868
629	1056
629	1328
629	1368
630	632
630	1021
630	1281
630	1514
631	1050
631	1412
632	658
632	1420
632	1456
632	1528
632	1697
633	882
634	852
634	967
634	1010
636	753
636	817
636	1023
636	1132
636	1186
637	682
637	811
637	915
637	1145
638	641
638	766
638	790
638	1068
638	1110
638	1308
639	708
639	877
639	1044
639	1510
639	1518
639	1675
640	1028
640	1222
640	1458
641	1082
641	1588
642	801
642	1329
642	1438
642	1569
643	1191
643	1209
643	1388
643	1659
644	1457
645	693
645	1072
646	1344
647	824
647	898
647	984
647	1140
647	1201
647	1301
647	1594
648	1513
648	1621
649	1333
650	668
650	940
650	1221
651	977
651	1062
651	1618
652	856
652	1009
652	1226
652	1391
654	657
654	754
654	1284
655	1214
655	1222
656	1560
657	1084
657	1477
658	1372
658	1573
659	735
659	1334
659	1578
659	1629
660	1176
660	1499
660	1676
661	1051
661	1603
662	850
662	1020
662	1305
662	1359
662	1373
663	749
663	757
663	1152
664	973
664	1680
665	838
666	1016
666	1111
667	1615
668	934
668	1347
668	1499
669	761
669	948
669	1186
670	825
670	831
671	955
671	1085
671	1167
671	1377
671	1542
672	1195
672	1292
672	1490
673	1427
673	1437
673	1512
673	1566
673	1593
673	1616
673	1641
674	1226
674	1498
674	1658
675	822
675	867
675	1073
675	1273
676	1361
676	1657
677	839
678	1219
678	1269
679	690
679	831
679	836
679	876
679	1162
679	1197
680	811
680	1054
680	1238
681	1164
681	1513
681	1633
683	1020
683	1156
683	1699
684	730
684	1346
685	1364
685	1380
685	1431
685	1497
686	1252
686	1463
686	1497
687	865
687	879
687	1582
688	1110
688	1382
688	1548
689	793
689	1045
690	1315
690	1319
690	1660
691	1120
691	1153
692	1241
693	1540
693	1563
693	1579
693	1588
694	963
694	964
694	1127
694	1395
694	1489
694	1594
694	1669
695	981
695	1192
695	1518
696	935
696	1344
696	1674
697	1118
697	1123
697	1606
698	798
698	1103
698	1393
698	1535
700	782
700	1502
701	735
701	899
701	1093
701	1208
701	1395
702	1194
704	708
704	1649
705	998
705	1105
706	777
706	1540
706	1568
707	877
708	966
708	1165
708	1423
709	790
710	887
710	1005
710	1558
711	1072
711	1386
711	1681
712	1108
713	719
714	1370
714	1499
714	1511
715	750
715	799
715	913
715	1206
715	1404
717	1174
718	1187
718	1241
718	1284
718	1551
719	1579
720	921
720	1205
721	1274
722	1339
722	1664
723	1036
724	1132
726	1275
727	884
727	1544
728	847
728	882
728	1016
728	1029
728	1220
728	1506
728	1573
728	1591
728	1683
730	1279
731	815
731	1037
731	1279
732	1216
732	1535
732	1584
733	1472
734	1085
735	919
736	1260
736	1262
736	1510
737	1017
737	1559
738	1591
739	800
739	949
739	1050
739	1657
741	813
741	906
741	1012
741	1135
741	1335
742	847
742	1500
743	752
743	1516
743	1633
744	1375
745	777
745	866
746	1339
746	1371
747	784
747	924
747	1213
747	1220
747	1316
748	1375
749	1186
749	1216
749	1257
749	1366
750	786
750	1118
750	1355
750	1464
750	1696
751	957
751	1097
751	1154
751	1245
752	865
752	916
752	1006
752	1027
752	1423
753	757
753	813
753	895
753	1179
753	1399
753	1456
754	943
754	1074
755	1072
755	1637
756	895
756	1147
756	1265
756	1389
757	1467
758	866
758	1173
759	932
759	1028
759	1125
759	1595
760	1027
760	1324
761	1098
761	1226
761	1511
762	1123
762	1213
762	1511
763	1047
764	899
764	1280
765	791
765	1432
765	1548
766	829
766	1029
767	1498
768	1588
769	854
770	990
770	1213
770	1502
771	1329
771	1389
771	1456
772	1281
772	1520
773	875
773	1460
773	1594
774	1032
774	1381
775	1497
775	1529
776	962
776	1063
777	1067
777	1464
778	1207
778	1631
779	978
779	1350
779	1602
780	985
780	1478
781	802
781	1667
782	1329
783	1472
783	1697
785	970
785	1639
786	1112
787	1063
787	1670
788	875
788	1345
789	1022
789	1145
789	1654
790	1057
790	1457
790	1462
790	1541
791	1130
791	1323
792	891
792	1139
792	1312
792	1321
792	1350
792	1445
793	1308
793	1557
794	1099
794	1379
794	1556
795	938
795	1694
797	1446
798	1432
798	1457
800	1165
800	1385
800	1510
800	1621
800	1679
801	913
801	1205
801	1618
802	1292
803	915
804	1561
804	1621
805	1043
805	1390
806	917
806	1127
806	1198
806	1276
806	1359
806	1557
807	940
807	1430
807	1571
808	1400
808	1510
809	1009
809	1427
809	1566
810	840
810	1068
810	1201
810	1222
811	911
812	872
812	976
813	1008
813	1076
813	1232
814	1102
814	1239
814	1481
815	1553
816	1543
817	845
817	922
817	1191
817	1300
818	1230
818	1261
818	1294
818	1467
818	1488
819	1240
819	1314
821	1432
821	1636
822	878
822	1096
822	1416
823	957
823	1220
824	918
824	1077
824	1541
824	1554
826	1064
826	1464
827	1662
828	1152
829	1213
830	1047
830	1580
831	1121
831	1291
832	1090
832	1614
833	1140
833	1294
834	1383
835	1362
835	1473
837	1366
838	914
838	1206
839	1260
839	1386
839	1472
839	1496
840	1022
840	1621
841	1661
842	1342
842	1627
844	1425
845	1431
846	1518
846	1675
847	1332
847	1396
847	1580
847	1659
848	882
850	1003
850	1007
850	1125
851	1209
853	1038
854	1066
854	1274
854	1374
854	1692
856	1062
856	1063
856	1408
856	1552
857	1355
857	1528
858	899
858	1261
859	1245
859	1332
859	1372
859	1550
859	1562
860	1150
860	1222
860	1651
861	1579
861	1586
862	1613
862	1635
863	1465
864	955
864	1210
864	1340
864	1362
864	1467
864	1535
865	1115
865	1426
865	1692
866	1058
867	960
867	1381
867	1389
868	1499
869	871
869	1015
869	1212
869	1250
869	1375
869	1623
870	958
870	1059
870	1309
870	1462
870	1619
871	898
871	1035
872	1160
872	1383
872	1681
873	1562
874	1066
875	944
875	1349
875	1520
877	1168
877	1310
877	1347
878	1230
879	1013
879	1295
879	1373
879	1679
880	1186
880	1265
881	1669
882	1154
883	1203
884	970
884	1382
884	1543
885	1170
885	1537
886	1397
887	1130
888	1046
888	1406
888	1422
888	1436
888	1456
889	1047
889	1520
889	1677
890	1242
891	957
891	1332
891	1646
892	1501
893	942
893	996
893	1067
893	1302
894	947
894	991
894	1031
894	1085
894	1605
895	1133
895	1522
895	1573
896	1235
897	918
897	936
897	1136
898	1119
899	1168
899	1324
900	942
901	1436
901	1607
902	933
902	1364
902	1578
903	1032
904	1584
905	1519
905	1660
905	1682
906	1036
906	1043
906	1060
906	1123
906	1126
907	1658
908	1125
908	1659
909	955
909	1023
910	1243
911	912
911	923
911	1089
911	1236
911	1632
912	1224
913	1336
914	1098
914	1600
916	1367
917	1201
918	1121
918	1178
918	1264
919	1182
920	969
920	1563
920	1565
921	1049
921	1066
921	1114
921	1251
921	1258
921	1319
922	1353
923	1150
923	1168
923	1582
923	1597
924	1134
925	1590
926	1428
927	1002
927	1285
927	1477
927	1568
928	1046
928	1492
928	1681
929	1226
929	1281
929	1430
930	1006
930	1081
930	1229
931	1116
931	1225
931	1303
931	1318
931	1611
932	971
932	1186
932	1378
933	1213
934	1650
935	948
935	1192
935	1388
936	1016
936	1030
936	1184
936	1368
936	1409
937	1100
937	1509
937	1551
938	1277
938	1316
938	1432
939	1454
942	1036
942	1113
942	1283
943	1113
943	1216
943	1271
943	1538
944	1225
944	1547
946	1113
946	1139
946	1267
947	1144
947	1453
947	1658
948	966
949	1416
949	1515
950	1138
954	1380
956	1229
956	1395
956	1613
956	1642
957	1313
959	962
959	1441
959	1478
959	1522
960	1384
960	1561
960	1646
961	999
962	1440
963	1387
963	1425
963	1441
965	990
965	1243
965	1401
966	1502
966	1673
968	995
968	1541
968	1577
969	1424
970	1546
970	1643
971	1309
971	1612
972	1187
972	1412
972	1647
973	1051
973	1549
974	1584
975	1478
976	1055
976	1057
976	1169
976	1357
977	1692
978	1527
978	1618
980	1464
981	1533
981	1622
983	1025
983	1292
983	1646
984	1250
984	1625
985	1431
985	1547
985	1599
986	1007
986	1130
987	1565
988	1662
989	1240
989	1273
989	1540
990	1032
990	1131
990	1566
992	1289
994	1602
994	1634
994	1695
995	1059
995	1618
996	1238
996	1492
996	1609
997	1355
997	1458
998	1563
998	1576
999	1162
999	1382
999	1673
1000	1050
1001	1696
1002	1094
1003	1052
1003	1073
1003	1410
1003	1522
1004	1465
1004	1469
1004	1650
1005	1289
1005	1419
1006	1611
1007	1641
1008	1194
1009	1069
1010	1693
1011	1327
1013	1193
1013	1234
1014	1173
1014	1684
1015	1610
1017	1073
1017	1105
1017	1569
1018	1155
1018	1233
1018	1256
1020	1638
1023	1521
1024	1222
1024	1440
1024	1665
1025	1412
1025	1612
1026	1066
1026	1630
1027	1653
1028	1329
1029	1054
1029	1259
1029	1686
1030	1625
1031	1302
1032	1312
1035	1162
1035	1581
1036	1470
1036	1496
1037	1353
1039	1474
1039	1680
1040	1199
1040	1319
1040	1476
1041	1540
1042	1383
1043	1177
1043	1368
1044	1611
1045	1081
1045	1456
1046	1415
1046	1679
1047	1252
1047	1279
1047	1583
1048	1485
1048	1519
1048	1621
1049	1050
1049	1091
1049	1296
1049	1336
1049	1533
1051	1213
1051	1514
1052	1247
1052	1434
1053	1403
1054	1338
1054	1341
1054	1622
1055	1166
1056	1650
1058	1100
1060	1592
1061	1675
1062	1125
1063	1532
1065	1545
1067	1189
1067	1278
1067	1635
1068	1299
1069	1409
1070	1464
1073	1656
1073	1692
1074	1676
1075	1361
1075	1549
1075	1564
1075	1662
1076	1321
1078	1185
1079	1256
1080	1198
1080	1363
1081	1286
1081	1678
1082	1276
1083	1140
1083	1207
1083	1554
1083	1597
1085	1189
1085	1220
1085	1344
1085	1443
1086	1148
1086	1262
1086	1283
1086	1578
1086	1594
1087	1522
1087	1607
1087	1657
1090	1186
1090	1407
1091	1345
1093	1107
1093	1228
1093	1324
1093	1409
1094	1485
1096	1306
1099	1105
1099	1444
1099	1678
1100	1106
1100	1130
1100	1252
1103	1598
1103	1616
1105	1437
1106	1164
1106	1492
1106	1691
1107	1178
1108	1176
1108	1262
1108	1397
1108	1528
1108	1535
1112	1267
1112	1658
1113	1137
1113	1182
1113	1628
1114	1480
1115	1161
1116	1236
1117	1244
1117	1410
1118	1616
1120	1369
1120	1550
1120	1676
1121	1264
1124	1258
1124	1351
1125	1200
1125	1559
1126	1219
1126	1293
1126	1304
1126	1493
1127	1612
1131	1231
1132	1144
1132	1264
1133	1569
1135	1430
1137	1232
1137	1409
1139	1179
1139	1221
1139	1280
1139	1397
1142	1224
1144	1612
1144	1614
1144	1671
1146	1193
1146	1278
1147	1551
1151	1560
1151	1568
1151	1573
1152	1528
1152	1530
1153	1437
1153	1687
1154	1655
1155	1402
1155	1646
1156	1452
1156	1537
1157	1366
1157	1579
1158	1254
1161	1186
1162	1494
1162	1629
1163	1460
1163	1486
1163	1541
1163	1671
1164	1556
1165	1255
1165	1312
1166	1174
1166	1230
1166	1472
1166	1559
1169	1482
1170	1232
1170	1455
1171	1383
1172	1271
1172	1567
1174	1542
1175	1524
1175	1586
1176	1323
1177	1247
1177	1414
1180	1448
1180	1639
1181	1451
1181	1509
1183	1205
1184	1223
1184	1497
1186	1217
1188	1267
1189	1603
1189	1646
1190	1316
1190	1380
1190	1645
1191	1214
1191	1243
1191	1418
1191	1527
1194	1637
1196	1218
1196	1467
1197	1545
1198	1234
1202	1240
1202	1297
1202	1302
1203	1277
1203	1543
1205	1379
1205	1572
1206	1258
1206	1475
1206	1574
1207	1510
1207	1548
1209	1544
1210	1555
1211	1354
1211	1409
1212	1266
1212	1293
1212	1443
1213	1478
1214	1365
1215	1691
1216	1244
1216	1414
1216	1606
1218	1228
1219	1314
1219	1330
1220	1441
1220	1496
1221	1271
1222	1444
1222	1683
1223	1250
1223	1266
1223	1636
1225	1589
1226	1266
1226	1322
1228	1241
1228	1520
1230	1317
1230	1402
1230	1563
1232	1495
1233	1693
1234	1354
1234	1616
1235	1663
1237	1321
1237	1454
1237	1565
1238	1470
1240	1400
1240	1695
1242	1650
1244	1268
1245	1282
1245	1386
1245	1471
1246	1586
1250	1286
1253	1489
1256	1467
1256	1624
1256	1627
1256	1672
1257	1503
1259	1564
1259	1672
1260	1586
1261	1476
1261	1572
1261	1634
1261	1655
1262	1300
1264	1292
1264	1389
1265	1278
1265	1305
1265	1365
1265	1581
1265	1586
1267	1344
1268	1489
1269	1538
1269	1594
1269	1651
1270	1438
1272	1585
1272	1626
1274	1545
1275	1519
1275	1524
1275	1571
1277	1406
1278	1451
1278	1524
1278	1684
1278	1694
1279	1302
1279	1562
1280	1585
1281	1373
1281	1459
1281	1572
1282	1659
1283	1454
1284	1307
1285	1406
1285	1496
1289	1460
1289	1683
1290	1629
1291	1613
1292	1585
1293	1641
1295	1584
1297	1375
1298	1531
1298	1653
1299	1482
1299	1627
1300	1682
1303	1378
1304	1582
1305	1420
1307	1596
1308	1446
1308	1603
1311	1366
1311	1600
1314	1418
1314	1425
1317	1646
1318	1393
1319	1631
1320	1582
1322	1592
1323	1595
1324	1505
1331	1431
1331	1432
1331	1506
1332	1421
1333	1690
1335	1405
1337	1379
1337	1411
1337	1457
1337	1479
1338	1476
1338	1612
1339	1380
1339	1381
1340	1382
1340	1506
1340	1525
1342	1348
1342	1391
1342	1616
1345	1525
1345	1570
1345	1592
1347	1620
1347	1649
1347	1694
1349	1622
1349	1678
1349	1695
1351	1479
1352	1376
1352	1576
1353	1499
1354	1370
1354	1510
1355	1623
1361	1454
1362	1487
1370	1398
1370	1554
1370	1603
1371	1481
1371	1607
1372	1383
1372	1629
1373	1432
1373	1497
1375	1546
1375	1554
1377	1490
1378	1698
1383	1449
1384	1406
1384	1552
1385	1442
1386	1567
1388	1513
1388	1644
1390	1644
1394	1662
1395	1669
1400	1491
1400	1668
1406	1453
1406	1677
1412	1485
1414	1513
1419	1543
1420	1550
1421	1424
1421	1529
1426	1489
1429	1696
1433	1609
1434	1435
1434	1593
1435	1609
1439	1498
1441	1648
1443	1536
1443	1556
1443	1653
1444	1466
1445	1589
1445	1616
1446	1585
1452	1650
1453	1461
1453	1656
1453	1671
1454	1561
1457	1605
1459	1538
1460	1632
1461	1633
1466	1593
1466	1607
1469	1594
1470	1510
1471	1601
1471	1677
1474	1572
1475	1560
1478	1602
1479	1560
1479	1582
1483	1550
1484	1628
1485	1528
1487	1505
1487	1537
1493	1611
1499	1527
1499	1564
1499	1568
1501	1639
1503	1562
1506	1646
1511	1606
1511	1629
1513	1521
1514	1692
1518	1536
1518	1614
1522	1587
1525	1531
1526	1680
1535	1552
1535	1579
1536	1643
1538	1671
1539	1560
1544	1672
1547	1568
1548	1660
1553	1598
1558	1565
1560	1583
1563	1635
1564	1698
1565	1614
1565	1637
1572	1606
1572	1634
1576	1646
1578	1597
1584	1623
1592	1631
1599	1601
1610	1622
1615	1670
1620	1638
1639	1660
1640	1643
1642	1696
1666	1694