0	570
0	1664
1	209
1	455
1	991
1	1266
1	1457
2	631
3	459
3	629
3	1125
4	79
4	110
4	238
4	457
5	841
5	1196
6	414
6	742
6	804
6	1583
7	714
7	733
7	1076
8	41
8	74
8	1022
9	463
9	1089
10	218
10	780
10	1100
10	1234
10	1340
11	1248
12	49
12	953
12	1379
13	162
13	353
13	808
14	345
14	1019
14	1107
14	1515
14	1621
15	128
15	209
15	827
15	1003
15	1014
15	1042
15	1279
15	1429
15	1521
15	1549
15	1552
16	1454
16	1536
17	641
17	1074
18	190
18	1320
18	1507
19	247
19	310
20	65
20	435
20	1005
20	1295
21	84
21	223
21	420
21	1327
22	524
22	745
22	1397
22	1587
22	1613
23	1144
23	1205
24	657
25	793
25	1305
26	912
26	1532
27	434
27	576
27	804
27	1007
28	308
28	593
28	1599
29	124
29	234
29	313
29	824
29	1060
29	1512
30	385
30	1535
31	884
31	1309
32	100
32	114
32	941
32	946
33	203
33	232
33	1082
33	1288
33	1669
34	693
34	1093
34	1167
34	1559
35	1204
35	1652
36	301
36	761
36	1103
36	1197
37	140
37	859
37	1521
38	185
38	466
38	778
38	1190
39	582
39	1063
39	1467
39	1619
40	89
40	126
40	954
40	1318
40	1358
41	146
41	394
41	516
41	1021
41	1248
41	1498
42	474
42	679
42	762
42	996
42	1012
42	1109
42	1436
43	358
43	654
43	1227
43	1271
43	1418
43	1528
44	408
44	454
44	685
44	759
44	1511
45	569
46	220
46	979
46	1531
46	1601
47	422
47	957
47	1326
48	144
48	368
48	902
48	1082
48	1269
49	1006
49	1473
50	158
50	443
50	1121
50	1196
50	1425
50	1635
50	1690
51	96
51	361
52	539
52	669
52	1672
53	547
53	893
53	1489
54	628
54	872
54	1069
54	1237
54	1554
54	1636
55	232
55	879
55	1413
55	1458
56	322
56	612
56	1270
56	1408
56	1439
56	1523
57	280
57	470
57	944
57	1510
58	207
58	215
58	929
59	117
59	743
59	945
60	457
60	1639
61	324
61	373
61	889
61	1310
62	650
62	655
62	1234
63	122
63	239
63	656
63	816
63	1186
64	102
64	226
64	1540
65	195
65	562
65	786
65	1000
65	1504
66	160
66	1663
67	138
67	1518
68	105
69	506
69	860
69	1339
69	1448
70	208
70	319
70	714
70	766
70	790
70	800
70	1247
70	1285
70	1480
71	517
71	767
71	1013
71	1236
72	312
72	610
72	645
72	1683
73	81
73	549
73	1209
74	779
75	83
75	647
75	798
76	267
76	749
76	912
77	602
77	1631
78	323
78	777
78	842
78	922
78	962
78	1155
78	1273
78	1373
78	1522
79	159
80	1177
80	1244
80	1290
81	407
81	1596
82	154
82	518
82	1013
82	1085
82	1090
82	1411
82	1640
83	157
83	254
83	255
83	551
83	1297
83	1500
84	118
84	395
84	887
84	1373
84	1380
85	484
85	693
85	877
85	1218
85	1522
86	296
86	442
86	1319
87	111
87	240
87	688
87	1051
88	872
88	1150
88	1502
88	1589
89	290
89	825
89	1272
89	1362
90	472
90	580
90	639
90	1182
90	1441
91	200
91	658
91	1005
91	1371
92	1373
93	429
94	797
94	1023
94	1369
95	316
95	956
95	1222
96	197
96	301
96	419
97	492
97	747
97	753
98	699
98	777
98	948
98	1546
99	374
99	448
99	638
99	854
100	102
100	518
100	932
100	940
100	1424
100	1603
101	587
101	1009
101	1015
102	235
102	311
102	819
102	1155
102	1293
103	953
104	192
104	293
104	310
104	936
104	997
104	1119
104	1147
105	121
105	284
105	405
105	1282
105	1538
106	155
106	226
106	581
106	957
106	1134
106	1149
106	1639
107	991
107	1152
107	1226
108	157
108	181
108	215
108	263
108	315
108	531
108	913
108	1687
109	142
109	182
109	719
110	479
111	170
111	774
111	781
111	1165
112	952
112	1256
112	1436
113	339
113	554
113	666
113	801
113	809
113	836
113	1158
113	1686
114	1060
115	627
115	726
115	1133
115	1568
116	649
116	737
116	876
116	962
117	408
117	880
118	831
118	921
118	1055
118	1114
118	1309
119	153
119	164
119	516
119	589
119	1277
119	1316
119	1426
120	646
121	246
121	313
121	391
121	494
121	513
121	681
121	1253
121	1634
122	459
122	1187
123	362
123	388
123	608
123	1112
123	1139
124	599
124	937
124	1041
124	1290
125	749
125	1078
126	367
126	660
126	1322
126	1397
126	1528
127	543
127	818
127	912
127	1666
128	626
128	683
128	791
128	1161
128	1646
129	697
129	796
129	880
129	1046
129	1096
129	1142
129	1263
129	1439
130	479
130	1640
131	325
131	372
131	642
131	791
131	1071
131	1092
131	1475
131	1528
132	218
132	547
132	756
132	1182
133	499
133	692
133	1249
133	1477
134	554
134	1452
134	1548
134	1612
134	1656
135	551
136	833
136	1692
137	213
137	449
137	559
137	750
137	848
137	934
138	673
138	866
139	1183
139	1346
140	714
140	901
140	1078
140	1245
140	1388
140	1586
141	644
142	512
142	1092
142	1266
142	1492
142	1652
143	211
143	777
143	1182
143	1497
144	842
144	872
144	1114
144	1129
144	1462
145	517
145	766
145	906
146	162
146	217
146	741
146	1301
146	1681
147	1068
147	1196
147	1556
148	477
148	885
148	1008
148	1186
148	1589
149	479
149	1249
150	834
150	1023
150	1357
151	620
151	725
152	555
153	245
153	369
153	1028
153	1387
154	392
154	671
154	893
154	1528
155	174
155	555
155	632
155	640
155	803
155	1538
156	182
156	275
156	281
156	416
156	656
156	705
156	721
156	1033
156	1103
156	1480
156	1543
157	480
157	566
157	1364
157	1468
157	1562
157	1682
158	1158
158	1177
158	1262
158	1362
159	1329
159	1333
159	1422
159	1494
160	276
160	706
160	779
160	966
160	977
161	231
161	289
161	291
161	409
161	420
161	650
161	751
161	949
161	1238
161	1391
161	1428
161	1481
161	1505
161	1508
161	1560
162	820
162	1595
163	732
163	1301
164	1088
164	1667
165	498
165	1307
165	1381
165	1489
166	494
166	962
166	988
167	532
167	718
167	859
167	985
167	1163
167	1412
167	1452
167	1600
168	324
169	336
169	1127
170	393
170	974
170	1109
170	1352
171	223
171	535
171	680
171	787
171	860
171	875
171	1150
171	1446
171	1461
172	745
173	716
173	784
173	1073
174	1174
174	1688
175	1366
176	205
176	514
176	748
176	988
177	339
177	524
178	242
178	350
178	475
178	558
178	767
178	960
179	551
179	564
179	734
179	1318
179	1602
180	582
180	1204
180	1564
180	1581
181	510
181	883
181	1594
182	310
182	489
182	876
182	914
182	1128
182	1307
182	1539
183	544
183	690
183	847
183	1553
183	1635
184	926
184	1334
185	339
185	381
185	757
185	1424
185	1517
186	416
186	742
186	1517
186	1542
187	241
187	251
187	689
187	897
188	1206
188	1274
188	1343
189	426
189	530
189	686
189	1249
189	1372
189	1515
190	538
190	925
190	1579
190	1633
191	279
191	432
191	518
191	1308
191	1418
192	1395
192	1548
192	1610
193	836
193	1398
194	342
194	577
194	593
194	821
194	1400
195	775
196	269
196	650
196	690
196	869
196	1083
196	1117
196	1333
197	704
197	1307
197	1355
198	270
198	379
198	1085
199	562
199	855
200	240
200	357
200	630
200	939
200	1651
201	210
201	444
201	686
201	1130
201	1419
201	1436
201	1686
202	1055
203	408
203	963
203	1348
204	547
204	861
204	1037
205	359
205	909
205	1182
206	866
206	915
206	1418
206	1641
207	330
207	1374
208	649
208	814
209	438
209	717
209	1202
209	1328
209	1502
210	230
210	291
210	1028
210	1032
210	1112
210	1443
210	1538
211	599
211	977
211	1239
212	357
212	466
212	507
212	757
212	827
212	1104
212	1261
212	1513
213	277
213	530
213	717
213	841
213	944
213	1643
214	354
214	1214
215	347
215	480
215	651
215	728
215	845
216	961
216	976
216	1097
216	1241
217	261
217	302
217	578
217	718
217	919
217	1547
218	359
218	1681
219	294
219	307
219	639
219	802
219	988
219	1577
219	1687
220	310
220	904
220	1057
220	1110
220	1469
221	1135
221	1338
222	307
222	1610
223	317
223	449
223	461
223	489
223	741
223	819
223	871
223	1049
223	1075
223	1211
223	1694
224	242
224	268
224	608
224	919
224	1051
224	1439
224	1494
224	1620
225	1194
225	1209
225	1264
225	1416
226	318
226	432
226	569
226	596
226	804
226	1148
226	1486
226	1624
227	396
227	512
227	527
227	561
227	1212
228	250
228	399
228	448
228	663
228	678
228	964
228	1093
229	368
230	1184
230	1483
231	503
231	529
231	1372
231	1484
232	247
232	362
232	380
232	420
232	784
232	1082
232	1124
232	1528
232	1699
233	530
233	1337
234	334
234	337
234	423
234	998
234	1283
235	368
235	606
235	980
235	1137
236	1635
237	450
237	646
237	669
237	1052
237	1391
237	1470
237	1659
238	1245
239	1371
239	1501
240	826
240	1035
240	1070
240	1681
241	801
242	747
242	768
242	1305
242	1394
242	1597
243	263
243	520
243	939
243	1569
244	685
244	772
244	1342
245	264
245	551
245	920
245	1007
245	1444
245	1503
246	326
246	657
246	855
246	1255
247	358
247	454
247	1450
248	1287
249	688
249	1102
249	1149
249	1397
250	980
251	323
251	711
251	1255
251	1387
251	1643
252	600
252	748
252	819
253	882
253	1246
254	499
254	983
254	1025
254	1306
254	1345
255	558
255	789
255	893
256	1187
257	1419
258	473
258	573
259	306
259	545
259	653
259	1474
260	329
260	355
260	863
260	1129
260	1523
261	564
261	806
261	952
262	1063
262	1496
263	699
263	1424
264	956
264	1060
264	1380
264	1396
264	1681
265	269
265	332
265	418
265	830
265	1399
266	1620
266	1645
267	714
267	796
267	1132
267	1134
267	1641
268	335
268	993
268	1082
269	515
269	605
269	859
269	1097
269	1273
270	848
270	869
270	1091
270	1351
271	1597
272	283
273	397
273	1037
273	1594
274	659
274	989
274	1030
274	1355
274	1674
275	665
275	1284
275	1340
276	861
276	1471
277	893
277	961
277	1430
277	1546
278	659
278	717
278	866
278	1036
278	1044
279	288
279	328
279	552
279	607
279	698
280	585
280	1081
280	1629
281	766
281	1292
282	444
282	461
282	931
282	1389
283	580
283	727
283	1163
283	1608
284	366
284	483
284	978
284	1404
284	1599
285	295
285	551
286	403
286	525
286	602
286	722
286	1585
287	478
287	506
287	1216
287	1248
287	1315
287	1443
287	1584
288	437
288	1130
289	541
289	734
289	785
289	1637
291	1568
292	515
292	799
292	1181
292	1289
292	1422
293	423
293	1092
293	1609
294	647
294	1087
294	1350
294	1372
294	1548
294	1690
295	532
295	632
296	474
296	537
296	909
296	1021
297	1051
297	1241
298	473
298	694
298	1073
299	472
299	559
299	921
300	307
300	391
300	943
300	1228
300	1346
301	526
301	700
301	984
302	817
302	1321
302	1381
302	1397
302	1484
303	1240
304	700
304	1038
304	1550
304	1646
305	513
305	1100
305	1388
306	1072
307	434
307	703
307	1571
308	433
308	534
308	939
309	856
309	1661
310	611
310	651
310	1372
310	1425
310	1469
310	1660
311	962
311	1053
312	699
312	1018
312	1038
312	1168
312	1282
312	1313
312	1434
312	1578
313	1014
313	1255
313	1619
314	415
314	448
314	456
314	923
314	938
314	1083
315	576
315	648
315	1017
315	1410
316	733
316	1013
316	1296
317	796
317	985
317	1103
317	1227
318	633
318	1181
319	1175
319	1508
319	1572
320	712
320	904
321	475
321	595
321	664
321	854
321	1221
321	1475
323	925
323	1598
324	998
324	1050
324	1132
325	440
325	1114
326	616
326	1040
326	1127
326	1254
326	1319
326	1436
326	1489
327	427
327	1354
328	588
328	1101
328	1622
329	1063
329	1378
330	484
330	581
330	688
330	1307
330	1537
331	613
331	651
331	1180
331	1229
331	1381
331	1592
332	334
332	942
333	843
333	1187
333	1192
334	385
334	613
334	1100
334	1552
334	1683
335	466
335	889
335	1051
336	591
336	1132
336	1203
336	1468
336	1613
336	1632
337	530
337	1001
337	1115
337	1472
338	404
338	1110
338	1118
338	1640
338	1657
339	997
339	1349
340	360
341	827
341	1471
342	723
342	754
342	1042
342	1443
343	541
343	1056
343	1558
344	785
345	377
345	417
345	767
345	1087
345	1091
345	1674
346	825
346	1091
346	1362
346	1434
346	1477
347	442
348	1282
349	484
349	768
349	1058
349	1604
350	545
350	827
350	1001
350	1049
350	1198
350	1259
351	1663
352	911
352	1013
353	975
353	1369
354	553
354	1504
354	1619
355	388
355	683
355	1046
355	1530
355	1603
356	358
356	537
356	573
356	823
356	906
357	599
358	967
358	1493
359	770
359	839
359	1148
359	1440
359	1477
360	417
361	598
361	973
362	586
362	984
362	1001
362	1196
363	663
363	905
363	1331
364	859
365	403
365	417
365	899
365	1215
365	1244
365	1248
365	1368
366	1258
366	1413
367	713
367	840
367	1289
367	1400
367	1634
368	1138
369	1417
369	1606
370	1175
370	1379
370	1425
371	1418
372	508
372	550
372	767
372	899
373	780
373	1088
373	1522
374	773
374	1058
375	525
375	643
375	930
375	993
375	1191
376	1339
376	1570
377	643
378	1590
378	1599
379	464
379	1031
380	1554
381	905
382	463
382	898
382	900
382	919
382	927
382	1432
383	435
383	509
383	569
383	1024
383	1310
384	753
384	844
384	943
384	1479
385	812
386	461
386	1492
387	399
387	466
387	725
387	955
388	668
388	1019
389	416
389	446
389	767
389	820
389	1234
389	1425
390	499
390	662
390	961
390	1460
391	912
391	1369
391	1512
391	1584
392	682
392	1232
392	1400
393	723
393	836
393	910
393	1663
394	543
394	1329
395	1160
396	680
396	1015
396	1346
396	1579
398	633
398	907
398	911
398	1125
398	1351
399	749
399	1540
400	868
401	863
401	1250
401	1257
402	432
402	640
402	880
402	1188
402	1244
402	1254
402	1336
403	640
403	848
403	898
403	965
403	969
403	1519
404	430
404	683
404	726
404	868
404	947
404	1034
404	1115
404	1545
404	1601
405	1593
406	1012
407	1161
407	1330
408	821
408	1635
409	897
409	1545
410	573
410	652
410	761
410	1180
411	576
411	836
411	841
412	1556
413	1026
413	1186
413	1346
413	1591
414	1061
414	1380
414	1500
415	519
415	568
415	695
415	710
415	1101
415	1516
416	858
416	1459
416	1608
417	830
418	467
418	475
418	689
418	767
418	1344
418	1558
419	647
419	1180
421	685
421	833
421	1015
421	1195
421	1295
421	1528
422	755
422	1014
422	1396
423	831
423	1125
423	1215
424	855
425	605
425	876
425	978
425	1160
426	749
426	869
426	1476
426	1518
426	1686
427	589
428	1297
428	1310
428	1599
429	484
429	899
429	1487
429	1592
430	463
430	822
430	1597
430	1623
430	1633
431	818
431	1013
432	876
432	890
432	1548
433	472
433	1095
433	1161
434	1313
434	1559
435	1054
435	1185
435	1531
436	968
436	1093
436	1256
437	1597
438	613
438	626
439	480
439	606
439	1003
439	1025
439	1032
439	1153
440	1195
441	1518
442	1213
443	509
443	676
443	1010
443	1066
443	1564
444	560
444	627
445	1247
446	931
446	1147
446	1312
446	1403
446	1666
447	728
447	1020
447	1114
447	1262
447	1340
447	1538
447	1689
448	741
448	1083
449	1046
449	1278
449	1450
450	797
450	880
450	1165
451	826
451	1133
452	1329
453	508
453	513
453	1188
454	763
454	1281
454	1690
455	640
455	651
455	1554
456	1093
456	1632
457	720
457	1075
457	1481
458	1017
459	497
459	531
459	598
459	911
459	1417
459	1525
460	622
460	891
460	1676
461	769
461	1398
461	1405
461	1541
461	1620
461	1647
462	811
462	949
462	1374
462	1671
463	815
463	992
464	1509
465	791
465	916
465	1026
465	1415
466	472
466	1550
467	833
467	1184
467	1334
468	562
468	1439
469	881
469	888
469	927
469	1342
469	1376
469	1592
470	1187
471	698
471	703
471	1422
472	841
472	1245
473	1293
473	1345
473	1471
474	811
474	1136
474	1522
474	1574
474	1689
475	1454
475	1623
476	742
476	745
477	1027
477	1170
477	1350
477	1474
478	622
478	1033
478	1071
478	1338
479	766
479	987
479	1576
479	1638
480	643
480	1187
481	1071
482	619
483	977
483	1111
483	1534
484	1265
484	1499
485	665
485	1013
485	1211
485	1297
486	546
486	1021
486	1153
486	1585
487	873
487	1469
487	1477
488	497
488	937
488	1612
489	639
489	739
489	821
489	849
490	854
490	1205
490	1323
491	1211
492	774
493	711
493	950
493	1142
493	1205
494	1621
495	619
496	1497
498	523
498	560
498	848
498	1292
498	1462
499	697
499	1381
499	1389
499	1546
500	1235
501	1238
501	1322
501	1398
501	1433
502	552
503	610
503	646
503	1137
503	1168
503	1361
504	1050
504	1404
504	1432
504	1485
505	662
505	1234
505	1519
505	1602
506	645
507	862
507	1320
507	1429
507	1572
507	1657
507	1668
508	647
508	948
509	549
510	765
510	1122
510	1335
510	1433
511	910
511	985
511	1059
511	1238
511	1368
511	1525
512	798
512	1285
513	796
513	1161
514	1168
515	725
515	1015
515	1197
516	534
516	1281
517	791
518	563
518	588
518	600
518	1133
519	885
519	1157
519	1598
520	1262
520	1480
521	875
521	982
521	1059
521	1276
522	708
522	1397
522	1565
523	529
523	720
523	1129
523	1589
524	1193
524	1302
524	1480
525	803
526	535
526	773
526	986
526	1304
527	647
527	1107
528	1019
528	1178
528	1224
528	1618
529	723
529	1071
529	1404
530	608
531	1074
531	1316
531	1691
531	1695
532	1009
532	1045
532	1176
532	1222
532	1259
532	1353
532	1377
532	1407
533	653
533	1038
533	1057
534	729
534	1306
534	1386
534	1568
535	571
535	746
535	1202
535	1446
536	809
536	1168
536	1312
537	828
538	769
538	1640
539	707
539	987
539	1200
540	702
540	1455
541	574
541	615
541	1032
541	1296
542	804
542	1486
542	1500
543	782
543	1481
543	1571
544	1074
544	1338
544	1464
544	1600
544	1673
545	1069
546	814
546	1057
546	1637
547	665
547	1461
548	1026
548	1145
549	652
549	800
549	1229
549	1350
549	1632
550	615
551	599
551	659
551	1322
552	612
552	704
552	872
552	1257
553	1696
554	579
554	901
554	1253
554	1556
555	723
555	819
555	1123
555	1560
556	1587
557	1167
557	1171
557	1340
558	1149
558	1305
559	1079
559	1349
560	681
560	685
560	940
560	981
560	1118
560	1448
560	1454
562	748
562	856
562	1570
562	1608
563	1326
563	1562
563	1692
564	881
564	1086
564	1338
564	1447
564	1616
564	1640
565	619
565	633
565	750
565	921
565	1469
565	1567
566	1196
566	1340
566	1444
566	1629
566	1665
567	870
567	1676
568	669
569	1163
569	1265
570	708
570	935
570	976
570	1256
570	1377
571	859
571	883
571	1413
571	1583
572	780
572	789
572	1095
572	1380
573	704
573	1539
573	1602
574	727
574	913
574	1129
574	1476
574	1595
575	910
575	922
575	995
575	1101
575	1118
575	1385
575	1445
576	919
576	964
576	1607
576	1643
577	1648
578	826
579	955
579	1022
579	1309
579	1375
580	1582
581	763
581	790
581	901
582	783
582	911
582	1140
582	1309
582	1649
583	1258
584	596
584	891
584	907
584	1311
584	1506
585	788
585	798
585	1130
586	1033
586	1606
587	809
587	1034
587	1672
588	1274
588	1362
589	778
589	917
589	1120
589	1195
589	1409
590	599
590	870
590	1209
590	1455
590	1607
591	682
591	1471
592	682
592	878
592	947
593	682
593	901
593	1050
593	1512
593	1531
593	1606
594	1389
595	674
595	771
595	847
595	1514
596	875
596	1378
597	697
597	872
597	957
597	1280
598	664
598	1287
598	1372
599	925
599	1157
599	1322
600	1363
600	1638
601	1536
602	850
602	1337
602	1431
602	1653
603	1110
603	1133
603	1213
603	1368
603	1549
603	1604
604	1034
605	1340
606	984
606	1175
606	1185
606	1192
606	1642
607	795
607	882
607	1697
609	1371
611	1609
612	627
612	791
612	893
612	1010
612	1163
612	1570
612	1689
613	917
613	988
613	1278
613	1350
614	777
614	1135
614	1229
615	623
615	884
615	1258
616	782
616	1424
617	842
618	944
618	1091
618	1207
618	1307
618	1433
618	1515
619	812
619	951
619	953
619	979
619	1030
619	1078
619	1143
620	939
620	1124
620	1656
621	759
621	858
623	750
623	1048
624	1693
625	1186
625	1555
626	1149
627	652
627	925
627	1191
627	1544
628	691
628	785
628	1095
628	1646
629	1373
630	776
630	882
630	1090
630	1551
631	807
631	1092
631	1163
631	1164
632	722
632	1220
632	1468
632	1667
633	1035
634	926
634	1557
635	868
635	1319
635	1389
636	815
636	1040
636	1133
636	1301
637	1053
637	1215
637	1247
637	1386
638	844
639	774
639	902
639	1541
640	724
640	1043
642	1020
642	1151
642	1462
643	893
644	673
644	996
644	1020
644	1185
644	1378
644	1583
645	735
645	1358
645	1555
646	882
646	1450
647	1032
647	1415
647	1647
648	1607
648	1629
648	1678
649	667
649	1056
649	1064
649	1111
650	741
650	1219
650	1678
651	1662
652	898
652	1096
655	1350
655	1620
656	701
656	800
656	1148
656	1598
657	1023
657	1567
658	1619
659	1356
659	1363
659	1511
660	693
660	971
660	1486
661	739
661	972
661	1045
662	680
662	1474
662	1491
663	1049
663	1294
663	1564
664	975
664	1216
664	1348
664	1493
665	724
665	1222
665	1444
666	738
666	841
667	671
667	756
667	1073
667	1147
667	1659
669	922
670	718
670	820
670	979
670	1047
670	1264
670	1669
671	835
672	1270
673	1035
673	1208
673	1653
674	1492
675	987
675	1509
676	1041
676	1662
677	934
678	736
678	1658
679	718
679	996
679	1176
680	873
680	1272
681	860
681	983
681	1102
681	1111
681	1145
682	1532
682	1592
683	1472
684	719
684	1186
684	1309
685	823
685	864
685	1333
687	1383
688	1552
688	1675
689	1518
690	1462
691	805
691	1244
691	1584
693	720
693	891
693	1261
693	1584
694	1198
695	1432
696	870
696	1011
696	1199
696	1231
696	1523
697	755
697	782
697	1662
698	1077
698	1191
698	1192
698	1343
699	768
699	861
699	1021
699	1543
700	739
700	1074
700	1293
700	1388
701	831
701	1192
701	1293
701	1565
702	860
702	1315
702	1405
704	712
704	909
704	1197
706	942
706	1552
707	831
707	1389
707	1514
708	887
708	917
708	1100
708	1334
708	1624
709	1269
710	1322
711	825
712	1510
713	1491
714	742
714	1316
714	1347
714	1515
714	1560
714	1573
714	1577
715	1267
715	1590
715	1671
716	810
716	836
716	1219
716	1677
717	865
717	1040
717	1618
718	828
719	1021
719	1092
720	1265
720	1357
720	1414
721	1643
721	1660
722	834
722	1126
722	1173
722	1550
723	1181
723	1381
724	1273
724	1514
726	1317
726	1582
727	806
727	1696
728	861
728	1212
728	1277
728	1389
729	740
729	990
729	1002
730	764
730	1620
731	1423
732	961
732	1633
733	1015
733	1176
733	1532
733	1611
734	1093
734	1135
734	1537
734	1679
735	901
735	971
735	1238
736	1501
736	1553
737	902
738	1590
738	1619
739	1401
739	1610
740	795
740	1283
741	781
741	1615
742	1146
742	1228
742	1293
742	1638
742	1672
743	1017
744	912
744	1112
744	1306
744	1331
744	1408
745	1364
746	786
746	903
746	1059
746	1274
746	1514
746	1596
746	1663
747	823
747	955
747	1039
747	1125
749	933
749	1114
749	1294
749	1400
749	1401
750	1253
751	873
751	1078
751	1173
751	1604
752	822
752	1552
753	944
753	1034
754	1539
755	1071
755	1508
756	1237
756	1523
757	1166
757	1205
757	1225
758	909
758	1292
758	1436
758	1544
759	917
759	1583
760	1012
760	1032
760	1367
760	1376
761	763
761	1116
761	1321
761	1630
763	1158
764	1295
764	1369
765	1228
765	1328
766	811
767	913
767	949
767	1682
768	1241
768	1467
768	1558
769	1682
771	802
772	1093
773	1190
775	991
775	1498
776	1056
777	1173
779	1610
780	1495
780	1536
780	1546
780	1679
781	1129
782	983
783	816
783	1136
784	1419
785	1024
785	1374
785	1435
786	1249
788	1420
788	1692
789	964
789	1439
789	1472
789	1640
790	952
790	962
790	1073
790	1399
791	1445
791	1685
792	1383
793	1691
794	1011
794	1337
795	975
795	1469
796	890
796	1033
796	1214
796	1504
797	1046
797	1469
797	1694
798	1208
798	1329
798	1683
799	922
800	1694
801	838
801	851
801	1079
802	1578
803	1195
804	892
804	1312
804	1315
805	1612
806	901
806	1344
807	1282
807	1460
808	902
808	958
808	1062
809	1055
810	1439
811	1378
812	1422
813	1359
814	1343
814	1518
815	924
816	1109
817	924
818	864
818	890
818	1098
818	1416
818	1558
818	1608
818	1697
819	873
819	1029
820	867
820	928
821	1268
821	1696
822	1235
823	966
823	1506
823	1607
823	1671
824	939
824	946
824	1219
824	1471
826	1021
827	977
827	1403
829	1220
829	1345
830	974
831	994
831	1056
832	1313
833	1392
833	1587
834	1217
834	1482
834	1527
835	863
835	888
835	1100
836	1066
836	1078
836	1439
837	1368
837	1392
839	1411
839	1569
841	1055
841	1160
842	1346
844	1335
844	1450
844	1472
844	1487
845	1209
845	1659
845	1676
846	1095
846	1274
846	1429
847	1091
847	1147
847	1476
847	1523
848	886
848	905
848	1008
848	1322
849	1428
850	1198
850	1321
850	1409
851	1515
852	1690
853	1088
853	1094
853	1188
853	1202
855	1387
855	1599
856	993
856	1011
856	1373
856	1439
857	962
857	1114
857	1211
858	1153
858	1441
859	1407
861	1310
861	1571
862	949
863	1319
864	994
864	1638
865	1173
868	1090
868	1201
868	1581
869	911
869	913
870	1383
870	1539
871	1489
872	1140
874	1368
874	1472
875	1458
876	1112
876	1209
876	1472
879	937
879	1287
879	1348
879	1452
879	1584
880	957
880	1279
881	1508
882	1066
882	1165
882	1171
883	1025
883	1305
883	1475
885	1058
885	1262
885	1330
886	1154
886	1548
886	1553
886	1579
887	938
887	1594
887	1603
888	1365
888	1411
888	1693
889	926
889	1000
889	1305
889	1613
889	1696
890	1202
890	1483
891	952
891	1370
891	1488
891	1503
891	1512
892	1198
892	1594
893	1088
893	1180
893	1386
893	1526
893	1644
894	980
894	1321
895	1043
895	1294
895	1538
896	1249
897	986
897	1171
897	1464
898	1608
899	1320
901	1222
902	946
902	1392
904	1095
904	1186
904	1568
905	1407
906	930
906	1667
907	920
907	1260
908	954
909	1351
910	1092
910	1596
912	1521
912	1661
913	946
913	1114
913	1294
914	1013
914	1160
915	1126
915	1207
915	1247
915	1407
915	1424
915	1542
916	968
916	998
917	1056
917	1187
917	1617
918	1480
918	1501
919	1254
919	1620
920	1573
921	1081
921	1470
921	1569
922	1388
922	1424
922	1560
923	948
923	1556
924	1137
925	1097
925	1108
925	1215
925	1420
926	1019
926	1371
926	1380
926	1522
927	1042
927	1532
928	1074
928	1341
928	1385
928	1471
928	1522
929	1517
930	1351
930	1448
930	1619
932	1340
932	1557
933	1035
933	1638
934	1243
934	1274
934	1534
936	944
936	996
936	1232
936	1243
938	1571
939	1465
940	1569
941	1131
941	1353
941	1539
942	1156
942	1600
943	1294
944	1093
944	1521
945	1291
945	1497
946	1139
947	1218
947	1500
948	1271
948	1460
948	1514
948	1656
950	1380
950	1436
950	1618
951	1612
952	1655
954	984
954	1085
954	1350
954	1509
954	1624
955	1148
956	1416
956	1504
957	1036
958	1183
958	1287
958	1448
958	1451
959	1022
959	1113
959	1377
959	1686
960	1588
961	1114
961	1577
962	1161
962	1165
962	1462
963	1244
964	1302
965	1025
965	1117
965	1640
967	1189
967	1230
968	983
969	1032
969	1434
969	1592
970	1034
970	1365
970	1598
971	1451
972	1691
973	1202
973	1647
974	1419
974	1540
975	1469
976	1184
976	1627
976	1651
977	1160
977	1282
978	1383
978	1627
978	1697
979	1042
979	1089
979	1539
981	1474
982	1257
983	1208
983	1591
984	1029
984	1044
985	1102
985	1404
986	1639
987	1253
988	1192
988	1529
988	1554
988	1698
991	1287
991	1636
992	1479
993	1192
993	1648
993	1693
994	1066
995	1293
996	1048
996	1066
996	1264
996	1288
997	1240
999	1549
1000	1286
1000	1443
1000	1646
1000	1650
1001	1447
1002	1080
1002	1190
1002	1207
1002	1324
1003	1069
1004	1091
1004	1429
1004	1558
1005	1188
1005	1375
1005	1382
1008	1266
1008	1509
1009	1065
1009	1391
1009	1393
1011	1659
1012	1140
1013	1581
1014	1114
1014	1452
1015	1367
1016	1416
1016	1468
1016	1511
1017	1097
1017	1243
1017	1669
1018	1050
1018	1131
1018	1617
1018	1663
1020	1372
1021	1029
1021	1582
1021	1588
1022	1031
1022	1377
1022	1534
1024	1313
1025	1395
1026	1433
1026	1551
1027	1148
1027	1273
1028	1083
1028	1100
1028	1397
1029	1464
1029	1619
1030	1657
1031	1070
1032	1382
1033	1509
1035	1040
1035	1638
1037	1450
1038	1647
1039	1089
1039	1544
1039	1554
1040	1440
1042	1281
1042	1602
1042	1629
1043	1304
1044	1573
1046	1127
1046	1670
1046	1689
1047	1081
1047	1549
1048	1245
1048	1579
1048	1608
1049	1060
1049	1121
1050	1081
1050	1256
1051	1276
1051	1391
1053	1177
1054	1062
1054	1562
1055	1219
1055	1298
1055	1573
1058	1484
1058	1604
1059	1535
1060	1114
1061	1670
1062	1581
1064	1538
1065	1579
1066	1297
1067	1218
1068	1218
1068	1396
1068	1551
1069	1258
1069	1420
1071	1469
1073	1155
1073	1572
1075	1378
1075	1512
1076	1098
1076	1105
1076	1134
1076	1668
1078	1110
1078	1506
1079	1252
1079	1520
1080	1355
1082	1189
1082	1338
1082	1635
1083	1149
1084	1680
1085	1109
1085	1231
1085	1361
1085	1502
1085	1584
1086	1120
1086	1598
1089	1127
1089	1165
1089	1299
1090	1214
1090	1244
1091	1175
1091	1391
1091	1430
1091	1535
1091	1557
1091	1635
1092	1675
1095	1127
1095	1158
1095	1543
1096	1321
1097	1135
1097	1681
1098	1120
1098	1396
1099	1190
1099	1430
1101	1377
1101	1566
1102	1562
1103	1673
1104	1155
1105	1550
1106	1114
1106	1573
1107	1332
1107	1427
1107	1495
1109	1169
1109	1365
1109	1538
1110	1321
1111	1312
1111	1317
1111	1334
1112	1315
1113	1138
1113	1156
1113	1669
1117	1227
1117	1391
1118	1124
1118	1197
1118	1595
1119	1347
1119	1525
1120	1205
1120	1571
1121	1210
1122	1349
1123	1164
1125	1159
1125	1185
1126	1384
1126	1423
1127	1356
1128	1241
1129	1373
1129	1466
1130	1595
1131	1616
1132	1151
1132	1169
1132	1465
1133	1144
1133	1645
1135	1614
1136	1600
1137	1420
1137	1580
1138	1151
1138	1383
1139	1166
1139	1191
1139	1327
1140	1217
1140	1397
1140	1516
1141	1257
1142	1230
1142	1360
1143	1429
1146	1307
1146	1476
1147	1155
1148	1618
1150	1427
1151	1161
1153	1189
1153	1478
1153	1633
1153	1688
1153	1693
1154	1260
1154	1474
1156	1232
1158	1489
1159	1358
1160	1181
1161	1510
1162	1442
1162	1549
1163	1532
1164	1601
1164	1692
1166	1589
1167	1627
1168	1184
1168	1688
1169	1316
1170	1563
1170	1571
1170	1615
1171	1626
1172	1401
1172	1405
1173	1179
1176	1399
1176	1588
1177	1351
1177	1502
1178	1580
1181	1333
1182	1306
1184	1560
1185	1219
1185	1623
1187	1468
1187	1541
1188	1226
1188	1281
1188	1426
1190	1280
1190	1281
1190	1367
1190	1436
1191	1348
1191	1435
1191	1633
1192	1357
1193	1352
1193	1488
1193	1610
1193	1684
1195	1523
1197	1608
1202	1273
1202	1306
1204	1588
1205	1401
1206	1241
1206	1458
1206	1535
1209	1224
1210	1673
1212	1276
1215	1450
1216	1328
1216	1439
1216	1522
1218	1592
1219	1222
1219	1356
1222	1324
1222	1484
1223	1314
1223	1489
1225	1420
1226	1281
1227	1480
1228	1341
1228	1539
1229	1233
1229	1463
1230	1474
1232	1303
1234	1583
1235	1450
1235	1624
1235	1641
1239	1661
1240	1638
1242	1494
1243	1263
1247	1412
1247	1681
1248	1293
1248	1652
1248	1677
1249	1459
1250	1501
1251	1685
1252	1499
1253	1447
1255	1389
1256	1560
1257	1487
1257	1544
1259	1375
1259	1497
1260	1579
1261	1604
1261	1622
1263	1357
1263	1447
1263	1513
1265	1296
1265	1489
1268	1561
1270	1432
1271	1275
1271	1474
1271	1682
1272	1319
1272	1526
1275	1300
1275	1598
1276	1452
1276	1659
1276	1675
1277	1590
1281	1482
1283	1365
1284	1461
1284	1497
1284	1681
1285	1418
1285	1609
1286	1498
1289	1499
1291	1471
1291	1695
1293	1643
1294	1333
1294	1337
1294	1581
1294	1653
1295	1683
1297	1529
1298	1603
1299	1539
1299	1570
1299	1639
1301	1312
1302	1424
1302	1565
1305	1538
1305	1545
1306	1570
1307	1529
1310	1541
1310	1566
1312	1388
1312	1442
1314	1361
1314	1507
1315	1505
1315	1548
1316	1381
1316	1451
1317	1647
1318	1395
1318	1509
1318	1564
1318	1571
1319	1632
1320	1353
1320	1376
1320	1605
1321	1322
1321	1538
1322	1567
1324	1473
1324	1579
1325	1523
1327	1358
1327	1646
1328	1610
1329	1432
1333	1426
1333	1517
1334	1360
1336	1646
1339	1349
1340	1434
1341	1485
1341	1562
1345	1456
1345	1526
1347	1402
1351	1401
1351	1471
1351	1554
1352	1463
1352	1480
1352	1484
1358	1565
1359	1453
1363	1655
1363	1659
1364	1689
1366	1687
1366	1689
1371	1680
1373	1565
1374	1388
1375	1423
1377	1396
1377	1498
1377	1513
1378	1523
1382	1511
1383	1421
1384	1690
1386	1510
1386	1555
1386	1655
1389	1486
1389	1550
1390	1629
1391	1458
1391	1636
1395	1608
1396	1687
1401	1654
1403	1419
1404	1554
1406	1641
1408	1585
1409	1483
1410	1466
1411	1652
1412	1695
1413	1486
1418	1507
1418	1639
1420	1558
1420	1663
1423	1424
1423	1471
1425	1637
1426	1581
1426	1636
1430	1485
1431	1434
1432	1624
1433	1674
1434	1622
1436	1609
1437	1454
1437	1640
1438	1576
1439	1694
1440	1509
1440	1625
1440	1676
1446	1694
1449	1454
1449	1520
1449	1574
1450	1564
1452	1463
1454	1612
1460	1504
1460	1548
1460	1569
1460	1631
1464	1469
1467	1474
1471	1506
1471	1612
1471	1623
1471	1679
1472	1628
1473	1533
1474	1597
1475	1492
1476	1486
1482	1522
1482	1544
1484	1639
1486	1627
1487	1587
1489	1678
1490	1573
1493	1569
1493	1598
1494	1569
1497	1630
1497	1678
1502	1612
1502	1640
1504	1634
1504	1637
1508	1534
1509	1543
1509	1675
1510	1578
1514	1588
1514	1597
1520	1557
1521	1536
1524	1560
1524	1640
1525	1648
1526	1648
1527	1647
1530	1599
1531	1566
1536	1584
1540	1682
1544	1628
1545	1572
1546	1672
1548	1570
1550	1679
1554	1624
1558	1665
1561	1670
1564	1684
1568	1574
1568	1653
1568	1661
1572	1689
1575	1666
1577	1622
1579	1644
1581	1587
1582	1676
1584	1598
1588	1609
1588	1672
1591	1671
1593	1640
1595	1606
1598	1662
1599	1635
1602	1647
1604	1607
1606	1684
1607	1695
1614	1626
1614	1649
1638	1687
1643	1663
1645	1655
1660	1670
1662	1665
1676	1680