0	23
0	583
0	1013
0	1430
1	68
1	121
1	1047
1	1082
1	1259
2	601
3	137
3	698
3	716
3	1137
4	894
4	1157
4	1210
4	1263
4	1476
4	1625
5	85
5	974
5	1307
5	1563
6	421
6	1212
7	275
7	286
7	795
7	879
7	925
8	224
8	534
8	682
8	1497
9	78
9	379
9	572
9	988
9	1293
9	1308
9	1385
10	327
10	744
10	1548
10	1678
11	1201
11	1466
11	1595
12	137
12	197
12	797
12	850
12	1553
13	685
13	810
13	1036
13	1519
13	1544
13	1683
13	1689
14	34
14	375
14	650
14	982
14	1588
15	1149
15	1215
15	1380
15	1682
16	169
16	940
16	1015
16	1174
16	1225
17	68
17	138
17	1277
17	1330
18	469
18	875
18	996
19	321
19	494
19	774
19	1037
19	1147
19	1518
20	79
20	93
20	281
20	479
21	83
21	1057
21	1155
21	1456
22	60
22	126
22	731
22	1008
22	1031
23	799
23	1138
23	1490
23	1623
24	231
24	490
24	500
24	593
24	989
24	1081
24	1271
24	1608
25	769
26	35
26	603
26	926
26	1132
26	1172
26	1574
27	53
27	886
27	1011
27	1192
27	1543
27	1593
28	257
28	1687
29	632
29	666
29	1371
30	127
30	297
31	32
31	297
31	660
31	810
31	1505
32	194
32	228
32	877
32	1097
32	1508
32	1672
33	137
33	866
33	1067
33	1369
33	1500
34	211
34	213
34	902
34	1056
34	1174
34	1275
34	1475
34	1525
35	114
35	358
35	780
35	1196
35	1597
36	166
36	1397
37	192
37	510
37	620
37	1643
37	1661
38	57
38	532
38	558
38	714
38	1198
38	1666
39	105
39	782
39	946
39	1678
40	1003
40	1375
40	1463
40	1635
41	283
41	1079
41	1354
41	1618
41	1687
42	329
42	651
42	740
42	1236
42	1603
42	1615
43	728
43	920
43	1268
43	1379
44	1065
44	1346
44	1648
44	1674
45	246
45	297
45	521
45	1019
45	1217
45	1489
45	1653
46	256
46	364
46	940
46	1622
47	426
47	806
47	1084
47	1429
48	1178
48	1209
48	1350
49	303
49	1046
50	146
50	538
50	807
50	1503
51	185
51	237
51	313
51	671
51	761
51	1579
52	515
52	1635
53	245
53	682
53	1146
53	1379
54	551
54	566
54	917
54	1443
54	1582
55	229
55	532
56	529
56	679
56	767
56	1245
56	1308
57	299
57	1171
57	1589
58	1290
59	208
59	578
59	1643
60	122
60	378
60	780
60	900
60	958
61	240
61	504
61	963
61	1135
61	1151
62	109
62	994
62	1113
62	1114
62	1545
63	594
63	746
63	1121
63	1557
64	583
64	905
65	581
65	676
65	706
65	769
65	1058
66	372
66	581
66	687
66	849
66	1636
67	185
67	1198
67	1269
68	225
68	796
68	874
68	1694
69	161
69	242
69	489
69	914
69	1330
69	1539
69	1567
69	1577
70	451
71	125
71	305
71	415
71	746
71	933
71	1266
71	1510
72	1697
73	302
73	482
73	975
74	217
74	386
74	402
74	1594
75	251
75	1438
75	1578
75	1625
76	412
76	966
76	1259
76	1267
76	1390
77	495
77	1115
77	1517
78	357
78	1010
78	1607
79	166
79	223
79	807
79	1049
79	1133
79	1309
79	1394
79	1588
80	1120
80	1583
81	405
81	424
81	1483
82	127
82	161
82	461
82	521
82	544
82	827
82	1323
82	1651
83	265
83	481
83	1536
84	650
84	931
84	946
84	1138
85	148
85	353
85	625
85	844
85	1056
85	1115
85	1428
85	1640
86	106
86	560
86	1189
86	1472
86	1585
87	587
87	847
87	957
87	1040
87	1450
87	1631
88	165
89	442
89	937
90	358
90	397
90	487
90	641
90	693
90	710
91	897
91	1056
92	558
92	718
92	768
93	494
93	1015
93	1128
93	1303
93	1565
93	1681
94	406
94	470
94	1607
95	868
96	273
96	322
96	612
96	755
96	1378
96	1424
96	1548
97	247
97	391
97	1331
98	625
98	1016
98	1381
98	1665
99	1575
100	304
101	167
101	606
101	902
101	1100
102	220
102	850
103	544
103	558
103	836
103	1129
103	1286
103	1333
104	139
104	1149
104	1189
104	1659
105	735
105	1249
105	1289
106	133
106	145
106	212
106	230
106	818
106	993
107	235
107	469
107	850
107	925
107	1055
107	1183
108	694
108	1496
109	176
109	219
109	776
109	781
109	1183
109	1220
110	785
110	999
111	1345
111	1353
111	1583
112	281
113	512
113	989
114	285
114	326
114	1290
114	1371
114	1619
115	743
115	1119
115	1514
115	1551
116	294
116	571
116	1353
116	1430
117	248
117	333
117	1141
117	1579
117	1585
118	601
118	1229
118	1387
118	1535
119	369
120	199
120	425
120	1528
120	1681
121	873
121	925
121	1611
122	715
122	743
122	1335
122	1426
122	1453
122	1458
123	155
123	328
123	1123
123	1210
123	1334
123	1454
123	1463
124	388
124	558
124	1225
124	1411
125	530
125	868
125	946
126	907
126	1065
126	1393
126	1434
126	1670
127	847
127	1185
127	1402
128	259
128	561
128	745
128	884
128	1222
128	1225
128	1377
128	1519
129	520
129	583
129	678
129	1192
129	1302
130	136
131	486
131	578
131	931
132	160
132	321
132	364
132	463
132	594
132	639
132	986
132	1527
133	964
133	1045
133	1066
133	1601
133	1618
134	181
134	732
134	867
134	1415
135	161
135	501
135	1687
136	414
136	760
136	770
136	1449
136	1469
137	611
137	686
137	868
137	896
137	919
138	734
138	1653
139	1168
140	367
140	758
141	439
142	1560
143	703
143	1040
143	1630
144	754
144	866
145	157
145	785
146	1211
146	1266
147	216
147	1291
148	299
148	683
148	891
148	1074
149	364
149	628
149	650
149	733
149	973
149	1129
149	1243
149	1245
149	1448
149	1544
150	819
151	539
151	1140
151	1412
151	1527
152	1624
153	476
153	524
153	766
153	786
153	884
153	1002
153	1361
153	1537
154	664
154	848
154	1193
154	1256
154	1616
154	1699
155	298
155	559
155	715
155	1250
155	1372
156	324
156	623
156	1155
157	207
157	414
158	438
158	1114
158	1459
159	351
159	1146
160	218
160	1100
160	1182
160	1591
161	464
161	734
161	956
161	1378
161	1686
162	318
162	444
162	602
162	804
162	1228
163	645
163	703
163	1147
164	470
164	505
164	626
164	1443
164	1448
164	1474
164	1606
165	318
166	397
166	1181
166	1210
166	1366
166	1567
167	410
167	791
167	1106
168	1014
168	1533
169	824
170	424
170	894
170	1039
170	1163
170	1304
170	1332
170	1433
171	523
171	1268
171	1301
171	1350
171	1519
172	443
172	905
172	1247
172	1629
173	1553
174	219
174	649
174	867
174	1572
175	528
175	995
176	361
176	605
176	731
176	750
176	1390
176	1683
177	528
177	762
177	1055
177	1391
178	862
178	1230
178	1290
178	1569
179	496
179	1467
179	1551
180	568
180	1094
181	682
181	1424
182	261
182	1010
182	1130
183	415
183	986
184	245
184	585
185	216
185	459
185	1018
185	1133
185	1554
185	1568
185	1699
186	197
186	1092
187	889
187	1060
188	1319
188	1419
188	1670
189	255
189	279
189	838
189	1235
189	1485
189	1621
190	398
190	486
190	621
190	953
190	991
190	1253
191	767
191	1203
191	1367
192	1023
192	1139
192	1225
192	1302
192	1306
192	1606
193	618
193	933
193	1166
193	1306
193	1549
194	717
194	1337
194	1343
194	1563
195	260
195	693
195	891
195	1184
195	1279
195	1564
196	205
196	451
196	483
196	1247
196	1565
197	454
197	767
197	1021
197	1160
197	1167
198	417
198	571
198	696
199	332
199	537
199	1181
200	723
200	999
200	1475
201	445
201	449
201	1650
202	254
203	291
203	515
203	614
203	735
203	1276
203	1305
204	1147
205	990
205	1169
206	1362
207	904
207	1395
208	538
208	675
208	865
208	996
208	1005
208	1225
208	1226
209	316
209	683
209	1404
209	1449
209	1592
210	562
210	748
210	1012
210	1401
210	1604
211	362
211	437
211	1579
212	320
212	462
212	820
213	412
213	519
213	561
213	763
213	1077
213	1670
214	716
214	1259
215	624
215	872
215	881
215	980
215	1550
216	671
216	684
216	827
216	1637
217	537
217	1280
218	307
218	604
218	684
218	1284
218	1362
219	396
219	577
219	949
219	1162
219	1487
219	1626
220	325
220	440
220	673
220	687
220	725
220	1240
220	1375
220	1384
221	446
221	553
221	643
221	1067
221	1149
222	496
222	1057
222	1494
222	1579
223	884
224	330
224	376
224	1094
224	1349
225	1283
225	1297
225	1642
226	877
226	972
226	1248
226	1272
227	1674
228	429
228	488
228	1146
228	1435
229	249
229	317
229	343
229	458
229	1085
229	1679
230	330
230	679
230	1224
230	1390
230	1431
231	553
231	1049
231	1375
231	1395
231	1619
232	270
232	523
232	676
232	688
232	1052
233	252
233	1201
233	1383
234	377
234	753
234	895
234	924
234	1171
234	1361
234	1484
235	770
235	1106
235	1110
235	1472
236	516
236	773
236	1187
237	503
237	686
238	867
238	1470
238	1554
239	259
239	410
240	401
240	565
240	958
240	1104
240	1335
240	1345
240	1394
241	299
241	430
241	654
241	949
241	1050
241	1450
242	343
242	378
242	745
242	912
242	1140
242	1218
242	1604
243	375
243	1109
243	1136
243	1363
243	1537
244	549
244	641
244	688
244	1422
244	1484
245	931
246	307
246	581
246	851
246	932
246	1682
247	666
247	1116
247	1488
248	714
248	763
248	1344
248	1347
248	1401
248	1463
248	1679
249	377
249	668
250	593
250	917
250	934
250	1078
251	546
251	606
251	1000
251	1078
251	1083
251	1301
252	276
252	1322
252	1348
252	1573
253	386
253	481
253	730
253	854
253	1040
253	1501
253	1509
254	528
254	558
254	763
254	860
254	1109
254	1267
254	1468
255	1063
256	1000
256	1025
256	1032
256	1038
256	1657
257	927
257	1109
257	1522
257	1675
257	1695
258	986
258	1153
258	1178
258	1210
258	1481
259	540
260	422
260	435
261	354
261	1126
261	1516
262	342
262	520
262	777
263	832
263	1261
264	668
264	1447
264	1482
264	1494
265	454
265	520
265	660
265	1051
265	1499
266	397
266	630
266	1308
267	319
267	719
267	1133
267	1192
267	1386
268	403
268	595
268	962
268	966
268	1047
269	301
269	458
269	761
269	1069
270	473
271	594
271	1167
272	299
273	323
274	685
274	864
274	1064
274	1329
274	1370
275	404
275	816
275	1057
275	1496
276	500
276	874
276	958
277	463
277	1513
277	1537
278	405
279	1487
280	1133
281	790
281	1125
281	1142
281	1322
281	1402
281	1529
282	1188
282	1610
283	466
283	827
283	1309
284	753
284	789
284	854
284	1195
284	1208
284	1318
284	1586
285	618
285	897
285	1632
286	1200
286	1312
286	1439
287	728
287	1491
288	672
288	879
288	1060
288	1284
288	1351
288	1432
289	535
289	730
289	816
289	905
289	1057
289	1348
289	1698
290	787
290	899
290	1138
290	1413
291	424
291	467
291	954
292	708
293	509
293	911
293	1128
293	1301
294	537
294	603
294	671
294	755
294	846
294	1306
294	1473
295	434
295	827
295	962
295	1572
296	651
296	939
296	1092
296	1112
297	370
297	1081
298	1101
298	1265
298	1420
298	1633
299	668
299	928
300	855
300	1103
300	1386
300	1600
301	495
301	946
301	1470
301	1587
303	813
303	1581
304	534
304	602
304	1225
304	1582
304	1659
306	322
306	1126
306	1267
306	1348
306	1390
307	579
307	743
307	805
307	1052
307	1336
308	1458
308	1587
309	754
309	892
309	1250
309	1524
310	1081
310	1200
311	349
312	896
313	1031
313	1599
314	377
314	974
314	1470
315	751
315	1615
316	337
316	724
316	1102
316	1384
317	839
318	1548
319	328
319	639
319	1470
319	1606
320	472
320	550
320	748
320	1178
320	1216
320	1689
321	586
321	767
321	811
321	1152
322	489
322	889
322	891
322	1085
322	1375
322	1408
323	555
323	966
323	1274
323	1279
324	881
324	1273
324	1625
325	454
325	608
325	1225
325	1380
326	571
326	648
326	1070
327	523
327	605
328	676
328	711
328	1058
328	1084
328	1572
328	1584
328	1674
329	551
329	776
329	982
329	1238
329	1268
329	1358
330	941
330	1191
330	1262
330	1396
330	1406
330	1599
331	623
331	636
331	1130
331	1157
331	1220
331	1479
332	346
332	655
332	1359
332	1684
333	886
333	1413
333	1671
334	427
334	429
334	550
334	775
334	828
334	996
335	971
335	1368
335	1655
336	502
336	1284
336	1660
337	387
337	547
337	576
337	887
337	1360
337	1598
338	478
338	874
339	917
340	462
340	1122
340	1214
340	1466
341	720
341	1346
341	1390
342	801
342	1322
342	1409
342	1665
342	1697
343	724
343	1367
343	1554
343	1604
344	606
344	717
344	732
344	1214
345	1592
346	492
346	583
346	606
346	1016
346	1117
346	1396
347	420
347	1069
347	1232
347	1293
347	1601
348	468
348	753
348	1130
348	1230
349	487
349	771
349	1041
349	1062
349	1268
349	1341
349	1591
350	611
350	697
350	1032
351	768
351	1458
351	1613
352	353
352	516
352	789
352	1255
352	1648
353	432
353	440
353	1630
353	1695
354	577
354	1374
354	1464
354	1648
355	870
355	901
355	1315
355	1548
356	568
356	686
356	1192
356	1682
357	714
357	956
357	1143
358	703
358	771
358	1492
359	430
359	984
359	1080
359	1202
359	1581
360	725
361	637
361	1489
362	469
362	767
362	826
362	883
362	1108
362	1237
362	1299
362	1642
363	497
363	1180
363	1223
364	679
364	934
364	955
364	1566
365	722
366	389
366	443
366	1039
366	1325
367	508
367	562
367	803
368	583
368	1126
368	1240
368	1380
369	530
369	1045
369	1106
369	1210
370	376
370	1100
370	1213
371	1433
371	1482
372	713
372	1072
372	1216
372	1525
372	1594
372	1632
373	942
374	605
374	1146
374	1497
374	1586
375	582
375	1555
376	1666
377	718
377	840
377	1294
377	1599
378	656
378	845
378	922
378	1400
378	1530
378	1554
379	1276
379	1302
379	1349
379	1518
380	482
380	559
380	767
380	891
380	897
380	1393
380	1472
381	768
382	1000
382	1172
382	1456
383	430
383	1452
384	1413
385	400
386	501
386	688
386	871
386	908
386	1090
387	696
387	938
387	1432
387	1679
388	629
388	1349
388	1669
389	390
389	1169
389	1247
390	1336
391	957
391	1236
391	1465
392	672
392	1175
393	560
394	662
394	1507
394	1546
395	534
395	846
395	1056
395	1108
395	1465
396	967
397	647
397	822
397	1036
397	1072
397	1227
397	1305
397	1389
397	1392
397	1427
397	1442
398	817
398	1268
399	506
400	521
400	685
400	1092
401	630
401	738
401	776
401	1008
401	1284
401	1292
401	1392
401	1679
402	432
402	441
402	479
402	507
402	511
402	813
402	1222
402	1599
403	789
403	798
403	1296
404	837
404	1420
405	862
405	1476
405	1491
406	998
406	1207
407	1035
408	422
408	827
408	835
408	845
408	1563
409	416
409	1045
410	1256
410	1491
410	1562
411	446
411	609
411	898
411	1242
411	1351
411	1528
412	871
413	600
413	1317
414	863
414	1146
414	1638
416	857
416	1429
416	1505
417	979
417	1461
418	953
418	1648
419	458
419	1328
420	907
421	1075
421	1084
422	642
422	1657
423	763
423	882
423	904
423	927
424	671
424	763
424	1545
425	798
425	976
425	1006
425	1017
425	1198
425	1345
425	1414
425	1466
426	1146
426	1369
427	1364
428	973
428	1409
429	924
430	557
430	836
430	922
430	954
430	1044
430	1432
431	1115
431	1546
431	1580
432	583
433	592
433	936
433	943
433	1097
433	1590
433	1631
434	446
434	448
434	473
434	935
434	958
434	976
434	1162
434	1328
434	1640
435	1035
435	1318
435	1340
435	1497
436	808
438	608
438	872
438	926
439	553
439	574
439	1500
440	625
440	700
440	1112
441	668
441	835
441	911
441	1569
442	767
442	1564
442	1576
443	993
443	1168
443	1332
443	1635
444	492
444	632
444	858
444	1049
444	1114
444	1501
444	1688
445	511
445	880
445	1524
446	566
446	630
446	1069
446	1108
446	1164
446	1671
447	509
447	1227
448	575
448	718
448	890
449	983
449	1497
449	1605
450	853
450	1039
450	1131
450	1136
450	1245
450	1414
451	916
451	1120
451	1321
452	1510
452	1565
453	1056
453	1211
453	1581
454	950
454	976
454	1526
454	1658
455	593
455	710
456	834
456	1100
456	1351
457	557
457	632
457	699
457	1128
457	1273
458	770
458	894
458	951
458	1182
458	1303
458	1608
459	1184
459	1396
460	667
460	1674
461	589
461	1302
462	848
462	961
462	996
462	1369
462	1515
463	705
463	1051
463	1371
464	614
464	901
464	1020
464	1129
464	1299
464	1678
465	744
465	1045
465	1257
465	1579
466	735
466	1432
467	1387
467	1466
467	1686
468	820
468	1516
469	490
469	495
470	829
470	1636
471	1106
471	1143
471	1148
471	1210
471	1417
471	1683
472	821
472	934
472	1265
472	1658
472	1674
472	1679
473	633
473	794
473	832
473	1231
473	1418
473	1498
474	708
475	556
475	778
475	1362
475	1521
476	618
476	916
476	1563
476	1597
476	1621
477	1400
478	1076
478	1233
478	1343
478	1502
479	751
479	1053
479	1204
480	650
480	1261
480	1405
481	810
481	1101
481	1236
481	1367
481	1621
482	1136
482	1502
483	671
483	1000
484	521
484	786
485	610
485	790
485	1536
486	1056
486	1124
487	810
487	1627
489	661
490	1095
490	1124
490	1465
490	1480
491	530
491	948
491	1408
491	1485
492	511
492	1671
493	1265
493	1423
493	1453
494	1572
495	536
495	792
495	962
495	1135
495	1252
495	1466
495	1498
496	638
496	729
496	1186
496	1577
496	1654
497	680
497	850
497	1254
497	1299
498	514
498	600
498	835
498	953
499	683
499	911
499	948
499	1439
500	681
500	1088
500	1193
501	981
501	1185
501	1250
501	1436
502	1298
503	522
503	676
503	833
503	1087
503	1291
503	1567
504	760
504	909
504	1184
504	1374
505	810
505	1383
506	1164
507	1160
508	666
508	922
508	1465
509	774
509	1465
510	1292
510	1433
510	1569
511	529
511	783
511	1017
512	618
512	636
512	939
513	1001
513	1018
513	1059
513	1519
514	741
514	953
514	1433
515	805
515	833
515	955
516	1299
517	1116
517	1482
518	559
518	795
518	1060
518	1095
519	643
519	749
519	1088
519	1552
520	793
520	1267
520	1590
520	1651
521	545
521	1198
521	1374
523	604
523	969
523	1021
523	1059
523	1291
523	1450
523	1653
524	1024
524	1493
524	1589
524	1682
525	1108
525	1326
525	1532
526	812
526	1182
527	1032
527	1098
527	1285
527	1487
528	1397
528	1597
528	1610
529	613
529	1123
529	1162
529	1664
530	1422
531	565
531	632
531	838
531	951
532	1432
533	704
533	983
534	599
535	1480
535	1552
535	1630
536	840
536	1489
537	876
537	1089
537	1246
537	1421
538	852
539	848
539	1000
539	1126
539	1551
539	1573
540	705
540	1009
540	1454
541	609
541	1367
542	1239
542	1472
542	1595
543	993
544	1051
544	1139
544	1252
544	1646
545	1094
547	631
547	695
547	875
547	1183
548	1578
549	720
549	1527
550	1564
551	827
551	910
552	918
552	989
552	1393
552	1626
552	1677
553	1230
553	1529
553	1692
554	1193
554	1285
555	1124
555	1473
556	682
556	892
556	1364
556	1403
557	661
557	825
557	1255
558	573
558	1457
558	1525
558	1619
559	755
559	970
559	1287
559	1545
560	857
560	1038
562	691
562	1076
562	1214
562	1326
563	1254
563	1540
564	823
564	845
564	1256
564	1275
564	1443
564	1560
564	1596
564	1647
565	653
565	968
565	1087
565	1184
565	1210
566	1352
567	640
567	642
568	1128
569	656
569	845
569	1674
570	1258
571	717
571	1340
571	1490
572	909
572	963
572	1464
573	813
573	870
573	916
573	1077
573	1353
573	1369
573	1384
573	1657
574	676
574	1128
574	1307
574	1345
574	1566
574	1596
575	1135
575	1286
576	1340
576	1438
577	811
577	1046
577	1496
578	596
578	1177
579	1350
579	1515
580	1170
580	1609
581	718
581	753
581	1257
581	1446
581	1638
582	651
582	1452
583	801
583	1196
584	701
584	819
584	945
584	1320
584	1597
584	1672
585	603
585	679
585	1286
586	1553
587	648
587	785
588	691
588	1023
588	1446
588	1543
589	1131
590	1140
590	1286
590	1580
591	1123
591	1270
591	1374
592	1185
593	925
593	1066
593	1080
593	1335
594	959
594	1113
595	611
595	1401
596	636
596	1041
596	1053
596	1108
597	727
597	809
597	1524
597	1616
597	1643
598	1186
599	1260
600	708
600	835
601	1019
602	897
602	1033
602	1560
603	838
603	893
603	1561
603	1636
604	626
604	657
604	752
604	1225
604	1417
604	1547
605	1633
606	762
606	1256
607	837
607	1551
608	1394
608	1679
609	653
609	780
609	1492
610	1162
610	1573
611	685
611	909
611	1397
611	1450
612	1023
612	1330
612	1402
612	1531
613	864
613	993
613	1105
613	1523
614	1222
615	1662
616	988
616	1114
616	1124
616	1201
616	1670
617	1013
617	1547
618	1155
618	1496
619	948
620	721
620	975
621	1267
622	853
622	1646
623	742
623	746
623	1278
623	1327
623	1469
624	695
624	1093
624	1259
624	1608
625	1590
626	706
626	978
626	1012
627	1050
627	1290
627	1453
627	1675
628	730
628	1465
628	1645
629	1521
630	794
630	1562
633	681
633	744
633	1019
633	1393
633	1431
634	917
634	1072
634	1414
635	719
635	1164
637	822
637	1127
637	1471
638	1016
638	1376
639	1189
640	689
640	1467
641	1248
642	780
642	923
642	1571
642	1636
643	1003
643	1269
644	762
644	1210
644	1407
644	1488
644	1553
645	670
645	1038
645	1473
646	997
646	1056
647	721
647	852
647	908
648	666
648	738
648	786
648	1180
648	1421
648	1509
649	1392
649	1617
650	1374
650	1400
650	1681
650	1683
651	729
651	1093
651	1214
652	1226
652	1508
652	1546
652	1592
653	799
653	1636
654	773
654	1121
654	1165
654	1362
654	1516
654	1609
655	815
655	1197
655	1527
656	1007
657	924
657	1466
658	727
658	1238
658	1272
658	1299
659	866
660	728
660	1017
660	1447
662	1031
662	1338
663	888
663	1385
664	901
664	1011
664	1093
664	1312
665	1553
666	854
666	891
666	1302
667	1184
668	761
668	1579
669	797
670	1037
672	1346
673	780
673	1289
673	1628
674	1155
674	1245
674	1382
675	1142
675	1146
675	1411
676	707
676	722
676	789
676	1297
676	1406
677	805
677	1096
678	1392
679	1595
680	895
680	941
680	1178
680	1415
680	1646
681	789
682	1243
682	1513
683	1295
683	1356
684	686
684	807
684	871
685	880
685	1488
685	1523
686	909
686	995
686	1547
687	1106
687	1375
688	917
688	929
688	958
688	1323
688	1662
689	779
689	1567
690	1029
690	1127
690	1184
690	1653
691	891
691	953
692	984
692	1154
693	835
694	800
694	949
694	1433
694	1660
695	952
695	964
695	971
695	1322
695	1552
696	1100
697	903
697	1077
697	1564
698	1333
698	1429
699	746
699	1058
699	1589
700	748
700	808
700	1223
702	1204
702	1359
704	767
704	854
704	1137
705	774
705	1562
706	724
706	1112
707	1493
707	1692
708	1129
708	1244
708	1460
708	1529
708	1581
709	1290
710	1047
710	1432
711	827
711	1416
712	795
712	1619
713	909
713	955
713	1022
713	1115
713	1145
716	834
716	1483
717	1012
718	1107
718	1277
718	1443
718	1590
719	1078
719	1240
719	1504
720	1284
720	1523
721	1355
721	1466
722	727
722	915
722	1021
722	1252
723	748
723	947
723	980
723	1454
723	1654
724	801
724	883
724	1116
724	1219
724	1385
726	1372
727	1135
727	1145
727	1177
728	1433
728	1526
729	1247
730	745
730	1249
730	1348
731	754
732	1124
733	1237
733	1399
733	1680
734	879
734	1027
734	1558
735	993
735	1196
735	1343
735	1553
736	1675
736	1695
737	908
737	1247
738	760
738	809
738	882
739	1561
740	1068
740	1093
740	1343
742	1387
742	1694
743	952
743	1035
743	1426
745	985
745	1186
745	1286
745	1509
746	782
746	1527
747	1210
747	1323
748	1135
749	783
749	1024
749	1551
750	900
750	1010
750	1605
751	1201
752	770
752	1557
753	1436
754	1076
754	1122
754	1630
755	961
755	968
755	1029
755	1562
756	1010
756	1281
756	1374
756	1598
757	766
758	766
758	1017
758	1158
758	1538
759	820
759	1429
760	790
760	848
760	1316
761	958
761	1359
761	1654
762	763
762	1381
763	1653
764	1170
764	1310
764	1427
764	1632
765	858
765	979
765	1064
765	1507
765	1580
765	1620
766	938
766	1089
767	1180
767	1237
767	1544
767	1561
768	900
768	1168
768	1649
769	772
769	963
769	1524
770	1034
770	1270
771	835
771	938
771	1162
771	1432
772	1263
772	1475
774	847
774	1345
775	1518
775	1661
776	836
776	1158
776	1165
776	1292
776	1386
777	807
777	845
777	997
777	1380
778	1565
778	1567
779	1025
779	1601
780	1014
780	1121
780	1429
780	1559
781	797
781	1346
781	1652
782	1144
783	1308
784	1598
785	1013
785	1371
786	905
786	1251
786	1263
787	1291
788	970
788	1269
789	1382
790	869
790	900
790	976
790	1139
791	921
791	1652
792	1011
792	1433
793	1047
793	1463
794	1234
794	1243
794	1296
796	1368
797	1453
798	1561
798	1629
799	902
799	1241
799	1608
800	1604
801	896
801	1447
802	818
802	1351
802	1659
803	1218
803	1620
804	1063
805	964
805	1477
806	1016
806	1560
806	1655
807	1016
808	965
809	1530
810	1575
811	1463
811	1589
812	1153
814	914
814	1109
814	1291
814	1381
814	1420
814	1493
815	1027
815	1207
816	949
816	1222
817	1047
817	1141
817	1459
817	1562
819	1442
820	994
820	1004
820	1486
821	966
821	1631
821	1660
822	1432
823	887
824	1016
824	1069
824	1686
825	1017
825	1454
825	1525
827	949
828	915
829	851
829	1183
829	1238
829	1265
830	1516
831	1272
832	949
835	1211
835	1296
835	1635
836	910
836	979
836	1416
837	1097
837	1289
837	1369
837	1499
837	1550
837	1615
839	1183
839	1351
839	1499
839	1533
840	842
840	863
840	964
840	980
840	1622
841	866
842	1196
842	1418
842	1668
843	1445
844	1264
844	1535
844	1679
845	1492
845	1515
845	1567
846	1118
846	1293
846	1639
847	1397
847	1415
847	1436
847	1689
849	929
849	1125
849	1421
850	1070
850	1211
851	1180
851	1535
852	891
852	1183
853	905
853	1301
853	1314
854	1489
855	911
855	1243
855	1614
856	1508
857	941
857	1413
857	1606
857	1667
858	1207
859	1271
859	1625
861	1148
861	1344
862	937
862	1191
863	1548
864	1323
864	1576
865	1170
865	1233
865	1355
866	1309
866	1382
868	905
869	1121
869	1696
870	997
871	928
871	1073
871	1638
872	1191
873	879
873	951
873	952
873	1302
873	1378
873	1610
873	1670
874	884
874	1381
875	1384
875	1642
876	1612
877	1014
877	1199
877	1532
877	1681
878	902
878	952
878	1575
878	1595
879	1493
879	1544
879	1616
880	1001
880	1184
880	1388
880	1550
880	1694
881	1508
883	1231
883	1549
883	1551
884	917
884	1120
885	1048
885	1404
885	1521
885	1648
886	1037
886	1205
887	1027
887	1147
887	1363
887	1550
888	1145
889	945
889	1019
889	1289
890	896
890	964
890	1077
890	1139
890	1543
892	1154
892	1401
893	901
893	941
893	1359
894	1134
894	1462
895	1643
895	1685
896	1222
897	1111
901	1632
902	1088
902	1383
902	1504
902	1557
902	1661
903	1068
903	1202
903	1317
904	1447
904	1684
905	1006
906	1006
907	1053
908	1004
908	1383
909	1352
910	1406
912	1270
912	1680
913	1512
913	1621
914	999
915	1099
916	1267
917	1096
917	1210
918	1073
919	1420
919	1486
921	1022
921	1182
923	1463
924	1290
925	986
925	1266
925	1304
925	1377
926	1086
929	1498
930	984
931	1285
932	1259
932	1399
932	1487
933	1019
934	1162
934	1276
935	1207
935	1435
936	1367
936	1380
936	1636
938	1223
938	1670
941	1234
942	1016
942	1125
943	1379
943	1431
944	1045
944	1047
944	1308
946	1524
946	1589
947	1047
947	1209
947	1620
948	1148
948	1413
948	1474
950	1094
950	1455
951	1210
952	1293
952	1313
952	1579
953	961
953	1585
956	1148
956	1336
957	1489
960	1165
960	1352
961	1495
961	1612
962	1180
962	1328
964	1162
964	1279
964	1519
964	1579
966	1078
966	1473
968	1263
968	1266
968	1475
969	1232
969	1465
969	1494
970	1164
971	1067
971	1288
971	1502
973	1158
973	1417
973	1543
973	1689
974	1546
975	1064
975	1579
976	1123
976	1189
976	1437
976	1652
977	1004
977	1550
977	1557
978	1049
978	1113
978	1120
978	1267
978	1351
978	1437
981	1563
981	1624
982	1206
984	1063
985	1150
985	1471
985	1548
986	1285
986	1471
987	990
987	1147
988	1082
988	1107
989	1408
990	1005
990	1149
990	1627
991	1101
991	1106
991	1253
992	1114
992	1286
992	1588
993	1509
993	1602
995	1433
996	1232
996	1591
997	1435
999	1010
999	1422
999	1492
1000	1225
1000	1277
1001	1359
1001	1433
1001	1530
1002	1174
1003	1069
1003	1089
1003	1175
1003	1401
1003	1503
1003	1616
1005	1329
1006	1158
1006	1569
1006	1631
1006	1696
1007	1068
1007	1201
1007	1481
1008	1248
1008	1388
1008	1623
1009	1066
1010	1030
1010	1494
1011	1566
1011	1633
1011	1684
1012	1553
1013	1198
1013	1340
1013	1432
1014	1312
1014	1396
1014	1490
1014	1528
1015	1093
1015	1254
1015	1413
1015	1443
1016	1247
1017	1493
1019	1106
1022	1472
1023	1556
1025	1469
1025	1606
1026	1062
1026	1178
1026	1312
1027	1142
1027	1351
1028	1190
1028	1656
1029	1201
1029	1329
1029	1419
1030	1143
1031	1170
1031	1304
1032	1646
1033	1119
1033	1134
1033	1311
1033	1401
1035	1078
1035	1539
1036	1290
1036	1398
1037	1525
1038	1090
1038	1301
1040	1216
1041	1128
1041	1578
1042	1116
1042	1421
1043	1298
1044	1459
1044	1571
1045	1474
1046	1163
1046	1359
1046	1498
1046	1565
1047	1445
1048	1344
1050	1378
1050	1437
1051	1184
1051	1218
1051	1638
1052	1115
1053	1144
1053	1307
1053	1380
1053	1482
1053	1675
1054	1172
1055	1210
1055	1236
1055	1241
1055	1589
1056	1348
1056	1436
1057	1405
1058	1180
1058	1401
1058	1524
1060	1069
1061	1173
1062	1524
1062	1563
1063	1115
1064	1065
1064	1570
1066	1506
1069	1284
1069	1594
1070	1092
1071	1626
1071	1649
1072	1350
1073	1163
1075	1099
1077	1247
1077	1263
1077	1500
1079	1305
1081	1382
1081	1657
1082	1404
1082	1438
1082	1440
1082	1487
1082	1659
1083	1109
1083	1154
1083	1240
1083	1259
1084	1568
1084	1693
1086	1347
1087	1503
1087	1541
1087	1565
1087	1607
1087	1612
1088	1157
1088	1479
1088	1604
1088	1606
1089	1092
1090	1259
1091	1303
1091	1344
1091	1568
1093	1424
1095	1326
1098	1212
1098	1542
1098	1618
1099	1418
1099	1536
1100	1221
1100	1309
1100	1448
1100	1546
1101	1104
1102	1262
1102	1498
1103	1583
1104	1379
1105	1155
1107	1189
1107	1283
1108	1289
1109	1338
1109	1649
1110	1322
1110	1575
1113	1181
1113	1447
1116	1502
1117	1174
1117	1214
1117	1224
1117	1394
1117	1436
1117	1651
1117	1683
1119	1436
1120	1444
1121	1169
1121	1476
1122	1197
1122	1303
1123	1449
1124	1310
1124	1420
1124	1527
1125	1376
1125	1638
1126	1341
1127	1159
1127	1213
1127	1276
1128	1677
1129	1553
1130	1393
1131	1429
1131	1673
1132	1153
1132	1163
1132	1602
1133	1194
1134	1448
1135	1241
1135	1553
1136	1396
1136	1498
1138	1219
1138	1566
1139	1342
1139	1371
1139	1477
1140	1511
1140	1574
1140	1591
1141	1397
1143	1183
1143	1274
1146	1433
1147	1647
1148	1681
1149	1557
1149	1647
1149	1664
1149	1690
1154	1353
1154	1592
1155	1624
1156	1182
1156	1644
1157	1384
1159	1251
1159	1340
1159	1672
1160	1550
1161	1626
1161	1633
1162	1407
1164	1449
1165	1317
1165	1336
1166	1174
1166	1551
1166	1695
1168	1179
1169	1615
1169	1681
1169	1685
1170	1171
1171	1520
1171	1533
1174	1421
1174	1524
1174	1644
1175	1548
1176	1260
1176	1373
1176	1454
1176	1574
1177	1526
1177	1699
1178	1223
1178	1556
1180	1518
1180	1534
1180	1563
1181	1549
1183	1234
1183	1413
1184	1289
1184	1431
1184	1531
1187	1319
1189	1196
1189	1267
1189	1448
1191	1308
1191	1658
1193	1416
1193	1634
1193	1652
1195	1530
1195	1662
1196	1283
1196	1487
1196	1542
1197	1339
1197	1643
1198	1577
1198	1672
1199	1453
1200	1691
1201	1231
1201	1564
1202	1227
1205	1509
1205	1519
1206	1492
1207	1322
1207	1679
1209	1354
1209	1592
1209	1602
1213	1491
1214	1305
1214	1391
1215	1231
1218	1256
1219	1319
1220	1422
1223	1266
1224	1470
1225	1554
1226	1421
1226	1506
1229	1322
1229	1682
1231	1553
1231	1598
1232	1514
1232	1552
1234	1399
1236	1513
1238	1535
1240	1365
1241	1281
1241	1361
1243	1405
1246	1449
1246	1607
1246	1625
1246	1650
1247	1512
1248	1536
1248	1601
1249	1626
1250	1678
1251	1398
1253	1608
1254	1507
1257	1259
1257	1279
1257	1347
1258	1465
1259	1450
1260	1621
1261	1345
1262	1266
1262	1323
1264	1679
1266	1442
1267	1426
1268	1673
1269	1472
1270	1407
1270	1608
1271	1294
1274	1349
1275	1676
1276	1610
1279	1478
1279	1661
1280	1380
1281	1303
1282	1376
1283	1371
1284	1291
1285	1685
1286	1383
1287	1504
1289	1500
1290	1324
1290	1503
1290	1550
1291	1695
1295	1486
1299	1426
1300	1341
1300	1555
1301	1484
1303	1654
1303	1678
1304	1425
1304	1675
1307	1522
1308	1560
1310	1555
1312	1516
1315	1391
1316	1367
1320	1670
1322	1580
1323	1553
1326	1431
1327	1529
1328	1493
1329	1636
1335	1430
1337	1675
1338	1414
1339	1387
1339	1538
1340	1562
1341	1428
1341	1496
1341	1698
1342	1666
1343	1560
1345	1356
1345	1443
1346	1379
1346	1398
1346	1468
1346	1529
1346	1590
1352	1471
1352	1490
1354	1531
1355	1557
1355	1575
1355	1578
1356	1385
1357	1530
1358	1594
1361	1450
1361	1642
1361	1675
1363	1531
1363	1646
1366	1470
1366	1580
1370	1562
1370	1669
1372	1404
1372	1600
1374	1395
1374	1632
1377	1468
1383	1481
1383	1568
1385	1451
1385	1602
1386	1489
1386	1658
1387	1439
1389	1503
1390	1557
1391	1504
1392	1576
1392	1679
1393	1419
1394	1395
1395	1476
1395	1561
1396	1409
1396	1467
1397	1693
1398	1621
1399	1608
1403	1467
1403	1605
1403	1644
1406	1630
1408	1669
1408	1673
1410	1435
1412	1521
1412	1653
1417	1640
1423	1623
1427	1550
1429	1537
1431	1441
1431	1657
1432	1566
1432	1612
1433	1552
1433	1610
1437	1466
1437	1621
1439	1567
1440	1455
1442	1581
1444	1664
1445	1623
1447	1603
1448	1615
1450	1541
1450	1549
1452	1591
1456	1613
1457	1546
1460	1520
1461	1581
1461	1686
1462	1622
1464	1494
1465	1493
1468	1636
1478	1573
1479	1613
1482	1531
1482	1540
1486	1628
1487	1570
1493	1639
1499	1664
1500	1652
1502	1561
1502	1624
1503	1524
1503	1537
1504	1659
1505	1516
1506	1672
1509	1521
1509	1635
1512	1530
1519	1590
1528	1690
1529	1641
1530	1672
1536	1675
1539	1600
1540	1569
1541	1568
1541	1686
1544	1582
1544	1674
1548	1653
1551	1683
1552	1592
1552	1672
1553	1646
1560	1612
1563	1566
1565	1591
1568	1580
1569	1645
1571	1662
1572	1602
1574	1588
1574	1629
1577	1596
1579	1675
1581	1595
1582	1645
1585	1590
1596	1663
1599	1617
1600	1651
1605	1689
1607	1624
1611	1625
1614	1678
1615	1640
1615	1674
1621	1641
1624	1676
1626	1699
1627	1674
1632	1653
1633	1666
1635	1660
1652	1668
1664	1676
1670	1682
1683	1696