0	664
0	721
1	549
1	1561
2	506
2	716
2	976
2	1136
3	235
3	501
3	692
3	796
3	1008
4	97
4	110
4	322
4	348
4	489
4	851
4	859
5	1035
5	1077
5	1181
5	1394
6	75
6	264
6	521
6	1416
7	24
7	670
7	763
7	1249
8	635
8	790
8	1017
8	1134
9	227
9	1151
9	1507
9	1515
10	595
10	643
10	1247
10	1387
10	1453
10	1655
11	500
11	753
11	1160
12	252
12	542
13	188
13	675
14	86
14	162
14	1175
14	1227
14	1616
15	828
15	1523
16	431
16	623
16	858
16	1276
16	1439
17	1062
18	182
19	141
19	580
19	744
19	1352
19	1395
20	121
20	410
20	841
20	1475
20	1498
21	1543
22	206
22	400
22	1166
22	1614
23	227
23	237
23	326
23	1273
24	1050
24	1503
25	1126
25	1658
26	257
26	577
26	613
26	1114
26	1135
26	1259
27	322
27	376
27	410
27	460
27	778
27	837
27	844
27	871
27	910
27	1240
27	1392
28	217
28	410
28	851
28	952
29	497
29	1332
29	1574
30	54
30	102
30	146
30	350
30	927
30	1407
31	50
31	154
31	176
31	321
31	834
32	394
32	395
32	693
32	1137
32	1159
32	1318
32	1417
33	163
33	631
33	740
33	890
33	1455
34	139
34	718
34	822
34	1033
35	188
35	1204
36	197
36	353
36	392
36	602
36	1140
37	266
37	847
37	1003
37	1043
37	1409
38	44
38	46
38	347
38	383
38	440
38	577
38	1026
38	1411
38	1649
39	948
39	955
39	1449
40	241
40	586
40	640
40	722
40	1090
40	1224
40	1335
41	501
41	596
41	863
41	1437
41	1668
42	66
42	242
42	479
42	1121
43	235
43	633
43	757
43	1089
43	1239
44	115
44	569
44	586
44	617
44	873
44	1111
44	1122
44	1256
45	75
45	278
45	666
45	1345
45	1638
46	158
46	699
46	897
46	1072
47	169
47	1478
48	757
48	769
48	881
48	904
48	1147
48	1392
48	1511
49	382
49	1107
49	1594
50	85
50	285
50	1363
50	1404
51	170
51	423
51	578
51	849
51	1129
51	1347
51	1696
52	504
52	530
52	711
52	714
52	1329
53	444
53	474
53	864
53	1324
53	1545
54	986
54	1067
55	144
55	237
55	460
55	679
55	1295
56	153
57	127
58	170
58	457
58	538
58	565
58	741
58	1040
58	1625
59	135
60	279
60	1139
60	1334
61	942
61	1685
62	507
62	899
62	1093
62	1471
63	677
63	725
63	1378
63	1525
64	215
64	276
64	837
65	653
65	883
65	1267
66	209
66	253
66	411
66	569
67	706
67	1026
67	1191
67	1606
68	248
68	385
68	779
68	788
69	208
69	665
69	971
69	1491
69	1532
70	910
70	1452
70	1480
71	513
71	910
71	920
72	691
73	361
74	259
74	753
74	1008
74	1305
74	1654
75	147
75	615
75	749
76	107
76	1234
76	1659
77	159
77	224
77	1084
77	1249
77	1624
77	1641
78	87
79	413
79	665
79	826
79	1304
79	1428
79	1495
80	344
80	433
80	555
80	751
80	1204
80	1265
81	220
81	1170
81	1625
82	740
82	828
82	1176
82	1566
83	304
83	453
83	605
83	652
83	1113
84	327
84	476
84	702
84	1017
85	258
85	447
85	675
85	689
85	970
85	1683
86	741
86	956
86	1317
86	1607
87	528
87	696
87	940
87	1611
88	572
88	975
88	1041
88	1639
89	234
89	295
89	1009
89	1092
89	1300
90	523
90	1068
91	456
91	1054
91	1204
91	1395
91	1521
92	266
93	312
93	585
93	622
93	725
94	168
94	684
94	1477
94	1530
95	443
95	1016
95	1424
95	1456
96	599
96	1280
96	1391
97	461
97	588
97	1058
97	1389
98	330
98	510
98	650
98	1126
98	1296
99	153
99	849
99	1122
99	1586
99	1641
100	112
100	251
100	562
100	683
100	776
100	1297
101	1558
102	960
102	1495
102	1557
103	334
103	463
103	677
103	710
103	789
103	862
103	1539
103	1668
104	889
104	1267
104	1271
104	1502
105	829
105	970
105	1054
106	1276
106	1437
106	1605
107	109
107	233
107	510
107	1509
108	207
108	585
108	1662
109	422
109	604
109	760
110	164
110	642
110	716
110	1050
110	1233
111	589
111	607
111	819
111	825
111	913
111	1402
111	1430
111	1521
111	1662
112	529
113	1377
114	747
114	967
115	431
115	724
115	947
115	1276
116	151
116	355
116	911
116	970
117	182
117	1226
118	722
118	1251
118	1404
119	230
119	283
119	290
119	579
119	684
119	850
119	923
120	671
120	819
120	924
120	1118
120	1394
120	1476
120	1551
122	138
122	303
122	360
122	1216
123	368
123	1173
123	1296
123	1313
123	1415
123	1603
124	1479
124	1522
125	263
125	948
126	166
126	292
126	412
126	637
126	1001
126	1605
127	586
127	980
127	1228
128	471
128	819
128	1192
129	712
129	1547
130	805
130	899
131	172
131	1420
132	236
132	498
132	1002
132	1092
132	1238
133	592
133	1232
133	1233
133	1629
134	541
134	786
134	1539
134	1577
135	866
135	1148
135	1156
135	1166
135	1427
136	583
136	954
136	982
136	1525
137	175
137	193
137	669
137	952
137	1075
137	1202
137	1693
138	176
140	198
140	502
140	861
140	884
140	1616
141	338
141	1021
141	1204
142	600
142	617
142	703
142	816
142	1348
143	501
143	905
143	993
144	166
144	419
144	938
144	1051
144	1382
145	256
145	634
145	750
146	783
146	1073
146	1087
146	1488
146	1675
147	722
147	737
147	975
147	1122
147	1158
147	1512
147	1543
148	223
148	349
148	1681
149	237
149	992
149	1218
150	248
150	489
151	748
151	913
151	917
151	1013
151	1120
152	200
152	320
152	689
152	712
152	949
152	1515
153	873
153	1058
153	1403
153	1514
153	1528
153	1696
154	685
154	823
154	1089
154	1285
154	1503
155	182
155	261
155	700
155	810
156	425
156	1577
157	185
157	669
157	736
157	1054
158	249
158	988
158	1051
158	1164
158	1403
158	1660
159	774
159	790
160	219
160	632
160	1060
161	232
161	243
161	726
161	758
161	864
162	533
162	769
162	849
163	325
163	1024
163	1035
163	1099
163	1388
163	1547
164	718
164	883
164	1001
164	1168
164	1595
165	905
165	1408
166	515
166	700
166	1027
166	1160
166	1227
166	1321
166	1484
167	1039
167	1253
167	1587
168	658
168	677
168	1165
168	1362
169	438
169	720
169	860
170	367
170	984
170	1538
171	1140
171	1263
171	1342
172	205
172	242
172	618
172	932
173	478
173	660
173	813
174	694
174	706
174	797
174	1283
174	1453
175	325
175	734
175	996
175	1588
176	831
176	1219
176	1698
177	271
177	689
177	1576
178	337
178	377
178	1152
178	1283
178	1356
178	1462
178	1492
178	1537
179	460
179	905
179	1006
179	1395
179	1559
180	263
181	694
181	881
181	1134
181	1391
181	1668
182	1251
182	1460
183	764
183	1219
183	1555
184	986
184	1593
185	388
185	797
185	911
185	1306
186	212
186	774
186	994
187	371
188	411
188	469
188	781
188	854
189	597
189	939
190	345
190	347
190	559
190	1332
190	1390
190	1527
191	1394
191	1554
192	317
192	952
192	1150
192	1693
193	428
193	485
193	1030
193	1090
194	614
194	1053
194	1152
194	1330
195	1130
195	1490
195	1572
196	320
196	1045
196	1220
197	268
197	1233
197	1255
197	1465
197	1534
198	662
199	332
199	498
199	579
199	664
199	804
199	1354
199	1472
200	215
200	517
200	713
200	1377
200	1674
201	662
202	463
202	1151
202	1217
202	1473
203	500
203	1208
203	1515
204	1003
204	1266
204	1322
205	216
205	719
205	1648
206	252
206	253
206	714
206	1006
206	1225
206	1297
207	524
207	584
207	860
207	879
207	890
207	1054
207	1080
207	1495
207	1665
208	247
208	725
208	1159
209	335
209	810
209	1096
210	626
210	851
210	1484
211	268
211	618
211	704
211	1456
211	1569
211	1634
213	276
213	528
213	861
213	1267
214	359
214	688
214	838
214	1449
215	833
215	1036
215	1237
215	1346
216	390
216	562
216	1602
216	1681
217	1493
218	470
218	490
218	898
218	1247
219	235
219	1111
219	1670
220	310
220	583
220	892
220	1420
221	236
221	271
221	436
221	498
221	815
221	979
221	1279
221	1311
221	1441
221	1669
222	271
222	484
223	666
223	1161
223	1170
224	322
224	404
224	771
224	1163
224	1235
224	1397
224	1549
224	1589
224	1642
225	911
225	1062
225	1184
225	1403
225	1670
226	653
226	1329
227	287
227	1224
228	979
228	1011
229	358
229	936
229	1356
229	1409
229	1521
230	1325
230	1671
231	520
231	589
232	400
232	608
232	618
232	642
232	1037
232	1217
232	1339
233	1065
233	1471
233	1479
233	1672
234	504
234	1165
234	1225
234	1610
235	305
235	482
235	591
235	702
235	1098
236	281
236	557
236	1390
236	1442
236	1596
237	884
237	988
237	1309
238	551
238	955
238	997
238	1117
238	1163
238	1300
238	1681
239	406
239	412
239	851
240	516
240	684
240	920
240	1158
240	1536
241	498
241	510
241	1272
242	847
242	854
242	891
242	1436
242	1641
243	276
243	283
243	446
243	942
244	678
245	286
245	478
245	931
245	1191
245	1672
246	343
246	632
246	907
246	1367
246	1485
246	1508
246	1510
247	425
247	456
247	626
247	1005
247	1200
247	1431
248	722
248	1301
248	1407
248	1653
249	321
249	422
249	766
249	779
249	1230
249	1338
250	1065
250	1182
251	446
251	627
251	635
251	761
251	864
251	1420
251	1576
251	1682
252	374
252	437
252	692
252	1146
253	491
253	1186
254	278
254	1144
254	1693
255	298
255	454
255	569
255	604
255	826
255	1223
255	1553
256	606
256	918
256	1231
257	296
257	459
257	945
258	1273
258	1320
258	1470
259	553
259	916
259	944
259	960
259	984
259	1361
259	1482
260	275
260	508
260	1076
260	1493
261	336
261	371
261	589
261	677
261	870
262	978
262	1652
263	1175
263	1310
263	1589
264	1019
264	1478
264	1521
264	1629
265	310
265	517
265	651
265	821
265	878
265	1421
266	743
267	305
267	1616
268	660
268	1111
269	424
269	1145
269	1156
269	1305
269	1462
270	313
270	374
270	616
270	1290
271	406
271	462
271	490
271	722
271	1293
271	1321
272	449
272	1361
272	1554
273	277
273	827
273	1198
273	1257
274	451
274	622
274	979
274	1153
274	1213
274	1276
274	1525
275	396
275	782
275	1392
276	1112
276	1682
277	367
277	368
277	479
277	866
277	1271
277	1380
277	1395
277	1635
278	351
278	701
278	912
279	560
279	688
279	920
279	968
279	1483
280	327
281	410
281	467
281	551
281	554
281	824
281	1264
282	511
283	886
283	980
283	1553
284	334
285	989
285	1373
285	1412
286	306
286	861
286	897
286	1270
286	1351
286	1397
286	1421
286	1696
287	451
287	1299
287	1328
287	1432
287	1491
288	341
288	588
288	1358
289	630
290	875
290	1437
291	1124
292	917
292	1028
293	453
293	856
293	1214
294	1074
295	533
295	552
295	872
295	1222
296	1534
296	1648
297	839
297	1098
297	1514
297	1630
298	1546
299	550
299	575
299	1014
300	716
300	955
300	984
300	1158
301	332
301	471
301	858
301	1283
301	1584
302	544
302	841
302	980
303	461
303	1180
303	1524
303	1608
304	361
304	633
304	1178
304	1258
304	1670
305	1100
305	1428
305	1656
306	366
306	1253
307	884
308	1582
309	451
309	598
309	637
309	1048
309	1228
310	357
310	432
311	1360
312	333
312	957
312	1440
312	1458
312	1484
312	1684
313	704
313	1129
313	1135
314	578
314	626
314	1200
314	1389
315	1159
315	1391
315	1506
315	1592
315	1683
316	553
316	853
316	1026
316	1317
317	1028
317	1473
318	450
318	493
318	1019
319	750
319	1394
319	1679
320	1228
320	1422
320	1678
321	638
321	818
321	958
321	1416
322	401
322	613
322	730
322	1228
322	1415
323	408
323	526
323	537
323	749
323	989
323	1008
324	1467
324	1473
324	1616
325	375
325	493
325	1614
326	1005
326	1126
326	1225
327	1120
327	1692
328	619
328	947
328	1246
329	480
329	694
329	806
329	1167
329	1238
329	1547
330	941
330	1022
330	1222
331	1071
331	1100
331	1375
331	1472
332	1253
333	1618
334	920
334	1009
334	1449
335	643
335	717
335	806
335	1379
336	427
336	905
337	679
337	1297
337	1558
337	1607
338	470
338	751
338	794
338	955
338	1066
338	1245
338	1378
338	1386
339	550
339	763
339	836
339	1028
339	1283
339	1363
339	1553
340	775
340	978
340	1106
341	421
341	503
341	1276
342	1264
342	1317
343	966
343	1239
343	1338
344	945
344	1423
345	903
346	755
346	1540
347	1029
347	1127
347	1459
348	1262
348	1409
348	1698
349	472
349	868
349	949
349	1125
349	1404
350	536
350	575
351	972
351	1119
351	1485
352	688
352	776
352	871
352	1684
353	606
353	797
353	1141
353	1492
353	1674
354	601
354	834
354	1069
354	1085
354	1187
354	1534
355	373
355	657
355	1453
356	636
356	898
356	959
356	1302
356	1467
356	1497
357	644
358	615
358	1388
359	650
359	736
359	934
360	464
360	854
360	1019
360	1023
360	1598
360	1662
361	410
361	1119
362	531
362	934
362	1257
362	1611
363	958
363	1538
364	813
364	930
365	849
365	958
365	1128
365	1616
366	770
366	1451
368	872
368	1455
368	1570
369	549
369	1580
370	962
370	966
370	1062
370	1287
371	1109
371	1360
371	1640
372	1253
372	1290
373	375
373	550
373	1380
374	634
374	956
374	1231
375	792
376	515
376	700
376	1093
376	1137
376	1676
377	657
377	1534
378	779
378	1542
379	514
379	1542
380	1002
380	1059
381	675
381	1105
381	1563
381	1688
382	670
383	536
383	552
383	1365
383	1515
384	937
384	1117
384	1408
385	408
385	737
385	1031
385	1698
386	934
387	463
387	913
387	1287
387	1617
388	922
388	1401
389	716
389	866
390	807
390	1121
390	1178
390	1264
390	1344
391	433
391	1434
391	1491
391	1633
392	487
392	987
392	1390
393	443
393	522
393	1307
393	1336
393	1499
393	1650
393	1666
394	761
394	1009
394	1056
394	1205
395	1495
396	985
396	1276
397	530
397	568
397	622
397	672
397	823
397	1571
398	1231
398	1408
398	1429
399	1434
400	674
400	1251
400	1324
400	1611
400	1626
401	630
402	653
402	1363
403	985
404	921
404	1078
404	1391
404	1520
405	990
405	1313
405	1403
405	1550
406	592
406	689
406	733
406	944
406	1172
406	1191
406	1472
406	1608
407	574
407	642
407	894
407	927
408	424
408	842
408	1184
409	675
409	898
409	1328
409	1552
409	1596
410	964
410	965
410	1665
411	1513
411	1647
411	1693
412	590
412	737
412	885
412	1266
412	1286
412	1365
412	1378
412	1606
413	490
413	1137
413	1204
413	1494
414	446
414	604
414	636
414	723
414	1025
414	1086
414	1615
415	692
415	872
415	1402
416	779
416	809
416	1318
417	991
417	1152
418	479
418	816
418	1195
418	1450
418	1599
419	963
419	1135
419	1219
420	645
420	793
420	1443
420	1560
421	518
421	665
421	1031
421	1097
422	585
423	761
424	758
425	812
426	600
426	800
426	1319
426	1439
426	1670
427	677
427	789
427	932
427	1623
428	549
428	636
428	817
428	894
428	1451
428	1605
429	835
430	531
431	534
431	749
431	1533
432	702
432	739
432	1225
432	1576
433	975
433	1069
433	1602
434	468
434	605
434	619
434	760
434	767
434	924
434	1217
434	1413
435	520
436	925
436	943
436	1470
436	1623
437	595
437	700
437	776
437	1238
438	589
438	1366
438	1478
439	846
439	1255
440	474
440	789
440	885
440	925
440	1396
440	1602
440	1691
440	1693
441	1025
441	1215
441	1486
442	572
442	858
442	955
442	1400
443	599
443	1313
443	1487
444	458
444	1082
444	1170
445	532
445	562
445	1494
445	1515
446	598
446	627
446	1483
447	749
447	1439
447	1632
448	1445
449	491
449	644
449	1183
449	1224
449	1408
449	1498
449	1688
450	530
450	1090
450	1182
451	1229
451	1563
451	1656
452	688
452	1001
452	1367
453	1156
453	1163
453	1604
454	599
454	608
454	853
454	1316
454	1352
454	1476
455	472
455	551
455	805
455	819
455	930
455	1452
456	646
456	1426
456	1640
457	552
457	621
457	1301
457	1395
458	476
458	733
458	1068
458	1602
459	601
459	856
460	669
460	1161
460	1259
460	1613
460	1628
461	554
461	853
462	1087
463	960
463	1587
464	1523
465	898
465	1056
465	1229
465	1629
466	556
466	886
466	1093
466	1434
467	498
467	521
467	907
468	518
468	1355
469	1429
469	1455
469	1607
469	1619
470	881
470	932
470	1399
470	1402
471	868
471	1433
472	930
472	1071
472	1171
472	1258
473	753
473	950
473	1474
474	888
474	1196
474	1291
474	1389
474	1513
474	1564
475	549
475	813
475	971
475	1184
476	484
476	744
476	812
477	523
477	585
477	592
477	886
478	1585
478	1631
478	1648
479	1537
480	863
480	954
480	970
480	1181
480	1570
480	1571
481	1199
482	977
482	1001
482	1081
482	1220
482	1273
482	1318
482	1393
483	896
483	1386
483	1416
484	696
484	841
484	932
484	1001
484	1374
486	675
486	718
486	959
486	1153
486	1452
487	1264
487	1595
487	1599
487	1648
488	496
488	595
488	608
488	839
488	975
488	1596
488	1679
489	710
489	1094
489	1117
489	1386
490	907
490	1451
490	1460
491	1108
491	1694
492	862
492	1144
493	1095
494	741
494	1302
494	1449
494	1518
494	1640
495	1625
497	784
497	955
497	1194
498	1076
498	1117
498	1197
498	1418
499	1162
499	1425
500	1113
500	1460
500	1475
501	1098
501	1483
502	558
502	578
502	836
502	1096
502	1213
502	1572
502	1699
503	598
503	809
503	1020
503	1190
504	1265
504	1690
505	547
505	870
505	915
505	1578
506	1490
507	613
507	869
507	983
507	1184
507	1513
508	527
508	807
508	1273
508	1374
509	699
509	802
509	894
509	906
509	1288
509	1378
510	1304
510	1594
511	892
511	1426
512	557
512	625
512	798
512	1527
512	1670
513	784
513	1407
513	1514
514	863
514	1080
514	1210
514	1300
514	1527
514	1653
515	526
515	784
515	1101
515	1235
515	1332
515	1493
515	1595
516	702
516	1415
517	526
517	567
517	887
517	1601
518	937
518	1067
518	1293
518	1387
519	759
519	1098
519	1549
520	813
520	1217
520	1557
520	1612
521	593
521	872
522	524
522	611
522	1077
522	1210
522	1285
522	1310
522	1515
523	975
523	1109
524	1172
525	1238
526	1525
527	1037
527	1165
528	1190
528	1252
528	1446
528	1665
529	547
529	704
529	706
529	1178
529	1345
530	992
530	1635
531	576
531	755
531	977
532	988
532	1687
533	936
533	1421
534	639
534	799
534	1149
535	566
535	1376
535	1485
536	556
536	561
536	713
536	1158
536	1316
536	1549
537	1142
537	1183
537	1443
538	1544
539	655
539	799
539	939
540	574
541	708
541	720
541	1259
541	1613
542	1139
542	1593
543	739
543	1107
544	1013
544	1266
545	549
545	645
546	896
546	1205
546	1335
547	726
547	1302
548	683
548	1399
549	695
549	867
549	1043
549	1318
549	1406
550	648
550	743
550	1065
550	1069
550	1107
551	1328
552	560
552	643
552	823
552	1055
552	1427
553	857
553	1198
554	892
554	1021
555	950
555	1408
555	1587
556	917
556	990
557	635
557	812
557	1291
557	1624
558	1371
558	1529
558	1544
559	779
560	930
560	1455
560	1503
561	673
561	701
561	959
561	1089
561	1156
561	1440
562	911
562	995
563	747
563	839
563	1015
564	599
564	1124
564	1313
564	1489
565	573
565	608
565	1159
566	583
566	647
566	993
567	625
567	639
567	655
567	755
567	1483
567	1519
567	1569
567	1653
568	900
568	992
568	1452
569	594
569	838
569	1427
569	1479
570	1613
571	732
571	762
571	1127
572	1177
572	1424
572	1578
572	1663
573	720
573	780
573	1380
574	1117
574	1556
574	1585
574	1649
575	724
575	1262
575	1294
576	775
576	1104
577	997
577	1580
577	1673
579	890
579	942
579	990
579	1379
580	1632
581	870
581	948
582	1075
582	1103
582	1360
582	1494
582	1540
583	729
583	1031
583	1217
583	1221
584	1040
585	1537
585	1681
586	623
587	685
587	942
587	1315
588	1032
588	1071
588	1233
588	1252
588	1567
589	657
589	1257
589	1326
589	1587
590	665
590	717
590	897
590	1063
591	1010
591	1437
592	1223
593	1080
593	1240
594	953
594	1521
595	811
595	1425
595	1692
596	676
596	1131
596	1226
596	1342
597	971
597	1086
597	1655
598	1113
598	1174
598	1518
599	916
599	1076
599	1289
599	1314
600	1005
600	1160
600	1417
601	730
601	823
601	1139
601	1521
602	802
602	1124
602	1230
602	1351
602	1387
603	815
603	911
603	947
603	1189
603	1284
604	628
604	1120
604	1273
604	1659
605	926
605	932
605	1075
605	1281
605	1477
605	1487
606	866
606	1310
607	904
607	920
607	1208
608	674
608	1331
609	651
609	1147
609	1360
610	1123
610	1424
611	1277
611	1610
612	630
612	1092
612	1123
612	1402
612	1591
613	693
613	1020
613	1370
614	638
614	657
615	975
615	980
616	749
616	1064
616	1182
616	1353
616	1393
617	684
617	1466
618	746
618	1040
618	1508
619	651
619	671
619	1316
619	1456
620	737
621	1086
622	952
622	1467
623	851
623	934
623	955
623	1245
623	1314
624	1070
624	1534
624	1647
625	921
625	1545
625	1681
626	827
626	1316
627	795
627	812
627	886
627	1586
628	651
629	1432
629	1501
629	1555
631	916
632	869
633	692
633	861
633	1153
634	1233
634	1424
635	1133
635	1294
635	1683
636	665
636	852
636	1026
636	1409
637	1040
637	1337
637	1455
638	727
638	824
638	1006
638	1565
639	734
639	1103
640	1413
640	1489
641	747
641	898
642	744
642	1024
642	1568
644	834
644	1126
644	1129
644	1341
645	1375
645	1458
645	1526
646	935
646	1091
646	1211
647	656
647	1607
648	784
649	1078
649	1144
649	1145
649	1159
650	760
650	803
650	895
650	943
651	1000
651	1126
651	1359
652	1012
652	1535
653	1693
654	1290
654	1670
655	818
655	1016
655	1126
655	1316
656	1494
657	1178
658	951
658	973
658	1168
658	1620
659	1390
660	1074
660	1254
661	1105
661	1559
661	1618
662	1334
662	1505
662	1654
663	757
664	770
664	1652
665	1270
666	1052
666	1108
666	1123
667	719
667	782
667	848
668	1014
668	1276
669	725
669	1102
669	1248
669	1539
670	913
670	1272
670	1690
671	1342
672	1401
673	832
673	1615
674	1113
674	1134
674	1272
675	986
676	680
676	823
676	860
676	1256
676	1269
677	1216
677	1577
678	748
678	1239
678	1255
678	1377
679	855
679	947
679	1195
679	1223
679	1378
679	1519
679	1618
680	683
680	739
680	1070
681	811
682	714
684	896
684	1577
685	750
685	979
686	1103
687	759
687	766
687	1034
687	1272
687	1503
687	1601
688	1006
688	1220
688	1510
688	1537
689	1291
689	1341
689	1384
690	1502
691	921
691	1029
691	1632
693	1157
694	1011
694	1242
694	1674
695	1445
695	1479
695	1563
696	818
696	888
696	1066
697	778
697	876
697	1236
697	1456
697	1592
697	1639
698	728
698	1302
699	799
699	851
699	1382
700	757
700	806
700	1268
700	1487
700	1629
701	705
701	1212
701	1632
702	1232
702	1393
702	1498
703	711
703	1600
704	791
705	826
705	1232
705	1633
706	904
706	1248
707	899
707	1587
708	1202
709	808
709	860
709	1129
709	1330
709	1451
710	1337
711	1694
712	782
714	791
714	1102
714	1255
714	1292
715	1524
716	1370
716	1555
717	987
718	757
718	1148
718	1659
719	916
719	921
719	1221
720	767
720	1632
721	788
721	814
721	1140
721	1605
721	1630
722	805
722	1524
722	1662
723	1209
723	1629
724	1251
724	1491
725	1319
725	1561
726	732
726	1239
727	1008
728	1674
729	1627
730	757
731	1340
731	1458
732	1146
733	834
733	1042
733	1143
734	1462
735	843
735	1694
736	1186
736	1456
737	963
738	1161
738	1438
739	852
739	1110
739	1386
739	1603
739	1626
740	990
740	1111
741	774
741	1120
741	1216
741	1545
742	892
742	958
742	1265
743	760
743	867
743	997
744	930
744	1284
744	1317
744	1393
744	1504
745	1635
746	771
746	1551
747	1033
748	1365
748	1381
749	982
749	1273
749	1652
750	993
750	1023
750	1492
750	1546
751	1225
751	1243
751	1484
751	1542
752	1239
752	1307
752	1688
753	761
753	1115
754	1018
754	1181
754	1354
755	1328
756	1590
758	785
758	1175
758	1214
758	1237
758	1369
759	839
760	1126
760	1282
761	919
761	1012
761	1020
762	1650
763	1175
763	1380
763	1500
764	1697
765	1127
767	869
767	1128
767	1313
768	1001
768	1144
768	1565
769	971
769	1295
770	908
770	994
770	1435
770	1656
771	851
771	954
771	1001
771	1381
772	990
772	1125
773	1171
773	1250
773	1380
773	1443
774	925
774	1092
774	1298
775	1072
775	1267
775	1587
776	1152
776	1237
776	1435
776	1699
777	1273
778	1674
779	1264
780	812
780	841
780	1202
780	1394
781	1631
782	1376
782	1654
783	1051
783	1533
783	1620
784	1071
784	1356
786	839
786	949
786	1168
786	1213
787	1033
789	1149
789	1205
790	1389
791	1149
792	852
792	972
792	1083
792	1344
793	1545
794	1475
795	863
796	834
796	1084
796	1182
797	1253
798	1137
798	1303
798	1672
799	1210
799	1623
800	1042
801	1208
801	1390
801	1446
801	1516
802	835
802	884
802	946
802	1600
803	987
804	973
806	1144
806	1646
807	988
807	1412
807	1417
808	898
808	1584
808	1639
809	939
809	980
809	1360
810	1588
810	1623
811	1058
811	1237
811	1673
813	1266
813	1577
814	1054
814	1548
815	1007
815	1441
817	1159
817	1460
818	1573
819	860
819	1505
820	1122
820	1441
820	1471
821	1457
822	879
822	1223
823	956
824	836
824	968
824	1258
824	1339
825	862
825	1006
825	1126
825	1545
826	1109
826	1581
828	1247
828	1566
828	1650
829	1266
830	842
830	869
830	912
830	1026
830	1217
831	1078
831	1215
831	1253
831	1328
831	1351
831	1420
831	1559
831	1663
832	954
832	1441
833	866
833	885
834	1017
834	1024
834	1187
835	1233
836	911
836	918
836	1163
836	1395
836	1674
838	1548
839	1316
839	1466
840	1013
840	1108
840	1683
841	961
841	1628
843	1422
843	1485
844	1295
845	849
846	1229
847	1325
848	1578
848	1583
849	919
849	1656
849	1675
850	1263
850	1398
850	1540
851	914
851	982
851	1228
851	1392
851	1440
852	1053
852	1307
853	1420
854	1110
855	1229
855	1666
855	1692
856	1282
856	1288
857	1477
857	1637
858	1221
858	1448
859	972
859	1660
860	1184
860	1251
860	1451
861	1200
861	1647
862	865
862	1075
863	1104
863	1277
863	1290
863	1447
864	1524
866	918
866	930
866	1435
867	896
867	1267
867	1489
868	965
868	1042
869	1591
869	1633
870	902
870	1575
871	923
871	1110
871	1127
871	1200
871	1338
873	1021
873	1624
874	1220
875	1179
875	1550
875	1622
876	1447
876	1464
877	1278
879	1050
879	1187
880	1561
881	1458
882	1212
882	1322
883	971
883	1065
883	1314
884	997
884	1276
884	1297
884	1652
886	1116
886	1369
886	1627
887	1387
888	916
888	1048
888	1223
888	1603
888	1604
889	1098
889	1132
889	1243
889	1319
890	1061
890	1570
891	980
891	1065
893	1311
894	980
895	1152
895	1633
896	1011
896	1047
896	1328
896	1565
897	1620
898	1042
899	903
899	942
900	1290
900	1360
900	1381
900	1607
901	1131
901	1550
901	1663
902	983
902	1027
902	1150
902	1184
902	1274
902	1485
903	999
903	1173
903	1246
903	1515
903	1580
904	1344
905	987
907	1416
907	1643
908	918
909	982
909	1297
910	1478
911	1520
912	1485
913	1535
913	1680
914	1616
915	982
915	1063
915	1143
915	1317
915	1511
916	930
916	1019
916	1169
916	1550
916	1698
917	1042
917	1276
917	1361
918	931
918	1022
918	1371
918	1463
918	1584
919	1238
920	1105
921	1108
921	1152
921	1536
922	1104
922	1144
922	1589
923	1577
924	1401
925	1048
925	1163
926	1250
926	1378
926	1498
927	1183
927	1403
928	985
929	985
929	1102
929	1418
929	1684
930	1014
930	1070
930	1648
931	1187
931	1445
932	963
933	1037
933	1571
933	1616
934	1099
935	1057
935	1295
935	1572
935	1631
936	1568
937	982
937	1071
938	1581
939	1037
939	1395
940	1110
941	1165
941	1396
941	1434
941	1619
941	1622
942	969
944	1024
944	1459
944	1536
945	979
945	1060
945	1110
947	1643
948	1611
949	1024
950	1673
951	1288
953	1000
953	1685
954	1406
954	1509
955	1132
955	1170
955	1668
957	1417
957	1458
957	1652
958	1128
959	1158
959	1277
959	1432
960	1268
961	1282
961	1340
961	1369
962	1250
963	1605
964	1037
965	973
967	1548
968	1365
968	1539
970	1004
970	1069
971	1216
971	1651
972	1241
972	1402
972	1480
972	1606
973	1349
973	1550
974	1510
975	1042
975	1085
975	1323
975	1589
975	1599
975	1669
976	1543
977	1505
978	1258
978	1634
978	1665
979	1147
979	1158
979	1215
980	1441
980	1585
980	1624
981	1105
981	1282
981	1399
982	1163
983	1196
983	1559
985	1066
985	1260
986	1279
986	1616
987	1153
988	1044
988	1135
989	1011
989	1090
989	1327
989	1344
989	1518
990	1164
990	1550
992	1177
993	1618
994	1124
994	1323
994	1357
994	1487
995	1230
995	1679
998	1073
998	1689
999	1636
1000	1541
1001	1183
1001	1356
1001	1365
1002	1318
1003	1138
1004	1065
1004	1183
1004	1314
1005	1021
1005	1153
1006	1087
1006	1459
1007	1386
1007	1431
1007	1464
1008	1695
1009	1409
1009	1623
1010	1133
1010	1331
1010	1435
1010	1550
1011	1269
1012	1494
1012	1546
1012	1585
1014	1453
1014	1492
1014	1517
1014	1637
1014	1694
1015	1431
1016	1292
1016	1531
1017	1315
1018	1203
1018	1389
1019	1386
1025	1173
1025	1614
1025	1644
1027	1296
1027	1502
1028	1158
1028	1423
1028	1592
1028	1679
1029	1093
1029	1285
1031	1589
1032	1665
1033	1240
1035	1192
1036	1335
1036	1625
1038	1434
1038	1666
1040	1360
1041	1420
1041	1453
1041	1600
1043	1065
1043	1401
1045	1586
1046	1051
1046	1579
1047	1109
1047	1349
1048	1537
1049	1657
1049	1666
1050	1548
1051	1278
1051	1536
1051	1617
1051	1681
1052	1078
1052	1223
1052	1600
1053	1557
1054	1213
1054	1376
1054	1688
1055	1142
1056	1572
1057	1351
1058	1114
1060	1544
1062	1380
1063	1442
1063	1529
1064	1606
1065	1197
1065	1439
1066	1234
1066	1499
1066	1517
1067	1245
1069	1211
1069	1455
1070	1277
1070	1415
1071	1167
1071	1290
1072	1117
1073	1237
1073	1274
1075	1421
1075	1657
1076	1088
1076	1477
1076	1490
1076	1528
1077	1686
1078	1090
1079	1684
1080	1152
1080	1563
1081	1673
1083	1308
1083	1321
1083	1586
1084	1328
1084	1344
1084	1651
1084	1652
1085	1404
1085	1437
1085	1518
1085	1539
1086	1594
1087	1317
1087	1623
1089	1109
1089	1110
1090	1330
1090	1436
1090	1593
1092	1660
1093	1199
1093	1546
1093	1692
1094	1390
1095	1219
1095	1435
1095	1627
1095	1659
1096	1686
1097	1134
1097	1303
1097	1386
1098	1225
1098	1493
1099	1105
1099	1167
1100	1340
1102	1107
1102	1126
1102	1223
1103	1653
1105	1155
1106	1231
1106	1577
1108	1571
1109	1413
1109	1524
1109	1601
1111	1427
1113	1210
1113	1578
1114	1307
1114	1546
1115	1632
1115	1659
1116	1490
1116	1650
1117	1121
1117	1375
1117	1417
1117	1659
1118	1495
1118	1602
1119	1663
1120	1259
1121	1184
1121	1230
1121	1378
1122	1567
1123	1239
1126	1533
1126	1651
1127	1451
1130	1561
1131	1171
1131	1197
1131	1376
1131	1676
1132	1661
1133	1341
1134	1646
1135	1294
1135	1424
1136	1698
1137	1323
1137	1506
1138	1273
1141	1334
1141	1514
1141	1558
1142	1193
1142	1312
1142	1680
1143	1211
1143	1673
1144	1339
1144	1621
1147	1272
1148	1397
1149	1371
1150	1217
1151	1279
1153	1165
1153	1425
1153	1512
1154	1601
1156	1203
1156	1206
1156	1278
1156	1371
1158	1619
1160	1446
1162	1165
1162	1454
1163	1657
1164	1232
1164	1405
1164	1662
1165	1209
1167	1679
1168	1364
1168	1518
1169	1415
1169	1587
1170	1381
1171	1288
1171	1446
1172	1289
1173	1588
1174	1273
1174	1526
1177	1522
1179	1329
1179	1366
1180	1219
1180	1424
1180	1435
1182	1305
1182	1542
1182	1607
1183	1617
1184	1202
1184	1641
1185	1294
1185	1326
1185	1404
1185	1669
1186	1303
1187	1276
1188	1563
1188	1698
1190	1590
1190	1624
1190	1651
1191	1251
1192	1266
1194	1339
1194	1669
1195	1635
1196	1219
1196	1252
1196	1254
1196	1278
1197	1279
1198	1246
1199	1307
1199	1635
1200	1357
1201	1428
1202	1477
1203	1239
1204	1447
1204	1684
1205	1618
1207	1320
1207	1572
1207	1575
1209	1576
1210	1468
1213	1387
1214	1561
1215	1396
1216	1423
1217	1349
1217	1397
1217	1582
1218	1370
1219	1313
1221	1572
1223	1288
1223	1422
1223	1526
1224	1285
1224	1382
1224	1445
1224	1594
1225	1294
1226	1523
1228	1385
1228	1642
1229	1388
1229	1516
1229	1632
1230	1331
1233	1307
1234	1410
1235	1412
1236	1472
1237	1547
1237	1639
1237	1657
1240	1293
1240	1396
1240	1504
1242	1275
1242	1502
1243	1436
1243	1480
1243	1633
1244	1643
1247	1575
1248	1607
1249	1289
1249	1314
1252	1310
1253	1274
1253	1300
1253	1352
1253	1513
1255	1333
1255	1404
1255	1471
1259	1317
1261	1450
1261	1554
1262	1636
1263	1377
1265	1308
1265	1570
1266	1324
1266	1486
1268	1586
1268	1698
1269	1399
1269	1576
1269	1627
1271	1685
1271	1693
1272	1380
1272	1447
1273	1610
1274	1326
1275	1393
1275	1462
1278	1509
1278	1695
1280	1487
1280	1634
1282	1394
1283	1329
1283	1434
1284	1371
1284	1485
1285	1343
1285	1437
1286	1645
1287	1674
1290	1688
1291	1387
1291	1479
1293	1297
1293	1580
1294	1329
1295	1322
1295	1484
1299	1437
1300	1380
1300	1591
1302	1686
1303	1370
1304	1393
1308	1647
1312	1617
1313	1617
1314	1627
1315	1432
1318	1677
1320	1474
1320	1519
1321	1452
1322	1335
1322	1403
1323	1460
1323	1621
1324	1606
1326	1524
1326	1570
1326	1631
1328	1462
1329	1330
1329	1677
1330	1511
1330	1538
1330	1663
1332	1661
1333	1354
1333	1367
1334	1422
1334	1606
1335	1488
1335	1593
1336	1362
1338	1575
1340	1662
1341	1418
1342	1346
1342	1555
1344	1595
1344	1630
1346	1461
1347	1693
1348	1368
1350	1355
1351	1352
1351	1400
1351	1509
1352	1424
1352	1437
1354	1412
1354	1626
1355	1359
1355	1434
1355	1627
1357	1417
1357	1646
1358	1617
1360	1410
1360	1442
1360	1684
1361	1396
1361	1536
1363	1435
1363	1676
1365	1606
1366	1464
1367	1471
1367	1660
1368	1507
1371	1517
1372	1602
1374	1509
1379	1537
1379	1666
1383	1423
1383	1677
1386	1587
1387	1525
1388	1503
1391	1393
1394	1678
1395	1415
1397	1414
1397	1670
1399	1683
1401	1496
1403	1679
1406	1678
1406	1686
1407	1443
1407	1444
1412	1456
1413	1666
1415	1419
1415	1459
1415	1626
1417	1609
1419	1548
1419	1612
1420	1583
1421	1478
1425	1573
1426	1476
1427	1595
1429	1432
1430	1474
1432	1646
1433	1597
1433	1621
1434	1448
1435	1677
1435	1682
1439	1540
1441	1451
1442	1552
1442	1697
1443	1486
1443	1624
1444	1486
1445	1515
1450	1577
1451	1455
1452	1607
1453	1488
1456	1575
1457	1597
1459	1534
1461	1579
1462	1569
1462	1683
1464	1634
1466	1474
1466	1537
1468	1679
1469	1544
1469	1643
1471	1514
1474	1576
1475	1521
1476	1635
1477	1513
1477	1687
1478	1632
1481	1695
1485	1570
1486	1593
1489	1528
1490	1687
1491	1559
1491	1619
1499	1588
1501	1607
1512	1575
1512	1614
1513	1610
1514	1643
1514	1682
1515	1573
1526	1681
1536	1558
1537	1641
1538	1555
1539	1599
1544	1683
1549	1555
1559	1696
1562	1621
1574	1650
1579	1687
1593	1601
1593	1660
1601	1638
1605	1610
1606	1608
1617	1664
1620	1670
1626	1662
1630	1678
1635	1697
1640	1689
1652	1667
1655	1677
1668	1676