0	63
0	684
0	685
0	1232
0	1459
0	1486
1	255
1	701
1	1492
2	133
2	317
2	375
2	540
2	893
2	1591
3	176
3	450
3	1302
3	1661
4	103
4	182
4	304
4	918
4	1534
4	1589
5	1366
6	465
6	1394
7	40
7	76
7	221
7	306
7	521
7	927
7	950
7	1382
7	1539
7	1659
8	113
8	569
8	675
8	1203
9	109
9	442
9	542
9	903
9	1311
10	84
10	90
10	489
10	1642
11	160
11	757
11	840
11	1442
12	361
12	377
12	1548
12	1580
13	448
13	653
13	772
13	800
13	813
13	1027
14	794
15	145
15	594
15	675
16	121
16	1115
16	1391
17	456
17	529
17	591
17	754
17	978
17	1584
18	603
18	650
18	1498
19	276
19	880
19	1379
19	1527
20	412
20	793
20	1098
20	1288
20	1591
21	349
21	363
21	453
21	633
21	1077
21	1250
21	1507
22	751
23	644
23	747
23	817
23	1308
24	71
24	147
24	244
24	1048
25	1598
26	107
26	340
26	656
26	1222
27	731
27	1084
27	1680
28	398
28	478
28	498
28	782
28	805
28	934
28	1293
28	1451
28	1604
29	93
29	507
29	751
29	1455
29	1608
30	411
30	419
30	1163
30	1556
30	1564
31	112
31	396
31	888
31	1036
31	1507
32	972
32	1256
33	367
33	468
33	523
33	833
33	904
33	1219
33	1248
33	1588
34	283
34	647
34	1153
35	151
35	330
35	768
35	1427
35	1662
36	263
36	365
36	672
36	835
36	1239
37	567
37	588
37	1494
37	1566
38	103
38	255
38	1454
39	143
39	294
39	1060
39	1096
39	1384
40	219
40	285
40	376
40	828
41	738
41	979
41	1098
41	1209
41	1213
42	1442
43	1053
43	1094
43	1153
44	591
44	964
44	1313
45	787
45	1120
45	1180
45	1375
45	1381
46	1211
46	1303
46	1402
47	491
47	977
47	1115
47	1544
47	1633
48	347
48	1103
49	961
49	1301
50	948
50	997
50	1085
50	1488
51	1008
51	1071
51	1553
52	428
52	1379
52	1682
52	1697
53	369
53	653
53	656
53	798
53	1651
54	602
54	1139
54	1465
55	105
55	612
55	902
55	1038
55	1291
55	1359
56	289
56	805
56	841
56	1256
57	338
57	350
57	840
57	1184
58	468
58	667
58	1433
59	349
59	369
59	578
59	849
59	917
59	1590
60	179
60	417
61	166
61	523
61	1031
62	709
62	1246
62	1539
63	781
63	894
63	1573
64	321
64	525
65	240
66	257
66	639
66	677
66	749
66	858
66	1006
66	1650
67	118
67	724
67	1023
67	1142
67	1184
68	485
68	1089
69	196
69	201
69	354
69	487
69	736
69	929
69	1056
70	457
70	619
71	420
71	661
72	433
72	682
72	742
73	520
73	551
73	841
73	902
73	1044
73	1122
73	1415
74	389
74	625
75	287
75	780
75	1536
75	1617
76	495
76	847
76	1298
76	1508
77	454
77	467
77	538
77	1320
77	1623
78	330
78	334
78	1017
78	1454
79	1464
79	1569
80	180
80	480
80	770
81	85
81	586
81	1101
81	1249
81	1506
81	1633
82	651
82	1082
83	124
83	140
83	302
83	378
83	620
83	1107
84	381
84	553
84	984
84	1293
85	874
85	1212
86	193
86	321
86	462
86	942
87	876
87	1032
87	1593
88	536
88	850
88	1524
89	214
89	594
89	755
89	1213
90	276
90	581
90	829
90	1402
90	1568
90	1660
91	110
91	182
91	438
91	450
92	569
93	365
93	384
93	1143
93	1326
93	1549
94	384
94	548
94	813
94	1148
94	1237
94	1254
94	1663
95	704
95	1333
96	1520
96	1575
97	176
97	1049
97	1076
97	1689
98	225
98	250
98	287
98	635
98	668
98	898
98	936
98	1063
98	1241
98	1543
98	1592
99	601
99	1167
100	119
100	395
100	727
100	1005
101	396
101	535
101	923
101	1070
101	1698
102	113
102	270
103	414
103	628
103	886
103	1370
103	1469
104	636
104	1557
105	413
105	1393
105	1428
105	1486
106	155
106	378
106	1218
107	885
107	1478
107	1548
108	219
108	1163
108	1226
108	1263
108	1412
108	1433
109	132
109	259
109	588
109	601
109	1031
109	1208
110	270
110	846
110	1127
110	1308
110	1617
111	578
112	314
112	512
112	889
112	1108
112	1215
113	1033
114	614
114	741
114	1492
114	1569
115	356
115	1174
115	1281
115	1477
115	1584
116	209
116	622
117	146
117	1610
118	747
118	1018
118	1612
119	284
119	1057
119	1396
120	867
121	189
121	449
121	465
121	515
121	1312
122	444
122	1143
122	1308
123	305
123	606
123	787
123	830
123	1227
123	1254
123	1690
124	193
124	1541
125	496
125	515
125	556
125	865
125	919
125	957
125	1008
125	1026
126	433
126	624
127	249
128	197
128	785
128	1405
128	1649
129	709
129	1035
129	1175
129	1177
129	1205
130	675
130	842
130	1284
130	1379
131	359
131	572
131	1295
131	1430
132	373
132	968
132	1076
132	1095
132	1103
132	1186
133	248
133	1330
133	1589
134	665
134	763
134	812
134	849
134	1650
135	559
135	708
135	1011
136	772
136	1589
136	1649
137	261
137	334
137	493
137	761
137	1044
137	1551
138	1007
138	1261
138	1356
138	1365
139	209
140	787
140	1430
140	1667
141	296
141	402
141	433
141	594
141	713
141	726
141	779
141	1333
141	1570
142	257
142	1071
142	1179
142	1638
143	987
143	1190
144	199
145	404
145	960
145	1099
145	1181
145	1629
146	1472
146	1549
147	612
147	964
147	1180
148	181
148	337
148	757
148	1599
148	1691
149	547
149	1051
149	1385
150	534
150	1274
150	1559
150	1650
151	159
151	605
151	611
151	1179
152	1323
152	1665
153	291
153	1030
153	1363
154	530
155	1141
155	1207
155	1533
156	410
156	524
156	1441
156	1472
157	676
157	718
157	894
157	1307
158	308
158	822
158	1329
158	1346
159	196
159	444
159	1597
160	904
160	990
160	1508
160	1587
161	1182
162	443
162	1086
163	543
163	876
163	960
163	1077
164	561
164	830
164	1513
165	282
165	584
165	1196
166	767
166	929
166	993
166	1000
166	1077
166	1291
166	1385
167	810
167	1494
167	1677
168	229
168	493
168	760
168	1130
169	482
169	547
170	536
170	891
170	1110
171	186
171	677
171	1034
171	1037
171	1250
171	1538
171	1667
172	1174
172	1280
172	1539
172	1629
173	202
173	1460
174	954
174	957
174	1003
174	1665
175	210
175	1279
175	1600
176	498
176	654
176	853
176	1018
176	1225
177	970
177	1398
177	1408
177	1540
178	459
178	658
178	1671
180	188
180	697
180	830
180	1070
181	788
181	1025
181	1120
181	1407
181	1685
182	392
182	814
182	1175
182	1203
182	1210
183	1291
183	1414
183	1614
184	230
184	264
184	886
184	1161
184	1245
184	1487
185	654
185	823
185	976
185	1097
185	1437
186	909
187	195
187	684
187	1050
188	530
188	1087
188	1480
189	504
189	520
189	695
189	857
189	1121
189	1327
189	1566
190	557
190	599
190	729
190	850
190	1222
190	1357
190	1667
191	455
191	747
191	754
191	1433
192	511
192	980
192	1217
193	427
193	1115
193	1215
193	1420
193	1650
194	466
194	732
194	880
194	1099
194	1235
194	1337
194	1448
195	471
195	647
196	985
196	1214
196	1247
197	664
197	1114
197	1321
198	710
198	744
198	1100
198	1135
198	1140
198	1649
200	357
200	955
201	762
201	914
201	1312
201	1633
202	1215
203	546
203	558
203	749
203	810
204	218
204	463
204	566
204	653
205	463
205	803
206	942
207	411
207	563
207	1032
208	243
208	501
208	823
208	1080
208	1363
209	474
209	609
209	1177
209	1670
210	289
210	411
210	918
210	966
210	1311
211	386
211	614
211	900
211	1103
211	1168
211	1199
212	233
212	432
212	543
212	679
212	806
212	878
212	1173
212	1304
213	1196
214	243
214	764
215	365
215	731
215	940
215	1119
215	1280
216	243
216	515
216	789
216	831
216	1390
217	1646
217	1647
218	1061
218	1149
219	319
219	377
219	437
219	619
219	1092
219	1646
219	1695
220	456
220	1137
220	1291
220	1532
221	1027
221	1238
221	1490
222	344
222	847
222	1234
222	1642
223	632
224	283
224	1464
225	716
225	1329
225	1366
225	1388
225	1530
226	330
226	1564
226	1567
227	404
227	503
227	822
227	857
227	888
227	1174
227	1184
227	1312
227	1419
228	507
228	589
228	1437
229	499
229	630
229	1285
229	1682
230	583
230	831
230	1238
230	1518
231	589
231	1263
231	1655
232	434
232	640
232	696
232	748
232	758
233	309
233	608
233	1548
234	1008
234	1074
234	1270
235	979
235	1042
235	1398
235	1464
235	1545
235	1640
236	291
236	438
236	1101
236	1412
237	414
237	1483
237	1492
238	899
238	1100
238	1147
238	1267
239	261
239	680
240	643
240	750
240	807
240	1221
240	1591
241	600
241	738
242	375
242	1237
242	1553
243	589
243	879
243	1173
243	1406
244	512
244	722
244	798
244	1002
244	1339
245	376
245	574
245	1187
245	1198
246	1139
246	1262
246	1279
246	1398
246	1415
246	1548
246	1579
246	1637
247	636
247	843
247	1133
247	1243
247	1597
247	1607
248	1010
248	1063
249	539
249	841
249	1352
249	1401
249	1404
250	1277
250	1467
250	1635
251	703
251	1309
251	1349
251	1350
252	264
252	279
252	954
252	1673
253	563
253	1061
253	1151
254	291
254	960
254	1577
255	379
255	439
255	576
255	781
255	990
256	519
256	1542
256	1601
256	1659
257	394
257	935
257	1158
257	1618
258	408
258	430
258	568
258	1016
258	1540
259	1142
259	1232
259	1296
259	1415
260	394
260	645
260	910
260	1481
261	445
261	955
262	905
263	301
263	635
263	1470
263	1558
264	350
264	679
264	1211
264	1356
265	1020
265	1088
265	1120
266	318
266	865
266	1129
267	322
267	1101
268	269
268	437
268	723
268	1462
268	1689
269	496
269	651
269	814
270	293
270	637
270	806
270	1120
270	1227
270	1491
270	1530
271	483
271	1026
271	1040
271	1341
271	1573
272	304
272	323
272	393
272	1453
273	960
273	1485
274	1331
274	1354
274	1487
275	505
275	820
275	1397
275	1401
275	1508
276	900
277	723
278	1197
278	1520
279	522
279	1008
280	1439
280	1463
281	866
281	1225
281	1357
282	1228
283	973
283	1344
283	1518
283	1528
284	668
284	1428
285	734
285	1120
285	1340
286	1668
287	397
287	779
287	1014
287	1323
288	934
288	1373
289	315
289	1262
289	1418
289	1487
290	614
290	1480
290	1500
291	1184
291	1273
291	1386
292	415
292	737
292	1071
292	1271
292	1335
292	1688
293	307
293	490
293	516
293	628
293	727
293	1060
293	1155
293	1376
294	636
294	1060
294	1419
295	461
295	873
295	1009
295	1119
295	1219
295	1579
296	682
296	1037
296	1119
296	1211
296	1629
297	571
297	907
297	1340
297	1547
298	1063
298	1118
298	1567
299	509
299	867
299	904
299	1229
300	661
300	867
300	1177
300	1577
301	813
302	1108
303	586
303	895
303	1255
303	1422
303	1678
304	438
304	516
304	1059
304	1060
304	1650
305	307
305	1030
305	1058
305	1145
305	1185
306	335
306	1172
307	424
307	781
307	840
307	865
307	1136
307	1190
308	485
308	633
308	1408
308	1423
308	1621
309	788
309	959
309	1148
309	1204
310	1387
310	1692
311	1007
312	390
312	1230
312	1271
313	1048
313	1052
313	1181
313	1644
314	584
314	710
314	827
314	860
315	993
315	1191
315	1330
316	849
317	516
317	538
317	545
317	839
317	1450
318	462
318	525
319	544
319	622
319	1218
319	1411
320	399
320	725
320	1048
320	1683
321	504
321	552
321	589
321	892
321	1246
321	1318
321	1620
322	387
323	406
323	493
323	1352
324	506
324	1406
324	1466
324	1467
324	1694
325	357
325	726
325	1013
325	1032
325	1036
326	1505
327	523
327	890
327	1628
328	1214
328	1424
328	1549
329	988
329	1517
329	1632
331	467
331	1266
331	1596
332	1406
332	1668
333	448
333	571
333	650
333	717
333	1418
334	696
334	710
334	1582
334	1629
335	444
335	1494
336	517
336	525
336	590
337	695
337	775
337	789
338	666
338	882
339	363
339	972
339	1017
339	1049
340	955
340	1410
341	474
341	930
342	380
342	702
342	902
342	1037
342	1317
342	1354
343	405
343	529
343	534
343	775
343	808
343	838
344	352
344	499
344	760
344	767
344	814
344	926
344	1103
344	1201
344	1377
344	1643
344	1693
345	406
345	660
345	819
345	1138
345	1331
345	1379
345	1605
346	470
346	715
346	864
346	892
346	1362
346	1599
347	976
348	594
348	649
348	944
348	1343
349	707
349	1190
350	541
350	1104
350	1608
350	1648
351	1475
352	1287
352	1539
352	1556
352	1619
352	1650
353	1591
353	1637
353	1641
354	1695
355	394
356	937
356	969
356	1177
356	1431
356	1537
357	1220
357	1492
357	1596
358	410
358	781
358	1017
358	1341
359	473
359	916
359	1298
360	835
360	1164
360	1224
360	1347
360	1590
361	1304
361	1509
362	868
362	953
362	1127
362	1202
362	1430
362	1532
363	1299
363	1602
364	468
364	551
365	548
365	703
365	851
365	1603
366	1230
367	1135
367	1373
368	703
368	897
368	1067
368	1187
368	1401
368	1617
369	1089
369	1218
369	1382
370	817
370	913
370	1161
371	928
371	933
371	1315
371	1423
371	1608
372	495
372	1674
373	743
374	1305
375	749
375	1204
375	1397
376	1047
376	1527
376	1610
378	934
378	1118
378	1462
378	1665
379	677
379	1347
380	904
380	915
380	1202
381	1555
382	1084
383	495
383	1147
384	837
385	1011
385	1463
386	1132
386	1348
386	1457
386	1522
387	452
387	602
387	860
387	976
387	1622
388	1382
388	1649
389	549
389	954
389	1318
389	1584
389	1626
390	570
390	1122
390	1292
391	536
391	977
391	1324
391	1448
392	574
393	858
393	1078
393	1254
394	511
395	521
395	1016
395	1078
395	1444
396	869
396	1160
396	1504
396	1505
396	1623
397	762
398	400
398	483
398	891
398	1383
398	1679
399	815
399	1605
399	1684
400	624
400	930
400	1611
401	541
401	610
402	1357
402	1455
403	595
403	733
404	1138
404	1152
404	1324
404	1515
406	1518
407	628
407	976
407	1079
407	1589
408	745
408	1257
408	1641
409	818
410	754
410	986
410	1369
410	1388
411	826
411	1135
411	1167
411	1661
411	1682
412	972
412	1186
412	1649
413	490
413	532
413	888
413	1314
414	437
414	1521
415	482
415	828
415	953
416	607
416	783
416	1378
416	1526
416	1556
417	552
417	635
417	933
417	1003
417	1041
417	1597
418	1030
419	555
419	1099
420	623
420	649
420	667
420	865
420	877
420	1060
420	1203
420	1326
420	1345
420	1363
420	1468
421	750
421	862
421	867
422	843
422	1058
422	1223
422	1688
423	469
423	1662
424	555
424	601
424	604
424	619
424	965
424	1189
424	1303
425	1447
426	911
427	545
427	870
427	1013
427	1419
427	1668
428	975
429	991
430	487
430	555
430	1201
431	588
431	1510
432	817
432	999
432	1080
432	1297
432	1407
433	556
433	780
433	1297
433	1640
434	713
434	1239
434	1565
435	520
435	749
435	764
435	1357
435	1666
436	1041
436	1419
436	1682
437	476
437	1275
438	628
438	1218
438	1407
438	1487
439	1388
439	1601
440	482
440	1228
441	1136
442	677
442	875
442	1233
442	1563
442	1613
443	1073
444	629
444	727
445	832
445	887
446	1035
446	1066
446	1124
446	1362
446	1657
447	476
447	1680
448	532
448	957
449	788
449	902
449	1497
449	1651
450	689
450	692
450	1378
450	1553
451	1113
451	1652
452	643
452	770
452	932
452	943
452	1146
452	1466
452	1657
452	1671
453	626
453	723
454	539
454	964
454	1147
454	1175
455	556
455	573
455	1135
455	1304
456	463
456	1212
456	1351
457	661
457	1012
457	1462
458	1314
459	1133
459	1300
459	1543
460	731
460	737
460	800
460	879
460	1464
460	1513
460	1568
461	1001
461	1555
462	1052
462	1539
462	1649
462	1651
464	484
466	899
466	1596
466	1641
467	731
467	1031
468	627
468	750
468	989
469	1315
470	500
470	944
471	537
471	606
471	988
471	1269
472	638
472	1098
472	1198
472	1456
473	812
473	981
473	1173
473	1355
475	1524
475	1596
476	1015
477	977
477	1203
477	1257
477	1291
478	502
478	745
478	1623
478	1642
479	494
479	932
479	1151
479	1304
479	1517
480	1176
480	1331
480	1665
481	1111
481	1147
481	1232
482	1032
482	1257
483	736
483	771
483	947
483	1159
483	1531
484	1429
484	1629
485	701
485	730
485	804
485	879
486	503
486	525
487	571
487	610
487	877
487	1493
488	514
488	698
488	815
488	1258
488	1313
489	1304
489	1349
489	1382
489	1603
489	1606
490	877
490	1179
490	1209
490	1627
491	674
492	998
492	1121
492	1361
492	1436
493	686
493	941
494	916
495	779
495	1655
496	639
496	1529
497	855
497	861
497	1460
497	1473
498	915
498	1017
499	608
499	937
500	942
501	675
502	933
503	657
503	1106
503	1125
503	1152
503	1543
503	1612
504	679
504	784
504	1616
505	936
505	947
505	1275
505	1695
507	894
507	1010
508	845
508	1327
508	1390
509	763
510	544
510	1126
510	1332
511	543
511	1000
511	1213
511	1382
511	1663
512	686
512	854
512	944
512	997
512	1053
512	1461
512	1654
513	804
513	952
513	1298
513	1448
513	1479
514	1085
514	1580
516	1092
516	1366
517	1405
517	1480
518	1327
518	1403
519	1081
519	1416
519	1476
521	693
521	1273
521	1656
522	749
522	1076
522	1246
522	1399
523	639
523	1079
524	535
524	1596
525	762
526	542
526	1457
526	1659
527	959
527	1144
527	1345
528	662
528	750
528	913
528	967
528	1284
528	1374
529	1181
529	1265
529	1497
530	602
530	1606
531	646
532	1564
532	1602
533	1038
533	1219
533	1335
534	600
534	699
534	896
534	913
534	1238
534	1347
535	571
535	846
535	909
535	951
535	1290
535	1606
536	570
536	608
536	1203
538	957
538	1095
538	1305
539	731
539	1116
539	1406
540	654
540	707
540	828
540	1458
540	1667
541	621
541	1286
541	1486
542	577
542	778
542	926
542	1086
542	1168
543	874
543	1155
545	999
545	1443
545	1576
545	1652
546	908
547	622
547	714
547	806
547	1156
547	1267
547	1417
548	1001
548	1403
548	1565
548	1659
548	1672
549	1637
550	634
550	700
550	948
550	1077
550	1355
550	1534
551	571
551	946
551	1107
551	1588
552	617
552	773
552	1309
552	1419
553	659
553	918
553	1020
554	1469
555	921
555	1479
555	1516
555	1523
555	1676
556	1099
556	1403
557	731
557	1272
557	1452
558	708
558	1497
559	953
559	1662
560	782
560	1020
560	1117
561	597
561	847
561	1667
562	991
562	1243
563	633
563	675
563	835
563	1059
563	1364
563	1607
564	1071
565	834
565	880
565	924
565	1603
566	1474
566	1509
567	732
567	1137
567	1211
567	1344
568	1631
569	920
569	1320
570	642
570	1069
570	1593
571	985
571	1103
571	1315
572	1023
572	1292
572	1580
573	1230
573	1276
573	1459
573	1478
574	725
574	750
574	761
574	967
574	1593
575	691
575	900
576	1505
577	1084
577	1261
578	1009
578	1460
578	1540
579	1225
580	718
580	856
580	956
580	977
580	1129
581	1596
582	999
582	1003
582	1557
583	1362
583	1655
583	1660
584	589
584	973
584	1115
584	1126
584	1341
585	638
585	685
585	821
585	854
585	1506
586	1335
587	669
588	1135
588	1472
589	777
589	785
589	835
589	1136
590	773
590	785
590	1003
590	1333
590	1432
590	1699
591	788
592	605
592	784
592	982
592	1053
593	1048
593	1202
595	714
595	882
595	1686
596	1229
597	1468
598	860
598	1036
600	1014
600	1257
601	742
601	1392
601	1583
602	630
602	1005
602	1329
602	1583
603	814
603	1018
603	1325
603	1410
604	1405
605	662
605	1643
606	815
607	1522
608	735
608	751
608	1196
609	971
610	1007
610	1156
610	1462
611	750
611	1362
612	738
612	826
612	1310
612	1653
613	851
614	1580
615	638
615	780
615	1621
616	698
616	808
616	866
616	887
616	1438
617	754
618	625
618	999
618	1025
618	1408
619	708
619	798
619	1458
620	1253
620	1442
621	1500
622	1556
623	1319
623	1697
624	688
625	727
625	1691
626	884
626	1203
626	1652
627	632
627	770
627	1077
627	1168
627	1204
628	856
628	1023
628	1325
628	1344
629	1338
629	1358
629	1463
630	695
630	1592
631	713
631	758
631	914
631	1038
631	1197
631	1513
632	1069
633	911
633	1450
634	644
634	784
634	870
635	780
636	691
636	926
637	894
637	1287
638	826
640	1136
640	1230
640	1600
640	1696
641	1549
642	1204
642	1250
643	1431
644	866
644	938
644	1198
644	1348
646	673
646	1327
647	1007
647	1207
648	837
648	1207
648	1462
648	1615
649	947
649	970
649	1026
649	1182
649	1564
649	1657
650	1064
650	1642
651	801
651	1590
652	748
652	1297
654	776
654	1174
654	1324
654	1667
655	880
656	1659
657	1024
657	1273
657	1386
657	1635
659	1365
660	679
660	702
660	788
660	1396
660	1404
662	849
662	1098
662	1246
662	1511
663	840
663	1204
663	1480
663	1540
664	896
664	1222
664	1365
665	844
665	1433
666	694
666	1052
666	1275
666	1288
667	900
667	1337
667	1501
667	1527
668	949
668	1460
668	1634
668	1685
669	1257
670	1317
670	1337
671	800
671	1055
671	1060
672	1427
673	716
674	1217
674	1419
674	1479
675	818
675	1662
676	1018
676	1168
677	960
678	1218
679	1223
679	1298
679	1358
680	1466
681	691
681	955
681	1054
682	1036
682	1194
682	1291
683	870
684	764
684	1426
684	1543
684	1599
685	722
685	737
685	803
685	1167
686	799
686	903
686	1311
686	1589
686	1687
687	779
687	1097
688	1421
689	1113
689	1340
690	1476
690	1514
690	1608
691	809
691	1388
691	1407
691	1526
692	831
692	1291
692	1510
693	826
693	1113
694	1106
694	1391
695	803
695	1231
696	892
696	1277
696	1289
696	1528
697	728
697	866
697	1168
697	1282
698	1169
698	1320
698	1638
698	1657
699	1554
700	932
700	990
700	1505
700	1663
701	821
701	1135
702	1022
702	1467
703	1270
705	871
705	1527
705	1536
706	905
706	1133
706	1402
707	1342
707	1577
708	1118
708	1160
709	903
709	1375
710	939
710	956
710	1189
710	1205
711	1010
711	1076
711	1108
711	1186
711	1241
712	1160
712	1515
713	749
713	996
713	1669
715	897
715	906
715	1461
715	1486
716	1359
717	1102
718	1428
719	987
719	1171
720	1092
720	1113
720	1444
721	1240
721	1260
721	1340
721	1475
721	1547
723	767
724	1190
724	1491
724	1505
725	726
725	1586
726	822
726	1271
726	1290
727	803
727	1355
727	1370
727	1428
728	889
728	997
729	1252
730	1145
730	1185
730	1620
731	1421
732	841
732	858
732	1212
732	1594
733	831
733	913
734	740
734	1391
734	1532
735	805
735	820
735	1096
735	1300
736	1388
737	993
737	1355
737	1505
737	1521
738	1147
739	741
739	1043
740	969
740	1047
740	1084
740	1127
741	774
741	1065
741	1100
741	1271
742	1586
743	886
743	1228
743	1640
744	1068
744	1084
744	1104
744	1216
744	1282
744	1290
745	1173
746	1041
746	1158
747	1007
747	1051
747	1170
748	968
749	1581
751	1099
751	1166
751	1609
751	1642
751	1678
751	1681
752	815
752	1630
753	1342
754	1512
754	1583
754	1597
755	908
755	1017
755	1192
755	1399
755	1468
756	1231
756	1659
757	1562
757	1634
758	988
758	1315
759	1223
760	781
760	1516
761	1516
761	1601
762	972
763	852
763	1016
763	1032
763	1103
763	1346
763	1435
763	1699
764	807
764	955
764	992
764	1342
764	1648
765	1658
766	769
766	1129
766	1146
766	1297
767	1499
768	875
768	1205
768	1276
768	1287
768	1565
768	1603
768	1621
768	1699
769	787
769	1176
770	1041
770	1141
770	1178
770	1523
770	1621
771	1239
771	1341
771	1380
772	1017
772	1349
774	819
774	1016
774	1239
774	1376
774	1395
775	824
775	883
775	1318
776	1116
776	1237
776	1439
777	1533
778	1380
780	1126
780	1346
781	1531
782	1124
783	909
785	1058
786	1471
787	1252
787	1261
787	1587
788	798
788	1246
788	1283
788	1294
789	1411
790	1204
790	1511
790	1545
791	1307
791	1445
791	1576
792	1086
792	1572
793	1042
793	1284
793	1383
793	1500
794	809
794	960
794	1047
795	846
795	1059
795	1329
795	1481
795	1676
796	1625
797	879
798	872
799	1535
800	1285
801	1051
802	890
802	1014
803	1698
804	1343
805	1160
805	1173
806	1347
806	1606
808	1025
808	1280
808	1450
808	1674
809	1091
809	1371
810	846
811	814
811	1319
811	1529
811	1638
812	1215
812	1278
812	1478
813	1698
814	1146
814	1562
815	826
815	927
815	1318
816	884
817	915
817	1361
818	1049
818	1111
818	1186
818	1333
818	1406
818	1597
819	1516
820	1013
820	1361
820	1482
820	1674
821	832
821	1253
822	1293
822	1536
823	880
823	1430
825	1066
825	1466
825	1630
826	1345
826	1491
826	1676
827	1416
827	1620
828	983
828	1095
829	1612
830	1305
830	1474
830	1561
831	875
831	908
831	1183
831	1571
832	897
832	1026
832	1440
832	1453
833	1245
833	1390
834	982
834	1411
834	1662
836	931
836	1183
836	1257
836	1303
836	1306
837	1103
837	1176
837	1191
838	859
838	1013
840	863
840	1019
840	1098
840	1342
841	1073
841	1306
841	1507
842	883
843	1097
843	1211
843	1264
843	1361
844	1466
845	1408
845	1682
846	1356
846	1628
847	1114
847	1177
847	1337
847	1550
848	860
850	1294
851	946
852	1062
853	1372
854	867
856	1363
857	1035
857	1041
857	1589
858	1028
858	1303
860	1395
863	1271
863	1568
864	1296
864	1319
864	1420
864	1476
864	1492
865	1032
866	907
866	1027
866	1063
866	1244
866	1250
866	1354
867	998
867	1155
868	1086
868	1584
869	1473
870	1444
870	1625
871	1072
871	1092
872	1290
873	891
873	1661
875	1611
876	1224
876	1341
877	1167
877	1535
878	1179
881	970
881	1039
881	1093
881	1521
883	995
883	1585
885	1122
885	1249
886	1040
888	1133
888	1375
888	1535
888	1623
889	1161
889	1540
889	1686
890	1112
890	1367
891	1525
892	1011
893	1160
893	1490
893	1661
895	1684
896	1181
897	983
897	1188
897	1645
898	899
898	1095
898	1556
899	1182
899	1552
900	1018
900	1235
900	1664
901	1150
901	1458
902	1379
902	1470
903	1309
903	1402
904	1255
907	1118
907	1540
907	1693
908	1586
909	1330
910	1581
910	1672
911	989
911	1180
911	1190
911	1267
912	927
912	1190
913	942
913	989
913	1437
913	1513
913	1591
914	1257
914	1408
914	1664
915	1067
915	1561
915	1602
916	1180
916	1565
916	1627
917	1008
917	1180
919	1108
920	1116
921	1048
921	1552
922	1052
922	1466
923	1254
924	1218
924	1247
924	1539
924	1569
925	972
925	1107
925	1213
926	1507
926	1675
928	1300
928	1422
929	1121
929	1150
929	1381
932	983
933	965
933	1342
933	1603
934	937
934	1227
934	1335
934	1351
934	1462
935	1035
935	1142
937	1651
939	989
939	1113
940	1614
941	1231
941	1492
942	1346
942	1370
943	1518
944	1246
944	1520
945	1017
945	1126
945	1300
945	1376
945	1539
946	972
946	1411
946	1444
947	1223
948	1241
948	1526
949	1227
949	1284
949	1342
949	1639
950	1101
951	955
951	1247
951	1280
951	1424
951	1437
951	1522
951	1525
952	1448
953	1359
953	1487
953	1560
955	994
955	1200
955	1667
956	1064
956	1510
958	1134
958	1248
958	1404
958	1648
960	1320
960	1370
960	1645
961	1198
961	1226
962	1359
963	1174
963	1246
963	1421
963	1474
964	1210
964	1233
964	1248
964	1487
965	1015
965	1069
965	1413
966	1559
966	1686
967	1680
969	1481
969	1585
969	1644
970	1436
971	1131
971	1297
971	1514
971	1533
973	1087
973	1311
973	1464
974	1120
974	1309
975	1039
975	1253
976	1227
977	1179
978	1379
978	1416
978	1480
978	1534
978	1620
980	1025
980	1157
981	1389
981	1440
982	1476
983	1099
983	1575
984	1070
984	1212
984	1423
985	1432
986	1183
990	1066
990	1470
991	1187
991	1475
991	1492
991	1521
991	1581
993	1096
993	1146
995	1416
995	1439
996	1048
996	1185
996	1317
996	1685
997	1594
997	1674
999	1053
999	1055
999	1195
1000	1223
1001	1304
1003	1502
1003	1667
1004	1174
1004	1318
1004	1419
1006	1223
1007	1370
1007	1503
1007	1569
1007	1675
1008	1118
1008	1192
1009	1501
1009	1595
1010	1018
1010	1148
1011	1409
1011	1516
1012	1518
1013	1079
1013	1443
1013	1454
1013	1522
1014	1151
1014	1192
1015	1302
1016	1278
1016	1444
1017	1305
1018	1526
1018	1661
1019	1115
1020	1267
1020	1595
1020	1599
1021	1128
1021	1575
1024	1456
1025	1514
1026	1339
1026	1355
1027	1523
1027	1530
1028	1130
1029	1047
1029	1100
1029	1188
1029	1393
1029	1483
1030	1316
1030	1536
1031	1397
1032	1220
1033	1109
1033	1190
1034	1248
1034	1663
1035	1550
1036	1104
1036	1275
1036	1507
1037	1610
1038	1314
1038	1560
1039	1272
1039	1673
1040	1234
1040	1322
1041	1677
1043	1213
1044	1446
1045	1119
1045	1425
1046	1285
1046	1574
1046	1577
1047	1264
1047	1460
1048	1238
1049	1199
1049	1586
1050	1259
1051	1450
1052	1101
1052	1628
1053	1377
1055	1604
1056	1428
1057	1364
1057	1431
1057	1632
1058	1351
1058	1434
1058	1577
1059	1327
1059	1348
1059	1644
1059	1679
1059	1691
1060	1205
1060	1610
1063	1581
1065	1348
1065	1464
1066	1355
1067	1153
1068	1201
1069	1182
1069	1319
1069	1672
1070	1238
1070	1562
1071	1692
1072	1225
1072	1365
1072	1574
1073	1172
1073	1350
1074	1460
1075	1351
1075	1471
1075	1605
1076	1648
1078	1519
1078	1639
1080	1578
1080	1644
1081	1484
1081	1611
1083	1274
1083	1334
1083	1365
1083	1415
1084	1574
1085	1579
1086	1162
1086	1579
1087	1336
1090	1267
1090	1370
1090	1382
1092	1106
1092	1201
1092	1382
1095	1382
1095	1485
1095	1489
1096	1691
1097	1407
1098	1528
1099	1505
1100	1643
1100	1653
1100	1662
1101	1567
1101	1604
1103	1569
1104	1682
1105	1381
1105	1646
1106	1315
1106	1398
1107	1130
1108	1135
1108	1267
1108	1682
1109	1300
1109	1507
1110	1291
1110	1647
1113	1290
1114	1375
1114	1598
1115	1346
1116	1255
1117	1459
1117	1623
1117	1687
1118	1258
1118	1365
1119	1407
1120	1173
1122	1488
1123	1347
1123	1672
1124	1254
1125	1661
1126	1258
1127	1401
1128	1254
1129	1365
1133	1144
1134	1337
1136	1178
1137	1463
1138	1435
1138	1660
1139	1273
1139	1585
1140	1229
1140	1401
1140	1404
1141	1357
1142	1697
1143	1492
1145	1426
1145	1495
1146	1235
1146	1321
1146	1324
1146	1402
1147	1652
1149	1182
1149	1477
1150	1334
1151	1385
1151	1653
1152	1236
1152	1447
1154	1280
1154	1287
1154	1669
1155	1287
1155	1429
1156	1291
1157	1166
1157	1596
1158	1559
1158	1615
1158	1659
1159	1328
1159	1377
1159	1696
1160	1286
1160	1316
1160	1421
1162	1324
1162	1375
1162	1630
1162	1657
1164	1232
1164	1304
1164	1459
1165	1502
1167	1590
1167	1621
1170	1203
1170	1466
1173	1499
1173	1554
1174	1499
1175	1503
1175	1686
1177	1181
1177	1558
1177	1585
1179	1259
1179	1474
1180	1361
1181	1687
1182	1355
1182	1364
1183	1470
1184	1436
1184	1558
1186	1387
1186	1618
1187	1302
1187	1327
1187	1343
1187	1574
1188	1571
1188	1608
1190	1314
1190	1481
1191	1268
1192	1249
1193	1660
1194	1400
1194	1627
1195	1256
1195	1361
1195	1478
1196	1661
1197	1270
1197	1489
1198	1210
1198	1280
1198	1308
1198	1632
1200	1371
1202	1697
1206	1207
1206	1453
1209	1454
1209	1535
1209	1674
1210	1226
1210	1339
1210	1437
1210	1492
1210	1562
1211	1617
1212	1661
1213	1630
1214	1579
1214	1663
1215	1300
1216	1479
1218	1242
1218	1334
1219	1605
1220	1638
1222	1268
1222	1624
1223	1279
1223	1420
1223	1486
1224	1231
1225	1470
1225	1521
1228	1508
1230	1529
1232	1407
1233	1302
1233	1425
1234	1414
1234	1671
1236	1355
1237	1359
1238	1456
1239	1647
1240	1392
1240	1471
1240	1502
1240	1672
1241	1636
1243	1387
1243	1433
1243	1459
1243	1539
1245	1441
1246	1688
1247	1578
1248	1376
1249	1456
1249	1658
1250	1525
1250	1565
1251	1484
1255	1462
1257	1282
1257	1420
1259	1589
1260	1356
1260	1380
1261	1406
1261	1408
1261	1622
1263	1442
1263	1536
1264	1696
1265	1279
1265	1622
1265	1689
1266	1519
1266	1635
1266	1683
1267	1379
1268	1623
1269	1348
1269	1595
1270	1465
1272	1505
1272	1513
1273	1406
1279	1282
1280	1287
1281	1624
1282	1534
1282	1557
1284	1572
1285	1575
1287	1619
1289	1399
1290	1417
1290	1522
1293	1530
1295	1402
1295	1472
1296	1310
1296	1337
1296	1606
1298	1447
1298	1552
1298	1692
1300	1449
1300	1675
1302	1318
1303	1496
1303	1512
1307	1335
1309	1620
1311	1338
1314	1447
1315	1606
1318	1378
1319	1678
1320	1657
1322	1506
1322	1685
1323	1646
1324	1535
1328	1425
1331	1611
1332	1548
1332	1683
1333	1409
1334	1383
1335	1400
1335	1535
1338	1396
1339	1671
1340	1341
1340	1619
1342	1348
1343	1550
1344	1411
1344	1643
1344	1666
1348	1377
1349	1561
1349	1572
1349	1608
1350	1521
1351	1414
1352	1510
1352	1546
1353	1468
1354	1659
1355	1559
1356	1513
1357	1384
1357	1500
1359	1645
1360	1564
1361	1588
1362	1559
1365	1439
1366	1420
1366	1475
1368	1630
1370	1558
1370	1578
1371	1499
1371	1510
1373	1492
1376	1476
1377	1399
1377	1463
1377	1556
1378	1513
1379	1427
1380	1564
1380	1580
1382	1576
1383	1469
1384	1489
1385	1468
1385	1534
1390	1528
1390	1669
1392	1417
1392	1469
1393	1457
1393	1667
1395	1428
1396	1415
1397	1475
1397	1608
1400	1625
1400	1681
1401	1499
1401	1667
1403	1423
1403	1537
1403	1647
1403	1687
1404	1626
1404	1665
1406	1411
1408	1636
1409	1494
1410	1664
1412	1489
1412	1671
1415	1526
1416	1601
1422	1618
1424	1515
1424	1557
1424	1586
1425	1699
1426	1646
1428	1556
1429	1520
1430	1439
1431	1534
1435	1447
1437	1502
1437	1562
1441	1486
1449	1574
1451	1533
1451	1534
1451	1564
1451	1649
1454	1547
1455	1518
1457	1665
1462	1494
1462	1561
1462	1640
1463	1531
1463	1623
1465	1617
1468	1535
1469	1508
1473	1663
1476	1638
1478	1565
1486	1574
1487	1557
1489	1625
1496	1502
1496	1698
1497	1641
1505	1577
1516	1541
1516	1628
1519	1666
1521	1652
1523	1665
1525	1533
1530	1572
1534	1663
1535	1565
1541	1570
1541	1626
1541	1638
1545	1637
1546	1573
1549	1601
1551	1602
1555	1648
1556	1587
1564	1658
1567	1671
1568	1666
1570	1581
1572	1594
1573	1655
1575	1636
1585	1681
1587	1606
1591	1599
1595	1646
1600	1664
1608	1625
1610	1685
1611	1659
1611	1682
1615	1655
1623	1668
1628	1686
1629	1641
1639	1685
1649	1661