0	137
0	492
0	933
0	1162
0	1296
0	1570
0	1673
1	96
1	283
1	419
1	571
1	1427
2	319
2	720
2	727
2	1655
3	47
3	1005
4	321
4	466
4	884
4	899
4	1364
5	739
5	1348
5	1349
5	1694
6	359
6	648
6	836
6	932
6	964
6	1620
7	594
7	1017
8	715
8	886
8	932
8	1099
8	1175
8	1410
8	1622
9	333
9	474
9	595
9	678
9	863
9	1024
9	1304
9	1424
10	296
10	852
10	1266
10	1412
11	778
11	880
11	1376
11	1601
12	244
12	409
12	762
12	1068
12	1445
13	1298
14	840
14	999
14	1494
15	256
15	321
15	491
15	707
15	1162
16	177
16	318
16	441
16	736
16	1000
16	1388
16	1516
16	1617
17	1034
18	1016
18	1646
19	126
19	196
19	989
19	1078
19	1114
19	1128
19	1156
20	633
20	694
20	848
20	1347
21	779
21	791
21	996
21	1212
21	1318
22	109
22	533
22	1211
22	1699
23	1258
23	1459
24	263
24	517
24	920
24	1590
25	877
25	1572
26	1242
26	1485
26	1495
26	1533
26	1562
27	345
27	356
27	582
27	1294
27	1494
28	168
28	261
28	1309
28	1392
29	610
29	1079
30	154
30	449
30	471
30	1078
31	1173
31	1520
32	209
32	1220
33	195
33	287
33	721
33	830
33	839
33	951
33	1160
33	1242
33	1311
33	1335
33	1349
33	1366
34	63
34	421
34	438
34	1021
34	1115
34	1264
34	1482
35	146
35	927
35	1065
35	1348
35	1536
35	1576
35	1648
36	553
36	604
36	691
36	962
36	1384
36	1531
36	1628
37	348
37	381
37	538
37	1020
37	1082
38	163
38	199
38	852
38	1086
39	130
39	775
39	1090
39	1213
39	1592
40	1030
41	42
41	338
41	756
41	827
41	1007
42	177
42	776
42	1550
42	1615
43	434
43	575
44	86
44	829
44	1206
44	1299
45	941
45	1135
46	414
46	656
46	998
47	974
47	1081
47	1201
48	161
48	362
49	113
49	152
49	216
49	435
49	587
49	1061
49	1675
50	112
50	381
50	1135
50	1325
50	1380
50	1515
51	525
51	690
52	240
52	453
52	755
52	1497
53	181
53	1310
54	237
54	659
54	736
55	392
55	1202
55	1342
56	1186
56	1491
57	114
57	355
57	672
57	812
57	1040
57	1201
57	1393
58	845
58	972
58	1062
58	1504
59	404
59	1362
59	1515
60	1626
61	64
61	429
61	654
61	823
61	1099
61	1247
61	1302
61	1325
61	1514
61	1649
61	1674
62	861
62	1330
62	1346
62	1377
62	1578
63	992
63	1029
63	1118
64	1642
65	81
65	341
65	440
65	519
65	974
65	1563
66	453
66	642
66	1239
66	1661
67	155
67	336
67	954
68	1430
69	529
69	835
69	1172
69	1233
69	1689
70	292
70	774
71	318
71	443
71	1141
72	134
72	269
72	1112
72	1258
72	1297
73	401
73	425
73	610
73	1408
73	1687
74	241
74	590
74	1248
75	230
75	389
75	448
75	739
75	1100
75	1319
75	1492
76	302
76	660
76	715
76	1168
76	1298
76	1679
77	1250
77	1471
78	113
78	921
78	924
78	1637
79	562
79	602
79	759
79	1171
79	1236
79	1416
79	1576
80	204
81	644
81	1210
81	1256
81	1453
82	575
82	1134
82	1170
82	1233
82	1500
83	794
83	899
83	925
83	1311
83	1426
83	1613
84	221
84	1682
85	790
86	151
86	1336
86	1546
86	1686
87	463
87	788
87	1286
87	1468
88	210
88	389
88	1222
88	1469
88	1549
89	316
89	661
90	93
90	403
90	904
90	1522
90	1642
91	244
91	656
91	662
91	757
91	813
91	1673
92	911
92	1106
92	1277
92	1639
92	1666
93	1137
93	1187
94	1120
94	1469
95	1324
95	1500
96	229
96	553
96	679
96	713
96	838
96	1423
97	171
97	326
97	566
97	1078
98	211
98	498
98	503
98	775
98	1163
98	1254
98	1536
99	160
99	204
99	223
99	867
99	1253
99	1683
99	1698
100	1199
100	1367
100	1405
101	306
101	537
101	1071
102	1450
102	1473
103	288
103	611
103	789
103	1030
103	1442
104	176
104	781
104	1244
104	1666
105	406
105	645
105	757
106	131
106	380
106	956
106	1197
106	1428
106	1490
107	297
107	302
108	843
108	994
108	1046
108	1072
108	1490
108	1604
109	190
109	466
109	510
109	607
109	652
109	1110
109	1456
110	1431
110	1699
111	147
111	682
112	1070
113	183
113	538
113	860
113	1126
113	1192
113	1320
113	1446
113	1630
114	631
115	242
115	459
115	918
115	1118
116	421
116	739
116	1008
116	1206
116	1219
116	1312
116	1343
116	1353
116	1665
117	1503
118	662
118	824
118	1057
118	1290
118	1445
119	700
119	1350
120	362
120	524
120	541
120	545
121	159
121	449
122	896
123	660
123	964
123	980
123	1166
123	1525
123	1529
124	915
124	1451
124	1504
125	893
125	1534
126	195
126	249
126	462
126	1581
127	178
127	636
127	732
127	1094
127	1123
127	1218
127	1647
127	1685
127	1697
128	205
128	262
128	689
128	1172
128	1206
128	1429
128	1536
129	142
129	514
129	717
129	838
129	952
129	1552
130	269
130	841
130	1106
130	1447
131	730
131	786
131	820
132	147
132	596
132	765
132	798
132	1567
133	247
133	310
133	437
133	985
133	1168
133	1352
134	381
134	516
134	1199
135	955
135	1536
136	209
136	1046
136	1213
137	198
137	740
137	863
137	954
138	1298
139	846
140	1011
140	1302
140	1443
140	1639
141	537
141	587
141	748
141	1422
141	1598
142	376
142	471
142	473
142	662
142	791
142	1479
143	236
143	537
143	658
143	1245
143	1621
143	1693
144	266
144	1263
144	1378
144	1474
144	1568
144	1666
145	962
145	1200
145	1682
146	367
146	1021
146	1036
147	312
147	622
147	829
147	1017
148	339
148	908
148	1494
148	1615
149	475
149	842
149	1293
149	1575
150	798
150	875
151	204
151	1323
151	1326
151	1431
151	1639
152	173
152	733
152	792
152	1466
153	835
153	865
154	1319
155	179
155	605
155	1519
155	1689
156	459
156	1138
156	1564
157	538
157	813
158	195
158	675
158	1240
158	1395
158	1455
158	1574
159	513
159	596
159	1054
159	1531
159	1620
159	1621
160	529
160	705
160	811
160	1102
160	1448
161	305
161	445
161	892
161	933
161	1098
161	1541
162	511
162	627
162	811
162	815
162	946
163	681
163	967
164	514
164	615
164	632
165	232
165	254
165	294
165	311
165	548
166	222
166	1082
166	1414
167	198
167	1167
168	1388
168	1396
169	1286
169	1356
169	1471
170	294
170	606
170	662
170	918
170	978
170	1062
170	1334
171	324
171	341
171	430
171	859
171	922
171	1447
171	1654
172	528
172	770
172	887
172	897
172	1699
173	484
173	1431
174	491
174	763
174	1039
174	1105
174	1470
174	1603
174	1671
175	397
175	1148
176	358
176	1094
176	1371
176	1408
177	541
177	782
177	874
177	1437
177	1455
177	1517
178	858
178	973
178	1459
178	1594
179	972
179	1347
180	1001
180	1582
181	606
181	615
181	873
181	1124
181	1145
181	1163
181	1586
182	281
182	1574
182	1633
183	212
183	287
183	928
183	1008
183	1218
184	279
184	318
184	531
184	1051
184	1314
184	1647
185	440
185	1138
186	340
186	826
187	231
187	667
187	1042
187	1565
188	657
188	921
188	1106
188	1679
189	224
189	440
189	1262
189	1587
189	1636
190	1192
190	1404
191	611
191	747
191	1349
191	1414
191	1422
191	1625
192	373
192	577
192	757
192	830
192	1072
192	1141
193	1456
194	1280
194	1367
194	1398
194	1434
195	203
195	434
195	632
195	697
195	929
195	1241
196	565
196	975
196	1417
196	1420
197	1047
197	1092
197	1136
197	1652
198	273
198	1363
199	380
199	617
199	963
199	1394
199	1580
200	492
200	699
200	1299
200	1684
201	443
201	1013
201	1039
201	1057
201	1172
202	569
202	1104
202	1486
203	215
203	236
203	432
203	776
203	1063
203	1640
204	1116
204	1496
205	592
205	1086
205	1626
206	224
206	512
206	555
206	1576
207	910
208	518
208	1261
209	396
209	838
209	970
209	1155
209	1303
210	828
210	894
211	247
211	347
211	426
211	661
211	943
211	1129
211	1559
213	1028
213	1397
214	566
214	678
214	1114
214	1393
215	938
215	1402
216	293
216	500
216	1552
217	431
217	1186
218	1286
219	517
219	670
219	1134
220	525
220	1428
221	547
221	748
221	784
221	1410
222	690
222	819
222	1506
223	486
223	631
223	813
224	273
224	1345
224	1457
225	339
225	421
225	657
225	1229
226	780
226	1116
226	1375
226	1586
227	260
227	387
227	646
227	746
227	1379
227	1427
228	509
228	1567
229	1121
229	1644
230	1203
230	1346
230	1377
231	415
231	684
231	1070
231	1157
231	1249
232	302
232	1239
233	417
233	757
233	1010
233	1491
234	1686
235	836
235	971
235	985
235	1149
236	813
236	1215
236	1494
237	1063
237	1131
238	423
238	666
238	966
238	1552
239	429
239	504
239	648
239	887
239	888
239	996
239	1342
240	457
240	751
240	849
241	268
241	1419
241	1447
241	1482
242	254
242	680
242	924
242	950
242	1404
243	1220
244	252
244	602
244	1668
245	283
245	466
245	766
246	381
246	532
246	606
246	1279
246	1395
247	457
247	514
247	569
247	804
247	916
248	292
249	1639
250	336
250	637
250	752
250	1108
250	1250
250	1471
251	325
251	1033
251	1128
251	1194
252	1208
252	1247
253	1585
254	615
254	1337
254	1370
254	1682
254	1688
255	882
255	1245
255	1384
256	311
256	336
256	783
256	1426
257	1275
258	929
258	1098
258	1382
259	304
259	1631
260	917
260	1233
260	1533
261	267
261	389
261	539
261	724
261	1010
261	1368
262	841
263	280
263	639
263	904
263	959
263	1419
263	1606
263	1683
264	753
264	1017
264	1404
264	1665
265	565
265	1012
265	1457
266	695
266	786
266	1018
266	1248
266	1357
266	1453
267	1169
267	1633
268	434
268	566
268	907
269	475
269	610
269	723
269	747
269	830
269	877
269	972
269	1084
270	589
270	596
270	883
271	901
271	1119
271	1131
271	1641
272	758
272	866
274	290
274	643
274	669
274	1320
274	1500
275	1443
276	291
276	458
276	522
276	602
276	621
276	902
277	831
277	1296
277	1388
278	939
278	1215
279	288
279	367
279	789
279	1000
279	1196
279	1368
280	644
280	905
281	390
281	683
281	869
281	955
282	1071
283	647
283	745
284	399
284	659
284	884
284	1045
284	1436
284	1623
284	1639
285	1112
286	468
286	661
286	1450
286	1592
286	1594
287	303
287	580
287	1003
288	385
288	416
288	1179
289	403
289	446
289	469
289	964
289	1056
290	336
290	532
290	1432
291	397
291	477
291	919
291	1537
291	1619
292	1356
293	321
293	836
293	955
294	339
294	699
295	1039
296	830
296	1138
297	565
297	766
297	868
297	993
297	1092
297	1449
298	326
298	560
298	1342
298	1374
298	1509
299	1036
299	1165
299	1665
300	1580
301	757
301	954
301	1060
302	325
302	899
302	1038
302	1346
303	1325
304	376
304	708
304	760
304	1130
305	611
305	1183
306	395
306	930
306	1152
307	630
307	882
307	1373
307	1691
308	434
308	1223
308	1622
309	377
309	1138
309	1426
309	1473
310	747
310	1381
310	1529
310	1625
311	702
311	948
311	1553
312	667
312	1069
312	1485
313	392
313	523
313	1211
314	1005
315	597
316	389
316	1077
316	1311
316	1609
316	1649
317	1018
318	618
319	657
319	1236
320	560
320	1497
320	1665
321	346
321	409
321	499
321	901
321	1617
322	1084
322	1256
323	482
323	909
323	1111
323	1144
323	1181
323	1548
324	744
324	1171
324	1180
324	1344
325	630
326	523
326	1175
326	1200
327	382
327	947
327	1001
327	1364
328	861
328	1055
329	683
329	1049
329	1174
329	1403
329	1499
330	503
330	570
330	580
330	679
330	948
330	961
330	1124
330	1157
331	1462
332	544
332	714
332	884
332	1302
333	752
333	1432
333	1683
334	335
334	442
334	1152
334	1414
335	489
335	677
335	712
335	815
335	838
336	526
336	599
336	636
336	735
336	812
336	980
336	1233
336	1481
337	624
337	626
337	654
337	860
337	1602
337	1665
338	790
338	1144
338	1317
338	1421
339	359
340	1628
340	1648
341	435
341	1234
342	786
342	887
342	1589
343	1281
344	1177
344	1419
345	738
345	1358
345	1489
345	1673
346	628
346	883
346	1004
346	1045
346	1580
347	795
347	842
347	1018
347	1022
347	1473
348	387
348	748
348	917
348	1262
348	1314
349	1097
350	808
351	420
351	717
351	849
351	1227
351	1279
352	532
352	952
353	647
353	1109
353	1388
354	1456
355	518
355	1250
355	1335
355	1453
356	363
356	1030
356	1204
357	827
357	929
357	1191
357	1274
358	636
358	982
358	1546
359	1227
359	1257
359	1311
359	1325
359	1383
359	1699
360	1309
360	1389
361	703
361	1370
361	1632
362	695
362	1178
362	1354
363	503
363	933
363	1301
363	1682
364	657
364	681
364	992
364	1007
364	1247
365	551
365	1164
366	729
366	753
366	759
366	1198
366	1386
367	450
367	702
367	786
367	1147
367	1358
367	1568
368	600
368	1465
369	1192
369	1437
370	624
370	741
371	1004
371	1253
371	1410
372	593
372	748
372	1298
372	1465
373	566
373	977
373	1377
374	648
374	715
375	1140
376	619
376	623
376	952
376	1288
376	1545
376	1566
377	471
377	591
377	598
377	651
377	963
378	997
378	1242
378	1635
379	440
379	1021
379	1197
380	427
380	714
380	891
380	1303
380	1454
380	1602
381	1210
381	1286
382	501
382	529
382	956
382	1180
382	1331
382	1427
383	517
383	713
383	865
383	1159
383	1339
384	1190
385	476
385	1085
385	1162
385	1277
386	473
386	950
386	1148
387	611
387	957
387	1000
387	1246
387	1530
388	1312
388	1381
389	875
390	944
390	1464
391	468
392	1076
392	1434
392	1450
393	598
393	724
393	882
393	1206
393	1208
394	620
394	644
394	649
394	720
394	1607
395	831
395	1273
395	1447
396	538
396	602
396	644
396	1082
396	1222
396	1575
397	499
397	715
397	771
397	847
397	958
397	1056
397	1510
398	841
398	1435
398	1570
398	1614
398	1638
399	670
399	780
399	822
399	1035
399	1113
399	1248
399	1290
399	1404
399	1443
399	1480
400	475
400	806
400	1175
401	936
401	1381
401	1508
401	1523
402	538
402	1301
402	1650
403	847
403	897
403	1016
403	1086
404	427
404	1021
404	1153
405	452
405	904
406	810
406	920
407	1054
407	1234
408	458
408	828
408	1009
409	1679
410	1663
411	520
411	705
411	1585
412	583
412	710
412	850
412	916
412	1495
413	943
414	1039
414	1203
414	1374
415	560
415	647
415	807
415	1186
415	1445
415	1504
416	733
416	734
416	868
416	1106
416	1246
416	1312
417	587
417	762
417	1062
417	1341
418	591
418	1018
418	1149
419	1486
419	1650
420	685
421	618
421	726
422	532
422	656
422	808
422	1473
422	1599
423	962
423	1347
423	1363
423	1388
423	1508
423	1569
424	1006
424	1083
424	1359
425	1068
425	1212
426	1180
426	1294
426	1471
427	569
427	801
427	1126
427	1344
428	724
428	1080
428	1148
428	1185
429	704
429	1140
430	431
430	594
430	937
430	1002
430	1583
430	1643
431	448
431	1687
432	1384
432	1655
433	634
433	858
433	861
433	1181
434	625
434	773
434	901
434	967
434	1487
434	1675
435	836
435	1107
435	1378
436	549
436	1105
436	1217
436	1486
436	1649
437	512
437	799
438	1433
439	1059
439	1467
439	1588
440	668
440	672
440	1161
440	1281
441	476
441	589
441	1692
442	950
442	1600
443	513
443	978
444	829
444	1196
444	1352
444	1671
445	497
445	618
445	800
445	853
445	1096
445	1124
445	1274
445	1486
446	519
446	707
447	470
447	472
447	772
447	907
447	1043
447	1126
447	1275
448	463
448	949
448	987
448	1552
449	1205
449	1217
449	1363
450	473
450	710
450	960
450	1309
451	668
451	1423
452	655
452	656
452	906
452	1543
453	619
453	1119
454	815
454	920
455	492
455	614
455	1132
456	752
456	1090
457	636
457	1401
457	1473
458	624
458	1045
458	1380
458	1560
459	542
459	1090
459	1426
459	1599
459	1686
460	634
460	668
460	1212
461	490
461	605
462	679
462	744
462	936
462	1178
462	1186
462	1347
463	501
463	1102
463	1647
464	785
465	1370
466	1015
466	1197
466	1267
467	842
467	1207
467	1309
467	1547
468	946
469	692
469	963
469	1549
470	868
470	869
470	974
471	922
471	972
471	1211
472	650
472	755
472	1145
472	1245
473	480
473	824
474	1099
474	1126
474	1398
475	802
476	501
476	631
476	1308
476	1662
477	1138
477	1472
477	1580
478	1346
479	1455
480	892
481	1683
482	697
482	833
482	904
482	1328
483	524
483	869
483	1095
483	1301
483	1338
483	1537
483	1579
484	492
484	1310
485	528
486	1364
486	1419
486	1560
487	545
487	835
487	836
488	747
488	1433
488	1605
488	1668
489	740
489	1353
490	725
490	904
490	1671
491	696
491	1686
492	615
492	1185
492	1611
493	971
493	1114
493	1334
493	1399
494	501
494	1386
495	1127
495	1276
496	517
496	939
496	1020
496	1528
496	1608
497	657
497	799
497	979
497	1210
497	1321
497	1455
497	1500
498	598
499	532
499	599
499	1191
499	1513
499	1534
500	535
500	612
500	780
500	811
500	1052
500	1361
500	1523
500	1632
502	686
502	790
502	985
502	1053
502	1601
503	645
503	722
503	1013
503	1112
503	1148
503	1471
503	1564
504	1144
505	706
505	879
505	915
505	953
505	1344
505	1656
506	695
506	1635
507	550
507	1256
507	1361
507	1503
508	660
508	770
508	1261
508	1683
509	685
509	1615
510	854
511	516
511	593
511	792
511	990
511	1066
511	1403
512	1239
512	1266
513	579
513	631
513	946
513	1001
513	1020
513	1094
513	1217
514	768
514	1168
514	1361
515	916
515	1296
516	555
516	557
516	790
516	1190
516	1226
517	865
518	586
518	1259
519	742
521	547
521	959
521	1212
521	1477
522	641
522	1036
522	1664
523	1050
523	1511
524	630
524	1180
524	1211
524	1415
524	1538
526	715
526	1556
526	1609
527	548
527	551
527	724
527	1529
528	906
528	1052
528	1464
529	1054
529	1450
529	1583
530	711
530	751
530	836
530	1504
530	1580
531	596
531	1298
531	1451
532	758
532	1109
533	1371
534	625
534	1000
534	1135
534	1459
534	1555
535	998
535	1279
535	1664
536	606
536	827
536	853
536	909
536	1072
536	1146
536	1210
537	652
537	677
537	941
537	948
537	1078
537	1228
538	1177
538	1371
538	1553
538	1679
539	547
539	1136
539	1590
539	1609
540	768
542	1680
543	1157
544	882
544	1026
544	1268
544	1463
544	1473
544	1661
545	1098
545	1410
545	1466
546	576
546	582
546	704
546	803
547	1490
547	1505
548	591
548	615
548	672
548	999
548	1222
550	929
550	1170
550	1426
550	1506
551	732
551	1021
552	976
552	1393
552	1548
553	1693
554	807
554	993
554	1193
554	1411
554	1479
554	1500
554	1572
554	1648
554	1666
555	1435
556	1064
556	1139
556	1159
556	1206
556	1262
557	1042
558	696
558	915
558	926
558	956
558	1001
558	1346
558	1507
558	1560
558	1597
559	662
560	666
560	791
560	926
560	1270
560	1304
560	1521
560	1600
561	1348
561	1390
562	861
562	1126
562	1140
562	1660
563	1585
564	903
564	1205
565	892
565	1197
565	1418
567	755
568	842
569	634
569	672
569	1170
570	1154
571	599
571	916
571	1065
572	868
572	1022
572	1156
573	583
573	1202
573	1305
574	1144
574	1402
575	1519
575	1611
576	1659
577	813
578	920
578	1236
579	1004
579	1030
579	1156
579	1299
580	772
581	1459
581	1614
582	1042
582	1136
582	1585
583	634
583	1407
583	1503
584	609
584	906
584	1108
584	1685
585	822
585	1225
585	1369
586	852
586	870
586	1052
586	1487
587	1551
587	1581
587	1597
588	943
588	1200
588	1448
589	1327
589	1622
590	1244
590	1625
591	856
591	1180
591	1335
593	767
593	1032
593	1262
593	1330
593	1372
594	772
594	949
594	1178
594	1250
594	1394
594	1427
594	1692
595	733
595	1148
595	1375
596	743
596	761
597	1254
597	1429
597	1659
598	656
598	991
598	1078
598	1433
599	676
599	873
601	1571
602	781
602	1028
602	1187
602	1356
602	1378
602	1458
602	1646
603	678
603	785
603	905
603	1026
603	1064
603	1081
604	1142
604	1159
604	1394
605	770
605	1257
605	1519
605	1539
606	898
606	1190
606	1339
606	1498
606	1620
607	1227
608	868
608	1509
609	717
609	1400
611	1151
611	1319
611	1606
612	1221
612	1357
612	1485
613	873
615	1311
615	1385
615	1616
616	1151
617	741
617	1229
618	680
618	808
618	1049
618	1393
618	1692
619	1615
620	955
621	705
621	1009
621	1228
621	1489
622	1065
622	1157
622	1335
622	1381
622	1517
623	1140
623	1509
623	1597
624	935
624	1454
625	644
625	1040
625	1395
625	1582
625	1622
626	942
626	1347
627	783
627	1105
627	1251
627	1287
628	801
628	807
629	833
629	901
629	1346
629	1695
630	1012
632	1614
633	1002
633	1179
633	1609
634	664
634	936
634	992
634	1435
634	1478
635	1387
636	637
636	1077
636	1216
636	1655
637	651
637	1239
638	1512
639	1636
639	1657
640	788
640	1249
640	1408
640	1659
640	1687
641	869
642	969
642	1432
643	1316
644	692
644	882
644	1498
645	848
645	1240
645	1352
645	1598
646	1194
646	1201
647	1246
648	670
648	1067
648	1257
648	1499
649	895
649	977
649	1161
649	1297
649	1322
649	1558
650	694
650	877
650	1312
652	1352
652	1580
653	892
653	974
653	1404
654	940
654	968
654	1276
654	1685
655	1026
655	1128
655	1134
656	1241
656	1274
657	982
657	1025
657	1674
658	1280
658	1484
659	879
660	1105
660	1166
661	1092
661	1360
662	729
662	838
662	1539
663	1149
663	1663
664	892
664	958
664	1636
665	1040
666	671
667	729
667	1162
668	1293
668	1415
669	765
669	976
669	1319
669	1672
670	738
671	1010
672	1212
673	973
674	1392
674	1467
674	1533
674	1545
675	851
675	1256
675	1493
675	1693
676	960
676	1030
676	1202
676	1588
676	1607
677	1445
678	838
678	985
678	1322
678	1399
679	1418
679	1685
680	815
680	1204
681	858
681	1004
681	1088
681	1191
681	1281
683	1623
684	1295
684	1501
685	693
685	987
685	1147
685	1668
686	784
686	881
686	1008
686	1178
687	787
687	1431
688	1105
688	1675
689	872
689	1636
690	922
690	976
690	1259
690	1529
691	706
691	795
691	1332
691	1432
691	1553
691	1572
691	1626
692	1327
692	1622
693	861
693	900
693	978
693	1443
694	1177
694	1619
695	1485
696	847
696	1181
696	1466
697	1549
698	868
698	989
698	1291
699	1009
699	1485
699	1636
700	1199
701	962
701	1031
702	717
702	1037
702	1662
704	1279
704	1320
705	788
705	1473
705	1609
706	956
706	1240
707	710
708	1375
708	1658
709	1052
709	1157
709	1240
709	1437
711	1272
713	1098
713	1264
713	1554
714	727
714	967
714	1135
714	1350
714	1412
715	1185
716	809
716	832
717	1589
718	975
718	1639
719	1343
719	1545
720	1092
720	1308
720	1532
720	1634
720	1660
721	790
721	913
721	1347
721	1516
723	941
723	1197
724	791
724	978
724	1393
725	879
725	1308
725	1515
725	1656
726	851
727	1174
727	1222
727	1352
727	1608
728	908
728	1461
729	994
729	1490
730	1175
730	1274
730	1498
731	776
731	1044
731	1471
731	1550
732	808
732	871
733	911
733	1459
733	1582
734	876
734	904
734	1417
734	1656
735	955
736	1400
736	1602
737	877
737	1051
737	1163
737	1334
739	1420
739	1482
739	1595
741	1186
741	1242
741	1331
742	791
742	1010
742	1388
742	1675
743	924
744	895
744	968
745	1130
746	1002
747	1040
747	1594
747	1651
748	935
748	1128
748	1414
748	1439
749	1411
750	806
750	840
750	1419
751	1663
752	1079
753	1090
753	1216
753	1369
753	1435
753	1508
753	1611
753	1674
754	886
754	893
754	1306
754	1653
755	866
755	949
755	1039
755	1617
756	869
756	1527
757	901
757	1094
757	1131
757	1594
757	1674
758	1605
759	875
759	1132
759	1549
760	876
760	1126
760	1191
760	1642
762	1127
762	1283
762	1350
763	821
763	1018
763	1079
763	1177
763	1221
763	1386
764	1055
764	1247
764	1377
765	975
765	983
765	1517
765	1537
765	1615
765	1678
766	787
766	939
766	1184
766	1376
767	807
767	839
767	1236
768	820
768	1253
768	1336
769	1340
769	1539
769	1620
769	1648
770	1008
770	1397
771	1014
771	1365
772	1669
773	914
773	1051
773	1264
773	1329
773	1336
774	923
774	1108
774	1279
774	1526
775	1050
775	1398
775	1551
775	1565
775	1595
776	780
777	881
777	993
777	1389
778	790
778	1137
778	1638
779	808
779	1163
779	1434
780	928
780	957
780	1200
781	1299
781	1474
782	870
783	994
784	1080
784	1111
785	995
786	861
786	954
787	1427
787	1550
788	1624
788	1688
789	1041
790	885
790	1233
790	1559
791	1326
793	833
793	1167
794	1230
794	1415
795	1284
795	1302
796	1537
796	1591
797	1294
798	1117
798	1470
798	1633
800	1308
800	1428
801	1699
802	1238
802	1344
802	1378
802	1544
803	1169
803	1540
804	853
804	878
804	1013
804	1593
804	1628
805	1236
807	1106
807	1188
808	1136
808	1237
808	1441
809	871
809	1106
809	1196
809	1199
809	1353
809	1441
809	1451
810	1216
810	1491
810	1620
812	929
812	1087
812	1243
812	1424
813	1225
813	1519
814	1042
814	1335
815	1119
815	1338
816	1458
817	1192
817	1305
817	1484
817	1605
817	1643
818	1120
819	870
819	916
819	1643
820	1098
820	1157
820	1282
821	1321
821	1404
822	1472
822	1660
823	1286
823	1467
824	1235
824	1515
824	1552
824	1643
825	1205
825	1674
826	1661
827	830
827	1323
827	1571
828	849
828	910
828	1074
828	1383
829	1134
829	1432
830	982
831	1019
832	935
833	1028
833	1545
833	1656
834	1448
835	1104
836	841
836	1033
836	1041
837	922
837	1104
838	1527
838	1644
839	901
839	1105
839	1480
840	847
840	967
840	1089
840	1182
842	935
842	1669
843	998
844	1672
846	1154
846	1631
847	1012
847	1491
848	875
848	1095
848	1381
848	1386
849	871
849	876
849	1036
849	1533
850	858
851	917
851	1133
851	1677
852	1161
852	1176
852	1410
853	949
854	865
854	1652
855	1052
855	1461
856	1023
856	1108
856	1124
856	1178
857	1285
857	1562
858	1269
858	1436
859	1590
860	954
860	1243
861	1625
861	1692
862	1436
863	1071
863	1566
864	1197
865	959
865	1076
865	1665
866	975
866	1016
866	1620
867	1189
867	1427
868	1527
870	894
870	1243
871	1360
871	1374
872	1404
874	1577
875	1209
875	1257
875	1642
877	1101
877	1548
881	950
881	1690
882	1366
882	1591
887	1500
889	1478
889	1509
890	1188
891	1166
891	1554
892	947
892	1119
892	1312
892	1382
892	1693
893	1087
893	1404
893	1553
894	1007
894	1023
894	1201
894	1555
894	1557
895	973
897	1213
899	1627
900	1167
900	1183
900	1403
901	1026
903	918
904	1163
904	1356
904	1606
906	1502
906	1541
906	1555
906	1585
907	1676
908	1484
909	1121
910	1338
910	1481
910	1491
910	1526
911	1699
912	951
912	1292
913	1072
915	941
915	1293
915	1303
915	1322
916	1420
917	1256
917	1262
917	1629
918	1264
918	1402
918	1429
918	1635
918	1699
919	953
919	1253
919	1413
920	1090
922	1406
922	1423
922	1487
923	1215
923	1360
924	1287
926	933
926	1419
927	1105
928	1095
928	1190
928	1271
928	1400
929	1135
930	1227
930	1294
931	1530
933	1031
933	1058
934	1499
934	1504
934	1523
935	1139
935	1331
937	1176
938	1235
938	1333
938	1497
941	1186
942	1668
943	1581
944	1136
945	1103
946	1020
946	1077
946	1457
947	1115
947	1320
947	1436
948	1120
948	1272
949	1669
951	1026
951	1630
952	1666
955	1393
956	1348
956	1516
957	1118
957	1262
958	994
958	998
960	1150
960	1266
960	1440
961	1580
962	999
962	1072
962	1390
962	1664
963	1236
964	1193
965	1190
965	1323
966	1346
967	1191
967	1591
968	993
968	1069
968	1137
968	1478
969	1120
970	988
970	1070
970	1359
971	1605
971	1658
972	1122
973	1433
973	1631
973	1647
974	1257
974	1376
975	1056
975	1121
976	1049
976	1057
978	1480
979	980
979	1118
980	1105
980	1158
980	1660
981	1197
981	1692
982	1535
983	1387
983	1506
983	1529
984	998
985	1015
985	1304
985	1665
986	1534
987	1636
987	1657
988	1036
989	1033
989	1104
989	1446
991	1395
991	1523
991	1572
992	1050
992	1124
992	1460
992	1519
993	1061
993	1530
994	1212
994	1369
994	1561
995	1082
995	1164
996	1091
996	1240
996	1439
997	1086
997	1432
998	1381
998	1475
999	1196
999	1580
1000	1314
1001	1473
1001	1534
1003	1069
1004	1490
1005	1483
1006	1327
1006	1560
1007	1010
1007	1282
1007	1559
1008	1168
1009	1573
1010	1395
1010	1500
1012	1318
1012	1534
1012	1672
1013	1133
1013	1636
1014	1036
1014	1048
1014	1063
1014	1112
1016	1577
1017	1415
1017	1632
1017	1636
1018	1404
1019	1225
1019	1300
1019	1468
1019	1618
1019	1667
1020	1165
1020	1449
1020	1562
1020	1619
1021	1455
1022	1036
1022	1067
1022	1546
1024	1143
1025	1058
1025	1287
1025	1393
1027	1458
1028	1167
1028	1206
1028	1216
1029	1344
1030	1251
1030	1291
1031	1201
1031	1681
1032	1157
1033	1436
1033	1671
1034	1203
1035	1685
1037	1118
1037	1446
1037	1555
1038	1051
1038	1215
1038	1538
1039	1350
1039	1412
1039	1444
1040	1174
1040	1200
1040	1493
1041	1401
1041	1565
1041	1584
1043	1601
1044	1096
1045	1048
1045	1564
1046	1194
1046	1452
1046	1687
1047	1123
1048	1175
1048	1237
1048	1427
1049	1609
1050	1057
1050	1426
1050	1618
1051	1616
1053	1231
1053	1324
1053	1607
1053	1636
1054	1576
1055	1297
1055	1475
1055	1663
1056	1690
1057	1666
1059	1239
1060	1545
1060	1612
1060	1620
1061	1605
1062	1405
1062	1437
1063	1105
1063	1178
1063	1480
1064	1314
1064	1455
1065	1127
1065	1303
1066	1465
1066	1592
1068	1106
1069	1203
1069	1419
1069	1679
1069	1693
1070	1541
1071	1223
1071	1250
1071	1620
1071	1693
1072	1684
1073	1629
1074	1416
1074	1586
1074	1600
1075	1089
1075	1394
1076	1308
1076	1455
1078	1320
1078	1499
1078	1609
1078	1620
1079	1216
1079	1287
1082	1206
1085	1114
1085	1186
1085	1679
1086	1362
1086	1586
1087	1238
1087	1584
1087	1662
1088	1597
1089	1340
1089	1583
1092	1361
1092	1387
1093	1151
1093	1310
1093	1341
1093	1431
1093	1582
1093	1630
1095	1618
1098	1522
1098	1583
1101	1588
1102	1113
1102	1245
1102	1352
1102	1382
1104	1248
1105	1271
1105	1324
1105	1547
1106	1409
1107	1442
1107	1521
1107	1676
1108	1221
1108	1628
1109	1266
1110	1595
1111	1228
1111	1630
1112	1138
1112	1332
1113	1192
1113	1223
1114	1606
1115	1124
1115	1386
1115	1394
1115	1483
1115	1488
1116	1250
1117	1564
1119	1313
1120	1572
1120	1675
1121	1567
1123	1380
1124	1155
1124	1520
1125	1567
1127	1181
1128	1377
1128	1511
1129	1694
1130	1241
1131	1570
1133	1395
1133	1435
1133	1542
1136	1404
1136	1406
1137	1529
1138	1254
1139	1610
1140	1465
1141	1547
1141	1689
1142	1250
1142	1311
1142	1632
1145	1674
1147	1249
1148	1344
1148	1352
1148	1528
1152	1154
1152	1246
1152	1321
1153	1177
1154	1691
1157	1425
1159	1261
1159	1364
1160	1237
1161	1224
1161	1281
1161	1302
1162	1655
1163	1414
1163	1494
1164	1283
1164	1649
1165	1445
1165	1450
1165	1666
1165	1674
1166	1446
1166	1458
1166	1558
1166	1600
1167	1354
1168	1280
1169	1458
1169	1470
1170	1410
1171	1572
1172	1483
1172	1673
1173	1227
1173	1252
1173	1666
1174	1336
1174	1380
1174	1524
1175	1620
1176	1215
1177	1384
1177	1696
1178	1602
1179	1344
1179	1472
1179	1555
1180	1281
1180	1542
1181	1246
1182	1339
1182	1657
1182	1698
1183	1203
1183	1526
1183	1651
1185	1598
1186	1351
1186	1637
1187	1608
1188	1244
1189	1486
1189	1594
1190	1446
1191	1422
1191	1532
1191	1574
1192	1199
1193	1236
1194	1317
1195	1580
1197	1490
1197	1658
1199	1603
1199	1692
1200	1244
1200	1379
1203	1205
1203	1309
1204	1255
1204	1380
1204	1515
1206	1233
1206	1317
1206	1558
1206	1570
1207	1483
1208	1506
1210	1237
1212	1454
1213	1411
1214	1265
1214	1567
1217	1562
1220	1402
1220	1443
1221	1632
1225	1515
1226	1367
1227	1522
1228	1443
1230	1332
1232	1458
1233	1326
1234	1657
1238	1354
1238	1407
1238	1436
1239	1485
1241	1510
1241	1549
1241	1577
1242	1433
1242	1589
1245	1431
1245	1481
1246	1566
1247	1320
1248	1301
1248	1569
1248	1581
1251	1252
1251	1472
1251	1553
1251	1568
1251	1629
1252	1372
1252	1669
1254	1435
1254	1485
1254	1626
1255	1409
1255	1427
1255	1481
1257	1459
1257	1472
1259	1471
1260	1364
1260	1377
1262	1630
1263	1602
1264	1493
1265	1682
1266	1370
1267	1471
1273	1294
1274	1695
1276	1351
1276	1590
1278	1311
1278	1625
1279	1339
1279	1495
1279	1518
1280	1346
1280	1362
1280	1677
1283	1555
1283	1565
1283	1589
1283	1640
1286	1609
1286	1617
1287	1446
1289	1679
1290	1368
1290	1390
1291	1432
1291	1549
1292	1667
1293	1439
1293	1624
1293	1651
1294	1312
1294	1422
1296	1610
1297	1584
1299	1303
1301	1345
1302	1457
1305	1386
1307	1527
1307	1589
1307	1697
1308	1325
1308	1515
1308	1678
1311	1418
1312	1613
1313	1359
1314	1527
1315	1421
1315	1688
1316	1661
1317	1500
1317	1599
1318	1380
1318	1444
1319	1699
1320	1366
1320	1613
1321	1459
1322	1474
1326	1358
1326	1471
1326	1630
1327	1697
1328	1389
1329	1566
1332	1459
1334	1603
1335	1647
1336	1351
1337	1395
1339	1637
1340	1356
1340	1609
1341	1437
1343	1438
1344	1624
1346	1378
1346	1390
1346	1530
1346	1546
1348	1508
1349	1434
1352	1624
1353	1361
1354	1699
1355	1696
1356	1441
1360	1382
1360	1618
1362	1463
1362	1590
1363	1664
1364	1515
1364	1694
1366	1390
1366	1444
1367	1518
1367	1665
1367	1686
1371	1472
1375	1697
1376	1524
1378	1608
1378	1646
1380	1625
1381	1619
1384	1580
1388	1564
1389	1577
1391	1419
1392	1413
1393	1527
1394	1613
1394	1689
1396	1416
1397	1400
1397	1539
1399	1424
1401	1566
1402	1451
1407	1423
1407	1622
1407	1670
1410	1669
1411	1533
1412	1478
1412	1687
1413	1587
1414	1487
1416	1560
1416	1582
1416	1619
1420	1573
1421	1610
1427	1583
1428	1579
1430	1510
1431	1614
1434	1512
1436	1448
1436	1469
1436	1689
1437	1645
1439	1594
1441	1460
1441	1493
1443	1497
1443	1558
1447	1598
1450	1690
1454	1466
1457	1552
1457	1609
1457	1667
1459	1466
1459	1675
1460	1540
1460	1569
1462	1659
1463	1523
1465	1509
1469	1570
1471	1669
1471	1678
1471	1692
1474	1534
1474	1637
1474	1681
1475	1542
1476	1656
1480	1580
1482	1558
1484	1650
1484	1671
1485	1583
1490	1642
1493	1577
1497	1568
1499	1641
1505	1517
1506	1693
1508	1558
1514	1698
1519	1664
1520	1551
1522	1525
1529	1573
1533	1672
1540	1679
1543	1617
1549	1577
1551	1587
1562	1638
1568	1598
1571	1608
1571	1668
1572	1591
1578	1591
1582	1597
1582	1628
1582	1631
1586	1598
1591	1612
1591	1617
1591	1663
1592	1612
1592	1658
1594	1659
1596	1692
1597	1650
1610	1655
1619	1663
1630	1662
1631	1680
1648	1692
1652	1673