0	329
0	392
0	1470
1	1055
1	1100
1	1167
2	484
2	1358
3	123
3	495
3	673
3	754
3	758
4	801
4	1213
5	471
5	710
5	894
6	816
6	1373
7	41
7	124
7	325
7	640
7	872
7	960
8	319
8	1314
8	1460
9	312
9	558
9	955
9	1552
10	473
10	1384
10	1562
11	56
11	224
11	1182
11	1206
11	1457
12	244
13	285
13	695
14	280
14	503
14	932
14	1479
15	232
15	647
15	915
15	1578
15	1630
15	1647
16	843
16	982
17	889
18	48
18	256
18	1053
18	1125
18	1602
19	803
19	844
19	1153
19	1262
20	320
20	713
21	189
21	411
21	510
21	546
21	732
21	1192
22	498
22	617
22	676
22	1028
23	1049
23	1531
23	1574
24	431
24	1368
25	166
25	372
25	1202
26	283
26	724
26	862
26	1300
27	878
27	1232
27	1559
28	822
28	935
29	447
29	840
29	1282
29	1341
30	102
30	196
30	381
30	534
30	637
30	646
30	1228
30	1352
31	635
31	1230
32	301
32	370
32	908
32	1180
32	1367
33	915
33	1289
33	1415
33	1505
34	715
34	1101
34	1265
34	1324
34	1387
34	1474
34	1674
35	766
35	803
35	904
35	1578
36	103
36	237
36	478
36	899
36	1130
36	1486
36	1540
37	1580
38	85
38	700
39	154
39	929
40	67
40	382
40	455
40	538
40	904
40	1222
40	1274
40	1689
41	143
41	368
41	566
41	810
42	792
42	1272
42	1621
43	75
43	845
43	1472
43	1650
44	190
44	255
44	482
44	720
44	1352
44	1506
45	260
45	1066
45	1161
45	1604
46	437
46	1349
46	1534
47	239
47	275
48	414
48	657
48	1082
48	1263
49	110
49	492
49	569
49	706
49	709
49	712
49	916
49	1475
50	557
50	693
50	1375
50	1488
51	758
51	1336
52	789
53	176
53	264
53	1300
54	90
54	298
54	521
54	813
55	438
55	1380
55	1458
55	1488
55	1675
56	169
56	460
56	485
56	860
56	1460
57	95
57	175
57	258
57	581
57	872
57	1061
58	299
58	370
58	553
58	667
58	1316
58	1525
59	225
59	248
59	633
59	942
60	234
60	517
60	562
60	905
60	1167
60	1446
61	151
61	438
61	1271
61	1488
62	106
62	801
62	1511
62	1653
63	1055
64	375
64	577
64	1116
64	1662
65	71
65	286
65	444
65	512
65	1167
66	123
66	565
66	597
66	805
66	1170
66	1264
67	384
67	819
67	1570
67	1620
68	932
68	1301
68	1607
69	232
69	571
70	723
70	726
70	894
70	1061
71	79
71	84
71	426
71	450
72	953
73	1103
73	1471
74	616
74	692
74	872
74	902
74	912
74	942
75	222
75	880
76	386
76	986
76	1593
77	184
77	245
77	428
77	944
77	1345
78	200
78	575
78	771
78	794
78	940
78	1060
78	1077
79	249
79	360
79	477
79	678
79	1082
80	501
81	895
81	1290
82	220
82	1416
83	160
83	922
83	1099
84	112
84	281
84	352
84	444
84	1169
84	1346
85	379
85	562
85	1163
85	1267
85	1294
86	337
87	106
87	146
87	786
87	1091
88	215
88	1283
89	1440
90	784
90	1577
91	397
91	851
92	637
92	640
92	1515
93	874
93	1455
94	109
94	323
94	730
94	1557
95	134
95	605
95	987
95	1656
96	799
97	544
97	787
97	1047
97	1300
97	1380
98	361
98	582
98	1197
98	1239
98	1457
98	1524
99	276
99	456
99	748
99	863
99	1005
99	1526
100	122
100	269
100	347
100	1101
100	1202
100	1215
100	1408
101	403
101	606
101	651
101	858
101	1023
101	1237
101	1247
101	1282
102	116
102	307
102	1123
102	1195
103	347
103	467
103	608
103	609
103	718
103	913
103	1594
104	334
104	551
105	291
105	534
105	669
105	748
105	838
105	1083
105	1155
105	1564
106	130
106	303
106	969
106	1123
106	1415
107	748
107	1690
108	138
108	277
108	493
108	579
108	1252
108	1597
110	366
110	778
110	1057
111	1482
112	402
112	613
112	1438
113	137
113	279
113	533
113	560
113	839
114	460
114	1210
114	1327
114	1386
115	958
116	716
116	753
116	1186
116	1209
116	1296
116	1397
116	1502
117	160
117	235
117	465
117	1119
118	1304
118	1475
119	884
119	1104
119	1639
120	326
120	380
120	699
120	1348
121	985
121	1320
121	1365
121	1627
121	1638
122	862
122	1185
122	1306
122	1493
123	190
123	539
123	1339
124	280
124	770
124	780
124	959
124	1650
125	586
125	925
126	222
126	1063
126	1191
127	975
128	417
128	931
129	155
129	853
129	1381
129	1418
130	243
130	353
130	569
130	589
130	794
131	350
131	1194
131	1484
132	397
132	451
132	1057
132	1317
132	1606
133	443
133	493
133	1115
134	514
134	589
134	598
134	675
134	1049
134	1208
134	1353
134	1402
134	1522
135	1403
135	1492
136	340
136	1452
137	1187
137	1474
138	482
138	505
138	618
138	970
138	1009
138	1148
138	1553
139	307
139	517
139	881
139	1461
140	566
141	181
141	548
141	1237
141	1427
142	717
142	1173
142	1598
142	1661
143	346
143	469
143	980
143	987
143	1306
143	1668
144	170
144	400
144	422
144	1180
145	427
145	677
145	703
145	720
146	570
146	1215
147	290
148	182
148	257
148	724
148	1123
148	1502
149	449
149	486
149	529
149	676
149	1389
150	322
150	435
150	719
150	1073
150	1309
151	188
151	263
151	1281
151	1421
151	1471
151	1557
152	259
152	348
152	1461
152	1639
153	161
153	233
153	605
153	720
153	754
153	1013
153	1225
153	1440
154	165
154	832
154	1060
154	1158
155	722
155	807
155	1027
155	1187
155	1601
155	1625
156	239
156	446
156	906
156	1183
156	1251
156	1416
157	447
157	1587
157	1681
158	631
158	667
158	1292
159	300
159	406
159	1194
159	1524
160	391
160	487
160	726
161	368
161	653
161	970
161	1379
162	495
162	1014
162	1516
162	1621
163	492
163	548
163	1013
163	1115
163	1591
164	337
164	767
164	796
164	1015
164	1360
165	566
165	1088
165	1255
165	1346
165	1393
166	360
166	596
166	607
166	1004
166	1041
166	1246
166	1526
167	519
167	772
167	973
167	1593
168	695
168	761
169	894
169	1207
169	1287
169	1616
170	331
170	420
170	573
170	1683
171	418
172	1138
173	306
173	316
173	972
173	1004
173	1135
173	1529
174	682
174	928
174	1035
174	1173
174	1259
175	190
175	439
175	482
175	556
175	575
175	883
175	1114
175	1379
176	303
176	542
176	698
176	758
177	200
177	812
177	984
177	1077
177	1270
177	1292
178	775
178	986
179	641
179	1586
179	1620
180	367
180	976
181	595
181	749
182	1626
183	333
183	362
183	384
183	841
183	1191
183	1240
183	1550
183	1612
184	331
184	843
185	450
185	658
185	944
185	1018
185	1433
186	629
186	1036
187	540
187	1435
187	1572
188	189
188	820
188	1441
188	1452
189	1275
189	1333
189	1660
190	549
190	1325
190	1342
190	1666
191	328
191	488
191	1104
191	1649
192	650
192	721
192	723
192	894
192	1017
192	1045
192	1077
193	270
193	296
193	386
193	490
193	1095
193	1251
193	1406
193	1543
194	675
194	1557
194	1586
194	1596
194	1645
195	334
195	631
195	664
195	698
195	786
195	946
195	1275
195	1322
196	414
196	860
196	1182
196	1229
196	1637
197	407
197	1688
198	199
198	351
198	1014
198	1487
199	1418
200	240
200	381
200	441
200	684
200	1197
200	1323
201	530
201	649
201	1086
201	1426
202	591
202	811
202	1620
203	284
203	726
203	1145
203	1165
204	270
204	275
204	949
204	994
204	1085
204	1100
205	210
205	724
205	1256
206	636
206	1547
207	216
207	448
207	1481
207	1491
208	888
209	629
209	1015
210	1180
210	1268
211	723
211	972
211	1002
211	1185
211	1489
211	1606
211	1644
212	517
212	974
213	821
213	1439
213	1557
213	1575
214	1354
215	353
215	684
215	787
215	796
215	821
215	1371
216	1088
216	1261
216	1358
216	1587
216	1589
217	292
217	436
217	730
217	834
217	952
217	959
217	1197
218	905
218	1391
218	1486
219	478
220	537
220	894
221	262
221	329
221	332
221	554
222	737
222	1111
222	1360
222	1593
222	1631
223	1242
223	1506
223	1544
223	1686
224	573
225	1270
225	1359
225	1520
226	967
227	373
227	445
227	863
227	944
227	1277
227	1398
227	1656
228	338
228	594
228	1441
229	742
229	984
229	1343
229	1364
230	556
230	868
230	1668
230	1688
231	262
231	791
231	1150
232	354
232	1040
232	1690
233	854
234	1350
235	388
235	1393
235	1422
235	1432
235	1469
235	1566
235	1693
236	991
236	1079
236	1084
237	1533
238	497
238	539
238	568
238	740
238	1214
238	1361
239	286
239	754
240	1036
240	1245
240	1512
240	1623
241	1100
241	1638
242	1268
243	529
243	563
243	964
243	1293
243	1388
244	889
244	1008
244	1013
244	1238
244	1370
245	845
246	1255
247	263
247	288
247	1533
248	332
248	880
248	1090
248	1425
249	835
249	1175
249	1252
249	1300
250	432
250	541
250	1363
250	1412
250	1515
251	510
251	751
252	1114
252	1285
252	1532
253	328
253	596
253	1694
254	374
254	495
254	506
254	1580
255	1319
255	1627
256	563
256	932
256	941
256	1037
256	1089
257	361
257	559
257	1087
257	1194
257	1594
257	1618
258	333
258	838
258	1163
258	1694
259	527
259	556
259	1385
259	1408
260	542
260	629
260	1439
260	1529
260	1588
260	1649
261	444
261	453
261	545
261	1230
261	1591
262	311
262	947
263	837
263	1637
264	322
264	656
264	811
264	1165
264	1252
264	1331
264	1338
265	463
265	716
265	766
265	1227
266	852
266	1356
266	1413
266	1481
266	1644
267	1415
268	385
268	1549
269	375
269	380
269	478
269	675
269	1614
270	781
270	832
271	1290
271	1407
272	917
272	1419
273	544
274	694
274	1266
275	325
275	367
275	1252
275	1290
275	1506
276	655
276	700
277	510
278	1688
279	799
279	1128
279	1509
279	1529
279	1657
280	406
280	526
280	651
281	804
281	1018
281	1043
281	1417
281	1545
282	1396
282	1401
284	601
284	925
284	982
284	1114
284	1337
285	423
285	489
285	555
285	623
285	947
285	960
285	1233
285	1316
285	1600
286	693
286	1118
286	1183
286	1238
286	1449
287	1027
287	1146
287	1289
287	1520
288	1042
288	1113
289	493
289	533
289	833
289	1104
289	1259
289	1644
290	987
290	1149
290	1530
290	1582
290	1657
291	879
291	1018
291	1389
291	1531
292	669
292	987
292	1376
293	848
293	1407
293	1589
294	644
294	798
294	1522
295	632
295	718
295	1111
295	1437
295	1663
296	786
296	1013
296	1050
296	1266
296	1375
296	1659
297	422
297	457
297	726
297	1052
298	541
298	577
299	318
299	440
299	1652
301	330
302	913
302	1317
303	585
303	726
304	747
304	1359
304	1644
305	1673
306	722
306	733
306	784
306	987
306	1609
307	443
307	611
307	1105
307	1279
307	1657
308	465
308	607
308	775
308	1170
308	1528
309	326
309	1032
309	1220
310	548
310	1585
310	1692
311	605
311	1017
311	1090
311	1604
311	1621
311	1684
312	396
312	458
312	577
312	830
312	1366
312	1520
313	1126
313	1250
313	1263
313	1404
313	1435
314	985
314	1385
315	427
315	510
315	1341
315	1405
315	1525
315	1618
316	461
316	921
316	1148
316	1238
316	1469
317	606
317	1274
317	1487
318	435
319	615
319	1073
319	1214
319	1583
320	1184
320	1284
320	1455
321	831
321	928
321	982
321	1250
322	426
322	1205
322	1577
323	1197
323	1246
324	533
324	732
324	1084
324	1087
324	1332
324	1619
325	784
327	487
327	877
327	1697
328	504
328	910
329	703
329	861
329	1197
329	1699
330	530
330	621
330	1489
330	1542
331	1247
331	1349
332	392
332	1052
332	1457
332	1692
333	1484
333	1651
334	539
334	1227
335	437
335	890
335	1042
335	1470
335	1660
336	742
336	808
336	966
336	1054
336	1489
336	1690
337	521
337	539
337	643
337	679
337	871
337	986
337	1186
337	1211
337	1214
337	1355
337	1483
338	702
339	1455
340	455
340	1343
340	1498
340	1678
341	513
341	735
341	1006
341	1363
342	443
342	445
342	654
342	899
342	1619
343	1187
343	1445
343	1663
344	1259
344	1325
344	1512
344	1602
345	585
345	999
346	462
347	373
347	1060
347	1097
348	752
349	393
350	441
350	620
351	612
351	1483
352	428
352	519
352	844
352	994
352	1243
352	1310
353	646
353	752
353	814
354	360
354	609
354	1287
355	742
355	868
356	888
356	943
356	1069
356	1200
356	1596
356	1617
357	1086
357	1127
358	408
358	456
358	865
358	1068
358	1492
359	840
359	937
359	1218
359	1247
359	1529
360	849
360	1357
360	1415
360	1426
360	1431
360	1652
361	699
361	1428
361	1551
362	1051
362	1241
362	1297
362	1364
363	1076
363	1491
364	660
364	1294
365	840
365	1141
365	1520
366	1039
366	1063
366	1373
366	1469
366	1501
367	697
368	678
368	840
368	932
368	1624
369	552
369	590
369	1221
370	801
370	850
371	660
371	1142
371	1246
371	1301
372	679
372	1033
372	1189
374	754
374	838
374	1113
375	581
375	1576
376	997
376	1097
376	1586
377	585
377	646
377	863
377	1315
377	1404
377	1519
378	1343
379	571
379	678
379	1530
380	563
380	567
380	1068
380	1350
381	470
382	404
382	613
382	840
382	966
382	1068
382	1557
382	1674
382	1678
383	970
383	1022
383	1035
383	1489
383	1521
384	437
384	532
384	542
384	677
384	1396
385	433
385	784
386	654
386	1021
387	778
387	1123
387	1186
388	533
388	1170
388	1357
389	529
389	933
389	1356
390	906
390	1675
391	640
391	1538
391	1673
392	1274
393	1188
394	561
394	631
394	1026
394	1496
394	1511
395	1216
395	1644
396	432
396	585
396	1057
396	1121
396	1467
396	1680
397	643
397	1301
398	422
398	1220
399	641
399	675
399	1071
400	496
400	1041
400	1066
400	1216
400	1517
401	1127
401	1380
401	1589
401	1607
402	580
402	639
402	788
402	862
402	867
402	926
402	944
402	1228
402	1515
402	1549
402	1602
403	916
403	1641
404	440
404	466
404	706
404	1075
404	1276
404	1366
404	1408
405	937
405	1243
405	1689
406	588
406	893
406	1042
407	963
407	966
408	1557
409	883
409	1614
410	761
410	1255
411	414
411	495
412	1103
412	1450
413	1177
414	646
414	662
414	821
414	1372
415	570
416	778
416	875
416	1064
417	1405
417	1651
418	595
418	774
418	1647
418	1652
419	452
420	805
420	1214
420	1328
420	1386
420	1419
421	1068
421	1500
421	1689
423	623
423	926
423	944
423	1509
424	532
424	1696
425	1290
425	1473
425	1619
426	525
426	938
426	1265
426	1650
427	904
427	1030
427	1262
428	477
429	522
429	781
429	1237
429	1262
430	601
431	466
431	546
431	647
431	984
431	1061
431	1327
432	1596
433	584
433	688
433	1533
433	1657
434	805
434	1231
434	1554
434	1605
435	1041
435	1062
435	1277
435	1279
436	629
436	999
436	1334
437	1414
437	1604
438	508
438	1020
438	1504
439	443
439	1260
440	1364
441	584
441	590
441	851
441	1536
442	949
442	1096
442	1404
443	564
444	561
444	933
444	942
444	1133
446	518
446	640
446	756
446	1620
447	836
447	1148
447	1296
447	1392
447	1476
447	1551
448	454
448	1211
448	1396
448	1454
448	1499
449	479
449	576
449	642
449	832
449	1473
450	1296
450	1510
451	739
451	767
452	597
452	1062
453	972
453	1381
453	1515
453	1570
454	825
454	1130
454	1152
454	1369
454	1546
455	507
455	740
455	814
455	1229
455	1446
455	1601
456	998
456	1001
456	1279
457	549
457	634
457	1199
457	1240
457	1264
457	1342
458	460
458	619
458	799
458	878
459	1280
459	1649
460	1499
461	1012
461	1147
461	1635
462	683
462	823
462	1217
462	1303
463	767
464	704
464	1024
464	1070
465	742
465	744
465	915
465	928
465	1198
466	798
467	903
467	1592
468	490
468	539
468	601
468	1322
468	1361
468	1610
469	705
469	1050
469	1281
469	1387
469	1400
469	1624
470	1240
470	1424
470	1470
470	1526
471	888
471	1028
471	1307
471	1453
471	1478
472	1442
472	1538
472	1644
473	572
473	587
473	1282
473	1697
474	1153
475	846
476	552
476	910
477	577
477	657
477	1494
477	1600
478	790
478	1214
479	663
479	1488
479	1629
480	1148
480	1187
480	1286
480	1694
481	959
482	1046
482	1070
482	1172
483	1418
484	700
484	1014
484	1297
486	546
486	585
486	1090
487	710
487	850
487	1368
488	614
488	1403
488	1511
488	1675
489	628
489	1057
489	1602
490	842
490	1019
490	1183
490	1480
491	607
492	606
492	759
492	1053
493	914
493	1430
493	1502
494	848
494	1106
494	1524
495	513
495	527
495	571
495	671
495	815
495	967
495	1278
496	1132
496	1465
496	1594
497	609
497	951
497	1017
497	1099
497	1524
498	500
498	1110
498	1620
499	957
499	1185
500	600
500	643
500	1094
500	1155
500	1295
500	1497
501	728
501	1238
501	1445
502	1011
503	1052
503	1459
504	1657
505	560
505	770
505	878
505	946
505	1128
505	1288
505	1472
505	1631
505	1686
506	915
507	1274
507	1397
508	886
508	1283
509	579
509	585
509	1066
509	1280
509	1509
509	1648
510	602
510	867
511	919
511	1135
511	1200
511	1595
512	1248
512	1249
513	1545
514	905
514	1184
514	1239
514	1358
514	1484
515	1305
516	794
517	1010
517	1390
518	685
519	747
519	929
519	1189
520	774
520	1219
520	1304
520	1355
521	696
521	911
521	1420
521	1475
522	874
523	1647
524	978
524	1176
524	1484
525	991
526	611
526	638
526	663
526	800
526	1446
527	789
527	1095
527	1182
527	1536
527	1578
528	1111
528	1415
528	1431
530	784
530	831
530	1336
531	673
531	925
531	981
531	1110
531	1337
531	1357
531	1665
532	1281
532	1345
533	882
533	1656
534	864
534	1211
534	1643
535	684
535	1446
536	747
537	621
537	890
537	926
537	1455
537	1592
538	932
538	1273
538	1400
538	1469
538	1559
539	885
539	1402
539	1460
540	551
540	1143
541	1091
541	1660
542	1137
542	1327
543	599
543	761
544	577
544	686
544	1078
545	565
545	1209
545	1450
546	1066
546	1134
547	979
548	848
548	1197
548	1640
549	568
549	1098
550	605
550	628
550	1024
551	849
552	553
552	1247
552	1294
553	603
553	1246
553	1325
553	1654
553	1676
554	771
554	920
554	966
555	1580
556	829
556	907
556	1602
556	1638
557	1565
557	1642
558	772
558	1072
558	1094
558	1134
559	656
559	712
559	1149
559	1222
559	1348
559	1648
560	1363
561	711
561	973
562	569
562	949
562	1302
562	1579
563	818
563	1674
564	1632
566	1349
566	1672
567	730
567	904
567	995
567	1372
567	1557
567	1599
568	810
568	1161
569	1648
570	1174
570	1498
571	1169
571	1619
572	725
572	742
573	1022
573	1033
574	1061
574	1204
574	1674
575	987
575	1021
575	1151
576	830
576	1496
576	1504
577	1028
577	1396
577	1524
578	657
578	1220
579	1130
579	1185
579	1426
579	1497
580	912
581	590
582	658
582	1355
583	810
583	1070
583	1100
583	1248
583	1452
583	1529
585	1506
586	1271
586	1386
586	1439
586	1464
586	1570
587	661
587	730
587	866
587	917
587	1231
587	1287
587	1292
588	733
589	625
589	881
589	957
589	1215
589	1625
590	875
590	1256
590	1471
590	1588
591	1299
592	686
592	950
592	1163
592	1373
592	1577
592	1579
593	1463
594	979
594	1218
594	1434
595	889
595	937
595	1005
595	1492
595	1594
595	1643
596	963
597	998
597	1334
598	1013
598	1104
598	1573
599	808
599	1115
599	1121
599	1500
600	774
600	1023
601	1198
601	1312
601	1501
602	650
603	909
603	1461
603	1486
603	1527
604	690
604	858
604	1193
604	1267
604	1442
605	1388
606	680
606	1455
606	1635
607	661
607	666
607	740
607	1071
607	1151
608	671
608	830
608	994
608	1255
609	1022
609	1066
609	1533
610	789
611	641
611	1060
611	1105
611	1390
611	1698
612	970
612	1149
612	1544
612	1602
612	1664
613	701
613	1174
613	1460
613	1528
614	854
614	912
614	1116
614	1262
614	1394
614	1604
614	1619
615	1184
615	1187
615	1196
615	1519
615	1570
616	1264
616	1372
617	790
617	844
617	1603
618	933
618	1097
618	1107
618	1251
618	1262
618	1657
619	1440
620	1342
620	1460
622	1259
622	1642
623	1186
623	1368
624	989
624	1228
624	1302
624	1394
625	744
625	938
625	988
625	1347
625	1413
626	752
626	1392
627	1229
628	1001
628	1201
630	1240
630	1287
630	1499
630	1518
631	1031
631	1212
632	935
632	973
632	1365
632	1449
633	688
634	1440
634	1458
635	656
635	1178
635	1599
635	1608
636	1531
637	947
637	1035
637	1184
638	1221
638	1342
639	1494
639	1618
640	769
640	1340
640	1355
640	1404
640	1565
641	1010
641	1322
641	1429
642	1029
642	1383
642	1463
643	1281
643	1447
644	1568
645	1109
645	1112
645	1189
646	1142
646	1154
646	1512
647	1687
648	743
648	912
648	1324
649	1184
650	1357
651	1363
651	1544
651	1620
652	750
652	1109
652	1576
652	1690
654	870
654	1315
654	1337
655	737
655	786
655	1135
656	751
656	1104
656	1541
657	836
657	1055
658	777
658	1253
658	1384
659	1394
660	692
660	748
661	761
661	1116
661	1406
661	1478
661	1508
662	1692
663	761
663	858
663	944
663	971
664	752
664	1197
664	1507
664	1580
665	920
665	1009
665	1127
665	1162
665	1368
665	1599
666	861
666	929
666	1004
667	724
667	758
667	868
667	1273
668	941
668	1258
669	982
669	1246
669	1512
669	1619
669	1698
670	1528
671	819
671	917
671	1280
671	1292
672	1053
672	1260
672	1561
673	957
673	1127
673	1283
674	1326
674	1658
675	1103
675	1148
676	1347
676	1477
677	1547
678	860
678	1489
678	1580
680	1590
680	1672
681	791
682	738
683	1080
684	1309
685	1153
686	876
686	970
686	1463
687	756
687	894
687	1256
687	1623
688	1157
688	1633
689	1286
690	818
690	1445
691	1638
692	708
692	928
692	1247
693	760
693	798
693	838
693	1149
693	1649
694	707
694	708
694	727
694	1378
694	1401
694	1610
695	1243
696	739
697	708
697	1485
698	868
698	1147
698	1204
699	847
699	1600
699	1611
700	1125
700	1360
700	1441
700	1641
701	814
701	925
701	1468
701	1497
702	797
702	859
702	1035
702	1260
702	1386
702	1402
703	821
703	1079
703	1516
704	809
704	864
704	866
704	1201
704	1318
704	1489
705	913
705	1309
705	1456
706	861
706	1169
706	1241
706	1246
706	1341
708	712
708	968
708	1585
709	1029
709	1081
710	1101
710	1496
710	1499
711	758
711	1058
711	1060
711	1149
711	1372
711	1420
711	1480
712	949
713	1106
713	1193
713	1530
713	1675
714	830
714	831
714	993
714	1067
714	1073
715	886
715	1178
716	833
717	994
717	1079
717	1453
717	1459
717	1638
718	1082
718	1648
719	765
719	1028
719	1214
719	1381
719	1422
720	1238
721	738
721	842
721	1238
721	1525
721	1548
722	874
722	970
723	910
723	1246
723	1257
724	1522
725	866
726	828
726	1168
726	1240
726	1678
727	728
727	807
727	1169
727	1487
728	743
729	1375
730	942
731	744
732	855
732	880
732	1312
732	1422
733	1592
734	924
734	1355
734	1414
734	1443
735	808
735	826
735	1575
736	792
736	999
736	1027
736	1645
737	905
737	1081
737	1430
739	1174
739	1436
739	1534
740	957
741	1077
741	1235
742	897
742	1316
742	1589
743	824
743	1131
743	1150
744	1330
745	1223
745	1610
746	1230
747	783
747	1269
748	1075
749	1075
750	809
750	1609
750	1687
751	1254
752	799
753	816
753	962
754	810
754	1037
754	1100
754	1263
755	770
755	865
755	1451
757	835
757	983
757	1000
757	1085
757	1090
757	1244
757	1296
757	1693
758	1089
758	1192
759	924
759	1370
759	1437
759	1537
760	1257
760	1396
761	1023
761	1531
761	1555
762	1113
763	1428
763	1494
764	977
764	1580
765	1366
765	1383
766	905
766	1657
767	956
767	1549
768	1206
768	1219
769	1596
769	1690
770	994
770	1062
770	1141
770	1406
770	1641
772	1136
772	1296
772	1338
773	1591
774	1158
774	1292
774	1345
775	1131
775	1545
776	1037
776	1312
777	819
777	915
777	1355
778	953
778	1156
779	1113
781	1043
781	1139
782	1177
783	936
783	1370
783	1537
783	1591
783	1649
784	1180
784	1255
785	1128
786	1046
787	1155
787	1292
787	1517
788	1203
788	1636
789	1184
789	1304
790	1023
790	1168
790	1279
790	1653
791	939
792	1169
793	1059
793	1080
794	800
794	929
794	967
795	995
795	1502
796	899
796	1589
796	1688
797	1122
797	1321
797	1622
798	1446
799	885
799	1313
799	1347
800	945
800	1005
800	1394
800	1688
802	898
802	1319
802	1481
802	1642
803	1349
803	1350
804	935
804	1014
804	1024
805	1095
805	1459
806	906
806	921
806	1220
807	1051
807	1335
808	1472
808	1598
808	1604
809	1341
809	1674
810	1261
811	1155
812	1049
812	1086
812	1477
813	1105
814	1413
815	966
815	1219
815	1298
816	1299
816	1384
817	1530
818	1553
818	1614
819	1081
819	1292
819	1303
819	1617
819	1683
820	927
820	944
820	1439
821	941
821	1525
822	1410
822	1517
823	939
823	1002
823	1180
824	1197
824	1258
825	855
825	1323
826	1347
826	1503
826	1640
827	829
827	1503
828	1276
829	1520
829	1549
830	985
830	1440
831	1060
831	1691
832	844
832	1314
832	1548
833	1023
833	1481
833	1578
834	856
834	953
834	964
835	1092
835	1096
836	1238
837	1668
838	962
838	1191
838	1367
838	1690
839	854
839	1103
839	1675
840	922
840	1351
840	1593
841	1076
841	1180
841	1548
842	895
843	1467
844	1340
845	959
845	1344
845	1608
846	1044
846	1374
846	1472
846	1479
846	1580
846	1631
847	961
847	1156
847	1620
848	1016
848	1030
848	1218
848	1590
849	1028
849	1150
849	1688
850	862
850	1099
850	1198
850	1618
851	987
851	1271
851	1355
852	995
852	1590
853	887
853	1146
853	1208
853	1266
853	1689
854	1093
855	1149
855	1421
855	1536
856	1310
856	1544
857	885
857	1172
857	1558
857	1559
857	1628
858	1161
858	1282
858	1444
859	1448
859	1532
859	1664
861	1525
862	869
863	933
863	1046
864	1652
866	1308
866	1671
868	899
868	931
868	1135
868	1425
868	1691
870	999
870	1194
870	1444
871	1139
871	1204
872	1102
873	1180
873	1635
874	901
874	1022
874	1207
875	1262
876	1153
876	1367
876	1645
877	1232
877	1542
878	981
879	1021
879	1247
879	1292
879	1539
880	1213
880	1310
880	1590
881	957
881	1294
882	963
883	1177
883	1252
883	1676
884	1206
885	903
885	1414
886	989
886	1220
886	1426
886	1474
886	1535
887	948
887	1241
889	911
889	1150
889	1352
890	1538
891	907
891	1172
891	1321
891	1568
891	1585
892	1459
892	1581
893	1320
893	1641
894	1181
894	1449
895	1261
896	1256
897	1379
897	1688
898	1115
899	1614
899	1691
900	1278
901	1478
901	1599
901	1653
902	1172
902	1255
903	1425
904	1179
904	1498
905	1618
907	1604
908	963
908	1100
908	1403
908	1686
909	942
909	1026
910	1425
911	1398
912	926
912	947
912	1050
912	1699
914	915
914	1385
914	1396
914	1564
914	1682
915	1352
915	1686
916	1119
916	1122
916	1269
917	1277
918	1350
918	1654
919	1386
920	1072
920	1116
920	1210
921	1178
921	1251
921	1296
921	1458
922	1019
922	1613
923	972
923	1159
923	1199
924	1154
924	1206
925	1325
925	1602
926	1312
926	1334
926	1457
926	1516
927	1192
928	1146
928	1302
929	1182
929	1286
930	1179
930	1445
933	1435
933	1444
933	1491
934	1232
935	1322
936	1146
936	1186
937	1482
939	1373
940	1031
940	1058
940	1502
943	1033
943	1678
944	1216
944	1620
945	1015
946	1212
946	1446
946	1537
947	1035
947	1295
948	1250
948	1539
949	1477
949	1568
950	1131
950	1360
950	1685
951	1044
951	1101
951	1434
952	1364
952	1637
953	1112
953	1693
954	1006
954	1029
954	1414
954	1543
955	1447
956	963
956	1425
956	1634
957	1148
958	1607
959	1116
961	1535
961	1594
962	1159
963	1163
963	1606
964	1025
965	1276
965	1458
965	1496
965	1611
966	1094
966	1622
967	1014
968	1067
968	1312
968	1488
970	1321
970	1347
971	1678
972	1153
972	1444
972	1557
973	1015
973	1402
973	1504
973	1564
974	1232
974	1657
975	1390
977	1007
977	1313
978	1397
980	1523
981	1301
983	1069
983	1393
984	1326
984	1475
985	1252
985	1605
986	1245
986	1330
986	1692
987	1037
987	1518
988	1391
988	1617
988	1624
990	1328
992	1030
992	1275
993	1144
993	1204
993	1234
993	1272
993	1636
994	1037
994	1067
995	1383
995	1423
996	1224
996	1377
997	1483
998	1282
999	1236
999	1469
999	1691
1000	1374
1000	1570
1001	1142
1001	1260
1001	1507
1001	1600
1002	1119
1002	1645
1003	1066
1004	1583
1005	1349
1006	1542
1007	1321
1008	1142
1008	1476
1009	1188
1009	1353
1009	1409
1010	1063
1011	1538
1011	1571
1012	1029
1012	1166
1012	1208
1012	1673
1012	1681
1012	1683
1013	1146
1015	1051
1016	1333
1018	1051
1018	1120
1022	1508
1023	1456
1023	1606
1025	1045
1025	1649
1026	1496
1026	1624
1026	1667
1027	1085
1028	1165
1028	1631
1029	1295
1029	1361
1029	1423
1029	1569
1029	1635
1030	1068
1030	1164
1031	1392
1033	1268
1033	1465
1034	1566
1035	1385
1035	1499
1035	1596
1035	1622
1037	1339
1038	1312
1039	1492
1041	1308
1042	1527
1044	1511
1045	1131
1045	1183
1045	1494
1046	1143
1046	1159
1047	1295
1048	1058
1049	1067
1049	1499
1051	1147
1052	1353
1054	1069
1054	1163
1055	1338
1055	1509
1055	1548
1056	1186
1057	1469
1058	1102
1058	1375
1059	1060
1059	1442
1059	1448
1059	1466
1059	1604
1060	1134
1061	1136
1062	1070
1062	1451
1062	1587
1063	1175
1063	1392
1063	1505
1064	1413
1065	1237
1065	1242
1065	1646
1065	1689
1066	1607
1066	1627
1066	1628
1067	1610
1070	1080
1071	1172
1071	1385
1071	1506
1071	1566
1072	1395
1073	1222
1073	1416
1074	1255
1075	1194
1076	1491
1079	1406
1079	1490
1080	1329
1081	1121
1081	1266
1081	1375
1081	1490
1081	1603
1081	1643
1082	1155
1082	1539
1085	1235
1086	1194
1086	1637
1087	1164
1087	1413
1087	1588
1088	1538
1088	1636
1089	1129
1090	1327
1090	1481
1092	1108
1094	1590
1095	1522
1096	1682
1097	1241
1098	1210
1098	1292
1098	1354
1099	1216
1099	1425
1100	1344
1100	1642
1102	1174
1103	1453
1103	1582
1104	1126
1104	1389
1104	1534
1105	1250
1106	1582
1107	1324
1107	1652
1108	1240
1108	1275
1108	1535
1110	1113
1112	1160
1112	1434
1114	1374
1114	1394
1114	1425
1114	1447
1115	1409
1115	1475
1116	1180
1116	1227
1116	1465
1117	1213
1118	1585
1119	1543
1120	1241
1120	1622
1121	1418
1122	1167
1122	1271
1123	1275
1123	1690
1124	1125
1124	1209
1124	1566
1125	1271
1125	1362
1126	1233
1126	1504
1126	1598
1126	1663
1127	1488
1128	1682
1129	1680
1130	1311
1132	1628
1134	1513
1136	1326
1138	1506
1138	1611
1139	1260
1139	1359
1140	1205
1140	1646
1141	1285
1141	1521
1141	1555
1143	1167
1143	1429
1143	1514
1143	1626
1145	1280
1145	1513
1146	1593
1146	1630
1147	1158
1147	1178
1147	1401
1148	1228
1148	1668
1150	1237
1151	1287
1151	1409
1151	1645
1153	1169
1153	1523
1156	1300
1156	1497
1156	1636
1156	1661
1158	1241
1158	1412
1158	1553
1158	1699
1160	1584
1160	1646
1162	1218
1162	1379
1165	1277
1165	1504
1166	1675
1167	1408
1170	1330
1171	1525
1172	1434
1172	1603
1173	1532
1175	1349
1175	1597
1176	1414
1176	1586
1176	1656
1177	1243
1177	1390
1177	1462
1177	1524
1178	1360
1178	1661
1179	1657
1180	1568
1181	1381
1181	1457
1183	1199
1185	1293
1187	1348
1187	1605
1190	1494
1191	1199
1191	1500
1192	1682
1193	1271
1194	1222
1195	1457
1195	1645
1196	1623
1197	1483
1198	1217
1199	1282
1200	1659
1201	1368
1201	1670
1202	1525
1203	1245
1203	1393
1207	1213
1207	1445
1207	1469
1207	1655
1208	1216
1208	1479
1211	1220
1212	1249
1212	1291
1212	1303
1212	1488
1212	1582
1212	1640
1213	1246
1215	1238
1215	1627
1216	1403
1218	1366
1218	1668
1221	1292
1221	1412
1222	1511
1223	1475
1223	1575
1224	1578
1226	1411
1226	1498
1229	1257
1229	1647
1230	1373
1233	1262
1233	1527
1234	1679
1235	1450
1235	1601
1237	1619
1238	1550
1239	1259
1239	1355
1241	1653
1242	1658
1243	1369
1244	1272
1244	1473
1247	1460
1247	1619
1247	1631
1248	1405
1248	1447
1248	1473
1250	1579
1251	1649
1252	1455
1252	1544
1252	1687
1253	1304
1255	1509
1256	1581
1257	1346
1258	1588
1261	1268
1262	1337
1264	1473
1265	1426
1265	1442
1266	1424
1266	1452
1266	1648
1267	1457
1268	1370
1268	1694
1269	1434
1269	1468
1270	1319
1270	1473
1271	1637
1272	1364
1272	1640
1273	1544
1281	1523
1284	1535
1285	1403
1285	1547
1286	1536
1287	1590
1287	1644
1287	1649
1290	1471
1290	1587
1292	1319
1292	1334
1293	1353
1294	1609
1294	1668
1295	1691
1296	1305
1297	1345
1297	1558
1297	1602
1298	1399
1298	1404
1299	1376
1299	1413
1300	1415
1301	1411
1302	1376
1302	1483
1302	1486
1302	1538
1302	1547
1303	1623
1304	1424
1304	1621
1305	1404
1306	1386
1307	1338
1307	1493
1308	1629
1309	1368
1311	1375
1312	1313
1312	1547
1313	1564
1313	1578
1314	1532
1314	1558
1314	1614
1314	1660
1315	1424
1316	1441
1317	1595
1318	1344
1318	1429
1318	1470
1319	1339
1319	1365
1319	1680
1320	1327
1320	1483
1322	1367
1323	1569
1323	1672
1323	1688
1328	1676
1329	1461
1329	1468
1330	1601
1331	1512
1331	1645
1332	1404
1332	1445
1333	1572
1333	1624
1334	1364
1334	1496
1335	1551
1335	1636
1336	1431
1337	1379
1338	1418
1340	1369
1340	1445
1342	1613
1342	1699
1343	1387
1345	1352
1346	1556
1347	1508
1347	1651
1348	1482
1350	1530
1350	1691
1352	1419
1352	1510
1354	1609
1356	1384
1357	1478
1358	1435
1358	1638
1360	1689
1361	1649
1365	1503
1365	1676
1367	1599
1368	1528
1382	1549
1383	1583
1383	1690
1388	1500
1389	1466
1389	1563
1390	1466
1390	1555
1390	1654
1391	1631
1393	1467
1393	1682
1394	1527
1394	1698
1398	1567
1398	1569
1400	1585
1401	1415
1402	1583
1403	1561
1403	1660
1404	1452
1406	1479
1406	1551
1412	1584
1414	1624
1415	1605
1418	1596
1420	1508
1423	1510
1424	1640
1425	1567
1425	1645
1426	1473
1428	1487
1431	1527
1432	1537
1432	1681
1434	1466
1436	1562
1437	1455
1437	1610
1440	1549
1440	1647
1441	1663
1445	1680
1446	1514
1451	1695
1455	1548
1456	1686
1459	1600
1461	1594
1462	1611
1463	1579
1471	1692
1478	1494
1481	1489
1486	1652
1486	1696
1491	1684
1495	1634
1495	1690
1504	1528
1504	1615
1505	1653
1508	1628
1510	1529
1511	1552
1515	1516
1523	1577
1524	1680
1526	1672
1530	1553
1536	1548
1542	1653
1547	1674
1550	1640
1558	1576
1559	1634
1560	1627
1562	1631
1564	1669
1569	1619
1570	1635
1574	1600
1579	1612
1584	1672
1589	1619
1592	1679
1595	1629
1601	1672
1602	1680
1603	1633
1611	1649
1613	1678
1616	1675
1627	1691
1628	1671
1629	1654
1634	1698
1642	1697
1646	1680
1650	1677
1658	1672
1670	1673
1685	1698