!-------------------------run # 1 -------------------------!

!-------------------------run # 1 -------------------------!

MVC found so far has 178 elements      process -1, thread -1
MVC found so far has 175 elements       process -1, thread 1
MVC found so far has 174 elements       process -1, thread 3
MVC found so far has 173 elements       process -1, thread 0
MVC found so far has 168 elements       process -1, thread 2
MVC found so far has 178 elements       process -1, thread 0
MVC found so far has 177 elements       process -1, thread 3
MVC found so far has 176 elements       process -1, thread 3
MVC found so far has 174 elements       process -1, thread 2
MVC found so far has 173 elements       process -1, thread 2
MVC found so far has 168 elements       process -1, thread 4
!-------------------Minimum vertex cover-------------------!
1   2   5   7   11   13   14   15   16   18   19   22   23   
24   25   26   28   33   37   39   42   47   48   52   54   
56   57   58   60   63   64   65   66   67   70   74   75   
81   83   84   86   88   89   93   95   99   104   105   107   
108   109   114   116   117   118   120   122   124   126   
127   129   130   134   136   138   139   140   142   145   
146   148   154   156   160   161   162   163   164   165   
167   168   169   171   172   176   178   179   182   184   
187   188   189   192   194   195   198   199   201   202   
203   204   206   209   211   212   213   215   216   222   
224   228   229   230   232   235   236   237   238   240   
242   243   244   247   248   251   255   256   257   258   
259   261   262   263   265   267   268   269   270   271   
272   274   276   277   278   279   284   287   288   289   
291   295   297   299   300   304   306   307   310   311   
312   316   317   318   319   320   322   325   327   331   
332   333   334   337   338   339   341   344   345   346   
348   356   357   358   362   363   365   368   369   372   
373   376   377   378   381   382   383   385   386   388   
389   390   391   392   393   394   395   396   397   398   
399                                                         
------------------------------------------------------------

path                             ../input/prob_4/400/00400_1
Initial graph size after preprocessing:                  202
Size:                                                    210
Found at depth:                                           20
Elapsed time:                                     0.180791 s
Number of leaves:                                          5
Maximum depth reached:                                    24
Idle time:                  0.074554              41.237677%
Pool idle time:            0.0294314                16.2793%
Successful requests:                                       8
!----------------------------------------------------------!



!-------------------Minimum vertex cover-------------------!
1   2   5   7   11   13   14   15   16   18   19   22   23   
24   25   26   28   33   37   39   42   47   48   52   54   
56   57   58   60   63   64   65   66   67   70   74   75   
81   83   84   86   88   89   93   95   99   104   105   107   
108   109   114   116   117   118   120   122   124   126   
127   129   130   134   136   138   139   140   142   145   
146   148   154   156   160   161   162   163   164   165   
167   168   169   171   172   176   178   179   182   184   
187   188   189   192   194   195   198   199   201   202   
203   204   206   209   211   212   213   215   216   222   
224   228   229   230   232   235   236   237   238   240   
242   243   244   247   248   251   255   256   257   258   
259   261   262   263   265   267   268   269   270   271   
272   274   276   277   278   279   284   287   288   289   
291   295   297   299   300   304   306   307   310   311   
312   316   317   318   319   320   322   325   327   331   
332   333   334   337   338   339   341   344   345   346   
348   356   357   358   362   363   365   368   369   372   
373   376   377   378   381   382   383   385   386   388   
389   390   391   392   393   394   395   396   397   398   
399                                                         
------------------------------------------------------------

path                             ../input/prob_4/400/00400_1
Initial graph size after preprocessing:                  202
Size:                                                    210
Found at depth:                                           20
Elapsed time:                                     0.249341 s
Number of leaves:                                          6
Maximum depth reached:                                    24
Idle time:                  0.000000               0.000000%
Pool idle time:            0.0148382                5.95097%
Successful requests:                                      35
!----------------------------------------------------------!



!-------------------------run # 1 -------------------------!

!-------------------------run # 1 -------------------------!

MVC found so far has 175 elements       process -1, thread 2
MVC found so far has 170 elements       process -1, thread 1
MVC found so far has 168 elements       process -1, thread 3
MVC found so far has 176 elements       process -1, thread 1
MVC found so far has 174 elements       process -1, thread 1
MVC found so far has 173 elements       process -1, thread 1
MVC found so far has 170 elements       process -1, thread 2
MVC found so far has 168 elements       process -1, thread 4
!-------------------Minimum vertex cover-------------------!
1   2   5   7   11   13   14   15   16   18   19   22   23   
24   25   26   28   33   37   39   42   47   48   52   54   
56   57   58   60   63   64   65   66   67   70   74   75   
81   83   84   86   88   89   93   95   99   104   105   107   
108   109   114   116   117   118   120   122   124   126   
127   129   130   134   136   138   139   140   142   145   
146   148   154   156   160   161   162   163   164   165   
167   168   169   171   172   176   178   179   182   184   
187   188   189   192   194   195   198   199   201   202   
203   204   206   209   211   212   213   215   216   222   
224   228   229   230   232   235   236   237   238   240   
242   243   244   247   248   251   255   256   257   258   
259   261   262   263   265   267   268   269   270   271   
272   274   276   277   278   279   284   287   288   289   
291   295   297   299   300   304   306   307   310   311   
312   316   317   318   319   320   322   325   327   331   
332   333   334   337   338   339   341   344   345   346   
348   356   357   358   362   363   365   368   369   372   
373   376   377   378   381   382   383   385   386   388   
389   390   391   392   393   394   395   396   397   398   
399                                                         
------------------------------------------------------------

path                             ../input/prob_4/400/00400_1
Initial graph size after preprocessing:                  202
Size:                                                    210
Found at depth:                                           20
Elapsed time:                                     0.186457 s
Number of leaves:                                          3
Maximum depth reached:                                    20
Idle time:                  0.083517              44.791387%
Pool idle time:            0.0018394               0.986503%
Successful requests:                                       7
!----------------------------------------------------------!



!-------------------Minimum vertex cover-------------------!
1   2   5   7   11   13   14   15   16   18   19   22   23   
24   25   26   28   33   37   39   42   47   48   52   54   
56   57   58   60   63   64   65   66   67   70   74   75   
81   83   84   86   88   89   93   95   99   104   105   107   
108   109   114   116   117   118   120   122   124   126   
127   129   130   134   136   138   139   140   142   145   
146   148   154   156   160   161   162   163   164   165   
167   168   169   171   172   176   178   179   182   184   
187   188   189   192   194   195   198   199   201   202   
203   204   206   209   211   212   213   215   216   222   
224   228   229   230   232   235   236   237   238   240   
242   243   244   247   248   251   255   256   257   258   
259   261   262   263   265   267   268   269   270   271   
272   274   276   277   278   279   284   287   288   289   
291   295   297   299   300   304   306   307   310   311   
312   316   317   318   319   320   322   325   327   331   
332   333   334   337   338   339   341   344   345   346   
348   356   357   358   362   363   365   368   369   372   
373   376   377   378   381   382   383   385   386   388   
389   390   391   392   393   394   395   396   397   398   
399                                                         
------------------------------------------------------------

path                             ../input/prob_4/400/00400_1
Initial graph size after preprocessing:                  202
Size:                                                    210
Found at depth:                                           20
Elapsed time:                                      0.23695 s
Number of leaves:                                          5
Maximum depth reached:                                    20
Idle time:                  0.000000               0.000000%
Pool idle time:              0.01118                4.71828%
Successful requests:                                      21
!----------------------------------------------------------!



!-------------------------run # 1 -------------------------!

!-------------------------run # 1 -------------------------!

MVC found so far has 175 elements       process -1, thread 2
MVC found so far has 170 elements       process -1, thread 1
MVC found so far has 168 elements       process -1, thread 3
MVC found so far has 178 elements       process -1, thread 0
MVC found so far has 177 elements       process -1, thread 4
MVC found so far has 176 elements       process -1, thread 4
MVC found so far has 174 elements       process -1, thread 2
MVC found so far has 173 elements       process -1, thread 2
MVC found so far has 168 elements       process -1, thread 3
!-------------------Minimum vertex cover-------------------!
1   2   5   7   11   13   14   15   16   18   19   22   23   
24   25   26   28   33   37   39   42   47   48   52   54   
56   57   58   60   63   64   65   66   67   70   74   75   
81   83   84   86   88   89   93   95   99   104   105   107   
108   109   114   116   117   118   120   122   124   126   
127   129   130   134   136   138   139   140   142   145   
146   148   154   156   160   161   162   163   164   165   
167   168   169   171   172   176   178   179   182   184   
187   188   189   192   194   195   198   199   201   202   
203   204   206   209   211   212   213   215   216   222   
224   228   229   230   232   235   236   237   238   240   
242   243   244   247   248   251   255   256   257   258   
259   261   262   263   265   267   268   269   270   271   
272   274   276   277   278   279   284   287   288   289   
291   295   297   299   300   304   306   307   310   311   
312   316   317   318   319   320   322   325   327   331   
332   333   334   337   338   339   341   344   345   346   
348   356   357   358   362   363   365   368   369   372   
373   376   377   378   381   382   383   385   386   388   
389   390   391   392   393   394   395   396   397   398   
399                                                         
------------------------------------------------------------

path                             ../input/prob_4/400/00400_1
Initial graph size after preprocessing:                  202
Size:                                                    210
Found at depth:                                           20
Elapsed time:                                     0.247044 s
Number of leaves:                                          3
Maximum depth reached:                                    20
Idle time:                  0.129393              52.376546%
Pool idle time:           0.00192871               0.780716%
Successful requests:                                       7
!----------------------------------------------------------!



!-------------------Minimum vertex cover-------------------!
1   2   5   7   11   13   14   15   16   18   19   22   23   
24   25   26   28   33   37   39   42   47   48   52   54   
56   57   58   60   63   64   65   66   67   70   74   75   
81   83   84   86   88   89   93   95   99   104   105   107   
108   109   114   116   117   118   120   122   124   126   
127   129   130   134   136   138   139   140   142   145   
146   148   154   156   160   161   162   163   164   165   
167   168   169   171   172   176   178   179   182   184   
187   188   189   192   194   195   198   199   201   202   
203   204   206   209   211   212   213   215   216   222   
224   228   229   230   232   235   236   237   238   240   
242   243   244   247   248   251   255   256   257   258   
259   261   262   263   265   267   268   269   270   271   
272   274   276   277   278   279   284   287   288   289   
291   295   297   299   300   304   306   307   310   311   
312   316   317   318   319   320   322   325   327   331   
332   333   334   337   338   339   341   344   345   346   
348   356   357   358   362   363   365   368   369   372   
373   376   377   378   381   382   383   385   386   388   
389   390   391   392   393   394   395   396   397   398   
399                                                         
------------------------------------------------------------

path                             ../input/prob_4/400/00400_1
Initial graph size after preprocessing:                  202
Size:                                                    210
Found at depth:                                           20
Elapsed time:                                      0.26218 s
Number of leaves:                                          6
Maximum depth reached:                                    24
Idle time:                  0.000000               0.000000%
Pool idle time:            0.0144105                5.49642%
Successful requests:                                      38
!----------------------------------------------------------!



!-------------------------run # 1 -------------------------!

!-------------------------run # 1 -------------------------!

MVC found so far has 182 elements      process -1, thread -1
MVC found so far has 177 elements       process -1, thread 3
MVC found so far has 168 elements       process -1, thread 4
MVC found so far has 176 elements       process -1, thread 2
MVC found so far has 174 elements       process -1, thread 2
MVC found so far has 173 elements       process -1, thread 2
MVC found so far has 170 elements       process -1, thread 0
MVC found so far has 168 elements       process -1, thread 1
!-------------------Minimum vertex cover-------------------!
1   2   5   7   11   13   14   15   16   18   19   22   23   
24   25   26   28   33   37   39   42   47   48   52   54   
56   57   58   60   63   64   65   66   67   70   74   75   
81   83   84   86   88   89   93   95   99   104   105   107   
108   109   114   116   117   118   120   122   124   126   
127   129   130   134   136   138   139   140   142   145   
146   148   154   156   160   161   162   163   164   165   
167   168   169   171   172   176   178   179   182   184   
187   188   189   192   194   195   198   199   201   202   
203   204   206   209   211   212   213   215   216   222   
224   228   229   230   232   235   236   237   238   240   
242   243   244   247   248   251   255   256   257   258   
259   261   262   263   265   267   268   269   270   271   
272   274   276   277   278   279   284   287   288   289   
291   295   297   299   300   304   306   307   310   311   
312   316   317   318   319   320   322   325   327   331   
332   333   334   337   338   339   341   344   345   346   
348   356   357   358   362   363   365   368   369   372   
373   376   377   378   381   382   383   385   386   388   
389   390   391   392   393   394   395   396   397   398   
399                                                         
------------------------------------------------------------

path                             ../input/prob_4/400/00400_1
Initial graph size after preprocessing:                  202
Size:                                                    210
Found at depth:                                           20
Elapsed time:                                     0.553348 s
Number of leaves:                                          5
Maximum depth reached:                                    20
Idle time:                  0.000000               0.000000%
Pool idle time:            0.0436893                7.89545%
Successful requests:                                      36
!----------------------------------------------------------!



!-------------------Minimum vertex cover-------------------!
1   2   5   7   11   13   14   15   16   18   19   22   23   
24   25   26   28   33   37   39   42   47   48   52   54   
56   57   58   60   63   64   65   66   67   70   74   75   
81   83   84   86   88   89   93   95   99   104   105   107   
108   109   114   116   117   118   120   122   124   126   
127   129   130   134   136   138   139   140   142   145   
146   148   154   156   160   161   162   163   164   165   
167   168   169   171   172   176   178   179   182   184   
187   188   189   192   194   195   198   199   201   202   
203   204   206   209   211   212   213   215   216   222   
224   228   229   230   232   235   236   237   238   240   
242   243   244   247   248   251   255   256   257   258   
259   261   262   263   265   267   268   269   270   271   
272   274   276   277   278   279   284   287   288   289   
291   295   297   299   300   304   306   307   310   311   
312   316   317   318   319   320   322   325   327   331   
332   333   334   337   338   339   341   344   345   346   
348   356   357   358   362   363   365   368   369   372   
373   376   377   378   381   382   383   385   386   388   
389   390   391   392   393   394   395   396   397   398   
399                                                         
------------------------------------------------------------

path                             ../input/prob_4/400/00400_1
Initial graph size after preprocessing:                  202
Size:                                                    210
Found at depth:                                           20
Elapsed time:                                     0.543087 s
Number of leaves:                                          3
Maximum depth reached:                                    20
Idle time:                  0.091016              16.759033%
Pool idle time:            0.0128731                2.37036%
Successful requests:                                       9
!----------------------------------------------------------!



!-------------------------run # 1 -------------------------!

!-------------------------run # 1 -------------------------!

MVC found so far has 182 elements      process -1, thread -1
MVC found so far has 178 elements       process -1, thread 1
MVC found so far has 174 elements       process -1, thread 3
MVC found so far has 173 elements       process -1, thread 3
MVC found so far has 168 elements       process -1, thread 2
MVC found so far has 170 elements       process -1, thread 3
MVC found so far has 168 elements       process -1, thread 2
!-------------------Minimum vertex cover-------------------!
1   2   5   7   11   13   14   15   16   18   19   20   22   
23   24   25   26   28   31   33   34   35   37   39   41   
42   47   48   52   54   56   57   58   60   64   65   67   
70   74   75   81   83   84   85   86   88   89   90   93   
95   99   104   105   107   108   109   114   115   116   117   
118   120   122   124   126   129   130   134   136   138   
139   140   142   144   145   146   148   154   156   160   
161   162   163   164   165   166   167   168   169   171   
172   176   179   181   182   186   187   188   189   192   
194   195   199   201   203   206   209   211   212   213   
214   215   216   217   220   222   228   229   230   232   
236   237   238   239   240   242   243   244   247   248   
249   251   255   256   257   258   259   261   262   263   
265   267   268   269   270   271   272   273   274   276   
278   279   280   287   288   289   291   295   297   299   
300   302   304   306   310   311   316   317   318   319   
320   322   325   327   331   333   334   335   337   339   
341   344   345   348   356   357   358   359   362   363   
365   368   369   371   372   373   374   376   377   381   
382   383   385   386   388   389   390   391   392   393   
394   395   396   397   398                                 
------------------------------------------------------------

path                             ../input/prob_4/400/00400_1
Initial graph size after preprocessing:                  202
Size:                                                    215
Found at depth:                                           20
Elapsed time:                                     0.900951 s
Number of leaves:                                          5
Maximum depth reached:                                    24
Idle time:                  0.148013              16.428544%
Pool idle time:              0.15914                17.6636%
Successful requests:                                       9
!----------------------------------------------------------!



!-------------------Minimum vertex cover-------------------!
1   2   5   7   11   13   14   15   16   18   19   22   23   
24   25   26   28   33   37   39   42   47   48   52   54   
56   57   58   60   63   64   65   66   67   70   74   75   
81   83   84   86   88   89   93   95   99   104   105   107   
108   109   114   116   117   118   120   122   124   126   
127   129   130   134   136   138   139   140   142   145   
146   148   154   156   160   161   162   163   164   165   
167   168   169   171   172   176   178   179   182   184   
187   188   189   192   194   195   198   199   201   202   
203   204   206   209   211   212   213   215   216   222   
224   228   229   230   232   235   236   237   238   240   
242   243   244   247   248   251   255   256   257   258   
259   261   262   263   265   267   268   269   270   271   
272   274   276   277   278   279   284   287   288   289   
291   295   297   299   300   304   306   307   310   311   
312   316   317   318   319   320   322   325   327   331   
332   333   334   337   338   339   341   344   345   346   
348   356   357   358   362   363   365   368   369   372   
373   376   377   378   381   382   383   385   386   388   
389   390   391   392   393   394   395   396   397   398   
399                                                         
------------------------------------------------------------

path                             ../input/prob_4/400/00400_1
Initial graph size after preprocessing:                  202
Size:                                                    210
Found at depth:                                           20
Elapsed time:                                      1.19861 s
Number of leaves:                                          2
Maximum depth reached:                                    20
Idle time:                  0.000000               0.000000%
Pool idle time:            0.0776151                6.47542%
Successful requests:                                      47
!----------------------------------------------------------!



!-------------------------run # 1 -------------------------!

MVC found so far has 178 elements       process -1, thread 0
MVC found so far has 177 elements       process -1, thread 2
MVC found so far has 176 elements       process -1, thread 2
MVC found so far has 173 elements       process -1, thread 1
MVC found so far has 168 elements       process -1, thread 4
!-------------------Minimum vertex cover-------------------!
1   2   5   7   11   13   14   15   16   18   19   22   23   
24   25   26   28   33   37   39   42   47   48   52   54   
56   57   58   60   63   64   65   66   67   70   74   75   
81   83   84   86   88   89   93   95   99   104   105   107   
108   109   114   116   117   118   120   122   124   126   
127   129   130   134   136   138   139   140   142   145   
146   148   154   156   160   161   162   163   164   165   
167   168   169   171   172   176   178   179   182   184   
187   188   189   192   194   195   198   199   201   202   
203   204   206   209   211   212   213   215   216   222   
224   228   229   230   232   235   236   237   238   240   
242   243   244   247   248   251   255   256   257   258   
259   261   262   263   265   267   268   269   270   271   
272   274   276   277   278   279   284   287   288   289   
291   295   297   299   300   304   306   307   310   311   
312   316   317   318   319   320   322   325   327   331   
332   333   334   337   338   339   341   344   345   346   
348   356   357   358   362   363   365   368   369   372   
373   376   377   378   381   382   383   385   386   388   
389   390   391   392   393   394   395   396   397   398   
399                                                         
------------------------------------------------------------

path                             ../input/prob_4/400/00400_1
Initial graph size after preprocessing:                  202
Size:                                                    210
Found at depth:                                           20
Elapsed time:                                      0.20118 s
Number of leaves:                                          5
Maximum depth reached:                                    20
Idle time:                  0.000000               0.000000%
Pool idle time:           0.00977346                4.85807%
Successful requests:                                      33
!----------------------------------------------------------!



!-------------------------run # 1 -------------------------!

MVC found so far has 178 elements      process -1, thread -1
MVC found so far has 177 elements       process -1, thread 3
MVC found so far has 170 elements       process -1, thread 2
MVC found so far has 168 elements       process -1, thread 4
!-------------------Minimum vertex cover-------------------!
1   2   5   7   11   13   14   15   16   18   19   22   23   
24   25   26   28   33   37   39   42   47   48   52   54   
56   57   58   60   63   64   65   66   67   70   74   75   
81   83   84   86   88   89   93   95   99   104   105   107   
108   109   114   116   117   118   120   122   124   126   
127   129   130   134   136   138   139   140   142   145   
146   148   154   156   160   161   162   163   164   165   
167   168   169   171   172   176   178   179   182   184   
187   188   189   192   194   195   198   199   201   202   
203   204   206   209   211   212   213   215   216   222   
224   228   229   230   232   235   236   237   238   240   
242   243   244   247   248   251   255   256   257   258   
259   261   262   263   265   267   268   269   270   271   
272   274   276   277   278   279   284   287   288   289   
291   295   297   299   300   304   306   307   310   311   
312   316   317   318   319   320   322   325   327   331   
332   333   334   337   338   339   341   344   345   346   
348   356   357   358   362   363   365   368   369   372   
373   376   377   378   381   382   383   385   386   388   
389   390   391   392   393   394   395   396   397   398   
399                                                         
------------------------------------------------------------

path                             ../input/prob_4/400/00400_1
Initial graph size after preprocessing:                  202
Size:                                                    210
Found at depth:                                           20
Elapsed time:                                     0.167485 s
Number of leaves:                                          4
Maximum depth reached:                                    20
Idle time:                  0.066672              39.807982%
Pool idle time:            0.0289932                17.3109%
Successful requests:                                       7
!----------------------------------------------------------!



!-------------------------run # 1 -------------------------!

MVC found so far has 178 elements       process -1, thread 0
MVC found so far has 173 elements       process -1, thread 1
MVC found so far has 168 elements       process -1, thread 3
!-------------------Minimum vertex cover-------------------!
1   2   5   7   11   13   14   15   16   18   19   22   23   
24   25   26   28   33   37   39   42   47   48   52   54   
56   57   58   60   63   64   65   66   67   70   74   75   
81   83   84   86   88   89   93   95   99   104   105   107   
108   109   114   116   117   118   120   122   124   126   
127   129   130   134   136   138   139   140   142   145   
146   148   154   156   160   161   162   163   164   165   
167   168   169   171   172   176   178   179   182   184   
187   188   189   192   194   195   198   199   201   202   
203   204   206   209   211   212   213   215   216   222   
224   228   229   230   232   235   236   237   238   240   
242   243   244   247   248   251   255   256   257   258   
259   261   262   263   265   267   268   269   270   271   
272   274   276   277   278   279   284   287   288   289   
291   295   297   299   300   304   306   307   310   311   
312   316   317   318   319   320   322   325   327   331   
332   333   334   337   338   339   341   344   345   346   
348   356   357   358   362   363   365   368   369   372   
373   376   377   378   381   382   383   385   386   388   
389   390   391   392   393   394   395   396   397   398   
399                                                         
------------------------------------------------------------

path                             ../input/prob_4/400/00400_1
Initial graph size after preprocessing:                  202
Size:                                                    210
Found at depth:                                           20
Elapsed time:                                     0.201023 s
Number of leaves:                                          3
Maximum depth reached:                                    20
Idle time:                  0.000000               0.000000%
Pool idle time:            0.0097563                4.85333%
Successful requests:                                      37
!----------------------------------------------------------!



!-------------------------run # 1 -------------------------!

MVC found so far has 170 elements       process -1, thread 1
MVC found so far has 168 elements       process -1, thread 2
!-------------------Minimum vertex cover-------------------!
1   2   5   7   11   13   14   15   16   18   19   22   23   
24   25   26   28   33   37   39   42   47   48   52   54   
56   57   58   60   63   64   65   66   67   70   74   75   
81   83   84   86   88   89   93   95   99   104   105   107   
108   109   114   116   117   118   120   122   124   126   
127   129   130   134   136   138   139   140   142   145   
146   148   154   156   160   161   162   163   164   165   
167   168   169   171   172   176   178   179   182   184   
187   188   189   192   194   195   198   199   201   202   
203   204   206   209   211   212   213   215   216   222   
224   228   229   230   232   235   236   237   238   240   
242   243   244   247   248   251   255   256   257   258   
259   261   262   263   265   267   268   269   270   271   
272   274   276   277   278   279   284   287   288   289   
291   295   297   299   300   304   306   307   310   311   
312   316   317   318   319   320   322   325   327   331   
332   333   334   337   338   339   341   344   345   346   
348   356   357   358   362   363   365   368   369   372   
373   376   377   378   381   382   383   385   386   388   
389   390   391   392   393   394   395   396   397   398   
399                                                         
------------------------------------------------------------

path                             ../input/prob_4/400/00400_1
Initial graph size after preprocessing:                  202
Size:                                                    210
Found at depth:                                           20
Elapsed time:                                     0.155287 s
Number of leaves:                                          2
Maximum depth reached:                                    20
Idle time:                  0.078556              50.587633%
Pool idle time:           0.00170682                1.09914%
Successful requests:                                       7
!----------------------------------------------------------!



!-------------------------run # 1 -------------------------!
!-------------------------run # 1 -------------------------!
VC = 175    process -1, thread -1, Mon Mar 22 14:41:45 2021
VC = 173     process -1, thread 0, Mon Mar 22 14:41:45 2021
VC = 172     process -1, thread 3, Mon Mar 22 14:41:45 2021
VC = 167     process -1, thread 2, Mon Mar 22 14:41:45 2021
VC = 167     process -1, thread 1, Mon Mar 22 14:41:45 2021
VC = 166     process -1, thread 3, Mon Mar 22 14:41:45 2021
VC = 166     process -1, thread 4, Mon Mar 22 14:41:45 2021
!-------------------Minimum vertex cover-------------------!
1   2   5   7   11   13   14   15   16   18   19   22   23   
24   25   26   28   33   37   39   42   47   48   52   54   
56   57   58   60   63   64   65   66   67   70   74   75   
81   83   84   86   88   89   93   95   99   104   105   107   
108   109   114   116   117   118   120   122   124   126   
127   129   130   134   136   138   139   140   142   145   
146   148   154   156   160   161   162   163   164   165   
167   168   169   171   172   176   178   179   182   184   
187   188   189   192   194   195   198   199   201   202   
203   204   206   209   211   212   213   215   216   222   
224   228   229   230   232   235   236   237   238   240   
242   243   244   247   248   251   255   256   257   258   
259   261   262   263   265   267   268   269   270   271   
272   274   276   277   278   279   284   287   288   289   
291   295   297   299   300   304   306   307   310   311   
312   316   317   318   319   320   322   325   327   331   
332   333   334   337   338   339   341   344   345   346   
348   356   357   358   362   363   365   368   369   372   
373   376   377   378   381   383   385   386   388   389   
390   391   392   393   395   396   397   398   399         
------------------------------------------------------------

path                             ../input/prob_4/400/00400_1
Initial graph size after preprocessing:                  202
Size:                                                    208
Found at depth:                                           20
Elapsed time:                                     0.123287 s
Number of leaves:                                          4
Maximum depth reached:                                    24
Idle time:                  0.000000               0.000000%
Pool idle time:            0.0104866                8.50585%
Successful requests:                                      46
!----------------------------------------------------------!



!-------------------Minimum vertex cover-------------------!
1   2   5   7   11   13   14   15   16   18   19   22   23   
24   25   26   28   33   37   39   42   47   48   52   54   
56   57   58   60   63   64   65   66   67   70   74   75   
81   83   84   86   88   89   93   95   99   104   105   107   
108   109   114   116   117   118   120   122   124   126   
127   129   130   134   136   138   139   140   142   145   
146   148   154   156   160   161   162   163   164   165   
167   168   169   171   172   176   178   179   182   184   
187   188   189   192   194   195   198   199   201   202   
203   204   206   209   211   212   213   215   216   222   
224   228   229   230   232   235   236   237   238   240   
242   243   244   247   248   251   255   256   257   258   
259   261   262   263   265   267   268   269   270   271   
272   274   276   277   278   279   284   287   288   289   
291   295   297   299   300   304   306   307   310   311   
312   316   317   318   319   320   322   325   327   331   
332   333   334   337   338   339   341   344   345   346   
348   356   357   358   362   363   365   368   369   372   
373   376   377   378   381   383   385   386   388   389   
390   391   392   393   395   396   397   398   399         
------------------------------------------------------------

path                             ../input/prob_4/400/00400_1
Initial graph size after preprocessing:                  202
Size:                                                    208
Found at depth:                                           20
Elapsed time:                                     0.238894 s
Number of leaves:                                          3
Maximum depth reached:                                    20
Idle time:                  0.099259              41.549566%
Pool idle time:            0.0417654                17.4828%
Successful requests:                                       7
!----------------------------------------------------------!



!-------------------------run # 1 -------------------------!
!-------------------------run # 1 -------------------------!
VC = 172     process -1, thread 1, Mon Mar 22 14:43:05 2021
VC = 169     process -1, thread 4, Mon Mar 22 14:43:05 2021
VC = 175    process -1, thread -1, Mon Mar 22 14:43:05 2021
VC = 167     process -1, thread 0, Mon Mar 22 14:43:05 2021
VC = 166     process -1, thread 4, Mon Mar 22 14:43:05 2021
VC = 166     process -1, thread 2, Mon Mar 22 14:43:05 2021
!-------------------Minimum vertex cover-------------------!
1   2   5   7   11   13   14   15   16   18   19   22   23   
24   25   26   28   33   37   39   42   47   48   52   54   
56   57   58   60   63   64   65   66   67   70   74   75   
81   83   84   86   88   89   93   95   99   104   105   107   
108   109   114   116   117   118   120   122   124   126   
127   129   130   134   136   138   139   140   142   145   
146   148   154   156   160   161   162   163   164   165   
167   168   169   171   172   176   178   179   182   184   
187   188   189   192   194   195   198   199   201   202   
203   204   206   209   211   212   213   215   216   222   
224   228   229   230   232   235   236   237   238   240   
242   243   244   247   248   251   255   256   257   258   
259   261   262   263   265   267   268   269   270   271   
272   274   276   277   278   279   284   287   288   289   
291   295   297   299   300   304   306   307   310   311   
312   316   317   318   319   320   322   325   327   331   
332   333   334   337   338   339   341   344   345   346   
348   356   357   358   362   363   365   368   369   372   
373   376   377   378   381   383   385   386   388   389   
390   391   392   393   395   396   397   398   399         
------------------------------------------------------------

path                             ../input/prob_4/400/00400_1
Initial graph size after preprocessing:                  202
Size:                                                    208
Found at depth:                                           20
Elapsed time:                                    0.0930416 s
Number of leaves:                                          3
Maximum depth reached:                                    20
Idle time:                  0.000000               0.000000%
Pool idle time:           0.00452689                4.86544%
Successful requests:                                      50
!----------------------------------------------------------!



!-------------------Minimum vertex cover-------------------!
1   2   5   7   11   13   14   15   16   18   19   22   23   
24   25   26   28   33   37   39   42   47   48   52   54   
56   57   58   60   63   64   65   66   67   70   74   75   
81   83   84   86   88   89   93   95   99   104   105   107   
108   109   114   116   117   118   120   122   124   126   
127   129   130   134   136   138   139   140   142   145   
146   148   154   156   160   161   162   163   164   165   
167   168   169   171   172   176   178   179   182   184   
187   188   189   192   194   195   198   199   201   202   
203   204   206   209   211   212   213   215   216   222   
224   228   229   230   232   235   236   237   238   240   
242   243   244   247   248   251   255   256   257   258   
259   261   262   263   265   267   268   269   270   271   
272   274   276   277   278   279   284   287   288   289   
291   295   297   299   300   304   306   307   310   311   
312   316   317   318   319   320   322   325   327   331   
332   333   334   337   338   339   341   344   345   346   
348   356   357   358   362   363   365   368   369   372   
373   376   377   378   381   383   385   386   388   389   
390   391   392   393   395   396   397   398   399         
------------------------------------------------------------

path                             ../input/prob_4/400/00400_1
Initial graph size after preprocessing:                  202
Size:                                                    208
Found at depth:                                           20
Elapsed time:                                     0.236397 s
Number of leaves:                                          3
Maximum depth reached:                                    20
Idle time:                  0.099100              41.920827%
Pool idle time:            0.0430057                18.1921%
Successful requests:                                       7
!----------------------------------------------------------!



!-------------------------run # 1 -------------------------!
!-------------------------run # 1 -------------------------!
VC = 169     process -1, thread 1, Mon Mar 22 14:44:54 2021
VC = 167     process -1, thread 2, Mon Mar 22 14:44:54 2021
VC = 166     process -1, thread 4, Mon Mar 22 14:44:54 2021
VC = 175    process -1, thread -1, Mon Mar 22 14:44:54 2021
VC = 172     process -1, thread 0, Mon Mar 22 14:44:54 2021
VC = 171     process -1, thread 0, Mon Mar 22 14:44:54 2021
VC = 166     process -1, thread 2, Mon Mar 22 14:44:54 2021
!-------------------Minimum vertex cover-------------------!
1   2   5   7   11   13   14   15   16   18   19   22   23   
24   25   26   28   33   37   39   42   47   48   52   54   
56   57   58   60   63   64   65   66   67   70   74   75   
81   83   84   86   88   89   93   95   99   104   105   107   
108   109   114   116   117   118   120   122   124   126   
127   129   130   134   136   138   139   140   142   145   
146   148   154   156   160   161   162   163   164   165   
167   168   169   171   172   176   178   179   182   184   
187   188   189   192   194   195   198   199   201   202   
203   204   206   209   211   212   213   215   216   222   
224   228   229   230   232   235   236   237   238   240   
242   243   244   247   248   251   255   256   257   258   
259   261   262   263   265   267   268   269   270   271   
272   274   276   277   278   279   284   287   288   289   
291   295   297   299   300   304   306   307   310   311   
312   316   317   318   319   320   322   325   327   331   
332   333   334   337   338   339   341   344   345   346   
348   356   357   358   362   363   365   368   369   372   
373   376   377   378   381   383   385   386   388   389   
390   391   392   393   395   396   397   398   399         
------------------------------------------------------------

path                             ../input/prob_4/400/00400_1
Initial graph size after preprocessing:                  202
Size:                                                    208
Found at depth:                                           20
Elapsed time:                                     0.115322 s
Number of leaves:                                          3
Maximum depth reached:                                    20
Idle time:                  0.000000               0.000000%
Pool idle time:           0.00588287                5.10126%
Successful requests:                                      47
!----------------------------------------------------------!



!-------------------Minimum vertex cover-------------------!
1   2   5   7   11   13   14   15   16   18   19   22   23   
24   25   26   28   33   37   39   42   47   48   52   54   
56   57   58   60   63   64   65   66   67   70   74   75   
81   83   84   86   88   89   93   95   99   104   105   107   
108   109   114   116   117   118   120   122   124   126   
127   129   130   134   136   138   139   140   142   145   
146   148   154   156   160   161   162   163   164   165   
167   168   169   171   172   176   178   179   182   184   
187   188   189   192   194   195   198   199   201   202   
203   204   206   209   211   212   213   215   216   222   
224   228   229   230   232   235   236   237   238   240   
242   243   244   247   248   251   255   256   257   258   
259   261   262   263   265   267   268   269   270   271   
272   274   276   277   278   279   284   287   288   289   
291   295   297   299   300   304   306   307   310   311   
312   316   317   318   319   320   322   325   327   331   
332   333   334   337   338   339   341   344   345   346   
348   356   357   358   362   363   365   368   369   372   
373   376   377   378   381   383   385   386   388   389   
390   391   392   393   395   396   397   398   399         
------------------------------------------------------------

path                             ../input/prob_4/400/00400_1
Initial graph size after preprocessing:                  202
Size:                                                    208
Found at depth:                                           20
Elapsed time:                                     0.266114 s
Number of leaves:                                          4
Maximum depth reached:                                    20
Idle time:                  0.080174              30.127650%
Pool idle time:            0.0409569                15.3907%
Successful requests:                                       8
!----------------------------------------------------------!



!-------------------------run # 1 -------------------------!
!-------------------------run # 1 -------------------------!
VC = 173    process -1, thread -1, Mon Mar 22 14:47:16 2021
VC = 172     process -1, thread 1, Mon Mar 22 14:47:16 2021
VC = 166     process -1, thread 3, Mon Mar 22 14:47:16 2021
VC = 166     process -1, thread 3, Mon Mar 22 14:47:16 2021
!-------------------Minimum vertex cover-------------------!
1   2   5   7   11   13   14   15   16   18   19   22   23   
24   25   26   28   33   37   39   42   47   48   52   54   
56   57   58   60   63   64   65   66   67   70   74   75   
81   83   84   86   88   89   93   95   99   104   105   107   
108   109   114   116   117   118   120   122   124   126   
127   129   130   134   136   138   139   140   142   145   
146   148   154   156   160   161   162   163   164   165   
167   168   169   171   172   176   178   179   182   184   
187   188   189   192   194   195   198   199   201   202   
203   204   206   209   211   212   213   215   216   222   
224   228   229   230   232   235   236   237   238   240   
242   243   244   247   248   251   255   256   257   258   
259   261   262   263   265   267   268   269   270   271   
272   274   276   277   278   279   284   287   288   289   
291   295   297   299   300   304   306   307   310   311   
312   316   317   318   319   320   322   325   327   331   
332   333   334   337   338   339   341   344   345   346   
348   356   357   358   362   363   365   368   369   372   
373   376   377   378   381   383   385   386   388   389   
390   391   392   393   395   396   397   398   399         
------------------------------------------------------------

path                             ../input/prob_4/400/00400_1
Initial graph size after preprocessing:                  202
Size:                                                    208
Found at depth:                                           20
Elapsed time:                                      0.09821 s
Number of leaves:                                          2
Maximum depth reached:                                    20
Idle time:                  0.000000               0.000000%
Pool idle time:           0.00593515                6.04333%
Successful requests:                                      55
!----------------------------------------------------------!



!-------------------Minimum vertex cover-------------------!
1   2   5   7   11   13   14   15   16   18   19   22   23   
24   25   26   28   33   37   39   42   47   48   52   54   
56   57   58   60   63   64   65   66   67   70   74   75   
81   83   84   86   88   89   93   95   99   104   105   107   
108   109   114   116   117   118   120   122   124   126   
127   129   130   134   136   138   139   140   142   145   
146   148   154   156   160   161   162   163   164   165   
167   168   169   171   172   176   178   179   182   184   
187   188   189   192   194   195   198   199   201   202   
203   204   206   209   211   212   213   215   216   222   
224   228   229   230   232   235   236   237   238   240   
242   243   244   247   248   251   255   256   257   258   
259   261   262   263   265   267   268   269   270   271   
272   274   276   277   278   279   284   287   288   289   
291   295   297   299   300   304   306   307   310   311   
312   316   317   318   319   320   322   325   327   331   
332   333   334   337   338   339   341   344   345   346   
348   356   357   358   362   363   365   368   369   372   
373   376   377   378   381   383   385   386   388   389   
390   391   392   393   395   396   397   398   399         
------------------------------------------------------------

path                             ../input/prob_4/400/00400_1
Initial graph size after preprocessing:                  202
Size:                                                    208
Found at depth:                                           20
Elapsed time:                                     0.209582 s
Number of leaves:                                          2
Maximum depth reached:                                    20
Idle time:                  0.108236              51.644013%
Pool idle time:           0.00190384               0.908401%
Successful requests:                                       7
!----------------------------------------------------------!



